184.64,183.42,182.81,178.38,172.58,165.56,160.22,151.22,143.28,133.67,124.82,116.89,110.93,103.92,95.676,84.994,74.923,63.631,53.713,42.573,35.707,28.535,25.636,24.11,22.736,19.532,14.954,11.75,10.224,5.3407,-0.61037,-8.6978,-16.785,-26.551,-33.57,-40.59,-44.099,-48.219,-53.407,-58.138,-63.021,-66.378,-68.819,-73.397,-78.127,-84.841,-90.182,-95.676,-99.796,-104.68,-108.95,-113.83,-119.48,-124.52,-130.62,-138.1,-142.98,-148.01,-151.68,-156.87,-161.29,-167.39,-174.11,-179.6,-185.09,-191.96,-199.13,-207.83,-215,-223.7,-230.57,-238.2,-244.76,-250.71,-256.2,-261.39,-266.73,-270.85,-275.58,-278.79,-280.77,-282.45,-283.36,-284.74,-284.28,-284.59,-285.2,-285.35,-285.65,-284.59,-283.82,-282.91,-281.84,-280.62,-278.94,-277.72,-274.97,-272.99,-270.09,-266.58,-262.76,-259.1,-256.51,-253.46,-250.4,-248.12,-245.06,-242.47,-239.72,-239.11,-238.35,-236.52,-234.38,-230.11,-224.77,-219.43,-215.31,-212.87,-210.43,-208.59,-205.54,-204.02,-202.64,-201.57,-200.51,-198.83,-197,-196.69,-197.3,-196.84,-194.25,-193.49,-192.57,-193.33,-194.56,-195.32,-196.84,-198.52,-200.81,-203.1,-204.17,-205.08,-205.54,-206.31,-206.76,-207.68,-208.14,-207.37,-206.31,-205.54,-204.93,-203.71,-201.12,-199.13,-196.54,-196.08,-194.56,-193.79,-191.5,-190.28,-187.54,-184.64,-182.2,-178.23,-175.18,-172.28,-168.92,-166.78,-164.65,-164.49,-163.12,-162.36,-162.97,-163.12,-162.36,-160.99,-159.15,-158.7,-157.93,-158.09,-155.64,-155.03,-154.88,-154.12,-152.59,-150.76,-149.08,-148.78,-147.56,-145.88,-142.83,-141,-138.1,-136.11,-133.37,-129.55,-125.58,-122.99,-121.01,-118.87,-117.04,-115.97,-114.29,-114.14,-112.16,-110.32,-108.65,-108.19,-109.56,-110.93,-112,-113.07,-113.68,-114.44,-114.44,-115.97,-116.58,-117.34,-117.95,-119.33,-119.48,-119.02,-118.87,-117.34,-115.21,-113.38,-109.41,-106.51,-102.85,-101.47,-98.727,-96.744,-94.913,-92.318,-90.182,-88.961,-86.52,-83.621,-81.637,-82.247,-82.553,-84.536,-83.773,-84.384,-85.757,-86.215,-87.588,-86.215,-84.384,-82.553,-79.043,-76.907,-74.465,-72.787,-69.43,-66.225,-61.19,-56.307,-51.271,-45.473,-40.437,-38.301,-36.164,-34.791,-31.739,-27.314,-20.905,-16.022,-10.681,-5.6459,-0.91556,3.5096,6.8667,8.24,10.834,11.444,11.597,11.902,15.412,20.447,25.636,29.45,31.587,33.418,36.164,37.233,38.606,39.674,41.658,42.421,45.625,47.456,49.745,52.644,58.443,64.699,71.413,77.67,84.536,91.556,100.86,106.36,113.68,120.85,127.72,130.77,135.96,145.27,156.25,166.02,175.33,182.35,186.32,186.47,188.45,189.06,191.81,196.08,202.19,205.54,209.51,211.34,214.39,213.78,214.24,212.1,212.87,214.24,215.46,216.53,217.29,217.29,217.9,215,210.73,204.78,202.34,199.59,196.08,188.45,181.13,173.8,169.23,164.65,160.99,159.92,163.27,166.33,169.84,168.92,171.06,172.12,174.72,177.77,178.08,176.4,176.24,176.85,179.45,180.06,175.02,168.46,166.17,163.88,164.04,168.46,178.38,186.32,189.83,187.54,181.74,174.11,168.16,160.07,155.03,149.54,147.56,145.57,142.52,137.64,134.13,132.15,129.7,127.26,127.11,126.5,128.48,131.69,134.89,138.1,146.34,151.68,155.49,158.7,163.12,170.29,179.75,188.6,197.91,201.88,204.17,203.1,205.08,210.12,219.73,226.6,230.26,233.62,237.28,239.88,243.23,244.15,246.74,247.66,249.18,248.88,245.83,245.22,249.34,251.01,251.17,250.1,247.05,241.1,233.62,225.99,221.72,217.29,215,214.09,214.7,215.46,217.75,220.19,220.95,220.95,221.11,218.05,217.9,220.19,226.14,227.67,224.01,222.33,221.72,220.8,222.63,224.92,224.92,219.12,211.49,200.96,190.28,175.48,162.66,150.76,141.76,133.37,123.45,113.07,104.22,91.708,82.095,73.092,67.293,60.579,57.985,54.018,51.881,51.576,52.644,51.729,51.118,50.356,48.524,46.999,49.593,50.05,48.83,45.625,43.489,40.59,36.775,30.976,25.941,19.684,12.055,3.9674,-4.12,-15.259,-22.889,-32.35,-40.742,-52.034,-61.19,-69.735,-76.754,-85.299,-93.997,-103.15,-108.19,-111.24,-111.7,-114.9,-117.95,-122.23,-125.89,-126.65,-128.18,-131.38,-134.43,-137.18,-140.08,-145.73,-150.3,-156.87,-161.9,-170.14,-180.21,-192.42,-202.95,-212.71,-221.72,-228.13,-233.16,-236.37,-239.57,-244.91,-249.95,-254.37,-257.12,-261.7,-264.14,-265.66,-265.05,-262.76,-260.48,-257.42,-251.93,-246.89,-240.94,-234.69,-226.6,-219.12,-210.12,-202.19,-192.88,-183.42,-173.5,-164.8,-154.27,-142.06,-128.18,-115.05,-102.39,-92.624,-83.621,-74.313,-63.631,-52.187,-39.369,-27.772,-15.717,-3.357,11.292,24.262,38.148,47.761,59.969,71.413,83.468,96.286,111.09,122.68,134.13,143.89,152.44,160.07,168.46,174.11,178.08,178.23,178.23,177.77,180.21,184.79,191.35,195.01,197.45,193.95,191.2,187.23,184.94,183.57,188.6,194.25,197.15,198.52,202.34,206,209.81,212.56,217.29,221.11,223.24,224.62,226.6,229.35,231.18,230.72,229.65,226.14,221.26,213.63,209.05,201.27,193.79,188.3,182.65,176.24,169.68,161.75,154.12,144.35,138.71,131.84,124.52,117.8,110.63,104.37,99.643,94.455,89.572,80.264,70.956,58.443,46.541,34.639,23.041,12.207,2.5941,-6.2563,-13.428,-23.957,-31.129,-39.979,-46.388,-53.56,-58.29,-65.157,-72.024,-78.585,-84.536,-91.25,-97.659,-105.75,-112.61,-119.33,-125.74,-132.91,-136.72,-141,-146.03,-149.39,-150.91,-152.13,-153.51,-156.41,-158.85,-160.07,-157.63,-158.24,-157.63,-155.95,-154.12,-153.36,-153.36,-154.12,-153.97,-154.42,-154.42,-155.34,-152.59,-151.37,-149.85,-147.4,-142.83,-138.71,-133.67,-130.16,-125.28,-123.14,-118.56,-117.34,-114.75,-112,-108.8,-105.14,-101.63,-101.78,-100.41,-98.117,-93.081,-89.724,-84.384,-81.179,-77.822,-76.601,-74.465,-74.923,-75.533,-76.449,-73.55,-70.345,-66.073,-62.868,-59.358,-57.68,-55.544,-54.628,-53.102,-52.797,-50.05,-47.761,-43.336,-39.827,-36.317,-34.639,-30.824,-27.161,-23.347,-21.821,-21.21,-22.126,-21.516,-21.516,-18.006,-15.717,-12.36,-11.902,-10.224,-7.3244,-4.2726,-4.883,-6.2563,-9.7659,-10.376,-10.376,-8.24,-10.071,-11.444,-13.276,-10.376,-5.7985,0.30519,5.3407,9.4607,10.681,12.055,12.055,15.564,15.259,15.412,12.818,11.292,9.7659,8.0874,6.8667,7.1718,9.1556,13.733,14.954,17.243,20.142,24.72,27.467,28.687,27.314,26.551,27.009,30.671,33.57,36.927,37.233,40.59,42.116,44.71,45.015,43.641,41.353,41.963,39.674,40.437,40.59,42.573,42.268,44.557,46.083,47.609,46.693,48.982,52.187,54.323,53.56,54.323,50.661,50.356,48.372,45.473,40.895,38.301,34.791,29.603,23.499,20.6,17.548,18.464,18.159,17.701,13.886,13.733,11.902,8.6978,3.357,0.30519,-1.2207,1.6785,4.7304,8.3926,10.224,14.039,15.107,16.785,15.564,16.175,17.09,21.21,24.72,27.924,28.84,30.366,28.687,27.924,25.788,27.772,27.772,28.077,28.23,29.756,31.587,32.807,32.655,34.486,38.301,43.947,47.151,52.187,58.596,66.378,70.04,74.007,76.907,81.79,86.825,92.624,95.828,101.02,101.47,103.31,101.63,102.54,99.338,96.133,89.877,82.858,77.975,76.296,75.686,78.89,80.416,80.264,77.059,77.059,75.381,75.838,72.634,69.582,65.462,63.173,61.495,61.647,60.427,60.427,56.459,54.933,54.628,54.781,54.781,54.628,52.339,48.372,42.726,38.911,34.486,32.96,32.655,32.96,30.976,32.35,33.265,35.401,37.69,41.81,46.083,50.966,54.628,57.222,57.68,59.053,60.121,63.173,63.936,66.378,64.547,62.41,58.901,54.933,51.729,49.287,46.541,47.456,47.304,45.93,43.641,43.794,44.099,44.557,43.641,43.336,41.2,38.911,36.622,36.317,36.47,36.622,37.69,41.963,41.047,37.385,31.129,27.924,25.33,24.415,23.041,22.889,21.668,16.48,9.003,0.91556,-7.477,-12.513,-17.853,-21.058,-23.652,-24.262,-27.924,-31.434,-36.927,-42.268,-45.93,-48.372,-50.05,-52.187,-53.713,-53.713,-55.696,-56.154,-58.138,-59.206,-60.427,-61.647,-62.563,-64.241,-66.53,-66.225,-66.225,-64.547,-63.326,-59.206,-53.865,-47.761,-43.031,-38.453,-34.028,-29.45,-25.483,-22.279,-20.905,-20.905,-22.889,-24.262,-26.399,-28.077,-30.976,-32.655,-36.012,-39.979,-45.32,-49.898,-52.644,-52.644,-53.865,-54.476,-53.865,-51.576,-49.287,-46.236,-43.184,-38.759,-34.333,-29.603,-23.957,-19.379,-14.649,-10.071,-5.9511,-2.1363,-1.5259,0.15259,1.6785,5.1881,8.8504,12.818,15.87,18.159,19.99,21.058,21.363,20.6,19.074,17.701,14.191,15.87,17.243,18.616,20.295,25.33,28.84,31.129,32.35,33.57,34.333,35.554,38.301,43.489,46.083,50.813,52.339,54.781,53.56,53.102,53.255,54.476,56.154,59.206,61.037,63.326,64.241,66.378,68.361,72.329,74.77,77.67,77.975,77.67,77.822,78.585,79.348,79.501,79.196,80.416,79.348,79.958,80.874,81.79,81.332,80.111,77.67,73.855,69.887,66.378,63.784,63.173,63.173,65.92,68.361,74.007,78.89,84.689,86.062,88.198,90.64,93.844,96.133,98.88,101.17,104.53,105.44,106.81,106.2,106.97,106.05,104.53,103.31,102.85,102.54,102.69,100.25,98.727,96.286,96.286,94.76,97.659,98.575,99.796,98.727,98.422,95.676,92.318,86.978,81.637,77.364,74.313,70.803,69.735,67.751,67.598,65.004,62.105,58.748,56.612,54.781,51.271,46.693,42.573,39.979,39.674,39.216,40.895,39.521,40.742,40.895,43.184,45.167,48.83,51.729,53.713,54.781,57.833,60.579,64.699,67.446,72.481,75.686,79.043,79.348,78.89,77.975,77.212,75.381,74.465,72.939,73.092,73.092,74.618,73.55,74.007,71.261,69.887,68.514,68.514,68.972,69.43,69.43,70.65,70.498,70.956,70.803,72.176,70.345,68.667,66.53,65.767,65.462,65.767,66.836,68.819,70.65,72.939,74.16,75.991,77.67,81.179,82.4,84.078,87.283,90.487,93.387,96.744,99.033,100.56,102.08,105.44,108.49,113.07,116.58,121.16,125.13,129.09,131.53,133.82,136.57,140.54,143.74,148.01,149.69,151.98,152.29,154.42,156.71,159.15,160.83,161.14,160.22,160.68,162.21,164.04,162.21,160.07,155.49,152.29,150.46,149.39,148.17,147.71,146.49,145.57,144.66,146.18,145.73,146.49,145.42,144.81,141.91,139.16,135.35,131.08,127.72,125.43,122.84,120.85,117.34,115.67,113.07,111.09,108.34,105.59,101.47,97.201,92.929,88.809,83.773,78.585,71.566,66.683,60.427,55.391,48.372,42.573,36.317,28.84,21.516,12.818,4.883,-2.1363,-11.444,-19.227,-27.772,-35.554,-44.557,-53.102,-62.716,-73.092,-83.773,-93.692,-103.92,-113.22,-123.6,-131.38,-141,-150.3,-160.53,-169.68,-179.45,-190.74,-203.71,-216.38,-229.65,-240.94,-253.3,-264.75,-276.8,-288.25,-301.07,-313.43,-326.85,-339.82,-352.64,-365.31,-378.12,-388.2,-398.72,-408.03,-418.41,-427.72,-438.4,-449.08,-460.37,-472.73,-485.7,-499.74,-514.24,-525.38,-535.91,-544.15,-553.15,-561.85,-570.7,-580.77,-591.75,-604.88,-619.07,-633.26,-648.37,-663.93,-680.72,-696.28,-712.15,-727.71,-745.72,-764.49,-784.78,-806.6,-830.87,-852.53,-860.77,-859.55,-850.25,-823.85,-788.14,-745.72,-704.21,-671.71,-642.87,-614.18,-592.82,-580.61,-573.44,-572.68,-578.94,-582.14,-584.58,-585.65,-587.48,-591.6,-598.47,-608.23,-618.3,-627.92,-635.85,-634.78,-623.04,-601.52,-581.84,-567.03,-559.1,-562.46,-573.75,-591.3,-610.83,-626.7,-638.6,-646.53,-650.65,-651.42,-653.1,-657.37,-666.68,-679.8,-691.24,-699.48,-708.79,-717.03,-721,-722.22,-725.88,-730.16,-733.97,-737.02,-743.13,-748.77,-753.65,-754.88,-752.59,-749.53,-747.7,-744.5,-742.06,-737.17,-730,-719.93,-709.25,-699.48,-690.48,-679.65,-667.29,-652.79,-638.75,-625.32,-612.81,-601.06,-591.91,-583.51,-576.04,-563.98,-549.03,-533.77,-514.39,-488.75,-461.44,-436.87,-416.58,-399.95,-388.04,-373.09,-354.01,-325.63,-287.33,-240.94,-188.76,-140.54,-104.22,-79.196,-64.241,-60.579,-62.105,-50.508,-24.873,10.529,48.524,83.926,112.16,124.06,136.42,181.89,235.76,292.37,357.52,418.1,459.91,489.82,501.42,500.81,509.51,525.53,538.04,551.32,574.82,605.18,622.73,624.41,610.07,582.75,552.23,528.43,515.3,511.8,513.93,517.29,514.24,509.2,499.59,491.2,480.06,465.25,449.08,433.36,414.14,387.74,352.79,316.93,282.3,255.44,241.4,241.71,247.66,254.68,252.69,231.94,195.17,153.51,122.38,118.11,140.39,183.26,223.7,244.3,240.64,218.67,184.94,147.1,109.87,74.16,56.001,68.972,95.828,126.8,153.97,174.57,179.6,163.12,137.94,118.87,115.36,121.92,133.82,148.78,157.78,155.8,149.54,140.69,122.84,104.37,90.945,83.163,80.264,82.705,87.588,90.945,81.484,59.358,28.535,-1.0681,-27.772,-43.794,-50.356,-54.933,-62.105,-71.718,-83.773,-95.218,-107.43,-116.89,-123.91,-126.35,-130.62,-130.16,-123.45,-113.07,-103.46,-96.133,-91.403,-89.267,-89.877,-91.556,-93.997,-90.182,-79.501,-63.326,-48.982,-38.759,-30.976,-25.483,-18.921,-10.376,-5.3407,-9.1556,-23.347,-32.502,-33.723,-26.856,-12.36,2.4415,17.396,25.941,26.856,25.636,18.006,3.0519,-9.7659,-18.006,-27.772,-33.418,-38.911,-42.879,-45.93,-50.356,-56.917,-65.615,-76.144,-89.877,-109.87,-132.45,-153.81,-160.37,-157.17,-154.58,-158.85,-169.68,-183.42,-199.59,-218.21,-236.21,-253.61,-265.82,-273.45,-277.72,-282.91,-288.4,-296.49,-306.56,-316.63,-324.26,-330.36,-337.08,-346.84,-356.46,-365.15,-367.44,-365,-360.27,-355.54,-351.27,-350.2,-351.88,-355.54,-362.1,-370.04,-375.84,-382.85,-387.74,-390.94,-393.23,-393.38,-390.03,-383.62,-374.46,-367.9,-364.85,-362.56,-360.12,-361.03,-360.12,-358.75,-357.07,-355.08,-353.86,-353.56,-353.86,-352.34,-348.37,-343.49,-337.38,-332.04,-326.55,-322.89,-319.53,-314.95,-310.83,-305.8,-301.22,-296.03,-291.76,-287.03,-281.84,-276.19,-268.56,-263.83,-260.78,-256.97,-251.17,-244.76,-238.81,-230.57,-224.01,-216.53,-208.44,-201.73,-194.4,-187.99,-181.59,-174.72,-168.46,-162.05,-155.49,-149.08,-143.59,-137.79,-129.09,-120.7,-111.24,-101.47,-90.64,-78.89,-67.598,-55.696,-43.641,-32.502,-20.905,-10.224,1.2207,11.902,22.431,32.044,42.116,52.797,64.394,76.449,88.809,100.86,113.22,125.28,137.03,148.32,160.22,169.84,179.45,188.45,197.76,206.76,214.7,224.01,233.31,241.71,251.78,259.71,267.49,274.51,283.67,290.84,298.01,305.03,312.51,319.83,326.55,332.5,339.82,345.62,351.42,355.85,361.8,366.07,370.95,374.92,377.82,381.94,386.06,388.96,393.38,397.35,403,406.96,411.24,413.83,418.26,421.92,426.19,430.01,433.82,438.09,443.28,445.88,449.54,452.74,457.17,460.07,464.64,469.53,473.8,477.31,480.97,483.26,488.14,491.5,496.08,500.05,506.15,511.49,517.29,521.56,528.12,533.46,539.11,543.69,550.1,553.45,559.25,562.91,568.25,571.76,575.88,579.7,582.9,586.57,589.77,592.52,596.64,599.23,601.52,601.21,603.2,603.96,605.94,605.94,605.49,605.03,606.1,606.71,607.62,607.01,606.86,605.64,605.03,603.5,602.44,599.99,598.93,598.77,598.16,596.48,595.11,592.82,592.36,589.62,587.18,583.51,582.29,581.99,581.84,580.77,579.7,577.72,576.04,573.29,572.37,570.39,569.63,567.34,565.97,562.91,557.88,551.77,544.91,540.48,538.04,534.99,533.16,530.72,528.43,523.7,521.56,519.27,516.68,513.32,509.81,504.93,499.89,494.09,490.28,486.01,483.57,480.06,477.31,474.11,471.66,469.99,469.37,470.6,475.02,476.7,479.45,483.26,487.08,488.45,490.43,491.96,492.87,494.55,495.93,497.6,500.5,501.88,506,510.12,516.68,520.19,525.07,529.8,534.53,538.96,541.09,542.31,543.23,544.45,548.88,549.49,550.25,549.03,546.13,542.77,538.96,533.46,527.21,522.63,520.19,516.22,511.03,503.1,495.93,489.06,483.57,477.61,471.36,466.02,460.52,453.2,446.33,438.25,432.75,426.65,422.53,419.48,416.12,411.24,404.68,396.59,390.94,385.45,381.63,377.67,375.68,372.02,368.05,365.61,364.54,360.88,356,352.95,350.51,349.28,350.51,350.05,350.66,348.67,347.76,345.47,344.55,345.32,347.76,350.2,351.57,352.95,354.32,354.63,356.61,357.52,361.19,362.56,364.24,365.31,366.68,367.75,368.51,369.43,370.49,369.58,368.21,365.61,363.48,358.44,353.1,346.39,342.57,339.98,337.99,334.79,331.43,329.6,328.23,325.02,322.58,320.6,319.38,317.24,316.32,314.8,309.92,304.73,299.08,292.83,286.72,280.62,274.51,267.04,262,254.98,245.67,235.3,224.16,215.46,208.44,201.57,193.79,185.25,178.53,170.45,165.26,159.15,154.58,147.71,140.39,132.45,124.82,117.5,109.87,103.31,97.812,90.335,85.147,79.806,76.449,73.855,71.718,66.836,61.342,55.086,46.999,39.521,35.707,32.044,28.535,23.804,21.058,16.175,11.139,7.1718,3.6622,-1.5259,-6.8667,-12.36,-18.616,-27.924,-37.08,-46.541,-54.781,-62.41,-68.514,-73.397,-78.28,-85.604,-93.387,-100.56,-107.27,-114.44,-119.94,-127.26,-133.21,-139.01,-142.06,-145.73,-149.24,-151.98,-155.19,-158.54,-161.44,-163.12,-163.73,-165.87,-167.85,-170.29,-173.19,-179.14,-183.57,-187.38,-189.06,-188.15,-185.71,-185.4,-184.64,-186.62,-188.15,-191.96,-194.4,-197.45,-195.93,-193.33,-192.57,-191.96,-191.81,-191.2,-188.15,-187.99,-185.25,-180.67,-175.94,-175.94,-177.47,-180.21,-181.43,-183.26,-184.64,-184.94,-182.5,-181.74,-179.91,-181.43,-181.13,-182.65,-181.43,-180.36,-179.45,-176.4,-171.51,-166.17,-157.17,-149.39,-140.23,-133.21,-129.25,-133.21,-137.49,-139.47,-139.01,-137.49,-134.13,-131.08,-129.25,-127.57,-122.99,-123.75,-130.01,-138.4,-142.22,-146.18,-147.56,-149.08,-149.69,-148.93,-146.34,-141.76,-134.43,-129.7,-128.18,-127.57,-127.41,-128.03,-128.48,-131.23,-134.89,-133.37,-128.18,-119.02,-108.65,-99.948,-91.098,-88.656,-87.13,-85.604,-81.79,-76.296,-70.193,-65.767,-64.241,-64.089,-61.647,-58.138,-53.102,-51.576,-51.576,-55.696,-59.511,-63.936,-65.004,-66.683,-65.767,-66.683,-67.446,-68.209,-68.972,-72.176,-72.787,-76.144,-79.958,-85.604,-88.809,-93.692,-98.88,-102.54,-102.24,-101.32,-100.86,-102.08,-104.22,-106.36,-105.44,-108.49,-110.78,-112.92,-111.55,-110.48,-109.56,-108.65,-106.2,-105.75,-105.44,-111.39,-118.56,-127.41,-132.3,-136.88,-140.69,-147.56,-153.51,-158.7,-160.22,-162.05,-163.88,-168.46,-172.89,-179.75,-184.03,-187.84,-191.35,-194.1,-196.23,-198.83,-202.34,-205.69,-206.92,-209.51,-209.81,-210.58,-209.66,-209.05,-206.92,-206.61,-209.2,-211.8,-213.17,-214.24,-213.78,-213.63,-212.56,-213.93,-213.17,-214.55,-215.46,-216.53,-217.9,-218.21,-215.77,-213.48,-209.05,-206.31,-203.1,-202.49,-202.64,-204.32,-202.19,-199.29,-195.93,-191.5,-185.71,-178.99,-171.67,-165.41,-157.63,-151.07,-145.88,-144.81,-145.88,-148.47,-152.29,-155.34,-156.41,-157.02,-155.95,-155.8,-155.03,-153.51,-146.95,-140.69,-133.06,-126.96,-120.4,-114.9,-110.32,-108.34,-104.68,-103,-99.49,-99.796,-97.049,-96.133,-94.913,-95.065,-95.523,-95.828,-95.065,-92.776,-87.588,-84.994,-81.027,-79.501,-75.228,-70.65,-65.615,-60.884,-55.086,-51.424,-48.372,-46.846,-44.252,-43.794,-40.437,-39.369,-36.164,-32.96,-30.671,-28.382,-24.567,-22.431,-18.311,-15.717,-13.276,-12.665,-11.597,-10.987,-9.6133,-8.5452,-5.6459,-1.2207,4.4252,9.1556,14.649,18.464,21.516,25.788,31.892,38.301,45.778,50.203,54.476,56.764,59.969,60.427,60.732,60.274,60.121,61.647,64.241,66.53,70.65,74.16,76.754,75.228,73.702,71.718,67.904,64.699,63.021,61.342,62.716,62.41,61.8,59.511,56.764,52.644,48.219,43.794,39.216,35.249,33.723,30.366,27.924,24.873,23.652,21.973,23.194,26.093,29.298,29.908,30.366,30.213,30.519,31.892,36.927,42.268,47.151,50.508,57.222,63.478,68.209,70.04,69.277,65.767,61.342,55.849,54.018,52.492,51.118,46.846,43.031,38.759,35.707,33.113,30.366,26.856,23.804,19.684,16.633,12.818,11.292,7.3244,5.3407,3.8148,4.5778,5.6459,6.5615,8.24,10.224,12.207,13.886,14.039,14.344,10.681,9.3081,5.9511,4.883,4.2726,7.477,10.681,14.191,16.785,17.548,17.853,18.006,17.243,19.379,20.753,22.889,21.668,20.6,19.99,19.227,17.548,16.175,14.496,11.75,8.5452,6.5615,2.4415,0.30519,-4.2726,-6.8667,-8.8504,-9.003,-10.224,-12.36,-15.412,-16.175,-15.564,-14.649,-16.022,-15.259,-15.259,-14.801,-16.633,-17.548,-18.616,-18.464,-18.921,-18.464,-19.074,-21.21,-25.788,-27.161,-28.84,-28.993,-31.587,-32.502,-34.028,-33.57,-31.281,-27.924,-26.704,-27.924,-28.687,-27.924,-28.382,-27.009,-27.772,-28.077,-28.23,-27.619,-27.161,-27.314,-28.382,-30.519,-34.639,-36.927,-40.895,-42.879,-45.32,-46.693,-48.982,-49.898,-52.644,-56.154,-59.816,-59.816,-56.917,-52.95,-51.118,-48.372,-48.067,-47.456,-48.524,-48.524,-49.898,-51.576,-53.56,-54.628,-55.391,-53.56,-53.865,-51.576,-50.966,-49.287,-49.898,-47.761,-46.693,-45.473,-45.625,-45.015,-44.404,-43.336,-43.336,-40.59,-36.622,-31.434,-28.382,-24.11,-21.363,-16.938,-14.344,-11.444,-9.7659,-6.8667,-4.12,-0.45778,1.8311,5.3407,9.1556,15.412,20.142,26.093,31.129,36.47,39.064,42.116,45.473,47.914,48.83,49.898,49.898,53.56,55.849,57.68,56.764,56.764,56.307,55.696,55.544,57.375,60.121,62.563,62.258,63.326,61.953,61.647,60.579,60.121,59.358,59.969,61.495,64.394,66.683,68.514,68.209,69.582,68.819,70.65,71.413,72.787,72.939,73.244,74.313,75.228,75.076,73.855,69.887,66.378,62.105,59.664,59.816,60.732,62.105,62.105,62.716,65.004,65.157,65.767,64.547,64.089,65.615,67.141,66.378,64.089,61.647,61.037,60.427,61.037,60.121,61.037,61.037,60.732,59.511,59.206,57.527,57.527,56.917,56.917,55.391,54.781,54.476,54.933,56.459,58.29,58.748,60.579,61.647,63.631,64.089,65.31,68.361,71.566,72.024,72.176,70.803,71.566,72.481,74.313,75.076,77.364,80.111,81.637,83.316,86.825,90.487,95.065,97.812,101.32,102.24,104.22,105.59,107.73,110.48,114.44,116.43,119.33,122.23,127.57,133.21,138.71,144.66,150.91,157.48,164.8,170.45,176.4,179.91,185.55,191.5,197.15,202.95,207.37,211.8,215.77,217.29,220.04,222.17,224.92,225.68,225.07,224.16,223.24,222.33,222.79,221.87,221.87,221.87,223.4,223.4,224.46,225.68,226.91,227.97,229.8,232.09,234.99,237.59,242.32,244.91,248.27,250.71,252.54,253.91,255.9,257.58,261.09,263.83,267.49,269.17,271.31,272.84,273.6,274.51,275.28,275.12,275.28,275.58,278.18,280.16,285.2,288.71,292.37,295.88,298.93,301.07,302.44,302.13,302.59,299.39,298.32,296.49,294.81,292.83,288.55,283.67,279.7,275.43,272.38,268.26,266.27,261.24,256.66,251.17,246.89,240.79,233.31,225.99,220.5,214.85,209.81,202.95,196.84,190.59,186.16,180.06,173.19,166.94,160.83,152.75,146.79,140.84,138.55,135.81,132.3,128.18,124.97,122.68,119.48,116.58,113.68,108.95,105.14,101.32,99.185,95.37,91.708,88.961,88.198,88.198,89.267,87.893,86.215,83.468,81.637,78.433,76.907,74.618,70.65,66.073,60.121,52.644,45.93,38.911,33.113,28.077,22.584,17.701,12.665,6.1037,-0.30519,-6.2563,-10.376,-15.564,-21.973,-29.908,-34.791,-38.911,-43.641,-49.44,-54.018,-59.358,-64.547,-70.193,-74.77,-81.179,-86.52,-93.692,-97.812,-102.69,-106.97,-110.93,-115.36,-120.55,-126.35,-132.3,-137.94,-142.83,-146.64,-152.44,-157.93,-164.95,-168.77,-171.67,-174.11,-178.08,-183.42,-191.05,-198.37,-206.92,-213.17,-219.58,-222.33,-225.84,-228.43,-230.72,-233.92,-238.04,-241.86,-244.3,-245.22,-247.05,-249.03,-253.3,-255.59,-257.73,-258.03,-259.87,-259.41,-258.34,-257.42,-259.87,-262.61,-265.21,-264.6,-266.43,-266.73,-269.63,-269.78,-271.92,-273.14,-276.04,-278.94,-282.14,-283.36,-286.72,-290.23,-296.33,-301.37,-306.86,-309.31,-311.59,-312.97,-319.07,-324.87,-327.46,-328.23,-325.94,-322.43,-319.38,-313.88,-307.47,-300.45,-296.18,-288.4,-277.72,-260.78,-242.16,-225.99,-212.56,-201.57,-195.01,-190.74,-189.21,-189.21,-195.17,-203.25,-214.39,-222.63,-229.5,-234.99,-240.18,-246.59,-251.78,-256.36,-262.46,-270.55,-280.16,-286.11,-294.2,-299.23,-305.19,-309.15,-312.2,-314.65,-316.78,-316.02,-314.8,-312.51,-309.76,-302.9,-297.86,-290.99,-287.18,-282.6,-278.33,-270.55,-263.83,-257.42,-252.39,-245.22,-238.04,-228.58,-221.72,-214.85,-209.2,-202.34,-197.45,-189.21,-180.97,-171.67,-163.88,-157.17,-151.37,-146.34,-141.91,-135.96,-129.25,-120.24,-113.07,-104.98,-96.286,-87.283,-81.027,-74.923,-69.43,-64.089,-59.664,-56.001,-54.476,-50.508,-47.914,-45.32,-43.794,-41.505,-40.437,-37.843,-35.401,-33.876,-34.791,-36.012,-37.538,-36.775,-38.606,-39.064,-42.421,-41.2,-37.843,-36.164,-34.791,-32.502,-30.213,-27.772,-28.687,-31.892,-37.538,-41.353,-45.93,-50.05,-57.375,-63.173,-69.582,-75.838,-81.179,-85.299,-90.793,-95.065,-98.88,-102.08,-107.12,-109.56,-112.31,-110.93,-111.7,-110.48,-112,-111.55,-113.38,-116.89,-121.62,-124.97,-128.48,-130.92,-130.77,-126.96,-126.35,-127.11,-131.99,-135.35,-140.39,-145.12,-151.98,-157.63,-164.49,-170.45,-176.24,-181.74,-189.06,-193.03,-196.39,-197,-199.13,-199.9,-200.2,-201.12,-203.56,-207.07,-211.04,-212.1,-214.55,-213.93,-212.71,-208.59,-206.46,-204.63,-203.41,-202.19,-202.03,-202.19,-203.41,-204.63,-207.22,-207.22,-206.61,-202.64,-201.12,-197.3,-193.79,-190.13,-188.91,-189.98,-192.11,-192.72,-194.1,-193.03,-193.49,-191.66,-191.5,-190.89,-191.96,-191.5,-190.44,-188.3,-186.62,-185.86,-185.4,-184.64,-183.72,-182.2,-182.65,-181.28,-180.97,-179.3,-177.31,-173.04,-171.06,-169.68,-169.38,-168.16,-168,-166.78,-165.26,-161.9,-157.17,-151.68,-149.54,-147.25,-146.49,-145.27,-144.81,-144.66,-143.74,-142.67,-142.06,-140.39,-139.77,-139.16,-140.08,-137.33,-135.96,-133.67,-129.09,-123.75,-119.17,-114.14,-109.1,-102.69,-98.575,-93.387,-88.046,-81.79,-79.196,-76.144,-75.533,-72.787,-69.735,-65.004,-60.427,-54.628,-50.813,-46.999,-45.473,-40.742,-37.385,-34.944,-34.486,-33.113,-32.502,-32.502,-33.113,-33.113,-32.35,-30.824,-31.281,-30.671,-31.739,-30.366,-31.434,-31.587,-33.418,-34.333,-34.791,-33.876,-32.35,-29.603,-24.72,-18.464,-13.123,-7.477,-7.6296,-6.2563,-7.1718,-7.3244,-9.7659,-11.444,-12.665,-12.055,-11.75,-11.139,-13.428,-13.428,-14.649,-12.665,-10.071,-4.7304,-1.3733,2.7467,5.1881,6.8667,8.0874,10.224,11.444,13.123,12.513,14.801,15.107,16.022,16.022,17.396,16.633,15.412,14.801,16.785,17.09,17.701,16.48,17.853,18.159,20.142,21.821,26.093,28.84,33.418,37.538,42.879,45.778,49.593,52.187,54.933,55.391,57.07,54.17,51.424,48.524,49.593,52.187,55.086,57.985,61.953,65.462,69.582,72.329,77.517,83.01,87.893,89.724,93.081,96.133,98.88,100.71,100.56,99.643,100.1,100.41,101.63,101.93,102.54,101.17,102.08,101.63,102.39,101.93,101.47,102.85,104.68,105.9,107.27,109.26,110.32,110.02,111.55,113.99,117.34,118.11,119.17,120.09,119.63,120.09,121.77,123.14,124.36,124.97,126.5,126.65,129.25,130.47,131.99,131.84,131.99,132.76,133.82,135.81,137.18,139.32,140.39,140.84,142.67,142.83,142.83,139.47,138.86,138.55,138.4,136.72,137.03,137.03,136.72,135.5,136.11,135.65,136.57,136.42,136.11,135.65,136.57,137.94,139.62,141,142.22,141.61,143.13,142.67,143.13,141.45,138.71,134.43,131.84,127.87,127.57,126.8,127.72,127.41,126.96,127.57,131.99,134.74,137.94,138.4,141.3,143.28,146.18,146.95,149.24,151.83,154.73,156.1,157.78,158.24,159.61,158.24,156.25,151.22,149.39,145.88,142.06,137.49,132.91,129.7,128.48,128.18,126.35,122.23,120.09,116.58,117.5,118.56,122.53,125.43,129.86,130.77,129.09,126.8,123.29,118.87,118.87,117.5,116.73,113.83,111.85,105.75,101.47,97.049,94.455,92.776,92.166,92.166,93.539,92.776,93.844,94.913,96.591,95.828,95.981,95.523,95.676,94.302,91.861,88.961,86.673,81.637,77.212,70.956,66.683,62.563,58.443,51.881,46.693,41.047,34.333,27.009,20.753,16.938,14.649,8.5452,4.7304,0.30519,-3.2044,-7.1718,-8.5452,-10.987,-12.665,-14.496,-16.633,-16.48,-15.107,-12.055,-9.1556,-7.6296,-7.0193,-8.24,-7.6296,-7.477,-5.0356,-3.6622,-1.9837,-1.3733,-1.5259,-3.357,-7.0193,-10.987,-12.97,-14.801,-15.564,-17.396,-18.311,-20.905,-21.668,-21.21,-19.074,-14.344,-10.529,-8.5452,-7.477,-7.477,-5.0356,-3.5096,0.61037,2.2889,4.7304,3.357,2.4415,0.76296,-0,-1.8311,-2.8993,-3.0519,-1.2207,-2.1363,-0.76296,-0.30519,0.61037,-0.61037,-0.45778,-3.5096,-5.6459,-5.6459,-4.5778,-2.5941,0.61037,1.2207,2.4415,1.0681,1.0681,0.30519,2.5941,2.8993,3.5096,3.8148,3.8148,2.2889,2.1363,0.61037,-0.15259,-1.3733,1.0681,3.2044,7.477,8.8504,9.9185,9.3081,9.9185,10.529,10.681,7.9348,6.1037,2.5941,1.9837,-0.91556,-2.2889,-6.1037,-10.224,-16.175,-22.431,-28.077,-34.486,-38.606,-41.353,-43.336,-45.015,-46.236,-46.083,-47.151,-47.304,-47.914,-48.372,-49.593,-51.424,-54.476,-59.511,-64.852,-68.209,-72.329,-73.702,-75.228,-75.381,-76.144,-76.144,-78.433,-79.806,-82.858,-84.231,-86.673,-87.436,-91.556,-96.133,-102.08,-105.75,-111.55,-115.05,-122.38,-128.18,-133.21,-137.03,-141.91,-146.03,-152.13,-156.87,-163.73,-169.53,-176.85,-181.74,-184.79,-186.16,-187.84,-189.98,-193.64,-196.39,-199.29,-200.81,-202.8,-203.41,-206.31,-207.53,-209.97,-211.34,-213.32,-213.63,-213.78,-213.17,-212.41,-210.43,-212.1,-211.95,-211.19,-209.2,-209.51,-208.9,-208.29,-207.98,-207.37,-205.54,-204.02,-200.81,-198.68,-195.17,-193.33,-191.2,-191.2,-186.32,-180.97,-177.62,-177.31,-178.99,-182.96,-185.86,-189.83,-190.59,-190.89,-189.37,-188.15,-185.4,-182.81,-179.14,-176.24,-174.41,-174.11,-172.89,-171.21,-169.23,-169.53,-168,-166.17,-162.51,-159,-155.34,-152.13,-149.24,-147.56,-144.96,-141,-136.27,-134.28,-132.76,-133.82,-133.06,-134.28,-135.5,-136.88,-137.94,-136.88,-134.43,-131.69,-132.15,-134.28,-135.04,-137.33,-139.16,-142.22,-143.28,-145.88,-146.79,-146.79,-144.35,-141.3,-138.55,-136.11,-132.76,-131.53,-128.48,-125.43,-122.23,-120.55,-119.33,-119.48,-117.95,-115.67,-112.77,-108.95,-105.14,-104.37,-100.71,-95.828,-90.487,-88.198,-86.215,-83.621,-78.89,-74.465,-70.193,-66.836,-65.31,-66.225,-70.956,-75.533,-77.67,-79.501,-77.975,-77.517,-77.975,-78.89,-78.585,-77.822,-79.196,-83.01,-86.062,-89.267,-91.098,-94.913,-97.507,-100.86,-101.78,-104.07,-105.75,-108.04,-109.41,-109.41,-109.41,-109.71,-110.48,-114.44,-115.97,-116.28,-115.36,-115.05,-114.6,-112.77,-110.93,-106.51,-103.15,-100.86,-98.88,-97.354,-95.981,-94.607,-90.487,-87.13,-83.926,-81.027,-78.127,-73.55,-67.598,-61.8,-56.612,-51.881,-45.625,-39.521,-31.434,-25.636,-18.159,-11.139,-3.8148,-0.45778,1.9837,5.0356,9.3081,13.276,19.99,25.33,31.587,34.791,39.064,41.658,45.32,48.219,50.05,51.271,53.102,56.459,62.41,68.209,73.702,77.975,83.468,86.673,89.877,89.572,89.267,88.504,88.351,87.893,89.114,88.198,89.877,88.809,89.724,89.877,92.624,95.218,99.185,101.32,103.92,106.36,109.41,110.93,111.39,110.48,110.93,107.88,107.88,105.9,105.59,106.36,108.19,108.04,106.51,104.98,104.83,102.54,99.49,93.997,90.487,85.452,83.468,78.433,73.55,68.209,64.547,61.8,61.037,61.495,62.41,62.563,63.936,63.478,64.699,64.241,66.53,71.566,76.296,80.721,84.994,86.673,87.436,87.741,91.708,95.218,99.643,101.78,104.37,104.68,107.27,109.87,112.92,117.5,124.21,130.47,136.27,139.77,145.73,148.17,151.07,151.52,154.88,158.85,163.88,165.87,166.33,165.56,164.04,160.83,156.87,152.13,149.54,144.81,143.13,140.84,141.45,142.67,144.96,148.32,153.36,157.17,162.82,167.09,170.9,170.6,171.67,172.28,175.48,178.23,180.21,181.13,180.21,180.36,180.67,179.75,179.14,178.08,178.38,177.77,177.47,175.94,173.35,169.99,165.41,159.92,154.27,146.03,136.27,129.55,127.11,125.89,127.41,128.79,130.16,128.64,126.96,126.35,123.75,117.95,111.24,105.44,100.25,96.591,93.692,89.572,88.046,84.536,80.569,73.244,66.073,57.68,49.44,40.59,31.739,18.311,7.1718,-1.3733,-3.2044,-6.7141,-8.0874,-12.055,-16.327,-21.058,-25.178,-28.535,-28.382,-27.772,-29.908,-37.538,-44.557,-53.865,-63.021,-72.634,-80.111,-85.604,-87.283,-87.741,-86.978,-86.52,-86.215,-86.673,-86.062,-86.825,-83.773,-81.942,-79.348,-79.958,-79.653,-76.907,-74.007,-76.296,-81.484,-89.877,-95.523,-98.88,-98.727,-99.185,-97.507,-100.71,-101.78,-101.63,-102.39,-104.83,-106.51,-110.78,-112.61,-113.22,-113.07,-115.51,-117.19,-118.72,-116.12,-112.77,-108.19,-103.46,-99.338,-93.844,-86.825,-82.4,-78.585,-77.364,-75.381,-76.296,-76.144,-77.517,-76.449,-75.533,-73.397,-69.43,-65.767,-65.92,-70.498,-76.754,-81.179,-85.91,-88.046,-88.198,-87.436,-90.03,-93.081,-96.744,-100.1,-103.31,-106.97,-111.85,-115.51,-118.11,-118.41,-117.8,-113.99,-109.41,-103.61,-98.727,-93.539,-90.182,-86.673,-83.01,-79.958,-76.449,-72.329,-69.277,-64.852,-60.732,-54.476,-50.966,-45.625,-38.606,-32.655,-27.009,-20.905,-15.564,-12.36,-12.36,-9.9185,-7.0193,0.76296,8.5452,19.227,27.772,38.148,46.846,52.187,55.238,56.307,56.154,57.222,56.917,57.375,57.833,58.901,56.459,53.865,51.424,49.593,50.203,54.323,58.138,59.969,60.274,63.021,64.547,69.582,73.397,80.721,87.741,94.302,97.659,100.86,104.53,107.12,111.24,117.65,123.75,129.25,130.92,133.98,137.03,139.62,142.83,146.18,148.17,151.68,152.9,153.51,150.61,148.01,143.28,142.37,141.3,142.67,141.3,140.23,138.4,138.86,142.06,146.95,149.69,152.44,152.13,152.59,151.83,153.66,154.73,158.24,159.31,159.76,161.29,163.58,164.19,164.04,162.82,161.75,159.15,156.71,152.75,148.47,142.06,137.94,132.15,126.04,118.72,110.63,101.32,96.744,92.471,88.656,82.4,79.653,75.076,72.329,71.108,69.582,65.767,62.258,59.206,56.307,54.781,52.492,48.219,44.862,41.658,39.369,37.996,38.148,38.148,37.233,36.775,36.775,35.096,33.418,30.213,28.077,23.347,21.21,17.853,16.48,14.344,11.444,6.5615,3.5096,0.91556,-1.5259,-7.477,-12.513,-19.684,-23.652,-29.908,-33.265,-39.216,-42.726,-46.541,-48.982,-50.813,-50.508,-51.118,-50.813,-52.797,-53.713,-56.154,-55.086,-57.985,-60.427,-62.868,-64.394,-66.378,-67.293,-70.193,-72.787,-75.838,-76.601,-79.653,-81.332,-83.621,-82.095,-81.484,-76.907,-70.956,-66.073,-63.173,-60.427,-58.748,-56.307,-56.459,-56.154,-59.816,-59.969,-61.495,-60.884,-62.41,-63.021,-64.547,-66.378,-70.498,-74.465,-79.348,-82.247,-86.367,-88.351,-92.318,-95.218,-100.56,-101.93,-101.63,-98.727,-95.523,-90.335,-84.841,-75.838,-66.988,-55.238,-45.473,-35.554,-28.077,-21.21,-13.581,-5.3407,2.2889,8.5452,11.902,15.564,18.464,21.363,23.652,25.941,25.788,26.246,24.262,20.905,14.344,3.9674,-7.6296,-19.532,-31.129,-41.81,-50.356,-55.238,-57.07,-56.307,-56.307,-55.238,-53.102,-50.966,-50.05,-52.95,-56.459,-59.816,-61.953,-62.563,-62.868,-64.241,-68.667,-70.04,-68.667,-65.157,-61.19,-53.865,-45.93,-37.385,-26.704,-17.701,-14.801,-15.259,-16.022,-16.785,-16.938,-15.412,-14.649,-12.97,-11.292,-10.834,-9.9185,-8.5452,-7.7822,-6.7141,-7.1718,-9.7659,-13.886,-15.412,-15.259,-15.87,-18.769,-22.279,-26.246,-29.298,-31.434,-29.45,-27.619,-25.025,-23.957,-20.447,-18.311,-13.428,-9.6133,-4.5778,-3.0519,-1.0681,2.4415,6.8667,9.3081,14.801,18.159,21.668,23.804,24.72,22.279,18.311,15.717,15.107,15.259,15.717,15.412,14.191,10.224,7.7822,3.357,-1.8311,-7.477,-11.444,-15.259,-20.142,-24.567,-28.382,-30.824,-32.044,-34.333,-34.791,-35.401,-34.333,-34.486,-32.197,-30.061,-27.924,-24.262,-18.616,-13.733,-9.9185,-5.7985,0.30519,3.9674,9.9185,14.496,17.701,18.769,20.142,19.837,19.379,19.99,21.516,24.11,26.399,26.856,27.467,26.093,26.551,26.399,25.636,23.652,21.516,17.701,15.412,15.564,16.327,18.006,20.6,21.821,26.246,28.382,30.366,31.129,33.265,33.876,35.249,36.775,40.437,44.862,48.677,52.492,57.375,63.631,70.498,75.076,79.043,82.553,87.588,90.793,92.776,93.387,92.013,90.03,87.283,83.773,80.721,76.907,73.855,68.667,63.784,57.222,50.966,45.32,39.674,32.96,27.772,22.279,20.142,16.938,15.717,11.902,10.376,5.0356,0.91556,-2.4415,-4.4252,-6.4089,-5.9511,-5.0356,-1.0681,3.2044,11.139,18.006,24.567,28.993,36.164,41.963,46.541,50.508,54.018,57.68,60.884,60.884,61.19,61.342,62.868,64.241,65.92,66.225,66.836,66.53,66.988,66.53,64.547,62.105,58.29,53.56,47.761,40.284,34.181,27.314,21.516,14.344,7.3244,-1.2207,-8.5452,-13.733,-18.311,-22.584,-24.873,-27.009,-25.025,-26.399,-26.551,-26.246,-23.957,-24.262,-23.804,-24.873,-25.636,-24.415,-21.058,-19.074,-15.412,-13.428,-12.665,-12.818,-11.444,-10.224,-7.0193,-4.883,-4.4252,-3.9674,-4.7304,-6.8667,-6.8667,-8.3926,-9.7659,-13.733,-15.107,-17.396,-18.464,-19.684,-20.6,-20.142,-18.464,-17.09,-14.344,-14.191,-12.818,-10.834,-5.3407,-0.61037,4.2726,7.9348,13.276,20.295,28.077,34.486,40.437,46.693,54.018,57.985,63.021,64.241,66.225,66.836,70.65,73.702,76.754,78.433,82.553,86.52,89.114,87.588,86.978,84.536,83.01,80.721,78.738,75.838,72.634,72.787,76.144,78.433,81.027,82.858,86.978,88.504,90.487,88.961,86.215,80.569,74.007,65.92,61.8,58.748,57.375,52.034,48.067,44.862,44.862,44.404,45.625,44.099,44.404,45.015,46.693,46.693,46.693,47.609,49.745,49.135,47.304,42.726,41.505,38.606,36.622,34.791,31.587,29.756,26.399,21.363,15.564,9.9185,4.5778,-1.0681,-4.12,-7.477,-9.7659,-12.207,-15.564,-18.616,-20.6,-19.99,-17.548,-16.175,-15.564,-16.327,-15.259,-13.428,-9.7659,-8.6978,-7.7822,-6.1037,-5.6459,-7.477,-9.6133,-12.055,-14.191,-18.006,-18.921,-22.126,-25.025,-29.298,-31.281,-34.791,-35.707,-36.317,-37.538,-39.827,-39.216,-39.979,-41.353,-45.015,-46.541,-52.034,-55.544,-60.884,-66.225,-73.397,-79.348,-86.978,-91.861,-95.676,-100.71,-107.43,-109.41,-113.53,-115.21,-117.65,-116.89,-117.95,-119.94,-121.77,-123.29,-124.36,-123.6,-123.6,-123.75,-122.38,-115.82,-111.09,-105.9,-103.46,-100.86,-98.575,-93.539,-88.656,-82.705,-76.907,-69.887,-64.394,-57.68,-53.407,-47.609,-44.099,-40.742,-38.453,-35.554,-35.249,-36.164,-38.606,-40.59,-43.031,-46.693,-50.05,-52.034,-55.849,-58.901,-64.547,-69.277,-73.702,-78.433,-83.926,-87.893,-91.25,-93.387,-95.523,-96.286,-97.507,-95.981,-96.591,-98.575,-99.643,-102.08,-103.92,-101.93,-99.796,-95.981,-92.929,-88.198,-84.536,-78.89,-75.686,-72.787,-72.024,-71.871,-71.413,-70.803,-70.498,-68.514,-68.972,-67.904,-68.056,-66.073,-65.31,-62.41,-59.664,-59.053,-60.274,-60.732,-61.037,-59.816,-61.19,-59.969,-57.527,-52.644,-49.898,-48.067,-46.541,-44.252,-42.116,-37.69,-34.791,-34.028,-36.164,-38.606,-42.726,-43.184,-43.031,-43.184,-43.794,-45.93,-48.067,-51.881,-55.849,-57.07,-58.443,-59.358,-61.495,-61.342,-61.647,-60.427,-59.969,-57.985,-56.612,-54.933,-53.407,-51.271,-50.813,-46.999,-44.862,-41.2,-39.216,-36.47,-36.622,-34.639,-32.807,-30.366,-28.84,-27.009,-28.077,-26.856,-25.788,-22.279,-19.99,-15.87,-13.123,-8.24,-1.0681,4.883,8.5452,10.376,12.055,12.818,11.444,12.207,9.9185,9.6133,9.3081,10.529,10.529,12.055,12.36,12.513,10.529,8.8504,6.1037,4.4252,2.1363,1.6785,0.45778,0.91556,-0,0.30519,0.91556,-0,-1.2207,-1.2207,0.15259,3.357,5.9511,10.071,14.344,19.684,23.041,27.314,30.519,35.401,39.064,41.963,44.099,47.609,53.713,60.579,64.547,67.904,68.361,68.972,68.819,72.176,73.244,75.076,76.144,77.67,75.533,73.397,69.735,67.141,63.936,64.394,62.563,61.495,59.358,60.884,62.105,63.021,64.852,68.514,69.887,71.413,71.718,72.939,72.176,72.634,70.193,71.108,72.024,76.907,81.637,83.926,83.316,83.621,83.621,85.757,89.572,94.455,97.201,100.71,102.08,103.31,103.61,103.92,102.39,100.71,99.033,99.796,101.02,101.47,101.63,103.76,103.15,103.15,102.24,101.32,101.32,101.93,103.46,104.53,105.44,105.14,104.07,101.47,97.964,97.659,99.49,101.02,98.727,99.185,99.033,99.185,98.117,97.659,96.896,97.201,98.27,98.88,94.913,92.471,89.724,90.487,92.318,97.354,101.02,104.53,105.14,106.81,108.95,111.55,112,114.44,115.21,118.87,120.4,121.92,123.91,125.43,124.97,126.35,128.33,131.38,130.77,130.92,127.26,122.99,115.36,108.49,99.796,91.861,83.468,74.313,65.92,58.901,51.729,43.947,34.333,24.873,15.87,10.834,8.6978,10.529,13.886,18.769,23.194,27.619,30.824,33.723,33.723,33.113,29.145,26.856,20.447,16.327,11.597,9.9185,8.8504,5.3407,0.91556,-2.2889,-4.2726,-2.5941,-1.6785,-0.30519,-2.5941,-3.2044,-2.8993,-4.2726,-4.2726,-3.6622,-3.0519,0.45778,2.2889,5.4933,5.9511,5.1881,3.6622,2.7467,1.8311,2.1363,0.45778,0.15259,-0.91556,-0.30519,-1.0681,1.0681,1.8311,2.1363,3.2044,4.2726,4.7304,7.0193,8.5452,13.123,15.259,16.938,19.074,19.99,21.058,21.973,20.447,20.753,20.142,20.142,19.837,20.142,19.532,19.074,16.938,15.107,12.97,13.428,12.055,8.8504,5.9511,1.8311,-5.4933,-11.444,-16.175,-19.227,-23.957,-25.788,-26.704,-28.382,-31.129,-32.807,-34.028,-34.944,-37.843,-38.148,-40.742,-42.879,-45.015,-46.388,-48.219,-47.609,-43.794,-36.317,-30.519,-22.736,-15.717,-10.071,-7.0193,-4.5778,-1.5259,1.2207,1.8311,3.8148,5.1881,9.9185,14.039,16.938,18.311,18.921,19.684,22.126,25.483,30.976,33.876,35.859,36.012,36.775,36.164,36.317,37.385,37.843,38.301,37.843,37.385,36.317,33.265,30.976,27.467,27.467,27.314,25.636,24.873,24.262,21.821,20.753,18.769,19.227,19.837,22.889,25.941,29.908,32.502,35.707,38.301,39.827,39.369,38.606,36.927,37.538,37.843,39.064,39.064,39.064,37.233,33.723,32.655,34.028,37.08,42.879,46.846,53.407,60.274,65.004,66.225,66.225,67.751,69.582,70.04,68.819,66.683,64.547,59.816,54.476,48.372,43.489,38.453,34.486,30.824,29.45,25.178,20.905,16.022,13.123,9.1556,5.4933,3.9674,4.5778,6.8667,13.123,22.736,33.57,41.353,49.287,54.781,58.748,62.41,65.767,66.53,64.547,63.631,63.021,61.953,61.19,58.901,59.511,60.579,65.157,69.582,72.939,74.618,73.092,68.361,64.699,60.579,59.969,60.427,61.342,60.884,60.579,60.274,59.511,55.849,52.339,50.508,50.508,50.966,51.118,48.83,48.372,48.219,48.372,48.067,48.067,47.456,46.083,43.947,43.031,41.353,40.284,36.317,32.96,30.824,32.96,32.96,33.876,34.944,36.164,34.944,29.756,22.584,17.548,14.191,12.36,5.1881,-2.1363,-9.4607,-13.428,-14.496,-14.649,-15.717,-16.327,-19.074,-23.652,-30.213,-34.944,-39.369,-42.116,-44.557,-44.252,-43.947,-44.71,-46.693,-49.898,-51.271,-52.034,-53.255,-54.628,-55.849,-56.001,-57.375,-56.154,-54.933,-54.17,-54.628,-53.255,-51.729,-49.898,-50.05,-50.508,-50.356,-51.424,-51.424,-51.118,-55.086,-57.68,-61.495,-64.241,-67.293,-70.65,-73.702,-76.296,-77.212,-78.28,-81.332,-84.994,-90.945,-95.065,-99.948,-101.63,-104.53,-104.68,-102.24,-100.1,-99.796,-99.948,-101.47,-102.54,-104.53,-103.61,-106.66,-108.34,-112.92,-114.6,-117.65,-118.87,-118.41,-117.65,-117.5,-116.89,-116.12,-114.29,-112.92,-108.04,-106.81,-105.14,-105.59,-103.92,-103.61,-103.15,-104.68,-108.04,-111.55,-111.55,-110.02,-108.04,-107.27,-104.53,-104.07,-102.54,-104.83,-106.66,-110.17,-111.85,-114.75,-115.51,-114.6,-112.61,-112.16,-111.55,-111.39,-109.41,-109.1,-104.98,-101.32,-96.286,-94.302,-90.64,-85.91,-81.79,-79.653,-77.975,-75.991,-73.092,-71.261,-67.293,-64.547,-61.037,-59.969,-56.001,-52.644,-47.456,-44.252,-39.827,-36.317,-32.197,-28.687,-25.025,-24.262,-22.889,-21.973,-18.769,-16.022,-12.207,-9.7659,-11.139,-13.428,-16.633,-18.921,-19.379,-19.684,-21.058,-25.636,-30.213,-38.759,-45.015,-51.576,-54.781,-58.901,-61.495,-65.462,-68.819,-72.481,-73.855,-76.601,-75.076,-72.939,-69.735,-68.667,-65.157,-61.953,-58.443,-55.086,-51.576,-47.914,-40.895,-37.08,-33.723,-30.671,-24.415,-19.074,-12.055,-7.477,-2.7467,0.61037,2.8993,2.7467,2.4415,1.2207,-0.30519,-3.5096,-3.5096,-3.0519,-1.9837,-2.7467,-2.8993,-5.3407,-6.5615,-7.6296,-9.6133,-10.224,-9.6133,-8.5452,-7.1718,-5.4933,-2.2889,-0.91556,1.8311,4.7304,8.3926,9.003,9.6133,11.597,12.818,14.039,14.039,13.123,14.496,15.717,17.701,18.921,20.142,19.074,18.464,19.379,19.074,18.921,19.684,20.753,22.889,22.736,23.652,22.736,21.21,18.464,18.311,17.853,19.532,21.973,24.72,25.941,27.009,27.314,27.009,25.941,25.025,23.347,24.72,24.11,22.736,19.684,16.022,13.581,12.207,11.139,9.4607,6.4089,3.8148,0.91556,2.1363,1.8311,3.0519,4.4252,5.7985,5.3407,5.1881,5.6459,7.3244,10.681,13.886,15.259,17.09,15.412,15.717,17.243,19.684,20.295,21.516,20.905,20.447,19.99,19.074,19.837,21.821,21.973,22.126,19.379,18.616,18.006,19.227,20.6,19.837,17.853,14.344,9.9185,7.3244,5.6459,6.2563,5.6459,6.8667,7.3244,10.529,11.597,13.276,11.902,10.681,9.1556,6.8667,3.5096,-1.0681,-4.5778,-5.3407,-9.1556,-11.902,-15.717,-20.6,-27.772,-35.401,-42.879,-48.982,-56.307,-62.258,-67.751,-67.141,-67.141,-64.089,-64.699,-64.394,-65.004,-61.8,-59.664,-58.29,-58.901,-57.833,-53.865,-49.287,-47.456,-43.641,-42.116,-38.606,-36.317,-31.434,-28.077,-24.873,-23.041,-18.616,-14.344,-8.6978,-4.12,3.5096,9.9185,20.753,30.366,41.658,52.187,62.41,72.329,80.416,85.91,91.861,99.643,108.04,116.12,123.91,130.01,136.72,140.39,144.96,146.64,148.93,150,150.61,150.3,150.76,149.39,149.39,148.63,149.69,148.47,147.86,144.66,142.37,140.23,139.01,137.49,133.98,129.4,126.5,121.31,117.8,114.9,113.07,108.95,105.44,100.41,96.591,91.25,85.757,79.653,73.397,65.615,59.206,50.813,43.947,35.859,27.772,19.074,10.987,3.9674,-3.0519,-9.9185,-16.633,-22.736,-29.145,-36.47,-43.794,-53.713,-61.342,-69.582,-75.686,-82.247,-89.724,-98.575,-107.43,-115.51,-120.24,-126.5,-132.15,-138.25,-142.22,-147.4,-150.76,-156.56,-160.37,-164.04,-168,-172.89,-175.94,-179.3,-181.59,-186.32,-189.67,-194.56,-196.23,-199.29,-201.73,-204.17,-205.69,-207.53,-208.29,-210.88,-214.39,-220.34,-226.29,-235.15,-243.08,-252.08,-259.71,-269.02,-277.57,-285.04,-292.52,-298.93,-304.57,-311.9,-318.92,-326.24,-331.13,-337.23,-342.11,-345.77,-349.89,-353.25,-356.91,-362.87,-368.51,-374.92,-380.26,-384.99,-388.35,-392.01,-395.21,-398.57,-399.49,-399.64,-401.17,-402.84,-406.96,-412.61,-415.66,-420.55,-424.36,-431.38,-436.72,-441.3,-444.5,-449.23,-454.27,-456.86,-460.68,-466.32,-471.97,-478.68,-483.57,-489.06,-493.03,-496.54,-496.69,-495.62,-495.77,-495.01,-493.64,-492.87,-492.11,-491.5,-488.6,-486.31,-486.01,-487.69,-488.91,-491.65,-496.38,-501.11,-504.01,-507.83,-509.35,-509.66,-508.29,-509.05,-509.51,-508.59,-507.07,-504.47,-502.79,-501.57,-499.59,-496.99,-495.93,-496.84,-496.38,-498.83,-500.96,-501.57,-499.59,-497.91,-495.47,-492.57,-489.06,-487.08,-485.09,-481.89,-476.24,-472.27,-467.09,-462.2,-457.63,-451.52,-446.94,-443.43,-439.62,-434.43,-428.63,-422.53,-413.37,-405.9,-397.5,-386.52,-376.14,-366.07,-356.3,-348.06,-341.04,-336.47,-331.89,-328.99,-328.23,-329.6,-328.99,-328.38,-329.75,-330.36,-329.14,-326.7,-323.34,-317.09,-309.92,-302.59,-291.3,-280.62,-269.94,-260.78,-252.39,-244,-234.99,-225.84,-216.83,-207.98,-199.29,-192.88,-187.99,-185.25,-180.52,-175.02,-167.85,-160.22,-152.59,-145.12,-137.49,-129.4,-121.31,-114.6,-107.88,-101.32,-93.692,-86.825,-79.348,-73.244,-67.141,-59.206,-50.203,-41.2,-31.587,-23.194,-14.344,-6.2563,2.8993,10.987,19.379,26.551,36.012,45.625,53.56,60.884,66.836,71.871,77.822,82.705,91.556,98.27,106.51,113.53,122.07,131.69,141,148.78,157.63,166.17,175.63,182.2,189.98,196.23,203.71,209.36,215.61,222.17,228.58,235.3,242.93,248.88,253.76,256.81,261.09,262.15,263.99,264.14,263.99,262.15,262,262.76,265.36,267.49,271.31,271.92,275.12,275.58,276.19,275.73,278.02,279.55,281.08,283.67,286.57,288.86,291.91,291.45,293.74,293.89,295.42,297.56,301.52,305.19,308.54,310.07,310.37,308.24,306.71,303.66,302.74,301.37,300.76,298.01,294.96,290.69,285.5,278.02,271.31,263.68,257.88,249.95,245.37,239.42,236.21,232.86,230.41,226.14,222.79,217.6,214.09,208.44,205.24,202.03,201.27,199.44,201.12,201.42,200.51,199.74,200.66,200.96,204.32,206.92,210.73,211.65,213.02,212.71,211.95,210.12,208.14,204.93,201.27,198.37,196.69,194.71,195.32,195.17,198.98,202.95,208.59,213.63,221.41,226.91,231.79,234.84,239.57,243.84,248.88,251.78,255.29,255.59,256.2,254.83,255.13,254.52,253.91,254.22,253,251.01,250.56,248.57,247.51,247.2,249.34,251.32,256.05,260.17,265.21,274.36,285.81,296.33,306.71,315.71,324.87,331.43,340.59,347.15,354.01,360.42,367.9,372.63,374.31,376.14,378.89,381.63,384.53,385.14,386.97,386.52,384.99,381.79,377.36,377.51,378.73,379.8,382.85,384.38,384.08,383.62,387.43,392.32,395.67,394.6,391.4,387.28,383.01,378.73,375.53,371.26,368.82,368.66,372.94,374.31,371.11,365.46,355.08,342.72,333.41,324.41,316.32,307.32,300,289.32,276.35,260.63,247.2,233.77,220.34,206.46,193.33,178.99,165.72,151.83,138.71,124.06,115.67,105.59,93.387,79.501,65.615,55.544,46.236,34.944,22.584,7.9348,-6.4089,-19.99,-28.382,-36.927,-44.71,-49.745,-53.255,-55.849,-59.206,-65.004,-70.803,-79.501,-85.147,-87.436,-86.215,-85.604,-84.689,-84.841,-84.689,-85.299,-85.604,-87.436,-91.556,-99.033,-104.22,-109.41,-111.09,-113.68,-112.16,-109.56,-107.58,-108.65,-109.41,-113.22,-114.75,-117.04,-114.14,-112.61,-110.93,-109.1,-104.68,-102.08,-98.422,-97.354,-95.065,-93.081,-88.961,-85.452,-83.926,-84.841,-83.316,-82.095,-77.059,-70.803,-64.699,-58.443,-49.135,-41.658,-35.249,-30.976,-24.72,-21.973,-17.243,-14.344,-10.071,-10.071,-8.3926,-3.9674,2.1363,9.6133,17.396,24.262,27.314,26.093,25.636,21.21,18.159,17.243,18.616,22.126,27.772,33.876,40.437,44.099,48.83,51.118,54.476,55.238,56.917,56.764,56.307,54.476,54.018,51.271,48.524,45.473,44.862,46.236,51.576,57.07,62.563,62.258,59.206,54.628,49.593,44.71,41.505,36.775,35.707,34.944,36.164,36.012,36.927,39.216,42.879,46.693,50.05,50.508,50.508,50.05,52.187,54.018,57.222,59.206,60.274,63.326,66.225,66.53,62.563,60.121,61.647,63.784,68.209,71.718,76.907,81.942,86.367,88.656,87.893,85.147,80.721,73.702,66.073,59.816,58.596,56.612,56.459,54.323,53.713,50.966,46.693,40.437,33.723,26.399,22.126,18.616,19.074,16.022,14.039,12.818,16.785,19.837,23.041,25.025,28.077,28.993,27.467,23.499,18.006,10.834,5.7985,0.30519,-1.0681,-1.6785,-0.45778,-0.15259,-0.15259,-0.76296,0.30519,0.61037,1.6785,3.8148,7.6296,10.987,15.412,16.48,18.464,16.938,15.717,11.902,7.1718,2.1363,-2.4415,-8.3926,-13.886,-20.6,-23.499,-26.856,-27.619,-31.281,-31.281,-32.044,-32.96,-34.639,-36.927,-39.064,-40.895,-44.557,-48.067,-52.797,-54.781,-56.459,-55.086,-56.307,-56.307,-55.238,-53.865,-52.034,-50.508,-48.982,-44.862,-42.573,-42.573,-43.794,-42.879,-41.505,-40.284,-39.827,-38.301,-37.69,-38.453,-40.132,-40.59,-43.947,-48.067,-54.781,-57.375,-58.29,-56.917,-55.544,-55.238,-56.612,-58.138,-59.206,-59.816,-61.8,-62.716,-65.767,-66.378,-66.988,-65.92,-64.547,-61.19,-57.07,-53.865,-50.508,-47.304,-45.625,-44.404,-42.421,-37.538,-34.486,-29.756,-27.009,-21.973,-19.532,-16.175,-13.428,-10.071,-7.477,-0.91556,6.1037,14.801,19.074,20.905,19.074,19.379,17.701,18.159,16.785,16.785,17.396,17.243,14.801,14.954,14.801,16.633,16.175,16.175,12.36,12.36,11.139,11.139,10.071,9.1556,6.8667,4.883,2.5941,0.45778,-2.2889,-2.2889,-2.7467,-1.8311,-1.9837,0.30519,-0.45778,1.8311,4.7304,7.6296,9.1556,13.733,17.853,24.873,27.619,33.265,37.233,40.895,38.606,35.554,30.213,25.636,21.058,16.633,12.055,6.1037,-0.45778,-5.1881,-10.224,-12.36,-17.853,-21.21,-24.262,-24.415,-23.347,-20.905,-18.769,-13.581,-7.1718,0.91556,10.224,21.21,27.772,36.164,43.336,51.271,57.07,64.852,75.533,85.299,91.403,95.37,97.049,97.812,95.065,92.776,89.572,89.724,89.114,89.572,90.182,90.793,91.098,90.335,87.13,84.536,81.027,78.127,73.55,71.413,68.361,66.988,64.852,63.021,60.427,57.527,54.933,55.544,56.917,60.579,61.342,64.394,65.767,70.04,72.329,74.923,73.397,70.345,68.209,68.056,66.378,64.394,59.816,57.07,50.508,43.336,34.333,28.23,22.126,20.142,19.837,21.516,22.736,24.11,24.11,23.652,21.21,17.701,11.292,7.3244,2.4415,0.45778,-0.61037,0.76296,3.0519,5.4933,7.0193,9.9185,11.444,12.36,11.75,12.36,11.75,14.801,17.09,21.058,21.058,20.753,21.363,23.652,24.262,24.11,23.194,24.72,25.178,27.314,27.161,25.941,24.415,26.399,29.756,33.113,33.113,32.044,30.671,30.366,27.161,25.483,20.6,18.921,17.09,15.717,11.444,7.477,4.12,3.8148,4.2726,6.7141,7.9348,10.071,11.75,15.717,18.616,20.905,22.279,24.567,23.194,23.499,23.957,23.347,23.957,23.499,19.99,16.327,10.376,5.3407,0.30519,-1.9837,-2.4415,-0.15259,3.357,7.477,10.376,13.581,16.022,19.837,23.804,27.772,30.671,35.401,37.996,40.284,41.81,41.658,41.963,42.726,42.726,44.252,45.778,48.067,46.999,46.693,46.541,47.304,47.914,49.745,50.508,51.729,51.881,50.966,48.982,47.609,45.32,41.963,37.69,33.113,26.856,23.499,20.142,14.954,8.24,1.2207,-2.5941,-4.2726,-6.4089,-5.9511,-5.1881,-3.0519,0.30519,4.5778,7.7822,11.75,16.938,24.873,32.807,39.216,42.726,46.999,50.05,53.407,54.323,58.748,60.274,61.495,61.037,60.732,58.748,56.612,54.323,53.713,49.898,47.609,41.963,33.876,22.279,12.513,0.61037,-11.139,-21.516,-29.298,-35.859,-39.674,-41.658,-37.996,-34.181,-30.213,-29.908,-27.314,-28.23,-25.33,-22.126,-17.09,-15.564,-12.818,-11.444,-9.1556,-8.5452,-7.6296,-8.24,-6.7141,-6.8667,-3.8148,-2.7467,1.2207,5.0356,11.902,14.191,16.785,16.938,18.006,18.616,21.516,21.058,23.041,24.415,26.246,24.11,23.194,21.363,21.516,23.347,28.23,32.197,35.401,38.606,43.336,45.32,48.524,50.356,52.797,52.644,52.644,54.323,57.375,60.274,63.173,67.141,70.04,71.108,73.397,75.076,79.043,81.79,84.078,83.773,84.841,86.978,88.961,90.793,93.081,93.844,94.913,94.607,95.37,95.065,95.828,92.929,92.471,90.487,87.283,79.958,72.939,65.462,57.527,49.745,43.489,34.486,27.467,21.821,21.21,21.821,22.736,20.753,16.938,11.444,5.4933,-2.4415,-9.4607,-14.649,-16.633,-18.616,-17.548,-15.412,-11.597,-9.4607,-7.7822,-6.5615,-4.883,-4.2726,-2.1363,-0.61037,3.0519,4.2726,5.9511,4.2726,3.357,3.357,5.1881,6.2563,9.1556,11.75,16.938,19.532,19.837,18.616,19.684,16.785,13.886,8.0874,3.357,-4.12,-10.834,-20.447,-31.434,-42.268,-50.508,-58.901,-64.852,-70.345,-72.939,-74.923,-73.702,-73.702,-72.024,-72.481,-72.329,-74.313,-77.059,-79.043,-78.738,-75.686,-67.293,-57.527,-45.778,-36.927,-26.246,-18.616,-10.987,-4.4252,3.0519,9.9185,18.616,27.772,37.69,45.93,56.154,60.427,64.547,65.157,67.751,68.209,69.735,68.972,68.667,66.988,66.073,62.716,59.511,56.001,54.323,51.576,49.898,45.015,39.064,30.671,24.262,15.87,8.6978,1.2207,-3.2044,-8.6978,-13.428,-18.921,-21.668,-25.483,-26.856,-31.892,-34.181,-36.164,-37.385,-36.622,-33.723,-30.671,-25.025,-19.837,-11.444,-2.2889,7.9348,13.428,21.363,28.382,34.486,38.911,43.489,47.761,52.034,54.476,55.544,53.865,52.187,48.219,45.32,40.895,36.317,30.671,24.11,16.327,7.3244,-4.2726,-13.886,-21.21,-22.889,-25.178,-26.551,-28.993,-27.009,-26.093,-25.33,-27.009,-28.687,-30.824,-29.603,-29.298,-26.399,-25.025,-21.973,-21.058,-18.921,-19.684,-17.548,-15.259,-12.513,-10.834,-9.003,-7.477,-4.7304,-1.8311,1.2207,3.9674,7.9348,9.4607,13.581,15.564,14.496,13.276,11.597,9.4607,7.1718,3.0519,-2.8993,-12.36,-20.753,-31.281,-40.59,-52.034,-58.901,-63.784,-66.53,-69.277,-69.735,-70.65,-69.735,-69.582,-66.225,-65.004,-61.037,-60.274,-56.612,-56.459,-55.849,-56.307,-57.07,-58.29,-57.833,-56.154,-51.424,-48.067,-44.099,-40.742,-36.622,-36.164,-34.028,-30.824,-27.314,-24.567,-21.516,-19.99,-19.684,-19.532,-18.006,-19.379,-20.295,-22.889,-25.483,-29.908,-33.418,-37.08,-41.2,-44.862,-49.135,-54.476,-57.07,-61.037,-65.004,-72.176,-77.822,-82.247,-85.604,-87.588,-89.724,-90.182,-88.961,-90.182,-88.656,-88.198,-85.91,-84.231,-82.247,-79.501,-75.228,-68.667,-61.19,-56.612,-52.644,-52.492,-50.05,-47.914,-45.167,-43.947,-42.879,-43.489,-43.947,-45.93,-48.372,-50.203,-49.135,-49.44,-48.677,-49.593,-49.44,-52.339,-56.154,-60.427,-64.089,-66.378,-67.446,-72.176,-75.533,-79.196,-82.553,-88.809,-95.981,-103.15,-108.8,-114.44,-118.72,-123.45,-123.91,-126.19,-126.19,-126.8,-124.21,-123.91,-122.99,-123.75,-123.91,-124.67,-123.45,-122.68,-119.79,-120.4,-118.56,-120.09,-118.11,-117.65,-114.6,-110.93,-106.81,-103.31,-98.727,-95.981,-91.25,-87.741,-82.858,-80.569,-77.517,-76.601,-74.007,-72.481,-70.04,-68.361,-65.615,-62.258,-59.511,-59.358,-56.612,-56.917,-56.459,-56.154,-52.95,-53.865,-55.696,-57.985,-60.274,-62.868,-65.462,-68.972,-70.345,-72.024,-70.956,-71.718,-70.498,-71.566,-70.65,-69.582,-64.547,-58.29,-50.661,-44.71,-38.148,-31.739,-25.178,-18.616,-10.987,-6.1037,-0.76296,1.5259,6.2563,8.24,11.597,14.801,18.616,20.447,22.736,23.652,23.957,24.11,27.314,30.213,33.265,33.57,35.096,35.707,37.538,37.69,38.759,39.674,39.521,36.622,33.418,27.619,22.736,16.633,10.987,4.5778,1.9837,0.30519,-0.15259,1.2207,3.2044,5.0356,9.1556,14.954,23.194,29.45,37.385,43.489,49.898,54.781,62.258,67.904,75.076,79.196,80.569,79.196,78.127,75.228,75.533,72.939,71.718,67.751,68.361,67.293,68.819,69.43,70.65,69.43,66.225,62.258,60.732,59.358,60.121,60.884,64.241,63.478,63.021,57.68,52.644,46.388,42.726,38.911,36.164,33.265,32.655,31.281,33.723,34.486,37.08,38.759,44.099,45.778,46.693,45.625,42.879,40.742,41.2,40.132,37.385,34.028,32.197,28.84,26.551,24.72,24.11,23.499,22.431,20.6,20.905,21.058,22.126,21.668,23.041,23.041,23.652,22.584,21.058,15.87,13.276,10.529,7.3244,2.2889,-1.0681,-5.6459,-7.3244,-13.733,-17.853,-22.279,-23.499,-27.009,-30.824,-36.164,-39.064,-41.963,-41.81,-43.794,-43.947,-45.32,-45.778,-47.304,-46.693,-47.151,-44.557,-41.353,-34.028,-27.467,-19.837,-13.428,-8.3926,-4.4252,0.30519,3.5096,8.8504,12.055,16.022,15.717,18.616,21.363,25.178,29.298,34.944,39.827,44.099,45.93,48.372,48.219,49.44,47.456,45.93,44.557,45.015,44.862,47.609,50.966,52.339,50.661,48.372,45.167,43.489,40.132,40.132,39.521,40.895,41.505,44.252,46.846,49.593,50.966,52.644,52.644,53.713,53.255,54.476,52.644,52.492,50.661,49.44,46.388,43.947,38.759,35.096,32.044,32.35,33.57,38.911,42.573,45.93,46.999,48.219,49.44,52.644,55.238,57.68,57.985,56.612,54.17,51.424,48.677,48.067,45.32,44.099,41.963,40.437,36.622,32.197,27.161,23.194,19.074,15.107,9.7659,5.4933,-0.45778,-5.0356,-10.224,-11.75,-13.733,-12.818,-12.97,-12.665,-12.818,-12.97,-14.344,-14.191,-16.022,-15.717,-17.243,-16.938,-18.769,-18.006,-19.379,-21.21,-24.567,-25.636,-27.161,-27.467,-27.467,-25.025,-23.804,-20.753,-18.159,-14.954,-14.191,-11.75,-9.003,-6.1037,-3.9674,-1.9837,-0.45778,0.61037,-0.76296,-0.91556,-3.6622,-5.7985,-9.1556,-12.055,-16.938,-19.532,-23.652,-28.535,-32.197,-34.791,-37.843,-40.59,-44.862,-45.93,-47.456,-47.609,-48.677,-48.524,-47.609,-45.625,-43.794,-40.132,-36.927,-34.028,-32.502,-28.993,-28.23,-26.246,-25.178,-21.973,-19.99,-14.039,-9.003,-3.9674,1.0681,7.1718,11.597,16.633,18.311,22.584,25.483,30.976,35.859,41.047,42.573,44.404,46.236,48.067,50.661,52.95,55.391,57.833,59.206,61.037,60.121,59.664,56.459,54.323,52.797,51.729,50.203,52.187,54.933,57.985,57.985,59.053,59.053,60.121,60.732,62.105,63.631,64.089,64.699,66.683,69.124,72.939,74.77,78.738,79.653,83.01,84.841,87.13,87.741,87.741,88.961,91.403,92.624,96.591,99.643,103.92,106.97,110.93,113.83,116.12,115.97,116.12,116.58,115.82,114.9,114.6,112.31,111.7,109.71,109.26,107.73,106.51,106.2,104.53,103.31,102.69,100.25,99.033,97.049,94.913,92.166,89.572,86.673,84.231,81.484,78.89,75.228,72.176,69.124,67.904,65.462,63.326,59.816,56.001,52.95,49.745,45.625,42.421,37.08,33.418,26.704,21.668,16.327,10.834,4.4252,-3.357,-10.987,-16.785,-21.363,-23.804,-27.161,-27.161,-29.603,-30.976,-31.281,-32.807,-35.859,-37.233,-39.521,-40.284,-42.421,-42.573,-44.862,-45.93,-47.609,-46.693,-47.761,-47.456,-46.541,-43.641,-42.116,-39.064,-38.911,-37.69,-36.622,-34.181,-34.791,-34.333,-33.723,-33.265,-34.181,-34.333,-34.639,-34.639,-36.012,-34.486,-33.418,-32.35,-32.35,-31.129,-30.519,-29.756,-29.145,-28.382,-28.077,-27.161,-27.924,-27.924,-30.061,-31.129,-32.35,-32.96,-32.502,-30.213,-26.704,-23.194,-20.447,-18.769,-16.022,-9.6133,-4.7304,1.9837,6.8667,10.681,13.733,18.616,20.753,22.889,25.178,28.687,29.145,30.366,28.535,28.23,26.399,28.535,30.366,32.197,34.639,37.538,38.911,43.641,45.778,48.982,50.661,55.238,58.596,63.173,66.073,69.124,71.108,74.16,75.228,77.975,78.89,81.484,83.621,85.757,87.436,89.572,91.556,92.471,93.234,91.708,88.656,86.215,80.569,76.754,73.702,70.65,66.836,62.716,57.375,51.424,45.167,39.064,32.35,26.856,20.447,16.327,12.055,9.3081,5.6459,2.7467,0.76296,-0.45778,-3.5096,-6.7141,-10.834,-14.191,-18.464,-21.668,-26.246,-28.84,-32.96,-35.096,-36.164,-39.827,-43.031,-45.473,-51.271,-55.238,-59.206,-60.732,-63.326,-65.92,-69.124,-69.582,-69.277,-69.887,-70.65,-69.277,-69.582,-67.598,-67.904,-68.056,-69.735,-70.04,-70.345,-69.124,-67.904,-65.004,-64.089,-63.173,-63.021,-59.206,-56.001,-51.118,-47.304,-44.099,-42.421,-40.59,-40.437,-37.996,-38.453,-36.47,-34.028,-29.45,-25.33,-18.464,-10.529,-0.15259,7.6296,12.665,14.801,19.684,25.33,34.333,41.658,50.508,54.933,57.985,62.105,66.225,73.397,81.179,89.419,98.727,106.51,116.43,123.6,131.69,138.25,147.25,155.03,162.21,170.14,178.69,186.01,191.81,194.25,199.44,203.56,205.85,206.31,207.68,207.98,208.29,208.59,207.83,204.93,200.05,190.74,180.36,170.45,162.21,152.9,142.98,132.6,120.55,107.27,92.624,74.77,54.17,30.976,11.292,-8.6978,-28.84,-50.356,-69.43,-88.504,-105.14,-121.16,-136.72,-152.9,-165.87,-176.7,-183.26,-191.2,-198.68,-210.88,-220.19,-227.67,-233.47,-239.72,-247.81,-256.66,-262.76,-270.09,-275.12,-282.6,-285.5,-289.32,-292.06,-293.74,-292.52,-291.3,-289.32,-287.64,-285.5,-283.67,-281.23,-280.62,-277.87,-276.8,-274.21,-273.6,-272.23,-271.92,-270.09,-270.09,-266.73,-264.29,-258.8,-255.13,-249.49,-245.98,-240.33,-234.69,-230.41,-226.75,-222.02,-219.89,-215.92,-213.48,-211.34,-210.27,-206.46,-202.19,-197.91,-195.62,-192.27,-191.5,-188.91,-188.91,-186.47,-184.94,-181.28,-178.99,-176.24,-174.87,-172.43,-171.36,-168.31,-168,-165.41,-164.65,-164.49,-167.24,-169.84,-173.19,-175.63,-177.92,-177.77,-179.75,-179.3,-181.43,-183.42,-187.99,-192.88,-198.83,-204.02,-207.37,-207.98,-209.97,-210.58,-215.46,-218.36,-221.72,-224.31,-226.75,-226.45,-225.38,-223.7,-224.01,-223.09,-222.79,-220.8,-220.34,-219.89,-219.43,-218.97,-219.28,-220.8,-223.55,-224.01,-225.23,-224.31,-223.7,-219.12,-214.85,-210.12,-207.37,-205.54,-204.02,-199.44,-193.03,-186.62,-183.57,-181.43,-182.81,-183.26,-186.16,-187.08,-184.64,-179.91,-173.04,-166.33,-162.97,-159.92,-155.8,-150,-148.17,-147.25,-147.1,-146.18,-146.18,-145.57,-143.13,-139.93,-136.57,-132.3,-129.7,-128.64,-129.09,-128.33,-128.79,-128.64,-127.26,-124.36,-121.46,-119.48,-117.04,-116.43,-114.75,-109.41,-103.92,-95.828,-87.893,-78.738,-74.16,-71.718,-73.244,-75.228,-77.059,-78.738,-79.806,-79.043,-78.738,-80.264,-80.721,-77.364,-70.956,-58.901,-45.167,-33.723,-21.668,-13.581,-9.3081,-4.2726,-0.45778,2.5941,3.6622,4.4252,2.5941,4.2726,4.12,1.2207,-2.2889,-3.0519,-5.6459,-7.7822,-10.224,-8.8504,-10.529,-13.733,-15.412,-11.292,-6.8667,-2.5941,3.8148,14.801,22.431,26.093,26.856,26.856,25.33,29.298,35.401,41.505,40.742,41.505,44.557,49.745,55.544,60.884,63.784,68.056,66.378,63.173,59.816,63.478,71.566,78.738,79.806,78.127,76.601,79.958,83.621,84.078,81.027,80.721,81.637,86.52,86.367,86.673,87.741,88.809,87.741,86.215,86.673,89.114,89.419,91.556,92.471,95.676,94.76,92.166,88.961,88.198,87.283,86.978,87.893,90.03,89.267,88.809,86.52,86.367,84.536,83.773,80.111,76.601,70.498,63.631,57.985,55.238,56.764,58.901,58.138,55.544,50.356,46.541,42.268,37.996,34.333,33.876,34.791,35.554,36.47,35.859,34.028,35.096,37.233,38.301,37.843,39.521,41.047,43.031,42.268,41.81,40.742,40.437,40.59,42.116,45.167,48.067,49.44,50.966,52.187,53.407,52.034,55.544,57.375,57.68,55.544,53.56,50.661,47.761,47.304,46.999,48.524,57.985,65.004,67.598,63.631,55.849,47.304,44.71,43.947,44.099,45.778,51.424,56.307,62.105,66.836,73.55,78.433,84.536,90.182,96.744,102.08,106.81,109.56,110.48,107.58,102.69,95.065,89.877,83.01,79.043,75.686,75.533,73.855,73.092,73.092,76.144,77.364,79.348,79.043,77.517,73.855,72.481,69.124,67.141,65.31,65.31,61.495,59.816,58.748,59.816,60.427,62.868,66.225,70.04,70.498,71.108,67.446,65.157,61.8,60.579,57.68,53.865,50.661,47.914,43.641,39.369,32.655,30.671,30.671,32.35,32.35,35.554,39.979,44.099,46.999,47.456,44.557,42.268,40.437,42.268,40.895,40.437,36.317,33.265,31.281,32.96,35.859,39.521,41.963,43.031,43.184,44.099,41.81,39.064,35.401,37.233,38.453,40.895,42.573,45.473,46.083,46.999,48.067,48.219,44.862,43.947,42.268,44.404,45.015,47.609,49.593,53.255,54.781,53.102,52.492,54.17,56.307,60.427,64.089,69.887,74.465,80.721,87.13,93.844,98.575,105.44,111.39,117.65,122.07,127.57,133.52,141.61,147.25,154.88,161.44,168.77,175.18,183.26,189.21,192.11,194.25,196.08,198.37,202.34,207.53,212.41,211.49,209.66,205.85,203.71,200.2,198.37,195.78,192.27,186.01,179.75,174.72,170.9,168.16,166.78,165.11,165.72,166.48,168.31,169.53,171.06,172.28,173.35,174.41,174.26,173.19,174.57,174.41,176.24,177.31,180.82,184.79,189.83,193.49,192.88,188.91,184.79,182.35,180.52,175.94,172.89,170.45,170.6,169.38,168.77,164.49,160.22,155.03,149.24,140.39,134.59,130.31,127.87,123.75,123.45,122.99,124.36,123.75,122.07,119.94,119.02,117.19,116.58,116.73,118.11,117.19,119.33,119.33,119.94,115.36,112.16,106.81,100.56,93.844,90.182,87.436,86.215,84.841,84.384,83.621,86.062,85.604,84.841,80.416,78.585,76.296,72.787,70.803,70.65,67.446,63.478,55.849,47.761,38.301,31.129,25.483,21.668,18.159,16.175,15.87,14.496,13.581,12.513,10.681,11.75,13.276,17.548,22.584,29.145,32.96,35.401,36.164,37.233,39.216,42.573,45.015,45.32,45.167,46.083,45.015,42.268,38.148,33.876,29.145,24.262,21.21,17.548,13.123,7.477,0.76296,-2.7467,-5.6459,-6.5615,-9.003,-12.055,-18.159,-23.347,-26.704,-30.213,-32.197,-32.502,-30.671,-28.84,-28.23,-27.161,-26.551,-24.11,-21.821,-18.464,-17.548,-16.175,-14.344,-12.665,-10.376,-8.5452,-9.003,-10.529,-13.733,-15.87,-19.379,-21.058,-21.821,-22.889,-24.415,-26.704,-28.687,-30.366,-30.519,-28.84,-26.399,-23.041,-20.142,-16.175,-13.276,-9.003,-5.9511,-3.9674,-3.5096,-2.4415,-3.0519,-2.1363,-0.30519,3.0519,5.6459,10.376,12.207,11.902,9.9185,6.2563,0.30519,-5.3407,-9.9185,-12.665,-12.513,-12.36,-12.665,-11.139,-11.444,-12.513,-15.107,-18.464,-24.11,-29.756,-34.944,-39.674,-44.099,-47.914,-50.356,-51.424,-52.492,-50.356,-49.287,-45.778,-42.726,-39.064,-35.096,-32.35,-30.366,-28.84,-26.856,-24.567,-21.516,-19.532,-19.379,-17.243,-15.412,-12.513,-10.071,-8.6978,-6.8667,-4.4252,-3.2044,-2.8993,-4.4252,-5.6459,-7.9348,-7.7822,-8.0874,-5.3407,-2.2889,1.5259,4.12,8.0874,10.987,13.123,14.191,18.006,20.753,26.399,30.061,35.859,38.148,40.59,41.658,43.184,44.252,47.456,48.83,52.034,54.17,57.07,58.443,62.105,66.225,72.787,75.686,78.585,80.874,81.637,78.433,75.076,71.261,66.836,57.833,52.644,48.677,47.151,44.557,43.336,42.879,41.963,42.726,44.557,45.473,46.999,47.914,49.593,48.067,48.219,46.388,43.641,40.132,39.827,41.047,41.2,37.996,36.47,35.249,36.012,37.08,41.047,42.573,44.252,43.184,46.236,47.151,47.456,47.456,48.677,49.593,50.508,49.287,46.846,39.064,32.655,28.077,27.619,25.178,24.873,25.178,25.178,23.652,22.584,20.6,21.516,20.447,20.447,20.142,19.837,16.327,16.633,16.785,16.175,13.428,11.75,10.376,9.1556,7.0193,7.1718,5.4933,4.883,1.3733,-0.45778,-0.15259,2.1363,5.1881,10.376,15.412,20.753,26.093,32.197,36.164,40.284,42.116,43.031,42.573,43.794,45.473,45.32,43.031,39.979,36.927,36.775,36.775,37.843,36.317,35.401,34.181,33.265,31.892,31.281,29.756,29.45,28.382,27.924,25.025,25.025,24.873,27.314,29.45,31.129,31.587,33.265,34.028,32.96,30.519,30.671,28.993,28.993,28.687,28.687,24.72,22.279,21.516,21.21,20.447,20.447,19.379,19.684,19.379,20.295,19.379,18.006,15.717,15.259,14.344,15.717,16.938,18.159,18.006,18.921,15.87,13.276,9.1556,5.0356,3.2044,4.2726,7.7822,9.9185,11.444,13.123,12.207,11.444,9.9185,10.529,9.1556,10.987,13.428,17.09,21.516,23.652,22.584,21.058,20.295,21.21,18.769,16.175,13.733,14.039,15.107,15.259,14.039,14.191,13.581,12.513,9.4607,9.6133,9.9185,12.055,12.513,11.292,7.6296,2.2889,-2.4415,-5.0356,-7.0193,-7.477,-8.24,-6.7141,-5.9511,-4.2726,-3.2044,-2.4415,-2.1363,-3.0519,-6.4089,-8.5452,-9.4607,-8.8504,-7.7822,-5.9511,-5.7985,-3.8148,-4.4252,-4.883,-8.24,-9.6133,-11.75,-14.954,-17.396,-15.717,-15.107,-13.123,-12.97,-10.681,-8.3926,-5.4933,-5.9511,-6.5615,-7.477,-6.4089,-6.8667,-9.1556,-14.039,-16.785,-19.074,-18.311,-19.99,-21.21,-26.093,-28.687,-31.892,-34.333,-36.622,-38.301,-39.216,-40.742,-42.573,-41.353,-40.284,-35.707,-32.197,-27.619,-25.025,-24.415,-26.551,-27.314,-28.84,-27.772,-27.924,-28.077,-29.908,-29.603,-29.908,-28.535,-28.84,-27.924,-27.619,-24.72,-22.584,-21.21,-22.279,-22.126,-22.431,-21.516,-22.279,-23.347,-22.279,-19.227,-16.327,-16.022,-17.548,-17.243,-18.616,-16.633,-16.785,-14.954,-16.175,-15.717,-14.191,-10.987,-8.3926,-5.6459,-4.883,-3.0519,-4.12,-3.0519,-2.1363,0.76296,1.2207,1.3733,-1.0681,-4.4252,-7.3244,-9.6133,-12.207,-13.886,-17.548,-18.616,-22.736,-23.041,-23.957,-22.584,-20.142,-16.48,-13.733,-10.376,-8.8504,-6.2563,-4.883,-2.4415,-2.4415,-3.8148,-8.8504,-12.36,-15.259,-16.48,-16.633,-15.259,-15.564,-17.243,-19.99,-18.921,-18.006,-15.717,-16.633,-17.09,-19.227,-21.058,-22.431,-23.499,-24.262,-24.262,-23.652,-21.821,-21.821,-20.447,-19.99,-17.243,-18.464,-18.616,-22.431,-25.025,-29.298,-31.892,-33.418,-33.57,-35.096,-35.859,-39.064,-38.911,-38.606,-36.47,-36.012,-32.502,-30.976,-28.84,-28.84,-29.756,-34.028,-39.369,-44.862,-46.999,-50.661,-52.95,-57.222,-56.459,-56.612,-55.696,-56.917,-56.001,-55.849,-53.713,-51.271,-46.999,-44.862,-41.963,-41.658,-39.521,-39.674,-39.064,-40.59,-42.116,-43.336,-42.573,-41.2,-41.505,-44.099,-47.456,-51.424,-53.713,-55.238,-55.391,-54.628,-52.187,-48.677,-44.404,-39.369,-33.113,-26.246,-18.921,-12.665,-5.9511,-2.5941,3.5096,6.4089,9.1556,10.681,11.444,12.055,14.191,13.733,10.834,4.2726,0.15259,-5.3407,-9.3081,-15.717,-19.074,-23.347,-26.551,-29.145,-31.434,-34.791,-40.437,-44.862,-46.999,-49.745,-51.576,-54.933,-54.628,-55.391,-53.407,-48.524,-44.71,-43.184,-42.268,-40.132,-36.927,-35.554,-33.723,-33.113,-30.976,-29.603,-27.467,-25.788,-24.11,-23.347,-23.652,-26.246,-30.824,-36.622,-40.895,-45.778,-49.745,-56.001,-60.121,-63.326,-65.767,-69.887,-74.16,-79.348,-84.536,-90.945,-95.981,-101.17,-102.69,-104.68,-104.22,-104.07,-100.41,-98.575,-97.049,-95.523,-92.929,-91.098,-87.436,-85.299,-80.874,-78.28,-73.702,-71.871,-69.124,-67.598,-65.462,-65.92,-67.446,-69.277,-70.498,-72.176,-73.092,-76.449,-77.212,-78.89,-78.738,-81.332,-83.163,-86.52,-89.114,-91.708,-93.997,-96.591,-99.796,-103,-101.78,-101.63,-98.422,-95.828,-92.318,-90.487,-86.062,-81.179,-76.754,-72.787,-69.735,-68.056,-66.53,-66.225,-63.173,-61.19,-58.138,-57.527,-54.476,-53.255,-50.508,-49.898,-46.236,-44.862,-43.794,-44.862,-46.541,-47.914,-46.693,-44.862,-38.911,-37.538,-36.012,-36.775,-38.759,-41.963,-44.252,-45.93,-45.473,-45.778,-43.794,-43.031,-42.421,-45.167,-48.219,-55.544,-61.495,-66.683,-70.956,-73.397,-72.481,-70.498,-66.683,-63.478,-57.68,-54.018,-48.219,-45.625,-42.268,-39.827,-36.927,-35.401,-32.502,-31.587,-30.366,-29.45,-26.856,-25.483,-23.347,-23.194,-22.889,-24.415,-25.483,-26.551,-26.399,-27.161,-28.077,-28.993,-29.908,-33.876,-36.164,-38.759,-40.895,-44.557,-45.93,-46.846,-46.388,-46.999,-48.982,-49.898,-50.05,-48.982,-45.625,-44.252,-41.2,-40.437,-36.47,-33.265,-30.976,-31.434,-31.281,-29.145,-26.399,-23.652,-19.684,-16.785,-13.581,-14.649,-16.175,-19.532,-22.126,-22.736,-21.516,-20.447,-16.785,-14.191,-12.36,-12.665,-12.818,-16.327,-18.006,-21.516,-25.33,-33.265,-39.064,-44.862,-48.524,-53.56,-57.833,-64.089,-67.141,-71.108,-74.007,-78.127,-80.874,-86.673,-92.471,-98.575,-105.14,-110.48,-115.36,-121.01,-125.28,-128.33,-128.48,-129.4,-126.96,-125.28,-121.46,-119.33,-117.65,-115.21,-111.09,-107.12,-99.338,-92.318,-83.01,-76.144,-68.972,-65.157,-60.884,-59.358,-56.001,-52.95,-48.982,-45.015,-40.284,-37.233,-32.655,-29.45,-23.041,-18.769,-12.818,-8.3926,-2.5941,2.1363,7.477,12.513,18.464,23.652,27.924,30.213,34.181,36.012,39.521,42.268,46.236,48.219,50.966,53.102,55.544,55.696,56.154,56.307,57.375,56.307,57.68,54.933,52.644,50.508,49.745,49.898,52.034,52.034,51.576,49.135,47.609,44.404,43.947,43.489,41.2,37.08,31.739,23.652,15.259,6.1037,-1.5259,-9.003,-13.123,-19.379,-22.126,-25.33,-26.856,-27.467,-25.025,-24.415,-23.194,-23.347,-21.363,-20.142,-15.717,-14.039,-13.733,-13.581,-15.107,-18.464,-18.769,-19.684,-18.616,-19.99,-20.295,-23.804,-25.178,-27.009,-27.009,-27.467,-29.145,-32.044,-31.587,-34.181,-35.249,-35.554,-32.044,-29.298,-26.856,-24.873,-22.279,-20.142,-18.159,-16.48,-12.97,-11.902,-7.7822,-6.2563,-5.0356,-4.2726,-2.8993,-0,4.12,6.8667,11.292,13.733,18.159,23.957,29.908,35.554,41.353,46.236,51.118,55.696,59.816,62.105,65.615,70.498,75.838,79.653,86.673,92.776,100.41,105.9,111.39,115.21,117.65,120.85,124.52,129.4,137.18,144.05,150.91,156.1,158.39,159.15,159.92,162.82,167.39,168,169.23,167.09,164.95,161.29,154.73,147.86,139.77,129.4,120.7,111.85,105.29,97.812,90.182,79.653,67.904,54.476,40.895,26.856,14.344,0.45778,-12.207,-27.467,-41.2,-56.001,-69.277,-81.942,-94.607,-107.88,-122.07,-136.11,-148.93,-162.82,-175.18,-190.13,-203.1,-218.36,-231.03,-243.69,-255.59,-267.04,-276.5,-284.59,-291.45,-298.93,-305.03,-312.36,-316.17,-318.92,-319.68,-321.36,-321.51,-320.9,-319.38,-316.17,-312.05,-308.69,-304.42,-300.76,-295.72,-292.83,-289.62,-287.48,-284.89,-282.45,-279.09,-275.12,-271.92,-269.02,-266.27,-265.21,-262.15,-260.78,-257.12,-254.98,-250.71,-247.05,-242.77,-240.18,-238.04,-234.99,-232.55,-229.8,-226.29,-222.94,-218.97,-216.22,-212.56,-209.81,-205.69,-203.56,-201.27,-198.98,-196.69,-194.56,-192.72,-191.5,-188.76,-187.38,-184.94,-183.72,-180.97,-178.84,-175.33,-171.97,-169.68,-168.61,-168.46,-167.55,-166.17,-165.26,-163.43,-163.12,-160.99,-160.22,-157.93,-155.64,-153.97,-152.75,-152.59,-153.36,-152.75,-152.29,-151.37,-151.22,-149.39,-148.17,-146.03,-144.35,-143.89,-143.13,-142.22,-141.3,-140.69,-139.77,-137.79,-136.72,-135.04,-136.27,-135.96,-136.72,-135.35,-131.99,-130.16,-128.64,-128.03,-128.48,-128.94,-130.77,-131.23,-131.53,-130.77,-130.31,-128.64,-127.26,-126.04,-125.58,-124.06,-122.38,-120.7,-120.55,-118.87,-118.56,-116.43,-114.75,-113.53,-111.39,-110.63,-109.1,-107.73,-106.2,-104.37,-102.54,-99.338,-97.049,-94.302,-92.624,-90.487,-90.487,-90.335,-89.419,-88.351,-86.978,-85.757,-83.926,-81.179,-79.653,-78.28,-77.364,-76.296,-75.381,-74.16,-73.397,-72.176,-69.582,-67.293,-64.547,-60.579,-56.307,-51.729,-48.219,-43.794,-41.505,-36.775,-30.824,-25.941,-22.279,-18.921,-16.938,-13.886,-12.36,-9.7659,-8.5452,-6.7141,-6.2563,-4.7304,-3.5096,-2.5941,-2.4415,-3.6622,-4.2726,-5.3407,-6.7141,-6.8667,-8.3926,-9.1556,-10.376,-11.75,-12.97,-16.48,-20.142,-23.347,-25.178,-26.399,-26.704,-24.72,-24.415,-22.889,-20.447,-17.243,-14.954,-12.665,-9.6133,-7.7822,-6.2563,-2.7467,1.5259,6.4089,8.6978,11.902,14.039,17.243,20.6,26.246,30.366,34.028,35.859,37.996,39.521,42.116,43.947,49.135,53.865,57.833,60.732,63.478,66.683,71.108,75.991,81.332,84.384,87.283,87.741,88.961,88.809,89.724,89.114,87.436,85.757,85.91,86.978,90.793,90.487,90.182,87.741,88.961,89.724,88.809,85.452,81.484,75.991,70.803,64.699,59.969,54.933,50.813,44.71,43.031,42.573,41.2,37.996,35.859,34.333,31.281,28.535,29.756,30.519,35.249,40.132,45.473,46.541,49.44,54.018,59.816,66.225,71.871,78.738,85.147,87.283,90.793,98.575,110.48,121.31,130.92,140.08,147.25,153.81,162.36,166.94,169.07,172.58,183.26,191.2,195.17,196.08,198.22,198.22,201.27,205.69,207.68,205.54,198.98,187.99,178.84,167.24,155.03,142.83,136.57,128.33,118.87,109.1,99.643,90.793,83.163,77.059,71.718,61.495,50.813,37.996,28.84,22.736,21.516,22.889,24.873,27.467,32.197,36.927,40.895,43.184,48.067,52.797,63.173,72.634,83.468,94.455,106.36,115.67,126.04,135.2,145.42,154.58,164.95,175.33,186.32,193.64,204.47,215.16,225.23,231.33,236.06,238.5,241.4,244,247.35,249.03,252.24,255.75,260.02,262.76,265.82,268.72,270.85,271.46,270.55,268.11,266.27,263.37,260.48,255.44,250.25,241.86,234.08,225.68,218.21,210.88,204.47,196.84,187.99,177.01,166.78,154.88,146.03,134.59,124.52,113.83,105.44,95.981,88.046,78.89,71.871,66.683,62.563,56.612,50.813,44.099,38.759,31.129,25.025,17.548,12.97,9.6133,6.8667,3.0519,-1.0681,-4.12,-5.0356,-7.0193,-7.3244,-9.9185,-10.529,-11.75,-11.75,-10.987,-9.3081,-8.5452,-8.6978,-7.6296,-5.3407,-2.8993,-0.61037,0.45778,1.8311,2.7467,4.7304,7.6296,10.376,12.818,15.259,16.938,18.921,19.99,21.363,20.753,20.295,17.548,16.48,14.191,12.665,10.987,9.9185,9.3081,9.1556,9.6133,12.818,13.581,14.496,13.886,13.276,11.597,10.834,12.055,12.207,13.123,14.039,14.344,16.022,16.785,18.616,20.905,25.636,29.298,34.639,39.369,45.32,51.118,56.154,58.901,62.563,64.089,65.767,66.225,68.514,70.345,72.176,72.634,73.397,72.939,73.55,74.618,77.822,80.569,83.468,83.926,86.367,87.893,89.572,92.013,94.76,96.286,99.033,100.86,105.14,107.58,112.16,116.43,122.53,128.64,135.35,141.45,147.71,152.29,155.49,158.85,163.43,165.26,167.24,167.7,168.46,168.31,168.77,167.55,165.41,161.29,160.37,159.15,158.39,157.17,156.87,155.03,153.97,152.29,150.15,146.79,145.12,142.52,142.67,140.69,140.54,139.32,137.94,136.27,133.67,130.01,126.8,122.84,120.09,115.97,113.99,110.32,108.19,103,97.964,91.098,85.604,80.721,76.601,71.413,65.767,59.969,54.628,47.304,40.742,33.418,28.535,24.11,21.21,16.633,11.902,6.7141,2.1363,-2.4415,-3.2044,-5.1881,-7.1718,-10.834,-10.834,-12.513,-13.428,-14.954,-18.616,-24.415,-29.908,-36.927,-42.726,-49.593,-56.307,-65.615,-72.481,-79.653,-86.215,-95.218,-103.61,-111.09,-114.75,-116.58,-117.5,-118.41,-119.17,-121.77,-123.91,-129.86,-135.65,-140.69,-146.64,-154.88,-161.75,-166.48,-169.23,-172.73,-174.87,-177.62,-182.5,-189.67,-194.25,-199.13,-204.47,-209.51,-212.71,-213.63,-214.7,-219.89,-223.24,-225.53,-224.46,-223.24,-218.97,-215.16,-211.34,-210.88,-213.63,-219.28,-224.31,-227.21,-228.28,-229.35,-228.89,-230.87,-231.64,-232.09,-230.11,-228.58,-226.75,-227.06,-226.45,-225.38,-221.56,-218.97,-214.24,-207.98,-199.74,-191.66,-180.36,-170.6,-163.88,-159,-153.36,-146.79,-139.32,-133.98,-128.33,-124.52,-119.48,-115.36,-109.56,-104.07,-101.32,-101.02,-98.422,-96.591,-96.286,-97.812,-97.201,-94.913,-90.945,-90.487,-92.013,-95.37,-95.828,-93.692,-87.436,-81.942,-79.806,-81.027,-80.569,-79.958,-74.465,-68.972,-60.884,-53.865,-46.693,-42.268,-38.301,-35.096,-31.892,-29.45,-26.704,-26.246,-22.126,-18.006,-14.191,-13.886,-14.954,-15.412,-14.496,-11.902,-7.3244,-4.4252,-0,1.9837,5.7985,9.3081,14.191,19.227,26.399,32.35,36.164,40.742,45.015,47.304,49.44,50.508,51.881,50.813,52.034,50.661,48.982,46.846,45.015,42.116,39.369,36.47,34.028,31.739,31.739,29.756,32.197,34.791,40.132,43.641,46.999,46.541,46.541,47.761,50.356,54.018,57.985,58.596,58.596,58.901,60.579,60.732,60.274,60.121,61.037,63.326,67.598,72.024,76.601,77.517,78.585,74.16,71.261,67.141,65.004,61.495,59.206,57.222,57.985,59.206,61.19,61.495,62.716,64.241,67.751,70.193,76.296,83.163,90.487,97.049,104.07,109.87,116.58,122.07,126.19,128.79,132.15,133.37,136.11,137.94,142.06,144.66,149.24,151.83,153.81,153.66,152.75,152.13,154.88,155.03,156.56,155.95,155.49,151.83,150.15,147.1,145.27,142.98,141,138.1,137.64,135.2,134.28,132.3,133.06,133.21,135.35,137.33,138.86,140.69,144.2,147.71,153.66,154.73,155.64,154.27,154.12,153.36,151.68,149.85,148.32,145.42,140.39,133.06,126.96,119.79,115.21,112,112.77,115.05,117.19,120.09,123.91,125.89,127.11,128.03,131.53,134.74,141.61,149.54,157.02,163.88,172.28,181.89,191.5,199.9,207.83,212.87,218.51,221.11,222.02,218.82,214.24,208.9,203.56,196.08,189.37,181.89,175.18,167.85,163.88,158.24,154.42,151.22,146.49,140.54,133.67,128.48,124.21,120.4,118.41,115.05,112.31,108.49,104.53,100.41,96.438,91.098,86.062,82.095,80.111,77.364,76.601,74.313,73.244,71.413,70.65,70.65,69.124,68.514,67.904,67.141,66.53,66.836,68.514,68.972,71.261,71.718,73.55,74.923,76.296,77.059,79.043,83.316,86.978,89.724,92.318,92.624,93.692,93.234,93.692,94.302,96.133,99.185,103.31,107.43,111.55,117.19,123.6,126.8,130.92,132.91,135.35,136.57,138.4,140.08,142.67,144.66,143.59,141.3,139.93,137.94,137.49,135.81,133.98,130.31,128.94,128.33,127.57,126.8,127.41,127.87,130.47,132.76,135.04,135.2,138.55,140.08,141.3,142.37,142.83,142.52,141.76,141,141.45,140.54,142.22,143.44,145.12,144.66,144.35,143.28,141.45,139.62,137.64,136.42,135.2,134.59,135.35,136.42,139.77,141.3,143.89,145.27,145.88,144.96,143.74,141.76,140.54,140.23,140.23,137.94,135.65,131.99,129.09,125.89,123.45,121.16,120.4,118.11,115.51,113.22,110.78,107.43,104.53,100.25,97.049,91.25,87.13,83.621,79.043,75.381,72.634,68.819,65.004,59.816,56.154,49.44,45.625,42.726,41.047,36.775,33.113,29.908,29.603,29.298,29.908,32.35,35.401,37.538,39.521,39.827,39.827,37.385,36.317,34.333,32.044,29.145,26.399,25.33,26.704,27.924,30.671,30.824,32.502,31.892,32.197,28.535,26.093,23.194,19.837,15.564,10.529,5.9511,3.0519,-2.2889,-8.0874,-16.633,-22.431,-27.619,-30.824,-35.707,-40.437,-44.71,-49.898,-53.713,-53.407,-55.849,-56.612,-56.612,-54.933,-54.781,-53.713,-52.492,-53.102,-54.018,-55.696,-57.222,-57.527,-58.138,-57.375,-60.121,-62.716,-66.073,-68.819,-68.667,-66.073,-62.716,-59.206,-57.985,-55.086,-50.05,-39.979,-32.502,-27.924,-25.636,-24.72,-22.889,-21.973,-21.363,-22.279,-25.636,-26.551,-27.467,-26.246,-26.246,-26.704,-28.993,-31.587,-36.775,-41.963,-49.44,-54.933,-59.511,-62.716,-67.446,-68.209,-67.904,-65.615,-61.953,-59.511,-56.307,-52.95,-50.05,-45.167,-41.81,-37.996,-36.47,-36.012,-35.859,-34.333,-30.519,-24.873,-21.668,-20.295,-21.668,-19.684,-19.227,-19.074,-20.447,-20.295,-20.905,-18.616,-15.717,-12.513,-9.6133,-5.3407,-2.2889,0.61037,0.30519,-0.30519,0.61037,3.6622,6.1037,7.9348,9.3081,11.292,11.902,12.818,11.75,11.292,9.9185,9.4607,10.529,12.055,12.818,12.513,11.444,14.496,14.801,16.327,16.938,17.701,16.022,13.276,9.6133,6.5615,4.5778,1.3733,-1.0681,-1.2207,-1.8311,-0.30519,-1.8311,-1.3733,-1.9837,-0.76296,-1.0681,-1.9837,-3.0519,-2.1363,-1.0681,0.76296,2.1363,4.883,7.0193,10.376,8.24,5.9511,1.5259,-0,0.76296,1.8311,0.91556,-1.0681,-3.9674,-5.6459,-8.8504,-9.7659,-10.376,-9.3081,-10.529,-11.444,-13.123,-13.733,-14.496,-15.412,-16.327,-16.938,-17.548,-16.022,-17.548,-20.905,-24.72,-26.093,-27.161,-26.704,-25.788,-26.093,-25.788,-22.889,-18.921,-14.649,-13.428,-12.818,-16.327,-19.532,-24.11,-29.145,-33.265,-36.927,-40.59,-40.895,-41.047,-41.658,-46.693,-49.898,-56.307,-60.274,-64.394,-67.904,-72.787,-79.196,-86.367,-92.776,-98.88,-102.54,-108.04,-110.32,-113.68,-115.67,-117.95,-119.94,-121.77,-123.45,-126.96,-129.09,-132.76,-135.2,-137.49,-139.47,-143.13,-144.96,-145.73,-144.66,-144.35,-147.25,-150.91,-151.83,-151.52,-149.54,-150,-148.93,-149.39,-148.63,-149.08,-149.39,-148.47,-147.1,-143.74,-139.16,-134.89,-130.31,-126.35,-120.09,-115.21,-109.87,-104.53,-96.896,-88.961,-80.264,-72.024,-64.089,-59.511,-56.001,-54.018,-49.44,-46.846,-41.505,-38.606,-34.791,-31.587,-27.924,-25.33,-23.041,-21.058,-19.074,-19.379,-16.633,-15.717,-13.581,-14.496,-14.649,-14.954,-15.107,-13.886,-10.529,-7.9348,-4.12,0.91556,7.6296,12.513,18.616,22.889,29.603,35.859,42.421,47.761,51.729,54.628,56.917,57.07,57.07,54.476,56.612,58.138,61.8,62.105,62.41,62.105,62.563,62.716,63.021,60.579,58.443,53.865,49.898,44.404,38.759,30.824,23.499,16.633,10.071,2.8993,-2.1363,-7.477,-11.139,-16.022,-19.532,-26.093,-30.366,-36.164,-40.132,-46.541,-52.034,-57.68,-62.563,-68.667,-74.923,-81.332,-84.384,-88.046,-90.64,-95.065,-98.727,-102.54,-106.66,-110.78,-114.9,-119.33,-124.36,-130.47,-134.74,-142.22,-149.24,-158.85,-166.02,-174.87,-182.81,-190.59,-196.69,-202.19,-207.83,-213.93,-218.82,-224.92,-230.11,-237.74,-243.39,-251.01,-258.03,-263.99,-268.87,-273.6,-277.72,-280.77,-283.82,-287.64,-292.67,-298.62,-302.44,-307.78,-312.66,-317.85,-321.97,-326.7,-332.19,-339.37,-347,-354.78,-361.03,-367.6,-372.78,-377.97,-381.48,-384.23,-385.45,-386.97,-387.28,-387.59,-388.04,-388.81,-386.82,-386.67,-386.36,-387.13,-386.97,-388.04,-387.89,-386.82,-384.69,-382.24,-379.5,-377.67,-377.21,-377.21,-374.77,-373.24,-370.8,-367.14,-362.1,-358.29,-354.47,-350.81,-346.54,-343.49,-341.81,-338.91,-335.55,-332.96,-328.84,-324.11,-315.56,-307.47,-300.61,-294.66,-288.55,-283.06,-276.04,-268.56,-260.32,-254.07,-246.28,-239.42,-231.48,-225.23,-218.36,-211.65,-206,-199.9,-194.25,-189.83,-186.47,-185.09,-181.74,-178.53,-172.58,-167.09,-160.83,-154.27,-147.56,-138.86,-129.86,-121.01,-112.61,-106.05,-99.185,-93.387,-86.367,-82.095,-77.517,-75.991,-73.855,-72.481,-71.413,-71.871,-72.176,-72.024,-72.176,-74.313,-75.686,-76.754,-75.381,-73.55,-72.329,-73.244,-73.55,-74.16,-75.228,-75.991,-76.449,-75.991,-73.397,-70.956,-66.225,-64.394,-62.41,-61.19,-59.511,-56.764,-53.56,-49.135,-46.236,-45.625,-46.388,-49.287,-50.508,-52.034,-52.034,-51.729,-51.576,-53.56,-53.865,-51.118,-50.661,-50.661,-50.203,-50.661,-50.966,-49.135,-45.015,-43.947,-41.81,-38.911,-34.791,-28.84,-21.058,-14.801,-9.1556,-4.5778,2.2889,7.9348,13.581,16.175,21.668,29.756,37.233,39.369,40.895,45.93,53.713,58.138,63.478,67.141,72.024,74.313,76.296,76.601,75.533,74.16,73.702,71.261,70.345,68.514,69.124,68.361,68.819,68.667,68.209,67.598,66.836,64.699,66.683,68.667,71.108,73.397,79.043,86.367,97.659,105.44,107.43,106.97,106.2,103.61,99.948,95.37,93.387,90.793,89.572,88.656,86.978,82.858,79.043,76.754,75.838,74.77,74.465,72.329,68.972,62.716,60.121,59.358,60.121,56.917,53.255,50.508,51.881,52.492,52.034,53.102,57.527,62.716,68.361,72.024,76.296,78.433,79.348,78.89,79.501,82.858,86.215,87.893,92.166,97.201,107.12,116.28,125.74,131.99,138.4,141.91,145.12,147.86,152.44,155.19,158.39,161.9,167.7,169.38,171.97,174.72,180.82,185.09,191.35,193.33,194.4,191.96,189.21,186.16,182.81,178.84,177.16,173.35,169.53,165.72,165.11,162.82,160.22,155.64,149.85,143.28,136.88,131.53,128.18,123.91,119.02,112.31,107.43,102.39,97.964,93.234,90.64,88.961,88.504,87.436,87.13,85.757,85.757,84.841,83.773,81.332,79.501,78.738,78.28,78.738,82.4,85.604,90.793,97.049,101.02,99.49,95.981,88.198,81.637,77.059,77.364,78.433,79.043,77.822,76.601,74.618,75.838,75.838,78.28,76.754,76.144,70.956,66.225,59.969,54.933,50.356,48.677,45.93,44.404,43.031,43.031,41.353,41.047,39.674,39.979,40.59,42.116,44.252,47.151,46.846,48.067,47.456,47.609,45.625,46.388,46.236,49.44,52.797,57.833,60.274,60.579,58.138,54.933,53.713,54.628,55.391,59.511,60.579,63.631,67.904,74.77,78.433,83.01,86.215,92.013,100.25,108.8,116.73,122.38,122.84,123.45,121.31,118.56,114.75,111.85,107.12,104.53,104.68,105.59,104.07,104.37,105.44,108.04,108.19,110.32,113.38,116.58,118.87,121.46,120.7,121.16,120.4,121.92,122.38,122.23,121.16,120.85,120.85,121.77,123.45,123.91,123.6,124.67,124.52,124.52,122.84,121.46,119.63,117.95,116.28,116.43,114.75,113.53,109.87,106.05,102.08,100.86,97.507,92.013,86.215,80.874,74.465,67.446,58.29,51.271,44.862,42.268,39.369,37.233,35.096,30.519,26.856,24.873,23.652,23.041,19.684,18.769,16.785,18.159,20.142,25.025,29.298,34.486,38.148,39.674,40.437,42.268,43.947,47.304,49.44,53.255,55.391,59.969,62.105,66.378,70.193,74.313,76.601,78.585,79.958,82.095,80.569,81.332,80.111,80.569,81.027,83.468,85.147,87.588,89.724,91.556,92.624,92.013,90.182,88.961,86.367,85.91,84.994,84.994,85.452,84.994,83.01,82.4,81.637,79.196,76.144,73.244,68.514,64.852,61.8,60.579,56.917,54.17,52.339,50.356,47.151,43.336,38.148,37.69,35.859,35.707,32.96,31.129,27.924,25.483,25.483,25.025,23.194,20.905,16.633,12.513,8.6978,6.7141,2.4415,-1.3733,-5.1881,-6.7141,-8.24,-8.8504,-10.529,-8.8504,-10.681,-12.207,-16.938,-21.516,-25.788,-30.061,-32.96,-34.181,-36.317,-38.301,-41.505,-43.641,-46.846,-47.609,-49.898,-52.492,-54.933,-55.544,-56.764,-55.696,-56.001,-54.17,-52.797,-48.982,-46.693,-42.879,-39.216,-33.113,-27.467,-21.21,-16.48,-9.7659,-4.5778,3.357,11.444,19.99,28.535,36.927,46.541,56.612,65.462,76.296,84.078,94.455,102.85,113.99,124.06,132.91,141,148.63,155.95,163.88,170.45,178.23,184.18,191.96,200.81,208.75,215.46,220.5,225.23,230.26,233.77,239.11,243.23,249.49,253.15,257.12,260.32,261.39,262.92,266.58,269.48,273.6,277.87,282.3,282.75,284.43,285.04,286.42,287.79,289.93,292.37,295.27,297.4,300.61,303.2,305.49,306.25,307.32,307.32,309,309.76,310.22,311.44,311.59,309.61,309,305.64,304.73,302.74,301.52,298.62,297.1,296.33,296.18,295.42,293.74,289.62,283.97,275.89,268.87,260.48,254.52,248.73,244.45,240.03,236.82,234.53,232.55,229.65,226.91,224.16,223.7,223.4,224.46,224.31,225.53,227.36,227.97,226.91,226.45,225.68,224.62,221.72,219.12,217.29,215,211.04,208.29,203.71,199.9,196.23,191.5,186.01,180.21,172.12,165.56,155.95,147.4,137.79,132.15,127.41,125.13,122.07,118.41,111.85,104.83,97.812,91.098,83.773,79.196,75.991,76.144,77.059,77.975,78.28,76.144,74.77,74.007,72.787,71.718,69.735,69.43,68.361,68.972,68.819,68.819,65.31,61.342,57.985,54.476,52.034,50.05,48.982,48.067,46.846,46.541,42.573,38.759,35.859,34.028,32.044,29.145,26.246,25.941,26.551,27.009,25.636,25.178,25.636,27.924,27.924,28.382,28.382,26.856,23.652,18.921,13.581,9.1556,5.9511,4.12,-0.15259,-3.0519,-10.071,-15.717,-21.516,-24.567,-24.11,-23.804,-25.33,-26.704,-27.314,-27.161,-28.077,-27.314,-27.619,-27.009,-28.687,-31.739,-36.622,-41.047,-45.93,-50.661,-54.323,-55.238,-57.375,-59.206,-61.647,-61.8,-64.547,-67.904,-70.345,-73.55,-75.381,-77.059,-80.569,-82.705,-86.215,-87.13,-89.572,-90.64,-90.64,-90.945,-89.114,-85.91,-83.01,-80.569,-77.517,-74.313,-69.887,-61.8,-51.881,-42.726,-38.148,-35.249,-32.655,-29.145,-27.314,-27.314,-28.077,-25.33,-24.567,-23.347,-25.788,-27.161,-28.382,-29.603,-30.824,-29.908,-26.856,-25.025,-22.584,-16.785,-10.681,-3.6622,0.61037,5.9511,8.3926,11.292,12.513,12.818,13.123,13.428,12.513,10.071,6.4089,4.7304,1.2207,-1.0681,-5.4933,-10.071,-13.123,-15.259,-16.785,-14.801,-10.681,-6.4089,-6.5615,-5.7985,-6.1037,-6.7141,-10.987,-12.97,-15.412,-17.243,-19.684,-21.058,-21.668,-20.447,-18.921,-16.48,-15.412,-12.513,-13.886,-16.022,-21.363,-24.873,-28.23,-29.908,-31.892,-37.385,-44.099,-50.966,-58.901,-64.852,-71.108,-75.228,-81.484,-85.604,-90.487,-92.318,-96.133,-98.422,-101.17,-104.37,-108.49,-110.93,-113.07,-115.05,-119.17,-120.24,-123.29,-123.6,-125.28,-125.58,-126.04,-128.18,-130.77,-133.52,-136.57,-137.49,-138.71,-140.23,-145.88,-150.46,-157.32,-161.6,-166.63,-171.36,-177.16,-182.65,-189.67,-196.84,-203.1,-207.53,-213.17,-215.16,-219.28,-220.04,-220.95,-222.48,-225.53,-227.67,-229.35,-225.53,-219.43,-214.09,-211.95,-209.05,-206,-199.59,-195.17,-190.59,-189.83,-189.37,-191.35,-193.79,-198.37,-205.69,-218.21,-229.35,-242.62,-253.46,-265.66,-275.43,-285.96,-295.11,-304.73,-314.04,-325.17,-334.48,-342.11,-348.37,-355.69,-359.2,-361.64,-361.64,-363.78,-366.22,-368.36,-368.82,-369.27,-368.21,-366.99,-363.17,-360.12,-356.15,-351.88,-346.84,-342.42,-335.25,-328.38,-321.51,-315.41,-307.02,-299.54,-288.09,-278.33,-268.41,-259.87,-250.1,-239.42,-227.06,-214.39,-200.66,-189.37,-174.26,-161.14,-146.79,-134.89,-123.45,-111.7,-99.338,-88.351,-78.433,-68.209,-57.527,-48.524,-39.369,-31.281,-20.6,-11.902,-1.8311,6.7141,17.853,27.467,35.707,42.726,49.593,53.255,56.307,56.764,57.222,54.17,52.339,52.034,52.492,51.576,50.508,49.44,50.508,49.135,50.508,52.034,56.307,57.527,57.68,56.001,55.238,52.797,50.661,48.677,48.982,46.693,47.151,44.557,44.862,43.031,40.742,36.622,31.892,28.84,26.093,21.821,16.48,9.4607,3.5096,-4.5778,-10.834,-18.769,-25.025,-34.791,-44.252,-55.086,-66.53,-78.738,-88.961,-99.643,-108.49,-119.94,-129.55,-139.47,-149.24,-160.68,-171.97,-184.33,-196.69,-207.22,-216.07,-225.07,-235.76,-248.12,-259.56,-272.23,-282.14,-294.66,-305.34,-315.87,-325.33,-334.48,-344.86,-353.56,-360.88,-368.97,-376.75,-383.92,-389.42,-396.13,-402.84,-412.31,-421.77,-433.52,-443.28,-451.98,-460.07,-466.78,-472.73,-478.68,-485.09,-491.96,-496.84,-502.79,-508.74,-515.92,-522.63,-528.28,-532.55,-538.04,-542.31,-545.67,-548.42,-551.62,-551.47,-549.79,-546.89,-546.43,-544.3,-542.77,-540.94,-537.58,-535.29,-534.99,-535.29,-533.92,-531.02,-528.43,-525.99,-523.7,-521.26,-518.2,-511.34,-503.56,-494.71,-484.63,-473.95,-464.19,-458.54,-456.86,-457.17,-456.86,-452.89,-443.59,-427.11,-407.12,-384.69,-361.95,-345.32,-333.72,-324.41,-316.78,-310.37,-306.41,-298.17,-288.4,-277.87,-269.17,-258.19,-249.49,-246.44,-246.59,-242.62,-235.6,-228.13,-224.62,-224.92,-229.5,-232.09,-233.31,-233.16,-233.77,-232.86,-231.64,-229.35,-225.53,-220.19,-218.67,-215.77,-214.39,-214.85,-217.6,-220.65,-223.4,-223.85,-223.4,-222.63,-220.65,-217.6,-216.07,-211.34,-206.31,-198.68,-191.81,-187.23,-183.26,-179.3,-176.85,-174.72,-171.51,-167.39,-162.36,-156.87,-152.29,-147.4,-143.28,-137.33,-129.55,-121.46,-114.9,-107.43,-101.78,-95.523,-90.03,-81.027,-71.261,-64.241,-61.037,-58.443,-55.238,-53.865,-50.05,-45.93,-41.658,-37.08,-33.265,-30.824,-30.061,-27.161,-24.415,-21.821,-19.227,-16.633,-13.581,-9.3081,-5.7985,-1.0681,2.2889,6.8667,10.376,13.886,19.227,25.636,32.502,38.606,43.336,46.999,51.118,57.833,61.953,68.056,72.329,77.364,81.637,86.367,90.793,95.981,100.86,106.36,113.07,120.55,125.89,132.91,138.55,146.64,154.88,162.66,169.68,177.31,184.33,193.03,200.05,209.66,217.14,224.16,230.11,235.6,239.11,242.62,247.66,255.13,261.85,270.09,275.73,281.69,285.96,293.59,297.86,302.29,306.25,310.37,314.34,318.92,321.05,325.02,328.38,332.8,337.53,342.11,346.54,351.42,355.69,360.58,364.39,369.58,371.41,373.85,375.99,378.28,381.18,383.62,384.69,385.3,382.7,382.4,381.79,383.16,382.7,381.48,380.41,379.96,380.57,381.02,381.48,383.01,384.84,389.26,390.94,390.94,391.09,393.08,395.37,398.27,399.64,402.08,402.39,403.15,403,403.3,404.07,403.45,401.17,400.71,399.64,399.33,397.2,394.6,390.79,388.5,385.6,382.4,380.57,377.51,374.46,373.55,371.11,370.19,368.51,368.51,368.36,367.75,367.14,366.68,367.14,366.53,365.61,366.53,363.78,361.49,358.9,357.98,358.59,360.27,360.58,361.49,361.95,362.1,361.03,361.34,360.27,359.51,358.13,357.83,356.76,355.69,356,356.3,357.52,358.9,359.2,362.41,363.78,365,364.24,364.39,363.17,362.87,361.19,359.81,358.44,357.37,354.78,352.49,350.2,349.59,347,346.54,344.4,341.96,339.67,337.38,333.87,329.75,325.17,320.6,316.02,314.49,313.88,313.73,312.36,311.14,309.15,307.63,306.86,304.73,302.9,301.83,301.37,302.9,302.13,302.44,301.68,301.52,300.45,298.01,294.96,292.37,290.54,289.93,288.25,288.25,287.18,287.33,287.64,287.18,286.72,286.57,285.5,285.04,282.6,281.84,279.85,278.63,276.19,275.73,276.35,275.73,273.75,271.61,267.95,266.27,262.31,260.63,258.19,256.66,252.69,248.73,246.13,243.84,241.55,239.72,239.42,241.55,241.71,241.86,240.94,240.03,237.74,235.91,234.08,233.16,231.03,229.35,228.13,228.13,226.6,225.53,223.4,222.17,221.56,219.28,216.22,213.17,209.66,206.76,203.71,200.51,196.23,193.03,188.15,183.11,179.14,174.72,170.14,165.87,162.82,159.46,154.88,151.07,146.79,144.35,141.15,137.79,135.5,134.13,131.38,129.4,127.26,125.13,123.14,123.45,122.23,122.68,121.16,119.48,118.26,117.8,118.11,118.72,119.17,120.4,120.4,119.79,116.43,113.53,108.8,105.9,103.31,100.41,97.659,95.676,92.471,88.809,84.841,82.705,79.653,76.754,73.702,71.566,69.582,67.904,66.378,63.936,60.121,55.849,51.118,48.067,44.862,43.947,42.879,43.641,45.625,46.846,46.236,44.252,41.658,39.827,35.859,31.739,26.856,23.957,20.6,19.227,19.532,20.295,21.973,23.499,24.262,27.161,30.213,33.418,36.47,40.895,43.641,45.167,46.846,48.982,51.118,52.187,54.018,56.612,58.596,61.647,63.173,65.462,65.31,66.225,67.598,68.819,71.261,73.855,76.296,78.585,79.501,80.874,82.247,84.384,84.994,85.91,86.062,85.147,81.942,77.364,71.261,67.141,63.478,60.884,55.544,50.966,45.93,40.742,36.012,30.519,24.415,20.6,15.717,11.292,3.2044,-3.9674,-9.9185,-14.954,-20.295,-26.246,-30.519,-34.639,-41.81,-46.083,-52.034,-56.459,-61.647,-67.598,-73.55,-80.569,-89.572,-96.744,-104.98,-112.16,-121.01,-128.33,-135.81,-143.74,-149.54,-153.51,-157.02,-157.78,-158.7,-161.75,-168,-174.72,-180.82,-185.25,-191.05,-193.64,-195.62,-194.86,-194.86,-194.25,-194.86,-194.71,-192.57,-187.23,-182.65,-178.08,-174.87,-168.46,-165.72,-162.36,-157.78,-154.73,-152.9,-149.54,-146.34,-142.06,-138.4,-134.28,-134.13,-134.13,-133.67,-131.69,-129.86,-128.18,-126.04,-120.55,-118.56,-115.05,-111.7,-109.87,-110.48,-110.17,-106.51,-101.78,-98.422,-93.844,-91.708,-88.504,-86.367,-83.163,-79.958,-77.364,-74.923,-73.397,-73.702,-70.956,-72.634,-73.855,-75.686,-79.348,-85.91,-91.098,-93.387,-93.539,-92.776,-89.267,-86.825,-85.604,-87.13,-86.215,-84.536,-83.01,-82.095,-82.858,-85.757,-87.436,-92.166,-95.828,-98.727,-102.39,-106.51,-109.26,-111.24,-112.92,-115.82,-121.16,-129.4,-134.89,-139.47,-141,-140.69,-140.39,-144.81,-149.08,-151.98,-152.59,-154.58,-153.36,-152.9,-151.52,-150.3,-148.17,-145.73,-144.66,-145.57,-145.12,-144.66,-142.37,-141.15,-137.64,-132.91,-129.7,-127.11,-126.65,-127.57,-126.96,-126.5,-124.21,-123.75,-122.23,-121.46,-120.7,-119.79,-118.56,-118.11,-117.19,-118.11,-118.72,-118.26,-115.36,-112.16,-108.65,-107.73,-108.8,-109.41,-108.49,-107.88,-106.66,-103.92,-99.643,-98.88,-97.049,-97.354,-95.981,-95.523,-98.117,-103.31,-106.2,-108.04,-108.65,-108.95,-107.88,-106.51,-103,-102.08,-99.338,-98.88,-96.591,-94.455,-91.708,-88.961,-86.215,-84.994,-83.926,-84.078,-82.095,-82.858,-80.569,-79.653,-77.364,-74.923,-72.787,-70.04,-65.92,-60.274,-55.849,-53.407,-49.44,-46.541,-42.879,-40.59,-36.927,-32.96,-28.382,-25.788,-23.194,-24.415,-27.467,-30.824,-33.723,-36.317,-36.164,-36.775,-37.08,-39.369,-42.879,-48.372,-53.407,-58.901,-65.157,-73.855,-81.484,-87.741,-90.793,-94.607,-96.744,-98.27,-95.065,-93.844,-92.776,-91.403,-88.656,-84.078,-79.196,-76.144,-72.176,-69.124,-63.478,-60.579,-54.018,-47.761,-37.233,-27.009,-16.327,-8.5452,-1.0681,5.3407,10.224,14.801,18.616,19.684,22.431,22.279,23.499,23.957,26.856,30.213,34.944,40.132,43.794,45.473,47.304,45.473,43.031,39.216,35.707,30.366,27.924,25.178,21.973,17.243,13.123,10.224,9.003,6.4089,5.0356,3.5096,2.7467,1.3733,2.7467,-0.15259,-3.9674,-8.8504,-11.292,-11.139,-9.4607,-7.477,-5.6459,-3.2044,-0,0.76296,1.0681,0.61037,1.8311,1.5259,2.8993,7.3244,14.344,19.837,24.415,26.093,27.467,25.636,25.025,22.431,22.279,22.889,27.009,32.044,38.301,44.862,52.492,58.29,62.258,65.767,70.193,74.007,76.296,76.296,76.907,76.296,75.991,74.313,72.481,70.498,67.904,64.699,63.936,62.41,64.699,64.852,64.394,60.274,58.596,55.849,55.086,55.086,55.391,55.086,54.933,54.323,55.849,55.544,55.238,54.018,52.797,48.219,43.641,40.437,38.453,36.622,34.944,32.655,32.197,29.45,28.077,26.704,27.467,27.009,28.84,32.807,37.233,39.979,41.963,42.116,42.573,42.421,43.947,43.031,46.388,48.83,51.271,52.644,55.086,57.07,60.121,64.089,68.361,71.108,73.55,75.838,79.043,80.721,84.384,84.994,87.283,86.367,84.994,81.484,76.754,71.871,68.819,66.378,64.394,60.274,57.07,52.034,48.677,43.641,39.216,36.775,35.096,32.807,31.129,29.145,28.993,27.772,27.924,26.704,27.314,25.483,24.873,24.415,24.72,27.009,29.298,31.892,32.96,31.892,32.35,32.502,34.028,34.791,34.333,31.587,27.161,22.126,17.548,12.055,6.5615,3.0519,2.8993,0.91556,1.2207,2.4415,5.4933,5.1881,4.5778,3.5096,3.2044,3.5096,4.883,5.6459,6.5615,4.7304,4.5778,5.3407,6.4089,7.7822,8.6978,9.003,9.003,8.8504,8.0874,7.9348,9.6133,9.6133,9.3081,7.9348,8.5452,6.2563,3.8148,2.1363,1.2207,-1.5259,-3.2044,-4.5778,-5.7985,-10.987,-16.175,-21.821,-25.483,-29.908,-32.044,-33.418,-32.502,-30.824,-27.619,-24.415,-21.21,-21.363,-19.532,-18.921,-16.022,-14.954,-12.207,-10.529,-7.9348,-6.8667,-5.7985,-6.1037,-6.1037,-4.7304,-0.76296,2.7467,6.7141,7.1718,9.3081,10.834,13.581,15.107,16.022,16.175,17.243,18.311,19.074,18.464,17.853,14.954,12.665,8.0874,5.3407,1.6785,-0.30519,-1.9837,-2.4415,-3.357,-4.7304,-7.7822,-9.7659,-13.276,-13.581,-13.886,-12.97,-14.191,-14.649,-16.175,-16.022,-16.633,-17.243,-19.227,-21.821,-27.467,-32.655,-38.148,-41.047,-44.557,-46.541,-49.135,-50.813,-51.729,-52.644,-53.865,-52.644,-51.729,-49.135,-47.761,-46.083,-43.184,-38.606,-34.791,-31.434,-29.756,-26.856,-25.941,-23.804,-22.126,-18.616,-16.785,-15.412,-13.276,-10.224,-8.3926,-6.5615,-4.883,-2.5941,-1.6785,-0.61037,-3.6622,-7.0193,-8.0874,-6.5615,-5.3407,-5.4933,-6.4089,-6.5615,-6.8667,-5.1881,-4.883,-4.5778,-6.2563,-7.0193,-6.7141,-4.4252,-1.5259,1.6785,2.7467,4.5778,6.7141,10.529,11.597,13.276,14.344,16.327,19.379,21.363,21.363,20.753,19.837,19.227,16.633,16.48,14.344,13.276,9.9185,8.24,5.4933,2.2889,1.5259,2.5941,5.0356,6.2563,6.2563,6.4089,2.1363,-2.8993,-7.0193,-13.428,-19.379,-22.889,-26.399,-30.519,-35.554,-39.064,-43.184,-47.304,-51.729,-54.018,-54.781,-52.644,-52.339,-52.339,-53.713,-50.966,-47.609,-45.32,-47.304,-47.914,-43.947,-36.927,-31.587,-27.314,-25.483,-22.431,-18.616,-12.36,-8.8504,-4.4252,-1.6785,1.9837,6.1037,11.597,16.327,19.532,19.532,22.279,25.483,29.603,30.213,28.535,25.941,23.347,19.837,15.87,9.6133,3.5096,-4.12,-11.597,-18.921,-26.093,-32.807,-40.437,-46.999,-53.713,-61.8,-67.293,-70.65,-70.956,-70.345,-70.803,-74.465,-77.059,-78.89,-80.416,-82.858,-85.147,-89.572,-92.318,-94.455,-94.455,-94.302,-94.15,-93.234,-92.929,-94.15,-93.692,-95.676,-96.896,-98.727,-99.338,-100.56,-101.02,-101.17,-103,-105.9,-107.58,-111.24,-113.38,-117.04,-120.24,-123.14,-123.29,-124.82,-126.19,-128.33,-129.25,-130.77,-130.01,-129.25,-129.55,-131.38,-132.91,-134.43,-135.96,-135.5,-132.91,-132.6,-132.15,-134.89,-139.01,-144.96,-151.37,-158.7,-161.29,-161.14,-157.48,-154.58,-150.15,-147.1,-141.45,-136.27,-130.62,-123.91,-115.97,-111.24,-108.04,-108.04,-104.98,-102.54,-99.185,-96.438,-92.013,-86.978,-80.264,-74.313,-70.498,-69.582,-68.972,-70.345,-70.193,-71.871,-73.55,-75.838,-75.381,-74.313,-73.397,-75.228,-74.77,-75.838,-75.686,-76.754,-76.907,-80.111,-82.705,-84.841,-85.147,-84.689,-83.773,-83.01,-83.01,-83.01,-82.858,-85.452,-86.52,-86.978,-88.656,-91.708,-94.455,-97.659,-100.41,-103.92,-106.51,-110.48,-110.78,-113.53,-113.22,-115.36,-113.22,-110.17,-106.36,-103.15,-99.948,-98.88,-96.896,-94.76,-90.487,-87.436,-84.536,-85.91,-87.588,-90.793,-92.013,-92.776,-92.471,-93.081,-92.166,-91.25,-90.182,-91.708,-92.929,-95.523,-96.896,-98.575,-98.727,-100.71,-99.49,-98.27,-94.15,-92.471,-93.387,-96.896,-102.69,-108.34,-111.09,-114.14,-112.31,-112,-111.24,-112,-109.71,-108.04,-103,-100.1,-97.812,-95.523,-90.182,-86.673,-82.705,-81.79,-77.975,-75.228,-70.803,-69.124,-65.615,-62.41,-56.459,-47.151,-37.69,-29.603,-22.126,-14.801,-7.1718,-1.6785,2.7467,3.2044,5.9511,6.2563,7.7822,8.3926,7.9348,7.7822,11.292,14.039,17.396,17.853,18.006,13.581,11.139,11.444,11.139,9.4607,9.7659,9.6133,11.444,13.733,17.701,17.701,18.464,19.227,22.736,24.415,25.483,24.567,24.873,25.025,27.467,27.772,30.671,30.824,31.434,31.434,34.181,35.859,38.606,41.047,43.641,44.862,48.524,51.881,56.307,58.596,63.173,65.615,69.124,73.092,76.754,77.822,79.348,78.28,77.059,73.855,73.702,72.634,71.261,69.43,70.193,72.481,75.381,78.738,80.569,78.738,76.449,73.702,73.702,74.923,77.67,78.738,78.738,77.517,76.449,74.16,72.176,69.277,67.904,63.936,62.258,59.206,57.527,54.781,53.255,49.44,45.015,39.521,34.028,25.636,21.058,16.785,15.412,11.902,9.3081,8.3926,9.1556,8.8504,9.3081,10.834,12.36,15.87,20.6,21.058,20.295,16.938,14.649,12.513,10.376,6.8667,3.5096,-0.30519,-2.8993,-5.1881,-4.7304,-6.1037,-7.1718,-11.597,-13.428,-15.259,-15.107,-15.412,-14.496,-14.039,-11.292,-9.3081,-7.6296,-8.0874,-6.5615,-6.1037,-3.0519,-2.4415,-1.2207,-3.0519,-2.1363,-0.76296,0.61037,0.30519,0.45778,-1.0681,-1.2207,-1.3733,0.30519,-0.45778,-1.3733,-3.6622,-5.1881,-9.7659,-14.039,-18.616,-20.142,-22.126,-24.415,-29.298,-33.57,-39.216,-42.573,-47.761,-48.067,-49.287,-48.677,-49.593,-47.304,-48.067,-50.813,-53.865,-54.933,-55.696,-54.781,-53.865,-51.271,-51.881,-52.339,-54.323,-53.713,-53.865,-50.813,-48.982,-46.846,-47.609,-46.236,-45.32,-43.031,-40.895,-37.233,-36.775,-33.57,-32.502,-30.824,-31.434,-30.366,-31.892,-33.418,-34.181,-33.57,-33.265,-32.502,-34.639,-32.044,-29.45,-26.093,-26.093,-24.11,-23.804,-24.11,-24.72,-22.736,-21.058,-18.616,-17.548,-14.801,-13.581,-10.376,-9.1556,-5.1881,-1.5259,0.76296,1.5259,0.91556,1.2207,4.7304,8.0874,11.292,12.207,15.107,14.344,11.75,8.24,5.7985,3.6622,1.9837,-0.30519,-3.5096,-7.1718,-9.7659,-13.886,-15.564,-17.243,-15.87,-15.87,-15.412,-15.564,-15.107,-15.107,-15.564,-16.48,-16.175,-16.175,-13.733,-15.412,-16.327,-18.006,-19.99,-23.041,-25.636,-29.45,-32.35,-32.044,-31.587,-34.028,-36.927,-39.979,-41.353,-44.71,-47.304,-52.034,-55.238,-57.985,-62.41,-67.446,-72.939,-76.601,-79.501,-83.01,-84.994,-87.741,-87.588,-88.046,-89.877,-92.776,-96.286,-101.63,-106.05,-111.09,-117.5,-124.97,-129.7,-135.35,-138.25,-142.83,-144.96,-148.47,-151.83,-158.39,-164.34,-171.21,-176.09,-180.67,-184.33,-190.89,-196.84,-202.95,-205.69,-209.81,-212.26,-213.78,-215.61,-218.36,-220.5,-222.63,-222.63,-223.4,-222.02,-220.5,-216.83,-214.24,-212.26,-210.27,-207.37,-204.63,-200.96,-198.22,-193.18,-189.37,-184.03,-180.52,-175.63,-172.89,-169.07,-164.49,-158.39,-152.75,-146.64,-141.3,-134.43,-129.09,-121.92,-114.44,-105.44,-97.354,-88.046,-79.653,-70.956,-63.326,-54.933,-49.135,-40.895,-36.012,-28.535,-24.11,-17.243,-11.75,-6.2563,-2.7467,2.2889,6.2563,10.681,14.801,19.684,23.499,27.009,29.45,32.197,34.944,38.453,41.81,44.099,45.93,48.067,49.287,51.881,53.255,56.001,57.527,60.732,63.478,65.31,67.293,69.887,72.481,75.076,77.212,79.806,81.79,85.299,87.283,89.267,91.708,93.081,94.302,97.049,100.41,103.46,104.53,107.73,109.56,113.68,115.67,117.34,119.17,121.01,122.84,125.89,128.18,131.23,133.52,135.5,135.65,137.33,137.33,138.25,141.76,144.05,146.34,148.63,148.32,150,148.78,149.08,148.63,148.63,148.01,147.25,146.64,146.64,148.17,148.93,148.78,151.07,152.44,155.64,156.56,157.17,156.56,155.95,156.1,155.03,153.36,153.66,153.05,153.66,153.05,153.36,152.29,150.76,150.15,150.15,148.78,147.56,145.42,145.42,145.88,147.86,148.93,151.37,154.88,156.1,155.8,155.03,153.05,152.29,152.29,153.97,156.41,157.78,158.85,159.92,161.75,163.88,165.26,168.31,170.29,172.89,173.96,175.18,175.79,176.24,176.09,175.79,173.96,173.96,174.57,175.33,174.72,174.41,175.18,176.24,177.01,177.31,175.63,175.18,175.63,176.85,177.31,177.16,177.31,175.94,173.35,172.43,169.84,169.99,169.38,171.06,170.75,169.84,169.23,169.07,169.23,170.29,169.68,170.9,170.29,170.9,169.84,169.84,170.9,171.51,172.12,172.58,173.04,174.72,175.48,176.85,175.18,173.96,170.29,165.41,160.07,155.34,152.29,149.54,146.79,144.96,140.84,139.47,136.27,134.28,131.99,130.31,130.01,131.69,132.76,134.28,136.11,139.32,142.52,146.34,148.17,150.76,150,150.61,150.46,149.39,147.56,146.34,144.81,145.42,144.2,145.12,144.2,143.13,142.37,142.52,141.76,141.15,141,141.45,140.54,139.32,135.04,132.6,128.03,121.62,112.31,104.98,99.185,94.76,91.098,87.436,83.316,78.738,73.092,68.972,64.394,60.427,56.917,55.391,54.323,55.391,57.07,58.29,56.917,56.154,55.238,57.375,61.342,67.141,70.193,72.787,72.329,69.582,66.225,65.767,65.92,68.667,70.04,72.634,74.16,74.77,74.465,74.465,74.007,72.787,69.124,65.615,59.969,56.764,54.323,52.95,50.661,48.372,46.083,45.32,44.099,42.573,37.08,31.892,25.025,19.99,15.412,12.055,8.3926,2.8993,-4.883,-16.938,-26.856,-32.807,-40.895,-48.83,-55.086,-60.121,-67.141,-74.77,-82.858,-92.013,-102.39,-114.9,-127.41,-138.86,-149.85,-156.71,-165.26,-173.04,-181.13,-184.03,-187.38,-192.57,-200.2,-205.85,-211.04,-215.77,-221.26,-224.31,-224.77,-224.92,-226.91,-226.75,-227.82,-227.36,-225.84,-224.92,-223.55,-220.95,-216.99,-214.09,-211.49,-209.81,-214.24,-217.44,-221.26,-223.24,-225.07,-227.82,-229.96,-230.11,-225.68,-216.22,-202.49,-187.08,-175.79,-166.48,-162.36,-159.61,-157.32,-155.95,-155.34,-153.05,-150.3,-145.57,-140.54,-136.27,-135.65,-135.65,-138.25,-139.47,-141,-141.45,-142.52,-144.81,-150.61,-158.7,-167.09,-173.96,-184.64,-194.4,-201.88,-203.86,-207.53,-209.97,-214.55,-220.5,-224.01,-223.7,-225.38,-224.62,-225.99,-225.84,-228.28,-226.45,-223.09,-220.5,-220.65,-219.89,-223.09,-229.65,-239.88,-246.59,-250.4,-250.86,-251.47,-249.18,-248.12,-248.42,-253.3,-261.24,-272.07,-282.3,-292.37,-294.66,-294.81,-290.54,-285.35,-281.23,-281.23,-281.53,-282.3,-282.3,-282.45,-280.01,-279.85,-277.57,-277.87,-277.26,-276.04,-274.06,-274.21,-275.73,-278.02,-274.21,-266.73,-250.1,-235.15,-219.43,-204.63,-192.11,-186.32,-181.74,-182.2,-185.25,-189.21,-186.47,-179.14,-167.7,-157.93,-150.76,-148.17,-147.25,-149.54,-151.07,-154.73,-156.71,-156.41,-148.63,-136.57,-124.97,-119.48,-119.17,-121.77,-123.91,-126.5,-126.04,-126.65,-121.77,-111.24,-97.049,-81.942,-67.293,-56.307,-52.492,-57.07,-63.478,-72.024,-77.67,-85.147,-89.114,-91.708,-94.913,-100.1,-101.63,-99.49,-94.302,-92.776,-89.572,-87.588,-84.231,-84.231,-82.858,-82.705,-80.721,-76.296,-72.787,-70.803,-67.598,-65.767,-62.258,-61.953,-60.274,-61.953,-62.868,-62.105,-57.375,-50.356,-41.81,-34.028,-25.941,-19.532,-11.902,-5.6459,-0.91556,2.4415,6.7141,10.987,14.039,17.243,21.668,26.399,30.976,31.281,32.35,30.824,28.993,27.161,27.314,28.23,30.213,34.333,39.064,43.947,52.492,58.748,64.852,68.209,71.261,73.092,76.144,78.28,81.484,82.553,84.536,84.841,87.13,88.656,91.25,92.929,96.591,101.02,104.07,105.29,109.1,111.09,115.67,119.79,127.72,135.2,143.13,149.85,154.27,155.34,156.1,155.34,157.93,159.15,159.92,157.48,157.02,156.1,156.56,157.48,158.09,157.48,158.7,159,161.75,162.05,162.82,163.58,166.63,170.6,173.5,174.26,173.5,171.82,171.97,172.12,173.5,173.8,177.62,181.74,183.57,185.4,190.44,193.95,197.76,201.12,205.85,206.92,207.83,207.53,209.05,209.66,209.51,207.98,204.32,199.9,199.9,198.68,199.44,198.98,200.05,198.07,197.3,195.93,192.72,188.15,184.79,180.52,178.08,174.72,173.65,172.73,173.8,172.28,172.28,173.19,174.26,174.11,175.02,177.01,181.74,185.4,191.05,194.86,200.66,203.86,206.46,209.2,211.04,213.63,215.31,213.32,209.81,204.78,199.44,192.11,186.01,178.84,173.35,167.39,162.82,157.63,152.59,146.49,140.39,133.98,130.92,127.57,125.74,124.06,123.91,122.84,119.33,116.89,114.44,111.09,108.19,108.34,110.32,109.71,112.77,115.51,119.17,119.94,121.01,120.4,119.94,118.87,119.48,120.24,121.62,120.24,120.85,121.46,124.36,125.28,127.11,128.48,130.16,131.23,132.3,133.37,135.04,134.89,136.11,135.81,138.25,137.49,135.65,132.76,130.62,127.11,125.13,122.84,122.07,121.46,122.23,123.75,127.41,129.86,130.92,129.86,130.01,128.94,127.87,126.5,125.28,121.46,118.41,115.36,114.29,111.7,109.26,105.44,104.07,104.53,104.68,103.15,101.17,99.948,98.88,95.981,94.76,92.929,93.692,92.929,91.556,90.335,90.335,92.318,95.218,97.354,100.1,101.93,104.22,102.54,101.63,100.41,100.86,99.185,97.354,93.387,88.046,82.553,77.212,72.939,69.735,65.767,63.784,61.953,61.19,59.664,58.596,58.138,57.07,55.238,54.018,51.729,50.356,47.456,44.71,41.2,41.2,39.979,38.453,34.791,33.723,31.281,29.603,26.856,24.72,22.126,22.279,21.058,22.126,23.041,25.941,27.314,27.772,27.009,27.619,29.298,32.502,34.333,36.927,39.216,42.879,44.252,46.388,45.015,44.862,43.947,44.252,44.862,46.693,48.372,50.356,51.576,52.187,51.881,50.966,47.761,46.693,42.421,39.216,34.486,31.434,27.772,23.652,19.99,17.396,14.496,12.818,7.7822,3.0519,-1.3733,-2.7467,-6.4089,-10.224,-14.344,-18.616,-22.279,-24.72,-26.246,-25.178,-23.652,-20.447,-19.227,-16.022,-14.954,-12.665,-12.055,-11.444,-12.055,-12.97,-14.344,-16.175,-18.769,-20.6,-22.889,-22.126,-22.126,-19.227,-18.616,-18.921,-20.295,-21.058,-21.821,-23.041,-24.873,-26.399,-27.924,-26.704,-29.298,-29.45,-30.824,-30.519,-30.976,-30.061,-29.603,-29.908,-31.129,-31.587,-31.281,-30.824,-32.197,-32.35,-34.639,-35.096,-38.453,-41.2,-45.93,-49.135,-51.424,-53.102,-55.544,-56.612,-56.154,-54.17,-54.781,-53.56,-54.323,-52.034,-51.118,-50.813,-55.849,-58.748,-62.258,-65.157,-69.277,-74.923,-81.332,-86.367,-91.556,-95.981,-100.25,-103.61,-110.78,-115.05,-115.67,-113.68,-111.55,-107.88,-104.07,-101.17,-99.033,-94.913,-94.607,-93.844,-95.37,-95.981,-99.643,-102.24,-104.37,-104.22,-102.54,-98.727,-95.37,-93.997,-94.302,-93.234,-95.828,-98.117,-99.338,-99.49,-101.02,-99.796,-95.676,-92.929,-92.166,-90.03,-88.046,-83.926,-81.027,-75.076,-71.871,-69.124,-65.31,-53.865,-39.216,-24.262,-10.376,2.7467,8.8504,11.597,11.75,15.107,15.564,15.87,16.785,18.464,19.99,22.126,23.041,25.788,25.788,28.535,30.366,31.434,29.756,29.908,32.197,38.759,46.846,54.933,62.258,69.43,71.718,75.076,76.907,77.364,72.329,65.767,58.748,56.307,58.596,60.274,60.884,60.579,57.833,54.476,47.151,38.606,29.45,21.821,14.496,4.2726,-7.9348,-16.938,-22.279,-22.584,-22.431,-19.227,-18.006,-16.175,-16.022,-13.276,-10.376,-6.4089,-0.61037,5.6459,10.376,12.207,10.834,9.3081,3.9674,0.76296,-2.7467,-4.2726,-2.5941,6.4089,18.464,28.535,34.791,37.233,37.538,37.843,35.707,30.213,21.363,15.259,12.97,13.581,16.022,19.379,20.447,20.447,17.548,15.87,15.564,16.633,15.717,14.801,13.276,11.902,9.3081,8.24,9.4607,11.292,9.9185,9.003,6.4089,4.883,1.3733,-2.4415,-7.7822,-11.75,-15.717,-20.447,-26.704,-33.723,-42.879,-49.745,-54.323,-56.459,-61.19,-65.157,-69.124,-73.55,-76.907,-76.754,-75.686,-75.533,-79.806,-86.062,-94.913,-101.32,-107.73,-112.77,-118.41,-122.68,-127.41,-131.53,-136.42,-139.01,-142.67,-143.13,-143.59,-144.2,-146.18,-147.56,-149.24,-151.22,-156.1,-158.54,-163.88,-168.31,-174.11,-176.24,-179.75,-182.04,-187.08,-190.44,-192.88,-193.33,-192.57,-190.89,-189.06,-184.48,-180.82,-175.33,-170.9,-167.24,-165.11,-162.05,-159.15,-158.09,-157.78,-154.27,-149.24,-142.98,-137.33,-130.77,-124.52,-117.95,-110.48,-102.69,-97.507,-93.692,-92.166,-90.793,-91.403,-92.318,-93.997,-94.607,-96.133,-95.981,-95.218,-94.607,-93.997,-91.708,-90.03,-87.13,-83.926,-80.416,-77.67,-74.16,-72.939,-70.956,-69.582,-68.209,-68.056,-66.683,-64.699,-61.342,-60.121,-58.29,-58.443,-59.816,-60.427,-59.664,-55.086,-48.982,-43.489,-41.047,-40.59,-39.064,-39.674,-37.69,-37.69,-35.554,-36.775,-37.843,-39.064,-39.369,-40.895,-41.658,-45.167,-47.609,-49.135,-48.524,-48.677,-46.846,-46.846,-45.167,-44.557,-42.573,-40.895,-41.047,-42.879,-42.116,-41.047,-38.911,-37.08,-34.639,-33.723,-31.129,-27.924,-24.262,-20.905,-14.954,-10.376,-3.6622,3.8148,13.123,20.6,26.856,31.892,35.707,37.08,39.674,40.59,42.879,46.388,50.203,50.203,48.83,47.914,47.304,45.015,43.947,38.911,34.181,29.603,26.551,22.431,19.074,13.428,7.0193,-0.91556,-5.9511,-9.6133,-11.292,-15.87,-19.379,-24.72,-26.246,-29.908,-33.723,-37.996,-41.658,-46.541,-50.508,-55.238,-58.443,-63.784,-68.514,-74.16,-81.637,-90.03,-98.727,-107.43,-114.14,-120.24,-125.89,-133.06,-139.16,-147.56,-155.49,-167.24,-178.08,-191.5,-202.8,-212.87,-223.09,-233.01,-242.47,-251.47,-257.73,-265.36,-270.39,-276.04,-279.55,-284.13,-287.48,-290.08,-292.83,-295.57,-299.08,-302.59,-304.12,-307.93,-310.37,-312.81,-313.88,-316.93,-320.44,-323.04,-324.26,-324.87,-323.19,-321.67,-320.75,-319.83,-319.83,-321.82,-322.89,-324.56,-324.56,-324.56,-324.72,-324.11,-322.28,-320.6,-319.99,-318,-314.65,-312.81,-309.76,-306.71,-302.9,-301.37,-298.78,-294.81,-289.62,-283.82,-277.72,-271.61,-267.8,-266.43,-260.93,-256.36,-251.78,-247.81,-242.01,-237.13,-232.25,-228.28,-225.38,-222.94,-218.05,-213.93,-208.59,-204.32,-199.29,-194.86,-190.59,-188.3,-185.86,-184.03,-181.13,-180.21,-177.77,-176.55,-171.97,-166.94,-159.46,-153.36,-148.63,-143.44,-138.86,-135.96,-132.76,-130.01,-127.11,-125.13,-121.16,-117.5,-112,-108.8,-106.81,-104.53,-102.39,-98.727,-94.455,-89.419,-83.01,-77.059,-70.65,-66.836,-61.953,-58.443,-54.476,-52.034,-49.593,-48.524,-47.151,-45.473,-43.947,-42.879,-40.742,-40.59,-41.505,-45.93,-48.372,-52.034,-53.102,-54.323,-52.797,-50.356,-48.982,-48.982,-48.219,-44.404,-40.59,-40.437,-38.148,-35.707,-32.807,-32.502,-31.434,-30.976,-27.467,-25.178,-23.804,-22.584,-23.499,-23.499,-19.837,-15.107,-10.224,-8.6978,-7.9348,-7.477,-5.6459,-4.4252,0.76296,5.1881,9.9185,14.191,18.311,18.006,14.801,9.4607,5.4933,-0.91556,-3.8148,-2.8993,1.0681,6.7141,16.022,22.736,26.551,30.061,34.639,38.759,42.879,47.151,50.966,52.492,56.917,60.274,65.004,68.514,69.582,68.514,68.819,69.277,70.345,68.819,68.514,67.598,69.582,71.108,74.313,76.144,79.958,82.247,85.147,86.673,86.673,83.926,80.569,77.67,77.975,76.449,75.076,73.397,74.007,73.092,72.024,70.803,68.819,65.92,65.615,68.972,76.449,83.01,90.945,97.659,104.98,109.87,114.75,120.09,127.87,134.89,139.77,142.22,142.67,142.06,142.06,140.23,139.01,136.88,137.79,134.89,132.76,129.4,128.33,130.47,134.59,136.27,135.81,132.91,128.48,120.7,113.99,105.29,96.744,86.825,77.67,66.683,56.764,47.914,40.895,34.639,30.671,27.924,25.636,23.347,23.957,24.11,25.788,27.772,31.587,33.57,34.791,36.317,36.927,36.012,37.69,37.538,38.301,36.775,38.453,40.895,44.404,43.794,42.879,41.81,41.505,42.573,47.914,51.424,54.476,57.222,66.378,69.43,73.55,78.28,86.825,95.218,104.83,110.93,112.92,111.85,111.09,110.32,110.48,109.56,112.77,115.67,121.16,123.6,124.36,125.43,130.01,133.21,141.45,151.98,162.21,168,175.48,180.06,185.86,189.21,190.28,189.98,190.44,191.81,196.69,199.74,198.37,194.71,190.89,185.71,185.86,184.18,185.09,184.79,186.32,185.25,185.86,184.03,183.57,179.6,176.7,174.41,173.04,171.82,173.19,171.82,171.51,167.7,164.04,158.85,155.8,149.85,144.51,139.77,134.89,126.04,117.65,111.24,105.14,97.659,92.013,85.452,81.942,76.907,70.956,61.19,51.424,43.794,39.064,39.827,47.456,56.917,64.089,65.004,62.41,55.696,48.83,38.911,31.892,29.756,33.57,40.132,46.388,47.456,44.862,40.59,36.47,30.519,28.23,27.314,28.687,27.924,31.434,36.927,41.963,44.862,48.372,54.018,62.716,69.887,71.566,67.446,65.004,65.615,71.261,78.738,89.419,98.727,107.88,115.82,121.16,123.6,126.19,130.92,142.67,153.2,160.22,159.46,154.58,147.71,139.01,129.86,123.6,125.13,134.74,147.4,158.54,166.33,171.51,169.38,165.72,157.17,148.63,138.25,132.3,127.41,126.65,130.77,136.11,137.49,134.59,125.89,117.65,111.85,111.85,111.85,113.22,113.07,114.14,114.6,114.9,116.28,118.26,117.19,115.67,112.92,112.16,112.77,114.14,115.67,123.14,129.4,132.6,133.37,133.82,130.92,125.43,120.85,118.87,116.43,114.6,112.31,112.16,110.02,107.58,103.46,103.92,107.43,111.09,111.55,110.17,104.68,99.033,90.487,85.757,81.637,80.416,80.264,81.79,83.163,83.926,82.705,80.874,77.517,75.533,72.634,72.329,70.956,70.803,71.108,74.77,77.67,80.264,82.095,84.994,85.757,86.978,87.13,90.03,91.403,93.234,91.861,91.708,89.724,89.267,87.588,86.825,84.994,83.773,82.095,78.127,72.481,70.498,66.988,66.225,65.004,65.157,63.936,64.699,63.784,64.241,64.089,65.615,64.547,64.241,62.563,62.868,61.342,61.19,59.358,59.053,59.969,62.716,64.547,65.31,64.394,62.716,60.732,62.105,60.427,60.884,59.053,59.206,58.596,59.206,58.748,57.527,56.307,56.612,55.849,55.238,52.95,52.034,50.356,52.187,51.576,52.034,50.966,52.339,52.187,51.576,51.729,52.797,53.255,54.323,53.255,53.407,53.407,54.476,54.781,56.154,57.375,60.579,63.173,65.462,66.683,68.514,67.598,67.293,62.716,61.647,61.037,62.258,61.8,63.936,65.615,67.293,67.751,68.056,67.293,66.073,65.31,66.225,66.073,66.378,64.394,63.478,61.037,59.511,56.307,52.492,47.609,46.083,44.557,43.794,40.895,39.064,34.181,30.976,28.382,27.924,27.009,28.382,31.129,34.028,36.317,41.2,41.505,39.674,35.401,33.57,31.129,29.908,27.619,27.314,28.077,28.84,27.009,24.11,19.379,17.09,13.276,9.003,5.9511,2.4415,-1.8311,-7.7822,-12.818,-16.48,-20.142,-22.584,-24.567,-22.736,-22.431,-23.194,-25.025,-28.382,-31.587,-34.181,-36.47,-35.401,-34.791,-33.418,-35.249,-38.606,-44.252,-48.982,-52.034,-53.56,-54.628,-56.612,-60.427,-63.784,-68.667,-70.345,-73.55,-75.991,-78.89,-79.958,-81.332,-83.773,-87.893,-91.556,-97.049,-97.659,-95.523,-89.114,-84.231,-82.553,-83.621,-83.926,-84.536,-84.384,-82.4,-75.228,-68.819,-61.647,-54.781,-45.167,-39.064,-34.028,-31.129,-28.993,-26.551,-21.21,-15.87,-7.7822,-0.45778,7.7822,11.444,14.344,16.48,19.684,20.142,19.074,17.243,15.564,11.597,9.6133,6.8667,5.4933,3.8148,3.9674,2.7467,2.2889,3.2044,7.7822,9.6133,10.834,12.97,15.412,17.548,20.6,20.447,20.905,17.396,12.665,8.8504,3.9674,-1.3733,-5.1881,-8.8504,-11.292,-13.886,-15.259,-17.701,-18.464,-21.668,-23.499,-24.72,-23.957,-22.584,-20.142,-18.616,-16.785,-19.227,-21.363,-25.33,-25.178,-25.025,-23.804,-23.499,-21.21,-18.616,-14.954,-12.818,-12.055,-12.665,-13.428,-14.191,-14.191,-14.496,-13.123,-11.75,-8.0874,-3.2044,1.9837,5.6459,9.4607,12.97,16.327,19.074,23.957,26.856,31.739,35.249,39.979,41.963,45.625,49.745,55.086,57.68,62.258,65.462,69.43,70.193,72.939,75.838,80.111,81.027,85.299,89.419,93.234,94.913,93.997,89.877,85.452,81.179,79.043,76.144,74.16,71.413,70.04,65.31,62.716,61.037,58.29,54.323,48.219,41.963,38.148,34.333,33.418,29.45,26.399,17.701,8.6978,2.1363,0.15259,-1.2207,-1.2207,-1.8311,-2.8993,-4.7304,-5.1881,-8.6978,-11.139,-14.344,-15.87,-18.921,-22.584,-24.262,-24.567,-23.804,-24.72,-26.093,-27.467,-32.655,-35.707,-41.658,-47.151,-53.407,-56.459,-59.358,-60.732,-63.784,-66.378,-68.209,-69.887,-72.176,-72.329,-70.956,-66.836,-62.868,-57.375,-54.323,-51.729,-50.05,-47.304,-43.184,-39.216,-34.486,-29.908,-25.178,-18.769,-13.123,-4.883,0.76296,7.9348,11.597,16.327,19.837,24.567,27.619,30.519,35.249,41.505,46.083,51.881,57.833,65.31,70.498,77.822,83.926,88.809,91.098,92.471,92.624,93.539,95.828,99.338,102.24,106.36,107.27,109.41,108.19,106.36,104.83,103.46,100.71,96.591,89.572,83.926,77.822,72.024,65.92,61.037,56.459,55.696,53.56,53.56,53.56,54.781,53.56,50.203,43.794,35.859,27.009,20.447,12.818,7.9348,1.8311,-0.30519,0.45778,3.5096,5.0356,3.8148,1.0681,-1.0681,-0.76296,2.1363,1.3733,-0,-1.9837,-1.5259,-2.5941,-4.2726,-6.8667,-11.444,-15.412,-18.311,-24.72,-32.197,-42.726,-49.287,-53.713,-55.849,-60.427,-66.683,-72.481,-75.228,-77.059,-77.975,-80.111,-79.958,-81.027,-79.043,-75.991,-74.465,-75.381,-77.059,-80.111,-83.926,-89.419,-91.098,-93.844,-95.065,-96.438,-94.607,-91.708,-87.283,-85.452,-81.79,-79.348,-74.465,-72.024,-68.514,-63.936,-57.833,-54.17,-53.865,-55.086,-54.476,-50.203,-40.284,-34.181,-30.213,-28.84,-30.824,-35.249,-39.979,-45.015,-45.93,-48.524,-51.576,-56.154,-60.274,-65.92,-68.209,-69.582,-71.413,-74.618,-77.975,-83.468,-86.52,-92.166,-96.591,-99.49,-99.796,-98.727,-98.88,-99.643,-99.033,-100.1,-97.354,-93.844,-88.961,-86.978,-84.994,-87.13,-91.403,-96.286,-100.1,-105.9,-107.88,-112.16,-115.21,-119.48,-124.06,-129.09,-131.53,-135.35,-139.62,-142.98,-145.57,-148.78,-150.3,-152.75,-154.12,-157.02,-157.32,-159.15,-161.14,-163.73,-163.73,-166.02,-167.85,-173.35,-177.31,-184.03,-188.3,-193.49,-195.01,-195.78,-191.66,-187.54,-183.72,-179.45,-174.41,-171.06,-167.85,-167.85,-168.31,-173.19,-176.55,-180.67,-181.28,-182.35,-181.59,-178.99,-177.16,-176.09,-175.48,-176.7,-176.4,-175.79,-170.75,-169.07,-166.63,-165.41,-164.95,-166.17,-168.16,-167.7,-164.19,-160.37,-156.41,-157.63,-160.22,-165.26,-167.7,-169.53,-169.84,-170.45,-169.68,-169.23,-167.55,-166.94,-166.17,-166.78,-163.27,-157.78,-149.85,-146.49,-142.52,-139.93,-139.01,-140.23,-140.39,-140.39,-139.77,-142.06,-141,-140.54,-138.86,-141,-142.83,-143.44,-141.76,-141,-138.1,-134.13,-128.94,-125.13,-120.24,-118.26,-117.19,-119.02,-117.34,-115.21,-113.22,-112.61,-110.17,-106.36,-102.08,-100.1,-96.286,-93.692,-90.793,-89.114,-85.604,-83.316,-79.958,-77.517,-73.702,-69.43,-64.241,-60.121,-55.086,-50.203,-45.473,-42.726,-36.47,-32.197,-26.856,-25.178,-21.21,-17.396,-12.055,-8.24,-4.12,-0.61037,3.0519,5.7985,10.071,13.733,18.159,19.532,23.194,26.551,32.502,36.164,40.742,43.489,48.524,52.797,57.68,61.037,65.462,68.361,73.702,78.738,83.621,86.825,90.335,92.929,96.438,99.796,103.92,106.81,108.95,108.95,110.78,112,114.44,116.12,119.79,122.23,126.5,129.7,131.69,132.45,135.65,138.55,141.45,143.89,146.64,146.64,148.78,151.07,155.64,158.85,162.36,165.87,170.45,173.96,178.23,182.81,187.38,190.13,193.79,193.95,195.01,197.15,200.35,201.42,203.25,204.17,205.39,205.69,209.05,213.32,218.67,222.63,226.75,229.19,233.16,236.06,238.04,237.43,236.06,234.38,234.08,232.55,233.01,232.55,234.69,235.15,237.43,236.06,232.4,227.36,222.48,217.29,211.65,205.24,198.52,191.96,186.01,179.75,176.4,171.82,168.61,163.12,158.24,150.61,144.2,139.77,136.42,132.15,129.55,127.26,123.91,118.56,113.22,106.66,101.32,93.081,87.893,82.858,79.653,78.127,78.89,80.721,83.316,84.384,84.689,83.163,83.468,79.958,79.043,78.585,80.721,78.28,76.907,74.923,72.481,69.735,69.124,69.124,68.361,65.767,63.936,60.884,61.342,60.884,59.053,53.56,51.881,50.508,49.898,50.05,50.966,52.187,52.492,50.203,48.372,43.947,43.336,42.726,43.947,43.336,42.726,41.2,42.726,44.099,46.236,47.609,49.135,48.219,48.219,46.693,48.372,47.914,49.135,49.44,50.356,47.914,43.641,38.759,36.164,35.096,35.096,33.723,33.723,31.434,28.535,24.72,21.058,16.633,14.496,13.276,11.902,11.292,11.597,11.902,11.444,9.3081,9.003,7.6296,8.0874,8.0874,9.9185,11.902,15.87,19.074,21.21,20.905,20.295,17.243,15.717,14.649,17.701,20.142,24.262,25.788,26.704,24.873,23.652,21.973,21.516,21.058,20.295,21.363,24.567,25.025,27.619,28.382,29.603,27.619,28.84,31.281,33.57,35.401,38.911,41.2,43.641,43.336,45.32,47.609,51.424,53.713,56.154,58.29,63.021,68.056,72.634,75.838,80.416,85.147,93.997,102.85,110.93,114.75,119.02,122.07,127.11,131.99,135.96,137.79,136.72,135.35,134.13,130.92,126.5,120.09,113.38,102.69,94.15,86.978,81.179,73.855,69.124,65.92,61.495,56.307,50.203,44.404,42.726,40.59,39.827,36.622,37.08,38.759,40.59,41.505,41.353,39.369,36.775,34.028,34.639,31.892,28.535,22.126,17.853,13.581,11.139,8.8504,8.24,6.1037,4.5778,2.2889,2.1363,-1.3733,-1.9837,-5.4933,-7.477,-12.36,-16.938,-24.72,-32.044,-39.216,-43.794,-47.914,-50.966,-53.255,-54.933,-58.596,-60.274,-61.647,-60.427,-57.375,-54.323,-53.865,-57.985,-64.394,-70.193,-73.244,-72.176,-70.193,-66.988,-63.478,-57.07,-49.898,-40.742,-33.418,-27.924,-22.736,-14.344,-8.5452,-5.3407,-3.8148,-1.2207,-0.30519,1.5259,1.5259,2.4415,4.2726,10.071,14.649,16.175,14.649,13.733,11.75,10.681,7.7822,4.7304,0.61037,-3.5096,-8.0874,-10.224,-14.039,-17.701,-24.567,-30.671,-37.996,-44.252,-50.661,-56.917,-65.92,-72.329,-79.501,-82.4,-87.283,-91.098,-94.455,-94.15,-93.234,-88.656,-86.52,-86.062,-86.062,-83.01,-79.348,-77.059,-80.569,-83.926,-87.893,-90.335,-93.387,-94.913,-96.133,-94.302,-91.556,-89.114,-86.215,-83.01,-81.942,-80.111,-80.111,-76.754,-76.907,-75.686,-78.127,-81.179,-85.147,-87.588,-90.793,-93.234,-97.049,-99.796,-101.17,-99.185,-98.422,-96.438,-98.88,-101.02,-105.44,-108.95,-113.07,-115.67,-117.19,-115.51,-113.83,-111.7,-112.16,-113.68,-119.94,-123.6,-129.7,-132.45,-135.2,-134.74,-133.06,-128.48,-125.43,-124.82,-124.82,-123.91,-125.43,-127.41,-132.6,-136.27,-141.91,-142.98,-143.89,-143.28,-141.76,-138.55,-136.72,-133.98,-132.91,-132.91,-134.89,-134.74,-136.11,-135.96,-137.03,-136.11,-136.57,-135.96,-136.88,-137.18,-138.1,-139.16,-140.54,-140.39,-141.45,-139.77,-140.54,-139.32,-139.62,-137.49,-135.04,-131.69,-129.7,-129.7,-129.55,-127.87,-128.18,-127.87,-132.6,-137.33,-142.83,-146.34,-151.68,-154.73,-155.34,-154.42,-155.8,-157.02,-156.41,-153.51,-149.54,-144.05,-141,-137.03,-133.06,-129.25,-127.87,-125.13,-124.06,-125.58,-127.87,-131.38,-135.35,-137.33,-139.32,-137.64,-135.96,-132.6,-131.23,-128.33,-126.5,-124.21,-124.21,-124.52,-124.52,-121.46,-118.72,-115.67,-113.22,-107.88,-102.39,-96.133,-92.013,-86.52,-83.468,-81.332,-79.043,-75.076,-72.329,-69.735,-67.446,-65.767,-67.141,-68.819,-70.498,-68.361,-67.446,-64.089,-60.121,-57.222,-57.222,-56.001,-54.933,-53.102,-53.865,-51.576,-51.271,-48.524,-48.524,-47.304,-47.609,-47.609,-47.456,-47.761,-49.135,-47.456,-43.031,-35.249,-30.366,-25.941,-24.11,-21.516,-21.058,-21.668,-21.363,-20.447,-20.295,-20.753,-19.532,-16.938,-13.123,-8.8504,-6.8667,-5.0356,-3.2044,-1.6785,-0.91556,-0.15259,1.0681,3.0519,4.12,5.9511,7.1718,9.7659,11.75,15.564,18.921,22.279,28.077,35.249,41.81,46.083,50.966,54.476,57.527,63.631,69.582,73.855,74.007,73.397,73.244,72.176,71.871,73.702,74.77,76.296,79.348,83.926,86.215,88.351,85.299,81.942,77.975,74.465,72.634,74.923,77.059,78.585,80.111,81.332,80.569,79.501,77.059,77.059,78.585,81.79,81.942,79.958,77.212,73.244,68.972,66.836,66.683,67.751,66.683,65.92,64.394,64.547,63.173,63.631,62.258,63.173,65.004,67.446,69.277,70.65,71.108,74.16,76.449,79.043,79.501,81.027,81.484,84.994,87.893,90.945,94.15,98.727,104.22,111.24,114.6,115.36,112,109.71,104.53,102.08,101.63,103.46,106.05,108.95,110.02,110.78,110.48,110.17,108.04,108.04,104.83,103.31,103.76,107.12,110.78,113.68,117.04,120.4,121.31,124.67,126.35,129.55,131.84,136.88,137.94,139.32,140.69,140.84,141,139.62,135.04,131.69,127.41,122.84,118.56,117.65,117.34,118.87,119.33,117.5,114.6,111.24,108.8,106.66,102.39,100.71,97.507,96.896,94.302,94.15,94.302,95.676,97.659,99.796,102.08,105.59,109.1,113.38,115.21,119.33,123.14,129.25,133.82,137.94,139.16,141,141.76,141.91,141.3,144.05,144.96,148.47,151.52,155.64,159,164.19,168.31,172.73,176.24,181.43,190.59,202.34,213.17,221.56,226.91,232.09,236.52,242.47,246.59,247.81,249.49,252.24,256.05,261.09,265.66,270.39,274.36,279.4,283.82,287.79,288.09,286.87,284.43,281.84,278.18,274.36,270.24,268.11,265.05,263.22,259.41,257.27,253.76,250.1,245.67,243.84,244.45,244.15,240.64,236.52,231.94,229.19,224.31,220.8,218.82,218.51,215.61,214.85,212.71,210.27,207.68,204.78,200.2,192.57,183.26,177.01,171.21,165.87,157.32,148.63,138.25,127.87,118.56,111.24,106.66,104.07,97.659,90.64,80.416,71.718,59.053,44.862,32.197,24.72,18.769,12.055,4.12,-1.0681,-3.5096,-6.4089,-13.276,-19.532,-25.025,-28.077,-30.824,-31.281,-33.876,-37.233,-41.81,-46.388,-50.203,-50.813,-53.407,-57.375,-60.884,-62.716,-66.683,-69.735,-72.176,-71.871,-73.244,-76.449,-79.653,-82.095,-85.452,-88.809,-93.081,-94.607,-96.896,-96.438,-96.286,-94.455,-92.013,-87.283,-84.841,-84.231,-85.604,-84.384,-83.621,-80.569,-79.806,-80.264,-83.316,-84.384,-87.283,-89.419,-90.182,-90.793,-92.776,-93.234,-94.607,-94.76,-96.744,-95.676,-96.286,-96.591,-98.88,-100.25,-101.63,-103.31,-106.97,-112.31,-120.09,-126.04,-130.77,-132.45,-133.37,-132.15,-130.92,-128.79,-128.94,-130.31,-131.38,-130.47,-130.01,-129.09,-129.86,-130.92,-132.76,-131.69,-132.76,-133.37,-134.89,-133.67,-133.06,-133.52,-136.11,-136.11,-135.96,-133.21,-130.31,-127.26,-125.43,-121.77,-119.79,-119.33,-120.4,-121.31,-121.77,-120.24,-121.16,-120.4,-122.53,-124.67,-127.41,-127.72,-129.4,-130.47,-130.16,-129.7,-129.86,-128.33,-126.8,-123.75,-120.24,-116.89,-116.73,-119.63,-123.6,-127.41,-130.16,-132.6,-133.52,-131.69,-129.86,-127.41,-125.58,-122.53,-122.23,-123.14,-124.21,-123.91,-123.29,-121.92,-121.31,-121.46,-122.23,-119.79,-116.73,-112.77,-113.07,-114.6,-116.43,-119.17,-120.55,-120.55,-119.63,-114.9,-110.78,-104.98,-101.63,-98.27,-95.828,-93.234,-90.793,-89.114,-86.978,-85.147,-82.4,-77.059,-72.939,-67.293,-65.615,-63.021,-61.19,-59.969,-59.053,-56.917,-54.628,-51.118,-48.219,-44.71,-42.268,-38.759,-38.759,-38.759,-40.437,-42.421,-46.846,-49.135,-51.424,-49.745,-48.067,-45.167,-44.404,-42.879,-43.641,-46.693,-52.644,-57.833,-61.342,-63.936,-69.582,-73.855,-80.264,-84.231,-89.724,-93.844,-99.338,-103.76,-106.36,-107.12,-109.41,-112.16,-118.11,-122.84,-127.41,-130.16,-131.08,-131.99,-133.82,-136.11,-138.4,-141.91,-144.05,-144.05,-146.64,-149.39,-153.66,-156.87,-161.44,-164.34,-166.02,-166.94,-165.56,-164.65,-164.95,-162.97,-160.68,-157.63,-158.7,-160.07,-160.22,-160.22,-162.05,-161.6,-160.68,-157.48,-156.41,-153.51,-152.44,-148.32,-145.57,-140.39,-137.03,-134.13,-131.53,-128.03,-125.58,-121.62,-120.24,-116.12,-112.92,-107.73,-104.83,-102.24,-101.17,-101.93,-104.07,-103.61,-102.69,-100.25,-98.27,-95.065,-93.234,-89.572,-88.504,-84.994,-84.078,-79.653,-74.313,-68.056,-63.478,-59.358,-57.375,-54.323,-52.187,-49.44,-50.05,-50.356,-51.118,-51.271,-52.339,-52.644,-52.644,-51.576,-50.356,-50.508,-51.729,-51.576,-52.492,-52.339,-50.05,-49.287,-48.677,-48.524,-47.914,-47.304,-48.067,-47.914,-49.898,-50.813,-53.56,-54.628,-54.323,-53.407,-54.17,-54.781,-52.95,-49.44,-46.693,-42.879,-41.353,-37.996,-35.096,-31.434,-28.077,-25.483,-22.584,-19.837,-17.396,-13.581,-12.36,-12.36,-15.87,-15.259,-16.175,-14.039,-11.597,-9.003,-7.477,-5.6459,-3.0519,2.2889,4.2726,7.477,8.3926,12.36,16.48,20.447,23.804,24.72,21.821,20.905,17.548,16.785,16.022,15.259,12.665,11.139,9.4607,9.1556,7.7822,8.24,6.2563,3.0519,-2.5941,-7.9348,-13.886,-19.227,-21.516,-22.431,-24.262,-26.399,-31.739,-33.265,-34.333,-32.044,-32.96,-34.333,-37.08,-37.69,-39.216,-38.911,-39.369,-37.69,-37.996,-36.164,-35.096,-31.739,-29.603,-25.788,-24.72,-22.126,-19.532,-19.227,-19.532,-17.243,-14.649,-10.987,-9.003,-9.003,-10.987,-9.1556,-7.477,-8.0874,-8.5452,-8.6978,-9.7659,-10.529,-13.886,-13.276,-12.055,-9.9185,-9.1556,-7.1718,-4.5778,-0.45778,2.8993,8.0874,12.055,14.954,19.99,27.009,30.671,35.249,38.148,42.268,46.999,55.238,64.241,72.787,80.111,86.062,88.961,90.487,90.335,92.013,91.861,95.828,101.02,110.48,117.8,127.26,134.13,138.71,141.3,141.76,140.69,137.64,133.06,128.79,127.57,129.86,131.84,135.35,138.71,143.13,147.1,150.3,151.83,153.81,155.34,155.8,155.64,158.39,160.37,164.95,165.11,163.27,160.99,157.78,151.52,146.18,143.13,140.54,139.16,139.93,140.08,142.52,139.93,134.89,125.43,115.05,104.98,94.913,85.91,78.433,71.871,69.887,65.92,63.021,58.901,54.781,50.203,46.236,41.505,37.538,34.944,33.876,32.35,32.807,33.57,36.317,37.538,40.59,43.031,45.167,46.541,48.83,52.797,56.764,60.427,66.225,68.972,72.329,73.55,74.465,73.855,74.313,75.076,75.076,74.465,73.397,72.481,74.007,73.855,74.313,72.481,70.65,69.277,68.972,67.904,68.209,68.514,69.277,68.819,69.887,69.582,69.277,66.683,65.767,64.699,65.157,64.547,66.378,68.514,72.481,75.228,79.501,81.332,84.536,86.52,89.877,91.403,94.15,97.201,99.185,102.69,107.88,110.63,113.22,115.05,119.02,119.48,120.85,119.17,120.24,121.62,122.07,122.84,121.16,117.34,114.75,113.83,117.65,120.7,124.67,127.72,129.09,130.31,131.53,132.3,133.82,137.03,142.52,144.81,147.4,150.15,153.05,148.17,142.06,137.64,135.96,133.52,129.55,127.72,126.04,120.09,114.6,108.49,103.15,97.049,93.692,90.793,87.283,84.536,85.299,86.215,87.741,85.91,83.468,80.416,79.348,79.958,81.027,82.858,86.52,89.267,90.335,88.809,84.384,77.822,71.718,66.225,64.241,62.258,59.053,53.102,48.372,43.489,42.726,39.674,37.996,35.859,32.96,29.298,27.772,27.314,25.178,22.279,21.21,18.769,17.09,11.75,7.1718,3.357,3.5096,3.8148,5.7985,9.6133,14.039,17.243,19.532,19.837,18.006,16.327,17.09,15.259,12.207,6.7141,3.2044,-0.91556,-3.9674,-4.883,-7.1718,-9.7659,-10.987,-12.36,-13.581,-14.496,-12.665,-8.8504,-3.2044,2.1363,8.3926,12.665,16.48,18.464,19.074,18.464,18.921,19.837,25.025,26.246,28.687,28.382,29.603,32.044,33.265,32.197,29.908,27.161,23.499,19.684,16.327,10.987,7.7822,5.1881,6.5615,7.7822,10.224,12.36,14.649,16.785,18.921,20.6,23.804,26.704,31.739,35.249,37.385,36.012,36.012,36.47,35.707,34.791,34.791,34.486,37.233,40.437,45.32,46.846,47.761,46.236,45.473,46.693,46.846,45.778,44.557,44.252,45.015,46.846,49.745,50.661,52.797,51.118,49.745,47.914,46.846,45.93,44.252,40.284,36.47,32.044,29.756,28.077,28.993,27.924,28.382,28.687,29.603,29.145,29.603,30.824,32.197,33.418,34.639,34.944,36.164,35.249,35.249,34.333,34.486,34.639,35.401,37.996,40.59,40.895,40.284,39.674,40.742,39.674,40.132,39.827,40.742,39.827,38.148,37.233,37.843,38.301,39.064,40.895,42.879,44.404,47.761,49.593,53.713,56.307,59.664,61.495,64.089,66.836,69.277,70.345,71.871,70.498,69.887,68.056,67.751,64.699,60.274,54.17,49.135,43.336,37.385,32.807,27.924,23.957,20.905,16.48,12.36,9.4607,8.24,5.7985,5.9511,3.2044,0.15259,-4.4252,-8.5452,-12.207,-16.022,-21.058,-24.72,-29.145,-29.908,-30.213,-29.603,-30.671,-29.298,-27.924,-26.399,-23.347,-20.295,-17.853,-16.48,-14.801,-10.376,-8.24,-5.0356,-2.5941,1.0681,3.0519,5.4933,7.0193,10.681,16.48,21.058,23.652,26.704,28.382,31.281,33.876,35.707,36.012,37.996,38.606,39.216,39.216,37.69,36.012,36.927,38.453,41.353,42.268,45.32,46.541,49.593,49.44,48.524,47.151,46.236,45.473,45.93,46.693,47.304,47.151,45.625,42.116,39.827,37.08,35.401,33.113,31.587,28.84,25.941,23.194,20.753,16.785,13.886,11.292,9.7659,10.224,12.665,12.97,14.801,15.564,16.022,14.801,14.496,14.191,13.276,12.665,15.412,17.853,22.126,25.025,28.23,29.298,31.739,33.723,33.723,31.434,28.382,25.178,24.567,20.905,17.548,14.496,13.428,12.665,13.886,14.344,14.191,13.733,12.665,10.681,9.7659,6.8667,4.4252,0.61037,-1.3733,-4.4252,-6.1037,-8.24,-11.597,-15.87,-20.295,-23.194,-23.957,-26.093,-27.467,-30.976,-32.044,-32.044,-29.298,-26.551,-24.72,-25.178,-26.551,-29.908,-32.655,-33.418,-30.976,-31.892,-31.892,-31.587,-26.856,-21.516,-18.769,-17.243,-16.48,-16.175,-15.107,-15.564,-14.954,-17.243,-19.684,-24.11,-28.23,-33.265,-38.148,-45.32,-51.271,-55.696,-57.375,-59.816,-61.037,-62.716,-62.716,-64.547,-62.258,-60.274,-57.222,-56.001,-55.238,-54.018,-51.118,-48.067,-43.947,-40.59,-34.791,-30.976,-26.704,-26.246,-23.957,-22.584,-17.548,-13.886,-12.207,-11.75,-11.597,-11.444,-10.529,-10.071,-9.003,-8.24,-6.5615,-7.7822,-8.6978,-12.055,-14.344,-17.548,-21.21,-26.093,-30.519,-37.69,-41.81,-46.999,-51.118,-57.833,-59.969,-61.647,-62.105,-61.953,-61.8,-62.563,-63.478,-64.089,-63.936,-64.394,-64.852,-66.988,-67.141,-68.514,-67.751,-68.819,-72.176,-74.465,-74.313,-72.024,-70.04,-67.446,-65.31,-65.615,-65.92,-67.446,-66.225,-64.089,-57.833,-54.323,-52.339,-50.05,-48.677,-48.677,-50.05,-51.424,-49.745,-47.456,-45.015,-45.778,-44.404,-45.778,-45.93,-48.677,-51.881,-57.68,-63.478,-68.361,-70.498,-71.871,-73.397,-77.364,-79.653,-82.553,-82.553,-85.604,-89.419,-92.776,-93.997,-93.234,-92.013,-90.64,-90.64,-91.861,-92.624,-94.15,-95.523,-98.27,-100.71,-103,-103.46,-102.54,-101.17,-100.1,-98.88,-99.033,-99.338,-101.47,-102.69,-105.75,-105.9,-105.59,-105.59,-105.59,-104.68,-103.15,-100.41,-97.354,-92.471,-88.504,-82.705,-78.127,-70.498,-66.073,-61.953,-58.138,-53.713,-49.135,-43.641,-40.132,-33.265,-27.314,-20.295,-18.921,-17.243,-16.48,-14.801,-13.733,-10.834,-8.8504,-7.7822,-8.0874,-9.003,-13.581,-17.548,-22.736,-26.551,-29.908,-34.639,-39.674,-44.252,-52.034,-57.222,-61.342,-63.326,-68.209,-71.261,-77.364,-81.332,-84.841,-85.91,-85.91,-83.163,-83.01,-83.468,-87.436,-90.182,-93.081,-92.624,-91.708,-90.945,-89.572,-86.367,-83.773,-82.247,-81.027,-77.822,-77.517,-74.77,-75.533,-74.618,-75.533,-75.228,-74.465,-71.718,-70.04,-67.293,-65.615,-63.326,-62.716,-61.19,-63.173,-64.547,-69.124,-71.871,-74.618,-75.381,-76.449,-77.67,-79.348,-79.806,-81.332,-80.721,-82.4,-83.01,-86.062,-89.724,-92.013,-90.945,-91.708,-90.335,-86.978,-80.264,-75.991,-70.65,-67.904,-65.004,-63.173,-61.647,-61.19,-60.121,-59.511,-58.596,-59.664,-58.443,-57.68,-56.917,-56.612,-56.154,-56.001,-55.544,-56.307,-56.459,-57.68,-56.154,-55.391,-53.713,-53.56,-54.476,-55.086,-53.255,-50.813,-48.83,-47.609,-42.573,-38.301,-31.739,-26.856,-22.431,-20.447,-19.532,-19.227,-18.006,-18.159,-16.022,-16.48,-16.785,-18.616,-19.379,-21.516,-23.652,-24.873,-24.262,-23.957,-21.973,-20.295,-18.464,-20.142,-21.973,-22.431,-20.6,-19.074,-15.717,-12.207,-9.6133,-9.4607,-8.3926,-8.6978,-5.9511,-4.5778,-2.5941,0.61037,4.2726,7.0193,10.681,10.834,12.513,12.665,12.97,14.191,16.327,19.837,23.347,24.72,25.636,24.415,25.636,27.314,30.976,35.707,39.369,41.505,42.421,43.031,45.93,46.693,49.745,51.729,54.323,56.154,57.527,58.138,57.985,59.053,60.884,59.969,59.816,59.206,59.053,57.985,58.443,58.29,56.764,53.865,50.966,47.761,46.388,42.879,41.2,38.301,36.164,34.181,32.807,29.756,25.178,21.821,21.973,20.6,22.279,23.499,24.873,26.399,28.687,32.044,35.401,38.759,40.742,41.2,40.132,37.385,36.927,36.622,37.233,36.47,35.859,35.096,35.859,35.707,37.843,36.317,34.028,28.23,24.72,22.584,21.821,21.821,22.889,23.652,25.025,25.178,26.399,26.399,27.161,26.399,23.652,19.074,13.886,8.3926,6.8667,3.6622,0.15259,-5.9511,-9.7659,-14.344,-17.548,-21.058,-23.499,-25.941,-25.178,-25.025,-24.567,-24.72,-22.279,-22.126,-21.21,-21.516,-22.736,-24.262,-24.415,-26.093,-24.72,-25.636,-25.33,-27.924,-28.382,-28.84,-29.908,-30.519,-28.23,-27.772,-24.72,-19.684,-11.597,-4.7304,3.6622,8.5452,14.496,18.769,27.619,37.233,46.693,54.323,61.8,67.904,75.533,82.553,90.793,96.591,104.98,110.93,117.95,124.06,129.55,135.35,140.23,145.73,152.44,155.19,158.85,160.07,162.97,165.11,168.46,172.73,177.31,181.28,184.18,187.69,193.64,199.29,204.32,205.85,206.92,207.53,211.34,213.17,215.46,216.68,215.92,216.22,217.6,219.43,223.24,225.84,229.5,230.57,231.94,232.86,234.99,236.06,235.45,234.38,234.23,234.99,238.04,239.57,241.4,240.79,240.49,236.98,234.23,230.57,226.91,224.01,222.17,220.65,220.5,218.67,218.36,216.83,216.68,215.77,215.77,215.92,215.61,215.16,212.56,210.27,209.36,208.59,210.27,210.27,209.97,209.81,209.51,207.37,205.08,200.2,193.03,186.77,181.59,175.63,168,159.46,152.44,143.13,134.59,125.58,119.63,116.12,114.29,110.93,106.36,100.56,94.913,89.877,86.825,81.484,76.449,69.124,63.021,56.612,50.966,47.304,45.015,43.641,42.573,39.827,36.927,32.197,27.161,19.684,12.513,4.5778,-1.3733,-5.6459,-10.071,-13.733,-15.87,-17.701,-18.616,-19.684,-20.753,-26.246,-34.333,-44.099,-51.271,-57.222,-62.716,-68.972,-75.381,-82.095,-86.978,-93.234,-98.422,-104.22,-106.66,-111.55,-114.6,-120.09,-124.52,-129.7,-132.6,-134.89,-136.42,-139.62,-143.44,-150.61,-156.87,-166.02,-173.8,-180.52,-185.4,-191.66,-197.45,-202.95,-207.83,-212.41,-216.07,-220.65,-220.95,-224.01,-225.23,-228.74,-230.11,-234.69,-237.74,-243.39,-247.66,-250.86,-251.78,-252.24,-250.71,-251.47,-251.47,-254.22,-255.44,-257.73,-259.1,-262,-264.6,-268.11,-271.61,-274.82,-275.28,-274.67,-270.09,-267.19,-262.15,-259.41,-255.44,-254.22,-252.69,-253.61,-253.91,-252.24,-246.74,-239.88,-232.55,-227.82,-223.24,-217.75,-209.51,-204.63,-203.71,-205.69,-204.63,-203.86,-202.95,-199.13,-193.33,-188.3,-186.16,-185.09,-181.74,-179.6,-175.33,-172.28,-165.87,-159.92,-151.83,-144.35,-137.94,-130.62,-121.92,-113.68,-106.97,-102.39,-97.201,-94.302,-88.351,-83.773,-79.653,-78.585,-75.991,-73.092,-68.056,-63.326,-56.612,-51.729,-46.999,-42.879,-37.538,-34.333,-31.434,-30.824,-30.366,-32.197,-32.044,-30.976,-27.009,-25.33,-23.041,-20.753,-18.921,-20.905,-19.379,-18.921,-15.717,-15.107,-12.055,-9.9185,-4.7304,-1.3733,0.61037,1.9837,1.9837,-0.30519,-0.45778,-0.76296,-0,-2.2889,-7.0193,-13.276,-16.938,-21.668,-25.788,-31.587,-35.249,-39.979,-41.2,-39.827,-35.249,-32.655,-30.366,-32.502,-33.418,-37.385,-39.064,-39.979,-38.911,-39.216,-40.132,-42.116,-41.047,-40.284,-37.233,-35.859,-32.96,-32.655,-31.739,-34.028,-34.791,-35.249,-34.181,-32.044,-27.314,-21.668,-15.412,-13.733,-10.529,-9.9185,-7.0193,-7.477,-6.2563,-5.4933,-2.7467,0.15259,4.4252,8.6978,12.055,15.107,18.616,20.142,21.516,21.21,21.821,21.21,22.431,24.72,26.093,26.399,27.314,28.993,30.366,32.502,37.385,40.742,45.778,48.982,52.339,56.001,62.258,67.293,72.024,75.686,79.348,79.806,80.721,80.874,83.773,84.231,85.147,81.332,78.89,80.111,81.79,83.621,88.504,92.929,95.676,95.37,97.507,96.896,97.659,96.591,95.828,93.081,91.708,87.588,80.874,72.176,63.936,55.086,49.745,43.794,39.674,34.486,32.655,28.84,26.093,21.973,18.464,12.97,6.5615,-0.30519,-6.7141,-12.97,-17.243,-23.041,-26.399,-31.892,-38.453,-46.541,-53.407,-59.511,-65.157,-69.887,-72.939,-76.296,-79.196,-83.926,-87.588,-92.013,-93.539,-94.607,-94.455,-96.133,-96.896,-97.507,-98.88,-101.47,-103.15,-105.14,-105.75,-108.04,-106.05,-105.14,-103.76,-104.83,-103.31,-101.93,-99.185,-96.286,-93.234,-89.419,-86.062,-84.231,-80.874,-79.196,-76.601,-77.364,-75.991,-74.923,-72.024,-70.498,-70.04,-71.566,-73.244,-77.212,-78.585,-83.01,-84.689,-86.673,-88.046,-92.166,-93.234,-92.776,-91.403,-90.793,-88.961,-88.046,-86.978,-87.283,-84.994,-84.384,-81.484,-81.027,-78.127,-75.991,-71.413,-67.293,-63.021,-61.342,-60.121,-58.748,-56.459,-54.018,-50.05,-46.541,-42.421,-39.369,-36.622,-33.57,-30.519,-27.161,-22.279,-15.412,-9.3081,-4.12,2.4415,8.3926,16.327,20.753,25.788,28.993,32.044,34.639,38.148,39.674,41.81,42.726,44.71,45.015,46.693,48.219,52.797,56.154,61.037,65.767,71.108,74.77,79.043,81.942,85.757,87.893,90.793,90.945,92.471,92.776,95.065,95.828,96.896,97.812,100.41,101.78,104.07,104.37,107.88,109.41,112.77,114.29,116.58,117.19,116.73,115.67,113.07,110.17,109.71,107.12,106.36,104.98,104.53,100.41,96.744,94.455,93.234,92.318,93.081,94.302,97.049,96.591,97.354,97.049,96.744,97.507,99.033,101.47,104.68,109.1,115.97,122.68,130.16,134.74,140.54,146.18,152.75,158.7,164.95,171.36,178.53,186.47,195.01,202.95,212.56,220.04,228.58,236.52,245.52,254.07,262.46,268.87,276.35,282.91,288.55,294.81,301.52,308.39,317.85,324.26,330.21,334.79,339.82,345.16,352.18,357.98,363.32,367.9,374.61,379.5,383.92,387.74,393.54,397.81,403.61,410.32,415.66,419.63,423.29,426.8,430.46,433.36,438.4,441.45,442.82,442.98,442.52,442.21,441.76,441.76,442.52,442.52,443.28,442.37,442.67,442.21,442.37,442.82,443.89,443.89,444.5,444.96,446.03,446.64,445.72,443.28,442.21,439.92,437.48,435.19,432.45,428.33,424.97,421.16,418.41,413.07,408.8,403.45,395.52,387.28,379.65,371.26,365.31,358.44,354.32,349.74,345.01,339.82,333.41,326.7,319.99,313.12,306.71,299.39,292.37,283.82,277.72,272.23,266.73,260.63,253.91,245.83,239.42,230.57,223.7,215.61,207.37,198.98,190.44,181.13,173.5,167.24,161.44,154.58,149.85,143.74,138.55,133.98,129.7,125.13,120.09,116.58,115.05,113.53,113.38,110.02,106.51,100.41,95.981,91.403,89.114,85.91,80.874,75.686,71.566,66.225,60.732,53.865,48.372,41.353,33.723,26.704,20.295,15.412,12.055,8.0874,4.7304,1.2207,-1.6785,-6.4089,-10.987,-14.954,-19.379,-26.093,-32.807,-40.59,-44.862,-49.745,-50.813,-51.118,-50.813,-51.424,-51.881,-50.661,-50.508,-51.118,-51.118,-54.323,-55.238,-55.849,-54.476,-53.407,-52.95,-51.576,-50.966,-50.508,-48.83,-50.661,-53.713,-58.138,-59.816,-60.274,-61.342,-63.173,-64.241,-65.31,-66.988,-71.871,-74.465,-76.296,-75.838,-75.991,-76.449,-76.907,-78.585,-80.874,-83.926,-89.267,-91.25,-91.556,-89.724,-84.994,-79.348,-74.465,-70.803,-67.904,-64.089,-63.631,-61.8,-60.884,-60.579,-60.274,-59.969,-60.884,-62.41,-64.241,-66.836,-71.108,-72.329,-74.313,-74.618,-75.991,-78.28,-81.332,-83.316,-86.062,-93.234,-105.59,-114.14,-122.68,-132.3,-141.15,-148.93,-156.41,-165.72,-176.24,-182.65,-189.37,-195.78,-204.17,-211.19,-220.8,-227.06,-230.72,-233.16,-235.3,-237.74,-239.57,-238.65,-238.65,-236.37,-234.84,-233.16,-234.08,-236.21,-239.42,-243.54,-246.44,-247.05,-249.18,-253,-258.8,-259.71,-260.32,-258.64,-257.42,-257.73,-259.56,-259.71,-260.48,-261.54,-263.68,-264.9,-269.48,-270.7,-272.38,-271.16,-265.97,-257.88,-251.17,-246.89,-247.35,-248.42,-251.93,-255.44,-259.87,-260.63,-263.07,-263.68,-265.36,-264.9,-262,-257.27,-254.22,-251.01,-247.51,-243.39,-240.33,-232.25,-225.38,-217.29,-211.65,-206,-202.8,-197.76,-193.95,-190.74,-188.15,-184.18,-180.67,-177.16,-177.16,-175.02,-173.8,-169.53,-165.56,-161.75,-158.24,-156.25,-154.73,-151.22,-147.25,-141.15,-137.64,-134.13,-132.15,-128.18,-125.28,-120.24,-117.19,-113.83,-111.09,-108.8,-107.12,-105.29,-106.81,-105.9,-106.36,-105.29,-105.44,-104.07,-102.24,-101.02,-101.47,-101.17,-104.83,-107.27,-109.26,-107.43,-108.04,-108.65,-108.8,-107.27,-105.9,-107.43,-111.24,-114.29,-117.95,-118.41,-119.94,-120.09,-121.01,-119.79,-120.24,-121.01,-120.4,-119.63,-121.16,-123.75,-126.19,-127.87,-130.77,-132.45,-133.52,-133.21,-135.81,-140.23,-145.73,-151.07,-155.03,-156.25,-157.63,-156.56,-153.97,-148.17,-145.12,-141.91,-140.54,-140.39,-140.08,-137.33,-134.28,-131.23,-129.09,-125.74,-123.45,-120.4,-121.77,-118.87,-114.9,-112.16,-110.93,-109.87,-110.78,-110.78,-113.22,-114.9,-117.95,-117.95,-118.72,-118.41,-121.31,-124.82,-128.33,-131.38,-137.49,-143.13,-147.4,-149.85,-157.17,-161.29,-163.58,-163.12,-162.21,-159.92,-156.87,-152.29,-149.69,-146.03,-142.22,-138.1,-137.03,-136.11,-136.72,-136.42,-136.11,-134.59,-133.98,-134.89,-135.81,-138.55,-142.67,-144.66,-144.81,-143.13,-141.91,-141.45,-143.28,-145.57,-148.32,-150.3,-151.22,-152.59,-157.93,-163.88,-172.12,-178.08,-186.47,-192.42,-197.76,-201.57,-207.22,-212.71,-220.34,-228.43,-237.28,-245.67,-254.07,-258.49,-262,-262.61,-263.68,-265.51,-268.56,-271.61,-275.28,-279.24,-282.3,-283.36,-284.43,-276.65,-266.12,-253.76,-243.39,-234.69,-228.89,-224.46,-220.19,-214.55,-209.51,-203.41,-198.68,-190.28,-182.5,-176.09,-169.38,-163.73,-161.6,-159.76,-157.48,-154.58,-154.27,-152.44,-153.2,-154.73,-158.7,-161.14,-164.49,-166.48,-169.84,-173.19,-179.75,-184.18,-191.81,-198.52,-205.24,-206.92,-210.12,-211.19,-212.1,-213.78,-216.83,-218.21,-220.04,-219.58,-221.72,-223.09,-226.14,-228.89,-230.57,-230.11,-229.04,-230.26,-234.08,-236.06,-238.81,-237.74,-234.84,-227.82,-225.84,-223.85,-220.8,-217.14,-214.24,-211.95,-210.73,-208.44,-207.53,-204.63,-202.03,-196.54,-191.35,-184.03,-178.53,-172.12,-163.58,-152.44,-141.45,-130.01,-121.62,-112.16,-105.59,-97.354,-92.776,-86.673,-84.078,-80.721,-78.738,-75.838,-75.533,-74.16,-74.77,-74.313,-75.381,-76.296,-77.975,-79.653,-80.874,-81.942,-81.484,-80.721,-81.942,-83.163,-84.841,-84.536,-85.91,-86.978,-88.504,-89.267,-90.03,-89.419,-88.198,-83.621,-78.28,-71.718,-67.751,-64.089,-62.258,-62.41,-61.342,-59.053,-57.222,-53.255,-49.593,-46.083,-45.32,-42.573,-38.301,-33.57,-28.23,-22.889,-18.464,-13.276,-9.9185,-5.3407,-3.357,-1.9837,-3.0519,-3.0519,-3.357,-2.7467,-2.7467,-0.76296,0.61037,3.9674,5.1881,8.0874,7.477,8.3926,12.055,16.48,21.058,27.619,31.739,37.08,40.132,41.963,44.862,49.593,54.17,58.901,63.478,68.514,72.176,78.585,83.316,90.793,97.049,103.76,108.95,113.53,116.43,119.63,120.09,122.99,124.52,128.18,131.38,135.04,138.86,142.83,147.25,152.44,157.17,163.73,169.23,175.48,181.43,187.84,193.03,198.52,202.64,208.14,214.39,221.72,227.36,235.45,242.77,250.71,258.49,266.73,274.97,283.82,290.99,299.39,306.86,316.32,324.11,332.65,341.96,349.59,356.76,362.41,367.75,374,379.04,386.06,391.09,397.81,405.29,411.39,417.65,423.44,428.02,433.82,436.41,441.3,445.57,451.22,454.42,458.08,461.29,464.49,466.32,469.07,470.29,472.58,473.65,475.94,478.68,479.9,480.51,482.35,483.41,484.02,482.35,480.21,478.07,475.02,473.19,471.66,469.22,466.93,461.75,456.25,450.76,448.16,446.64,446.03,446.18,445.88,443.59,443.28,441.76,441.91,440.84,441.15,441.45,440.69,437.33,434.13,429.7,427.11,424.36,423.14,421.61,420.39,419.17,416.58,412,408.03,402.23,397.96,394.15,392.16,390.03,388.35,385.75,381.94,377.51,374.16,369.58,367.29,364.09,363.63,362.25,361.34,361.03,361.03,361.34,361.8,360.88,361.49,360.73,361.49,361.49,361.49,360.88,359.81,359.81,359.51,358.75,359.05,357.98,358.75,357.83,356.91,354.17,351.73,349.28,348.22,347.61,348.67,348.83,349.59,348.67,346.69,342.88,339.82,336.77,334.03,331.13,327.77,326.09,325.79,322.58,320.6,316.63,313.27,310.68,306.71,301.07,295.57,288.25,282.3,274.36,268.11,261.39,256.2,251.32,246.44,241.71,237.13,231.18,224.62,216.38,209.51,199.9,189.98,181.13,170.6,161.44,152.59,144.66,137.94,128.94,120.4,109.56,101.02,93.387,85.147,75.381,64.852,53.865,42.268,31.739,23.652,14.649,5.4933,-4.5778,-14.191,-23.347,-32.35,-42.116,-51.576,-61.037,-67.751,-75.533,-82.095,-90.03,-97.049,-102.08,-104.98,-107.58,-109.87,-112,-113.83,-117.19,-118.41,-118.72,-120.09,-124.52,-126.8,-128.94,-132.76,-135.04,-136.57,-141,-146.79,-152.9,-153.51,-154.58,-154.27,-155.8,-158.85,-160.68,-162.66,-166.48,-171.97,-178.23,-183.72,-193.33,-203.25,-212.71,-218.82,-224.31,-231.18,-238.81,-243.08,-245.98,-250.1,-254.07,-253.46,-255.59,-257.73,-263.22,-267.65,-270.55,-272.99,-272.99,-271.46,-272.07,-272.99,-276.04,-277.57,-276.65,-273.29,-271.61,-268.41,-266.12,-262.76,-258.49,-255.29,-253,-249.34,-244.61,-234.69,-223.7,-212.71,-205.85,-199.74,-196.08,-194.25,-190.13,-187.08,-186.47,-182.5,-178.38,-173.65,-169.23,-162.51,-155.19,-148.63,-144.05,-144.05,-144.2,-141.91,-140.08,-137.94,-137.33,-135.5,-133.82,-128.33,-121.62,-115.51,-109.26,-104.83,-104.07,-103.76,-105.29,-105.14,-105.59,-103.31,-99.948,-97.354,-92.166,-88.809,-87.283,-86.062,-88.198,-89.419,-91.403,-90.945,-90.793,-91.556,-93.997,-97.049,-98.575,-100.56,-102.85,-104.98,-111.39,-117.65,-124.21,-129.25,-131.23,-132.15,-134.28,-135.35,-139.62,-142.67,-146.18,-147.4,-150.3,-150.15,-147.71,-146.49,-146.95,-147.71,-148.78,-145.88,-142.06,-138.25,-136.27,-134.89,-135.2,-135.2,-134.89,-133.37,-131.23,-129.25,-129.7,-130.16,-130.92,-130.16,-130.92,-130.92,-131.23,-132.45,-134.13,-137.03,-140.69,-140.23,-142.67,-143.44,-145.73,-145.57,-145.73,-146.49,-146.49,-145.57,-147.1,-146.18,-146.18,-142.52,-139.01,-137.49,-138.4,-136.88,-136.27,-138.71,-144.51,-147.86,-150.76,-149.39,-151.68,-154.27,-157.17,-159.15,-160.68,-160.22,-159.31,-158.54,-162.05,-162.97,-166.17,-168.61,-173.8,-177.77,-181.28,-182.2,-180.06,-174.57,-170.29,-165.26,-162.82,-159.76,-160.99,-161.6,-163.58,-165.26,-168.46,-171.51,-176.24,-178.38,-182.96,-184.33,-186.32,-185.86,-185.86,-186.32,-186.62,-185.86,-186.62,-187.84,-189.83,-190.59,-191.05,-189.06,-187.23,-184.03,-180.36,-177.92,-179.3,-181.89,-183.87,-185.4,-186.01,-184.64,-182.65,-177.01,-173.04,-168.77,-167.24,-167.85,-167.85,-166.02,-163.88,-161.75,-159.92,-156.41,-153.81,-149.08,-143.44,-137.03,-132.6,-129.55,-127.57,-124.67,-121.77,-117.5,-115.51,-112,-108.49,-101.93,-95.218,-85.299,-76.144,-64.852,-54.018,-41.658,-33.57,-27.619,-22.889,-16.938,-14.039,-8.6978,-3.8148,-0.45778,2.1363,6.4089,9.3081,13.428,17.396,22.736,26.551,28.993,28.993,26.551,23.804,21.363,19.074,17.701,15.717,14.954,10.224,6.7141,3.0519,-0.30519,-2.5941,-3.0519,-2.7467,0.76296,1.8311,2.5941,0.91556,0.76296,0.45778,-1.0681,-1.8311,-1.2207,-0.15259,1.9837,3.9674,7.3244,6.1037,3.2044,1.2207,0.15259,1.8311,9.3081,16.175,22.584,25.178,26.093,27.009,28.382,30.976,34.333,37.08,39.521,41.353,41.658,38.606,32.807,27.924,22.279,15.107,11.902,10.529,11.292,9.9185,11.444,12.055,12.513,12.36,11.292,9.003,6.4089,0.45778,-5.0356,-12.513,-18.159,-23.957,-27.924,-28.687,-27.924,-27.772,-28.535,-32.197,-35.554,-38.911,-41.505,-43.794,-45.167,-45.473,-43.947,-41.963,-39.064,-39.064,-40.59,-43.184,-43.794,-46.236,-50.356,-56.154,-60.884,-63.631,-64.852,-67.598,-68.209,-69.582,-66.988,-64.852,-63.021,-61.342,-59.969,-59.511,-57.527,-56.459,-54.018,-53.713,-54.476,-56.459,-56.917,-57.07,-56.307,-55.544,-55.238,-57.68,-60.427,-65.31,-67.446,-69.277,-70.04,-69.735,-67.293,-65.92,-63.478,-59.511,-54.018,-50.966,-47.151,-43.184,-36.317,-31.434,-26.399,-22.126,-18.159,-15.564,-11.292,-9.1556,-3.0519,1.8311,7.7822,13.581,19.379,22.584,24.415,26.399,30.519,34.028,39.369,40.742,42.268,43.031,45.778,48.83,51.729,53.56,53.407,52.034,50.203,48.677,49.593,49.44,52.492,55.391,60.121,63.478,67.293,70.803,73.55,75.838,78.433,81.484,86.215,88.961,93.234,95.828,100.71,105.14,108.95,110.78,112.46,113.38,115.05,115.05,115.05,112.77,111.24,106.97,103.46,99.948,99.49,100.1,100.25,100.56,102.54,104.53,107.12,107.58,109.26,109.71,108.95,107.73,108.19,107.88,106.81,103,99.796,95.981,94.15,91.098,89.877,88.046,84.994,82.553,79.196,74.618,71.413,67.598,66.073,65.31,67.904,68.972,70.04,71.718,74.923,77.059,77.67,75.533,75.838,76.449,78.585,78.585,79.196,78.585,80.264,82.4,84.689,87.283,89.114,89.724,92.471,93.997,97.659,99.49,101.02,102.39,105.44,108.65,111.55,113.22,116.12,119.48,125.89,129.55,135.04,139.01,143.13,146.03,148.01,148.78,148.93,149.54,151.37,150.15,150.61,150.3,150.91,149.85,149.39,149.08,150.91,152.75,153.36,153.05,153.81,151.22,147.25,140.54,134.13,126.19,119.02,112.92,104.83,93.997,83.926,75.228,69.887,64.547,58.443,51.118,45.473,39.979,36.012,31.281,24.873,18.159,14.191,8.0874,3.5096,-2.2889,-6.2563,-8.8504,-10.681,-11.75,-14.649,-20.447,-25.025,-30.519,-34.028,-36.317,-38.453,-41.353,-46.693,-52.95,-56.154,-59.816,-63.478,-68.819,-73.092,-78.585,-83.316,-89.877,-95.828,-99.796,-104.83,-109.71,-112.31,-115.36,-118.11,-122.84,-125.28,-128.48,-130.92,-134.59,-138.4,-141.3,-143.59,-145.88,-145.27,-145.57,-141.76,-139.01,-132.76,-125.13,-117.65,-112.77,-109.26,-107.88,-104.98,-102.54,-98.117,-92.776,-84.231,-75.686,-67.751,-62.563,-57.833,-53.713,-46.999,-42.268,-37.385,-33.57,-28.077,-23.194,-19.227,-15.107,-11.597,-8.0874,-3.8148,0.30519,6.7141,14.344,24.873,32.807,39.979,43.641,44.862,44.252,42.573,42.421,43.489,43.184,45.32,46.541,46.846,45.473,43.947,41.2,37.843,35.554,33.418,31.129,30.061,26.856,23.041,17.396,15.717,14.039,10.834,8.0874,5.7985,2.5941,1.2207,-0.15259,-0.30519,-0.91556,-0.91556,-0.91556,-0.15259,-1.2207,-2.1363,-2.8993,-3.2044,-4.12,-4.883,-7.3244,-8.0874,-10.071,-11.444,-12.36,-12.513,-12.055,-11.139,-9.9185,-8.0874,-8.0874,-4.2726,-1.3733,1.9837,4.883,7.9348,8.5452,6.7141,5.6459,4.5778,1.6785,1.9837,1.8311,3.6622,4.4252,5.4933,4.883,4.12,3.9674,4.7304,6.7141,10.529,12.055,15.107,17.701,21.058,21.973,22.431,20.753,19.379,18.769,19.379,19.684,21.363,21.058,22.889,24.415,26.551,28.84,30.061,31.892,34.181,36.775,37.69,35.401,34.028,31.739,30.061,27.161,26.704,24.415,21.363,18.769,17.243,15.107,16.327,19.074,20.447,18.006,16.785,15.259,15.259,13.581,10.834,8.3926,6.7141,4.2726,0.76296,-4.12,-10.529,-19.99,-24.873,-26.704,-25.636,-26.246,-28.535,-30.213,-34.181,-41.658,-48.524,-58.29,-65.615,-71.718,-73.244,-74.465,-76.144,-80.111,-82.4,-84.231,-84.994,-85.757,-86.367,-89.267,-89.419,-90.182,-90.945,-91.861,-91.403,-92.166,-94.455,-96.438,-96.744,-97.049,-95.218,-93.692,-89.724,-86.978,-82.247,-79.348,-77.822,-77.67,-77.975,-78.28,-77.517,-77.67,-75.228,-72.787,-68.972,-65.462,-64.241,-63.784,-63.478,-63.173,-61.8,-61.8,-59.053,-57.68,-55.238,-54.476,-54.018,-53.865,-52.187,-51.118,-48.982,-46.541,-42.726,-39.979,-37.08,-34.944,-32.197,-31.739,-32.044,-32.502,-31.587,-31.129,-29.145,-28.23,-26.093,-23.499,-21.363,-19.684,-19.227,-18.921,-16.938,-15.717,-13.581,-12.055,-6.7141,-2.7467,0.45778,1.5259,1.3733,1.2207,1.8311,2.7467,3.8148,2.8993,3.6622,3.5096,4.12,5.7985,5.9511,5.7985,7.7822,9.6133,11.597,12.97,16.633,19.837,21.21,21.516,21.668,18.769,16.48,14.801,11.902,10.224,9.9185,8.0874,7.7822,5.1881,2.5941,0.61037,0.76296,3.357,4.883,4.7304,4.5778,3.0519,3.9674,5.0356,8.6978,10.681,12.207,11.444,10.224,10.071,10.529,10.834,10.987,11.292,13.428,13.428,13.428,9.6133,6.5615,4.883,3.357,0.15259,-3.6622,-6.1037,-8.0874,-10.224,-12.207,-15.107,-15.564,-18.006,-19.379,-21.058,-21.973,-23.194,-25.483,-27.619,-30.366,-34.333,-33.723,-31.892,-29.45,-29.756,-30.213,-35.249,-43.031,-51.118,-59.969,-69.735,-75.076,-78.738,-80.264,-81.637,-81.332,-83.316,-85.147,-88.504,-92.318,-95.828,-97.964,-101.02,-99.796,-99.185,-97.964,-100.41,-103.92,-109.71,-115.36,-120.85,-126.96,-128.79,-124.97,-122.84,-121.92,-124.82,-125.74,-127.72,-127.41,-129.09,-130.77,-129.4,-129.55,-132.91,-137.79,-146.18,-152.29,-159.15,-164.34,-170.75,-177.01,-180.97,-181.74,-182.81,-185.25,-191.2,-194.71,-200.81,-207.07,-217.6,-229.35,-242.16,-254.83,-265.97,-274.51,-279.85,-282.14,-286.11,-288.55,-289.47,-287.48,-289.62,-296.33,-307.93,-316.78,-324.26,-329.29,-335.09,-334.33,-332.35,-328.84,-326.4,-325.33,-329.91,-341.65,-354.63,-361.64,-365.76,-361.49,-354.93,-348.98,-350.66,-354.32,-360.88,-368.66,-377.82,-384.53,-388.35,-383.31,-374.31,-368.21,-364.09,-360.88,-363.02,-367.29,-375.53,-385.6,-388.04,-383.47,-377.21,-368.51,-363.48,-358.13,-358.75,-365.31,-374,-375.23,-374.61,-379.35,-385.45,-390.33,-395.52,-401.93,-409.25,-414.75,-417.65,-417.34,-417.04,-414.75,-410.78,-405.44,-400.4,-397.05,-395.06,-394.76,-396.74,-399.79,-405.9,-411.24,-416.73,-420.24,-421.16,-418.87,-417.19,-417.65,-420.7,-424.21,-431.07,-435.19,-435.8,-434.13,-432.6,-429.09,-424.97,-423.75,-426.5,-431.07,-434.89,-432.75,-427.72,-418.56,-410.02,-402.69,-400.56,-401.32,-400.86,-400.56,-401.17,-402.69,-404.83,-406.2,-405.9,-404.07,-403.3,-402.23,-398.57,-395.21,-391.86,-385.75,-378.43,-372.33,-368.82,-363.63,-359.97,-357.52,-357.22,-356.46,-356.61,-354.93,-350.35,-345.32,-342.88,-344.25,-348.98,-353.4,-359.51,-365.46,-369.43,-369.88,-369.88,-367.29,-362.41,-359.05,-356,-351.57,-346.39,-339.82,-333.87,-324.72,-314.95,-305.64,-299.23,-292.06,-285.5,-280.47,-275.73,-272.38,-269.17,-266.58,-265.66,-267.04,-274.51,-278.79,-278.02,-272.07,-261.09,-252.39,-245.37,-240.94,-237.28,-232.55,-228.43,-222.17,-216.38,-211.95,-211.49,-210.73,-210.43,-211.95,-215.77,-218.97,-219.43,-210.12,-192.88,-175.94,-164.8,-157.32,-153.36,-148.47,-142.37,-138.1,-137.33,-138.4,-139.01,-137.79,-137.79,-137.03,-139.16,-140.08,-139.77,-135.65,-130.16,-125.43,-121.92,-118.26,-116.58,-113.38,-112.16,-113.07,-117.04,-116.28,-109.71,-98.575,-88.198,-81.179,-77.517,-76.144,-77.517,-82.247,-88.198,-90.03,-89.267,-86.215,-83.773,-81.027,-77.059,-72.634,-68.209,-58.29,-47.914,-36.47,-25.483,-13.428,-4.12,-0.15259,-0.76296,-2.8993,-5.3407,-8.8504,-10.224,-7.477,-2.4415,4.5778,11.902,20.447,25.483,29.45,33.723,39.369,46.846,53.102,59.053,64.241,66.225,70.345,74.77,79.653,84.994,92.318,101.02,108.19,115.05,121.01,125.13,128.94,129.86,130.47,130.16,133.98,138.4,142.52,145.42,147.25,147.56,147.86,147.4,148.47,147.71,145.88,142.22,142.37,144.81,145.88,146.95,148.01,147.56,147.71,144.05,140.39,136.72,133.52,131.23,130.62,128.79,128.33,128.03,128.33,128.64,132.3,133.21,132.15,128.03,125.58,124.82,126.35,130.01,133.06,136.11,141.3,144.2,147.71,151.22,157.63,163.88,171.06,177.47,185.86,193.95,205.69,215,227.06,236.98,248.12,257.12,266.88,275.43,285.96,295.72,306.41,317.7,330.52,341.04,352.49,362.71,373.09,382.55,393.99,404.98,418.41,428.63,439.92,449.54,460.52,468.31,476.24,484.79,492.72,498.52,504.17,506.91,508.74,511.49,516.53,519.73,525.07,530.56,533.62,536.52,540.64,543.99,548.88,552.08,555.89,557.88,563.07,568.25,572.98,579.39,586.57,593.43,599.38,603.66,609.15,612.05,615.56,618.61,622.73,623.95,625.17,627.77,630.66,632.04,634.63,635.7,636.62,635.24,637.23,637.53,637.68,637.68,636.16,633.11,630.97,628.68,627.46,624.56,623.49,622.42,624.56,625.17,626.54,627.16,628.53,629.14,631.12,635.24,637.68,636.16,634.48,632.34,630.97,629.29,628.22,627,624.26,621.66,619.53,616.47,613.57,610.98,609.3,605.79,604.88,601.67,597.55,592.21,588.24,582.6,576.65,568.86,560.62,552.69,545.06,538.19,534.68,531.78,527.66,521.87,516.07,508.29,498.21,489.52,482.19,475.02,469.68,463.58,457.17,449.23,444.65,439.16,433.82,427.26,421,415.51,411.69,406.96,403.15,397.81,392.32,386.52,382.09,377.67,374.92,373.39,372.48,371.11,369.88,368.97,369.12,367.29,363.78,357.83,352.49,346.84,340.28,333.11,325.63,321.05,316.93,311.75,307.32,302.74,298.47,291.45,286.42,282.45,280.92,279.55,278.94,278.02,279.85,280.92,282.91,284.13,283.97,282.14,278.33,273.14,268.41,262.61,256.51,249.34,245.67,245.06,247.51,248.88,249.79,251.93,252.69,251.47,248.57,246.44,244.3,239.57,236.82,233.77,230.72,227.36,223.09,220.65,219.28,216.38,213.93,209.05,202.8,194.56,189.98,186.47,183.57,180.52,176.24,170.45,165.56,159.15,152.44,143.28,136.72,129.25,122.99,116.43,110.17,102.85,95.065,85.757,77.059,70.193,66.378,62.105,58.29,52.644,48.677,41.658,35.401,30.671,25.788,20.905,18.159,14.191,10.987,8.3926,7.6296,6.1037,3.9674,-0.45778,-4.5778,-7.0193,-8.3926,-9.3081,-10.987,-13.276,-14.649,-16.175,-17.701,-20.295,-20.905,-22.431,-23.041,-24.11,-25.788,-28.535,-30.824,-32.044,-31.129,-31.587,-28.077,-26.246,-24.415,-24.262,-25.788,-27.009,-27.009,-27.161,-26.704,-27.619,-28.535,-30.824,-32.655,-34.028,-34.791,-37.385,-41.658,-47.304,-51.729,-53.865,-52.339,-52.492,-54.018,-57.68,-58.901,-59.816,-61.8,-64.699,-66.683,-70.193,-74.313,-80.111,-81.79,-83.468,-81.027,-78.585,-76.144,-72.024,-68.056,-64.089,-61.953,-62.41,-61.037,-61.037,-59.053,-58.29,-58.29,-59.053,-61.342,-64.241,-66.836,-69.735,-72.634,-77.364,-80.264,-81.942,-83.926,-86.825,-91.861,-96.896,-100.41,-102.69,-103,-102.85,-101.47,-99.948,-99.185,-99.643,-101.32,-104.98,-108.19,-111.09,-110.93,-111.7,-111.39,-110.63,-107.58,-107.27,-108.04,-110.93,-114.9,-119.02,-120.7,-123.29,-123.14,-122.53,-121.62,-121.77,-121.16,-120.7,-120.24,-119.79,-119.94,-124.21,-126.5,-130.31,-132.15,-135.65,-136.72,-135.65,-134.43,-135.35,-134.28,-132.91,-130.31,-129.7,-130.01,-132.91,-134.13,-135.35,-137.79,-137.64,-137.03,-136.72,-136.11,-135.35,-133.82,-131.23,-127.72,-126.19,-123.75,-123.14,-122.68,-122.38,-120.09,-119.02,-118.87,-121.62,-122.23,-122.68,-122.23,-119.33,-117.19,-114.29,-110.93,-108.95,-106.81,-107.27,-107.88,-111.09,-114.29,-116.73,-117.8,-117.65,-116.58,-115.67,-113.22,-114.14,-116.58,-120.55,-120.7,-120.7,-122.07,-123.6,-121.31,-117.65,-113.38,-109.87,-104.53,-99.338,-96.286,-93.234,-91.25,-88.809,-84.994,-81.179,-73.244,-67.293,-61.8,-58.596,-56.917,-55.696,-51.729,-48.982,-46.083,-45.778,-45.167,-47.456,-50.508,-52.644,-54.628,-58.29,-60.121,-61.495,-59.816,-58.748,-57.222,-56.154,-53.865,-52.95,-52.339,-52.187,-51.271,-49.593,-47.456,-47.761,-47.609,-49.745,-52.492,-55.696,-58.443,-60.884,-62.563,-63.936,-64.394,-65.004,-63.478,-65.157,-66.683,-67.751,-65.004,-60.427,-55.544,-51.881,-46.999,-44.404,-41.353,-40.284,-37.233,-34.639,-33.113,-32.502,-32.197,-32.044,-31.281,-33.418,-33.418,-32.35,-30.671,-28.077,-26.551,-23.804,-18.464,-16.175,-15.87,-19.99,-21.973,-22.279,-21.973,-20.142,-18.159,-19.227,-20.753,-24.72,-27.314,-30.824,-34.333,-37.996,-40.59,-43.641,-46.236,-48.982,-50.661,-55.238,-59.511,-64.089,-67.751,-72.634,-75.838,-77.212,-75.991,-75.228,-76.601,-80.111,-83.468,-88.504,-89.877,-91.403,-90.64,-89.114,-89.572,-89.419,-88.656,-88.961,-85.91,-84.384,-81.484,-80.721,-77.517,-75.381,-73.55,-72.176,-69.277,-66.225,-62.41,-58.29,-53.255,-49.44,-45.93,-44.099,-42.879,-42.268,-42.268,-41.963,-41.2,-42.573,-43.336,-46.693,-49.745,-52.797,-55.696,-61.19,-67.446,-74.16,-79.653,-85.91,-89.419,-92.471,-93.081,-95.676,-97.507,-98.27,-97.201,-96.438,-96.591,-94.913,-92.471,-93.997,-95.676,-97.812,-98.27,-97.354,-96.744,-96.286,-97.049,-96.896,-93.997,-91.708,-87.588,-85.604,-83.316,-81.484,-80.721,-81.179,-82.858,-85.452,-85.757,-85.604,-82.4,-79.348,-75.228,-71.108,-65.92,-61.495,-58.596,-58.443,-58.748,-60.884,-61.19,-60.884,-59.664,-59.664,-61.037,-63.936,-65.462,-67.141,-68.514,-72.481,-72.634,-74.16,-77.364,-79.043,-78.127,-78.433,-76.754,-74.007,-68.514,-64.852,-64.547,-66.073,-68.209,-70.803,-72.329,-73.55,-72.481,-70.498,-67.293,-65.004,-62.258,-60.732,-59.511,-58.138,-56.154,-54.933,-49.44,-46.388,-43.336,-39.674,-35.859,-35.859,-35.096,-37.385,-40.742,-42.879,-42.116,-41.81,-41.353,-41.047,-39.979,-42.268,-44.862,-47.609,-47.761,-47.761,-48.372,-48.372,-48.677,-48.83,-49.593,-50.813,-50.508,-50.813,-50.813,-52.95,-55.086,-55.544,-54.933,-54.933,-54.476,-57.222,-57.07,-59.511,-60.884,-62.716,-64.241,-66.073,-67.904,-68.361,-67.598,-66.073,-64.699,-65.31,-63.631,-65.004,-63.326,-60.274,-55.696,-52.95,-48.83,-46.236,-44.099,-44.557,-44.71,-46.388,-45.93,-49.898,-54.17,-60.427,-62.105,-62.563,-63.326,-65.004,-67.293,-70.65,-74.77,-82.858,-88.961,-96.896,-101.32,-105.29,-104.83,-103.31,-101.47,-100.86,-100.56,-102.69,-104.22,-105.59,-104.68,-105.59,-105.44,-106.66,-106.66,-107.27,-106.97,-105.44,-102.85,-99.185,-95.218,-92.166,-88.046,-86.673,-84.536,-85.452,-84.231,-85.452,-86.062,-87.436,-87.283,-85.604,-84.384,-83.468,-80.569,-81.179,-79.501,-79.806,-79.501,-79.806,-78.433,-77.822,-76.144,-74.16,-70.193,-62.716,-51.729,-43.489,-36.164,-29.908,-24.567,-19.684,-15.107,-9.7659,-4.12,-0.45778,3.9674,7.3244,11.902,14.649,17.548,19.684,19.99,19.379,20.142,18.769,18.616,19.227,19.99,21.821,24.415,27.924,29.756,31.587,34.944,36.317,38.453,39.064,39.216,39.827,40.895,41.2,41.505,42.573,44.71,48.067,51.424,52.95,55.238,57.07,59.511,62.868,64.852,65.157,66.836,66.836,67.904,69.735,72.481,74.007,77.822,81.484,84.536,87.741,92.776,95.065,99.948,103.76,108.49,112.77,117.34,121.62,125.74,129.09,131.69,132.45,133.52,133.82,135.96,137.03,138.55,140.08,140.84,140.23,139.62,139.62,140.69,140.84,141.91,141.15,140.84,139.62,137.33,135.2,132.3,129.09,126.96,125.43,126.65,125.28,123.75,122.07,121.62,121.31,119.94,117.95,115.51,112.31,109.56,107.43,107.12,104.53,102.54,98.88,96.896,95.218,94.607,94.302,92.929,91.403,91.556,90.64,92.013,91.861,93.539,94.302,95.218,96.286,98.88,101.17,103.61,105.9,108.65,109.41,111.39,111.85,111.85,112,113.53,115.05,115.97,115.51,115.67,114.6,115.05,115.51,117.5,120.85,121.92,122.68,124.21,126.04,129.4,132.45,136.72,141,146.03,150.46,153.97,158.09,162.82,168,174.26,179.14,186.32,193.03,201.73,209.2,215.46,221.11,227.36,233.16,238.65,241.55,244.61,246.13,247.96,249.64,250.86,251.78,253.3,254.68,257.12,258.49,259.87,260.63,263.07,265.36,267.04,268.11,269.17,269.17,268.26,265.36,262.76,260.63,258.34,255.13,252.39,248.27,244.91,240.03,237.89,234.84,231.64,228.13,226.29,224.16,222.79,221.11,219.89,216.83,215.46,212.87,211.04,209.05,205.39,202.19,198.37,192.88,189.83,185.55,182.04,177.92,175.94,172.89,168.31,164.8,160.37,155.95,154.42,152.13,151.07,149.69,148.01,145.12,141.3,136.27,130.31,124.52,121.01,117.34,114.44,110.17,105.59,100.41,94.76,89.877,86.367,82.4,80.874,78.127,76.144,73.55,71.718,68.972,65.615,61.647,58.443,56.001,55.086,52.644,51.729,48.982,47.914,45.015,41.963,39.216,37.996,38.606,39.521,39.827,40.59,39.216,39.216,39.216,40.284,40.742,39.674,38.148,38.453,37.385,36.927,35.249,35.859,36.164,34.791,32.197,30.061,27.619,26.399,24.11,21.973,19.379,18.006,17.396,17.243,15.564,12.665,10.224,10.224,8.0874,9.4607,9.7659,10.224,10.529,9.9185,8.8504,8.24,7.3244,8.5452,7.3244,8.3926,9.4607,10.071,11.902,13.581,14.649,17.243,19.379,20.905,20.905,22.431,23.499,25.483,28.382,31.129,30.976,32.502,32.655,32.807,32.96,32.807,32.807,33.876,34.486,35.859,36.622,36.775,36.317,36.317,35.401,32.502,30.366,29.603,28.23,28.535,29.145,31.129,30.519,30.213,29.298,26.856,24.11,22.126,19.227,19.532,20.295,22.279,22.431,21.363,20.753,21.21,22.431,23.347,23.652,25.178,24.567,25.025,23.652,23.499,24.11,23.652,22.279,23.194,24.262,25.483,25.025,25.025,23.957,23.804,23.347,24.415,26.399,29.756,32.35,33.57,33.113,33.876,33.113,34.791,36.47,39.827,41.505,42.421,45.015,48.982,51.271,52.95,53.255,54.018,55.238,57.985,57.985,58.29,56.612,54.628,52.644,48.982,45.625,43.184,40.437,37.538,32.35,28.687,23.194,19.837,15.87,13.123,10.834,10.071,9.9185,6.8667,1.3733,-4.2726,-11.75,-18.921,-28.382,-35.859,-40.437,-40.437,-42.116,-45.32,-48.067,-48.677,-47.304,-45.473,-42.268,-37.996,-36.927,-36.317,-36.622,-35.707,-34.639,-34.486,-35.401,-35.401,-36.317,-37.385,-39.521,-40.895,-43.031,-47.456,-51.576,-52.187,-50.661,-47.151,-43.947,-41.963,-42.116,-45.32,-50.813,-55.086,-60.884,-67.598,-75.076,-83.468,-95.218,-109.41,-121.92,-130.47,-140.08,-148.47,-155.8,-160.68,-165.56,-171.51,-177.16,-183.72,-191.81,-200.51,-210.58,-216.53,-221.41,-224.16,-226.45,-226.6,-225.68,-223.55,-222.48,-220.19,-217.6,-214.7,-215.16,-215.61,-213.63,-209.81,-206.92,-204.17,-201.88,-197.45,-195.01,-193.03,-192.57,-192.11,-192.57,-193.18,-190.59,-188.15,-184.64,-179.45,-177.47,-174.57,-172.43,-171.21,-169.84,-167.09,-164.04,-160.68,-159.31,-158.7,-161.29,-162.66,-164.34,-165.11,-166.78,-168.77,-169.84,-172.73,-176.24,-179.45,-184.33,-189.21,-196.23,-201.12,-207.37,-213.48,-218.82,-222.94,-225.84,-225.99,-224.16,-222.02,-222.17,-221.87,-224.62,-226.29,-227.21,-227.67,-229.19,-230.26,-229.04,-225.99,-222.17,-214.24,-206.31,-198.83,-193.95,-190.74,-191.35,-191.96,-191.5,-189.83,-187.84,-187.69,-189.52,-190.13,-189.83,-186.77,-184.94,-182.81,-182.65,-183.42,-183.57,-184.94,-191.81,-198.68,-206,-209.36,-213.02,-211.49,-208.75,-207.98,-207.98,-207.68,-209.51,-211.95,-216.07,-216.99,-215.92,-211.34,-208.44,-208.59,-209.05,-208.59,-207.98,-207.98,-207.68,-204.78,-200.2,-192.72,-183.57,-173.35,-163.58,-155.8,-151.52,-147.86,-147.86,-145.88,-143.59,-139.01,-131.99,-125.74,-118.26,-112.31,-109.26,-106.51,-104.37,-101.02,-99.338,-97.659,-96.133,-91.556,-85.299,-77.517,-72.481,-65.92,-61.953,-58.748,-52.339,-46.541,-43.947,-40.59,-36.012,-27.772,-20.447,-12.36,-8.0874,-5.3407,-5.6459,-6.7141,-9.003,-12.97,-20.6,-24.567,-28.687,-31.587,-34.486,-35.096,-34.486,-33.265,-32.044,-30.366,-30.519,-28.993,-27.924,-25.025,-20.447,-17.243,-17.09,-15.564,-13.123,-12.055,-11.902,-11.139,-11.597,-13.428,-15.259,-16.938,-20.295,-20.447,-21.058,-20.142,-21.21,-22.889,-22.889,-21.821,-21.516,-20.447,-19.379,-16.175,-14.801,-13.581,-14.954,-12.97,-9.9185,-8.24,-5.0356,-0.76296,2.7467,6.2563,7.9348,10.987,13.581,17.548,19.379,19.532,18.006,15.107,12.665,11.139,9.3081,9.9185,9.9185,12.665,14.496,16.48,18.159,19.074,20.6,23.652,24.567,25.941,27.467,30.061,32.96,34.639,34.944,34.791,33.57,33.723,32.35,32.197,30.976,30.671,30.213,29.45,28.84,29.145,28.382,28.993,29.298,29.45,28.687,28.84,28.382,26.856,25.178,23.041,19.99,16.022,11.902,8.3926,5.1881,4.2726,3.8148,1.5259,-2.1363,-5.6459,-10.681,-14.344,-17.701,-17.701,-18.769,-18.464,-17.701,-17.243,-17.09,-15.259,-14.801,-13.428,-15.412,-17.09,-18.921,-19.227,-17.548,-16.785,-15.564,-13.733,-12.97,-11.292,-12.665,-13.428,-14.496,-11.597,-9.003,-7.3244,-5.1881,-1.5259,1.5259,5.4933,5.6459,3.357,-3.8148,-10.529,-15.412,-19.99,-24.415,-29.145,-32.807,-31.892,-30.366,-29.145,-28.993,-26.399,-25.33,-25.483,-25.178,-24.262,-23.499,-20.905,-19.227,-16.938,-16.327,-13.733,-10.376,-6.2563,-1.8311,1.2207,2.4415,2.2889,-0,-0.91556,-2.8993,-2.7467,-2.5941,-3.2044,-5.6459,-9.4607,-13.886,-17.396,-21.363,-21.516,-23.041,-22.889,-23.041,-23.499,-24.567,-26.551,-30.366,-30.366,-30.824,-30.061,-30.519,-28.23,-26.551,-25.788,-25.178,-23.652,-20.753,-16.022,-13.276,-9.4607,-8.3926,-8.0874,-7.3244,-6.5615,-6.4089,-7.0193,-9.6133,-9.9185,-10.987,-9.7659,-10.071,-12.055,-14.954,-16.938,-18.464,-18.616,-20.142,-18.006,-17.243,-15.564,-16.938,-18.006,-19.532,-20.753,-20.753,-20.295,-19.532,-17.548,-16.175,-13.428,-12.818,-11.597,-13.276,-14.191,-15.107,-14.344,-14.344,-15.107,-18.464,-20.6,-22.736,-23.804,-28.535,-33.265,-39.369,-46.999,-53.102,-55.238,-55.086,-53.56,-55.391,-56.764,-58.901,-60.732,-66.378,-76.144,-86.52,-90.945,-91.25,-89.114,-84.384,-69.582,-57.527,-48.067,-39.369,-36.317,-36.47,-30.824,-3.9674,39.827,86.673,129.7,163.58,197.3,250.1,321.51,379.5,422.22,465.25,503.71,530.56,554.37,570.54,579.39,591.45,601.67,600.76,594.96,574.82,531.48,466.17,401.32,352.03,316.32,283.06,253.61,233.31,213.63,181.43,140.54,95.218,55.544,26.704,2.4415,-16.633,-35.859,-62.563,-95.37,-131.69,-160.07,-180.36,-189.83,-191.81,-190.59,-193.64,-202.8,-218.36,-237.74,-253.3,-260.17,-261.09,-251.17,-241.1,-235.91,-235.45,-242.16,-258.95,-282.45,-312.05,-337.53,-354.93,-355.24,-344.71,-333.72,-326.85,-328.68,-340.43,-359.66,-378.12,-382.7,-381.79,-379.65,-383.47,-392.01,-400.4,-413.22,-434.43,-454.73,-462.81,-452.59,-432.14,-408.8,-396.44,-398.57,-411.54,-423.44,-434.58,-448.47,-468.31,-486.16,-496.38,-489.52,-475.48,-462.05,-456.56,-463.58,-484.48,-511.18,-536.82,-552.54,-556.81,-545.67,-531.63,-521.71,-522.02,-529.34,-540.94,-550.4,-557.27,-558.49,-557.57,-556.81,-564.59,-575.27,-588.85,-604.27,-615.25,-621.36,-624.87,-618.61,-608.23,-596.33,-589.92,-586.26,-585.96,-590.99,-599.54,-606.71,-616.32,-625.48,-634.02,-641.8,-646.69,-639.97,-630.05,-621.97,-621.2,-628.07,-636.01,-638.75,-635.55,-625.48,-615.25,-605.18,-598.32,-594.2,-594.5,-598.47,-607.47,-615.86,-620.44,-615.41,-603.81,-590.23,-580.31,-571.76,-565.05,-552.84,-534.23,-517.44,-506.15,-503.1,-507.37,-513.93,-517.14,-510.73,-504.62,-504.78,-509.96,-514.08,-515.15,-513.17,-508.74,-501.27,-486.92,-472.12,-460.68,-448.47,-436.72,-420.85,-403.76,-391.55,-386.36,-384.23,-384.53,-391.71,-400.56,-405.74,-411.69,-413.98,-408.64,-392.62,-370.65,-352.18,-337.84,-325.02,-313.73,-304.27,-300.91,-302.13,-303.66,-305.03,-303.2,-297.1,-289.32,-281.38,-270.55,-253.61,-236.98,-219.12,-200.2,-179.75,-165.26,-153.66,-145.73,-140.69,-136.57,-133.37,-128.33,-121.01,-114.75,-107.58,-103.31,-95.523,-86.673,-75.533,-62.563,-48.677,-35.096,-19.684,-6.4089,8.3926,20.295,28.993,30.976,30.519,28.535,28.23,31.892,37.233,42.726,51.271,59.358,70.65,82.095,96.591,109.56,123.14,141,160.83,175.48,187.08,193.95,203.56,209.2,214.24,217.9,221.87,222.33,223.85,223.4,226.91,231.48,237.74,242.62,247.2,254.83,262.92,269.78,274.21,275.43,275.12,272.68,270.55,266.27,263.07,261.54,257.58,249.95,241.71,236.21,230.26,221.26,215.31,209.05,204.63,198.83,193.49,190.13,187.08,184.33,182.35,180.36,180.36,178.23,176.4,173.8,170.75,167.55,163.73,161.29,161.6,161.9,162.82,162.66,164.04,162.82,162.51,162.21,161.9,160.22,159,155.19,154.12,153.81,159.31,164.19,168.31,168,166.17,161.75,159.61,157.48,156.71,155.49,158.39,159.76,163.12,166.33,175.18,181.43,188.3,195.78,204.93,214.85,225.23,231.94,239.88,247.51,255.44,260.93,266.73,270.09,272.99,276.8,281.99,285.65,291.6,296.18,301.83,306.1,312.05,318.61,326.4,333.72,341.04,347.76,351.73,353.71,356.61,359.81,366.37,371.26,376.6,380.11,384.08,386.97,387.59,387.89,387.59,385.91,387.13,386.36,387.13,389.26,392.16,394.15,395.52,396.13,397.05,396.13,398.57,400.56,404.07,406.35,409.71,413.37,416.88,418.87,421.46,423.75,424.05,422.22,421.92,420.24,419.93,420.85,423.6,425.12,426.5,427.56,428.79,430.01,430.01,429.7,430.01,429.4,428.02,425.73,422.38,416.58,410.32,404.07,398.42,390.18,382.24,371.87,360.88,347.61,335.4,325.33,314.8,302.74,291.45,280.62,274.51,265.97,258.34,250.25,243.69,234.69,224.77,215.61,208.29,201.12,195.78,190.59,189.37,188.3,190.13,190.89,192.42,194.25,197,200.2,202.8,205.08,206.61,207.07,208.75,207.98,207.53,205.69,204.32,203.56,203.41,203.25,202.95,201.88,200.96,199.29,199.9,200.66,202.95,202.49,201.73,200.35,198.98,196.08,192.88,189.98,187.23,184.18,181.74,177.47,174.41,171.06,170.14,167.85,167.09,166.63,166.02,165.41,165.72,165.11,166.33,166.48,169.07,171.82,176.4,178.08,180.36,182.04,185.55,190.59,195.32,199.9,206.76,211.65,217.75,221.87,227.36,233.01,239.42,247.51,255.29,261.09,265.66,268.87,272.07,271.92,272.53,273.29,274.67,275.58,274.82,273.45,271.92,269.94,268.11,264.9,263.83,261.54,259.71,257.42,254.07,250.71,245.52,241.1,236.98,233.01,230.72,226.91,224.01,219.58,216.07,212.26,209.66,207.53,205.08,200.51,197,193.79,190.13,186.32,184.64,181.59,181.43,181.59,180.67,179.6,178.69,178.69,178.99,177.77,178.23,178.23,180.21,181.59,185.09,189.52,193.95,197.45,200.81,202.19,205.08,206.92,211.65,216.38,222.48,226.14,229.5,232.09,234.53,236.21,238.81,241.71,245.37,247.51,249.95,251.47,253.3,255.59,257.58,259.41,261.24,263.07,264.75,265.05,266.43,268.72,273.14,273.14,271.61,270.7,269.48,268.26,266.27,264.29,262.76,259.41,257.42,252.08,246.44,240.79,235.3,229.96,226.29,223.7,220.5,216.99,214.55,211.65,210.27,207.22,205.69,204.63,205.24,205.85,205.39,205.39,205.24,203.56,203.1,202.03,203.1,203.1,202.8,200.51,197.15,195.32,193.95,191.66,193.64,192.27,191.05,187.38,184.03,181.28,178.99,175.18,171.82,168,165.87,164.49,165.56,164.65,166.94,166.02,164.19,160.68,157.63,154.42,150.46,146.49,143.59,141.61,142.52,143.13,142.52,142.22,143.59,143.74,143.28,142.52,141.91,141.76,141.3,140.39,140.23,139.01,139.01,136.72,133.82,131.23,129.55,128.79,128.48,128.64,129.4,128.64,128.48,128.03,126.96,124.52,122.53,122.07,121.46,121.16,120.55,121.46,122.07,119.79,118.56,115.05,115.51,115.21,115.21,115.67,115.67,114.14,113.38,113.38,112.46,110.48,108.19,104.53,102.39,98.27,92.929,87.13,83.621,79.501,74.313,69.277,66.378,62.716,60.427,57.985,56.154,52.95,50.508,47.151,44.404,42.726,42.116,39.064,38.301,37.08,35.096,31.434,30.061,30.824,31.739,33.57,36.012,36.164,35.707,34.486,35.707,36.012,34.791,32.807,31.739,30.976,30.519,29.603,28.077,26.093,26.551,26.246,27.924,26.399,25.483,24.262,23.499,21.973,21.668,22.431,22.736,23.194,26.093,27.009,28.077,27.467,27.314,26.399,23.499,20.447,16.175,12.36,9.9185,7.7822,8.6978,8.8504,9.7659,10.224,11.902,10.529,8.8504,7.1718,4.5778,1.5259,-3.357,-9.7659,-14.344,-19.684,-22.431,-25.178,-25.178,-26.093,-27.924,-29.908,-32.044,-35.249,-38.606,-43.947,-47.304,-51.271,-54.17,-58.748,-62.563,-66.988,-67.446,-65.92,-65.462,-66.988,-70.65,-76.449,-80.874,-84.994,-86.825,-90.182,-93.234,-97.812,-101.02,-102.69,-101.93,-101.02,-100.86,-101.93,-101.63,-102.69,-101.32,-100.86,-99.643,-99.033,-97.964,-98.422,-98.88,-99.49,-99.185,-101.17,-103.76,-108.19,-109.26,-111.85,-112.46,-113.07,-114.14,-113.68,-113.53,-112.77,-111.7,-110.48,-110.02,-112.92,-113.07,-113.07,-110.17,-107.73,-101.78,-95.676,-90.945,-86.52,-82.4,-78.433,-73.092,-66.225,-59.206,-55.696,-54.17,-56.001,-57.68,-59.816,-62.41,-65.157,-66.378,-66.988,-68.209,-70.498,-70.956,-71.413,-69.582,-69.887,-71.871,-77.212,-84.231,-90.03,-96.133,-100.56,-103.61,-107.27,-106.97,-106.81,-106.51,-109.1,-111.55,-115.82,-118.11,-119.17,-119.63,-120.24,-121.16,-123.45,-125.28,-128.48,-131.69,-133.52,-131.99,-131.69,-131.84,-132.76,-134.43,-136.88,-138.86,-141.3,-141.76,-143.89,-144.2,-145.12,-145.57,-145.88,-145.12,-145.73,-146.79,-146.18,-146.18,-146.79,-148.01,-151.52,-152.9,-153.97,-151.98,-150,-148.32,-146.64,-145.73,-146.18,-147.4,-148.01,-146.49,-144.66,-141.45,-141.61,-140.54,-141.45,-143.44,-146.34,-147.1,-145.88,-145.27,-145.73,-146.18,-150,-151.07,-152.9,-154.58,-157.02,-157.17,-156.87,-155.8,-155.49,-155.03,-156.41,-156.87,-157.17,-155.49,-155.03,-152.13,-150.15,-146.49,-142.83,-139.77,-137.03,-132.6,-127.41,-121.01,-115.67,-108.95,-102.08,-93.997,-86.825,-77.822,-70.04,-61.953,-53.407,-45.93,-39.369,-32.807,-26.246,-18.159,-9.9185,0.15259,7.9348,15.564,22.279,27.619,32.655,38.148,43.641,48.372,53.102,59.053,66.225,75.838,83.621,92.013,99.033,105.75,111.39,117.65,123.75,129.4,135.96,141.91,145.88,150.3,154.27,158.54,161.75,164.8,167.7,170.29,173.19,176.85,180.67,184.18,184.94,184.94,183.11,183.11,181.89,179.75,177.62,175.48,173.04,171.06,168.77,167.55,163.43,160.53,155.49,150.61,146.34,142.52,138.86,136.11,133.67,134.13,131.38,126.8,117.8,109.56,101.17,94.302,86.825,79.653,73.397,67.598,61.953,57.833,53.407,50.661,47.456,45.015,43.794,42.421,39.827,37.233,35.096,34.486,33.418,32.044,27.924,25.33,22.889,23.041,23.347,23.194,23.347,23.804,24.873,24.873,23.957,23.957,23.499,25.483,25.941,29.298,31.281,32.197,33.418,34.486,33.876,32.35,30.366,29.756,28.077,27.467,25.33,25.788,26.704,27.314,27.924,27.314,25.483,24.262,23.347,23.041,22.889,23.041,22.126,22.126,18.921,16.175,13.886,10.987,7.7822,6.2563,3.9674,0.76296,-1.9837,-2.4415,-6.5615,-9.003,-11.75,-12.97,-16.48,-20.447,-24.415,-27.009,-29.756,-32.655,-36.164,-40.132,-44.71,-50.203,-56.307,-60.427,-64.699,-64.852,-64.394,-64.547,-65.462,-66.988,-70.193,-74.923,-76.601,-75.991,-76.907,-78.28,-82.553,-84.078,-86.978,-88.809,-90.182,-89.572,-90.793,-93.539,-96.744,-99.033,-100.41,-100.56,-102.85,-106.51,-111.55,-113.38,-115.36,-117.65,-118.87,-118.87,-117.8,-115.97,-115.21,-114.6,-116.28,-116.58,-117.95,-116.89,-116.89,-116.12,-114.9,-113.07,-112.61,-110.78,-110.93,-111.24,-111.55,-111.85,-113.22,-112.92,-113.07,-110.32,-110.17,-109.87,-110.78,-110.02,-108.19,-105.29,-102.85,-102.24,-102.54,-101.47,-101.78,-100.86,-101.32,-102.69,-104.98,-104.53,-105.9,-107.73,-109.41,-110.17,-111.85,-112.31,-114.14,-114.44,-114.6,-114.14,-118.26,-120.4,-122.53,-124.67,-128.03,-131.23,-134.74,-136.42,-139.77,-140.84,-140.39,-137.49,-135.81,-133.21,-131.38,-128.94,-124.97,-120.7,-119.17,-117.95,-116.58,-112.92,-111.24,-110.32,-113.68,-115.97,-116.58,-116.73,-116.12,-114.6,-113.22,-111.09,-110.17,-108.04,-108.65,-109.71,-111.85,-112,-112.31,-111.09,-109.71,-108.34,-109.41,-110.93,-115.51,-117.5,-120.55,-121.77,-122.53,-121.77,-121.46,-121.46,-122.99,-124.06,-125.28,-125.28,-125.74,-124.97,-124.82,-122.68,-121.77,-118.56,-116.28,-114.44,-113.38,-110.93,-108.8,-104.83,-100.56,-93.997,-88.961,-82.095,-78.433,-74.465,-70.193,-64.852,-60.274,-57.527,-56.001,-55.544,-55.544,-55.544,-55.238,-51.271,-49.287,-46.693,-45.473,-43.947,-43.794,-43.336,-42.268,-39.521,-37.843,-35.096,-32.655,-28.382,-26.551,-25.025,-23.499,-22.431,-23.194,-24.567,-24.72,-25.483,-27.314,-27.314,-28.84,-28.84,-30.213,-31.129,-33.57,-34.486,-33.265,-32.197,-32.044,-30.824,-29.756,-27.619,-26.246,-25.636,-27.009,-28.23,-29.45,-29.298,-30.213,-31.129,-32.655,-33.113,-34.028,-31.739,-28.993,-25.178,-22.126,-19.379,-16.938,-16.633,-18.006,-15.564,-14.039,-10.681,-8.24,-4.7304,-2.2889,0.30519,2.5941,4.12,4.4252,4.12,2.1363,1.2207,-1.8311,-3.9674,-7.6296,-10.224,-12.36,-14.191,-15.412,-16.938,-18.006,-19.227,-20.905,-21.516,-22.736,-21.973,-21.363,-17.853,-15.107,-12.97,-9.4607,-5.7985,-4.4252,-3.2044,-5.0356,-6.2563,-9.1556,-11.139,-12.513,-14.496,-14.496,-13.886,-14.344,-14.039,-14.954,-16.022,-19.074,-19.99,-20.142,-19.379,-17.701,-13.276,-8.5452,-3.6622,-0.15259,4.12,6.4089,11.597,15.564,19.074,19.837,20.295,19.227,18.616,18.311,18.921,17.548,16.327,14.954,16.175,18.616,18.921,21.21,24.873,27.467,29.756,30.824,32.655,33.723,35.707,35.859,36.012,35.859,34.486,32.502,29.45,24.415,20.905,16.175,14.649,13.123,11.444,8.5452,4.2726,-0.15259,-2.1363,-7.6296,-12.513,-18.464,-22.584,-28.077,-30.976,-34.028,-36.012,-37.385,-37.385,-35.401,-32.35,-30.366,-26.246,-24.873,-25.483,-26.093,-26.551,-26.856,-27.467,-28.077,-27.009,-27.314,-27.314,-28.535,-28.535,-29.298,-27.619,-23.804,-21.21,-18.616,-15.87,-14.954,-13.428,-14.039,-14.039,-15.259,-15.412,-14.801,-16.938,-19.227,-21.363,-23.652,-28.077,-32.655,-34.944,-38.148,-37.996,-39.521,-40.59,-40.742,-39.674,-39.216,-37.996,-36.012,-33.113,-31.281,-25.33,-21.058,-16.327,-14.801,-13.428,-12.36,-11.292,-10.376,-8.24,-5.1881,-1.0681,-0.15259,0.45778,1.8311,1.9837,2.4415,3.0519,3.5096,4.12,5.0356,7.7822,9.3081,12.055,12.207,13.123,11.597,10.834,8.5452,7.7822,7.9348,7.7822,7.0193,9.3081,10.529,12.055,10.987,10.376,7.3244,4.5778,1.9837,-0.15259,-3.357,-6.5615,-9.7659,-11.597,-14.801,-16.48,-18.464,-19.532,-19.379,-17.548,-16.022,-16.022,-16.938,-17.548,-20.753,-23.804,-26.399,-26.246,-27.314,-26.399,-25.636,-23.652,-21.821,-19.379,-17.396,-15.259,-12.207,-6.4089,-3.2044,-0.15259,1.2207,2.5941,2.2889,0.76296,-1.0681,-2.4415,-3.8148,-5.6459,-10.071,-13.581,-17.853,-20.905,-23.957,-24.873,-27.161,-28.077,-27.619,-26.246,-24.873,-23.499,-23.194,-21.973,-19.99,-17.701,-17.396,-18.006,-19.99,-19.684,-17.853,-17.09,-18.006,-18.006,-19.379,-20.295,-21.668,-20.905,-19.837,-19.227,-16.022,-12.055,-7.7822,-2.1363,3.0519,10.529,17.853,25.483,30.519,35.859,38.911,41.505,46.236,49.898,53.255,57.527,59.969,63.021,64.089,65.157,62.868,62.41,63.784,66.073,67.293,69.887,70.04,68.056,63.784,60.121,54.476,50.508,45.32,39.064,33.57,29.45,26.246,24.567,20.6,19.227,18.464,19.684,18.006,17.701,18.311,20.447,22.126,22.889,22.126,20.905,19.074,18.159,15.564,14.954,15.107,15.107,14.191,12.665,13.123,15.564,18.311,21.973,24.11,26.093,25.636,24.415,21.821,22.279,21.821,19.837,17.09,14.801,12.97,13.428,12.818,13.276,12.818,12.818,12.36,12.97,11.902,11.75,12.513,14.191,15.259,14.954,13.428,12.207,9.4607,8.0874,6.4089,5.1881,5.1881,5.3407,3.8148,1.8311,0.30519,-0.61037,-2.4415,-1.9837,-4.2726,-5.9511,-7.9348,-8.24,-6.2563,-4.7304,-3.8148,-2.4415,-2.1363,-1.6785,-2.2889,-2.4415,-3.5096,-2.8993,-3.357,-3.0519,-1.3733,1.5259,3.6622,5.0356,6.8667,10.987,14.954,17.853,16.633,16.48,14.344,14.496,16.175,17.396,19.684,21.668,23.652,27.314,30.213,32.502,32.197,33.418,32.807,32.044,31.739,31.434,30.061,28.993,28.077,26.856,24.72,23.347,21.363,20.905,21.363,23.499,25.483,27.314,28.993,31.281,30.976,31.739,30.519,31.281,32.197,34.791,36.622,36.775,36.775,35.249,33.57,33.57,31.281,28.84,24.567,21.058,16.785,10.834,5.4933,1.3733,-2.8993,-8.0874,-14.954,-18.921,-25.483,-31.892,-38.301,-41.353,-44.557,-46.236,-49.287,-51.576,-53.713,-57.07,-59.969,-59.816,-59.206,-57.375,-57.222,-56.764,-57.833,-60.121,-61.647,-63.478,-65.004,-63.784,-62.258,-59.358,-56.764,-53.865,-51.576,-48.372,-46.236,-44.71,-43.184,-40.742,-38.911,-36.012,-34.944,-33.57,-31.281,-25.788,-21.21,-18.464,-17.396,-16.785,-16.633,-16.022,-17.243,-19.074,-20.753,-20.6,-21.21,-21.363,-21.058,-20.753,-18.921,-17.396,-18.464,-19.532,-22.584,-23.499,-24.262,-23.652,-25.636,-26.551,-29.145,-31.739,-34.181,-34.333,-34.181,-33.265,-35.554,-35.249,-37.233,-39.369,-42.879,-46.846,-51.271,-55.849,-60.121,-61.8,-63.936,-66.988,-71.718,-75.228,-78.28,-79.958,-80.874,-83.773,-86.673,-88.504,-89.419,-89.877,-91.861,-92.166,-92.776,-90.64,-90.793,-92.624,-97.201,-101.32,-104.98,-106.66,-106.66,-104.37,-102.08,-98.27,-95.523,-90.945,-88.046,-85.604,-84.384,-82.095,-79.196,-75.838,-73.244,-71.566,-70.65,-67.293,-64.547,-59.511,-55.391,-49.898,-43.947,-38.911,-33.57,-28.077,-22.889,-17.09,-12.513,-9.003,-7.6296,-5.4933,-4.7304,-1.6785,2.1363,4.7304,7.1718,11.75,14.649,19.074,19.99,21.516,20.753,20.142,18.769,17.701,16.785,14.344,11.597,9.3081,6.5615,4.5778,2.1363,0.91556,-1.3733,-2.4415,-4.4252,-6.5615,-7.9348,-8.5452,-8.8504,-8.8504,-11.292,-12.36,-12.055,-10.529,-8.6978,-9.3081,-11.139,-12.207,-12.055,-11.292,-12.513,-10.987,-9.003,-4.5778,1.0681,2.7467,3.2044,4.7304,7.0193,9.9185,10.071,10.987,9.9185,10.681,11.292,13.276,16.022,19.379,21.668,23.041,24.11,26.246,26.246,26.093,26.246,26.093,27.619,27.772,28.687,32.655,34.639,37.996,40.437,44.404,47.914,50.05,52.492,55.391,58.748,62.563,64.089,65.31,64.852,65.004,65.157,65.462,66.683,67.904,70.498,74.007,76.449,78.738,80.416,83.163,85.147,87.436,88.351,88.961,90.487,93.081,95.828,98.575,99.49,101.17,101.02,101.78,103,103.92,103,101.32,97.201,95.065,91.556,90.182,88.961,88.656,85.299,81.179,77.822,74.923,71.261,67.751,61.647,58.596,56.307,58.29,60.579,61.8,62.41,62.563,62.868,65.462,65.615,66.988,67.141,68.819,69.124,69.887,69.43,67.751,66.836,65.767,64.394,64.089,62.563,62.258,60.427,58.748,58.29,60.427,61.037,60.427,59.664,59.206,56.612,55.391,53.56,52.644,51.271,50.661,49.287,49.745,49.135,46.846,42.268,39.827,32.807,26.704,21.058,16.633,9.9185,0.91556,-9.6133,-18.311,-26.246,-33.113,-40.132,-45.93,-54.476,-59.969,-66.073,-70.498,-73.702,-75.381,-77.364,-78.585,-81.79,-85.452,-87.436,-83.316,-77.975,-72.481,-67.141,-63.936,-63.173,-63.936,-65.615,-67.598,-70.04,-70.956,-74.16,-77.517,-80.569,-79.653,-80.416,-83.621,-86.215,-88.504,-90.945,-93.081,-96.133,-100.25,-107.12,-110.93,-113.68,-118.56,-124.52,-129.4,-133.67,-135.81,-139.16,-141.15,-146.64,-150.61,-152.9,-155.95,-159.46,-161.14,-161.29,-158.24,-155.95,-150.76,-147.4,-143.28,-136.57,-128.94,-122.53,-117.19,-113.22,-109.1,-106.97,-102.69,-100.1,-97.964,-95.218,-92.471,-88.504,-84.231,-81.332,-78.127,-77.059,-74.007,-72.329,-69.582,-67.141,-64.089,-61.647,-60.274,-61.037,-62.563,-67.141,-70.498,-75.228,-78.738,-86.825,-95.218,-104.83,-113.07,-120.24,-125.74,-130.16,-133.82,-138.86,-139.93,-139.77,-139.32,-140.23,-139.32,-139.01,-141.45,-145.12,-146.95,-148.47,-146.18,-144.81,-141.91,-142.52,-142.52,-142.52,-141,-141.45,-142.67,-146.18,-148.78,-153.66,-154.58,-157.48,-155.95,-154.58,-152.29,-150.76,-147.86,-145.42,-142.52,-140.69,-137.49,-137.79,-138.55,-141,-142.06,-143.59,-142.67,-143.28,-142.83,-142.98,-142.22,-142.06,-139.77,-138.4,-135.96,-133.21,-129.86,-128.03,-127.26,-125.89,-122.38,-121.16,-119.94,-119.94,-118.26,-118.72,-119.63,-121.46,-123.29,-127.26,-129.7,-132.76,-133.37,-134.13,-131.84,-130.47,-129.4,-129.7,-128.94,-129.09,-129.55,-131.99,-132.6,-134.28,-136.57,-139.62,-139.93,-138.86,-137.94,-137.79,-134.13,-132.3,-129.25,-127.26,-124.52,-122.84,-120.7,-117.65,-110.93,-106.05,-101.47,-100.71,-99.185,-98.117,-95.523,-92.624,-90.793,-88.961,-88.656,-89.572,-87.436,-85.147,-82.858,-83.926,-85.147,-87.893,-89.114,-90.03,-90.945,-94.15,-96.133,-100.56,-101.93,-103.46,-103.76,-103.46,-101.32,-97.049,-93.081,-90.182,-85.604,-81.637,-76.144,-72.939,-69.124,-66.073,-63.173,-58.443,-51.881,-44.71,-34.944,-27.924,-20.6,-14.649,-10.681,-7.7822,-5.7985,-4.2726,-3.0519,-2.4415,0.15259,0.61037,1.0681,1.6785,4.7304,7.477,9.7659,9.6133,9.6133,8.5452,9.1556,10.071,12.513,14.801,18.006,22.584,26.399,25.941,24.567,21.516,18.311,17.243,19.379,22.736,28.84,33.113,37.996,40.132,41.505,43.641,45.32,47.151,51.271,55.696,61.495,66.836,72.939,78.433,85.604,93.234,102.08,107.88,112.92,113.68,114.29,111.55,111.55,112.31,116.89,119.33,121.16,124.21,127.41,130.01,132.76,132.45,131.69,129.25,127.11,125.74,126.8,126.5,125.43,123.91,121.77,120.09,119.48,117.19,114.14,110.48,109.41,107.43,103.31,99.033,94.607,88.656,84.841,81.79,79.196,76.144,76.754,76.907,78.89,82.705,86.978,89.114,91.098,92.776,95.523,97.812,100.25,99.033,97.659,94.15,94.455,95.37,96.286,98.27,99.643,99.796,99.033,94.913,92.318,88.809,87.588,86.52,86.062,85.757,83.926,81.332,80.416,81.027,82.4,82.095,82.705,83.01,85.147,85.299,84.841,84.689,84.384,82.858,84.078,81.942,78.127,73.092,70.345,67.751,65.615,64.699,67.751,70.04,72.481,74.313,78.127,79.958,81.942,82.705,85.604,86.673,89.267,92.166,97.201,103.31,109.71,112.31,118.41,125.74,135.2,140.23,144.66,148.47,152.29,153.97,152.13,149.08,147.25,145.27,147.1,150,153.81,155.49,157.78,159.31,160.22,159.92,156.56,152.59,148.47,141.91,136.72,131.99,130.16,126.8,124.52,121.92,118.56,116.89,116.58,116.89,116.43,113.68,112.46,109.71,107.12,103.46,102.39,98.575,97.049,95.065,90.793,83.316,75.381,69.277,63.631,59.053,54.933,49.135,45.625,42.726,42.726,41.047,39.369,39.216,40.59,41.505,42.421,41.658,41.658,41.353,41.505,40.284,41.047,41.2,41.505,41.2,39.216,36.927,35.707,33.723,32.35,29.756,28.687,29.298,29.45,29.756,31.281,32.044,31.587,28.535,27.009,24.72,22.889,18.769,14.191,9.7659,6.5615,5.0356,4.12,-0,-1.5259,-2.8993,-3.2044,-2.4415,-2.7467,-1.5259,1.3733,0.76296,0.45778,-0.30519,-0,-0.91556,-1.3733,-0.76296,-0.30519,-0.45778,-1.8311,-3.6622,-3.5096,-3.2044,-1.5259,-1.6785,-2.5941,-5.1881,-6.1037,-7.1718,-6.7141,-8.8504,-12.36,-18.769,-25.483,-30.366,-32.96,-34.944,-36.622,-38.911,-39.521,-39.521,-37.996,-37.08,-35.249,-34.944,-34.486,-34.639,-35.249,-34.486,-32.502,-31.739,-28.382,-26.856,-24.873,-23.041,-21.21,-20.6,-19.684,-20.447,-19.532,-19.074,-18.006,-17.701,-17.853,-18.159,-18.464,-20.295,-22.126,-23.804,-23.804,-24.415,-22.431,-20.6,-15.717,-12.207,-7.9348,-5.3407,-2.7467,2.1363,8.0874,12.207,16.938,20.905,25.636,28.687,31.739,33.265,35.707,38.301,40.284,41.658,43.489,44.557,45.015,43.641,43.489,42.268,43.184,42.726,43.031,42.268,39.827,36.775,35.554,34.639,34.486,31.739,30.976,30.976,32.044,33.57,35.401,37.996,40.437,42.726,44.557,45.015,48.067,49.287,51.729,52.492,54.933,57.833,60.579,61.953,64.699,67.904,71.261,72.787,75.991,79.501,83.621,85.452,88.656,92.013,98.117,103.76,109.1,115.05,120.85,126.5,132.15,137.03,142.52,145.57,148.47,151.22,156.87,159.92,162.51,165.41,170.14,175.18,178.38,181.43,184.33,186.01,187.99,188.45,191.05,192.42,195.01,195.78,196.84,197.61,198.07,197.45,198.22,199.13,200.2,199.9,199.44,196.84,194.71,192.27,192.42,191.35,190.89,191.35,191.66,191.81,190.28,188.91,190.74,191.35,191.96,192.57,194.1,194.56,195.93,197.45,197.91,198.22,198.68,199.74,201.57,200.35,198.98,196.08,193.33,191.05,188.3,184.48,179.45,174.87,173.35,170.14,166.94,162.82,157.63,151.68,145.12,139.32,132.6,125.89,120.24,113.07,109.56,104.53,101.17,96.591,92.929,89.572,85.91,81.027,75.991,69.43,64.241,58.29,52.644,46.693,40.437,33.113,25.178,20.447,14.801,7.9348,2.7467,-1.3733,-4.2726,-7.6296,-9.1556,-10.681,-12.055,-12.055,-9.9185,-10.071,-10.987,-13.581,-13.581,-13.428,-12.513,-12.36,-11.292,-9.9185,-8.3926,-7.9348,-8.0874,-10.224,-10.529,-12.818,-13.886,-15.412,-16.022,-16.785,-17.09,-15.259,-14.039,-15.107,-15.107,-16.633,-16.022,-15.259,-12.97,-11.75,-9.7659,-9.7659,-11.444,-14.039,-17.09,-21.363,-25.483,-31.739,-36.317,-41.963,-45.32,-49.898,-53.407,-55.238,-56.001,-55.238,-56.001,-55.849,-54.323,-54.476,-53.255,-53.407,-50.356,-48.524,-47.914,-50.966,-54.933,-59.053,-62.41,-64.394,-64.699,-66.225,-65.615,-63.631,-61.037,-61.8,-61.647,-61.495,-61.647,-62.105,-60.884,-58.29,-54.933,-56.307,-57.07,-58.443,-58.901,-61.037,-60.579,-60.579,-63.021,-66.53,-67.293,-67.904,-67.293,-70.65,-73.855,-77.364,-79.196,-80.569,-83.621,-88.504,-93.081,-97.659,-99.948,-100.41,-99.796,-98.422,-99.948,-101.93,-102.85,-104.53,-106.81,-110.48,-111.85,-115.51,-118.11,-121.01,-121.46,-119.48,-116.89,-114.75,-111.39,-109.41,-105.59,-103.31,-99.185,-95.523,-90.793,-86.978,-83.773,-81.79,-79.348,-77.364,-74.77,-74.923,-75.228,-77.975,-78.28,-80.569,-82.4,-83.621,-84.078,-86.825,-90.793,-94.607,-96.286,-99.338,-99.033,-97.964,-95.218,-93.844,-92.166,-90.335,-88.046,-85.604,-83.773,-81.332,-78.127,-77.822,-78.127,-81.637,-85.91,-88.809,-92.013,-96.591,-99.49,-100.25,-96.896,-92.318,-89.877,-93.081,-94.913,-97.201,-96.438,-93.997,-88.504,-83.316,-79.348,-80.111,-84.231,-92.776,-103.46,-114.14,-118.87,-120.09,-116.12,-114.29,-115.36,-119.33,-124.97,-133.67,-142.52,-151.68,-159.31,-163.27,-161.6,-162.82,-163.58,-168,-174.41,-181.89,-187.23,-194.1,-204.32,-215.92,-225.53,-232.7,-232.4,-227.82,-217.75,-209.2,-201.12,-197.15,-194.25,-194.71,-192.72,-190.89,-189.21,-188.91,-186.01,-181.74,-173.8,-166.33,-157.48,-151.22,-143.89,-138.71,-131.99,-124.67,-114.75,-106.97,-100.86,-96.286,-93.387,-90.64,-88.198,-86.215,-84.689,-84.689,-81.79,-81.484,-80.874,-81.79,-81.942,-83.773,-85.91,-88.809,-93.081,-95.676,-96.744,-99.033,-102.85,-107.27,-110.48,-113.99,-117.65,-123.45,-130.31,-141.3,-151.98,-162.36,-172.73,-181.28,-187.54,-191.66,-193.49,-197.15,-197.45,-198.22,-196.69,-193.95,-186.47,-178.99,-170.9,-163.88,-154.42,-142.83,-131.69,-120.55,-108.04,-98.575,-87.741,-79.043,-71.566,-65.004,-56.917,-47.761,-38.301,-27.924,-21.058,-15.564,-11.139,-9.003,-9.3081,-10.529,-9.3081,-9.6133,-6.8667,-6.2563,-5.3407,-5.4933,-6.4089,-6.1037,-6.7141,-8.6978,-13.581,-21.21,-26.093,-30.824,-34.333,-38.911,-41.963,-45.473,-46.541,-47.304,-48.677,-49.287,-52.187,-56.001,-59.206,-60.579,-59.816,-60.884,-59.969,-60.274,-58.443,-57.68,-58.443,-59.053,-58.138,-56.001,-52.187,-48.219,-42.116,-38.759,-35.096,-34.791,-32.502,-30.824,-28.535,-27.619,-25.483,-24.262,-24.415,-25.636,-25.941,-27.619,-26.246,-25.483,-24.72,-26.246,-28.687,-32.96,-36.317,-39.064,-40.437,-44.71,-46.846,-48.982,-49.135,-49.287,-48.982,-47.761,-46.083,-45.93,-46.388,-48.372,-47.304,-48.677,-47.914,-47.609,-47.304,-49.135,-50.661,-53.407,-55.849,-58.29,-58.748,-59.664,-61.342,-62.563,-60.274,-57.375,-54.476,-53.255,-51.729,-51.118,-48.83,-48.067,-46.999,-46.999,-42.879,-37.69,-33.57,-30.366,-28.382,-28.535,-29.756,-32.197,-32.502,-33.876,-33.876,-36.012,-36.317,-36.47,-35.859,-34.944,-33.723,-34.639,-34.639,-34.944,-32.96,-32.197,-28.23,-23.347,-18.159,-11.902,-5.7985,0.15259,8.8504,15.107,19.074,19.684,22.126,23.652,27.772,30.976,33.113,34.181,34.486,34.944,36.47,35.249,35.249,33.876,35.249,36.47,41.2,45.32,48.067,50.356,52.644,54.476,57.07,56.917,57.527,57.833,59.053,56.154,56.001,57.222,57.985,58.901,61.495,62.563,64.394,66.378,70.345,74.465,81.179,87.741,95.218,101.47,109.1,115.51,122.99,129.7,136.88,143.74,151.07,156.71,164.34,171.21,177.92,182.35,187.23,192.57,197.76,202.34,207.37,213.32,221.87,228.43,236.52,242.16,246.89,251.78,258.64,265.66,272.38,278.63,284.74,292.21,298.78,303.2,308.24,312.05,317.24,321.67,326.09,330.36,335.4,341.81,349.74,357.83,366.68,370.8,375.38,379.04,383.77,387.89,392.01,395.06,397.96,400.56,404.98,409.71,414.9,418.26,421.92,423.6,424.82,425.12,423.75,422.68,422.22,420.55,419.32,417.65,417.19,414.75,413.53,412.76,412,410.78,408.95,406.51,404.52,402.08,400.4,398.42,398.11,398.57,397.35,394.91,393.08,391.09,388.35,382.85,377.67,371.87,369.12,366.37,365.61,365.76,365,363.17,360.12,356.46,352.18,346.69,341.96,336.31,332.5,328.23,325.48,322.89,320.44,318.77,315.87,312.2,308.69,303.81,300.3,294.81,290.69,285.65,282.75,278.63,274.97,270.85,267.04,264.14,260.93,258.03,254.22,249.79,247.05,243.69,240.94,236.52,234.38,231.79,229.19,226.45,222.79,219.43,218.21,216.83,217.75,217.44,217.29,215.31,215.16,214.7,213.17,210.58,207.98,205.54,202.34,197.91,195.32,192.42,190.89,187.84,185.86,182.2,178.69,175.63,171.36,165.41,159.15,151.98,143.89,133.52,123.91,112.61,102.69,92.471,80.111,65.92,50.813,35.707,23.194,10.529,-0.30519,-11.139,-21.516,-33.418,-43.184,-52.187,-63.478,-74.465,-85.91,-96.591,-106.2,-118.26,-128.33,-139.77,-148.78,-156.87,-164.04,-168.46,-171.97,-174.26,-172.73,-172.58,-170.9,-169.07,-165.26,-164.34,-164.65,-166.02,-166.78,-164.95,-160.83,-156.87,-149.69,-144.05,-139.77,-136.57,-134.89,-131.99,-128.18,-125.13,-122.68,-120.4,-115.05,-111.7,-108.95,-105.75,-101.63,-95.981,-88.198,-82.247,-76.754,-72.634,-67.598,-63.326,-58.29,-52.187,-48.524,-46.236,-42.879,-41.658,-37.843,-34.791,-28.84,-19.532,-10.224,-1.2207,10.376,20.142,32.197,44.71,59.969,74.465,87.588,98.27,110.02,118.56,128.18,135.04,143.89,152.75,162.21,168.31,170.6,169.38,167.7,160.99,151.22,142.98,135.5,129.09,122.68,112.46,103.15,89.572,73.702,57.527,43.031,27.619,11.902,-4.4252,-17.853,-33.723,-47.914,-61.495,-77.212,-94.455,-109.26,-121.77,-130.47,-137.03,-142.52,-148.32,-153.66,-161.6,-170.9,-184.64,-200.2,-216.83,-232.86,-247.81,-261.7,-273.6,-281.69,-290.38,-298.17,-307.17,-317.09,-325.17,-332.04,-339.67,-343.33,-344.71,-345.77,-345.47,-345.32,-347,-352.18,-361.03,-370.04,-377.67,-382.09,-384.84,-387.13,-388.5,-388.81,-389.87,-389.72,-388.96,-387.74,-384.53,-380.72,-376.45,-371.41,-368.66,-366.68,-364.7,-365.61,-369.88,-374,-379.04,-383.92,-389.26,-390.48,-391.25,-388.5,-384.84,-380.41,-377.67,-373.85,-368.82,-361.49,-356.15,-349.59,-345.01,-338.91,-332.8,-326.85,-321.82,-316.48,-312.51,-308.54,-307.02,-303.96,-302.29,-299.23,-296.03,-291.91,-288.55,-284.13,-281.53,-277.41,-273.75,-268.87,-263.99,-260.02,-256.97,-253,-249.03,-243.84,-239.88,-234.84,-230.41,-223.4,-216.68,-209.2,-202.8,-197.45,-192.27,-185.71,-180.67,-174.72,-170.45,-164.49,-157.78,-151.68,-146.34,-139.77,-133.82,-128.33,-124.21,-118.72,-114.6,-110.63,-108.04,-106.66,-104.68,-101.17,-96.744,-92.929,-91.861,-90.335,-92.471,-91.403,-89.114,-85.604,-83.01,-79.348,-76.754,-73.397,-71.718,-69.277,-67.446,-64.394,-62.105,-60.579,-60.732,-60.427,-60.121,-57.985,-58.748,-58.596,-59.816,-61.953,-63.478,-63.936,-65.615,-68.361,-72.329,-72.787,-73.244,-75.533,-76.601,-76.601,-76.449,-73.397,-71.566,-68.514,-65.462,-59.969,-53.713,-47.609,-43.336,-38.606,-37.08,-34.333,-32.807,-31.281,-32.044,-34.791,-37.996,-40.59,-43.641,-43.336,-44.404,-44.557,-45.167,-43.947,-43.794,-43.947,-44.099,-43.489,-43.336,-42.116,-42.573,-42.879,-42.116,-39.979,-39.979,-43.641,-48.219,-51.729,-57.527,-61.037,-64.547,-64.547,-63.784,-62.716,-62.258,-63.021,-64.241,-62.563,-61.495,-59.816,-59.511,-59.053,-60.274,-61.342,-64.241,-66.378,-67.598,-67.446,-68.514,-67.751,-66.53,-65.615,-65.462,-65.767,-66.378,-65.31,-65.615,-64.241,-66.225,-67.446,-69.277,-70.345,-72.176,-72.481,-71.871,-70.193,-68.819,-65.004,-64.547,-63.936,-62.716,-61.037,-57.68,-53.407,-50.05,-47.304,-46.846,-47.151,-49.135,-49.287,-49.44,-50.813,-52.339,-53.56,-55.544,-54.781,-56.307,-56.459,-57.833,-57.833,-57.527,-58.138,-58.443,-57.985,-57.985,-57.68,-60.732,-61.19,-60.579,-57.68,-54.323,-50.813,-46.999,-42.573,-37.538,-31.739,-27.467,-22.736,-21.058,-20.6,-22.431,-23.347,-21.973,-18.311,-12.97,-9.6133,-9.6133,-7.1718,-5.9511,-3.8148,-1.6785,0.45778,2.2889,3.357,5.6459,7.6296,7.3244,6.1037,4.12,3.357,1.6785,2.1363,1.2207,2.8993,5.1881,5.1881,3.9674,1.9837,-3.0519,-9.4607,-15.107,-18.921,-24.262,-28.993,-32.807,-35.859,-37.538,-39.979,-41.658,-43.794,-45.778,-45.778,-45.32,-44.404,-45.473,-44.862,-44.404,-43.031,-41.353,-39.369,-36.622,-33.113,-30.976,-26.246,-21.821,-16.785,-13.123,-7.3244,-4.4252,-3.2044,-3.2044,-3.9674,-5.4933,-7.477,-10.224,-9.6133,-10.681,-10.987,-11.444,-11.444,-9.6133,-4.7304,-0.15259,3.357,6.4089,10.681,12.97,14.954,15.717,18.616,19.99,20.753,21.363,21.21,20.295,18.921,17.396,18.006,15.564,12.97,11.902,14.039,14.496,16.633,17.396,16.633,17.701,18.464,19.837,20.6,18.311,16.633,15.717,17.396,18.769,21.973,25.788,30.976,33.418,34.639,35.554,38.301,41.353,44.862,45.167,47.304,47.914,48.83,45.93,43.336,42.573,42.726,41.658,39.521,37.538,37.538,35.401,32.807,29.45,28.687,25.483,21.516,16.327,12.97,11.139,9.9185,9.7659,11.444,11.139,12.36,9.7659,7.1718,3.5096,1.5259,0.15259,-1.6785,-2.5941,-1.3733,-0.45778,0.91556,1.0681,1.8311,1.3733,2.1363,1.2207,-0.15259,-2.1363,-1.0681,0.61037,1.8311,1.9837,1.6785,-0.91556,-1.6785,-4.4252,-7.1718,-10.224,-11.75,-15.717,-17.853,-19.99,-21.821,-22.736,-24.415,-26.856,-26.246,-27.161,-25.788,-25.483,-24.11,-25.33,-25.483,-28.687,-33.113,-40.284,-45.93,-49.745,-51.881,-55.696,-57.68,-60.274,-60.121,-61.037,-58.138,-54.476,-52.339,-50.661,-48.524,-47.609,-46.083,-44.557,-41.81,-41.81,-40.437,-40.284,-37.843,-34.944,-32.96,-33.113,-33.265,-33.418,-34.181,-37.538,-37.843,-38.911,-37.08,-36.47,-35.401,-36.164,-35.249,-33.876,-31.434,-31.129,-29.603,-29.756,-28.535,-29.908,-29.603,-32.197,-32.197,-34.486,-35.249,-34.791,-32.807,-28.84,-24.415,-21.21,-17.243,-15.564,-11.597,-9.1556,-5.3407,-3.6622,-1.9837,-1.0681,-0.45778,1.0681,3.5096,5.4933,7.3244,9.6133,12.818,12.97,13.276,12.055,12.513,12.97,14.191,16.022,18.769,21.21,24.415,26.551,31.587,33.265,36.012,35.707,36.47,35.707,36.927,37.996,39.674,41.353,42.726,44.099,45.473,44.71,45.167,44.099,44.252,43.794,46.693,50.356,52.644,53.865,55.086,56.459,57.375,55.238,54.933,51.881,51.271,50.508,51.271,50.356,48.83,47.304,47.609,48.067,47.761,47.456,47.761,47.914,49.898,49.135,50.508,51.729,54.323,55.391,58.443,59.358,59.664,60.121,59.816,61.19,63.021,63.478,64.699,64.241,65.004,67.141,71.108,73.092,75.228,78.433,82.247,86.825,90.335,93.692,97.354,99.338,102.24,104.68,108.65,111.39,115.51,119.33,124.21,127.57,130.62,132.15,132.91,134.59,138.25,139.16,139.62,138.71,136.88,133.98,133.37,133.98,135.2,137.64,138.86,139.62,141.15,141.76,144.2,145.73,147.25,147.25,148.93,147.86,145.73,143.89,142.37,139.32,135.96,133.37,130.77,127.26,125.13,122.53,120.7,117.34,113.22,108.19,104.68,102.39,99.338,96.133,93.539,89.724,86.367,81.027,75.533,69.124,63.326,58.443,54.781,52.492,49.44,44.557,41.658,37.385,34.181,30.519,28.535,26.093,23.957,21.973,19.99,18.006,17.548,16.327,15.717,14.191,14.954,13.886,13.276,11.444,12.055,12.055,12.207,14.496,16.785,17.548,18.769,20.905,27.314,32.197,36.012,36.164,37.233,36.775,34.791,31.281,27.772,25.178,24.72,25.788,25.788,24.567,23.804,22.431,22.126,21.363,22.431,21.973,20.447,18.616,17.548,18.921,21.21,22.279,24.72,25.788,28.535,29.603,32.197,32.044,32.807,33.265,34.181,34.639,32.807,29.298,25.178,20.142,15.717,13.428,14.039,12.513,13.123,13.428,14.649,15.717,15.717,16.175,17.701,18.616,20.6,21.973,27.161,29.603,30.213,29.908,29.908,29.603,30.061,31.434,31.281,31.434,29.908,28.077,30.213,32.35,36.012,38.148,41.2,43.489,48.524,52.95,54.018,53.102,52.644,51.729,50.661,49.135,48.219,45.473,43.489,41.658,41.81,39.521,35.859,32.655,26.551,20.753,14.344,7.6296,-0.30519,-9.4607,-16.022,-23.194,-26.704,-28.23,-27.619,-28.535,-29.45,-29.298,-30.976,-34.333,-38.301,-43.031,-44.404,-42.879,-38.759,-38.148,-35.859,-35.707,-35.554,-38.453,-40.132,-39.064,-37.08,-36.317,-38.453,-41.047,-39.979,-38.301,-36.164,-38.453,-38.759,-37.996,-36.927,-37.538,-37.538,-38.759,-38.759,-38.301,-36.927,-34.791,-31.129,-30.213,-30.061,-31.739,-35.859,-43.794,-49.745,-55.849,-62.258,-68.361,-72.176,-75.381,-76.449,-79.348,-78.89,-78.127,-75.381,-74.313,-75.991,-79.958,-82.247,-83.621,-83.773,-81.942,-78.28,-78.433,-78.127,-79.196,-79.958,-82.095,-82.247,-83.468,-85.299,-87.436,-86.062,-83.621,-79.806,-80.721,-82.553,-85.452,-84.689,-86.215,-85.452,-83.01,-79.501,-76.296,-73.55,-71.566,-69.582,-69.887,-70.04,-71.566,-69.887,-70.04,-69.735,-68.972,-66.988,-65.004,-62.41,-61.19,-59.816,-58.29,-55.238,-55.696,-54.933,-54.323,-53.713,-52.187,-49.593,-49.135,-47.914,-47.456,-46.388,-46.846,-46.846,-48.677,-49.287,-50.05,-51.118,-51.271,-52.339,-53.713,-51.881,-49.745,-46.846,-46.388,-44.404,-42.879,-41.2,-39.064,-33.113,-30.671,-30.519,-30.213,-29.756,-30.061,-29.603,-30.976,-31.892,-33.723,-35.401,-37.996,-39.674,-38.453,-35.096,-33.876,-32.96,-34.639,-32.96,-31.587,-27.924,-24.11,-22.126,-21.363,-22.126,-25.33,-30.519,-35.554,-38.759,-45.015,-50.356,-56.001,-59.664,-62.868,-64.852,-68.667,-73.855,-79.501,-82.095,-84.689,-82.858,-82.095,-80.569,-81.027,-80.569,-79.196,-77.67,-79.196,-82.095,-84.231,-84.689,-86.062,-87.436,-90.487,-93.539,-96.286,-98.575,-101.78,-105.29,-108.65,-111.7,-117.19,-119.79,-121.77,-120.7,-119.17,-117.65,-119.02,-118.11,-115.67,-108.49,-102.85,-95.523,-91.403,-85.91,-81.637,-78.28,-77.212,-76.296,-76.754,-77.212,-76.144,-72.481,-69.582,-66.836,-66.378,-64.852,-68.056,-69.43,-72.634,-73.702,-76.144,-77.822,-79.196,-78.89,-79.501,-78.433,-80.264,-81.484,-82.247,-82.858,-85.452,-84.231,-82.095,-78.585,-76.754,-75.228,-75.533,-72.024,-71.413,-67.141,-63.631,-59.969,-56.612,-51.576,-47.914,-45.778,-45.167,-44.099,-44.862,-44.252,-45.015,-43.336,-42.421,-40.437,-39.369,-37.385,-34.028,-30.366,-29.603,-28.535,-29.45,-30.671,-34.486,-35.707,-37.69,-37.385,-38.301,-37.233,-37.385,-37.08,-37.08,-36.164,-34.944,-32.35,-32.044,-30.519,-29.756,-26.551,-24.415,-20.295,-13.428,-6.8667,-0.61037,7.9348,14.954,22.279,25.941,29.603,31.129,34.639,35.554,36.775,35.859,36.164,36.164,37.385,39.369,40.59,40.132,41.2,39.827,39.064,38.606,38.759,36.622,35.554,34.333,34.333,34.333,34.791,33.876,33.723,31.892,32.35,32.807,35.554,35.096,33.876,33.265,33.418,32.35,32.655,32.35,34.944,36.012,38.148,39.216,41.505,43.031,45.167,48.83,52.187,53.865,56.154,57.375,59.969,62.105,65.157,67.293,69.887,70.65,70.65,70.956,71.413,70.956,74.007,74.923,76.296,75.228,77.364,76.907,74.465,70.65,65.92,61.953,59.511,58.443,58.748,56.612,57.222,57.375,57.833,55.544,53.407,49.287,45.167,39.064,32.807,27.161,22.126,14.496,9.3081,5.1881,3.5096,0.61037,-0.76296,-3.0519,-6.4089,-12.665,-18.311,-24.262,-28.687,-33.418,-34.486,-36.164,-37.385,-39.216,-41.047,-43.947,-45.778,-47.151,-48.219,-49.745,-50.05,-51.118,-50.05,-49.593,-47.914,-46.541,-45.015,-43.336,-40.895,-39.216,-36.775,-35.707,-34.028,-34.639,-35.249,-36.012,-36.164,-36.47,-37.385,-38.453,-38.911,-42.116,-43.489,-44.862,-45.473,-46.083,-46.693,-46.999,-47.914,-46.999,-44.252,-43.489,-41.505,-39.521,-33.723,-27.924,-20.447,-12.207,-5.3407,-1.6785,2.4415,6.5615,13.581,20.142,26.704,34.028,41.505,47.304,51.729,55.696,59.664,62.868,65.92,66.378,68.056,67.141,65.767,63.021,61.037,57.527,54.17,50.966,47.914,42.726,39.216,34.639,31.434,27.009,21.973,17.548,14.649,12.665,11.75,8.24,4.883,-0.30519,-4.4252,-9.9185,-14.039,-17.243,-20.447,-24.262,-26.704,-29.298,-30.366,-33.265,-33.418,-34.028,-29.908,-26.246,-21.363,-16.938,-14.191,-11.75,-8.3926,-4.7304,2.4415,9.003,16.022,20.753,27.467,33.418,41.2,49.287,57.375,62.563,64.394,63.631,65.767,66.53,68.819,70.498,73.702,75.838,79.653,82.705,84.841,85.604,85.91,84.994,83.926,79.653,74.923,68.667,63.326,61.953,63.936,66.683,73.244,79.043,83.773,86.825,88.656,88.198,89.267,86.978,84.994,84.231,85.299,85.91,84.689,80.416,75.838,72.176,71.718,67.904,63.631,56.764,50.813,45.167,42.573,39.521,36.317,33.418,30.519,27.619,26.856,24.567,24.873,23.652,25.636,26.246,27.619,24.415,21.363,17.701,14.039,11.75,10.071,6.8667,3.8148,-1.6785,-5.6459,-9.1556,-10.529,-12.97,-12.207,-10.834,-9.3081,-8.5452,-9.3081,-12.055,-15.564,-18.769,-23.347,-29.145,-32.502,-37.08,-38.911,-41.353,-44.252,-47.304,-48.219,-49.44,-50.356,-49.593,-46.236,-43.947,-38.911,-34.944,-28.84,-25.33,-23.347,-23.194,-20.753,-19.379,-19.074,-19.532,-18.311,-16.938,-16.785,-18.464,-19.379,-23.957,-27.161,-33.876,-38.453,-43.641,-46.541,-48.83,-50.05,-52.797,-55.391,-59.358,-62.258,-68.209,-72.634,-79.348,-84.384,-91.098,-93.997,-97.354,-99.796,-100.86,-100.25,-102.08,-101.47,-102.24,-103,-105.14,-105.29,-108.04,-111.55,-113.99,-115.05,-114.29,-112.92,-110.93,-108.34,-106.36,-103.31,-102.69,-102.39,-103.31,-103.31,-105.9,-109.71,-113.68,-117.65,-120.85,-122.84,-124.21,-123.6,-121.62,-116.28,-114.29,-112.16,-112.46,-112.31,-113.38,-113.99,-114.9,-116.73,-117.65,-117.8,-119.48,-122.23,-126.8,-128.64,-132.91,-135.81,-138.86,-139.62,-141,-141.45,-141.3,-139.47,-137.49,-133.21,-130.16,-127.11,-125.58,-123.91,-123.14,-120.24,-117.65,-115.36,-115.21,-115.82,-118.87,-122.07,-124.97,-128.33,-132.6,-135.04,-137.03,-137.33,-139.01,-138.71,-138.71,-139.16,-138.1,-137.33,-139.16,-140.54,-139.77,-137.79,-140.23,-139.93,-143.13,-144.2,-144.2,-143.28,-143.59,-143.44,-146.95,-146.64,-147.56,-146.95,-150,-150.61,-155.03,-154.42,-155.19,-156.56,-157.63,-155.49,-153.2,-151.07,-150.46,-144.96,-139.16,-129.55,-122.07,-111.7,-105.9,-98.575,-92.929,-87.283,-81.179,-73.397,-65.767,-57.527,-51.424,-44.404,-37.69,-28.23,-20.753,-15.564,-11.139,-5.9511,-0.91556,1.6785,3.9674,4.5778,1.5259,0.61037,2.1363,4.7304,4.4252,4.12,2.7467,2.1363,-0,0.30519,0.61037,0.45778,0.76296,2.4415,5.3407,8.0874,8.6978,9.003,8.3926,10.071,11.597,15.87,18.769,19.074,17.701,17.701,16.938,15.107,12.97,15.107,16.175,18.616,22.279,27.619,30.519,32.655,32.655,28.535,21.973,15.87,11.597,8.3926,6.4089,7.3244,7.3244,8.6978,8.3926,9.1556,9.6133,12.513,14.191,17.09,19.837,21.21,21.058,21.516,21.668,23.347,23.347,26.551,28.993,31.281,33.418,35.554,36.164,35.401,34.944,35.096,35.707,37.233,37.385,37.233,35.554,37.233,39.827,43.336,46.388,49.745,53.255,55.696,57.222,57.833,57.07,57.527,59.053,63.173,66.073,69.735,73.244,78.738,83.316,89.419,94.455,96.591,96.286,94.76,91.708,91.25,89.572,91.556,93.844,97.964,99.185,100.86,102.24,102.69,102.54,103.15,103.61,104.53,103.92,104.07,101.47,100.41,98.575,98.27,97.354,99.338,103.31,105.59,107.58,110.32,112.16,114.75,116.89,120.7,123.14,126.96,128.33,132.91,134.89,139.47,142.67,144.35,143.13,140.84,137.33,135.81,133.98,135.5,134.43,134.59,132.6,132.76,131.69,132.45,133.67,134.74,134.89,136.57,137.79,140.54,142.06,144.2,144.05,146.64,148.01,150.46,151.22,151.22,150.91,151.37,151.68,152.29,152.44,152.59,151.37,150.76,149.08,147.4,143.74,140.08,137.79,136.88,135.35,135.2,133.21,132.3,129.25,127.11,124.97,123.14,121.16,120.55,120.7,122.53,123.45,123.91,122.68,121.46,118.11,115.67,114.9,112.46,109.56,107.43,106.2,104.68,100.86,100.1,98.27,95.828,90.03,83.621,77.517,71.413,66.53,63.021,60.274,58.901,54.933,52.034,49.898,49.898,48.372,45.32,40.895,36.775,34.944,34.181,31.892,30.671,27.619,25.788,21.973,19.684,17.09,15.717,14.191,13.428,12.665,12.513,12.207,13.581,13.428,15.412,17.243,16.938,17.853,20.753,24.72,29.45,33.418,36.775,39.216,42.879,45.778,49.745,51.576,52.644,54.933,58.901,62.41,67.751,71.871,77.364,81.942,86.062,89.724,94.455,97.201,101.93,104.98,108.8,111.24,113.22,114.9,114.14,114.44,115.97,116.43,118.56,120.85,124.36,126.04,127.41,128.79,128.79,128.94,130.62,129.25,128.18,125.43,122.68,118.87,116.43,115.51,115.36,114.29,114.14,111.85,110.63,108.04,107.43,104.22,99.185,95.981,95.37,97.812,100.41,101.32,103.31,103.31,105.14,105.29,107.12,107.43,107.43,108.95,109.41,109.41,111.09,108.95,105.59,100.1,97.659,95.981,93.997,91.556,89.419,86.673,84.994,84.078,84.231,83.01,83.316,83.316,84.689,85.299,85.91,88.046,90.335,92.013,91.556,87.741,84.231,79.348,76.296,72.939,71.566,71.108,70.04,67.751,66.53,63.478,61.037,56.154,53.255,48.677,45.015,41.353,38.301,36.164,35.554,34.181,31.892,30.366,30.213,28.687,28.687,24.873,19.684,14.191,7.6296,0.91556,-4.2726,-10.834,-14.954,-18.006,-17.853,-18.464,-18.464,-21.668,-23.194,-25.941,-27.619,-29.603,-31.281,-31.281,-30.519,-30.519,-29.756,-31.129,-32.655,-34.486,-34.944,-35.859,-37.385,-39.979,-43.184,-47.456,-51.118,-52.95,-52.797,-54.476,-54.17,-55.391,-56.612,-58.748,-58.901,-57.527,-54.781,-53.865,-54.628,-59.358,-63.326,-66.225,-66.378,-67.141,-66.073,-68.209,-70.498,-70.803,-69.277,-66.836,-63.326,-60.884,-56.917,-55.391,-52.339,-51.424,-49.287,-48.982,-46.236,-45.167,-42.726,-40.284,-37.08,-33.876,-30.976,-29.908,-27.924,-27.619,-25.33,-22.584,-18.616,-15.412,-12.818,-11.75,-10.529,-8.3926,-6.5615,-6.5615,-4.2726,-4.883,-4.7304,-4.7304,-4.2726,-4.4252,-4.5778,-4.12,-4.883,-7.7822,-11.902,-17.243,-18.921,-20.447,-20.142,-20.295,-19.074,-16.785,-13.886,-10.987,-9.7659,-10.987,-14.496,-18.921,-21.516,-25.178,-27.161,-30.061,-31.281,-32.655,-34.944,-36.317,-35.707,-33.265,-29.45,-28.382,-25.483,-22.889,-18.769,-15.564,-13.123,-11.444,-9.7659,-8.24,-5.3407,-4.883,-5.6459,-9.7659,-11.292,-13.428,-15.564,-17.243,-17.853,-19.837,-21.668,-21.516,-21.516,-22.736,-22.889,-24.873,-28.382,-33.113,-37.843,-42.116,-46.083,-50.05,-53.102,-55.086,-57.985,-61.342,-61.495,-64.394,-63.173,-63.173,-65.615,-68.209,-68.819,-68.972,-66.988,-66.53,-66.073,-67.751,-67.751,-68.209,-66.836,-65.157,-61.495,-58.138,-54.018,-50.661,-46.846,-44.71,-40.895,-37.996,-35.401,-34.333,-30.519,-29.603,-25.636,-22.279,-16.785,-13.123,-8.6978,-3.5096,2.1363,6.8667,15.412,21.821,29.145,32.655,37.843,42.268,48.524,53.865,57.375,60.579,63.936,66.53,69.735,72.481,76.907,81.484,88.961,95.828,102.08,106.51,110.63,113.22,114.75,115.97,116.43,117.34,118.41,118.56,118.72,117.04,114.9,110.63,110.02,111.55,115.21,117.34,117.34,113.99,109.41,103.92,100.1,99.49,97.964,93.997,91.708,86.367,82.4,76.144,72.024,67.904,62.563,56.459,49.898,45.167,42.116,40.284,41.353,42.726,44.71,47.914,52.797,56.764,61.8,68.972,76.296,83.163,90.03,94.76,99.338,102.39,103.61,102.39,101.63,102.54,105.14,109.41,112.61,111.85,111.24,106.51,98.27,89.114,83.468,78.433,76.601,73.55,66.836,56.612,42.573,28.687,18.159,7.7822,0.76296,-6.1037,-11.902,-19.99,-28.84,-36.012,-42.116,-45.32,-45.93,-47.151,-46.541,-47.914,-47.609,-49.287,-52.797,-59.816,-66.836,-72.939,-79.196,-85.91,-91.25,-96.286,-97.659,-98.727,-99.185,-101.32,-103.61,-105.14,-103.31,-99.49,-96.133,-95.065,-95.218,-95.523,-93.387,-92.776,-90.487,-89.114,-84.384,-78.89,-73.092,-70.345,-70.04,-71.566,-72.024,-71.566,-68.819,-66.988,-63.326,-61.953,-60.121,-59.511,-60.884,-63.478,-68.667,-73.855,-78.89,-85.604,-89.267,-92.929,-94.607,-94.15,-90.335,-85.604,-78.738,-75.228,-75.838,-80.721,-86.825,-91.708,-88.198,-86.978,-85.91,-87.893,-90.335,-96.133,-98.727,-102.69,-105.14,-106.81,-104.98,-102.08,-98.422,-95.37,-90.945,-88.809,-86.215,-86.215,-83.468,-81.942,-79.043,-77.67,-75.076,-72.024,-68.819,-66.836,-66.53,-65.767,-64.699,-67.751,-68.819,-71.413,-71.566,-71.718,-69.124,-67.141,-64.699,-61.495,-56.917,-53.255,-50.508,-49.745,-46.541,-42.879,-38.606,-36.164,-30.671,-26.246,-21.21,-14.344,-9.6133,-4.5778,1.9837,5.0356,7.477,6.1037,3.357,-0.15259,-1.5259,-3.357,-4.883,-5.6459,-5.4933,-5.3407,-3.8148,-0.45778,2.1363,3.5096,5.9511,6.8667,6.2563,2.5941,-0.15259,-4.12,-5.7985,-8.6978,-11.75,-14.191,-15.564,-16.938,-16.938,-16.785,-13.733,-11.597,-8.8504,-8.8504,-6.7141,-3.0519,0.91556,6.2563,11.597,16.175,19.99,21.973,24.262,25.178,27.467,26.856,29.298,30.061,32.35,34.486,36.622,39.064,41.2,43.641,47.456,50.05,52.797,54.781,59.816,64.394,70.193,74.618,79.806,83.773,88.809,94.455,99.49,103.61,110.17,114.29,119.33,121.46,122.99,122.07,122.23,123.91,124.06,123.75,123.6,124.21,125.28,124.67,124.52,123.14,123.29,122.38,122.68,120.7,120.09,117.95,117.04,117.5,117.19,117.19,117.19,116.89,117.19,115.21,114.44,113.53,113.99,112.77,113.68,114.44,114.44,115.51,117.5,117.95,119.48,119.17,119.79,118.56,118.11,116.58,114.44,113.07,112.31,111.55,112.92,114.29,116.73,117.65,121.31,121.92,124.36,126.96,128.48,128.33,129.25,129.7,131.84,131.38,131.38,130.92,131.84,130.92,130.16,128.33,125.13,122.38,120.24,119.48,118.87,115.67,112.77,108.65,107.27,104.37,102.08,98.88,96.744,95.981,95.065,93.692,92.013,90.64,90.487,88.198,86.062,81.484,76.296,72.024,67.293,64.089,62.105,60.427,59.053,54.476,50.508,46.541,44.862,42.879,41.2,39.216,37.843,35.859,34.028,32.044,32.197,31.892,31.281,29.145,28.077,26.856,25.941,23.347,21.821,19.837,18.464,18.006,16.633,16.022,15.717,13.733,13.123,11.902,11.597,9.7659,10.529,11.597,13.276,15.412,16.938,17.396,19.379,20.905,21.973,22.431,23.957,24.415,25.33,25.178,25.33,25.483,27.619,29.145,30.519,29.756,29.145,29.45,30.824,31.739,33.876,35.707,39.369,40.742,41.353,40.437,40.132,40.132,39.827,38.911,36.317,33.723,32.807,31.281,31.281,29.756,30.366,28.382,26.551,23.652,21.21,19.532,17.396,14.496,11.902,8.8504,6.5615,3.6622,2.7467,1.5259,2.5941,1.9837,0.61037,-3.5096,-8.0874,-12.055,-12.818,-11.597,-10.834,-10.224,-7.477,-7.0193,-5.4933,-3.9674,-0.91556,-0.15259,0.91556,3.2044,5.3407,6.7141,9.003,13.276,16.785,18.616,21.363,21.668,20.6,19.379,18.921,20.295,20.447,19.837,19.684,19.99,21.058,21.516,22.889,22.736,22.889,22.736,21.668,20.447,18.616,16.48,14.191,10.224,7.0193,3.357,1.6785,-2.1363,-6.1037,-11.139,-16.633,-23.041,-27.924,-34.944,-40.437,-44.404,-46.236,-50.508,-53.102,-56.459,-59.206,-63.784,-67.904,-71.718,-75.381,-79.043,-81.484,-85.604,-85.757,-86.673,-85.299,-85.604,-86.52,-88.046,-87.893,-85.91,-83.468,-83.468,-82.4,-83.926,-84.078,-86.215,-86.673,-87.893,-89.114,-90.03,-89.724,-88.809,-87.588,-87.893,-86.825,-86.215,-83.773,-81.79,-80.111,-79.958,-78.585,-77.822,-79.043,-81.484,-83.316,-84.231,-85.147,-86.978,-87.436,-89.419,-90.487,-92.318,-92.013,-92.776,-93.997,-95.981,-98.575,-100.71,-102.24,-104.37,-104.98,-107.43,-109.26,-112.77,-114.75,-117.65,-118.87,-117.95,-116.43,-115.82,-116.89,-119.17,-119.79,-122.53,-124.36,-127.87,-130.47,-132.6,-135.2,-138.55,-142.22,-146.03,-148.01,-150.91,-151.68,-155.49,-158.54,-164.34,-170.29,-174.57,-178.69,-184.18,-189.98,-196.69,-200.51,-205.54,-209.81,-214.7,-217.14,-220.95,-227.36,-234.53,-239.11,-243.39,-244.45,-247.81,-248.12,-251.32,-252.08,-254.37,-254.22,-251.32,-248.27,-244.76,-240.79,-236.67,-231.79,-230.87,-227.36,-226.14,-221.41,-218.21,-214.7,-211.34,-207.68,-205.24,-200.81,-199.74,-198.22,-199.29,-199.74,-200.35,-201.73,-202.49,-203.41,-205.08,-202.8,-200.81,-199.74,-202.64,-206.61,-210.73,-214.55,-220.19,-225.68,-230.41,-231.33,-233.16,-234.08,-239.27,-242.77,-247.35,-251.93,-255.75,-256.66,-256.2,-254.22,-255.75,-257.42,-260.48,-261.54,-260.17,-258.8,-259.87,-261.09,-264.44,-268.11,-272.53,-273.6,-273.75,-271.77,-269.02,-266.27,-267.65,-270.7,-276.04,-281.23,-288.86,-294.81,-298.93,-299.84,-302.29,-305.34,-309.76,-312.51,-315.41,-317.09,-318.46,-317.24,-319.53,-321.05,-321.21,-318.31,-316.93,-314.34,-313.43,-307.78,-303.81,-298.78,-296.03,-296.33,-296.18,-294.05,-292.98,-290.99,-289.16,-286.42,-286.72,-285.2,-283.82,-282.14,-282.6,-283.21,-283.52,-284.13,-285.2,-284.59,-287.03,-287.48,-287.79,-288.4,-289.47,-287.48,-286.26,-284.43,-284.13,-281.69,-279.4,-275.28,-271.77,-266.88,-263.99,-261.24,-259.25,-255.75,-251.01,-243.54,-238.2,-233.31,-230.41,-224.46,-218.82,-212.26,-208.29,-203.25,-201.57,-199.13,-197.76,-193.79,-189.98,-186.32,-182.2,-173.96,-165.72,-155.03,-148.93,-141.3,-134.74,-125.74,-118.26,-110.17,-103.61,-98.575,-93.692,-86.825,-80.416,-72.787,-65.767,-57.375,-50.508,-43.947,-39.521,-34.486,-29.45,-22.431,-17.853,-12.818,-9.003,-3.8148,0.15259,3.8148,6.1037,10.224,13.276,16.48,17.243,20.295,22.736,25.636,28.382,34.181,40.59,48.372,54.933,60.427,61.953,63.631,63.478,63.936,64.852,65.004,64.089,67.598,69.735,71.871,71.261,70.04,65.92,60.884,55.086,50.813,46.541,43.031,39.521,38.148,36.317,37.538,37.69,39.369,40.895,43.031,44.557,46.541,45.778,45.167,43.031,44.557,44.71,45.473,46.236,48.067,50.203,53.713,57.375,59.358,60.274,63.936,66.53,71.413,76.449,82.705,88.351,94.15,100.1,106.81,109.87,114.75,118.11,121.16,123.91,128.79,129.4,132.15,135.5,141.61,145.57,150.61,155.64,159.61,163.27,170.14,173.65,178.23,181.89,186.32,189.67,193.33,196.69,201.73,206.76,212.1,216.38,221.72,225.84,231.03,235.6,241.25,247.81,252.85,255.59,258.49,260.78,263.99,265.97,267.95,269.48,272.38,274.51,278.63,281.84,284.13,285.81,289.16,291.91,294.96,296.33,299.08,299.08,300,301.83,303.96,307.02,310.83,313.73,320.44,327.01,333.87,337.38,342.27,345.77,350.51,353.56,355.39,358.13,362.1,364.09,366.68,367.75,370.65,373.09,377.97,379.5,382.4,385.6,388.65,392.16,395.83,399.64,404.37,405.13,405.74,405.74,406.51,405.13,403.45,402.08,399.18,395.52,393.08,391.86,390.33,387.59,386.97,383.47,378.58,372.63,366.22,359.97,353.1,347.3,341.5,335.55,329.6,323.19,318.61,312.51,306.86,301.37,293.28,283.82,275.12,268.11,263.68,260.17,255.44,247.66,241.1,232.25,223.85,217.6,214.7,211.19,205.85,199.59,194.1,186.47,183.11,179.3,174.11,165.87,156.71,147.56,138.25,128.64,119.17,111.09,106.81,101.17,95.37,88.961,85.757,82.858,79.196,76.144,75.076,71.871,68.209,62.563,57.985,53.255,50.966,49.287,49.898,50.203,48.067,45.473,43.336,42.421,43.641,43.336,43.641,41.505,41.2,39.827,39.521,36.622,30.519,24.72,19.379,13.886,11.75,10.224,8.6978,2.8993,-2.5941,-7.3244,-9.1556,-11.597,-13.428,-14.801,-18.921,-23.652,-27.772,-33.418,-39.216,-47.456,-54.628,-62.716,-72.329,-83.773,-92.013,-98.27,-101.78,-103.61,-106.05,-108.8,-109.56,-110.17,-109.87,-111.39,-115.36,-119.17,-120.7,-120.7,-119.33,-118.11,-117.04,-120.24,-124.67,-128.18,-126.5,-127.26,-125.58,-123.29,-118.72,-115.21,-113.53,-112.92,-109.71,-109.1,-109.56,-111.7,-110.32,-112.16,-112.92,-114.75,-114.29,-115.36,-115.97,-117.8,-118.56,-118.56,-118.87,-120.09,-121.46,-122.99,-124.21,-126.5,-127.41,-129.7,-131.38,-131.53,-132.15,-132.91,-133.37,-133.37,-132.15,-130.01,-124.21,-119.63,-118.11,-120.7,-122.07,-123.91,-124.06,-122.68,-121.92,-122.68,-123.91,-122.68,-120.4,-116.58,-109.26,-104.22,-99.948,-96.744,-94.302,-92.776,-93.539,-97.354,-102.69,-107.12,-110.78,-112.61,-113.07,-111.24,-108.49,-106.81,-103.46,-102.08,-98.422,-94.607,-90.945,-87.893,-86.673,-85.757,-85.452,-83.621,-79.958,-78.585,-76.754,-75.991,-75.533,-77.212,-76.754,-75.991,-74.313,-74.007,-71.871,-69.887,-68.209,-65.31,-60.274,-60.121,-58.29,-57.833,-56.154,-56.001,-53.713,-51.424,-50.356,-49.745,-49.135,-48.982,-51.118,-53.865,-56.307,-59.969,-60.884,-60.579,-59.206,-59.511,-56.764,-54.018,-50.05,-47.304,-47.151,-48.982,-50.661,-51.424,-53.102,-56.001,-58.748,-61.495,-60.274,-57.68,-54.323,-50.813,-45.93,-40.742,-38.148,-39.216,-43.489,-47.456,-47.304,-48.83,-50.356,-53.407,-52.644,-53.255,-52.644,-50.508,-48.219,-43.184,-38.301,-32.807,-27.467,-22.431,-16.48,-13.428,-8.24,-5.4933,-3.0519,-0.61037,3.9674,6.4089,7.6296,5.6459,2.2889,-0.45778,1.0681,1.6785,4.7304,7.7822,10.987,12.36,17.701,23.957,28.687,29.298,28.687,26.704,25.025,23.347,22.279,14.954,7.7822,-1.9837,-7.9348,-12.665,-16.175,-16.938,-15.564,-15.87,-18.006,-19.837,-19.074,-20.905,-23.804,-30.671,-34.791,-39.827,-43.031,-46.236,-46.388,-45.32,-42.116,-37.385,-29.756,-23.804,-17.243,-11.75,-5.4933,-1.8311,2.8993,6.7141,9.4607,10.834,12.513,14.649,16.938,21.058,25.788,26.704,28.687,28.077,27.161,25.636,24.11,24.873,26.246,28.077,28.84,27.772,28.687,26.704,25.33,21.21,18.311,13.733,12.207,10.376,8.24,6.5615,6.8667,9.7659,16.48,18.616,20.6,19.837,20.905,21.516,24.262,25.33,26.093,27.619,30.519,33.265,34.944,36.927,41.658,42.879,43.794,44.557,45.473,44.557,45.473,45.93,47.609,49.135,50.508,51.881,52.797,52.492,52.797,52.492,52.492,49.593,47.761,42.879,37.233,30.061,21.668,13.581,9.4607,5.6459,5.0356,2.1363,0.30519,-1.0681,-1.0681,-1.2207,-1.3733,-2.5941,-3.357,-6.7141,-10.071,-12.818,-13.581,-18.006,-18.921,-21.21,-22.431,-24.415,-24.72,-24.262,-24.873,-25.33,-23.041,-21.516,-19.837,-20.447,-18.464,-18.159,-17.548,-17.243,-15.107,-13.733,-12.513,-11.75,-9.3081,-6.7141,-3.357,-1.9837,-1.5259,-2.8993,-4.5778,-8.8504,-11.139,-14.496,-17.853,-22.584,-27.161,-30.976,-32.502,-35.707,-36.622,-39.216,-41.353,-44.404,-44.862,-45.93,-45.167,-44.862,-45.473,-46.999,-47.761,-48.83,-48.067,-47.609,-48.677,-50.661,-51.729,-54.781,-56.154,-56.917,-56.154,-53.407,-50.356,-48.83,-46.999,-46.388,-45.778,-45.778,-42.573,-41.047,-36.927,-34.486,-32.197,-32.502,-33.265,-35.096,-36.47,-37.538,-37.385,-36.927,-34.944,-33.876,-30.824,-30.519,-26.704,-21.21,-16.022,-12.055,-7.1718,-3.8148,-2.8993,-4.4252,-2.8993,-0,5.3407,8.3926,11.902,13.276,14.649,14.954,14.344,13.581,14.954,15.412,15.717,13.733,12.513,10.681,12.665,14.191,16.785,18.159,20.6,23.194,26.093,29.908,32.197,33.113,36.012,37.843,36.775,31.739,27.467,24.262,23.957,22.431,20.753,13.581,4.883,-2.5941,-6.2563,-9.1556,-7.477,-8.3926,-7.9348,-8.24,-9.003,-10.681,-11.75,-14.344,-16.785,-19.532,-18.159,-15.564,-11.597,-10.376,-7.6296,-10.376,-10.071,-10.529,-10.529,-11.139,-10.987,-11.444,-13.581,-16.175,-16.48,-18.159,-19.99,-23.194,-24.72,-29.145,-32.044,-35.401,-38.759,-42.726,-46.999,-50.508,-54.323,-59.511,-63.173,-67.293,-69.43,-68.972,-67.446,-68.209,-66.988,-66.225,-65.004,-61.8,-55.391,-49.44,-41.505,-35.249,-26.093,-20.295,-11.444,-4.2726,3.2044,9.3081,16.785,20.905,24.11,27.924,31.892,35.096,38.148,40.895,42.573,42.879,40.742,36.164,34.486,34.028,36.775,39.979,42.573,44.404,44.404,42.268,39.369,35.859,32.655,30.061,28.84,24.72,21.973,17.548,14.649,11.292,9.3081,7.0193,7.0193,10.071,13.886,20.447,25.33,28.382,34.181,37.08,40.895,42.421,47.151,52.034,59.969,66.378,74.16,79.043,82.705,85.757,89.419,91.708,94.76,95.218,99.338,101.63,102.24,101.02,98.727,97.659,96.591,93.234,87.588,80.416,74.923,69.124,66.53,62.41,59.969,57.222,56.154,56.307,55.696,54.323,52.034,46.541,40.437,32.197,26.551,18.464,9.9185,-0.45778,-9.1556,-16.785,-23.347,-27.924,-30.061,-31.587,-31.434,-33.113,-32.807,-34.181,-32.96,-31.892,-29.145,-26.856,-24.567,-21.516,-16.938,-14.496,-12.207,-11.902,-10.376,-10.529,-7.477,-4.12,-1.8311,-1.3733,0.30519,1.8311,4.5778,7.0193,9.1556,10.376,11.444,9.4607,10.834,11.292,11.902,10.224,8.3926,5.9511,5.0356,2.4415,2.2889,0.61037,0.91556,-0,-0.76296,-5.4933,-7.6296,-11.292,-15.412,-18.464,-18.311,-16.48,-15.107,-14.801,-13.428,-13.276,-13.581,-12.207,-8.24,-3.8148,-0.15259,3.357,6.4089,10.071,12.207,12.36,11.75,9.1556,8.5452,7.3244,8.3926,9.7659,11.597,11.902,14.496,16.327,16.785,18.311,21.516,23.957,22.889,21.21,20.6,18.769,17.09,14.954,13.276,10.529,7.9348,5.0356,5.7985,6.4089,6.1037,8.5452,10.224,9.1556,6.4089,3.357,0.15259,-0.91556,-0,-0.15259,1.3733,0.45778,-0.61037,-1.9837,-2.4415,-3.357,-3.2044,-3.357,-1.9837,-2.8993,-0.45778,0.45778,2.8993,3.357,8.5452,11.139,13.581,16.327,19.684,22.279,25.941,29.45,31.892,32.655,35.707,36.622,37.996,38.606,40.437,42.573,44.71,46.083,46.999,46.693,45.32,41.047,38.301,34.486,31.739,30.061,29.298,26.551,23.652,19.074,15.259,12.055,9.6133,6.2563,4.4252,1.5259,-1.5259,-3.9674,-5.9511,-9.003,-12.665,-15.259,-12.97,-12.97,-12.818,-13.276,-10.987,-7.9348,-4.7304,-1.5259,0.76296,2.5941,6.7141,8.0874,9.9185,10.376,13.276,15.412,18.616,21.516,24.873,28.687,32.044,35.554,40.59,44.404,49.287,52.339,56.001,60.427,66.225,71.566,75.228,79.196,84.536,89.267,93.539,97.507,102.39,103.76,105.75,106.97,107.73,108.34,108.04,108.04,107.43,104.37,102.39,99.948,98.117,92.776,88.198,84.384,78.28,72.939,69.277,65.004,64.089,61.8,62.41,63.021,63.936,61.037,60.732,60.579,60.732,58.138,56.612,54.781,53.102,50.966,50.508,53.255,56.917,55.086,51.576,46.083,43.794,42.116,41.047,38.759,36.164,32.96,28.23,23.347,20.295,14.954,12.818,9.9185,9.003,6.5615,6.2563,4.12,0.76296,-3.357,-6.5615,-9.3081,-8.24,-8.0874,-6.7141,-8.24,-10.529,-16.175,-17.701,-20.447,-22.584,-25.33,-28.382,-30.976,-33.265,-36.927,-37.996,-39.674,-39.521,-40.59,-38.911,-39.216,-36.622,-32.044,-28.23,-26.093,-21.973,-18.311,-15.107,-13.276,-8.8504,-7.1718,-3.0519,-3.5096,-2.5941,-4.4252,-7.1718,-10.834,-13.428,-14.954,-15.107,-18.006,-18.921,-20.295,-19.532,-19.99,-20.6,-22.584,-24.72,-27.314,-27.314,-27.161,-24.72,-22.431,-19.379,-21.668,-25.178,-27.924,-27.619,-27.161,-25.33,-23.041,-20.447,-19.074,-17.853,-17.396,-15.259,-15.412,-15.412,-16.48,-16.022,-14.496,-13.276,-10.987,-7.7822,-2.7467,4.4252,9.4607,14.801,16.938,20.753,23.041,26.551,29.908,31.281,33.723,38.301,43.336,47.304,50.356,54.323,57.68,61.8,65.31,71.108,75.686,80.264,84.536,88.504,90.182,92.471,95.218,100.1,103,107.43,110.93,116.28,119.63,123.91,126.65,128.79,130.16,131.23,132.6,133.67,133.67,135.96,136.42,137.64,136.42,136.57,135.5,135.04,131.53,129.09,127.87,127.72,127.72,128.48,129.7,131.84,132.76,134.89,134.59,137.18,138.4,140.69,142.37,144.05,142.06,139.62,136.27,134.43,133.21,134.89,137.18,139.32,139.16,138.86,135.96,134.89,131.08,129.55,125.13,122.84,119.02,116.28,111.39,108.19,104.37,101.32,100.1,99.643,99.185,97.659,94.15,89.419,84.384,83.163,78.127,74.313,72.176,73.092,74.618,76.907,79.196,81.79,84.994,87.13,87.588,88.351,89.114,90.182,90.03,91.098,90.945,92.166,92.776,94.455,94.607,97.812,99.033,100.56,100.41,99.033,96.133,95.676,95.37,94.76,91.861,90.64,88.504,88.198,86.062,83.773,80.416,79.348,78.433,77.517,74.465,70.04,63.631,58.901,53.865,51.424,48.067,45.778,40.132,36.622,29.603,24.415,16.785,9.9185,3.8148,-1.9837,-6.5615,-10.224,-13.428,-15.412,-15.412,-16.022,-16.938,-15.87,-16.327,-16.48,-17.853,-16.785,-16.022,-14.954,-13.428,-12.513,-11.902,-11.292,-10.529,-9.4607,-8.3926,-6.4089,-6.1037,-3.0519,-1.9837,-0.61037,-2.8993,-3.6622,-5.7985,-4.12,-6.1037,-8.24,-9.9185,-12.36,-17.243,-21.058,-25.025,-26.856,-30.671,-31.587,-34.333,-35.249,-36.927,-36.317,-36.012,-34.791,-35.707,-34.639,-33.876,-32.807,-32.807,-31.739,-31.739,-30.366,-32.807,-35.249,-38.606,-43.794,-50.05,-54.018,-59.358,-64.547,-68.667,-71.261,-74.77,-77.212,-80.111,-80.264,-83.773,-85.604,-88.961,-92.929,-98.88,-103.61,-107.88,-110.93,-112.92,-115.67,-119.17,-123.6,-129.09,-132.3,-133.98,-131.99,-128.94,-124.36,-122.07,-118.26,-116.43,-117.04,-118.56,-114.6,-110.93,-106.2,-104.53,-99.948,-99.643,-98.422,-98.575,-98.117,-99.338,-95.676,-90.793,-83.163,-75.533,-68.819,-64.547,-61.19,-60.884,-62.105,-65.462,-69.277,-73.244,-74.77,-79.196,-80.569,-85.452,-89.419,-95.676,-103.46,-113.07,-121.92,-130.47,-136.42,-142.67,-149.85,-154.12,-150.46,-145.73,-143.44,-147.86,-152.13,-157.48,-161.14,-163.73,-164.65,-167.09,-167.85,-167.85,-167.55,-167.55,-168,-170.75,-172.12,-175.79,-178.23,-181.59,-181.28,-181.59,-180.67,-180.97,-181.89,-182.65,-182.81,-181.59,-179.91,-179.14,-176.4,-173.65,-167.85,-164.04,-159.76,-156.87,-154.12,-154.12,-152.44,-151.22,-150.61,-151.68,-151.98,-152.29,-152.29,-150.15,-144.2,-141.91,-139.01,-136.11,-131.84,-130.31,-128.64,-127.57,-126.8,-126.96,-127.57,-128.18,-128.64,-130.16,-128.94,-128.03,-125.28,-122.53,-117.65,-114.44,-109.56,-105.14,-99.338,-95.828,-93.081,-90.945,-88.351,-84.078,-76.754,-69.582,-62.258,-56.612,-50.356,-48.83,-47.761,-47.914,-48.677,-50.05,-49.898,-47.456,-44.252,-41.963,-39.521,-38.453,-37.08,-36.622,-34.639,-35.554,-36.164,-38.301,-39.216,-39.216,-38.911,-37.996,-37.69,-36.927,-31.892,-27.009,-23.041,-23.194,-21.21,-19.99,-17.853,-18.464,-19.074,-19.379,-20.905,-20.142,-17.701,-18.769,-19.837,-21.516,-21.21,-21.668,-20.753,-20.295,-18.006,-17.243,-14.191,-10.529,-6.7141,-1.0681,5.6459,10.987,14.649,16.633,19.379,22.736,29.45,33.723,40.132,45.473,54.018,62.105,70.498,77.364,83.621,91.098,97.201,101.93,107.43,110.32,114.9,117.5,119.63,121.46,123.29,123.75,124.21,123.75,125.74,124.97,127.11,127.72,129.86,130.92,135.5,138.25,140.84,141.76,142.83,144.05,145.12,148.01,152.44,155.95,161.6,165.72,171.67,177.47,183.57,187.84,191.81,194.56,197.45,200.81,202.8,204.78,208.14,209.2,210.12,210.43,213.48,212.87,212.87,212.71,210.88,208.29,206.46,203.25,198.22,193.64,188.91,184.03,182.81,182.2,184.18,184.79,186.16,186.93,188.76,191.5,195.01,198.37,202.95,206.46,211.34,214.24,219.12,220.8,223.55,223.4,224.46,223.55,222.79,219.73,217.9,216.38,216.07,215.31,214.39,211.95,210.43,207.53,205.08,200.66,197,191.96,189.06,184.33,177.47,169.84,163.73,158.85,154.58,150.76,146.79,144.66,143.13,138.71,135.81,132.15,129.86,127.87,126.35,124.82,124.36,121.77,115.97,109.71,104.37,97.964,91.708,84.231,78.127,70.65,65.615,59.816,56.764,53.102,50.813,46.388,42.726,41.047,42.879,44.71,46.236,47.151,48.83,48.524,48.83,47.456,48.372,48.372,49.898,49.287,48.677,46.999,45.625,44.557,46.083,48.83,52.492,54.781,58.29,60.884,67.446,71.718,73.55,70.803,69.582,66.378,61.647,58.443,57.375,55.391,55.544,55.238,54.781,50.966,48.677,44.404,41.353,35.859,32.197,28.382,25.483,25.025,25.025,22.584,21.363,18.311,15.107,10.681,7.6296,0.76296,-6.1037,-16.175,-23.194,-27.314,-29.45,-32.655,-36.927,-39.674,-43.031,-47.761,-51.881,-55.086,-55.391,-54.476,-52.797,-56.612,-62.41,-70.803,-75.228,-81.79,-90.03,-98.727,-104.83,-108.65,-110.63,-114.75,-119.79,-124.97,-126.19,-127.57,-128.64,-134.59,-140.23,-143.89,-146.34,-147.25,-146.03,-144.96,-144.51,-147.56,-149.85,-154.12,-155.19,-157.02,-154.88,-154.12,-151.22,-147.25,-142.67,-138.86,-134.59,-132.6,-129.55,-127.87,-125.28,-124.67,-124.06,-125.43,-124.82,-127.11,-129.86,-134.89,-136.11,-137.64,-137.18,-136.57,-136.42,-138.1,-141.3,-145.27,-146.79,-149.69,-152.59,-157.32,-157.93,-157.63,-156.1,-154.12,-152.59,-150.3,-146.03,-142.06,-137.94,-135.65,-131.84,-128.48,-124.21,-122.23,-118.56,-115.21,-110.78,-105.14,-98.727,-92.776,-87.283,-84.536,-81.942,-80.111,-79.501,-83.01,-85.604,-90.03,-93.844,-97.659,-98.27,-96.286,-92.929,-91.708,-90.03,-90.182,-88.504,-88.198,-88.046,-91.25,-93.387,-98.88,-103.31,-108.19,-111.7,-115.97,-120.85,-125.74,-128.18,-131.08,-133.06,-137.33,-139.77,-143.44,-147.1,-151.68,-154.58,-158.54,-162.36,-166.48,-167.85,-169.99,-168.92,-169.38,-168.31,-169.38,-168.31,-168.31,-165.41,-162.36,-158.7,-155.49,-151.37,-148.78,-143.74,-138.4,-132.76,-130.31,-127.41,-125.13,-120.09,-114.29,-111.09,-107.88,-102.54,-96.744,-88.961,-85.452,-81.179,-79.653,-76.754,-74.007,-70.65,-67.904,-65.615,-65.31,-63.326,-62.41,-58.748,-57.833,-56.917,-55.849,-54.933,-54.476,-52.95,-51.576,-46.693,-42.879,-37.69,-34.028,-29.45,-26.551,-25.636,-24.262,-21.21,-19.227,-13.886,-9.4607,-5.9511,-4.12,-0.76296,1.8311,3.357,3.6622,3.6622,3.8148,4.4252,1.3733,-1.9837,-7.7822,-10.987,-13.428,-13.581,-13.581,-11.597,-8.3926,-3.6622,0.30519,3.6622,4.12,7.1718,7.1718,9.7659,11.597,14.344,18.311,22.584,27.467,32.35,36.317,39.674,40.284,41.505,41.81,44.404,45.473,49.593,54.628,59.053,62.563,67.598,71.261,71.871,68.361,64.852,59.664,56.154,51.271,47.914,42.421,39.827,38.453,35.554,31.892,28.84,24.873,22.431,18.616,17.09,13.276,10.987,9.1556,7.6296,6.2563,6.2563,5.6459,6.2563,7.1718,8.3926,7.0193,7.9348,7.477,9.003,9.9185,9.7659,9.7659,10.681,13.581,16.785,18.159,21.21,24.11,27.314,28.382,29.756,28.687,28.382,29.756,30.213,29.603,31.739,34.028,38.148,42.573,48.524,52.187,55.696,55.849,57.375,60.579,63.478,67.446,73.702,78.433,80.874,82.858,84.689,83.926,84.536,84.231,84.384,83.621,84.994,86.825,89.572,90.182,90.945,92.013,95.065,97.201,102.08,106.51,110.78,111.55,111.24,108.19,108.49,111.09,113.38,113.83,115.36,115.67,116.89,118.72,123.45,123.91,124.67,127.87,130.16,130.31,130.47,129.4,128.18,125.58,122.38,116.58,114.44,113.07,112,108.8,105.59,99.948,94.302,90.03,84.841,77.67,72.634,65.462,60.732,54.781,51.424,46.236,40.895,34.944,29.145,24.11,19.227,12.818,7.477,1.0681,-3.2044,-9.3081,-13.428,-17.701,-20.447,-24.72,-28.993,-32.655,-34.791,-38.148,-40.59,-43.641,-43.641,-45.473,-45.625,-47.304,-46.083,-43.794,-41.2,-40.59,-41.047,-42.726,-44.099,-46.083,-45.778,-46.846,-45.778,-46.236,-45.778,-46.541,-47.609,-48.067,-48.219,-46.999,-43.031,-41.353,-37.996,-34.944,-28.84,-24.11,-19.99,-17.548,-13.428,-10.834,-5.6459,-1.9837,2.8993,6.4089,11.139,16.785,21.973,27.467,32.807,39.369,47.914,52.187,57.833,61.342,65.157,67.598,72.176,76.601,81.942,86.673,90.945,94.913,99.033,100.71,103.46,105.59,106.81,107.43,107.27,107.12,107.58,108.65,110.02,109.56,110.02,109.71,112.61,113.68,115.51,116.73,117.34,116.12,115.05,115.21,116.12,115.51,112.92,108.65,107.27,105.14,105.29,104.98,106.05,107.43,110.32,111.7,111.7,113.53,115.51,115.21,115.21,113.83,113.22,112.77,112.16,110.78,107.43,104.37,103.61,101.78,97.812,93.997,92.166,87.588,84.841,80.721,78.433,73.55,70.04,64.547,56.917,49.745,44.557,41.047,38.301,34.333,33.113,32.35,32.044,29.756,26.704,21.668,19.379,16.938,15.412,15.107,15.107,14.496,12.97,9.1556,7.477,4.12,2.2889,-0.76296,-2.5941,-3.357,-0.76296,1.0681,2.1363,1.8311,2.1363,2.2889,3.2044,2.1363,-0.30519,-3.8148,-5.6459,-8.24,-7.9348,-8.5452,-8.5452,-10.987,-13.733,-15.87,-16.785,-18.159,-18.159,-18.311,-17.853,-19.99,-20.295,-21.821,-23.347,-24.72,-23.499,-23.347,-24.567,-27.314,-28.535,-31.129,-33.265,-35.859,-37.538,-41.81,-43.184,-46.083,-48.067,-53.255,-53.407,-53.407,-53.713,-54.628,-52.492,-48.83,-46.388,-46.388,-45.778,-45.625,-43.947,-42.421,-38.606,-36.927,-35.554,-37.538,-40.59,-44.71,-47.761,-51.729,-53.407,-55.391,-57.222,-57.985,-56.154,-54.933,-52.644,-52.492,-50.356,-50.203,-48.372,-47.914,-48.372,-48.372,-46.388,-43.947,-40.132,-39.216,-36.47,-34.791,-28.687,-22.431,-17.243,-15.717,-12.97,-11.75,-11.75,-13.123,-13.276,-13.581,-12.665,-12.665,-12.513,-11.444,-9.9185,-10.376,-7.3244,-4.12,0.91556,3.2044,5.7985,8.5452,10.987,11.75,13.276,12.207,12.665,12.513,14.344,17.243,20.295,22.431,25.025,24.873,23.957,23.194,23.804,23.347,22.431,22.279,23.652,23.194,23.652,22.279,24.262,25.33,25.941,23.652,23.499,22.889,22.126,22.126,24.11,26.551,30.213,32.655,34.791,35.554,37.233,35.707,33.265,29.145,26.856,27.924,26.246,24.873,24.262,23.499,23.652,22.279,21.821,18.921,17.243,15.259,14.649,12.665,11.444,9.1556,7.3244,6.1037,5.9511,6.1037,9.003,8.8504,10.376,12.055,15.564,19.074,22.431,25.178,26.704,24.72,22.736,18.159,15.259,13.123,11.292,7.1718,5.0356,3.6622,3.9674,4.2726,4.4252,5.0356,7.7822,8.24,9.9185,10.224,12.665,14.039,16.022,18.769,21.973,22.431,23.347,22.736,22.889,23.347,26.856,29.298,33.265,35.401,40.132,45.32,46.388,44.252,41.505,40.284,38.759,36.775,37.233,35.707,34.944,33.876,35.249,35.859,34.944,34.486,34.639,35.707,35.707,32.502,31.892,31.587,33.876,34.944,35.554,36.164,38.911,41.505,45.32,47.761,46.846,44.71,47.151,49.287,51.424,50.966,52.034,52.797,54.018,56.459,58.901,59.664,60.579,60.579,61.342,59.664,59.816,58.748,57.833,55.544,53.865,55.086,55.849,56.307,59.358,59.664,62.41,63.631,62.868,59.358,57.222,55.086,52.492,48.372,47.609,45.93,44.557,40.284,36.775,34.181,32.502,29.298,25.33,24.567,22.279,18.159,14.496,11.444,7.6296,4.12,2.4415,-0.91556,-3.5096,-6.4089,-9.003,-10.224,-10.681,-12.055,-14.954,-18.006,-21.058,-23.804,-24.262,-26.704,-28.993,-30.213,-31.129,-33.723,-36.47,-36.164,-35.249,-34.486,-32.807,-30.824,-27.009,-23.804,-19.684,-18.311,-18.159,-19.99,-21.058,-22.431,-23.652,-25.636,-25.178,-24.11,-19.99,-15.412,-10.529,-9.003,-8.8504,-11.597,-11.902,-13.428,-13.886,-12.97,-13.428,-16.175,-19.837,-23.194,-26.399,-29.603,-31.129,-33.876,-36.164,-37.996,-36.927,-37.233,-38.606,-44.252,-50.966,-58.29,-61.495,-65.004,-65.92,-66.378,-65.31,-65.92,-64.699,-63.936,-59.358,-54.476,-49.44,-47.609,-44.099,-39.674,-35.554,-31.892,-29.908,-29.45,-26.399,-23.194,-18.311,-13.428,-7.1718,-4.2726,-0.61037,3.6622,6.8667,7.7822,10.071,13.123,15.107,16.633,20.142,22.431,27.009,28.23,30.671,32.35,35.554,39.369,41.2,40.895,40.284,37.538,35.249,32.655,32.044,30.824,32.502,32.96,34.486,32.807,32.502,33.723,34.639,35.859,36.47,36.012,38.759,42.116,44.862,43.947,46.846,50.203,54.018,54.323,52.644,51.118,50.661,48.83,48.372,51.271,54.018,54.17,55.544,55.544,59.358,60.579,60.121,58.29,56.154,55.238,52.644,47.914,43.794,35.707,26.246,16.633,10.071,3.6622,-0.91556,-5.6459,-8.0874,-11.444,-15.87,-25.636,-35.707,-43.489,-49.898,-56.917,-61.342,-67.751,-71.108,-75.838,-78.28,-82.247,-84.841,-88.046,-88.961,-90.03,-87.893,-86.978,-85.91,-86.215,-87.741,-92.166,-94.302,-96.133,-93.997,-94.302,-96.438,-100.1,-103.46,-107.12,-107.88,-106.97,-104.83,-102.24,-96.896,-94.607,-92.013,-89.572,-88.656,-90.335,-91.556,-92.318,-92.166,-92.318,-92.776,-94.15,-93.234,-94.15,-93.539,-93.081,-91.403,-93.234,-92.929,-91.098,-88.961,-86.215,-83.163,-82.705,-83.621,-87.588,-86.062,-85.604,-83.621,-82.095,-81.179,-79.501,-77.212,-73.55,-69.277,-67.446,-63.631,-58.443,-53.255,-50.508,-47.304,-43.794,-38.911,-35.096,-32.807,-31.892,-30.213,-30.824,-29.298,-29.298,-28.077,-28.382,-28.993,-27.314,-26.093,-27.314,-27.772,-28.077,-28.382,-29.45,-28.993,-30.824,-31.739,-31.739,-31.587,-32.35,-34.944,-36.927,-36.927,-38.148,-34.791,-32.96,-31.892,-31.587,-31.739,-30.976,-28.382,-26.246,-23.194,-20.905,-19.532,-20.905,-19.379,-22.431,-23.041,-21.058,-18.159,-16.785,-15.87,-14.496,-11.444,-11.292,-8.8504,-7.477,-6.1037,-5.9511,-6.4089,-5.3407,-2.7467,-0.15259,2.8993,3.5096,5.6459,7.477,8.5452,8.5452,8.0874,8.0874,7.9348,7.477,9.003,8.6978,6.2563,1.5259,0.61037,-1.9837,-4.12,-4.5778,-7.3244,-9.6133,-9.7659,-8.5452,-7.3244,-9.003,-11.902,-16.327,-19.074,-21.973,-23.041,-25.483,-28.077,-30.213,-29.756,-30.671,-30.976,-33.113,-32.044,-32.655,-33.113,-35.707,-37.996,-39.064,-39.369,-39.674,-39.674,-39.979,-39.979,-41.353,-41.2,-41.2,-39.979,-37.538,-34.028,-31.892,-30.519,-29.756,-26.093,-21.668,-15.107,-12.207,-9.7659,-8.6978,-7.0193,-3.357,-1.0681,0.30519,2.5941,4.4252,4.7304,4.2726,7.477,6.4089,5.4933,5.7985,5.7985,5.9511,6.4089,5.1881,3.357,-0.61037,-6.1037,-14.039,-19.684,-26.399,-31.129,-36.164,-40.284,-45.015,-47.456,-49.44,-50.661,-51.729,-51.271,-50.966,-52.492,-54.628,-57.222,-60.274,-61.19,-62.258,-62.563,-64.547,-66.53,-68.514,-70.498,-71.413,-70.345,-70.498,-67.598,-65.462,-63.936,-65.157,-65.767,-63.936,-62.868,-63.631,-64.699,-65.767,-62.868,-62.258,-64.089,-65.004,-65.767,-66.378,-64.699,-64.547,-65.462,-67.751,-67.904,-69.735,-69.124,-70.345,-70.345,-69.887,-69.43,-69.43,-71.871,-73.702,-74.313,-76.144,-77.212,-77.67,-75.991,-76.754,-76.144,-75.228,-73.55,-76.601,-77.364,-77.364,-75.686,-76.754,-76.907,-78.738,-77.212,-74.923,-73.702,-74.618,-76.601,-76.754,-73.702,-72.481,-70.803,-71.566,-69.735,-70.345,-68.361,-64.547,-61.495,-61.953,-60.579,-56.917,-52.492,-51.424,-47.151,-46.236,-43.947,-44.404,-44.71,-46.541,-46.846,-46.236,-46.083,-46.999,-45.625,-45.473,-43.336,-43.336,-42.116,-41.2,-37.538,-35.707,-33.113,-31.587,-30.671,-29.603,-30.213,-33.265,-33.418,-35.859,-37.538,-42.573,-46.846,-49.745,-50.508,-52.187,-54.323,-54.628,-52.797,-52.797,-54.018,-57.527,-59.816,-64.547,-66.225,-67.598,-69.43,-70.498,-70.345,-71.566,-71.871,-72.481,-72.939,-71.718,-72.024,-73.55,-71.871,-70.956,-71.718,-73.397,-71.871,-69.887,-65.462,-60.427,-57.222,-54.628,-53.865,-54.17,-51.881,-51.271,-48.067,-45.32,-43.641,-44.862,-41.505,-38.759,-35.554,-31.739,-27.314,-24.262,-19.227,-15.412,-13.123,-15.717,-16.175,-15.107,-11.139,-9.003,-6.1037,-3.6622,-3.0519,-3.8148,-3.8148,-7.477,-10.681,-16.48,-21.516,-23.804,-25.178,-29.756,-34.028,-35.401,-33.418,-32.502,-32.807,-31.892,-31.587,-32.807,-29.145,-27.009,-25.178,-21.516,-14.039,-9.7659,-2.7467,2.2889,5.6459,10.834,17.853,22.431,25.941,28.687,36.622,40.895,45.167,50.966,56.154,61.19,66.836,71.871,77.364,80.111,84.994,89.877,95.065,97.354,100.1,101.93,105.9,107.58,108.65,102.54,95.676,88.198,83.316,78.127,75.076,72.939,70.498,67.598,67.293,63.936,63.784,63.478,62.41,59.816,58.748,56.459,53.255,48.982,44.557,41.353,41.047,38.148,34.944,28.993,26.704,23.804,20.6,18.464,18.159,15.259,14.954,15.717,16.48,15.107,16.327,16.633,19.227,19.684,18.616,17.243,15.87,14.496,17.243,17.548,16.327,14.344,13.123,9.4607,5.7985,-3.0519,-9.3081,-13.123,-16.633,-18.769,-19.074,-20.447,-22.431,-26.093,-26.704,-30.671,-34.639,-39.064,-41.353,-41.81,-42.726,-43.184,-44.71,-43.336,-40.742,-43.641,-44.252,-44.557,-44.252,-42.726,-38.148,-34.944,-33.113,-32.655,-27.009,-22.889,-16.022,-10.834,-7.9348,-6.2563,-1.2207,-0.15259,-4.2726,-7.3244,-7.1718,-8.8504,-8.5452,-6.8667,-3.6622,-3.6622,-1.9837,-0.61037,1.8311,5.3407,9.3081,10.224,12.665,15.259,18.769,17.701,18.616,17.396,18.769,22.584,24.262,25.178,26.399,25.636,25.941,22.889,20.6,18.616,19.532,18.006,15.564,12.513,13.276,12.97,10.987,8.8504,8.0874,8.5452,10.224,8.3926,8.8504,10.224,14.954,20.295,22.736,26.704,31.281,33.57,36.47,36.317,36.622,36.012,37.233,38.148,39.521,41.2,45.32,48.067,49.898,48.982,50.203,52.492,55.391,57.07,59.969,60.121,60.732,59.969,57.07,53.713,52.797,52.187,51.118,46.846,42.879,38.606,32.807,28.993,27.314,27.009,25.483,25.025,24.873,22.584,21.973,21.363,21.058,18.921,19.379,18.006,19.532,22.889,25.33,25.941,25.788,21.668,19.99,19.99,18.464,17.243,14.954,12.207,15.87,16.785,18.616,22.584,27.772,31.434,36.775,41.353,45.625,46.846,49.44,50.966,53.102,54.781,55.696,55.696,55.391,53.56,50.661,43.336,38.606,37.385,36.47,32.044,27.619,24.72,22.584,19.532,16.327,11.444,9.7659,5.9511,4.4252,5.6459,7.3244,5.6459,8.3926,13.428,15.412,16.175,17.853,15.87,15.412,14.344,16.48,15.87,15.717,20.142,23.041,21.668,21.821,21.973,22.889,22.736,21.058,19.379,18.159,15.259,14.039,11.139,7.3244,4.5778,4.7304,2.5941,2.5941,3.8148,2.1363,-3.6622,-8.24,-10.224,-11.597,-12.055,-10.224,-10.376,-10.376,-10.681,-9.4607,-9.7659,-10.529,-14.191,-17.396,-18.159,-18.769,-20.295,-20.295,-26.551,-27.619,-28.535,-28.077,-26.856,-20.905,-14.954,-10.834,-7.6296,-6.4089,-6.7141,-4.883,-5.1881,-3.5096,-0.61037,4.12,3.0519,2.5941,3.8148,9.3081,13.276,14.649,15.259,17.548,15.259,12.207,11.292,12.207,10.071,9.4607,12.055,16.327,18.769,23.347,29.45,32.96,36.47,41.658,43.794,45.93,47.151,47.609,45.473,43.184,40.59,40.284,36.317,32.35,30.824,27.161,20.6,18.311,15.564,13.276,11.444,13.276,11.444,8.3926,5.0356,-0,-3.5096,-2.1363,-3.0519,-5.4933,-9.1556,-8.8504,-9.4607,-10.071,-12.36,-14.191,-17.09,-19.379,-27.009,-31.281,-34.486,-36.775,-38.759,-44.099,-49.44,-50.356,-52.187,-54.018,-57.833,-61.495,-66.988,-68.209,-67.904,-64.547,-61.495,-59.358,-56.307,-53.102,-51.424,-50.813,-52.187,-50.356,-49.745,-50.661,-53.102,-54.323,-54.781,-57.375,-59.969,-61.19,-60.884,-60.579,-60.579,-60.579,-62.716,-62.41,-60.884,-58.29,-57.68,-56.154,-52.95,-52.95,-52.492,-50.05,-48.524,-45.473,-45.625,-42.421,-39.216,-35.859,-35.249,-30.519,-27.772,-25.788,-25.178,-19.99,-16.633,-11.902,-8.3926,-3.5096,-1.2207,4.12,9.003,12.818,14.039,16.48,17.701,20.6,21.363,22.889,22.126,21.973,19.532,18.769,17.701,20.142,18.006,15.412,14.649,17.548,19.684,23.347,28.23,37.385,41.2,47.304,50.966,57.222,60.274,64.852,68.209,70.803,73.397,76.449,75.991,76.754,76.296,77.364,77.67,77.822,75.076,74.313,73.702,72.939,69.735,64.852,63.784,64.241,62.258,62.41,60.427,57.68,55.238,52.95,48.067,44.099,39.369,35.859,28.993,22.431,17.853,12.818,8.0874,0.91556,-6.4089,-9.003,-10.834,-11.75,-12.055,-13.886,-14.039,-10.987,-8.5452,-1.5259,7.0193,16.175,22.889,28.535,31.129,32.655,34.181,37.08,42.421,49.745,53.865,60.274,65.92,74.313,77.822,82.095,86.367,88.351,90.335,92.929,92.776,91.098,91.861,94.913,100.71,107.27,107.27,110.32,112.16,112.61,111.7,112.46,111.55,111.24,108.34,106.81,105.14,104.53,103.61,104.22,103.46,101.17,97.812,97.507,98.727,99.948,101.17,101.47,100.41,100.71,102.39,103.61,101.63,99.643,96.744,94.302,91.403,85.604,77.212,70.65,66.836,63.173,53.102,43.947,35.249,27.619,22.126,17.396,12.665,7.477,1.9837,-0.91556,-1.5259,-1.0681,-3.6622,-5.4933,-6.7141,-9.4607,-17.243,-22.736,-28.077,-37.843,-48.524,-58.138,-66.988,-69.887,-69.43,-70.803,-75.381,-78.738,-83.773,-86.52,-91.556,-97.201,-102.08,-102.54,-103.92,-105.29,-109.56,-115.21,-127.41,-137.79,-147.71,-157.02,-164.34,-167.09,-168.46,-171.82,-176.09,-180.06,-183.42,-185.55,-191.81,-196.23,-199.29,-199.9,-202.19,-203.41,-203.1,-204.78,-211.65,-216.07,-217.14,-216.83,-218.82,-218.36,-218.36,-216.99,-218.36,-217.6,-215.77,-214.09,-217.44,-217.44,-218.36,-216.53,-218.36,-217.75,-219.58,-219.28,-220.34,-216.83,-213.32,-210.73,-208.29,-206.76,-204.93,-202.64,-200.66,-200.51,-203.25,-203.71,-203.1,-199.44,-198.98,-195.32,-192.57,-189.06,-185.71,-182.04,-180.06,-178.53,-178.23,-175.48,-175.02,-171.51,-167.7,-160.37,-153.66,-147.71,-139.62,-130.92,-125.74,-120.55,-114.29,-107.12,-102.08,-98.727,-97.354,-92.318,-90.487,-87.741,-85.757,-83.926,-80.874,-76.907,-74.007,-70.04,-69.43,-67.904,-66.988,-62.716,-59.053,-53.102,-49.745,-47.609,-44.862,-40.742,-37.385,-34.791,-32.807,-33.113,-35.096,-33.418,-31.739,-30.671,-29.45,-25.025,-20.753,-17.09,-11.902,-9.1556,-4.12,0.76296,1.2207,3.357,3.2044,5.6459,7.6296,10.987,12.207,15.564,16.633,17.853,16.48,16.48,18.311,21.058,19.379,19.074,17.243,17.09,15.564,12.97,9.003,7.7822,6.5615,5.6459,3.357,2.7467,2.8993,5.6459,6.1037,9.3081,13.276,18.921,24.11,30.213,35.096,42.726,49.135,54.781,57.68,62.258,64.089,65.462,66.836,66.988,65.157,64.394,62.258,60.121,55.544,52.492,48.219,46.693,42.573,41.505,39.674,37.538,33.113,30.671,30.213,31.739,32.655,34.944,33.723,34.486,34.333,36.927,39.369,40.284,39.979,40.284,39.674,40.59,39.369,37.996,34.333,32.807,32.807,34.181,36.012,39.521,41.353,44.71,46.846,50.203,51.881,53.102,51.424,49.593,47.609,45.167,42.726,40.895,39.674,37.69,35.096,35.401,32.96,31.892,28.993,26.551,23.347,20.753,16.938,13.886,9.4607,6.4089,3.2044,2.7467,2.5941,3.2044,2.2889,2.2889,3.8148,5.4933,6.8667,7.6296,9.1556,11.444,13.276,16.327,16.785,19.532,21.516,25.941,27.467,30.671,34.333,37.69,40.132,44.71,48.524,53.56,56.612,60.427,63.326,67.904,69.735,70.956,71.108,73.855,76.296,78.433,80.874,82.858,82.553,83.621,82.858,83.01,79.501,75.381,72.024,69.124,64.547,63.173,62.716,61.495,58.29,57.68,57.833,60.579,63.936,68.209,71.261,74.77,77.212,78.738,75.991,75.838,77.212,77.822,78.433,79.958,78.433,77.059,75.991,75.076,76.296,77.364,79.348,82.553,82.4,82.553,82.705,80.569,76.449,74.16,72.939,72.176,69.887,68.514,67.598,67.293,62.716,59.358,56.612,52.95,49.593,46.083,41.505,38.911,36.775,37.69,38.606,41.353,40.437,41.047,42.421,45.32,48.372,50.813,51.576,54.781,54.933,55.544,55.391,55.696,56.001,57.222,60.121,63.784,66.683,70.803,74.77,78.127,78.738,81.484,81.637,83.01,84.536,85.91,87.13,88.046,86.978,86.215,83.01,79.501,74.16,68.972,61.495,59.969,59.053,56.154,52.95,52.187,50.508,50.813,51.424,53.56,54.17,54.17,52.95,55.696,59.358,63.326,64.547,66.836,69.582,74.923,79.043,85.604,92.166,98.117,103.61,108.49,114.44,121.92,128.03,132.91,133.06,133.82,132.6,132.91,132.3,130.62,129.86,130.77,130.77,130.16,126.65,123.75,120.4,117.95,112.92,110.17,108.65,105.44,101.63,96.744,90.487,82.705,72.024,64.547,57.833,54.018,51.271,50.203,47.304,45.167,45.32,48.067,50.05,50.966,48.677,48.067,47.761,48.982,49.593,52.034,54.018,53.713,50.966,47.761,42.573,40.132,37.538,38.301,37.385,40.284,40.742,39.827,39.064,39.521,39.216,38.148,36.317,36.775,33.876,31.892,28.382,25.941,21.821,17.243,11.75,7.1718,4.12,1.0681,-3.5096,-9.003,-14.496,-16.633,-17.853,-16.938,-18.616,-19.227,-21.21,-20.753,-16.48,-9.7659,-5.0356,1.0681,5.4933,8.24,10.071,13.733,16.022,18.921,18.769,22.584,26.093,29.45,32.044,35.707,38.453,40.437,43.184,45.778,43.794,40.895,37.69,37.996,37.233,36.775,37.385,41.2,46.388,52.339,57.68,64.699,70.803,79.958,84.841,88.656,87.283,87.436,88.046,89.114,88.656,87.283,85.604,83.468,75.838,70.956,67.751,65.462,63.631,63.631,62.258,61.495,60.121,60.121,60.274,62.868,64.699,66.836,66.836,65.92,63.326,61.495,58.901,55.391,53.407,53.255,53.102,53.865,53.56,54.323,50.966,49.135,45.93,43.489,38.453,34.791,31.434,26.246,19.074,12.665,4.883,-1.0681,-10.071,-15.107,-20.142,-23.041,-27.009,-29.298,-31.129,-32.655,-35.096,-36.622,-38.606,-39.827,-37.69,-34.486,-32.35,-30.976,-30.061,-27.772,-27.161,-27.619,-29.298,-30.213,-29.603,-26.246,-22.279,-17.243,-11.902,-8.24,-4.12,0.61037,3.6622,3.8148,1.8311,2.5941,2.4415,3.2044,3.0519,0.91556,-4.5778,-9.4607,-13.581,-17.548,-21.21,-22.889,-24.873,-25.788,-28.23,-28.993,-31.892,-31.739,-30.519,-27.161,-24.567,-21.058,-17.396,-12.818,-7.1718,-2.2889,-0.30519,3.357,6.4089,9.7659,13.276,18.616,23.652,28.077,30.213,33.113,35.249,37.233,38.911,39.979,39.979,39.827,37.843,36.164,35.249,34.333,31.129,30.671,31.434,34.791,37.08,39.521,42.421,46.083,47.456,47.914,46.693,46.388,45.015,41.963,39.369,36.47,32.96,34.028,34.028,31.587,28.077,24.873,21.21,20.142,21.21,22.279,22.889,22.889,23.347,25.941,25.483,24.567,23.957,24.72,23.041,22.584,21.821,21.516,21.668,19.837,17.548,14.954,11.444,8.0874,5.6459,5.9511,6.1037,7.9348,6.8667,5.1881,-0,-3.9674,-7.9348,-11.597,-15.564,-18.006,-21.21,-23.194,-24.72,-23.804,-26.704,-26.856,-28.993,-28.687,-30.366,-31.587,-34.944,-38.759,-40.132,-41.963,-43.641,-41.963,-41.505,-42.268,-45.473,-46.999,-49.135,-46.999,-46.388,-45.473,-45.167,-46.388,-48.372,-47.761,-48.83,-48.677,-48.219,-45.167,-43.794,-41.963,-42.421,-41.81,-42.116,-39.521,-37.233,-35.096,-34.944,-32.35,-29.298,-24.72,-21.516,-17.853,-17.243,-15.107,-14.191,-10.376,-7.0193,-1.9837,1.0681,6.4089,10.071,14.344,17.548,21.21,21.21,22.584,23.652,24.567,24.11,25.788,26.856,29.298,30.366,29.756,27.619,27.314,26.856,27.161,28.077,30.976,33.723,37.08,38.301,40.742,42.116,42.726,40.895,38.453,38.301,41.505,45.625,49.745,53.865,57.222,59.511,63.173,66.378,71.718,74.313,74.923,73.397,74.465,75.228,71.566,65.92,60.427,56.459,51.881,49.44,47.151,44.404,41.81,39.674,41.2,42.879,44.862,46.388,48.067,49.898,52.644,55.391,56.612,55.238,54.476,54.17,55.238,52.797,51.424,46.846,43.947,39.216,36.622,33.57,32.35,31.892,32.502,32.35,33.113,33.113,33.723,33.418,35.859,35.707,36.164,35.554,36.927,37.233,37.385,37.08,34.791,31.587,29.145,24.567,21.363,17.09,14.344,10.529,8.8504,9.9185,11.444,12.97,15.259,17.09,18.769,17.701,18.006,17.243,17.853,16.327,16.48,15.412,14.496,13.276,10.834,8.5452,5.1881,1.9837,2.1363,0.30519,1.3733,0.91556,0.30519,-0.91556,-1.9837,-3.5096,-5.3407,-8.5452,-10.376,-10.987,-10.071,-12.055,-11.902,-13.886,-15.564,-19.379,-21.058,-21.516,-21.668,-21.973,-24.11,-25.788,-26.856,-29.298,-30.366,-33.723,-34.944,-36.927,-38.453,-41.658,-44.252,-48.677,-51.881,-53.865,-53.713,-53.713,-53.255,-55.544,-54.933,-56.764,-59.053,-62.868,-64.241,-65.615,-66.836,-69.277,-70.956,-75.686,-80.111,-86.062,-90.335,-95.37,-97.964,-101.17,-104.83,-108.19,-111.7,-115.21,-118.56,-122.53,-124.52,-129.4,-132.91,-138.1,-142.83,-146.64,-147.86,-148.63,-148.63,-150.46,-151.52,-153.36,-149.69,-149.39,-150.3,-150.91,-148.93,-145.88,-141.76,-139.01,-135.81,-132.76,-128.33,-124.21,-116.43,-111.09,-102.85,-94.15,-84.536,-76.449,-67.446,-59.511,-50.356,-42.573,-32.35,-24.873,-15.564,-7.7822,1.3733,8.3926,16.327,23.347,28.077,32.655,38.301,44.71,50.661,54.17,58.29,59.969,63.173,65.462,67.141,65.31,62.716,60.121,56.612,50.508,47.151,46.541,45.473,42.573,41.658,39.674,36.927,34.181,39.064,53.102,72.787,98.422,126.04,151.37,167.85,171.36,167.24,158.09,147.86,137.33,130.31,128.33,128.94,128.64,126.96,123.14,118.87,107.73,96.896,87.893,83.773,82.4,79.043,73.092,65.157,55.849,48.83,41.2,34.791,26.246,18.464,11.75,5.0356,-4.7304,-14.191,-24.11,-32.197,-41.2,-46.999,-50.661,-53.713,-59.664,-65.31,-72.634,-81.942,-93.844,-106.81,-119.79,-129.55,-137.94,-143.13,-151.07,-158.39,-167.55,-174.11,-180.36,-182.5,-183.87,-184.94,-186.47,-185.86,-188.91,-188.91,-191.5,-192.57,-195.17,-197.61,-200.35,-200.05,-200.2,-200.66,-201.73,-197.76,-195.32,-191.66,-188.15,-182.65,-177.62,-173.19,-171.36,-168,-167.7,-164.49,-163.73,-161.44,-159.31,-158.39,-158.09,-157.02,-157.17,-153.97,-151.68,-148.17,-146.34,-141.15,-136.88,-130.92,-126.04,-121.01,-115.67,-111.24,-107.12,-101.17,-96.591,-90.945,-87.13,-82.858,-79.043,-74.77,-70.193,-65.157,-60.579,-54.933,-50.05,-41.963,-34.639,-25.636,-18.159,-9.9185,-1.2207,8.0874,17.548,27.314,36.317,46.999,55.391,64.394,72.481,81.027,88.198,93.387,97.049,102.24,107.43,114.9,121.46,128.33,133.21,140.23,147.4,156.41,163.27,168.31,171.67,175.18,178.84,181.43,184.64,190.89,195.93,201.27,204.47,209.05,211.8,214.85,217.9,219.89,221.72,224.16,228.43,232.86,232.7,233.01,231.64,231.64,232.25,235.76,236.67,236.06,236.52,238.35,238.81,238.81,237.43,237.43,238.5,242.16,243.84,245.22,245.52,243.39,240.33,238.35,237.59,236.98,236.06,236.98,237.89,239.72,240.49,241.4,241.4,240.94,240.18,240.94,240.33,240.18,240.03,241.55,241.25,240.94,237.28,234.23,233.01,233.16,232.25,230.26,227.97,227.21,225.07,225.84,226.45,226.75,225.23,224.46,222.33,217.14,210.12,204.32,197.15,192.27,184.94,178.53,170.14,163.27,155.64,147.71,142.37,137.33,129.7,120.7,113.07,108.49,104.37,101.63,96.286,89.267,82.553,77.517,74.923,72.939,70.193,67.446,63.478,60.579,58.596,58.443,57.375,57.527,56.917,57.68,58.748,59.969,59.969,59.053,57.527,58.443,58.443,60.884,62.41,65.92,70.498,75.838,80.416,86.215,91.403,96.133,96.896,98.117,97.812,99.49,99.796,101.02,101.63,100.86,98.422,95.218,92.318,90.03,84.536,78.585,71.261,63.936,54.781,47.151,38.148,30.366,23.804,18.769,11.902,7.1718,2.7467,-1.8311,-8.5452,-12.055,-15.412,-16.175,-19.074,-20.6,-23.499,-26.246,-27.924,-27.619,-26.856,-27.467,-29.45,-31.434,-34.028,-35.859,-36.775,-34.181,-30.824,-30.061,-30.824,-30.519,-30.824,-30.061,-28.077,-24.11,-19.837,-12.818,-8.5452,-4.4252,-1.8311,-2.1363,-2.8993,-5.7985,-9.3081,-13.428,-19.379,-24.262,-30.824,-36.164,-42.116,-47.609,-51.729,-54.476,-57.375,-61.037,-67.141,-74.618,-83.621,-91.708,-102.39,-110.02,-116.28,-121.31,-126.96,-131.53,-136.11,-138.86,-139.01,-136.11,-133.98,-132.45,-132.91,-130.62,-130.31,-130.31,-128.79,-126.19,-123.75,-121.62,-118.87,-115.67,-113.83,-113.07,-114.75,-115.36,-114.9,-113.38,-112.46,-109.56,-107.58,-105.44,-106.81,-109.87,-113.68,-117.34,-123.45,-128.79,-135.35,-141.3,-146.34,-149.39,-153.66,-156.25,-159.15,-161.14,-166.02,-171.97,-180.97,-186.93,-192.88,-196.08,-201.57,-206.31,-213.63,-219.73,-226.45,-233.16,-240.18,-244.91,-245.98,-242.77,-237.74,-230.57,-224.77,-216.68,-206.31,-196.69,-189.21,-182.04,-179.3,-176.09,-174.57,-170.29,-166.48,-159.46,-151.07,-139.01,-129.7,-119.79,-113.07,-109.26,-107.58,-105.14,-103.76,-100.25,-98.422,-97.201,-98.422,-95.37,-92.624,-88.046,-85.604,-80.721,-75.838,-73.397,-72.939,-72.939,-74.313,-75.686,-77.364,-75.533,-74.923,-73.55,-73.855,-71.871,-72.176,-69.582,-67.598,-62.868,-55.544,-46.693,-39.064,-32.044,-27.924,-23.347,-22.126,-19.99,-21.973,-25.636,-30.366,-32.502,-33.723,-33.113,-32.96,-34.944,-40.895,-45.778,-53.255,-61.8,-73.855,-80.111,-85.452,-86.52,-90.335,-93.081,-96.133,-100.25,-108.65,-116.43,-123.14,-129.09,-136.11,-141,-145.73,-148.63,-150,-148.17,-146.49,-145.57,-144.05,-143.44,-144.66,-145.57,-144.51,-143.13,-143.44,-141.45,-140.08,-137.03,-134.89,-130.16,-126.35,-124.21,-121.92,-120.09,-119.94,-119.02,-116.58,-110.32,-104.68,-98.88,-96.133,-92.318,-87.588,-81.942,-75.686,-69.124,-63.326,-58.29,-54.781,-50.05,-45.625,-41.81,-39.674,-34.944,-31.587,-25.483,-18.921,-14.344,-10.987,-7.6296,-7.3244,-5.6459,-4.7304,-0.61037,1.6785,5.0356,4.4252,3.8148,0.76296,-0.45778,-2.1363,-5.9511,-8.8504,-9.3081,-10.071,-10.681,-12.36,-10.987,-11.597,-11.139,-11.444,-11.444,-11.292,-9.9185,-9.6133,-9.3081,-9.4607,-8.0874,-8.3926,-6.1037,-4.2726,-1.0681,0.61037,2.2889,0.76296,-0.30519,-1.3733,0.30519,1.6785,3.9674,4.883,7.477,8.6978,11.597,13.276,17.396,21.973,29.603,35.859,41.658,45.167,47.609,50.661,54.628,56.154,57.68,58.138,59.664,58.29,59.664,59.969,61.8,61.342,60.274,59.511,59.511,59.358,59.206,58.748,59.206,58.748,59.816,58.443,59.511,57.68,57.985,57.07,59.358,61.495,63.784,64.547,66.988,68.056,68.819,69.735,73.702,74.16,77.059,79.501,82.553,84.078,86.825,89.724,91.25,90.64,89.267,87.436,86.825,86.062,88.809,92.013,97.659,99.033,100.71,100.56,101.93,100.1,99.185,99.643,97.354,94.913,92.776,89.877,89.724,88.351,88.351,83.316,76.144,68.667,63.784,58.596,54.476,51.118,48.83,46.083,43.794,42.116,42.116,40.742,41.2,38.148,36.622,34.791,34.944,37.08,36.47,34.944,33.113,32.197,31.129,31.129,34.181,36.622,39.064,39.216,39.827,37.996,38.148,36.012,33.265,30.671,28.84,27.161,27.161,25.636,25.025,23.652,24.11,23.957,23.804,22.584,20.905,17.548,12.665,6.2563,1.2207,-2.5941,-4.12,-7.477,-10.529,-15.717,-19.532,-23.804,-25.483,-28.23,-31.587,-35.707,-36.47,-36.775,-38.606,-40.895,-39.521,-39.064,-35.249,-35.096,-34.181,-35.096,-34.944,-36.775,-35.554,-31.129,-25.178,-21.516,-18.006,-14.801,-10.681,-5.1881,3.5096,9.9185,17.701,25.025,31.587,34.791,38.606,42.421,43.489,42.573,41.658,41.81,43.489,43.794,43.947,43.336,45.473,46.999,50.966,51.576,52.797,52.95,53.407,52.797,49.593,44.099,39.064,32.96,28.993,21.973,17.09,10.529,6.8667,2.8993,2.2889,2.4415,3.6622,4.7304,4.5778,5.4933,7.0193,9.003,11.597,14.649,20.447,25.33,30.061,33.265,36.317,38.148,39.827,41.505,44.404,48.524,53.255,58.596,64.089,68.819,74.77,78.433,81.942,84.384,86.52,87.283,87.283,86.978,88.351,92.776,98.117,103.46,110.48,114.9,118.87,119.94,121.01,119.02,120.4,122.38,124.36,123.91,123.6,122.84,122.84,124.97,128.48,128.94,129.4,128.94,130.62,131.99,132.3,130.01,127.26,123.91,121.01,115.21,112,108.8,107.73,105.44,105.14,104.98,104.98,105.44,105.44,104.37,103,102.39,104.07,103.31,104.22,104.98,107.88,108.65,108.95,109.41,111.85,114.44,116.73,117.04,114.29,108.8,104.98,102.69,103.92,103.92,104.07,100.71,100.1,101.17,100.56,99.49,96.438,90.945,84.078,77.517,73.855,68.056,62.868,57.985,55.086,50.05,47.761,45.473,41.81,39.064,36.622,33.113,30.976,29.145,28.687,26.551,25.33,23.804,24.72,25.483,24.72,25.025,23.957,19.99,16.785,13.886,12.97,11.292,12.055,13.123,16.785,20.142,23.194,25.788,27.619,27.161,26.246,23.041,18.616,11.292,6.7141,-1.3733,-13.276,-28.993,-38.453,-45.625,-52.95,-59.053,-61.8,-62.868,-65.157,-70.193,-72.787,-77.364,-78.433,-79.196,-79.043,-81.027,-81.637,-83.01,-84.689,-89.419,-94.913,-101.47,-105.29,-108.19,-109.71,-113.68,-113.22,-110.78,-107.73,-107.43,-104.83,-101.02,-96.438,-90.945,-86.367,-82.858,-75.686,-69.735,-64.089,-58.748,-54.933,-54.628,-53.102,-53.255,-53.102,-53.102,-52.797,-51.881,-48.219,-42.573,-38.453,-36.012,-31.434,-28.84,-24.873,-20.905,-16.022,-13.123,-11.75,-12.36,-14.344,-17.396,-19.532,-20.6,-19.684,-17.548,-15.412,-16.175,-16.175,-17.396,-17.396,-18.006,-16.48,-14.344,-13.581,-15.107,-17.548,-20.295,-21.821,-23.194,-23.804,-24.72,-21.363,-19.227,-14.191,-8.8504,-3.8148,-1.8311,2.5941,9.9185,15.259,21.058,29.908,36.622,44.404,46.846,47.304,46.083,47.304,46.693,49.287,50.203,49.135,44.252,35.554,26.856,18.159,7.7822,-0.45778,-6.8667,-16.175,-28.077,-36.012,-44.252,-48.83,-53.56,-57.375,-62.105,-66.378,-70.803,-77.059,-84.078,-88.046,-94.455,-101.17,-108.95,-111.09,-112.92,-109.87,-106.81,-104.83,-102.85,-99.948,-98.422,-97.201,-94.455,-89.267,-87.893,-84.231,-81.79,-78.738,-77.059,-73.55,-70.956,-66.378,-63.021,-58.901,-56.459,-52.187,-47.456,-40.742,-36.775,-31.739,-30.061,-27.467,-27.161,-28.993,-29.603,-28.993,-29.45,-29.45,-30.061,-30.061,-29.45,-27.924,-29.145,-28.84,-32.197,-37.08,-41.81,-45.778,-48.219,-50.356,-53.407,-55.391,-57.375,-58.138,-60.274,-59.511,-59.206,-57.527,-58.901,-56.764,-53.102,-48.83,-46.541,-44.71,-42.421,-40.742,-39.827,-38.759,-37.08,-32.655,-33.723,-32.96,-32.807,-28.687,-27.619,-26.246,-26.399,-25.483,-24.415,-22.584,-20.753,-19.074,-16.175,-11.292,-10.529,-7.6296,-6.5615,-3.8148,-3.2044,-2.7467,-3.2044,-2.7467,-0.91556,1.3733,4.2726,7.477,8.24,8.6978,6.7141,7.1718,6.7141,5.7985,1.5259,-3.0519,-9.1556,-10.071,-12.665,-15.87,-20.447,-23.347,-26.856,-32.655,-39.827,-45.167,-52.95,-57.985,-62.563,-64.547,-70.956,-77.517,-80.264,-81.179,-82.858,-85.147,-88.046,-87.283,-88.046,-86.367,-82.095,-74.16,-70.65,-66.073,-61.342,-57.527,-56.154,-52.187,-46.083,-41.81,-39.064,-36.012,-36.164,-32.197,-30.671,-27.924,-25.483,-21.21,-18.006,-15.412,-14.191,-12.36,-9.003,-5.6459,-6.1037,-5.0356,-4.5778,-3.6622,-2.8993,-1.0681,-0,3.357,5.1881,8.5452,11.444,13.276,14.496,17.09,18.616,20.6,21.821,23.804,25.025,27.314,28.84,32.35,31.434,31.281,29.756,27.467,27.772,27.772,25.941,26.704,24.873,25.483,25.636,26.399,26.551,25.941,25.941,25.636,22.889,20.447,17.396,14.649,13.733,14.039,13.276,14.191,16.022,20.295,20.6,19.227,18.311,19.532,19.684,21.21,20.753,21.973,24.415,24.11,18.311,15.564,13.428,10.987,6.4089,2.5941,-2.4415,-7.0193,-13.276,-16.633,-20.295,-22.584,-25.636,-27.619,-28.993,-31.434,-34.028,-35.096,-34.333,-33.876,-34.486,-30.671,-26.856,-23.194,-26.093,-28.077,-31.129,-34.333,-38.301,-41.2,-44.862,-48.524,-51.881,-54.476,-59.206,-61.19,-63.784,-65.92,-66.683,-62.868,-61.19,-57.527,-54.933,-52.339,-50.508,-48.677,-48.067,-48.219,-50.356,-49.287,-51.424,-54.628,-62.105,-66.073,-68.819,-68.056,-68.514,-68.056,-68.056,-67.751,-68.819,-70.04,-69.277,-66.836,-65.615,-65.615,-66.988,-66.073,-68.056,-67.904,-65.157,-59.664,-57.985,-55.238,-51.729,-46.083,-42.116,-35.096,-27.772,-22.736,-19.532,-14.344,-8.3926,-3.0519,-0.61037,1.0681,0.91556,2.4415,3.2044,2.4415,1.3733,5.6459,8.24,8.3926,8.0874,9.4607,11.902,10.529,8.8504,14.496,20.142,25.025,27.772,33.57,40.742,48.067,52.95,57.07,60.732,64.699,67.293,71.871,75.228,77.212,75.838,73.855,72.481,70.04,69.124,71.108,69.43,68.209,66.53,64.089,59.511,59.053,57.527,57.07,57.527,57.07,55.391,52.339,50.05,48.83,45.167,43.336,42.879,42.421,40.284,38.301,35.859,35.401,36.164,34.333,34.333,34.486,34.944,38.453,38.759,37.233,36.47,37.69,39.979,40.284,40.742,43.489,45.778,48.219,48.83,49.593,48.982,49.898,49.898,49.135,48.067,45.625,46.541,44.71,41.505,43.184,41.047,36.47,32.044,28.382,22.126,16.175,12.97,6.7141,0.45778,-2.5941,-6.1037,-9.7659,-14.954,-17.396,-21.516,-25.025,-27.619,-31.587,-34.791,-39.064,-42.726,-45.167,-50.05,-55.544,-61.037,-62.868,-66.988,-66.378,-65.92,-63.936,-65.767,-67.293,-66.225,-64.241,-66.53,-63.326,-61.953,-62.105,-61.037,-58.748,-60.121,-61.953,-63.631,-60.427,-58.748,-58.596,-58.29,-57.527,-59.816,-55.544,-52.797,-53.255,-54.018,-52.95,-51.729,-49.898,-47.304,-43.947,-40.59,-33.876,-30.519,-27.619,-27.009,-26.551,-24.873,-20.6,-17.396,-13.581,-12.207,-7.9348,-0.76296,6.2563,7.9348,11.902,15.259,20.447,26.704,28.687,30.824,31.892,33.418,36.775,34.639,32.655,30.366,29.45,27.924,23.957,20.447,19.379,21.058,21.973,18.921,15.564,11.292,8.5452,4.12,2.1363,1.5259,2.7467,-0.30519,-1.5259,-1.9837,-3.9674,-8.0874,-9.7659,-7.477,-4.883,-5.9511,-5.0356,-6.1037,-3.5096,0.76296,5.4933,7.7822,13.733,17.701,19.684,23.041,28.84,32.35,34.486,36.317,38.759,38.148,39.979,39.674,38.911,36.622,37.08,34.944,31.281,29.45,27.772,26.246,27.161,28.993,31.739,30.213,32.655,33.113,32.502,28.993,23.499,20.905,22.126,22.736,22.584,22.889,24.873,23.194,23.652,23.957,24.873,22.736,19.684,18.006,15.717,15.412,14.344,12.207,13.276,12.207,10.681,8.8504,12.055,14.496,15.87,18.159,19.379,18.006,18.311,18.159,18.464,17.548,17.548,15.107,10.224,1.0681,-4.12,-11.597,-19.379,-24.873,-27.772,-31.587,-34.639,-40.132,-45.778,-50.508,-52.492,-56.307,-58.29,-64.699,-69.277,-71.261,-68.972,-68.056,-65.31,-64.852,-63.173,-62.868,-62.105,-61.953,-58.901,-52.95,-45.625,-41.963,-38.301,-35.401,-32.35,-30.519,-28.077,-28.993,-28.077,-27.619,-27.161,-28.077,-28.23,-31.129,-32.502,-34.791,-38.148,-40.895,-41.2,-41.353,-41.047,-43.489,-43.947,-44.099,-42.573,-39.827,-33.57,-29.45,-23.041,-17.701,-14.191,-10.376,-5.7985,-3.9674,-1.8311,-0,0.45778,-0.15259,-1.0681,-5.6459,-9.003,-10.987,-11.902,-16.938,-22.279,-27.314,-29.908,-32.197,-30.824,-31.281,-29.756,-27.924,-27.619,-30.213,-33.876,-34.333,-33.876,-34.028,-30.213,-27.161,-24.72,-24.873,-20.6,-15.259,-14.039,-16.175,-18.769,-20.905,-18.921,-15.87,-12.97,-12.513,-10.987,-12.36,-13.581,-16.48,-23.652,-26.246,-29.45,-38.759,-45.625,-48.219,-49.745,-51.118,-48.219,-48.982,-48.677,-48.982,-49.287,-49.287,-47.151,-46.541,-46.388,-46.541,-46.083,-49.745,-48.83,-48.677,-48.982,-53.407,-53.407,-53.865,-52.95,-54.17,-58.138,-59.969,-58.138,-57.07,-54.17,-53.407,-50.508,-51.271,-50.661,-50.356,-49.898,-48.067,-47.609,-50.661,-51.118,-52.95,-53.255,-55.696,-56.764,-59.206,-60.274,-63.784,-66.073,-66.988,-63.936,-59.511,-57.985,-58.901,-56.459,-55.696,-51.576,-47.761,-41.963,-38.911,-37.233,-37.385,-36.164,-35.401,-33.113,-27.009,-23.041,-23.041,-21.21,-23.194,-27.161,-31.281,-31.129,-28.84,-24.873,-23.194,-23.041,-19.99,-14.039,-10.071,-8.24,-8.5452,-7.0193,-2.1363,6.4089,11.597,18.769,25.636,32.807,33.876,33.57,33.57,32.807,30.519,30.976,30.213,30.213,28.23,27.772,28.687,31.281,33.723,36.012,35.554,35.707,36.927,35.859,33.57,32.35,29.45,30.976,28.535,26.246,26.093,28.077,27.467,27.772,26.399,25.33,24.415,25.025,24.567,27.924,28.84,25.636,22.584,21.821,18.006,15.564,15.717,15.717,16.48,18.464,16.785,14.801,11.597,12.97,12.513,11.139,9.7659,11.444,11.444,12.513,12.818,13.276,14.039,15.259,15.717,16.48,17.243,18.464,16.785,17.243,16.633,16.785,16.633,18.464,22.889,23.652,23.957,25.483,23.957,22.126,20.447,23.652,25.636,27.619,26.399,23.194,25.178,29.45,28.382,29.756,32.502,33.418,30.213,25.636,24.567,27.009,25.636,23.347,22.584,23.804,24.567,25.33,26.704,29.145,30.061,30.366,27.161,27.924,26.551,24.11,24.11,25.33,24.567,22.126,18.616,17.396,17.701,18.006,17.09,16.175,13.123,11.902,11.292,9.1556,7.7822,6.8667,3.357,3.8148,4.7304,6.7141,4.4252,3.357,2.2889,5.3407,9.7659,13.123,13.733,14.344,14.344,14.191,15.259,19.532,20.905,24.72,27.161,30.824,36.775,42.268,46.388,48.524,49.898,51.118,51.576,53.865,58.138,65.767,69.582,71.261,71.718,75.076,79.806,84.536,85.757,86.062,87.283,92.013,96.744,101.63,103.46,102.24,96.286,93.539,90.793,88.809,81.637,73.702,67.598,64.394,60.579,58.596,56.154,54.781,50.813,48.524,46.541,42.421,37.996,35.249,31.739,30.213,29.45,28.382,22.736,17.701,12.36,8.24,5.0356,5.9511,4.4252,0.91556,-2.5941,-4.7304,-4.883,-1.6785,2.2889,10.376,15.564,18.921,17.701,19.99,20.753,20.753,19.074,19.379,20.142,21.363,25.025,29.45,30.671,33.723,34.181,34.333,31.587,31.281,29.756,29.603,28.535,23.804,17.853,15.87,16.022,14.954,10.681,9.1556,9.6133,8.5452,2.8993,-1.2207,-3.5096,-5.6459,-8.8504,-12.665,-17.09,-22.889,-26.093,-26.704,-31.129,-30.213,-29.603,-29.45,-26.399,-25.33,-27.619,-27.924,-28.84,-32.35,-35.707,-37.385,-39.369,-39.369,-43.031,-45.93,-46.236,-44.252,-46.846,-49.135,-52.187,-55.238,-58.443,-58.901,-63.326,-65.615,-70.04,-72.787,-76.296,-75.838,-74.618,-75.838,-78.585,-81.484,-85.452,-88.656,-90.945,-92.318,-97.201,-99.49,-100.41,-99.948,-101.02,-102.39,-104.68,-104.68,-107.58,-109.71,-111.39,-112.31,-112.46,-110.63,-113.53,-115.36,-117.5,-118.11,-118.11,-117.34,-115.67,-118.72,-119.33,-115.67,-112.31,-111.24,-112.61,-111.39,-110.78,-107.27,-103.15,-99.185,-93.997,-90.945,-90.03,-90.335,-89.724,-84.841,-83.163,-82.247,-82.4,-82.553,-84.536,-85.604,-86.52,-86.978,-88.961,-92.318,-95.523,-94.913,-93.844,-92.624,-94.455,-95.37,-97.354,-100.56,-103,-104.22,-105.75,-105.29,-104.22,-106.66,-109.87,-110.17,-112.92,-113.99,-113.68,-113.22,-115.21,-119.17,-122.68,-124.97,-128.64,-132.3,-135.5,-139.32,-143.89,-147.71,-152.59,-156.1,-158.39,-161.6,-164.8,-168.46,-172.73,-174.57,-178.84,-176.7,-177.62,-181.13,-183.72,-183.11,-186.01,-188.15,-192.11,-193.64,-195.47,-195.62,-192.88,-188.76,-190.28,-189.21,-189.67,-189.06,-187.84,-181.13,-173.65,-166.94,-161.29,-154.42,-151.52,-148.63,-146.49,-143.28,-142.22,-140.69,-141.76,-139.32,-136.88,-133.06,-130.92,-125.58,-120.24,-118.11,-122.53,-123.91,-123.29,-120.7,-119.63,-116.89,-117.19,-115.97,-117.5,-116.12,-118.87,-121.92,-124.36,-125.43,-126.19,-124.67,-121.46,-120.09,-120.55,-117.5,-116.28,-114.29,-116.73,-117.65,-117.34,-116.28,-117.5,-118.11,-115.05,-112.46,-113.38,-109.87,-107.58,-106.81,-103.92,-98.727,-98.117,-94.15,-91.25,-87.588,-81.942,-77.364,-72.939,-68.209,-67.293,-65.31,-61.647,-56.917,-57.527,-54.781,-50.813,-45.93,-40.895,-34.486,-29.45,-24.11,-19.684,-16.48,-12.97,-7.9348,-5.9511,-0.61037,1.3733,4.883,10.071,15.717,19.532,24.11,28.077,33.723,36.927,40.284,45.93,48.524,48.982,53.865,59.206,61.953,64.089,66.53,66.683,67.598,69.735,74.16,76.907,79.043,76.601,74.618,71.718,73.092,70.04,65.615,63.021,63.021,62.258,61.8,62.258,64.241,63.784,63.784,59.816,57.68,54.476,49.135,46.693,41.505,34.486,28.993,27.314,27.314,28.382,25.788,20.905,22.736,22.736,23.804,26.093,28.382,28.687,29.756,32.96,38.453,41.963,43.947,44.862,47.761,53.713,57.222,58.29,63.936,68.972,72.024,73.244,75.228,74.618,73.244,72.787,71.261,66.073,67.904,68.361,68.972,68.667,67.904,65.462,65.92,66.53,68.819,68.972,68.514,67.751,68.972,68.514,68.209,66.836,66.836,66.073,65.767,63.021,61.19,58.596,57.985,59.969,59.816,60.732,62.258,61.953,67.751,71.566,76.449,81.027,86.825,88.656,89.114,87.436,83.926,80.874,81.637,83.468,88.809,89.419,89.724,89.572,91.861,90.487,88.046,86.52,87.588,89.114,90.335,91.25,92.166,95.828,101.93,106.81,115.21,118.72,121.31,116.73,115.36,112.46,106.81,100.41,96.591,93.081,87.588,79.501,75.228,70.193,67.751,71.566,84.689,89.419,95.218,105.75,115.05,116.28,118.11,119.48,118.87,117.34,114.6,109.56,107.27,102.24,98.575,91.861,87.436,82.705,83.163,84.689,85.452,88.504,90.64,91.708,94.15,95.523,99.796,103.15,108.95,114.9,118.11,118.41,116.28,110.02,108.04,107.58,107.12,103.15,101.93,100.41,96.896,93.692,89.114,79.806,72.481,68.056,61.19,53.102,50.966,47.456,45.167,46.388,47.151,43.031,39.827,35.859,32.807,28.993,24.72,18.159,15.87,12.36,12.513,10.987,10.834,5.4933,0.30519,-2.2889,-2.7467,-5.1881,-9.1556,-11.597,-16.633,-22.431,-27.009,-30.671,-30.671,-34.486,-40.742,-44.71,-43.336,-43.336,-41.505,-39.827,-39.674,-40.437,-41.81,-41.2,-40.895,-42.421,-43.947,-43.184,-40.284,-36.012,-33.876,-34.791,-38.301,-43.489,-47.151,-50.356,-50.966,-51.729,-53.255,-51.424,-48.372,-48.219,-47.761,-49.44,-48.83,-47.304,-44.862,-40.437,-36.775,-37.385,-39.216,-38.453,-33.876,-34.791,-35.401,-36.927,-36.164,-35.554,-35.096,-35.096,-31.739,-29.908,-30.519,-26.093,-21.821,-22.584,-24.567,-23.957,-23.652,-29.45,-28.23,-27.009,-28.993,-29.908,-29.603,-26.704,-21.21,-17.09,-12.665,-10.376,-9.003,-7.6296,-1.5259,-0.45778,2.5941,7.6296,12.513,14.954,19.074,25.636,30.976,34.333,37.233,38.301,40.742,43.489,49.593,53.255,56.459,59.664,66.378,74.007,74.313,75.838,82.705,86.52,90.793,92.929,94.607,97.507,99.796,100.56,101.32,101.47,101.17,101.93,101.02,97.964,95.065,91.098,89.267,86.367,83.01,80.874,83.01,84.841,84.994,82.858,76.754,75.381,75.228,70.956,70.193,69.277,69.277,68.209,68.819,68.056,67.446,68.056,67.904,65.92,65.31,62.41,60.884,56.001,54.17,52.034,53.255,55.544,56.459,57.375,57.68,56.917,59.816,57.68,57.07,58.748,61.953,61.647,65.615,69.124,68.667,66.836,67.904,70.04,74.007,74.618,77.364,78.89,80.264,81.332,81.79,78.738,77.059,77.517,74.313,70.345,66.073,65.004,65.92,64.089,64.547,63.936,62.105,58.596,50.203,40.132,36.47,33.876,27.772,22.584,23.652,23.957,27.161,31.281,33.57,33.57,37.996,39.979,42.268,45.93,48.83,52.797,55.696,54.933,57.68,61.342,62.868,63.326,64.852,63.784,64.241,66.378,67.446,65.31,67.751,71.261,71.871,73.855,75.533,73.55,74.77,72.176,68.514,66.683,66.53,67.141,67.446,70.956,75.381,75.686,74.16,74.16,76.601,82.4,84.078,85.757,91.25,93.997,88.809,88.351,89.572,86.062,84.536,84.994,87.13,87.436,89.114,91.25,94.455,98.27,102.24,104.68,106.05,103.76,107.88,109.56,110.02,110.02,108.04,107.27,106.05,101.02,95.828,95.523,94.76,90.945,88.656,86.062,84.536,82.858,78.28,72.481,67.904,64.699,67.141,70.956,74.618,75.686,77.67,76.601,72.329,66.988,65.767,65.767,60.884,57.985,57.222,55.086,56.612,56.154,54.628,48.219,47.914,42.726,39.827,33.723,27.619,26.856,27.467,28.077,25.636,19.074,15.564,12.207,10.224,7.1718,4.2726,2.5941,4.5778,3.9674,2.8993,4.883,4.4252,0.91556,1.6785,1.6785,1.8311,0.61037,3.0519,1.6785,0.30519,-0.76296,-3.2044,-5.0356,-4.5778,-1.2207,2.7467,5.7985,9.6133,11.444,10.224,12.207,17.396,22.126,27.161,32.044,35.707,34.028,34.944,36.927,37.233,39.216,45.473,45.93,46.541,48.83,55.544,57.07,58.138,63.326,69.582,66.53,65.767,65.31,61.495,56.917,51.881,45.167,38.301,35.096,34.486,30.366,28.84,29.298,30.061,32.655,34.944,34.944,32.197,28.535,29.145,32.044,36.012,37.385,37.538,35.401,37.996,34.333,29.756,27.924,29.603,29.298,25.025,17.853,14.344,15.107,14.954,7.9348,5.1881,7.477,13.581,15.717,14.954,16.48,21.821,26.399,28.077,25.483,26.551,26.399,24.873,21.821,18.464,17.243,24.72,25.788,24.415,22.736,23.194,23.499,22.126,18.159,16.327,12.207,11.597,13.886,14.344,11.75,13.428,15.564,15.259,15.564,20.142,23.194,25.025,25.483,26.551,25.025,29.603,36.317,42.421,45.32,46.083,43.794,40.59,35.249,31.587,25.025,20.753,16.633,18.006,16.175,13.123,8.0874,5.7985,3.357,-0.61037,-4.7304,-6.7141,-9.9185,-16.175,-23.804,-27.467,-30.061,-32.96,-39.216,-42.879,-46.388,-48.067,-49.898,-51.118,-56.001,-55.544,-56.917,-58.443,-57.222,-57.222,-56.459,-52.492,-55.696,-57.375,-55.849,-46.693,-44.71,-42.116,-36.927,-31.587,-26.856,-20.295,-15.87,-9.6133,-4.7304,-2.5941,-1.5259,-1.9837,-6.2563,-9.3081,-13.733,-17.09,-19.532,-24.11,-24.873,-23.957,-24.72,-23.957,-29.603,-36.47,-41.81,-44.71,-46.999,-50.05,-53.713,-53.713,-56.764,-57.375,-58.748,-60.427,-62.563,-63.326,-60.884,-60.579,-61.8,-57.527,-55.849,-55.849,-51.271,-46.388,-48.524,-53.407,-55.544,-55.544,-59.511,-61.495,-64.852,-67.904,-67.751,-67.751,-66.378,-64.089,-64.089,-59.664,-52.187,-49.44,-51.424,-48.219,-43.947,-41.963,-43.184,-45.625,-49.135,-46.541,-45.015,-43.641,-47.761,-51.271,-54.933,-56.612,-57.833,-64.241,-72.176,-74.77,-77.822,-75.991,-76.601,-79.196,-82.095,-78.585,-78.585,-76.296,-67.446,-60.121,-55.086,-48.524,-44.557,-38.911,-37.843,-35.707,-31.434,-27.924,-23.957,-23.041,-19.379,-10.529,-10.987,-7.3244,-10.071,-12.513,-12.36,-11.597,-10.376,-11.902,-12.97,-12.055,-9.6133,-10.376,-11.902,-10.987,-10.224,-10.681,-12.665,-16.022,-22.736,-23.957,-24.415,-25.788,-25.788,-19.837,-19.99,-21.516,-23.194,-22.889,-23.194,-22.584,-21.668,-16.022,-12.513,-9.3081,-8.0874,-3.6622,5.9511,16.175,20.905,21.821,19.074,20.295,22.279,24.873,20.142,15.259,14.039,13.581,10.224,6.8667,0.15259,-0,5.6459,8.8504,5.0356,3.0519,-1.5259,-2.2889,-3.8148,-1.6785,-2.8993,-4.12,-5.1881,-7.9348,-9.7659,-6.1037,-3.5096,-4.4252,-8.5452,-13.123,-20.6,-24.415,-29.756,-34.639,-37.538,-45.93,-50.203,-40.895,-39.674,-46.999,-53.255,-52.492,-49.593,-43.336,-43.184,-45.015,-46.388,-43.794,-43.794,-43.184,-35.096,-28.382,-27.467,-23.499,-14.649,-11.597,-8.8504,-5.3407,-7.3244,-9.9185,-16.175,-21.821,-29.45,-33.418,-38.148,-38.301,-40.437,-42.116,-46.846,-50.05,-54.476,-57.833,-61.19,-63.784,-67.141,-69.277,-68.972,-66.988,-66.225,-68.056,-72.024,-72.939,-77.059,-78.585,-82.705,-85.147,-90.945,-99.643,-109.41,-112.46,-112.61,-107.12,-107.73,-108.95,-107.88,-99.49,-91.556,-91.708,-96.133,-96.744,-98.117,-97.354,-96.591,-98.727,-100.86,-98.727,-99.49,-100.86,-103.15,-112.77,-121.92,-123.6,-126.35,-126.8,-123.75,-116.43,-111.7,-104.37,-101.17,-96.438,-92.776,-91.708,-92.166,-91.556,-94.455,-96.896,-98.575,-91.708,-87.741,-86.215,-89.572,-91.098,-90.64,-88.961,-90.182,-87.283,-79.806,-74.923,-74.465,-74.16,-75.686,-73.55,-65.92,-64.089,-67.598,-73.092,-78.28,-73.702,-60.884,-49.898,-44.404,-32.96,-24.415,-20.295,-21.363,-27.619,-42.116,-60.427,-76.296,-88.351,-94.913,-93.081,-83.01,-68.972,-59.664,-47.304,-38.301,-37.385,-48.524,-62.716,-77.364,-88.504,-88.961,-78.738,-60.579,-38.911,-21.973,-18.769,-28.077,-42.421,-57.833,-75.533,-95.065,-113.38,-125.43,-128.94,-127.41,-115.05,-98.575,-81.484,-69.124,-62.716,-59.969,-63.478,-67.446,-70.345,-75.228,-76.144,-75.991,-78.585,-86.52,-89.724,-86.215,-76.601,-68.361,-65.767,-73.55,-87.893,-107.73,-121.01,-130.31,-133.06,-134.13,-122.84,-106.66,-80.569,-59.664,-48.219,-48.067,-56.612,-66.073,-72.481,-80.721,-88.351,-96.896,-99.185,-95.981,-84.231,-73.397,-64.089,-57.07,-51.881,-51.424,-56.154,-67.446,-84.231,-101.17,-115.21,-128.94,-136.88,-142.83,-144.51,-144.2,-139.62,-134.28,-133.52,-133.67,-133.82,-134.74,-133.98,-139.77,-143.59,-149.85,-156.71,-165.87,-170.6,-175.48,-177.92,-180.82,-176.7,-172.28,-168.92,-167.24,-163.27,-159.31,-146.49,-137.49,-130.31,-125.89,-117.65,-110.32,-104.53,-100.86,-97.659,-98.727,-99.033,-93.844,-86.978,-84.994,-80.721,-74.618,-67.293,-60.121,-54.018,-51.576,-50.661,-49.745,-53.713,-59.816,-61.8,-60.274,-61.953,-73.092,-75.533,-74.313,-69.124,-65.462,-61.19,-56.612,-54.018,-49.898,-48.067,-46.846,-45.015,-44.71,-41.047,-41.2,-41.353,-40.742,-37.843,-35.096,-37.538,-38.606,-36.47,-33.723,-29.45,-25.178,-19.379,-22.126,-17.396,-13.123,-12.055,-13.581,-11.75,-6.5615,-2.4415,-3.357,-3.8148,1.9837,12.665,18.464,24.72,26.856,34.181,41.2,51.576,57.527,65.157,73.855,78.127,81.637,90.182,100.71,105.9,106.2,110.93,115.97,125.13,130.16,135.04,137.03,141.91,145.12,147.1,146.34,145.57,145.73,147.71,147.4,149.24,150.46,149.69,148.47,151.07,148.93,141.76,137.64,132.3,125.89,124.06,124.21,123.6,121.31,125.89,128.79,128.33,128.48,131.53,132.76,135.96,143.28,150.61,155.03,161.9,168.31,175.79,181.28,186.47,190.74,202.49,213.48,214.85,214.55,218.21,220.5,224.31,230.11,235.91,235.76,238.65,243.08,248.57,249.64,253.3,255.59,255.9,255.29,257.73,262.15,264.29,262.46,260.48,258.64,256.66,252.85,249.18,248.73,247.51,245.22,243.69,239.72,231.48,222.63,220.04,216.53,214.24,211.95,209.97,209.36,207.37,206,206.92,205.69,201.42,196.08,191.66,188.6,188.45,187.69,186.32,183.87,179.75,178.08,175.02,169.99,169.23,166.02,162.82,160.37,164.19,166.33,161.9,158.39,155.49,148.17,142.22,137.79,131.99,125.13,121.62,119.48,115.36,113.22,111.7,110.02,112.46,112.31,110.02,107.58,109.1,113.53,110.93,111.55,111.09,113.83,117.5,115.05,113.53,115.05,115.51,114.29,112.31,110.17,111.39,112.16,111.55,110.02,108.19,109.56,109.87,107.73,107.58,104.53,103.15,102.39,99.49,96.591,97.659,99.643,98.727,101.78,104.98,106.66,108.34,106.66,108.8,107.43,102.54,97.659,97.049,94.15,88.961,87.588,85.147,81.79,84.384,84.536,80.569,77.517,79.806,80.264,81.179,77.975,78.28,80.264,83.468,86.062,84.841,81.79,81.942,80.874,81.027,76.296,74.77,72.024,68.056,67.293,66.378,63.784,61.342,56.917,56.307,55.544,54.17,50.05,47.609,47.914,50.661,51.576,58.443,61.19,59.816,61.647,63.784,65.157,68.209,72.176,79.653,81.179,84.384,89.419,92.776,97.507,101.02,103.92,105.59,103.61,102.85,103.46,105.9,105.9,107.12,109.87,112.16,114.29,116.73,118.41,117.5,115.36,113.07,110.17,105.59,99.49,95.218,87.436,82.4,76.144,68.361,61.8,54.17,46.236,39.827,33.57,31.434,28.993,25.941,22.279,20.447,16.48,16.938,14.801,15.412,13.581,13.886,16.633,18.921,23.957,27.924,35.707,40.284,40.437,45.473,50.203,54.628,58.138,63.021,65.157,66.988,71.413,74.618,73.244,74.77,75.838,77.822,75.838,74.77,76.754,82.095,87.741,87.13,87.741,86.062,84.994,82.553,80.416,78.89,78.738,77.822,75.686,77.059,77.67,77.212,73.55,71.413,67.904,64.547,62.258,57.222,50.203,46.693,46.693,47.304,45.473,41.658,38.301,37.996,35.707,32.655,27.924,26.704,24.72,24.873,28.23,29.145,27.924,26.246,24.567,23.957,21.21,20.6,16.938,12.97,9.6133,11.444,10.834,7.6296,7.6296,4.2726,-0,0.91556,-0.45778,-0.91556,-3.357,-5.0356,-5.7985,-5.1881,-6.5615,-10.224,-13.886,-17.243,-21.516,-26.551,-32.655,-35.249,-37.69,-38.453,-39.216,-37.843,-38.148,-35.859,-32.807,-29.603,-26.551,-23.347,-19.684,-15.564,-11.597,-7.7822,-7.3244,-4.2726,-1.0681,3.6622,7.477,12.513,15.412,18.311,20.905,24.262,27.314,30.671,32.655,34.639,35.859,38.148,38.911,40.59,40.284,41.2,44.557,46.083,47.761,51.271,53.865,56.001,57.985,60.732,60.732,60.121,58.443,56.307,54.476,52.797,50.508,49.135,47.761,49.44,49.135,48.219,42.726,34.944,29.603,24.262,17.853,13.581,11.444,12.207,13.123,14.344,12.97,14.191,15.107,17.09,19.379,22.431,25.788,28.84,32.044,36.164,38.606,42.421,45.167,49.44,51.881,54.323,57.375,60.121,60.579,59.816,62.105,64.852,64.699,66.53,67.904,69.277,68.972,67.751,65.767,63.326,60.732,57.68,55.238,53.865,51.271,49.593,47.609,45.015,40.132,34.791,27.619,20.905,13.886,7.0193,0.91556,-5.6459,-9.6133,-11.75,-15.412,-19.227,-24.873,-30.061,-34.028,-37.69,-40.895,-40.895,-39.674,-37.69,-32.502,-28.077,-26.856,-26.093,-28.993,-33.876,-42.268,-48.982,-55.849,-59.969,-62.41,-64.852,-67.446,-69.43,-73.702,-78.28,-82.4,-86.673,-92.166,-95.981,-100.1,-100.86,-100.86,-99.185,-97.964,-94.913,-92.624,-90.793,-88.198,-84.841,-81.942,-77.67,-78.28,-75.991,-76.754,-78.89,-80.874,-81.484,-83.163,-85.147,-86.978,-86.062,-87.741,-88.809,-88.809,-87.741,-90.03,-90.487,-93.539,-92.318,-94.15,-96.744,-99.643,-102.54,-105.14,-106.66,-108.49,-108.8,-110.17,-109.71,-110.93,-110.32,-108.49,-101.02,-96.744,-93.081,-92.624,-92.624,-90.945,-88.809,-85.604,-82.858,-83.01,-84.384,-88.656,-90.64,-93.387,-94.607,-98.727,-104.07,-108.8,-111.7,-116.73,-121.92,-125.58,-126.65,-128.64,-128.64,-130.31,-130.62,-133.06,-136.11,-139.93,-145.12,-149.85,-152.13,-153.66,-153.66,-156.41,-159.15,-166.17,-169.53,-173.8,-177.62,-182.96,-184.18,-185.55,-184.64,-183.26,-181.28,-179.6,-179.6,-181.74,-182.04,-185.25,-187.69,-192.11,-194.86,-195.93,-196.69,-196.08,-195.62,-194.86,-192.11,-188.3,-186.32,-186.01,-184.64,-183.42,-179.3,-176.4,-175.48,-174.26,-170.45,-165.87,-162.21,-159.31,-157.17,-153.81,-149.54,-145.73,-141.76,-138.4,-135.65,-135.35,-132.76,-132.3,-131.69,-129.4,-128.33,-126.96,-125.13,-122.53,-121.46,-121.01,-117.95,-116.43,-113.38,-110.93,-107.88,-103.46,-101.02,-98.422,-93.692,-90.793,-86.825,-81.942,-76.754,-71.871,-66.836,-62.563,-57.527,-52.339,-46.388,-43.794,-39.064,-33.723,-31.434,-29.756,-25.941,-23.957,-26.399,-27.161,-27.314,-30.976,-30.976,-33.723,-33.876,-33.418,-32.044,-32.35,-32.35,-30.213,-26.856,-28.077,-28.993,-31.129,-32.197,-33.57,-30.366,-30.824,-31.587,-32.807,-32.96,-33.57,-34.333,-33.418,-29.756,-25.636,-19.837,-19.379,-15.564,-12.36,-6.5615,-3.357,-2.8993,0.91556,7.7822,10.224,9.4607,10.071,13.276,14.191,16.175,17.853,20.905,20.447,22.279,22.431,21.668,17.396,14.344,11.139,5.4933,-0,-0.30519,0.15259,0.45778,0.76296,3.9674,6.8667,9.6133,10.376,8.24,7.477,5.9511,5.4933,9.9185,10.529,10.376,12.055,16.175,18.311,22.584,26.246,32.044,35.554,37.538,38.453,39.979,39.979,39.064,39.369,43.184,44.71,46.236,48.524,50.356,51.729,53.102,53.865,54.933,54.018,54.628,52.797,51.729,51.424,50.813,50.356,51.271,51.881,52.492,52.034,52.339,48.219,43.336,37.843,34.639,29.908,27.009,23.957,21.516,16.633,10.224,7.3244,6.7141,6.1037,6.7141,5.6459,5.6459,3.9674,3.0519,3.5096,7.477,9.9185,12.055,12.665,14.496,17.09,19.227,19.074,20.295,19.684,19.227,16.327,15.87,15.717,15.107,13.123,11.139,8.5452,7.1718,6.8667,9.003,10.071,12.055,14.649,16.633,14.649,14.191,14.039,14.344,10.834,7.3244,0.76296,-5.7985,-8.5452,-7.6296,-7.9348,-8.8504,-13.428,-17.396,-20.447,-20.447,-19.074,-12.055,-6.5615,-2.7467,1.5259,4.7304,4.2726,1.8311,-0.61037,-0.45778,-2.7467,-3.2044,-2.8993,-2.2889,-4.7304,-5.3407,-7.0193,-8.8504,-9.4607,-10.529,-12.665,-13.886,-14.649,-15.107,-16.175,-17.09,-21.516,-21.516,-23.804,-26.246,-27.009,-24.262,-23.041,-21.363,-17.09,-14.039,-15.259,-15.107,-16.327,-16.785,-19.227,-21.668,-25.636,-27.467,-30.366,-29.603,-26.399,-19.074,-11.902,-5.0356,-2.7467,-1.9837,-0,3.0519,5.3407,7.3244,9.3081,12.207,13.428,15.412,14.191,11.444,6.5615,3.0519,1.6785,-1.9837,-6.4089,-9.9185,-12.207,-9.1556,-10.071,-14.039,-20.142,-23.804,-29.603,-32.044,-35.096,-36.47,-38.453,-38.606,-36.622,-30.824,-24.873,-19.99,-17.09,-11.444,-5.1881,-0.91556,1.2207,4.7304,7.0193,10.376,17.243,23.194,27.467,35.554,43.489,49.287,52.339,54.476,53.102,50.661,50.356,54.933,61.8,68.972,73.244,75.838,75.381,74.313,69.887,66.836,62.868,59.053,53.407,47.609,43.489,40.742,37.843,36.927,36.164,36.47,35.859,35.707,33.876,32.655,30.976,27.772,27.772,34.181,41.2,45.32,46.999,50.356,50.05,47.761,44.099,39.064,30.366,22.431,12.36,6.7141,4.883,6.1037,6.8667,9.1556,12.513,19.379,23.041,24.873,23.957,22.736,20.447,17.548,16.022,16.327,14.801,14.191,14.649,17.396,17.09,17.243,17.396,18.464,15.87,13.733,10.376,5.9511,0.91556,-2.1363,-4.5778,-3.8148,-6.5615,-6.5615,-9.1556,-11.139,-13.733,-13.581,-13.276,-14.649,-17.853,-18.921,-18.006,-17.09,-16.938,-15.717,-15.412,-13.123,-11.139,-7.9348,-8.24,-7.477,-8.0874,-7.6296,-10.834,-13.733,-15.259,-14.191,-14.801,-13.123,-13.123,-7.7822,-1.9837,5.4933,8.5452,13.428,16.175,20.142,24.873,27.161,23.652,17.853,14.039,13.581,9.4607,6.4089,3.2044,1.2207,0.61037,2.4415,4.883,6.7141,7.0193,9.7659,10.224,10.987,8.5452,9.4607,8.6978,11.292,11.292,9.6133,7.9348,6.1037,6.1037,8.5452,8.3926,8.0874,6.8667,6.4089,3.6622,3.2044,1.0681,-0.30519,-2.4415,-6.5615,-10.834,-9.4607,-5.9511,-1.9837,-0.76296,3.2044,5.3407,6.8667,4.5778,3.9674,5.4933,8.6978,10.224,11.597,12.055,12.97,9.4607,6.8667,1.8311,-1.8311,-5.9511,-7.9348,-7.477,-5.7985,-5.0356,-2.7467,-0.76296,0.30519,-1.3733,-0.76296,-0.15259,-0.15259,-1.9837,-3.2044,-3.9674,-8.8504,-14.801,-16.327,-17.09,-16.785,-17.09,-16.633,-16.327,-16.48,-18.311,-21.516,-22.431,-19.379,-17.09,-14.344,-10.376,-6.1037,-6.2563,-5.6459,-6.5615,-6.7141,-5.9511,-0.76296,2.8993,4.2726,6.2563,7.1718,7.3244,7.7822,7.6296,9.6133,8.8504,9.7659,12.97,16.327,16.938,18.464,18.311,14.344,9.7659,8.5452,4.5778,2.1363,1.2207,2.5941,0.45778,1.6785,0.45778,-2.4415,-5.9511,-8.5452,-10.529,-10.834,-11.139,-7.7822,-5.4933,-4.12,-5.0356,-3.8148,-2.8993,0.91556,3.9674,7.6296,8.5452,7.7822,6.4089,6.2563,5.7985,4.5778,-0.76296,-3.0519,-4.883,-3.8148,-4.883,-6.4089,-7.6296,-6.5615,-5.7985,-4.12,1.2207,5.7985,7.477,11.292,16.175,23.347,29.145,35.554,38.759,41.963,44.099,42.879,38.911,35.249,31.892,30.366,27.161,23.957,19.684,15.717,12.36,11.75,9.3081,10.834,11.444,11.292,9.1556,10.224,9.7659,7.6296,5.9511,7.0193,5.9511,6.1037,3.2044,3.8148,-0,-7.3244,-9.003,-9.7659,-10.834,-10.834,-12.818,-12.207,-12.97,-14.039,-17.548,-18.159,-19.837,-17.09,-15.717,-12.36,-8.8504,-4.883,1.6785,5.6459,6.4089,7.477,6.8667,13.276,20.142,24.11,25.483,31.739,39.979,46.693,51.271,58.29,63.631,68.972,73.55,76.601,76.754,79.653,80.264,82.705,83.621,85.299,86.52,89.267,93.234,99.033,103.46,106.97,107.88,107.73,106.81,109.41,109.87,110.93,111.55,112.31,111.24,110.32,109.26,109.26,110.02,108.8,101.32,100.1,99.338,95.523,92.776,94.455,97.354,100.41,100.25,100.1,102.08,106.81,109.87,113.22,114.44,115.51,119.02,125.89,130.92,135.81,143.28,151.83,158.85,167.39,176.4,187.54,195.17,200.35,205.08,211.49,216.38,220.5,221.26,220.19,218.51,219.28,220.04,220.8,218.21,213.93,206.46,197.61,187.38,180.52,174.87,167.24,158.39,150.61,142.83,133.06,120.85,114.75,111.85,106.36,98.117,95.218,90.335,85.299,82.095,80.416,78.89,79.501,79.348,77.975,76.449,73.55,66.378,61.037,57.68,53.255,46.083,39.521,34.486,32.044,30.061,27.009,25.483,24.11,21.058,18.006,14.801,14.496,12.207,9.4607,9.7659,12.513,11.902,10.681,7.3244,5.4933,3.8148,1.8311,-0,-3.0519,-6.4089,-10.071,-14.191,-15.107,-17.09,-16.327,-15.87,-13.276,-11.139,-10.987,-14.191,-16.633,-17.396,-15.259,-13.886,-11.902,-10.681,-7.6296,-10.071,-13.733,-13.123,-10.071,-6.1037,-7.1718,-11.902,-14.496,-12.207,-11.139,-15.564,-15.259,-12.055,-12.665,-12.818,-14.191,-13.581,-14.496,-12.665,-7.6296,-9.4607,-11.139,-7.9348,-2.5941,-5.1881,-8.5452,-8.6978,-11.292,-12.055,-7.7822,-5.4933,-2.8993,-2.4415,0.76296,2.4415,2.5941,2.8993,2.7467,4.5778,6.8667,7.477,11.444,13.428,15.107,15.412,18.769,13.733,9.7659,6.7141,1.5259,-0.91556,-0,-3.5096,-7.3244,-12.36,-14.191,-14.496,-16.633,-15.87,-13.886,-13.886,-13.276,-13.276,-15.717,-19.684,-18.769,-19.227,-19.837,-23.194,-29.756,-36.317,-43.336,-50.966,-54.476,-54.781,-50.356,-48.982,-45.32,-45.473,-45.778,-48.372,-51.729,-53.713,-53.255,-53.407,-53.255,-50.966,-46.999,-40.895,-39.369,-41.963,-43.489,-42.268,-42.573,-43.489,-37.69,-32.655,-27.924,-22.736,-15.259,-11.597,-10.681,-12.818,-9.4607,-4.12,2.8993,18.006,32.502,43.184,53.407,57.833,56.917,50.966,40.742,23.041,11.444,16.938,44.404,80.721,116.43,143.13,155.8,162.51,166.78,169.84,175.02,179.91,183.42,187.54,194.25,197.61,199.29,204.02,213.17,209.2,187.84,155.34,117.34,78.433,58.596,54.476,68.514,86.52,99.643,105.29,103.92,97.201,79.806,50.966,30.824,15.412,11.139,22.736,38.759,49.44,59.816,64.241,57.07,43.031,24.415,5.9511,-0.45778,-8.5452,-15.87,-24.415,-26.399,-23.957,-21.363,-15.564,-9.9185,-11.902,-20.6,-33.113,-45.778,-60.579,-72.634,-79.348,-74.313,-58.443,-47.304,-34.639,-29.603,-38.301,-54.018,-67.141,-78.28,-90.945,-100.56,-108.19,-109.1,-103.61,-100.41,-97.964,-93.234,-86.367,-80.569,-75.991,-74.313,-82.095,-92.166,-106.05,-119.17,-125.13,-129.55,-136.27,-133.67,-129.4,-127.41,-121.77,-115.21,-114.44,-117.19,-124.52,-131.23,-131.53,-132.91,-132.15,-128.48,-128.48,-126.96,-127.57,-122.68,-119.33,-113.83,-113.22,-110.78,-106.36,-101.17,-97.201,-92.929,-89.267,-85.147,-78.585,-76.907,-79.501,-78.89,-80.721,-85.91,-90.335,-93.539,-95.523,-96.591,-98.27,-100.1,-102.54,-101.17,-102.69,-101.63,-98.117,-98.422,-103,-102.85,-96.133,-87.893,-84.078,-79.196,-78.433,-77.975,-76.907,-70.803,-67.293,-64.394,-61.037,-55.391,-48.83,-43.489,-37.385,-31.129,-25.636,-17.396,-10.987,-4.7304,4.7304,14.191,22.126,27.772,34.944,41.658,44.71,49.898,56.307,60.427,61.953,67.904,75.076,82.705,85.452,87.13,91.25,90.487,84.689,85.604,83.773,82.095,78.433,76.754,70.65,67.598,68.361,64.852,59.511,58.901,55.696,49.287,46.846,47.304,44.252,43.031,40.742,44.252,49.745,52.492,55.086,53.865,53.102,56.459,54.018,52.644,55.238,59.816,60.732,60.579,65.004,64.089,62.258,68.361,71.718,72.176,73.092,75.228,74.007,72.481,73.397,76.144,76.144,76.601,75.991,78.28,78.585,77.822,78.738,78.89,75.686,71.871,67.904,62.41,56.917,55.391,49.135,42.421,35.401,26.856,18.616,14.191,10.071,7.477,2.5941,-0.76296,-1.9837,-4.4252,-4.7304,-0.91556,2.8993,3.8148,5.3407,7.6296,7.477,8.0874,5.7985,6.7141,8.8504,11.75,15.259,19.074,20.447,21.058,23.804,27.009,24.72,25.941,29.756,28.535,26.856,23.194,18.464,21.821,23.957,19.837,15.87,16.022,15.564,16.175,16.785,14.191,15.107,16.48,15.564,12.97,9.4607,2.7467,-2.1363,-5.9511,-7.1718,-8.8504,-10.681,-6.8667,-6.4089,-7.3244,-5.9511,-2.7467,-0.76296,4.2726,6.5615,11.139,16.175,21.21,24.72,27.467,24.873,22.279,22.736,22.431,21.821,25.788,26.399,26.246,25.025,26.246,30.671,31.281,24.415,21.21,18.616,18.921,18.006,16.785,12.665,11.444,11.597,13.428,12.36,12.513,11.444,12.055,13.581,16.022,18.006,24.415,32.044,35.707,39.216,48.982,56.154,56.917,57.833,61.19,64.852,68.514,74.465,81.332,84.841,87.436,92.013,98.117,103.31,106.66,108.8,110.02,108.95,110.78,112,109.26,108.19,107.88,107.58,108.8,105.44,105.44,104.53,102.39,100.41,98.727,99.643,100.41,94.15,89.114,88.656,92.166,92.624,88.198,83.773,85.299,89.419,91.25,87.588,87.283,85.147,83.773,85.91,87.436,88.809,91.861,91.556,93.692,94.76,100.41,104.22,108.19,111.55,115.51,116.43,117.65,117.65,117.65,121.46,124.06,121.46,118.41,118.56,121.16,119.48,119.48,121.92,123.91,125.13,126.04,122.07,120.24,122.23,123.75,120.09,112.92,106.51,106.81,105.9,103.92,103.46,106.36,106.97,107.58,104.37,101.78,100.41,99.49,96.896,91.403,86.062,77.975,67.293,63.326,60.732,60.121,55.696,53.713,56.154,57.68,59.511,59.664,57.07,52.797,48.372,47.761,47.304,48.83,52.187,56.917,59.206,59.664,61.647,62.41,63.631,64.547,66.378,67.598,65.92,60.884,55.696,51.881,45.778,48.219,52.492,45.015,38.453,37.538,29.45,21.668,16.785,15.717,12.818,12.36,13.123,13.123,13.276,14.801,14.191,11.597,8.6978,7.9348,3.6622,3.357,5.9511,9.7659,8.6978,7.9348,6.7141,5.9511,5.6459,7.6296,7.0193,-0,-4.7304,-1.5259,-0.61037,-2.7467,-8.5452,-7.6296,-1.5259,1.6785,2.2889,7.477,16.938,17.396,12.665,13.581,13.123,14.191,16.327,17.853,15.717,19.074,21.363,19.074,15.259,11.75,10.834,7.0193,2.2889,1.9837,1.8311,9.6133,8.5452,2.7467,-1.8311,-1.0681,1.5259,0.15259,1.8311,1.2207,-0.91556,0.91556,1.2207,-2.8993,-7.0193,-8.5452,-11.444,-13.123,-13.428,-16.48,-24.262,-29.298,-26.551,-25.178,-26.704,-24.415,-23.194,-20.905,-19.074,-15.717,-14.954,-12.665,-12.055,-11.75,-16.938,-16.938,-18.159,-20.6,-20.295,-23.499,-27.009,-34.639,-42.879,-42.421,-42.116,-41.963,-43.336,-46.541,-47.914,-48.219,-49.745,-50.356,-50.05,-52.797,-57.68,-58.748,-64.394,-67.446,-66.073,-67.141,-70.803,-70.956,-70.498,-69.124,-63.478,-56.459,-57.222,-56.154,-49.593,-43.489,-41.047,-31.281,-23.652,-19.532,-16.175,-14.191,-15.107,-13.886,-11.597,-8.6978,-9.003,-9.3081,-9.3081,-8.24,-7.0193,-5.1881,-6.2563,-8.0874,-4.2726,1.9837,1.9837,-0.91556,-3.6622,-3.6622,-5.0356,-5.3407,-3.9674,-1.8311,-0.45778,-0.76296,-1.3733,-1.8311,-4.2726,-5.9511,-5.7985,-6.1037,-7.0193,-11.444,-15.717,-17.09,-21.21,-24.11,-27.314,-31.739,-33.265,-32.35,-34.181,-35.096,-36.317,-37.996,-39.674,-40.742,-41.658,-43.336,-43.641,-42.421,-39.979,-38.911,-41.047,-41.2,-41.81,-38.911,-39.216,-40.284,-40.895,-44.099,-47.914,-54.018,-61.19,-62.563,-65.615,-64.852,-64.699,-70.498,-74.923,-76.601,-80.264,-81.942,-83.621,-84.231,-89.724,-93.844,-97.812,-102.08,-103.15,-100.25,-99.948,-101.47,-104.83,-107.58,-115.36,-121.01,-123.29,-124.82,-127.11,-129.55,-134.43,-138.86,-139.16,-132.91,-129.7,-125.74,-119.63,-114.6,-109.41,-102.39,-94.455,-84.994,-77.364,-73.397,-70.65,-64.547,-58.748,-53.407,-51.424,-49.135,-50.508,-48.982,-49.135,-45.32,-40.132,-38.301,-37.08,-34.181,-37.08,-34.944,-34.486,-32.96,-32.35,-30.519,-29.45,-26.246,-27.619,-27.467,-25.483,-28.993,-39.521,-46.846,-52.492,-61.647,-70.956,-74.16,-76.907,-79.348,-82.247,-81.179,-83.01,-83.926,-85.147,-85.757,-89.419,-93.387,-97.354,-99.338,-102.85,-101.93,-100.71,-97.964,-94.15,-86.367,-77.364,-67.904,-61.8,-57.527,-52.644,-49.745,-47.761,-41.047,-38.301,-32.807,-28.382,-27.924,-31.739,-31.434,-27.619,-25.025,-24.262,-23.041,-21.973,-19.227,-17.243,-15.259,-17.548,-17.548,-16.022,-12.513,-13.276,-14.649,-16.785,-16.633,-20.142,-21.668,-20.295,-18.006,-17.853,-13.733,-11.597,-9.6133,-9.7659,-8.24,-9.1556,-10.987,-10.224,-7.1718,-4.883,-2.7467,-3.0519,-1.5259,-0.91556,-1.8311,-4.2726,-4.2726,-6.1037,-7.477,-6.5615,-6.1037,-8.8504,-8.6978,-7.6296,-5.7985,-5.3407,-7.9348,-11.75,-14.954,-16.48,-17.548,-18.464,-16.022,-18.464,-19.684,-18.159,-18.006,-18.159,-16.938,-14.801,-9.1556,-3.357,-2.1363,0.30519,10.834,16.785,19.227,19.837,21.21,22.736,27.924,31.434,32.502,32.807,33.723,37.233,41.963,44.862,46.388,43.947,44.099,45.167,47.761,47.456,48.83,47.761,46.541,45.625,51.118,53.56,55.086,55.391,56.307,57.985,58.748,57.833,57.527,57.222,56.764,53.865,51.271,52.339,52.034,49.287,45.93,41.963,41.658,41.047,40.742,39.827,36.012,33.265,34.791,35.554,36.927,39.674,41.353,38.606,37.233,38.148,38.911,35.707,32.044,27.314,24.11,24.415,25.788,25.178,25.636,24.11,24.873,26.551,29.145,28.84,29.908,29.298,29.756,29.145,28.23,29.298,32.197,30.976,28.535,26.704,21.058,18.616,19.684,19.684,18.769,17.243,14.191,8.8504,7.0193,7.3244,8.6978,6.5615,8.0874,10.071,12.207,16.022,16.785,16.022,17.548,20.6,23.194,25.178,31.587,36.47,40.59,40.284,42.879,45.473,46.846,46.541,44.557,42.421,39.979,37.385,34.333,29.145,27.009,21.363,14.039,7.6296,4.4252,1.3733,-2.4415,-8.24,-13.428,-19.379,-24.262,-28.993,-32.197,-36.47,-38.759,-41.505,-41.047,-41.2,-41.658,-42.268,-41.81,-41.963,-40.437,-36.927,-31.892,-27.314,-23.347,-23.194,-19.99,-14.649,-7.477,-1.3733,0.76296,2.1363,2.5941,0.30519,-0.61037,-3.0519,-3.5096,-2.2889,0.15259,1.5259,2.5941,4.4252,5.4933,5.0356,3.0519,1.0681,-0.61037,-2.1363,-4.4252,-8.6978,-11.75,-14.954,-17.853,-21.821,-24.72,-27.467,-28.84,-28.535,-26.704,-25.941,-23.499,-21.973,-21.058,-21.21,-20.905,-20.295,-20.753,-20.753,-19.532,-17.701,-16.633,-15.717,-12.207,-10.224,-7.1718,-5.7985,-6.5615,-9.1556,-9.003,-5.9511,-1.9837,0.45778,1.8311,3.6622,6.5615,7.3244,8.24,5.9511,3.8148,3.2044,3.2044,3.5096,2.7467,-0.45778,-2.8993,-3.357,-1.6785,-1.5259,0.45778,-0.15259,-0.15259,0.15259,1.2207,2.8993,3.2044,1.0681,-0,-1.6785,-1.9837,-3.8148,-6.1037,-10.529,-12.513,-14.954,-15.259,-15.259,-15.412,-15.107,-13.886,-13.276,-13.428,-13.428,-11.444,-9.7659,-5.6459,-1.6785,0.91556,1.8311,2.2889,3.5096,4.2726,4.12,1.9837,-2.1363,-5.1881,-9.3081,-12.513,-16.327,-18.311,-21.821,-23.804,-24.415,-26.399,-28.382,-29.145,-29.145,-27.619,-25.788,-22.889,-19.379,-14.039,-8.5452,-3.2044,1.0681,5.7985,8.5452,10.681,11.597,13.581,12.97,15.259,16.175,17.396,18.464,21.821,23.499,23.652,23.652,24.11,24.567,25.483,25.025,26.704,28.077,29.145,28.382,28.535,27.772,24.567,20.6,17.853,15.412,15.259,15.259,17.243,16.633,15.259,12.513,11.292,10.987,11.292,12.97,16.938,20.753,25.33,28.84,32.96,36.775,39.064,37.69,38.453,39.521,43.641,46.236,46.236,46.693,46.541,48.067,49.898,48.067,46.388,43.489,41.963,39.674,36.47,32.044,24.873,17.701,11.139,4.2726,-2.4415,-9.7659,-12.36,-13.733,-11.597,-12.665,-12.207,-11.292,-7.6296,-2.4415,3.9674,10.071,14.039,18.769,25.788,28.535,30.976,33.418,34.333,35.859,37.996,37.69,37.385,36.164,34.944,34.028,32.502,29.603,26.704,22.889,19.379,17.701,17.548,14.954,10.987,7.9348,5.7985,1.3733,-3.0519,-6.1037,-6.4089,-6.5615,-4.12,-6.4089,-7.6296,-5.0356,-3.0519,-4.5778,-5.3407,-4.7304,-2.5941,-0.91556,0.61037,5.0356,12.207,17.396,22.279,24.567,28.84,33.265,34.333,34.333,34.181,33.265,31.434,32.044,33.876,33.723,34.639,32.96,32.35,32.502,34.639,33.723,32.96,31.892,32.35,33.113,33.57,32.35,31.892,30.213,31.129,30.519,31.587,30.366,28.382,24.567,25.483,25.788,24.567,24.72,26.551,28.23,28.993,27.772,26.856,23.499,21.363,18.464,19.074,18.006,18.006,19.074,20.447,20.142,18.921,18.159,18.464,19.227,23.194,25.33,27.467,28.382,30.519,33.265,36.927,38.148,39.369,39.216,39.369,39.979,40.284,41.047,43.489,43.184,44.557,45.473,47.456,50.356,55.391,58.443,61.953,65.462,66.378,64.089,61.495,60.274,58.138,54.17,52.034,47.761,47.151,45.778,43.184,42.421,42.268,42.421,40.437,39.521,39.521,39.979,42.116,42.573,43.336,41.353,39.979,38.301,38.148,39.369,39.216,38.606,38.759,40.132,39.979,38.453,37.385,34.944,36.47,35.554,32.807,29.298,27.314,25.483,24.415,23.652,20.905,19.074,19.379,19.532,20.142,22.126,25.178,25.941,27.467,27.314,27.619,28.23,28.993,31.281,36.622,39.521,39.521,37.996,37.385,34.181,35.401,36.164,37.69,36.775,38.911,41.963,43.336,47.456,50.203,52.644,54.628,57.375,58.138,54.476,51.881,51.729,52.034,49.593,47.609,45.32,43.489,41.047,35.707,30.366,27.772,22.736,16.48,8.24,1.8311,-3.357,-5.3407,-8.6978,-11.292,-14.801,-17.853,-20.142,-24.415,-28.23,-32.044,-37.538,-42.116,-44.71,-45.625,-49.898,-51.881,-52.339,-51.271,-49.593,-48.524,-49.287,-49.44,-48.524,-45.93,-44.71,-45.93,-47.609,-46.541,-47.914,-51.424,-55.544,-56.764,-56.612,-56.917,-59.358,-61.19,-62.563,-60.884,-60.579,-60.732,-62.563,-63.936,-65.31,-65.92,-67.598,-70.498,-73.244,-73.855,-76.296,-77.059,-76.754,-74.16,-72.481,-67.293,-64.089,-61.342,-58.443,-53.102,-48.982,-46.083,-43.794,-40.895,-39.216,-36.775,-34.486,-31.129,-30.671,-28.993,-27.314,-26.704,-27.924,-26.856,-23.957,-20.447,-19.074,-14.649,-11.597,-6.4089,-2.7467,0.61037,3.0519,5.6459,7.0193,7.6296,9.3081,13.276,16.327,17.243,17.548,23.804,25.636,27.619,32.044,36.622,38.911,41.047,44.404,46.693,47.456,47.151,48.067,50.966,51.424,52.034,50.356,52.034,51.729,51.576,50.966,52.187,53.102,53.713,56.001,57.375,57.375,58.596,57.833,53.56,46.999,44.71,41.047,35.859,32.197,27.772,23.194,18.921,16.938,16.327,11.902,11.139,9.1556,7.3244,5.3407,4.883,4.4252,3.6622,1.2207,-2.1363,-3.9674,-4.12,-4.12,-4.12,-4.12,-0.91556,4.4252,9.003,12.818,17.243,18.921,19.532,21.21,22.736,22.736,21.821,22.126,24.11,25.636,26.551,26.399,30.213,34.028,36.012,41.353,42.879,44.71,45.778,47.914,52.339,51.271,49.745,48.372,45.167,39.521,35.249,30.976,26.856,25.636,25.025,20.447,14.649,5.7985,0.91556,-3.5096,-6.2563,-6.7141,-7.7822,-10.834,-12.97,-13.276,-14.954,-17.548,-15.717,-13.581,-11.444,-10.224,-7.3244,-3.8148,-2.2889,-2.5941,-1.3733,2.2889,7.1718,14.191,22.279,25.788,28.535,32.96,39.674,44.252,49.287,51.118,51.576,53.255,55.391,57.985,55.849,57.527,62.563,65.157,68.209,69.582,68.819,64.699,60.579,57.527,53.407,47.456,42.726,39.369,39.674,36.622,31.129,26.246,23.499,18.921,16.633,17.396,14.496,10.834,10.529,12.97,7.1718,0.15259,-2.2889,-4.12,-4.7304,-4.12,-3.8148,-5.6459,-6.4089,-5.9511,-4.12,-5.4933,-6.2563,-3.9674,2.8993,6.2563,11.139,13.123,18.769,22.736,24.262,23.804,22.279,20.295,17.701,15.87,14.191,10.071,8.0874,6.1037,3.8148,1.9837,3.2044,1.8311,-0.61037,-3.6622,-7.7822,-9.003,-13.123,-21.363,-24.11,-28.535,-34.333,-42.726,-49.44,-54.476,-56.917,-57.68,-58.901,-58.443,-57.68,-62.41,-62.41,-62.563,-61.037,-58.443,-56.307,-54.476,-54.17,-56.154,-58.596,-61.037,-62.716,-65.31,-67.293,-69.582,-69.735,-69.124,-67.904,-67.141,-65.157,-65.462,-68.667,-71.871,-74.923,-80.721,-84.384,-86.673,-87.13,-87.13,-84.231,-82.247,-78.738,-75.838,-74.923,-74.923,-77.67,-82.858,-89.267,-92.013,-91.861,-96.438,-101.78,-108.8,-113.38,-118.87,-122.38,-127.26,-131.84,-135.5,-139.62,-143.59,-148.32,-154.27,-158.7,-160.83,-159.15,-161.9,-163.12,-164.04,-164.49,-167.55,-168,-166.78,-164.34,-163.12,-158.24,-153.81,-149.24,-146.95,-141.61,-136.88,-132.45,-128.79,-125.74,-122.38,-120.4,-116.73,-112.16,-108.8,-103.46,-98.727,-94.302,-91.556,-89.114,-88.809,-91.25,-92.624,-94.302,-98.117,-102.54,-105.14,-105.75,-106.97,-109.87,-115.21,-117.19,-120.55,-122.84,-125.58,-126.8,-123.91,-119.17,-113.68,-110.32,-111.39,-111.09,-110.48,-107.73,-105.14,-101.47,-100.86,-98.422,-96.438,-96.286,-97.049,-95.523,-90.182,-81.332,-74.007,-69.582,-68.056,-67.751,-69.582,-68.667,-67.751,-66.378,-67.751,-68.667,-72.024,-75.533,-78.127,-79.043,-81.179,-80.264,-80.569,-78.433,-79.958,-82.4,-83.468,-85.757,-88.351,-88.656,-86.825,-86.367,-88.656,-86.825,-85.147,-76.907,-72.024,-71.871,-70.04,-66.53,-62.105,-54.628,-46.541,-40.437,-36.927,-32.197,-27.619,-22.584,-17.853,-11.597,-5.1881,2.1363,6.1037,9.9185,15.87,20.447,24.262,25.636,27.619,33.723,34.181,32.35,30.824,27.619,24.415,23.347,23.041,21.058,18.769,16.785,15.564,16.175,14.039,10.681,5.1881,3.0519,2.5941,0.15259,-5.0356,-10.529,-13.428,-15.87,-19.684,-24.72,-30.519,-29.756,-28.077,-25.178,-21.363,-15.564,-9.4607,-4.12,-2.7467,-1.5259,-2.2889,-4.4252,-5.3407,-7.3244,-9.3081,-9.1556,-10.376,-9.7659,-10.071,-9.3081,-12.818,-12.36,-12.207,-13.581,-16.327,-16.633,-15.107,-13.276,-14.344,-15.259,-15.87,-13.428,-12.36,-10.071,-9.1556,-6.5615,-7.0193,-6.1037,-3.9674,-0.45778,3.2044,5.4933,6.2563,8.5452,9.1556,8.8504,7.3244,6.4089,5.4933,6.4089,8.24,11.902,14.039,14.344,14.496,17.548,21.668,25.483,27.467,28.077,25.33,24.415,25.483,27.314,26.704,27.161,26.399,23.347,17.701,14.344,12.055,10.224,5.9511,3.9674,4.7304,5.3407,2.1363,1.9837,1.8311,3.2044,3.0519,3.0519,1.8311,-2.4415,-9.1556,-13.428,-16.633,-16.785,-17.09,-17.548,-19.684,-18.006,-17.09,-13.581,-10.987,-6.8667,-4.5778,-2.1363,-1.3733,-0.61037,-0,-1.0681,-1.3733,-0.30519,-2.5941,-3.9674,-7.3244,-7.6296,-8.6978,-8.3926,-10.987,-14.039,-16.022,-16.175,-14.954,-12.207,-11.139,-12.665,-12.97,-9.1556,-8.3926,-6.7141,-6.4089,-4.4252,-1.6785,-0.45778,2.1363,7.3244,12.97,14.191,14.191,15.412,12.36,9.003,2.2889,-1.9837,-8.5452,-14.191,-16.633,-20.142,-23.194,-25.178,-25.483,-28.077,-35.554,-41.505,-48.219,-52.339,-58.748,-63.173,-68.667,-69.43,-70.193,-72.176,-77.67,-83.773,-89.877,-94.913,-96.744,-95.37,-96.896,-96.896,-96.896,-95.676,-99.643,-104.07,-108.95,-111.39,-112.61,-111.7,-112.92,-113.68,-113.99,-110.17,-107.73,-104.98,-104.53,-101.63,-100.86,-99.185,-98.575,-95.523,-92.166,-88.961,-87.283,-84.231,-81.484,-76.601,-76.754,-76.754,-75.686,-73.397,-72.939,-74.007,-76.449,-76.449,-78.89,-79.348,-81.79,-84.231,-83.773,-83.316,-86.825,-87.436,-90.487,-94.15,-98.575,-97.812,-98.117,-98.422,-100.86,-103,-105.75,-109.56,-115.82,-117.5,-119.79,-120.55,-121.46,-119.94,-118.72,-117.04,-118.87,-119.02,-118.87,-119.79,-123.29,-125.43,-128.48,-128.03,-128.48,-128.33,-132.6,-135.35,-135.04,-132.6,-135.04,-136.57,-139.62,-139.62,-138.25,-135.35,-135.2,-135.2,-136.72,-134.43,-131.69,-126.96,-125.58,-124.06,-120.55,-116.58,-113.38,-109.41,-108.65,-108.49,-111.39,-112.16,-111.55,-108.65,-106.05,-102.85,-102.39,-101.32,-98.575,-95.065,-94.302,-95.828,-96.286,-93.387,-90.793,-86.673,-84.536,-81.179,-78.433,-78.127,-77.975,-76.754,-75.686,-76.144,-76.296,-73.702,-72.634,-72.481,-73.092,-70.498,-72.787,-73.55,-72.634,-71.871,-68.819,-65.615,-63.936,-63.631,-64.241,-60.427,-56.154,-54.323,-54.17,-50.508,-49.135,-46.388,-44.557,-41.353,-38.453,-37.08,-37.996,-35.554,-33.113,-31.129,-30.976,-29.908,-27.772,-22.736,-19.074,-17.09,-15.717,-14.344,-14.649,-15.564,-18.616,-21.363,-27.161,-31.434,-35.707,-37.08,-39.369,-39.521,-40.437,-41.505,-42.879,-42.421,-42.879,-43.489,-45.93,-48.372,-52.797,-52.95,-51.424,-45.625,-40.59,-35.249,-30.366,-27.009,-29.756,-31.892,-33.113,-33.57,-36.622,-41.353,-47.151,-49.135,-51.729,-52.034,-55.391,-57.07,-58.901,-57.375,-58.901,-63.021,-63.173,-55.849,-52.644,-51.881,-52.95,-50.05,-49.745,-49.287,-48.219,-46.236,-46.693,-46.999,-45.473,-42.116,-39.216,-33.57,-28.84,-25.33,-21.516,-17.09,-15.564,-14.344,-14.039,-12.97,-13.428,-13.886,-15.717,-17.396,-22.126,-23.194,-23.957,-20.753,-18.159,-14.954,-13.123,-10.224,-7.3244,-5.9511,-7.1718,-8.8504,-12.513,-14.801,-18.921,-21.21,-25.178,-24.11,-19.379,-7.9348,2.2889,11.139,15.87,17.548,15.412,10.376,2.2889,-0,0.30519,4.883,11.292,21.058,27.161,25.941,21.058,17.243,15.87,17.396,18.921,23.957,30.519,43.947,58.29,68.361,68.972,67.293,57.375,42.573,31.892,33.57,48.067,67.293,87.741,107.58,120.85,128.03,126.5,119.94,103,83.926,67.598,53.713,47.304,58.596,82.247,109.26,129.7,145.73,152.44,151.83,144.2,134.89,120.4,109.71,103,99.338,102.54,115.67,132.15,144.35,154.73,163.58,165.72,162.82,150.15,133.82,117.04,106.66,104.22,112.77,129.55,144.96,152.75,155.19,154.27,151.22,142.22,129.7,113.83,101.17,93.844,96.896,103.46,110.48,119.33,128.03,136.27,139.32,136.42,129.7,118.41,106.97,93.539,80.874,69.735,65.31,66.988,73.244,83.468,96.286,105.44,110.78,110.32,105.75,92.929,81.179,72.481,68.056,66.225,69.582,75.838,77.975,76.754,74.77,71.108,65.92,57.375,49.898,45.625,45.32,42.268,37.843,36.164,36.927,38.453,38.911,39.521,40.437,38.148,36.47,31.281,24.415,16.938,11.597,7.7822,3.357,-4.4252,-10.987,-18.159,-25.941,-32.197,-35.401,-38.453,-36.775,-36.47,-35.859,-36.622,-34.639,-34.639,-34.181,-35.401,-38.301,-41.2,-44.404,-48.677,-50.813,-54.781,-55.544,-58.138,-59.206,-62.563,-63.173,-62.716,-60.579,-58.596,-55.086,-52.034,-50.05,-48.219,-41.2,-36.622,-29.908,-23.652,-20.447,-22.126,-21.821,-23.347,-27.009,-29.908,-28.535,-28.84,-29.298,-32.502,-33.113,-36.775,-38.148,-38.911,-36.775,-34.028,-33.418,-34.028,-32.35,-30.213,-26.246,-24.415,-23.041,-23.194,-23.957,-26.704,-27.619,-27.161,-23.652,-23.041,-21.363,-19.532,-15.259,-9.9185,-4.4252,-0.61037,5.0356,10.681,16.022,19.99,25.33,29.45,34.028,36.47,38.148,39.979,45.778,50.203,53.255,56.307,60.274,63.326,68.056,73.092,79.653,83.621,89.877,93.387,97.201,98.88,101.93,105.44,104.83,100.71,96.744,94.302,93.539,92.166,92.013,89.877,88.961,86.825,87.283,87.741,89.877,89.114,90.793,92.013,90.64,90.182,91.861,93.539,95.218,97.964,102.08,101.17,101.63,101.02,102.24,101.17,102.69,106.05,108.04,109.87,111.85,113.99,116.43,118.87,123.29,127.57,131.84,133.21,134.43,134.28,135.96,136.11,134.74,133.52,134.13,134.59,137.03,135.65,136.88,137.03,136.57,133.21,131.53,131.53,130.62,129.7,132.91,136.88,141,142.22,144.96,146.64,147.4,146.64,146.03,144.35,146.79,148.93,150,150.61,152.44,153.05,155.19,154.27,155.19,156.87,158.54,160.37,160.68,160.68,163.12,167.24,168.77,169.38,170.75,170.14,170.9,168,165.11,162.82,160.22,157.17,155.34,153.2,152.29,153.2,154.73,152.44,149.54,143.44,140.23,136.88,137.33,139.16,140.84,143.44,144.66,144.35,146.18,149.54,155.34,158.7,163.73,167.39,167.85,167.55,167.55,167.09,165.26,163.27,161.44,160.53,157.93,149.24,145.42,142.52,143.28,144.96,143.28,142.22,143.13,147.4,151.52,152.59,151.22,150.15,149.54,145.73,142.37,138.55,138.4,136.88,135.2,131.84,127.11,121.16,119.02,115.67,110.17,104.68,102.24,98.727,96.591,93.234,93.539,91.098,87.283,82.247,82.4,83.621,80.721,76.296,73.55,66.836,65.92,65.157,61.19,56.154,51.729,47.304,44.252,40.284,37.08,33.876,31.281,27.772,24.567,20.295,13.886,5.9511,2.2889,0.61037,-0,-3.357,-4.883,-6.2563,-7.1718,-7.7822,-7.0193,-6.5615,-5.7985,-3.357,1.2207,4.4252,6.2563,4.2726,2.1363,-1.6785,-5.7985,-10.529,-12.055,-11.444,-8.8504,-9.003,-13.733,-17.548,-16.327,-15.87,-15.564,-18.006,-18.159,-19.379,-18.769,-16.022,-12.818,-10.071,-9.4607,-10.376,-12.665,-16.327,-16.022,-14.344,-16.48,-22.584,-27.924,-31.434,-31.587,-34.333,-37.996,-39.979,-38.301,-36.927,-36.775,-37.69,-37.69,-37.538,-36.927,-36.47,-36.012,-35.707,-32.502,-27.009,-21.668,-19.532,-16.785,-13.581,-10.376,-10.071,-7.7822,-7.9348,-7.3244,-7.1718,-5.1881,-1.2207,0.91556,-0.30519,1.6785,2.4415,2.7467,3.9674,6.8667,5.9511,3.5096,1.0681,3.0519,1.3733,2.2889,4.7304,5.7985,6.5615,6.8667,7.0193,6.5615,7.477,9.6133,10.681,14.191,13.733,12.97,14.496,17.548,15.564,11.292,7.9348,5.9511,3.8148,2.5941,1.3733,1.5259,-3.5096,-5.1881,-9.7659,-13.428,-17.396,-19.227,-17.09,-15.717,-14.039,-14.801,-18.006,-20.295,-24.262,-26.551,-28.23,-29.298,-33.418,-35.096,-36.164,-36.775,-36.317,-35.096,-34.486,-34.028,-33.876,-35.249,-37.385,-37.996,-38.759,-37.843,-37.843,-34.028,-31.587,-31.434,-33.265,-34.944,-35.859,-35.401,-33.418,-30.213,-27.619,-27.314,-30.519,-33.113,-36.47,-34.181,-31.739,-30.519,-29.603,-23.652,-18.921,-19.837,-20.6,-20.905,-22.736,-23.957,-28.382,-32.044,-37.996,-41.505,-44.557,-48.677,-49.745,-46.541,-43.489,-39.827,-36.775,-36.012,-37.233,-36.622,-37.385,-35.401,-32.655,-29.298,-28.84,-29.756,-30.824,-26.856,-24.72,-25.636,-27.924,-30.366,-37.385,-45.473,-54.476,-58.748,-59.053,-57.375,-56.154,-52.797,-50.508,-48.982,-47.609,-47.914,-47.761,-47.456,-50.813,-50.813,-52.034,-52.797,-50.966,-47.761,-45.625,-41.963,-42.116,-40.742,-37.843,-32.044,-28.84,-27.314,-25.941,-25.788,-26.704,-26.704,-30.824,-31.587,-33.57,-35.554,-39.369,-40.895,-41.963,-42.879,-43.031,-40.132,-39.216,-38.453,-43.184,-44.862,-49.593,-53.713,-54.628,-56.154,-54.781,-53.56,-57.07,-57.833,-57.833,-56.764,-57.375,-57.222,-57.527,-57.375,-56.764,-53.865,-53.407,-54.018,-59.206,-62.868,-69.43,-76.144,-77.975,-78.738,-77.517,-75.838,-74.923,-74.16,-72.939,-71.718,-76.144,-79.806,-82.247,-80.264,-79.348,-77.517,-73.244,-66.988,-64.089,-60.427,-58.443,-52.339,-46.083,-40.895,-36.164,-31.281,-28.077,-24.415,-19.837,-20.142,-20.447,-18.616,-16.938,-13.733,-9.4607,-5.9511,-4.5778,-2.1363,-2.1363,-3.5096,-4.12,-4.4252,-6.2563,-8.5452,-13.733,-19.074,-25.483,-28.382,-29.603,-30.213,-32.807,-34.639,-37.08,-38.301,-37.996,-37.538,-36.012,-34.944,-32.502,-23.194,-18.006,-11.597,-6.5615,-1.0681,3.0519,7.7822,12.207,18.464,23.041,26.399,31.434,38.453,38.148,41.658,43.641,43.489,45.015,49.44,49.593,45.625,43.336,39.674,35.554,30.824,23.804,20.905,15.564,5.9511,-0.15259,-1.5259,-5.9511,-6.4089,-5.4933,-6.5615,-8.6978,-7.3244,-7.477,-9.9185,-13.428,-16.327,-20.447,-22.889,-27.924,-30.061,-27.619,-26.856,-30.976,-30.824,-30.976,-28.535,-26.704,-28.687,-32.96,-33.418,-35.707,-38.301,-40.284,-40.59,-41.353,-42.421,-42.726,-40.742,-37.385,-36.927,-39.521,-42.573,-44.404,-42.421,-44.404,-46.236,-45.93,-43.336,-38.148,-34.333,-31.892,-28.077,-23.957,-24.11,-25.941,-24.72,-23.194,-22.279,-23.194,-23.652,-25.025,-26.856,-30.671,-35.401,-37.843,-36.927,-35.096,-33.113,-31.892,-27.772,-27.009,-25.483,-24.11,-22.736,-20.6,-17.701,-15.412,-13.123,-11.292,-9.003,-7.9348,-4.7304,-2.4415,-1.8311,-4.7304,-5.1881,-6.8667,-9.3081,-13.428,-18.464,-25.025,-29.603,-33.876,-34.791,-36.164,-36.47,-38.301,-39.216,-38.911,-38.606,-39.827,-40.59,-43.489,-48.677,-52.644,-53.102,-54.628,-54.781,-57.375,-59.053,-61.953,-64.852,-67.293,-66.53,-68.361,-66.988,-62.105,-58.443,-56.764,-55.238,-55.391,-55.238,-57.527,-57.985,-57.222,-55.696,-54.781,-51.118,-48.524,-47.761,-46.541,-41.963,-43.336,-42.879,-39.216,-36.47,-32.655,-26.856,-22.279,-19.074,-17.701,-16.48,-13.276,-10.071,-11.292,-12.97,-13.581,-11.597,-7.7822,-4.2726,-2.7467,0.15259,7.477,13.123,16.175,21.973,27.314,32.044,32.96,35.859,38.911,42.268,42.573,40.895,38.453,36.622,33.723,29.756,23.347,16.938,7.6296,0.15259,-5.1881,-9.9185,-14.344,-16.327,-18.616,-20.295,-20.6,-21.516,-23.194,-24.415,-27.009,-27.619,-28.382,-25.025,-22.126,-18.159,-16.022,-15.717,-16.785,-16.327,-14.191,-13.276,-14.496,-12.513,-12.97,-10.224,-7.477,-5.4933,-7.0193,-10.224,-14.344,-14.496,-12.665,-11.75,-10.834,-7.9348,-3.0519,1.3733,2.5941,5.3407,9.003,13.123,15.87,20.142,24.262,28.382,30.519,32.35,35.554,37.843,38.911,40.895,40.284,41.047,38.606,37.69,38.148,41.047,42.268,46.083,49.44,50.966,50.508,50.203,47.761,46.236,44.252,42.116,38.148,37.69,38.148,40.59,40.895,41.658,42.421,45.015,47.914,52.034,55.391,56.001,58.29,61.342,60.732,61.495,63.784,70.498,74.16,76.144,76.296,78.127,79.043,81.79,84.841,84.384,83.316,82.858,81.027,80.416,77.67,76.296,75.381,75.228,74.77,75.076,75.838,76.449,75.991,73.244,69.735,67.598,64.547,63.326,60.884,61.037,60.274,59.206,56.001,52.797,49.44,48.219,50.661,53.255,53.865,55.238,55.238,56.001,56.154,60.427,62.258,63.631,64.089,64.394,65.004,66.836,66.836,67.141,68.361,70.65,70.65,71.871,72.481,72.939,72.634,74.007,73.55,76.144,78.585,79.653,80.264,81.484,81.179,78.28,73.244,70.498,67.446,66.073,64.241,63.631,60.121,57.07,53.407,50.661,46.541,44.71,44.404,42.879,41.2,40.284,39.674,40.59,39.827,38.911,35.401,33.418,32.655,37.385,40.742,45.473,48.982,52.797,58.29,63.784,66.683,68.514,70.498,74.007,76.144,77.975,79.501,81.637,80.416,81.179,81.332,81.637,80.569,78.738,76.754,75.381,72.176,68.972,63.478,57.833,52.034,45.778,36.775,27.924,19.837,14.191,9.4607,4.12,-0.15259,-4.2726,-7.7822,-11.444,-15.87,-17.09,-18.769,-19.684,-22.431,-25.636,-26.704,-24.11,-23.652,-25.33,-26.856,-26.704,-27.161,-26.399,-26.246,-23.194,-22.279,-21.516,-21.058,-18.921,-19.684,-20.905,-20.447,-19.074,-19.074,-19.837,-21.516,-21.821,-21.973,-18.159,-17.701,-17.243,-18.311,-20.905,-23.652,-25.788,-30.061,-33.723,-34.639,-37.233,-43.184,-45.93,-48.372,-50.813,-51.729,-53.102,-55.544,-57.375,-60.121,-64.089,-67.446,-65.615,-65.157,-63.478,-61.19,-56.612,-55.544,-54.17,-53.713,-52.95,-50.813,-48.067,-45.93,-43.336,-41.963,-38.759,-35.859,-29.603,-24.567,-20.6,-17.853,-14.191,-10.987,-7.7822,-7.3244,-7.7822,-8.6978,-9.7659,-11.597,-13.428,-18.616,-19.227,-18.616,-19.684,-21.973,-20.6,-19.684,-20.295,-22.126,-24.262,-27.619,-29.603,-32.655,-36.927,-42.116,-43.031,-45.778,-48.219,-53.407,-54.933,-56.612,-58.29,-60.121,-61.342,-63.021,-63.326,-65.767,-64.852,-65.615,-64.699,-66.378,-65.004,-62.105,-57.833,-56.459,-53.102,-49.44,-44.862,-39.064,-35.554,-35.249,-35.249,-34.639,-31.434,-29.603,-26.246,-26.551,-25.33,-24.415,-21.973,-22.584,-22.736,-23.041,-21.973,-20.6,-16.938,-12.665,-8.8504,-6.5615,-2.4415,-1.2207,1.3733,1.9837,3.8148,5.4933,6.8667,7.477,5.9511,2.1363,-0.61037,-2.7467,-3.9674,-4.12,-0.61037,3.5096,10.071,14.649,21.668,26.856,32.044,35.707,37.538,39.216,43.641,48.982,53.865,58.748,65.157,70.345,75.838,78.89,82.095,83.621,85.91,86.062,84.841,84.841,85.604,86.825,87.893,87.893,90.335,88.504,88.198,88.198,89.572,87.741,86.978,85.91,86.215,86.825,88.809,90.945,92.776,92.776,91.861,89.267,88.504,85.91,84.536,82.553,81.942,79.806,77.517,76.144,74.77,71.718,68.209,65.157,62.41,58.901,58.29,58.138,58.748,60.121,62.563,63.631,64.394,64.241,63.173,60.274,57.375,55.238,55.238,55.544,54.323,51.729,51.118,49.745,50.966,50.813,52.034,51.271,51.271,51.881,51.118,50.661,50.966,49.135,46.083,43.794,41.81,37.08,33.418,30.519,29.756,28.687,27.924,24.11,18.921,14.344,9.7659,4.5778,-0.45778,-6.4089,-11.902,-18.616,-24.415,-29.756,-32.807,-37.08,-39.979,-43.184,-46.236,-48.219,-51.118,-53.56,-55.391,-56.154,-55.086,-53.255,-49.44,-47.456,-43.489,-42.573,-40.59,-39.216,-37.69,-36.927,-36.47,-36.317,-37.843,-39.674,-40.437,-42.421,-44.404,-49.745,-53.255,-57.375,-57.375,-59.358,-61.037,-62.258,-65.004,-66.988,-68.056,-68.361,-68.209,-69.735,-69.887,-71.108,-71.261,-72.329,-67.751,-64.699,-62.41,-63.936,-67.904,-70.65,-70.956,-68.209,-63.326,-59.206,-51.729,-45.167,-37.538,-31.739,-25.941,-23.957,-23.804,-25.636,-26.551,-26.399,-23.957,-20.6,-17.243,-13.733,-8.0874,-3.6622,2.4415,5.7985,10.987,15.107,19.99,20.295,21.821,24.873,27.467,29.298,30.976,32.197,34.333,32.807,32.35,30.976,29.298,28.382,28.993,27.009,29.603,33.113,34.791,34.181,32.655,33.113,37.233,39.521,40.895,41.505,42.268,42.421,44.099,45.167,46.388,47.304,47.304,47.609,47.761,48.219,47.151,43.641,39.521,36.012,34.639,30.824,28.23,27.314,29.145,29.145,31.892,33.265,32.807,29.908,25.33,20.753,16.022,10.681,7.3244,3.2044,1.0681,-2.2889,-4.2726,-5.9511,-8.0874,-12.818,-18.769,-24.72,-29.908,-36.622,-43.336,-48.524,-51.729,-55.238,-56.764,-60.274,-63.478,-67.751,-72.024,-78.585,-85.147,-90.64,-93.387,-96.591,-98.575,-99.338,-99.49,-102.69,-104.37,-104.37,-101.93,-98.727,-92.776,-88.504,-86.367,-84.384,-79.806,-76.449,-73.855,-71.871,-67.751,-64.852,-59.053,-54.933,-49.745,-45.473,-41.658,-39.064,-37.233,-36.317,-35.096,-35.249,-35.554,-37.996,-36.622,-37.233,-37.08,-38.759,-38.453,-37.996,-37.996,-39.369,-38.606,-37.69,-35.249,-33.723,-29.45,-25.941,-21.973,-19.684,-18.311,-16.785,-14.801,-15.259,-15.564,-15.412,-16.633,-19.227,-22.431,-26.856,-27.314,-27.772,-26.093,-25.941,-23.652,-22.279,-19.837,-17.09,-12.818,-9.003,-6.1037,-5.7985,-4.7304,-4.2726,-3.6622,-2.8993,0.15259,3.0519,4.883,7.9348,11.597,14.954,18.311,18.769,18.921,19.684,21.821,24.11,25.941,26.246,26.399,27.467,27.924,27.924,27.924,27.772,29.45,28.23,27.161,23.652,22.584,23.194,23.499,23.499,23.804,26.704,29.756,29.298,28.687,28.382,30.519,29.908,32.044,35.096,38.301,42.116,46.236,50.05,50.05,48.982,46.999,45.167,43.489,40.742,39.216,36.317,34.791,33.418,32.197,30.976,28.993,27.924,30.061,28.84,28.23,25.788,24.415,23.957,25.788,27.009,25.636,22.431,17.853,13.886,9.7659,6.7141,6.1037,3.9674,3.2044,2.1363,1.6785,-0.76296,-5.0356,-7.9348,-10.071,-10.834,-10.834,-11.597,-11.75,-12.36,-13.123,-14.344,-15.564,-16.938,-18.159,-17.548,-17.396,-16.327,-14.344,-13.428,-11.597,-11.597,-10.834,-11.444,-11.444,-12.513,-13.428,-16.327,-19.99,-23.194,-26.246,-28.84,-30.366,-32.35,-34.181,-36.927,-38.911,-44.099,-47.761,-52.797,-59.206,-64.241,-70.498,-77.67,-83.468,-88.046,-93.997,-102.24,-108.65,-115.05,-118.72,-123.6,-129.09,-135.2,-141.45,-146.95,-151.07,-153.36,-153.81,-155.64,-159,-163.73,-165.56,-166.94,-166.02,-164.49,-161.14,-155.49,-150.61,-147.4,-145.42,-145.88,-147.56,-150.3,-151.68,-152.29,-147.86,-142.22,-134.43,-127.72,-120.09,-114.75,-111.39,-110.78,-108.49,-109.56,-108.49,-108.49,-108.19,-108.95,-110.17,-111.24,-109.71,-107.43,-104.53,-102.85,-100.1,-99.49,-98.575,-102.08,-104.53,-108.04,-111.55,-114.6,-117.95,-121.31,-124.36,-125.89,-124.67,-124.82,-123.29,-123.29,-124.52,-126.04,-126.96,-127.26,-128.33,-128.64,-127.87,-127.57,-124.97,-122.23,-117.65,-113.99,-108.49,-104.37,-99.185,-94.15,-88.046,-79.653,-70.956,-66.378,-60.884,-55.849,-51.729,-47.609,-43.031,-40.284,-37.233,-34.791,-33.723,-33.265,-34.181,-38.911,-43.641,-48.982,-51.424,-55.391,-58.138,-61.647,-65.615,-68.972,-69.277,-69.887,-71.261,-75.228,-78.738,-83.316,-84.994,-88.046,-88.198,-87.893,-86.215,-84.078,-82.4,-81.332,-79.806,-79.348,-78.127,-77.059,-73.092,-70.65,-66.836,-65.157,-61.953,-59.358,-56.154,-52.95,-47.914,-44.404,-41.963,-38.606,-34.028,-34.181,-35.249,-40.284,-42.573,-45.778,-45.473,-45.015,-45.778,-46.388,-43.184,-40.742,-38.606,-37.996,-35.859,-35.707,-33.876,-35.554,-34.944,-36.012,-35.707,-37.538,-38.911,-42.116,-45.015,-47.609,-48.524,-48.83,-46.388,-45.32,-41.658,-40.59,-40.59,-41.505,-40.895,-41.505,-39.979,-41.505,-44.099,-46.846,-49.593,-51.271,-51.424,-52.797,-51.118,-50.508,-48.677,-48.067,-46.693,-45.778,-44.404,-42.879,-43.641,-44.71,-45.167,-44.71,-43.184,-42.879,-41.658,-40.284,-36.012,-32.807,-28.993,-25.178,-22.584,-21.516,-18.311,-13.581,-9.003,-3.8148,2.7467,7.9348,13.581,15.717,20.753,23.957,29.145,32.655,38.911,45.015,50.813,53.102,56.764,60.274,63.936,68.667,74.465,77.822,81.027,82.553,84.536,83.163,82.247,81.484,82.858,85.604,87.283,85.452,80.874,72.024,64.699,59.969,56.307,50.05,46.388,41.2,34.333,28.23,23.499,16.175,9.003,2.5941,-0.91556,-6.8667,-10.834,-15.107,-14.649,-16.327,-19.837,-23.957,-26.093,-29.45,-33.418,-39.064,-41.353,-44.099,-43.641,-44.71,-46.236,-47.456,-49.44,-51.881,-52.339,-52.339,-53.407,-55.086,-53.56,-52.339,-47.914,-44.099,-37.538,-31.892,-24.11,-17.396,-12.36,-8.24,-3.9674,2.2889,7.9348,11.292,16.175,19.227,21.21,23.194,26.399,28.993,28.993,26.246,25.941,26.246,24.72,20.142,17.548,15.412,14.344,9.1556,6.1037,2.5941,-0.76296,-2.8993,-4.4252,-8.5452,-9.6133,-9.003,-6.4089,-6.5615,-4.12,-2.2889,2.4415,5.0356,7.7822,8.3926,10.224,12.055,12.207,10.529,8.5452,6.4089,5.6459,5.3407,6.4089,5.4933,6.4089,5.7985,8.5452,8.5452,9.3081,10.834,12.97,12.665,12.97,13.123,12.665,9.1556,7.1718,5.6459,3.5096,0.15259,-3.357,-6.2563,-7.3244,-9.6133,-10.834,-11.444,-13.886,-18.159,-19.532,-21.516,-19.227,-19.227,-18.464,-18.159,-16.633,-17.701,-18.769,-16.022,-13.428,-12.513,-12.818,-14.801,-13.733,-11.902,-7.477,-5.6459,-3.5096,-2.1363,-0.15259,-2.4415,-6.5615,-9.6133,-9.1556,-9.003,-9.9185,-12.665,-12.97,-15.107,-16.327,-19.837,-21.363,-23.652,-23.957,-24.873,-25.33,-26.093,-25.636,-25.788,-24.11,-25.025,-24.11,-22.431,-17.243,-13.733,-8.6978,-5.1881,-0.61037,3.9674,7.7822,11.597,15.564,15.717,15.259,12.665,15.87,17.09,18.616,17.701,18.616,19.99,23.194,24.72,25.941,25.483,24.72,23.041,23.652,24.415,29.45,30.061,31.129,31.434,33.876,32.96,33.113,35.859,39.674,43.184,45.625,44.557,42.573,39.064,38.148,37.233,38.301,38.453,39.216,40.895,41.658,37.996,35.554,31.739,28.993,26.551,25.025,22.736,23.652,24.415,25.483,23.957,21.668,19.074,17.701,14.801,12.513,9.6133,10.071,10.071,12.665,13.428,18.616,20.447,22.584,25.33,30.213,33.57,34.791,34.791,34.486,32.655,33.113,32.35,35.096,37.385,42.116,43.336,45.32,46.541,47.761,48.677,49.745,49.593,50.05,48.982,50.356,51.424,53.56,54.17,57.222,57.833,57.222,56.307,55.849,53.865,52.034,49.593,46.083,43.031,42.726,41.353,41.047,40.437,39.674,38.148,36.927,37.538,37.843,38.301,38.911,38.301,39.369,38.301,38.453,37.233,34.791,30.213,29.145,30.824,33.418,34.181,33.723,33.418,33.113,32.044,32.502,33.113,35.554,37.843,41.658,43.031,43.184,41.2,38.606,36.317,34.639,34.639,34.486,32.35,30.976,27.772,25.941,23.347,24.72,24.415,21.668,18.311,17.853,19.227,19.227,18.159,18.464,19.684,21.973,19.99,18.159,17.243,20.447,23.804,26.551,31.281,34.791,34.944,34.944,37.233,40.59,42.726,46.388,46.541,46.541,41.81,40.895,41.047,39.216,36.317,35.401,35.401,33.113,26.704,18.921,11.139,5.0356,-5.3407,-13.428,-21.21,-28.077,-34.028,-37.538,-42.879,-49.135,-55.544,-61.19,-67.904,-74.923,-84.078,-89.724,-94.302,-93.387,-95.981,-99.338,-104.22,-108.34,-110.48,-112.31,-111.7,-109.87,-108.04,-102.54,-100.56,-97.507,-96.438,-92.166,-90.182,-86.978,-83.773,-80.569,-77.67,-74.923,-72.329,-68.667,-67.141,-64.699,-62.868,-57.222,-54.628,-53.865,-55.238,-53.865,-54.018,-55.849,-59.816,-64.089,-70.193,-76.144,-80.569,-82.705,-87.893,-90.487,-96.744,-99.796,-102.24,-103.15,-105.29,-104.98,-103.61,-100.86,-98.422,-95.37,-93.539,-88.961,-85.757,-83.773,-83.01,-81.79,-79.958,-80.569,-80.416,-78.585,-74.16,-70.04,-66.836,-61.19,-56.459,-49.44,-43.336,-37.843,-36.775,-33.723,-32.35,-30.824,-30.824,-31.739,-33.876,-32.807,-33.113,-33.113,-34.944,-34.181,-35.707,-36.317,-39.674,-42.421,-45.93,-47.609,-49.745,-49.898,-49.593,-50.05,-53.255,-56.307,-58.901,-56.764,-53.865,-44.71,-36.012,-26.551,-16.175,-4.5778,5.1881,15.87,23.499,25.636,23.499,20.447,16.022,14.039,9.3081,7.0193,3.5096,3.5096,3.8148,5.1881,3.6622,0.45778,-2.4415,-3.2044,-3.8148,-2.8993,-2.7467,-2.4415,-2.5941,-1.3733,-3.9674,-5.0356,-6.8667,-8.6978,-11.139,-12.207,-14.344,-18.006,-20.6,-17.396,-16.785,-17.243,-18.159,-16.175,-14.191,-8.5452,-1.2207,5.7985,10.834,15.717,19.99,28.993,35.401,41.353,43.031,45.473,49.135,55.696,58.138,58.443,57.07,56.001,56.764,57.222,58.138,58.443,57.833,59.053,59.969,61.037,60.121,64.241,66.988,71.108,74.618,74.923,73.702,69.887,64.394,61.8,59.511,60.121,59.969,60.884,60.427,60.121,58.748,57.527,55.849,52.644,49.44,48.524,45.778,46.693,45.778,47.456,48.83,52.95,55.849,56.154,54.476,52.95,53.407,54.781,55.238,55.696,54.17,53.56,52.339,54.628,54.018,55.391,55.544,57.833,61.19,63.326,64.699,64.394,64.852,64.547,63.631,63.173,62.563,63.326,62.563,63.936,64.089,63.784,63.326,62.105,59.358,56.764,55.086,55.238,53.713,52.797,53.56,54.018,54.17,57.222,59.511,61.647,63.326,65.31,66.073,66.683,68.819,74.16,73.397,73.244,73.55,75.838,77.364,77.364,77.67,77.975,76.907,75.991,75.076,78.127,79.806,80.111,80.569,81.942,83.316,83.926,85.299,88.198,92.318,97.964,100.71,103.31,104.83,106.81,107.43,106.97,106.05,105.44,102.85,101.93,101.63,101.47,98.422,96.591,93.844,92.318,90.64,88.809,86.825,84.384,82.247,81.637,79.043,77.517,74.313,74.16,73.244,74.77,77.212,79.501,81.027,82.247,83.926,84.994,83.316,82.095,77.975,75.076,70.956,67.904,66.073,67.446,68.056,68.819,68.056,67.446,67.141,69.43,72.024,72.787,71.261,72.634,72.787,71.413,69.43,67.904,64.852,64.241,62.258,62.868,61.495,61.953,64.089,66.073,66.53,64.089,60.121,56.459,51.424,46.388,38.759,29.603,19.684,13.733,9.9185,5.9511,0.30519,-7.0193,-16.175,-23.957,-31.739,-37.69,-46.236,-53.102,-59.816,-62.716,-65.462,-69.43,-73.397,-74.465,-73.244,-72.939,-75.228,-75.533,-76.296,-76.449,-77.364,-76.754,-76.449,-77.059,-81.027,-85.757,-92.166,-97.659,-103.31,-105.29,-110.02,-114.44,-119.48,-119.94,-119.63,-117.8,-117.34,-116.28,-114.44,-111.85,-112,-112.31,-114.6,-114.9,-115.67,-115.67,-117.65,-118.11,-118.26,-117.95,-116.89,-112,-105.44,-99.948,-98.27,-94.913,-91.708,-84.078,-78.738,-70.65,-63.478,-55.391,-48.524,-42.879,-39.521,-36.622,-34.486,-32.502,-33.113,-32.197,-33.57,-34.944,-36.775,-35.859,-34.791,-30.671,-26.551,-24.415,-23.804,-20.6,-16.938,-12.207,-9.1556,-4.5778,-2.4415,0.91556,2.7467,7.7822,12.207,18.769,20.753,21.668,23.194,25.178,26.399,26.399,26.246,29.298,33.418,37.843,37.233,37.538,36.927,37.843,36.317,33.723,30.671,28.993,27.009,26.551,26.399,25.636,22.889,21.973,18.311,16.785,12.665,10.224,8.5452,7.1718,4.7304,2.1363,-0.30519,0.61037,0.30519,-0.91556,-3.0519,-2.5941,-3.8148,-3.357,-3.8148,-2.8993,-1.5259,1.9837,5.1881,6.2563,5.7985,4.883,5.0356,5.9511,4.7304,4.883,3.6622,2.7467,0.45778,-1.2207,-2.1363,-3.2044,-5.0356,-6.7141,-9.7659,-10.071,-12.055,-12.97,-18.464,-24.567,-29.298,-30.366,-29.603,-28.23,-25.025,-20.295,-16.48,-13.733,-14.191,-12.818,-13.733,-15.412,-17.243,-16.175,-16.785,-16.938,-15.87,-16.175,-17.701,-20.142,-25.025,-26.551,-26.856,-24.567,-24.11,-23.804,-23.041,-21.668,-19.684,-18.616,-17.853,-15.717,-12.513,-7.9348,-8.24,-6.7141,-5.9511,-4.7304,-3.8148,-0.61037,2.8993,6.7141,8.3926,11.597,16.633,21.973,25.178,28.687,30.671,32.96,33.113,33.418,30.366,27.467,25.178,24.415,23.347,21.363,17.396,12.97,10.834,11.292,11.292,14.496,17.243,20.295,21.973,23.957,25.941,26.093,26.856,27.772,26.551,23.499,21.516,24.262,25.941,27.161,27.161,30.976,33.418,36.012,39.064,43.947,49.287,54.781,59.664,61.953,63.631,67.446,68.056,67.751,63.936,61.953,59.511,58.901,56.612,54.476,52.339,50.661,49.287,49.593,47.914,47.304,45.473,44.557,42.879,42.879,40.437,39.369,37.843,38.606,38.759,38.301,36.317,34.333,32.655,32.35,27.619,26.551,25.788,26.856,27.467,27.772,26.093,25.636,24.873,26.399,30.061,35.401,38.759,40.132,40.132,41.81,43.031,46.388,47.456,49.44,52.034,54.018,54.781,55.544,53.865,51.424,46.693,41.353,36.775,35.707,31.892,31.129,29.298,28.993,27.619,27.619,28.23,28.993,29.45,30.519,29.756,30.061,28.993,28.84,29.908,31.739,30.976,29.298,28.077,27.619,28.382,30.824,31.587,32.197,31.434,32.044,31.129,32.044,32.044,32.35,32.044,32.502,31.281,29.756,28.077,24.415,20.142,16.633,12.818,12.36,11.902,13.733,13.886,13.581,13.276,14.496,15.564,14.801,14.496,15.717,16.48,19.99,21.516,23.499,22.889,21.973,21.668,18.616,14.801,13.428,11.139,11.75,9.1556,9.7659,8.0874,4.2726,0.61037,0.91556,-1.3733,-5.4933,-8.3926,-8.8504,-9.003,-10.071,-13.581,-16.938,-22.736,-26.399,-32.96,-39.674,-43.336,-44.862,-48.372,-52.034,-54.476,-52.034,-51.271,-51.881,-54.17,-54.018,-56.459,-58.29,-59.816,-58.29,-58.138,-58.443,-58.748,-59.969,-60.884,-59.664,-59.511,-57.375,-56.612,-54.17,-53.865,-55.391,-58.596,-59.358,-58.443,-58.748,-60.884,-62.563,-65.615,-66.836,-68.972,-70.65,-72.939,-72.024,-72.329,-69.124,-67.293,-66.988,-68.056,-67.293,-64.699,-61.8,-61.19,-60.274,-62.258,-60.579,-61.495,-61.342,-60.121,-57.985,-57.68,-54.933,-53.407,-51.424,-49.593,-46.236,-45.93,-45.015,-44.557,-43.641,-42.116,-40.437,-40.132,-37.996,-35.859,-32.807,-28.84,-24.11,-21.821,-18.921,-16.785,-14.954,-16.633,-17.701,-19.227,-17.548,-15.717,-14.649,-15.412,-14.954,-14.191,-10.224,-10.071,-9.6133,-7.3244,-3.357,-2.8993,-1.5259,-1.2207,-1.5259,-0.30519,1.9837,3.2044,2.2889,1.3733,3.6622,3.0519,3.357,3.6622,6.2563,8.6978,10.529,11.292,12.36,13.581,14.954,12.818,9.003,5.3407,2.8993,-0.45778,0.45778,-1.0681,-3.2044,-6.5615,-8.0874,-9.1556,-8.0874,-9.1556,-9.1556,-10.071,-9.7659,-9.4607,-8.0874,-10.681,-12.818,-14.344,-15.259,-15.107,-14.191,-13.733,-13.733,-14.649,-13.428,-14.344,-14.801,-16.785,-19.837,-23.804,-25.483,-25.178,-24.873,-25.788,-25.178,-25.33,-23.957,-26.093,-27.314,-28.382,-28.23,-29.908,-32.502,-34.944,-35.401,-37.08,-36.775,-36.317,-32.655,-29.603,-28.23,-27.619,-26.704,-24.72,-24.262,-23.041,-20.295,-17.701,-14.649,-11.444,-7.477,-4.5778,-1.8311,-1.6785,-2.5941,-4.4252,-6.5615,-7.6296,-6.1037,-4.883,-5.0356,-7.1718,-7.6296,-10.834,-12.818,-13.428,-11.444,-12.055,-13.733,-15.412,-16.633,-16.938,-16.022,-17.243,-19.074,-21.668,-22.889,-25.33,-24.262,-23.499,-22.736,-22.584,-23.347,-25.483,-26.704,-27.467,-27.924,-29.603,-29.145,-28.535,-26.704,-26.856,-26.246,-26.856,-28.535,-31.281,-32.655,-33.113,-30.824,-33.113,-36.317,-40.284,-40.742,-43.184,-43.184,-41.658,-41.963,-41.963,-41.505,-42.726,-44.557,-47.456,-47.304,-47.609,-48.982,-49.287,-47.456,-44.862,-42.573,-39.979,-36.927,-32.35,-24.873,-18.921,-10.834,-5.3407,-0.61037,5.3407,10.071,10.681,8.6978,5.1881,5.3407,7.3244,9.1556,7.1718,8.0874,9.4607,13.581,13.733,12.055,11.902,10.529,7.1718,4.2726,1.9837,-2.2889,-8.3926,-10.681,-14.191,-16.022,-16.633,-16.327,-14.649,-12.818,-12.207,-14.344,-17.548,-18.616,-19.227,-16.633,-17.243,-16.175,-14.191,-15.107,-17.243,-18.159,-21.058,-22.736,-24.873,-25.33,-23.804,-18.311,-14.801,-12.97,-12.36,-11.139,-10.987,-11.75,-12.97,-13.733,-17.853,-23.041,-30.213,-32.655,-36.164,-36.927,-40.895,-43.794,-44.862,-45.015,-47.761,-52.034,-54.781,-55.391,-54.781,-51.424,-46.846,-40.895,-37.996,-34.486,-31.281,-27.619,-25.941,-25.483,-24.567,-21.821,-20.753,-19.532,-18.616,-16.48,-14.649,-12.36,-12.36,-12.207,-14.496,-15.107,-15.564,-15.87,-15.717,-17.09,-18.311,-20.142,-20.753,-21.21,-24.415,-26.093,-28.535,-29.298,-32.35,-32.807,-35.401,-36.317,-38.453,-42.116,-44.862,-45.93,-45.93,-44.252,-44.557,-43.184,-42.268,-39.521,-39.064,-38.759,-39.064,-40.284,-39.979,-40.284,-43.794,-45.93,-46.541,-45.93,-44.557,-41.81,-41.353,-39.979,-41.658,-40.284,-40.132,-40.132,-41.658,-41.353,-40.132,-36.775,-35.707,-32.655,-33.113,-33.723,-36.775,-37.69,-37.69,-36.317,-34.333,-31.281,-29.145,-26.704,-26.399,-26.399,-26.399,-22.279,-21.058,-18.921,-18.616,-19.227,-23.041,-25.178,-27.161,-29.145,-30.824,-32.655,-33.876,-33.418,-35.096,-37.08,-41.047,-44.252,-49.898,-51.424,-50.661,-45.473,-41.353,-38.759,-35.554,-32.197,-30.366,-27.772,-29.45,-31.739,-35.401,-38.911,-42.726,-43.641,-47.609,-49.898,-48.372,-45.625,-46.083,-46.999,-50.356,-53.865,-56.764,-55.696,-57.07,-58.596,-61.953,-65.31,-67.446,-68.972,-70.956,-70.04,-70.345,-70.04,-72.481,-73.092,-76.449,-78.433,-77.67,-75.228,-76.144,-75.991,-77.975,-81.179,-83.316,-80.874,-79.501,-78.127,-80.111,-78.585,-77.67,-75.533,-73.244,-68.209,-63.936,-59.511,-58.901,-57.833,-57.68,-56.154,-55.391,-52.034,-50.05,-49.745,-52.492,-54.476,-59.206,-62.563,-67.904,-70.65,-74.313,-75.838,-78.89,-85.299,-92.471,-95.981,-99.185,-101.32,-103.61,-106.05,-105.44,-103.76,-102.85,-102.08,-102.69,-102.54,-102.85,-102.08,-99.49,-95.828,-94.76,-94.607,-94.76,-95.37,-98.422,-100.71,-103.92,-105.29,-105.75,-106.66,-104.98,-101.02,-97.964,-95.676,-93.539,-93.844,-92.776,-92.471,-94.455,-94.455,-93.692,-91.556,-88.809,-85.452,-82.858,-80.721,-79.196,-78.585,-76.907,-72.481,-67.751,-61.8,-58.596,-53.713,-50.508,-47.761,-46.083,-45.93,-45.625,-43.794,-41.047,-38.606,-34.791,-28.687,-22.889,-15.259,-11.902,-8.3926,-4.2726,3.2044,8.5452,12.513,14.496,15.564,14.649,14.801,14.954,17.548,18.616,19.227,18.159,17.243,16.48,16.022,14.954,14.039,11.444,11.597,9.7659,8.6978,7.3244,6.1037,5.7985,8.6978,12.207,15.717,19.074,24.72,28.23,34.181,37.538,40.895,40.742,41.2,41.047,41.505,41.2,40.132,39.827,41.2,42.726,47.456,51.729,57.07,60.732,63.936,66.378,68.819,70.65,73.092,78.127,83.468,85.147,86.825,85.604,85.604,84.841,85.147,83.468,81.332,81.027,81.942,81.332,79.501,76.144,74.923,73.092,73.397,72.176,72.787,74.16,77.364,80.416,84.231,87.13,90.03,92.166,94.607,96.286,98.27,98.575,99.033,97.507,96.744,96.744,98.727,99.185,100.86,101.63,103.92,104.83,109.26,112.61,117.04,120.09,122.68,122.07,123.6,122.68,118.56,113.68,110.17,107.73,107.88,109.26,113.38,113.38,113.07,112.31,112.61,110.32,109.56,108.19,108.95,110.93,114.29,117.04,120.24,121.16,124.52,126.5,129.55,129.7,131.53,133.37,132.76,131.69,131.38,130.77,128.03,122.68,119.48,114.14,110.48,107.88,106.2,104.53,106.81,108.49,107.58,106.2,103.92,101.78,103.31,103,105.29,107.58,108.95,110.02,111.7,111.24,111.55,110.93,110.93,110.78,111.7,109.56,107.58,102.69,100.25,100.56,101.47,103.92,107.27,109.41,110.48,112.61,119.33,124.97,130.01,134.43,139.16,138.1,133.21,127.41,122.84,119.79,116.43,112.77,111.24,109.41,109.71,110.17,112.92,115.05,115.82,113.83,110.32,105.75,101.17,94.302,85.757,79.806,75.381,70.04,65.767,63.173,62.258,61.19,59.358,57.68,56.764,54.17,50.356,46.083,41.658,36.775,34.791,31.281,26.856,20.753,16.633,13.276,13.123,14.954,17.09,20.905,25.941,28.687,30.366,30.213,31.129,30.366,29.603,29.45,28.535,27.161,24.873,20.6,16.785,14.649,14.954,15.717,18.769,19.99,19.99,16.633,18.921,18.921,19.379,20.6,22.431,23.347,25.636,25.483,25.025,21.363,20.905,19.684,19.684,18.616,19.684,17.701,16.327,13.886,13.276,11.292,11.75,12.513,13.276,12.818,14.496,15.259,18.006,16.938,18.464,19.837,18.464,16.785,15.564,16.48,18.006,19.837,24.415,25.483,25.483,28.077,34.028,38.759,44.099,47.609,50.05,52.034,55.544,58.29,59.816,60.579,61.647,62.105,63.021,62.868,64.394,63.936,67.904,70.04,72.176,71.871,72.939,75.991,78.585,77.975,76.296,74.618,73.55,73.244,72.939,69.277,67.446,61.647,56.612,50.661,47.304,43.641,41.658,43.184,44.862,46.846,49.287,48.982,47.151,44.404,42.421,39.827,37.385,33.57,31.129,29.45,27.467,22.736,18.616,12.97,10.376,7.477,5.7985,4.883,2.8993,-0.76296,-1.9837,-4.12,-3.9674,1.6785,8.24,12.055,19.074,23.652,26.246,23.804,20.6,16.938,15.717,13.123,12.207,10.987,11.139,11.75,10.987,7.3244,2.1363,-2.4415,-3.2044,-4.5778,-5.1881,-5.7985,-4.883,-4.2726,-3.0519,-1.2207,-2.4415,-7.6296,-10.071,-11.597,-14.039,-17.548,-19.074,-22.889,-26.246,-31.587,-33.418,-35.401,-33.265,-29.756,-25.483,-22.889,-21.516,-23.347,-25.33,-26.704,-25.483,-22.431,-18.616,-20.447,-22.584,-27.161,-31.587,-36.927,-41.81,-46.083,-48.982,-49.898,-48.677,-44.557,-40.895,-36.622,-28.993,-27.467,-24.567,-21.21,-17.396,-12.055,-7.9348,-10.071,-10.376,-11.292,-9.003,-7.1718,-5.7985,-2.8993,-0.45778,-5.0356,-6.8667,-9.6133,-11.902,-14.801,-16.633,-18.159,-20.905,-26.551,-29.145,-30.671,-28.535,-29.145,-27.772,-23.804,-13.886,-9.003,-9.6133,-9.6133,-8.3926,-8.6978,-11.139,-14.191,-15.412,-17.396,-15.717,-13.886,-9.4607,-9.9185,-11.597,-13.123,-12.207,-11.902,-11.139,-9.6133,-8.3926,-9.9185,-7.0193,-6.4089,-6.8667,-7.0193,-6.8667,-4.2726,-2.7467,-6.4089,-5.3407,-1.3733,0.45778,-4.7304,-13.733,-23.347,-22.431,-18.769,-15.717,-15.564,-14.039,-12.055,-12.513,-17.548,-18.464,-22.126,-23.957,-25.025,-23.652,-19.227,-13.276,-10.224,-6.5615,-4.7304,-3.9674,-3.6622,-4.2726,-7.0193,-6.4089,-3.5096,-1.2207,-0.30519,1.8311,2.8993,3.8148,5.9511,5.0356,3.9674,2.2889,3.0519,4.5778,8.24,10.987,8.6978,10.834,18.616,23.194,26.856,29.603,32.35,34.791,36.927,39.064,40.284,43.184,41.2,38.606,36.622,36.164,34.791,36.622,42.268,48.067,49.135,48.219,49.898,48.982,48.372,49.898,46.999,48.982,51.729,55.391,57.68,54.781,51.729,49.135,47.304,46.846,46.693,46.236,45.473,42.726,39.064,39.827,36.927,43.489,45.93,46.693,45.93,48.372,51.118,53.102,57.527,64.089,69.735,73.092,74.465,79.196,81.332,85.91,85.452,85.299,88.198,94.15,94.607,95.218,97.964,108.65,117.04,121.46,119.79,119.17,117.8,122.99,123.91,122.99,121.62,117.19,110.32,105.44,99.948,95.065,90.793,88.351,82.247,76.601,71.413,68.514,66.683,61.037,55.391,46.541,43.336,38.759,28.535,24.415,20.142,17.243,12.207,10.834,6.7141,-0.30519,-5.4933,-4.883,-7.0193,-9.7659,-10.376,-9.4607,-11.292,-11.139,-10.224,-10.224,-14.344,-16.938,-15.107,-10.376,-7.1718,-3.2044,-0.30519,1.6785,3.5096,3.5096,3.2044,3.2044,0.15259,-2.1363,-4.4252,-4.4252,-9.9185,-15.564,-18.464,-19.227,-21.973,-23.957,-26.551,-28.535,-36.775,-42.268,-41.505,-37.538,-36.164,-32.044,-30.824,-31.892,-32.807,-38.606,-39.827,-37.538,-33.723,-28.687,-27.619,-23.957,-22.126,-20.295,-21.363,-22.736,-22.736,-23.347,-22.889,-20.905,-21.21,-18.769,-16.327,-14.344,-12.513,-8.24,-8.0874,-3.0519,3.5096,13.886,20.295,18.921,15.107,10.071,2.5941,-3.9674,-8.8504,-14.191,-23.041,-27.924,-33.113,-38.301,-44.099,-46.846,-46.846,-48.219,-48.219,-46.388,-43.336,-43.489,-44.404,-48.067,-55.696,-60.121,-64.547,-67.141,-68.667,-74.465,-77.975,-78.89,-78.28,-77.212,-81.332,-83.163,-82.247,-80.569,-82.553,-83.926,-81.332,-80.874,-81.637,-81.179,-82.247,-77.364,-73.855,-71.566,-65.767,-57.375,-52.95,-45.015,-36.775,-31.739,-28.077,-20.6,-14.039,-7.6296,-3.8148,-2.5941,-1.2207,2.4415,0.91556,0.61037,-3.9674,-6.5615,-6.4089,-9.1556,-14.039,-14.344,-11.139,-11.292,-11.597,-11.902,-10.681,-4.883,-6.2563,-10.071,-14.801,-8.0874,-3.2044,-3.5096,-0.45778,5.3407,7.3244,0.61037,-5.1881,-2.8993,-1.5259,-4.4252,-9.4607,-10.071,-10.071,-14.954,-15.107,-11.444,-12.055,-11.75,-10.681,-8.0874,-9.7659,-8.24,-8.0874,-4.4252,-0.30519,4.883,9.9185,15.717,21.516,26.246,29.145,29.603,29.908,30.366,29.603,32.197,30.824,28.077,24.415,21.058,15.107,10.071,7.477,6.8667,8.24,10.224,10.529,9.6133,8.8504,9.9185,12.055,17.396,20.142,18.921,13.123,10.834,11.75,7.3244,1.5259,-2.8993,-10.529,-15.717,-15.259,-11.902,-10.529,-6.1037,-4.7304,-3.0519,-3.9674,-5.4933,-7.1718,-7.3244,-3.8148,4.883,8.5452,15.107,24.262,34.639,42.573,48.067,50.661,54.628,59.206,63.478,67.751,69.887,72.634,77.212,79.501,83.621,86.062,89.419,89.267,88.809,86.367,84.689,83.468,82.095,79.348,76.144,71.413,69.124,64.241,59.816,53.407,49.287,46.236,42.726,38.453,36.012,32.35,29.908,28.84,31.281,36.317,45.015,50.813,56.459,62.563,70.65,75.686,80.111,86.673,92.929,99.033,104.98,109.87,112,112.92,114.9,113.83,113.68,110.78,108.65,105.29,103,101.32,99.796,98.27,97.507,95.676,93.844,92.929,93.234,92.318,92.318,90.335,88.046,84.994,82.553,78.127,71.718,65.615,57.68,50.203,45.625,43.031,43.336,40.742,39.521,40.59,42.116,45.473,48.982,55.238,66.073,78.585,89.877,96.438,101.78,104.53,106.36,104.22,101.32,98.422,93.539,86.673,80.264,74.007,67.598,63.173,59.206,56.459,55.849,52.95,50.966,48.372,48.83,48.372,47.456,44.71,43.184,42.268,41.658,39.979,37.996,36.317,34.944,30.519,25.941,19.684,12.513,6.7141,1.6785,-1.0681,-1.6785,-4.12,-6.8667,-12.207,-17.243,-23.652,-27.772,-33.723,-39.521,-47.761,-52.644,-54.628,-53.56,-52.187,-48.677,-41.047,-30.976,-22.889,-12.818,-3.357,11.902,28.535,43.031,52.797,62.258,71.108,77.822,82.705,87.436,91.25,92.166,88.656,82.705,74.923,68.667,61.953,59.053,55.086,52.339,48.982,45.473,42.421,40.437,37.996,35.859,34.333,33.265,30.061,27.009,24.11,22.889,19.837,17.548,12.818,7.1718,0.45778,-6.5615,-15.564,-24.873,-34.028,-39.216,-44.862,-44.71,-43.489,-40.59,-37.69,-38.911,-41.81,-42.879,-42.116,-37.233,-30.061,-19.684,-9.3081,4.4252,14.954,23.499,27.467,31.739,35.707,40.284,44.252,45.778,47.609,48.372,47.304,47.304,46.541,50.05,52.339,54.628,55.086,53.713,50.813,46.693,43.031,38.606,33.418,29.603,24.72,21.821,15.87,9.1556,3.0519,-1.8311,-7.477,-10.834,-12.513,-14.496,-17.396,-18.616,-20.905,-21.821,-24.72,-26.704,-28.993,-28.84,-29.908,-30.366,-28.84,-27.772,-28.382,-28.535,-27.009,-23.194,-20.142,-16.022,-10.529,-1.9837,4.2726,9.9185,12.97,13.886,13.733,15.107,15.412,14.649,11.902,9.6133,4.12,1.9837,-1.2207,-4.12,-7.6296,-9.3081,-12.055,-12.97,-15.107,-16.938,-18.464,-19.532,-22.736,-27.161,-31.587,-33.265,-36.164,-38.453,-43.489,-46.083,-50.203,-53.255,-55.849,-56.917,-57.985,-57.07,-54.933,-50.813,-48.372,-47.151,-47.456,-43.336,-39.674,-34.333,-31.739,-33.418,-36.164,-38.453,-39.827,-40.895,-41.963,-40.284,-40.59,-39.979,-40.742,-40.895,-41.963,-39.674,-37.843,-35.554,-33.723,-31.434,-29.603,-27.467,-26.246,-23.499,-20.905,-17.243,-13.581,-9.003,-3.0519,2.1363,4.5778,7.1718,9.7659,12.818,16.785,21.363,25.636,30.976,34.486,37.843,38.148,38.606,36.47,37.233,40.895,44.252,47.761,50.356,49.898,48.524,48.067,49.287,49.898,53.56,56.612,59.816,61.495,63.936,65.615,65.92,66.53,67.598,67.446,67.751,67.141,68.056,68.667,70.803,72.634,77.975,81.027,84.994,87.436,89.267,91.708,95.065,99.338,102.85,105.9,110.93,115.97,122.84,127.57,133.06,136.11,139.93,140.84,141.45,143.28,145.12,146.95,152.75,158.85,164.19,166.94,168.92,166.48,165.56,163.43,162.82,160.68,159.31,159.31,161.44,163.58,167.85,170.29,171.36,170.9,171.36,171.21,174.41,176.09,178.53,180.82,183.72,186.32,189.52,192.27,197.45,200.96,203.86,204.32,207.83,210.58,212.56,211.95,211.34,211.8,212.71,213.93,214.85,216.83,218.82,220.5,224.92,226.6,230.41,233.31,237.43,240.18,242.93,245.37,246.59,246.89,246.59,246.28,246.89,248.88,252.39,251.78,250.25,248.73,248.42,247.05,245.98,244.91,244.91,246.13,248.27,249.18,249.64,249.03,247.96,244.45,244,243.54,243.39,241.71,240.03,238.2,237.59,236.82,233.62,231.18,229.8,230.26,232.09,232.09,231.94,229.65,228.89,226.29,224.01,221.72,218.51,216.07,214.09,211.49,208.59,204.32,204.02,200.51,195.62,189.06,185.55,179.3,172.73,165.72,157.93,151.07,142.37,132.45,124.52,113.83,104.22,92.471,82.553,72.481,65.462,59.053,52.644,47.304,43.336,38.453,32.96,28.23,22.736,15.412,9.1556,3.357,-0.61037,-5.6459,-9.9185,-14.496,-16.785,-19.227,-23.194,-26.551,-28.84,-29.298,-29.603,-30.366,-28.993,-30.671,-33.113,-36.164,-36.927,-38.453,-39.369,-40.284,-42.116,-46.083,-50.508,-55.696,-61.037,-67.598,-71.871,-75.686,-75.228,-75.381,-76.449,-77.975,-82.247,-85.91,-89.267,-91.708,-93.081,-95.37,-97.812,-102.69,-104.22,-105.14,-105.29,-105.9,-105.75,-105.59,-107.27,-108.34,-110.02,-110.93,-110.48,-110.78,-109.56,-108.04,-106.36,-107.27,-109.1,-110.32,-110.32,-108.04,-104.22,-99.338,-95.676,-96.438,-97.812,-99.338,-99.796,-101.93,-103.31,-104.83,-103.92,-103.61,-104.37,-106.97,-108.49,-111.7,-115.36,-119.33,-122.07,-127.72,-133.37,-139.62,-144.05,-148.93,-151.83,-152.44,-154.42,-158.09,-160.07,-163.88,-167.85,-170.29,-169.99,-171.06,-171.36,-172.43,-172.12,-174.11,-174.26,-171.51,-166.94,-163.88,-160.07,-156.25,-155.19,-154.88,-153.2,-152.59,-150,-148.32,-144.2,-141.15,-138.71,-138.86,-140.39,-141.15,-141.45,-141.91,-142.67,-144.51,-146.49,-151.22,-157.32,-164.65,-170.45,-175.79,-178.69,-183.42,-185.71,-186.77,-187.23,-188.15,-186.62,-187.38,-187.84,-190.74,-193.79,-198.68,-202.64,-209.51,-215.77,-219.12,-219.73,-221.41,-220.95,-219.58,-216.22,-216.07,-215.61,-216.99,-215.16,-215.46,-215,-215.61,-216.53,-216.38,-215,-214.7,-212.41,-211.65,-210.58,-210.43,-207.83,-205.39,-201.42,-197,-190.59,-186.01,-182.96,-179.6,-175.02,-172.12,-169.07,-166.02,-159.76,-152.29,-143.28,-138.55,-134.28,-133.21,-132.3,-130.62,-128.79,-128.79,-127.87,-127.87,-128.48,-131.23,-130.01,-130.01,-130.77,-133.82,-136.11,-138.55,-141.15,-144.2,-144.81,-145.42,-145.73,-146.79,-145.88,-146.03,-145.27,-147.71,-148.17,-148.01,-147.86,-147.25,-147.25,-149.39,-153.2,-158.09,-160.22,-165.11,-168,-171.82,-173.04,-176.24,-179.45,-183.72,-185.86,-186.77,-187.84,-188.3,-189.52,-191.81,-191.2,-191.96,-191.96,-195.01,-198.52,-201.57,-201.27,-198.68,-197.3,-198.07,-198.52,-199.9,-200.51,-199.29,-195.78,-195.01,-194.1,-194.4,-192.72,-191.35,-189.21,-185.09,-180.21,-173.5,-168,-163.73,-157.78,-154.42,-149.24,-146.49,-144.96,-146.34,-147.25,-146.34,-139.16,-133.82,-127.72,-121.31,-111.55,-104.68,-96.286,-90.182,-83.926,-79.348,-72.329,-68.972,-64.394,-59.816,-53.102,-47.304,-41.963,-40.284,-37.538,-36.47,-34.181,-33.265,-32.655,-31.434,-29.908,-30.061,-28.993,-28.382,-25.025,-22.584,-17.243,-13.733,-9.9185,-7.6296,-5.9511,-4.4252,-1.3733,1.2207,4.12,5.4933,5.7985,1.9837,-1.2207,-6.5615,-10.224,-12.36,-14.039,-16.785,-20.6,-26.246,-32.502,-38.453,-42.116,-48.982,-53.255,-57.833,-61.19,-65.92,-68.209,-70.803,-74.007,-77.364,-79.348,-80.874,-81.79,-85.757,-89.114,-92.166,-92.929,-95.218,-96.286,-97.964,-99.796,-103.46,-104.37,-102.54,-99.643,-98.117,-93.844,-93.692,-93.234,-94.607,-92.776,-88.198,-82.095,-76.907,-70.345,-65.31,-58.138,-50.508,-42.573,-37.843,-32.197,-27.772,-22.126,-19.074,-14.039,-9.003,-3.9674,0.76296,5.1881,10.376,19.99,27.467,35.096,41.2,47.914,54.323,61.19,65.92,70.345,75.228,80.416,84.841,91.098,96.591,101.93,107.73,115.67,121.46,126.96,131.53,136.27,140.54,144.66,149.08,154.58,159.31,163.73,167.39,174.11,181.28,188.91,195.47,204.02,211.34,218.05,224.62,231.94,238.5,244.76,249.95,255.29,257.73,259.87,261.7,264.44,266.58,269.78,270.7,271.61,272.68,274.21,276.5,278.18,278.48,279.4,280.16,280.62,279.55,280.31,279.55,279.55,277.87,276.96,276.5,275.43,274.82,275.58,276.65,276.5,275.28,275.58,273.6,272.23,269.17,265.21,259.41,254.83,250.71,245.83,241.86,238.2,232.86,228.74,224.16,219.73,212.87,209.51,206,204.17,201.27,198.52,195.01,190.74,186.93,181.43,176.09,171.51,166.48,162.36,156.56,154.12,150.46,147.86,145.27,143.13,140.39,138.71,135.65,132.3,128.33,125.43,121.46,119.48,117.04,115.97,113.07,111.09,109.71,108.04,106.51,106.36,103.61,100.71,96.591,94.607,92.013,91.556,90.64,90.335,90.487,89.572,88.809,88.809,88.809,88.809,89.267,90.945,88.809,86.52,83.621,83.01,82.4,81.942,81.179,81.942,82.858,84.536,84.689,86.825,88.809,91.25,92.471,95.981,96.438,96.591,95.065,93.234,91.708,90.03,88.809,88.504,87.436,86.215,83.01,81.637,79.196,79.196,77.517,74.77,72.024,69.582,68.361,66.836,62.716,60.121,57.375,54.323,50.661,47.761,45.473,44.252,43.184,42.573,41.353,40.895,39.064,38.148,34.944,32.96,31.281,30.061,28.84,29.908,32.044,33.113,32.655,33.113,34.944,36.47,36.927,39.064,40.895,43.641,43.794,44.099,44.862,45.167,44.557,43.794,41.81,41.047,39.674,39.521,38.911,39.827,40.59,43.641,45.32,46.083,44.557,44.252,44.71,44.557,43.184,40.742,37.08,35.554,31.281,26.704,22.584,20.447,17.396,15.564,14.191,12.207,10.987,12.055,13.276,14.344,13.123,12.818,13.123,14.496,14.496,16.022,17.701,17.09,15.412,15.717,18.464,20.753,22.279,24.873,27.009,31.129,34.791,38.148,38.606,39.216,40.437,40.895,40.59,41.81,40.284,38.606,34.639,32.35,29.45,27.467,23.804,18.616,13.581,8.3926,2.2889,-4.5778,-13.123,-20.905,-28.535,-31.892,-36.775,-40.132,-45.473,-47.761,-49.593,-51.576,-53.407,-55.849,-59.053,-61.647,-65.92,-67.751,-69.582,-68.819,-69.582,-69.887,-73.244,-76.601,-77.975,-78.28,-76.754,-72.787,-68.361,-64.089,-61.19,-57.833,-55.696,-52.339,-52.187,-52.187,-51.576,-51.271,-51.271,-50.813,-49.745,-47.914,-46.693,-45.93,-45.778,-43.031,-43.184,-43.031,-41.81,-39.216,-36.47,-33.876,-31.892,-28.84,-27.009,-25.025,-23.194,-19.99,-21.058,-23.347,-27.467,-31.281,-36.47,-37.385,-36.012,-36.164,-41.658,-49.135,-55.086,-61.19,-71.413,-82.858,-95.37,-104.83,-116.12,-124.36,-130.47,-132.6,-134.59,-137.03,-140.08,-145.27,-150.61,-152.9,-157.48,-162.66,-171.21,-174.41,-175.63,-175.02,-177.92,-181.13,-185.55,-190.59,-195.47,-199.59,-202.49,-207.37,-215.16,-219.28,-225.07,-229.8,-235.15,-238.35,-242.93,-245.52,-250.25,-253.76,-258.95,-263.07,-268.11,-272.38,-276.65,-279.09,-281.53,-280.77,-280.16,-277.41,-274.67,-271.77,-268.41,-265.66,-261.85,-255.75,-250.4,-245.06,-240.18,-232.86,-228.89,-225.53,-224.01,-222.79,-222.79,-221.41,-216.99,-214.09,-214.09,-213.63,-213.32,-211.49,-209.97,-208.75,-208.59,-208.44,-208.59,-208.9,-208.9,-208.75,-208.14,-206.15,-202.49,-197.91,-196.84,-194.4,-192.57,-190.13,-188.15,-183.87,-181.28,-178.99,-176.85,-172.28,-168.16,-166.48,-166.02,-162.97,-161.75,-157.02,-152.44,-147.71,-146.03,-142.67,-140.54,-137.49,-133.98,-129.09,-123.6,-116.28,-108.34,-102.24,-96.744,-89.419,-83.773,-76.907,-69.43,-61.037,-55.849,-50.508,-45.167,-40.59,-36.47,-32.655,-28.23,-23.957,-21.973,-18.921,-17.548,-13.123,-10.224,-5.3407,-0.91556,4.5778,9.9185,13.123,14.496,18.006,21.058,25.636,30.061,36.317,38.453,40.437,41.505,43.489,42.726,43.489,43.031,41.963,41.2,40.437,40.132,38.301,33.723,30.976,28.382,28.382,27.314,26.093,26.856,29.756,31.587,32.655,35.096,37.843,40.895,44.862,46.083,47.914,48.372,53.255,56.764,58.748,57.68,56.764,57.375,59.358,61.342,65.31,69.124,72.787,74.465,78.738,81.637,85.757,90.335,94.15,96.744,99.796,101.32,102.85,102.85,103.76,104.98,109.1,112.16,115.97,117.65,117.04,114.44,112.31,112.16,113.53,114.44,116.89,118.72,121.92,122.84,124.21,124.82,125.74,124.21,124.06,126.5,127.72,126.65,123.6,120.4,117.34,112.61,110.48,107.73,105.9,101.47,101.02,105.14,111.39,115.36,117.34,119.02,120.09,120.09,121.92,123.75,126.5,129.25,133.98,136.72,138.1,137.03,134.28,132.91,130.77,128.79,126.96,124.97,121.01,116.73,115.21,112.77,110.63,109.26,111.39,112.77,113.99,113.38,110.32,106.97,103.61,99.185,95.828,92.471,90.03,86.215,83.621,80.264,78.127,75.533,72.634,69.735,67.293,64.089,60.274,57.527,57.07,55.238,53.713,51.424,51.271,52.492,54.781,55.696,53.865,50.813,48.83,46.236,43.031,38.606,34.791,30.061,29.603,30.366,30.976,29.756,28.84,26.551,23.957,20.6,18.311,15.412,11.444,8.24,8.8504,9.7659,9.1556,5.3407,3.8148,3.5096,4.7304,5.0356,3.0519,1.3733,1.2207,-0,0.61037,1.3733,2.5941,3.357,7.477,10.224,11.75,11.75,13.428,14.496,13.581,11.139,9.9185,6.4089,4.2726,0.15259,-2.5941,-5.4933,-9.4607,-14.496,-18.159,-24.11,-29.756,-34.333,-38.606,-42.116,-41.963,-41.963,-37.538,-34.639,-29.908,-26.093,-24.72,-23.499,-22.279,-21.363,-22.889,-23.041,-20.753,-18.769,-14.496,-12.36,-9.003,-6.2563,-2.8993,-1.2207,2.1363,5.7985,8.6978,10.681,10.681,11.292,12.36,11.597,11.444,5.9511,-0.91556,-9.4607,-16.633,-23.804,-29.603,-36.47,-42.573,-47.456,-52.339,-58.138,-63.021,-66.988,-68.972,-71.566,-73.55,-75.228,-72.939,-70.956,-68.667,-65.92,-60.579,-56.154,-53.865,-53.407,-53.102,-52.644,-48.372,-45.625,-41.658,-41.658,-42.421,-41.963,-42.573,-43.794,-44.557,-45.167,-48.219,-51.881,-52.492,-53.56,-53.255,-55.849,-56.001,-57.07,-56.307,-57.985,-59.816,-62.105,-64.547,-68.361,-72.787,-73.855,-74.313,-77.67,-78.738,-79.958,-78.89,-79.043,-80.264,-83.926,-88.046,-91.25,-92.776,-93.692,-94.607,-98.27,-102.69,-109.1,-111.24,-112.77,-114.29,-113.38,-113.83,-115.36,-116.12,-117.8,-121.62,-124.67,-124.52,-124.97,-123.75,-122.53,-120.09,-119.79,-118.41,-116.73,-115.21,-114.14,-112.92,-113.22,-113.22,-114.14,-113.53,-113.68,-111.7,-109.56,-104.68,-101.78,-97.049,-92.471,-87.436,-83.163,-80.264,-78.28,-76.144,-76.144,-75.686,-78.28,-77.975,-78.28,-78.28,-76.754,-74.618,-75.838,-75.686,-77.059,-77.364,-79.501,-80.874,-83.01,-87.588,-94.76,-97.964,-101.63,-102.54,-103.61,-103.61,-101.78,-99.185,-99.796,-99.796,-101.47,-97.964,-98.88,-100.25,-102.54,-99.338,-95.676,-94.76,-96.744,-97.964,-100.71,-103.15,-103.92,-102.85,-104.37,-103.92,-105.9,-106.05,-109.1,-107.73,-109.56,-110.32,-109.1,-106.66,-105.29,-107.73,-111.09,-113.38,-116.12,-117.5,-121.31,-124.52,-128.33,-132.76,-134.43,-131.84,-126.19,-121.77,-118.56,-117.8,-119.63,-121.77,-124.52,-124.21,-124.06,-123.6,-124.36,-125.13,-126.35,-122.99,-118.56,-114.9,-113.53,-112,-108.8,-103.61,-100.25,-96.744,-92.318,-86.367,-82.553,-78.89,-76.449,-73.244,-70.956,-69.124,-66.53,-64.241,-63.936,-63.173,-63.021,-59.053,-55.238,-50.05,-49.135,-50.966,-51.576,-51.729,-52.797,-51.271,-49.745,-49.593,-49.287,-50.356,-55.238,-59.358,-67.598,-75.838,-85.452,-93.081,-99.033,-102.69,-105.14,-106.66,-109.71,-109.87,-111.39,-110.63,-109.71,-108.34,-108.95,-107.58,-107.88,-105.59,-104.07,-102.39,-101.02,-100.25,-102.54,-103.92,-108.49,-112.61,-118.72,-122.23,-125.58,-129.25,-132.6,-132.15,-131.23,-133.52,-137.79,-140.69,-142.52,-141.45,-139.93,-136.88,-134.89,-133.37,-133.67,-135.81,-137.18,-138.1,-136.88,-136.57,-135.2,-132.3,-131.99,-129.4,-128.48,-126.8,-128.03,-127.11,-127.87,-127.87,-128.18,-127.87,-128.94,-127.11,-124.52,-121.01,-118.72,-112.31,-108.19,-103.15,-97.507,-90.182,-85.452,-79.653,-76.144,-74.465,-73.855,-71.566,-70.345,-68.514,-67.751,-65.31,-66.378,-64.699,-64.852,-63.021,-63.478,-59.816,-57.07,-52.187,-47.456,-41.047,-35.554,-29.298,-24.567,-18.921,-15.717,-11.597,-7.7822,-2.2889,3.8148,10.376,18.311,27.314,36.775,45.167,52.339,61.8,69.887,79.806,88.504,98.575,106.66,115.67,123.6,133.21,143.89,154.73,165.11,174.72,184.64,195.17,203.1,211.8,218.97,226.6,231.18,235.91,239.42,245.37,253.46,262.31,272.99,284.59,294.66,304.27,312.97,321.67,328.07,335.4,343.18,351.12,354.93,357.07,359.05,362.1,364.39,367.6,372.17,375.23,376.14,378.12,377.36,377.21,377.21,378.73,378.43,380.57,381.79,381.94,381.02,379.19,378.12,376.45,374,371.26,367.6,365.15,359.97,355.85,351.27,347.76,343.94,340.13,337.53,336.01,336.62,336.01,334.03,332.96,330.67,329.14,326.55,326.24,324.87,325.33,325.63,325.02,325.94,328.99,331.13,330.97,329.29,328.38,327.77,327.16,325.17,323.8,321.36,321.97,322.43,321.67,320.44,318.46,315.56,312.05,306.71,302.74,297.25,293.89,290.38,286.11,279.24,272.23,267.49,263.68,256.97,249.79,244.91,240.79,238.2,237.74,234.38,230.72,226.29,222.63,215.61,209.51,204.63,200.51,195.62,187.84,179.75,173.8,165.87,157.93,149.08,142.98,134.59,123.45,111.55,101.78,93.081,85.91,78.585,71.413,66.225,64.547,63.478,65.462,63.936,61.342,56.001,50.356,48.524,50.05,52.339,54.933,57.985,61.037,61.647,64.547,64.547,65.004,63.784,63.936,64.852,68.514,72.329,75.076,76.907,76.449,76.449,78.738,79.806,83.316,85.604,86.52,84.536,82.095,78.127,73.702,69.277,65.004,62.41,60.427,55.238,52.187,43.641,33.418,26.093,21.821,16.938,10.224,2.1363,-5.9511,-13.733,-19.684,-28.993,-36.012,-39.674,-42.573,-50.661,-59.206,-67.141,-73.855,-80.874,-88.961,-98.117,-104.37,-113.53,-118.87,-124.82,-128.94,-134.13,-138.25,-138.55,-138.1,-140.54,-142.98,-143.59,-142.67,-140.08,-136.11,-132.45,-127.57,-128.48,-130.16,-132.6,-133.98,-136.72,-140.69,-148.17,-156.25,-161.9,-161.6,-166.63,-173.04,-179.6,-184.33,-189.67,-191.5,-194.4,-195.47,-198.07,-202.49,-208.75,-212.41,-213.02,-211.95,-215.61,-217.29,-223.4,-228.43,-237.43,-243.08,-247.51,-251.78,-253.61,-254.52,-255.13,-256.05,-256.51,-254.52,-253.76,-252.85,-250.56,-243.08,-235.6,-226.75,-218.67,-211.95,-205.39,-202.8,-200.2,-194.1,-188.76,-182.65,-176.24,-171.97,-173.65,-173.8,-169.99,-162.36,-155.8,-151.22,-148.93,-149.69,-152.75,-154.42,-154.42,-152.44,-153.81,-155.34,-158.09,-162.66,-166.94,-168.16,-169.68,-170.6,-173.35,-175.94,-181.43,-185.09,-187.23,-189.83,-194.4,-198.22,-204.47,-209.2,-214.7,-219.43,-225.07,-231.03,-232.86,-232.4,-231.48,-229.8,-227.52,-224.92,-226.45,-227.21,-226.75,-226.91,-223.4,-218.05,-216.83,-214.39,-213.02,-209.97,-202.64,-197.15,-195.32,-189.67,-184.33,-176.24,-172.12,-167.39,-163.43,-158.7,-154.58,-145.88,-138.55,-132.15,-125.43,-114.29,-107.43,-102.08,-98.727,-94.913,-90.945,-87.741,-84.994,-81.637,-79.501,-76.296,-75.381,-74.923,-75.228,-73.397,-72.024,-68.819,-66.683,-67.293,-67.293,-67.598,-69.735,-67.293,-68.514,-70.193,-72.329,-69.277,-68.972,-67.598,-66.073,-65.767,-68.972,-69.582,-70.803,-68.514,-65.157,-61.037,-57.07,-54.018,-55.849,-52.644,-50.203,-49.44,-49.135,-45.93,-41.353,-37.69,-36.012,-31.281,-26.399,-20.6,-16.633,-8.0874,-2.5941,1.5259,4.7304,8.3926,9.3081,10.834,12.207,14.649,16.48,16.785,13.123,11.902,6.5615,1.2207,-6.2563,-9.9185,-11.139,-8.8504,-9.7659,-9.3081,-8.24,-7.7822,-5.9511,-0.61037,3.5096,10.376,13.733,17.548,17.853,22.279,27.619,33.265,37.538,43.794,53.407,62.716,68.361,77.364,82.553,86.52,88.504,92.929,96.744,101.78,106.81,109.1,110.63,112.46,112.46,114.14,115.67,115.51,112.31,109.1,107.12,106.51,103.15,99.948,95.828,91.098,85.757,81.179,76.296,75.228,72.939,71.718,69.277,66.53,63.021,59.664,56.612,56.001,56.459,56.001,52.797,48.677,45.778,45.93,45.93,48.677,50.356,51.118,49.745,48.067,46.693,47.761,45.778,46.236,49.44,50.661,50.356,49.287,47.151,46.846,45.93,48.982,49.745,48.067,44.71,39.979,36.927,34.028,29.756,27.161,21.516,15.564,9.4607,8.6978,7.9348,5.9511,1.0681,-2.8993,-4.12,-3.8148,-5.7985,-6.8667,-10.224,-13.581,-18.464,-20.447,-27.467,-30.061,-30.213,-28.382,-28.535,-28.535,-25.941,-22.889,-22.736,-23.652,-25.025,-23.347,-23.652,-22.736,-22.431,-20.142,-15.87,-11.902,-12.97,-10.376,-5.7985,-3.8148,-1.9837,-0.76296,-2.4415,-0.45778,-0.45778,3.2044,8.5452,12.055,11.902,12.818,13.886,16.175,18.921,21.668,26.551,31.739,35.096,36.775,36.164,37.08,36.775,35.249,30.519,26.551,20.905,16.48,10.987,6.1037,2.7467,0.45778,0.15259,1.2207,0.91556,-0.76296,-3.5096,-3.2044,-4.2726,-3.9674,-3.9674,-5.0356,-4.5778,-3.8148,-3.9674,-4.4252,-2.8993,1.8311,4.2726,6.7141,6.8667,8.6978,12.055,16.785,20.295,23.499,26.704,29.756,33.876,38.606,40.437,41.353,43.794,49.135,48.83,47.914,46.541,47.151,46.693,46.846,46.083,43.184,40.895,40.284,36.927,35.401,32.35,29.603,28.077,28.077,27.619,25.941,24.262,21.21,14.191,9.003,2.7467,-1.3733,-6.8667,-12.36,-19.379,-24.11,-28.84,-32.044,-36.622,-38.148,-41.963,-44.71,-49.593,-53.713,-58.29,-59.053,-60.121,-59.664,-62.258,-63.326,-63.173,-59.816,-55.086,-50.661,-47.456,-45.015,-43.794,-40.895,-37.233,-32.655,-32.197,-29.298,-25.025,-20.142,-19.227,-19.684,-21.058,-23.194,-24.11,-23.804,-26.246,-26.246,-26.704,-25.483,-25.483,-27.161,-30.671,-33.113,-35.249,-37.538,-39.216,-38.606,-38.911,-38.148,-38.301,-33.418,-32.35,-30.824,-32.35,-34.486,-34.333,-32.655,-30.824,-28.077,-23.499,-17.853,-15.564,-13.733,-14.191,-10.376,-8.6978,-7.1718,-7.1718,-6.8667,-5.3407,-4.12,-1.9837,0.45778,3.6622,5.4933,2.8993,3.8148,4.12,5.6459,5.0356,4.5778,4.12,2.8993,1.9837,-0,-4.12,-6.4089,-7.477,-7.9348,-9.3081,-6.5615,-9.3081,-12.97,-12.818,-11.444,-12.818,-16.175,-20.905,-23.499,-27.467,-30.671,-34.639,-34.333,-35.554,-36.47,-36.775,-36.164,-37.538,-39.064,-42.268,-45.167,-47.304,-47.914,-49.44,-50.966,-52.95,-50.661,-50.203,-49.44,-49.898,-51.271,-53.102,-54.323,-56.001,-56.307,-59.664,-60.579,-63.478,-61.342,-57.07,-50.356,-47.456,-44.71,-41.505,-37.233,-36.012,-35.707,-38.911,-38.606,-39.064,-39.827,-43.489,-43.947,-41.963,-41.353,-43.031,-47.761,-48.219,-42.116,-43.336,-47.304,-50.966,-52.339,-54.476,-52.492,-53.865,-51.729,-51.118,-50.661,-52.339,-50.508,-48.067,-48.219,-48.677,-46.999,-44.252,-40.437,-41.2,-41.963,-44.557,-45.93,-48.067,-49.593,-51.729,-53.56,-55.849,-56.154,-57.375,-57.222,-56.764,-56.001,-54.17,-48.982,-45.625,-43.031,-43.489,-43.031,-42.879,-40.742,-40.132,-39.369,-42.726,-42.879,-43.031,-44.862,-47.914,-46.388,-46.236,-47.609,-48.982,-46.541,-43.947,-42.421,-43.336,-43.336,-41.81,-39.369,-38.453,-38.148,-40.437,-40.284,-41.963,-45.625,-49.287,-48.982,-48.219,-48.219,-50.356,-48.067,-48.524,-50.966,-55.086,-58.596,-61.647,-63.326,-62.105,-61.8,-60.884,-57.985,-57.527,-57.07,-57.527,-57.222,-56.917,-55.696,-56.001,-56.154,-54.628,-52.492,-51.881,-51.271,-50.05,-48.067,-46.236,-41.658,-37.385,-31.892,-31.434,-31.587,-30.213,-26.093,-21.21,-17.243,-16.327,-15.87,-12.665,-7.9348,-7.6296,-5.6459,-4.7304,-2.7467,-0.45778,2.7467,5.9511,10.376,12.055,12.97,10.529,7.3244,3.357,3.8148,0.76296,2.7467,1.6785,-0,0.30519,-0,-2.2889,-0.30519,3.2044,1.6785,-0.15259,0.45778,-1.8311,-3.357,-6.4089,-9.6133,-15.717,-19.532,-24.567,-30.366,-33.876,-34.181,-36.775,-36.164,-35.859,-33.265,-32.96,-31.281,-30.213,-26.856,-25.178,-23.499,-22.736,-19.99,-15.717,-11.75,-9.1556,-5.0356,-2.7467,2.1363,3.8148,5.9511,6.4089,7.7822,4.12,-1.3733,-5.7985,-6.5615,-6.4089,-8.6978,-12.055,-10.987,-8.8504,-3.9674,-0.61037,2.1363,1.9837,3.2044,3.9674,6.8667,8.24,7.1718,6.1037,11.292,12.513,11.597,6.7141,3.8148,-0.15259,-0.15259,-0.61037,-0.30519,0.30519,2.1363,2.2889,2.5941,3.2044,3.9674,2.4415,2.5941,2.7467,3.8148,3.9674,4.12,5.1881,10.376,13.581,14.191,14.344,12.665,10.987,12.207,12.207,16.785,20.295,22.584,22.889,22.126,19.532,15.87,14.191,13.276,11.139,12.055,10.529,10.224,7.0193,7.477,7.9348,7.477,7.6296,9.6133,14.191,18.464,19.837,22.279,24.72,25.178,22.736,25.178,26.093,21.821,18.006,16.175,16.633,16.633,15.259,15.259,14.191,13.123,11.597,12.97,13.276,14.954,16.022,16.175,16.022,15.564,16.327,15.259,14.191,15.259,15.717,16.785,16.48,16.633,16.175,18.006,16.175,12.818,11.75,10.681,9.9185,10.224,9.7659,10.529,12.055,16.327,13.428,13.581,12.97,13.123,12.818,12.513,10.224,10.224,11.444,12.36,13.123,18.464,19.532,19.227,18.921,20.142,22.736,24.873,26.551,29.756,33.265,36.927,40.132,43.184,42.573,46.083,49.593,53.56,52.492,52.95,52.492,54.476,54.628,52.644,54.323,58.443,58.901,60.121,59.816,60.732,60.884,61.8,58.901,55.544,56.154,53.56,52.187,54.018,56.459,57.833,58.901,62.105,61.495,61.342,63.478,67.293,65.92,65.767,66.378,66.988,69.124,73.855,77.212,79.958,81.79,83.163,84.384,87.283,86.215,86.52,86.978,85.91,84.384,85.452,89.419,91.403,88.809,86.52,81.484,79.806,74.923,70.956,68.209,64.547,61.8,58.596,54.17,48.982,41.353,34.639,29.145,24.11,18.616,16.022,13.276,11.75,10.529,9.9185,9.3081,12.665,12.97,10.071,8.3926,7.1718,5.7985,9.6133,14.344,18.464,20.6,24.262,25.941,27.161,28.84,31.892,33.418,34.486,33.418,32.044,32.35,34.791,32.502,31.434,31.739,34.639,34.944,35.096,34.944,36.927,36.775,33.723,28.993,26.246,22.736,19.532,14.496,11.597,3.0519,-4.4252,-9.3081,-15.107,-18.616,-19.837,-19.532,-16.48,-14.954,-15.259,-16.175,-15.564,-19.837,-21.668,-23.347,-25.178,-26.856,-21.821,-17.701,-18.616,-19.532,-16.175,-13.886,-12.665,-14.496,-13.733,-13.581,-13.276,-14.954,-15.87,-15.107,-13.886,-14.191,-15.717,-17.548,-17.396,-20.142,-22.279,-26.246,-26.551,-29.145,-32.044,-35.096,-35.401,-37.843,-39.827,-42.879,-43.336,-46.388,-45.93,-45.625,-40.132,-35.859,-32.502,-30.213,-25.483,-21.516,-17.09,-10.681,-4.2726,1.3733,5.1881,6.8667,10.224,12.055,15.259,21.058,23.347,23.194,22.736,22.736,20.905,18.464,15.87,13.581,16.633,16.175,16.022,14.191,13.123,11.902,9.9185,6.5615,2.8993,-0,-3.0519,-3.5096,-5.4933,-9.3081,-9.3081,-7.9348,-7.1718,-6.2563,-5.6459,-9.3081,-11.139,-12.36,-14.649,-16.327,-15.412,-13.123,-9.7659,-5.6459,-1.3733,-0.30519,0.76296,-1.9837,-3.357,-2.8993,-4.2726,-3.8148,-2.8993,-3.0519,-5.1881,-9.1556,-13.428,-16.022,-17.701,-19.227,-20.142,-25.941,-30.213,-34.028,-38.911,-45.167,-50.508,-57.375,-61.8,-69.124,-73.092,-75.533,-79.043,-81.332,-82.4,-87.13,-87.283,-89.419,-93.387,-95.676,-97.812,-97.812,-96.591,-103.61,-108.34,-112.77,-115.82,-121.16,-126.19,-133.06,-136.11,-138.71,-144.05,-147.86,-148.01,-149.24,-150.91,-151.07,-150.15,-155.64,-162.36,-161.6,-156.56,-153.36,-151.37,-147.1,-143.44,-138.86,-133.98,-132.91,-129.55,-125.28,-119.33,-113.99,-107.58,-100.86,-94.913,-91.098,-86.673,-81.332,-74.16,-71.261,-66.225,-61.342,-50.966,-41.505,-32.197,-28.23,-26.399,-26.093,-23.041,-20.447,-18.769,-18.311,-15.717,-16.175,-16.022,-17.548,-14.496,-7.7822,-4.12,-2.1363,-1.0681,-4.12,-6.7141,-9.9185,-15.412,-22.126,-22.431,-21.821,-19.684,-18.311,-19.379,-19.99,-18.311,-16.327,-14.649,-14.954,-13.733,-13.123,-6.4089,-2.2889,-1.8311,-5.7985,-6.7141,-4.4252,-5.4933,-4.12,0.30519,0.91556,2.1363,3.2044,2.5941,-0.76296,-2.2889,-1.5259,2.2889,2.7467,3.0519,1.6785,0.15259,4.4252,9.6133,12.513,17.548,18.616,22.431,28.535,34.181,39.827,43.947,46.846,52.339,56.459,59.664,62.105,62.868,60.732,60.884,59.206,59.816,58.748,57.68,57.07,53.713,54.17,57.375,59.053,61.495,61.953,62.716,64.241,67.598,68.819,72.939,74.923,76.601,80.111,82.553,82.705,83.773,86.215,91.098,95.523,99.033,102.69,104.37,105.59,108.04,110.17,113.68,119.63,124.82,124.82,125.43,123.45,122.23,124.36,123.91,119.33,117.34,118.41,120.85,118.11,115.82,112.77,112.92,113.22,111.39,105.14,102.69,102.08,101.47,100.86,102.08,100.56,97.964,93.387,90.64,90.487,91.098,90.182,87.741,86.367,85.452,83.01,78.127,71.566,65.462,62.563,62.716,58.138,53.407,49.745,46.999,44.557,41.353,38.606,37.69,33.113,32.044,32.044,31.892,32.197,34.486,36.775,34.486,29.145,26.093,23.804,21.973,14.954,15.107,18.616,19.227,11.75,9.9185,8.24,3.8148,0.91556,0.15259,-3.6622,-7.9348,-9.6133,-9.003,-9.6133,-8.24,-7.477,-6.2563,-6.2563,-6.1037,-4.2726,-3.2044,-4.5778,-6.2563,-6.8667,-4.883,-7.7822,-6.7141,-5.7985,-6.4089,-10.529,-13.276,-14.801,-16.327,-17.243,-15.412,-13.276,-12.207,-15.717,-18.616,-23.652,-24.567,-21.21,-20.905,-22.736,-23.804,-22.736,-23.194,-25.178,-26.551,-27.467,-29.756,-34.791,-35.554,-37.385,-37.996,-38.453,-39.216,-39.827,-41.047,-42.726,-42.879,-47.151,-50.508,-56.154,-58.596,-57.375,-57.222,-56.612,-55.696,-54.628,-52.95,-51.424,-47.761,-46.236,-41.047,-36.927,-34.333,-32.197,-31.281,-29.908,-27.009,-23.957,-20.142,-17.243,-13.886,-14.344,-11.139,-11.597,-12.97,-13.276,-12.97,-13.428,-15.412,-16.022,-15.412,-17.701,-19.227,-21.058,-21.21,-21.821,-21.058,-23.804,-29.45,-33.723,-36.927,-43.794,-47.761,-50.813,-52.797,-55.544,-59.664,-63.173,-65.462,-67.141,-66.836,-67.751,-65.92,-65.92,-66.53,-67.904,-67.598,-68.209,-71.718,-74.465,-75.686,-79.043,-81.332,-84.536,-85.91,-87.436,-88.351,-90.793,-90.182,-90.793,-93.081,-96.744,-99.49,-100.1,-96.896,-92.929,-87.741,-86.367,-86.978,-87.283,-86.062,-84.536,-83.773,-84.384,-84.231,-83.316,-80.721,-79.348,-78.28,-78.585,-78.738,-79.043,-79.348,-80.111,-81.027,-83.621,-85.91,-88.198,-88.809,-90.335,-88.809,-88.046,-86.825,-84.841,-85.452,-88.504,-90.487,-93.539,-93.234,-93.692,-92.929,-95.523,-98.575,-101.78,-99.796,-95.981,-94.76,-93.844,-89.114,-87.13,-87.283,-88.351,-85.604,-83.468,-80.569,-80.264,-77.822,-77.67,-78.738,-80.569,-81.637,-83.163,-82.553,-83.468,-90.182,-95.523,-97.507,-98.727,-95.523,-90.945,-83.621,-76.907,-70.956,-67.293,-63.936,-62.868,-61.495,-61.953,-59.206,-57.222,-53.407,-49.135,-46.693,-47.304,-48.219,-48.067,-47.761,-46.236,-45.473,-47.609,-49.287,-52.187,-54.933,-59.206,-63.173,-69.124,-74.007,-79.043,-84.384,-89.572,-90.182,-90.335,-90.182,-92.929,-95.065,-98.27,-101.47,-105.14,-107.73,-110.48,-112.77,-113.83,-112.61,-112.77,-110.78,-109.71,-106.66,-104.53,-102.24,-99.033,-95.828,-95.065,-94.302,-93.081,-87.283,-85.604,-84.689,-86.673,-86.978,-90.793,-92.929,-94.913,-92.929,-94.15,-95.828,-97.964,-98.727,-102.69,-104.07,-102.85,-99.185,-95.676,-92.776,-90.182,-86.978,-87.588,-90.03,-95.828,-104.07,-113.07,-118.87,-125.58,-131.69,-139.47,-147.1,-154.42,-161.14,-166.02,-171.21,-178.69,-184.64,-193.18,-199.13,-201.73,-202.03,-203.25,-202.8,-200.51,-197,-193.79,-190.13,-191.35,-190.59,-190.89,-190.13,-189.67,-184.64,-181.89,-179.75,-177.01,-173.35,-170.29,-167.85,-166.63,-161.75,-161.9,-161.75,-162.66,-160.22,-158.7,-158.24,-159.76,-159.61,-161.29,-159.46,-157.48,-155.49,-157.17,-155.95,-156.87,-155.34,-156.87,-159.61,-162.51,-162.05,-164.49,-167.39,-169.84,-168.77,-171.82,-172.73,-172.43,-171.06,-172.73,-174.87,-175.63,-174.11,-171.21,-168.77,-172.12,-174.26,-177.77,-179.6,-182.04,-180.36,-179.45,-176.24,-171.82,-168,-163.12,-153.81,-148.17,-141.15,-135.5,-125.28,-117.5,-106.66,-97.964,-91.708,-87.13,-80.264,-74.313,-69.582,-65.462,-58.596,-55.086,-51.424,-51.424,-52.95,-54.628,-53.407,-51.271,-50.203,-51.271,-51.424,-54.17,-54.781,-56.154,-57.527,-59.664,-59.969,-62.105,-65.462,-67.293,-65.767,-62.868,-59.206,-58.443,-58.748,-60.427,-59.206,-58.748,-58.748,-57.68,-54.628,-54.17,-53.407,-53.56,-51.424,-46.541,-41.047,-40.437,-40.59,-41.505,-39.979,-33.723,-28.84,-25.33,-18.921,-13.276,-8.3926,-5.4933,-1.3733,3.5096,7.9348,11.444,18.006,25.025,28.687,32.044,36.775,40.284,44.404,49.898,58.443,64.089,66.836,71.413,80.416,81.942,83.01,84.384,90.03,91.098,93.844,96.438,98.88,98.727,99.185,99.033,99.796,99.49,101.63,102.24,103.15,104.37,106.2,106.81,108.8,107.73,106.97,104.22,103.31,101.17,100.86,102.24,105.14,106.2,108.95,109.87,112.16,114.6,119.33,122.53,126.35,130.92,135.81,139.01,144.51,150.46,156.87,160.99,166.17,169.38,173.35,172.89,172.12,172.89,172.89,172.73,172.43,171.82,170.6,168.16,169.07,166.78,166.48,165.11,164.19,163.43,166.94,167.55,165.11,164.04,165.56,165.87,166.17,163.88,163.43,161.14,159.31,154.27,150.3,145.42,141.91,141.91,143.28,142.06,142.67,143.44,147.25,150.15,154.58,157.93,160.53,162.51,164.34,164.34,166.33,166.17,164.65,165.56,166.33,163.12,157.93,155.03,157.17,154.73,152.29,152.59,151.07,146.79,145.42,144.2,149.08,148.93,145.42,140.39,136.11,132.45,128.33,126.8,126.5,125.74,128.03,125.58,124.97,123.45,121.46,118.56,116.43,112.92,109.87,107.43,104.22,98.27,91.403,82.858,73.092,61.647,54.781,46.236,36.47,25.025,16.48,7.7822,0.76296,-9.6133,-17.396,-23.194,-27.009,-26.856,-27.161,-30.519,-33.418,-39.827,-46.541,-50.508,-53.255,-54.933,-56.917,-62.105,-62.258,-63.784,-59.969,-60.274,-61.495,-63.326,-65.004,-68.209,-69.582,-67.751,-64.089,-67.293,-68.667,-72.634,-79.653,-90.335,-95.676,-101.32,-107.12,-110.32,-119.02,-128.48,-136.27,-142.98,-150.15,-158.85,-165.11,-169.38,-171.51,-175.79,-178.69,-178.38,-174.11,-172.58,-168.16,-168.92,-167.55,-163.58,-156.87,-155.34,-152.59,-149.39,-149.08,-143.59,-138.1,-139.32,-135.96,-133.06,-128.79,-127.72,-121.92,-115.51,-112.61,-108.19,-101.17,-101.63,-106.81,-105.44,-99.49,-98.27,-99.033,-99.948,-102.24,-103,-103.61,-103.46,-102.54,-102.85,-103.46,-102.69,-100.71,-102.08,-99.185,-97.049,-101.32,-106.2,-107.88,-110.78,-108.04,-109.41,-107.12,-101.63,-107.73,-118.41,-119.17,-121.92,-121.31,-122.68,-122.38,-124.21,-123.29,-125.89,-125.89,-123.6,-123.29,-127.11,-124.21,-122.53,-123.91,-126.5,-123.75,-125.74,-126.04,-128.94,-134.74,-137.33,-141.91,-143.74,-144.35,-146.03,-142.37,-142.22,-143.13,-150.91,-151.37,-146.79,-143.28,-138.25,-137.79,-139.16,-138.71,-144.2,-146.34,-149.54,-152.13,-157.63,-161.75,-163.12,-163.58,-165.26,-168.31,-171.51,-173.35,-178.99,-182.5,-184.79,-183.11,-179.91,-176.24,-176.55,-175.79,-174.26,-172.73,-173.5,-177.31,-178.99,-178.99,-178.69,-177.31,-177.16,-177.01,-178.08,-181.28,-182.04,-177.31,-171.97,-170.45,-169.99,-164.95,-163.73,-160.22,-154.73,-151.37,-153.36,-151.98,-149.24,-147.86,-146.64,-146.79,-146.18,-144.96,-143.59,-140.23,-135.96,-131.99,-128.94,-123.6,-117.95,-114.6,-112.61,-114.29,-115.05,-112.46,-111.39,-112.77,-113.38,-113.22,-114.44,-113.38,-113.38,-116.28,-116.12,-114.14,-112.61,-111.09,-110.93,-111.24,-109.87,-104.98,-100.71,-95.523,-91.556,-86.978,-84.078,-80.569,-77.212,-73.092,-69.43,-62.258,-54.018,-46.846,-44.71,-40.742,-39.827,-32.35,-25.636,-17.548,-12.665,-7.0193,-6.2563,-5.3407,-4.883,-3.357,-2.8993,-2.5941,-3.2044,-0.61037,0.45778,3.8148,5.4933,7.7822,12.97,20.447,24.567,29.145,37.843,46.083,48.372,50.508,52.797,55.849,54.018,53.865,52.339,52.797,51.576,50.813,48.982,48.219,49.44,49.44,48.219,46.236,45.93,48.067,45.625,45.93,45.167,48.219,49.593,49.898,46.083,45.93,45.93,43.184,39.979,41.505,43.489,44.862,43.336,46.388,47.304,47.914,46.083,47.456,50.05,53.255,55.544,57.375,58.748,61.953,63.478,66.53,68.056,69.887,70.193,71.261,73.855,78.28,83.163,87.588,91.25,95.523,94.607,96.896,97.964,102.08,104.53,105.14,109.41,115.51,122.53,130.77,137.18,145.73,153.81,159.15,163.12,169.99,177.62,183.57,187.84,189.52,189.21,189.37,189.52,193.49,196.23,199.59,200.66,202.19,204.93,206.92,208.44,208.59,207.68,209.05,210.73,212.71,213.32,215.92,216.83,217.6,219.12,221.87,222.63,224.62,227.82,232.55,235.45,238.5,240.33,243.69,244.91,247.81,250.56,252.85,253.76,254.52,255.59,257.73,259.87,261.85,263.99,267.19,267.49,269.94,272.68,276.65,279.24,283.52,288.86,295.42,302.74,306.41,310.22,315.56,317.55,320.29,321.51,323.34,325.17,324.72,323.65,323.34,322.58,320.29,318.92,317.85,312.81,307.17,303.35,300.76,298.01,295.72,295.88,296.33,296.33,296.64,295.57,295.72,295.57,296.18,296.03,297.1,297.71,299.84,301.07,301.52,302.44,301.98,302.59,303.51,303.05,302.29,300.45,298.17,294.05,291.3,285.81,281.53,278.94,276.65,275.28,272.99,271.77,273.45,274.06,273.9,271.77,271.46,269.48,267.49,265.36,262.92,259.41,255.44,252.85,249.03,244.3,241.25,236.52,231.79,224.92,218.67,213.63,209.05,206.76,205.54,204.32,204.32,199.44,195.93,191.81,189.21,185.55,182.81,178.53,174.26,169.68,164.49,160.83,156.41,150,142.67,134.74,129.7,124.21,119.94,113.07,106.05,99.948,94.302,90.335,87.283,84.384,83.621,79.653,78.433,76.907,76.907,76.296,76.144,75.838,74.77,73.244,71.718,70.956,71.413,72.329,77.059,80.569,82.705,84.536,83.621,82.858,80.416,78.127,77.517,74.465,69.887,65.157,62.868,58.901,54.323,50.356,47.304,45.32,44.252,43.336,40.132,36.317,32.502,24.873,18.464,10.987,4.4252,1.3733,-0.45778,-0.76296,-0.61037,-1.9837,-4.4252,-8.24,-9.6133,-14.954,-20.753,-27.009,-33.265,-40.284,-46.999,-52.187,-56.459,-61.037,-64.852,-71.108,-75.381,-76.144,-74.618,-71.413,-68.361,-67.293,-69.124,-75.076,-79.653,-82.553,-83.926,-86.367,-88.961,-93.081,-95.523,-99.49,-102.54,-105.29,-108.34,-110.48,-112.92,-115.67,-117.95,-120.7,-123.14,-128.03,-129.55,-130.16,-129.55,-128.48,-128.18,-130.47,-132.76,-136.88,-139.01,-139.77,-136.42,-131.84,-125.43,-122.38,-118.41,-116.43,-116.58,-118.56,-118.72,-117.34,-115.05,-114.29,-113.07,-114.75,-114.14,-115.82,-116.43,-119.94,-122.84,-126.35,-130.16,-133.67,-133.82,-134.74,-135.81,-138.71,-137.94,-137.49,-133.37,-131.08,-128.33,-128.79,-128.33,-127.41,-125.13,-122.84,-121.01,-122.84,-123.14,-129.4,-135.04,-139.47,-141.91,-145.57,-148.17,-152.13,-157.78,-164.04,-168.46,-171.21,-171.67,-171.67,-169.84,-171.36,-172.43,-175.18,-176.09,-179.91,-183.72,-186.93,-187.38,-187.54,-190.59,-193.79,-196.84,-203.41,-208.75,-216.22,-220.04,-222.48,-221.72,-224.92,-225.84,-226.29,-226.45,-230.26,-233.16,-234.08,-230.72,-230.11,-226.75,-227.21,-226.45,-228.28,-228.13,-229.5,-231.33,-234.53,-236.37,-238.5,-239.42,-240.64,-238.2,-235.45,-230.41,-226.6,-220.95,-216.99,-213.02,-209.05,-204.47,-203.71,-203.56,-202.03,-199.59,-197.76,-191.35,-187.54,-183.26,-183.26,-184.48,-184.18,-182.04,-181.43,-179.91,-175.48,-169.53,-165.41,-160.07,-156.87,-152.75,-150.15,-146.95,-147.25,-147.56,-149.24,-150.3,-151.22,-151.83,-150.76,-148.01,-146.79,-141.91,-140.69,-138.25,-138.4,-137.79,-136.27,-134.43,-133.37,-132.6,-132.6,-130.92,-129.86,-128.64,-128.94,-128.33,-128.33,-128.03,-127.87,-126.04,-126.19,-124.97,-124.52,-122.99,-121.62,-119.33,-119.63,-120.09,-121.01,-118.41,-116.28,-111.24,-107.27,-105.44,-105.9,-104.22,-103.31,-102.54,-104.53,-103.15,-102.54,-101.17,-99.338,-95.981,-93.387,-90.03,-89.267,-87.436,-87.588,-88.046,-90.793,-90.64,-91.25,-88.046,-85.299,-80.874,-76.449,-73.244,-72.176,-70.65,-69.735,-68.667,-69.124,-67.904,-68.819,-67.751,-68.056,-66.378,-68.209,-69.582,-70.04,-70.345,-70.345,-68.667,-67.141,-63.021,-59.816,-54.781,-52.644,-50.661,-49.898,-46.693,-43.336,-39.064,-35.554,-30.671,-28.687,-26.399,-25.483,-22.431,-19.99,-14.801,-10.834,-4.4252,0.15259,5.9511,10.071,13.428,17.243,22.736,27.009,30.213,30.213,31.129,31.129,32.197,33.723,37.69,41.505,45.167,49.44,56.001,61.19,66.53,70.04,75.228,79.653,86.062,90.793,95.981,98.727,99.796,99.948,103.92,109.26,114.75,116.73,120.85,123.45,128.33,131.53,133.37,133.21,133.67,132.91,132.15,131.84,132.3,131.08,132.15,132.91,136.11,137.49,139.47,139.62,139.77,138.71,138.1,137.64,139.32,139.62,141.91,142.67,145.88,146.18,150.3,155.19,161.9,167.55,172.89,177.92,182.65,187.38,195.93,201.12,204.47,204.78,206.15,205.39,208.14,210.88,214.24,216.22,216.53,217.44,219.58,223.55,227.82,228.74,230.41,229.35,229.8,228.28,226.45,226.45,225.68,223.24,222.17,221.11,221.26,221.56,223.85,225.68,227.67,227.82,229.65,229.5,229.8,229.35,228.74,229.5,229.5,227.52,226.45,224.31,225.23,225.07,226.45,229.35,231.79,233.01,233.47,234.23,233.31,232.25,233.31,230.87,228.28,224.46,219.12,210.43,205.24,200.2,194.56,189.83,185.09,179.6,174.26,170.29,166.94,161.29,157.32,151.68,146.64,141.91,136.88,133.52,130.01,126.19,121.46,116.58,113.07,107.12,102.39,97.964,94.607,90.64,89.572,90.335,88.961,86.062,83.926,80.569,77.059,70.956,64.852,57.527,52.95,45.93,40.742,37.385,36.317,34.181,30.671,28.382,28.382,26.093,24.567,23.347,22.279,19.074,17.548,14.039,10.681,7.9348,4.7304,-0.61037,-4.5778,-7.3244,-7.7822,-12.818,-15.87,-18.616,-18.464,-19.837,-21.973,-24.567,-27.009,-29.45,-29.908,-30.366,-29.298,-31.739,-32.197,-32.35,-32.197,-34.028,-34.181,-36.775,-39.674,-41.963,-40.895,-37.996,-35.401,-35.707,-36.775,-40.284,-40.132,-39.064,-35.401,-35.249,-34.944,-32.96,-29.145,-27.619,-24.567,-22.431,-19.837,-16.633,-12.36,-10.071,-7.1718,-6.7141,-4.2726,-2.7467,-2.1363,-2.2889,-0.91556,-0.76296,-1.5259,-3.0519,-5.4933,-11.292,-15.87,-21.058,-23.194,-25.025,-25.483,-29.298,-33.265,-35.249,-36.622,-36.164,-35.554,-35.554,-36.164,-37.996,-40.284,-42.879,-44.862,-48.524,-49.593,-51.271,-53.407,-55.391,-58.596,-60.427,-59.664,-59.969,-61.495,-65.462,-68.209,-71.718,-73.092,-74.007,-72.176,-71.413,-71.566,-72.787,-76.601,-82.705,-88.656,-92.471,-96.286,-101.32,-104.07,-109.87,-113.07,-118.56,-124.06,-129.55,-133.06,-137.64,-141.45,-143.74,-147.4,-152.75,-156.25,-159.92,-160.83,-161.75,-159.76,-162.05,-162.97,-165.11,-166.48,-168.46,-168.16,-169.23,-169.53,-168.61,-165.11,-163.58,-160.37,-159.92,-158.54,-160.22,-160.07,-162.36,-161.14,-160.37,-158.7,-158.24,-157.78,-158.54,-160.07,-165.41,-167.09,-166.63,-166.17,-168.92,-170.14,-171.97,-172.28,-171.82,-170.45,-170.29,-169.53,-170.29,-167.7,-167.7,-167.85,-169.99,-168,-167.39,-165.11,-161.75,-157.02,-150.76,-144.51,-137.94,-133.37,-131.08,-126.8,-124.52,-118.56,-112.77,-104.83,-100.86,-97.659,-94.76,-89.877,-85.757,-81.942,-77.364,-71.566,-68.972,-66.073,-64.089,-58.29,-54.933,-51.729,-49.898,-47.914,-47.914,-48.219,-50.203,-50.356,-49.135,-47.304,-45.167,-41.658,-41.658,-39.674,-39.827,-39.216,-37.843,-32.96,-31.434,-32.35,-33.113,-34.181,-35.249,-34.181,-32.96,-31.129,-30.061,-26.093,-23.194,-17.853,-14.954,-9.7659,-6.2563,0.45778,6.1037,8.8504,9.9185,11.139,11.139,13.733,16.022,18.616,18.769,20.295,21.363,25.483,27.924,31.892,34.486,33.113,30.671,28.687,26.093,22.736,20.142,18.006,12.665,8.5452,4.4252,2.4415,2.1363,2.5941,2.8993,2.1363,4.2726,7.3244,9.4607,10.071,9.3081,11.139,13.886,18.006,20.142,22.126,23.652,28.535,31.892,35.096,38.148,39.521,40.895,42.116,41.658,40.59,39.521,40.895,41.353,43.031,43.947,44.557,44.252,43.336,41.963,41.353,38.759,36.775,35.707,38.453,40.895,45.015,47.761,49.745,49.745,49.593,49.135,48.677,47.914,49.135,47.914,49.898,49.745,53.102,55.391,58.443,61.8,65.767,67.293,68.209,68.667,68.361,66.988,65.767,62.258,60.579,57.375,53.713,51.118,50.356,50.203,48.677,46.999,46.846,48.372,50.356,49.898,50.356,49.745,50.356,49.745,49.287,50.203,49.745,49.135,49.287,50.05,50.356,48.677,47.609,43.031,38.911,32.96,28.382,22.126,18.464,17.548,16.022,14.191,12.055,9.9185,7.7822,5.6459,4.4252,2.8993,2.2889,-1.2207,-4.883,-7.0193,-11.75,-14.039,-14.344,-16.48,-20.753,-23.804,-25.788,-29.603,-30.366,-30.061,-28.535,-29.145,-29.45,-28.535,-28.23,-28.077,-28.535,-29.908,-30.671,-33.113,-34.486,-35.707,-35.707,-36.622,-37.233,-37.538,-38.759,-41.353,-41.2,-39.369,-37.233,-34.639,-30.366,-27.619,-22.889,-19.837,-17.701,-17.243,-17.853,-17.853,-16.175,-15.107,-13.428,-14.344,-14.954,-16.48,-15.717,-15.107,-11.902,-8.5452,-7.1718,-9.6133,-13.428,-15.107,-14.344,-16.48,-17.396,-21.058,-23.194,-27.467,-28.687,-27.314,-24.415,-24.72,-25.025,-25.636,-25.636,-27.009,-25.025,-24.873,-23.194,-25.788,-29.756,-32.655,-33.723,-36.012,-39.827,-46.693,-51.118,-58.29,-62.41,-65.92,-66.53,-65.31,-60.732,-55.238,-49.44,-46.236,-43.336,-42.421,-41.505,-44.099,-47.456,-52.492,-55.696,-57.833,-59.511,-59.358,-57.985,-58.748,-60.274,-61.8,-60.121,-61.19,-62.716,-64.699,-66.073,-68.514,-71.413,-75.076,-76.907,-78.433,-78.127,-77.822,-76.449,-75.228,-71.871,-66.53,-62.258,-61.037,-60.427,-59.969,-57.222,-54.781,-51.729,-49.745,-47.304,-48.067,-47.761,-45.778,-42.421,-37.385,-32.96,-30.061,-27.161,-26.093,-23.499,-24.415,-24.415,-23.347,-21.363,-20.905,-20.142,-20.295,-21.363,-25.483,-28.993,-31.892,-31.739,-29.603,-27.314,-26.246,-24.567,-24.72,-27.619,-29.298,-30.976,-32.96,-31.739,-30.671,-29.756,-29.603,-28.687,-28.382,-26.856,-26.093,-26.399,-25.483,-23.957,-23.499,-22.126,-23.041,-22.431,-24.72,-25.33,-29.45,-30.519,-31.587,-30.976,-31.434,-29.603,-29.756,-30.061,-34.028,-34.791,-37.233,-36.622,-37.538,-37.08,-37.996,-35.249,-31.739,-28.993,-29.756,-29.145,-28.687,-27.161,-28.993,-27.772,-27.924,-27.467,-31.739,-34.791,-39.827,-43.489,-46.388,-46.083,-46.083,-43.794,-41.81,-39.369,-37.843,-36.012,-37.385,-36.47,-36.012,-37.233,-35.859,-34.486,-34.028,-32.807,-30.061,-25.483,-23.347,-21.668,-21.058,-18.464,-16.48,-17.09,-16.633,-16.48,-15.717,-16.022,-18.311,-21.668,-23.804,-23.957,-25.941,-28.84,-29.45,-28.23,-27.772,-27.314,-28.077,-29.603,-33.57,-35.707,-40.59,-45.473,-50.966,-53.713,-54.476,-55.696,-56.307,-56.917,-57.527,-57.07,-56.612,-54.781,-54.17,-51.118,-47.304,-43.336,-38.148,-31.281,-24.567,-18.159,-14.039,-8.3926,-4.5778,-0.76296,1.8311,3.2044,2.2889,1.5259,2.1363,1.6785,1.0681,1.3733,0.45778,0.61037,-1.0681,-1.0681,-0.45778,-1.0681,-1.0681,0.45778,1.3733,0.91556,1.3733,3.357,4.12,4.12,0.45778,-1.5259,-2.2889,-3.2044,-3.9674,-7.1718,-11.597,-14.954,-18.159,-19.99,-24.11,-25.941,-27.619,-27.619,-28.23,-29.298,-31.587,-31.587,-32.807,-36.164,-40.132,-40.284,-40.59,-40.895,-43.336,-43.184,-43.031,-43.031,-45.778,-49.287,-53.102,-54.476,-55.391,-55.849,-59.664,-61.953,-65.157,-65.92,-66.378,-64.394,-62.258,-59.664,-58.901,-57.68,-58.443,-55.391,-53.407,-53.56,-56.459,-55.849,-55.544,-55.391,-57.833,-60.121,-61.495,-61.495,-61.495,-59.206,-58.29,-55.391,-54.933,-53.713,-53.255,-49.135,-46.236,-43.031,-40.284,-33.723,-26.551,-16.785,-5.3407,6.8667,15.87,24.567,29.45,36.775,39.674,44.404,48.219,51.881,56.001,61.8,67.598,70.956,75.838,82.705,86.673,89.572,94.455,101.93,106.36,105.75,103.92,102.85,101.02,101.78,101.47,102.39,101.78,104.53,103.46,101.32,96.286,92.318,89.419,89.419,87.588,85.299,83.621,84.536,82.095,81.027,80.569,81.027,79.653,79.806,80.721,83.621,83.773,82.553,80.874,83.316,82.247,80.874,78.738,78.127,74.16,72.634,70.803,70.345,69.124,67.141,61.19,56.154,51.424,48.219,43.184,38.911,34.791,30.519,25.178,21.668,19.684,16.175,10.529,5.6459,-0.61037,-4.5778,-9.003,-11.444,-14.496,-15.564,-16.48,-16.48,-14.954,-11.597,-7.3244,-1.3733,0.91556,4.12,6.4089,10.834,12.36,11.292,7.9348,3.6622,-1.0681,-5.3407,-8.0874,-10.071,-11.902,-10.529,-10.834,-10.529,-10.529,-11.444,-13.886,-16.327,-20.142,-23.347,-27.314,-28.382,-29.603,-29.145,-29.756,-28.23,-29.145,-27.772,-29.603,-31.892,-34.791,-37.996,-39.979,-39.827,-39.674,-39.369,-40.59,-41.505,-44.099,-41.353,-38.759,-31.739,-27.161,-23.652,-22.279,-18.921,-16.785,-16.175,-17.548,-15.564,-14.496,-12.513,-11.444,-7.6296,-5.1881,-0.61037,-0.61037,-4.12,-7.477,-9.4607,-9.9185,-10.834,-14.344,-15.412,-17.09,-16.48,-18.464,-19.074,-22.126,-21.821,-21.363,-21.516,-21.363,-18.921,-17.396,-16.785,-17.396,-17.701,-18.616,-17.09,-16.022,-13.733,-12.97,-10.834,-10.681,-11.292,-12.055,-12.207,-14.039,-14.191,-15.259,-15.107,-15.564,-14.954,-14.344,-11.597,-8.5452,-5.6459,-3.2044,1.3733,4.883,7.1718,9.7659,16.48,21.21,24.72,25.941,27.009,28.535,30.061,31.281,34.333,37.996,39.369,40.284,42.879,44.099,44.862,43.947,43.184,42.421,40.895,39.064,39.064,37.538,37.08,36.317,37.385,38.301,40.59,39.979,39.064,37.538,37.233,36.47,36.012,34.944,32.655,30.976,29.908,27.467,27.772,25.178,23.499,22.584,25.788,29.603,34.181,40.132,44.252,46.236,46.083,43.489,41.658,38.911,37.385,34.181,31.892,29.145,26.093,23.804,21.973,22.126,24.873,26.704,27.924,25.33,21.516,19.684,18.311,15.87,13.886,13.276,12.665,12.513,9.9185,6.8667,6.8667,5.0356,5.9511,9.4607,14.801,18.769,21.821,26.856,32.197,34.944,33.57,32.044,32.807,33.113,34.181,32.502,30.366,30.213,31.129,29.145,25.178,21.973,20.447,21.516,22.431,19.837,17.548,13.886,11.597,9.3081,7.9348,7.477,8.5452,9.6133,12.055,15.259,18.311,19.227,18.769,18.159,18.159,17.09,16.48,13.428,11.292,9.7659,9.7659,10.681,11.902,14.344,17.701,19.379,18.921,17.853,18.464,18.006,17.243,14.801,12.513,10.987,7.9348,4.12,0.76296,-2.8993,-4.12,-5.4933,-3.6622,-3.8148,-5.1881,-7.6296,-7.3244,-9.3081,-11.139,-16.022,-18.159,-22.584,-25.33,-28.535,-27.772,-30.519,-31.281,-32.35,-32.655,-35.249,-35.707,-36.775,-36.012,-36.927,-38.148,-40.742,-40.895,-41.2,-40.59,-41.81,-39.979,-41.2,-40.59,-41.353,-39.216,-38.301,-36.622,-34.639,-31.739,-30.519,-28.993,-28.382,-24.11,-24.262,-23.804,-26.399,-26.093,-25.788,-25.33,-28.23,-29.603,-30.671,-31.434,-32.502,-31.587,-31.892,-31.739,-34.181,-34.639,-38.301,-39.064,-40.284,-41.2,-41.505,-40.59,-42.116,-45.778,-51.881,-59.511,-65.92,-68.667,-72.634,-72.939,-76.449,-79.196,-83.773,-86.825,-89.419,-89.877,-89.572,-88.656,-92.318,-92.776,-95.218,-97.049,-101.02,-101.78,-103.15,-101.17,-97.659,-92.318,-88.046,-82.4,-78.28,-74.465,-73.55,-70.498,-67.598,-61.342,-55.086,-49.898,-46.846,-44.557,-42.116,-38.301,-33.265,-25.788,-19.532,-12.97,-8.24,-1.0681,0.61037,-0.30519,-0.76296,0.30519,2.2889,4.12,5.9511,8.3926,7.3244,10.071,11.292,12.055,11.75,8.0874,3.2044,3.8148,3.9674,2.4415,-1.6785,-3.5096,-5.9511,-6.7141,-9.1556,-10.987,-13.733,-14.954,-15.87,-16.785,-20.905,-23.194,-28.687,-32.807,-37.69,-40.895,-47.456,-50.813,-53.713,-57.375,-63.326,-67.293,-71.413,-72.634,-73.092,-70.956,-69.735,-65.92,-62.258,-58.901,-53.102,-44.71,-38.453,-29.298,-21.21,-10.376,-0.91556,10.376,21.821,35.859,47.761,59.053,69.735,81.332,93.692,107.73,119.02,131.53,142.67,156.1,167.85,179.75,192.42,205.85,217.44,229.19,240.64,254.83,267.49,283.67,297.56,310.53,321.51,332.04,340.89,348.83,355.69,361.19,365.46,370.65,372.94,375.23,377.97,381.79,382.85,383.47,382.85,383.77,385.75,387.59,387.74,388.35,388.2,391.4,393.69,395.83,394.3,392.77,389.87,387.28,385.75,383.16,381.18,382.4,381.48,381.02,379.04,379.65,379.04,378.28,376.14,373.7,372.48,370.8,369.88,369.43,368.51,367.44,364.09,362.56,359.36,357.07,354.93,352.34,349.59,345.16,340.43,335.86,329.91,325.17,319.68,314.65,308.69,301.83,294.66,289.01,284.43,278.18,272.23,268.26,263.37,260.48,257.42,256.05,252.08,249.18,245.22,240.94,237.89,233.62,230.26,227.52,223.24,221.41,218.82,216.68,213.78,211.95,209.66,207.22,205.08,201.73,200.66,199.59,196.84,194.71,192.27,193.18,195.32,197,196.84,198.68,199.59,199.74,199.59,197.3,196.39,197,196.08,194.71,192.88,191.96,188.76,182.96,179.6,177.01,173.65,168.61,163.58,159,152.59,148.78,145.27,140.23,131.53,124.21,115.05,107.43,101.78,94.607,86.062,83.01,80.569,78.433,73.702,71.413,68.361,67.598,69.582,68.056,65.92,63.326,59.053,57.375,53.865,50.813,47.761,47.151,45.93,45.778,45.93,46.846,46.846,46.236,45.778,43.641,40.284,37.843,34.639,31.892,30.061,30.061,28.687,25.483,20.6,16.633,17.09,17.701,14.801,10.224,3.0519,-3.357,-8.0874,-10.987,-16.785,-23.804,-28.077,-30.213,-36.775,-41.2,-45.625,-49.287,-55.086,-58.29,-60.427,-59.969,-59.206,-59.053,-60.579,-61.8,-59.358,-56.612,-55.086,-53.56,-52.492,-49.287,-48.677,-48.219,-49.745,-48.524,-49.287,-49.287,-49.44,-46.846,-45.778,-45.93,-50.661,-52.339,-55.544,-58.596,-63.173,-65.615,-69.887,-74.618,-79.653,-86.062,-94.302,-101.63,-105.14,-105.75,-108.49,-110.48,-114.75,-118.41,-123.75,-128.03,-132.6,-134.59,-136.88,-139.62,-142.98,-147.4,-152.75,-157.78,-165.72,-170.45,-172.28,-171.51,-175.18,-177.92,-181.13,-186.32,-194.56,-200.2,-204.17,-208.14,-211.49,-215.77,-220.5,-223.7,-229.19,-233.77,-240.33,-246.28,-251.17,-253.61,-255.9,-257.58,-262,-265.36,-266.12,-264.44,-263.99,-262.31,-263.53,-264.44,-269.48,-270.39,-270.85,-269.48,-268.41,-265.66,-263.83,-263.68,-264.75,-263.22,-262,-259.1,-257.27,-253.91,-249.18,-241.55,-239.27,-238.65,-238.04,-233.47,-226.45,-221.11,-219.58,-215,-212.1,-208.59,-208.44,-204.93,-199.59,-194.56,-192.27,-188.91,-185.4,-180.06,-177.01,-176.85,-176.85,-172.28,-169.53,-167.24,-168.61,-169.68,-172.89,-170.6,-168.77,-164.8,-163.43,-164.19,-164.95,-165.56,-167.55,-168.31,-168,-163.12,-159.61,-156.56,-157.63,-156.41,-156.25,-155.19,-153.36,-148.32,-142.06,-134.74,-127.87,-119.79,-110.78,-103.15,-99.643,-95.065,-91.556,-84.231,-83.468,-81.484,-81.027,-80.569,-81.027,-79.196,-76.144,-75.533,-77.212,-73.092,-70.04,-65.92,-65.767,-65.462,-66.53,-65.615,-63.936,-63.326,-64.547,-64.852,-62.868,-63.936,-68.361,-70.803,-77.212,-83.621,-90.335,-90.03,-92.318,-93.997,-93.539,-92.929,-95.065,-95.218,-95.065,-95.37,-99.338,-98.117,-96.438,-91.556,-86.367,-80.111,-75.228,-71.871,-71.718,-69.582,-68.819,-68.514,-71.566,-75.381,-83.01,-88.504,-96.438,-102.39,-108.8,-116.89,-122.07,-118.72,-115.05,-112.77,-109.87,-105.14,-102.39,-97.964,-97.659,-98.27,-99.948,-103.46,-106.2,-105.75,-108.65,-112.16,-113.68,-115.21,-118.72,-121.46,-125.58,-126.19,-128.33,-126.35,-127.57,-130.31,-135.35,-140.23,-143.59,-143.89,-143.44,-145.27,-146.49,-143.44,-140.08,-135.81,-135.5,-133.67,-133.37,-132.15,-130.16,-126.96,-126.35,-126.65,-125.58,-126.19,-128.48,-128.03,-127.26,-127.41,-129.55,-129.7,-130.47,-128.94,-129.55,-127.87,-122.84,-120.55,-121.01,-119.17,-119.63,-117.8,-116.12,-113.53,-114.44,-112.16,-109.1,-106.36,-105.44,-106.66,-107.43,-104.83,-103.76,-100.56,-97.507,-91.861,-88.809,-82.858,-79.501,-78.28,-77.059,-71.566,-70.04,-68.972,-70.04,-67.293,-63.173,-55.849,-52.492,-47.761,-44.862,-41.963,-38.606,-34.486,-31.587,-27.924,-25.025,-20.295,-16.633,-8.5452,-3.8148,2.1363,8.24,11.444,12.818,15.717,18.159,21.363,24.873,28.993,34.333,42.116,47.761,53.255,56.917,60.427,65.92,71.871,76.449,76.449,76.754,81.484,84.078,86.673,87.741,90.793,93.234,96.286,98.88,97.049,95.37,95.676,94.302,91.708,89.114,90.182,89.724,89.419,88.656,89.114,90.945,91.403,91.708,90.64,92.318,94.455,96.286,98.422,97.964,98.117,97.049,96.744,97.659,96.591,95.523,95.065,92.013,90.487,91.556,92.929,94.607,94.76,93.387,95.981,97.507,98.27,97.507,98.727,99.338,99.49,99.796,101.93,104.53,107.88,108.95,111.24,111.7,114.6,114.6,114.44,114.14,115.21,115.97,117.95,116.73,115.67,117.19,118.72,118.11,118.41,119.94,119.94,113.38,108.95,105.9,102.69,100.1,95.676,89.267,83.316,75.991,70.345,65.157,64.547,61.495,61.342,60.427,60.121,58.29,57.375,53.56,50.661,47.151,44.404,39.521,37.385,35.554,36.927,34.028,32.35,31.739,32.96,31.739,31.587,28.535,24.72,22.431,23.194,25.025,28.535,28.382,29.45,29.45,29.298,27.619,25.483,23.041,21.516,20.142,20.295,17.09,14.954,12.36,7.3244,0.61037,-4.4252,-8.8504,-12.055,-19.379,-23.652,-25.178,-27.009,-30.213,-30.213,-32.044,-31.281,-32.807,-34.944,-37.385,-36.775,-39.674,-41.658,-45.32,-50.508,-53.713,-53.865,-55.391,-56.459,-55.391,-55.391,-56.459,-52.492,-49.135,-48.524,-48.982,-48.83,-48.219,-47.456,-47.761,-47.304,-45.93,-43.336,-41.963,-39.369,-34.486,-28.382,-21.363,-17.548,-18.464,-20.295,-22.889,-21.363,-18.616,-16.175,-15.717,-15.87,-13.886,-12.36,-9.7659,-7.7822,-5.3407,-0.15259,6.2563,11.444,12.97,13.886,10.987,6.8667,4.2726,2.8993,0.30519,-1.9837,-2.4415,-2.2889,-1.2207,3.9674,4.883,6.2563,4.883,6.1037,7.6296,9.9185,11.139,12.665,15.564,19.227,19.837,21.668,22.736,25.33,24.262,23.957,25.483,28.382,31.739,36.012,39.674,40.895,39.979,40.284,38.759,38.759,38.148,40.437,39.979,39.064,36.47,34.944,34.028,33.418,33.57,34.791,33.265,30.213,23.347,19.074,11.292,6.5615,1.3733,-2.7467,-8.0874,-10.834,-12.055,-12.513,-13.886,-13.276,-14.039,-11.292,-10.071,-4.5778,-2.4415,-3.0519,-4.2726,-6.2563,-7.6296,-7.7822,-8.8504,-9.003,-13.886,-15.259,-14.954,-13.733,-15.107,-16.633,-19.99,-22.279,-21.821,-21.516,-22.736,-23.194,-26.704,-30.519,-35.401,-37.996,-42.726,-46.236,-49.287,-51.271,-56.307,-62.105,-68.514,-71.566,-74.465,-73.702,-73.55,-70.956,-70.498,-70.803,-71.108,-72.787,-73.855,-76.144,-80.111,-82.4,-83.621,-84.994,-84.689,-83.01,-83.468,-84.689,-86.367,-86.673,-88.504,-90.487,-91.25,-90.945,-92.013,-90.793,-90.03,-87.893,-86.825,-86.825,-84.841,-84.231,-83.926,-85.757,-90.335,-91.403,-90.793,-89.267,-90.64,-87.741,-85.452,-81.484,-76.754,-71.871,-68.819,-65.615,-62.41,-57.68,-56.001,-53.407,-54.018,-53.255,-53.865,-54.781,-58.138,-58.29,-59.664,-61.037,-63.631,-67.293,-73.855,-79.653,-86.673,-92.013,-97.659,-97.812,-100.71,-101.32,-100.41,-95.065,-92.013,-89.572,-87.436,-83.316,-78.585,-73.244,-69.887,-66.988,-65.31,-61.19,-58.596,-57.07,-54.476,-52.339,-50.203,-44.557,-38.606,-33.57,-32.807,-29.298,-29.908,-29.45,-30.519,-31.129,-33.57,-33.418,-32.502,-30.824,-29.756,-27.314,-26.093,-22.279,-20.447,-17.09,-15.564,-12.207,-11.139,-8.24,-3.2044,3.6622,10.071,16.175,19.99,22.584,25.788,30.976,36.317,42.726,48.219,54.933,60.274,67.446,74.16,79.958,85.299,91.556,96.744,103.76,108.95,115.21,121.62,129.4,133.98,137.94,139.93,142.06,142.83,143.13,141.91,142.22,141.61,141,139.47,139.77,138.55,138.25,138.86,139.77,140.54,140.08,138.86,137.94,134.59,131.38,128.03,127.41,126.19,126.65,128.18,130.47,132.45,133.37,133.21,132.6,130.77,130.31,127.87,126.5,124.52,124.82,124.36,123.6,123.91,123.6,123.91,126.8,128.48,128.79,126.65,126.04,122.68,120.55,119.02,116.73,114.44,113.68,114.29,113.99,112.77,112.46,113.38,116.58,116.89,117.8,118.11,117.8,115.82,114.14,112.46,109.56,103.31,99.185,95.981,96.286,97.049,99.033,99.948,101.47,103,105.9,108.49,108.34,106.97,105.14,102.54,101.63,99.796,96.438,91.403,89.114,85.757,82.247,78.585,74.313,71.566,70.65,68.667,66.988,62.258,59.969,57.833,54.933,51.576,50.966,48.219,45.32,42.116,38.606,33.113,27.772,21.821,19.227,12.513,6.5615,0.30519,0.30519,0.15259,1.6785,3.5096,5.1881,4.5778,5.6459,5.6459,5.3407,2.1363,0.30519,-2.8993,-6.2563,-11.139,-15.87,-19.227,-23.957,-26.551,-29.603,-31.129,-30.824,-31.892,-34.181,-38.148,-38.759,-39.674,-36.622,-34.333,-33.113,-33.57,-33.723,-33.265,-31.587,-29.908,-26.704,-23.957,-20.142,-19.837,-16.633,-17.09,-14.801,-15.107,-18.006,-21.058,-20.6,-19.227,-17.396,-18.311,-19.379,-21.363,-21.058,-22.279,-20.6,-20.6,-19.227,-15.564,-9.4607,-4.4252,-2.1363,-1.3733,-0.30519,1.3733,5.4933,12.97,21.21,24.11,26.856,28.993,29.756,28.993,30.366,31.129,33.265,33.723,30.061,26.551,25.788,22.279,21.668,20.905,22.279,19.532,16.022,11.444,9.6133,6.8667,2.5941,-3.5096,-8.6978,-12.665,-16.022,-19.532,-20.905,-25.788,-29.756,-32.35,-33.113,-35.554,-35.249,-34.181,-34.791,-36.164,-34.944,-34.333,-34.028,-37.385,-36.317,-33.876,-29.908,-28.993,-28.23,-31.434,-31.892,-30.976,-30.824,-32.044,-33.57,-35.707,-36.012,-36.775,-36.622,-36.317,-33.418,-32.197,-30.519,-32.96,-37.69,-41.047,-42.726,-45.93,-51.271,-56.307,-60.579,-64.852,-70.65,-73.397,-75.686,-77.822,-76.601,-74.923,-74.007,-75.228,-75.381,-77.364,-77.059,-77.517,-75.686,-73.55,-68.819,-66.225,-64.241,-63.021,-62.716,-64.547,-66.378,-69.582,-72.024,-74.77,-73.244,-71.413,-68.361,-67.751,-66.683,-69.124,-70.193,-66.988,-62.41,-62.563,-64.699,-67.293,-72.329,-76.296,-72.176,-69.124,-67.751,-68.056,-68.514,-67.598,-64.699,-61.8,-60.121,-58.138,-55.544,-54.476,-52.034,-48.372,-42.421,-36.927,-30.061,-25.788,-22.584,-20.142,-18.921,-16.633,-14.801,-15.87,-17.243,-14.954,-9.4607,-5.7985,-2.8993,-1.2207,1.2207,1.3733,1.2207,-2.5941,-0.30519,-0,1.2207,3.357,4.4252,5.4933,7.6296,8.5452,8.0874,5.6459,7.9348,8.8504,10.529,9.7659,10.681,8.6978,10.681,14.649,19.227,21.363,24.873,29.145,32.655,31.739,32.044,31.434,32.655,35.554,39.979,40.284,42.268,42.726,42.116,39.064,37.08,36.927,37.843,35.401,30.519,26.399,26.246,24.11,24.11,19.074,16.175,17.701,22.126,18.464,15.87,14.039,12.055,8.3926,6.7141,4.883,3.5096,-1.2207,-5.7985,-9.9185,-11.139,-12.36,-11.75,-10.376,-7.6296,-6.4089,-6.1037,-6.2563,-3.0519,-1.8311,1.0681,-0.45778,-3.8148,-5.3407,-3.0519,-3.9674,-6.1037,-5.4933,-7.6296,-12.055,-15.87,-20.905,-26.399,-30.366,-31.892,-33.723,-32.502,-34.639,-36.927,-39.521,-41.047,-41.81,-43.031,-45.93,-48.219,-50.203,-51.118,-53.407,-54.17,-55.391,-53.56,-52.034,-52.339,-51.424,-49.593,-49.593,-49.898,-51.118,-50.966,-50.05,-46.236,-42.879,-41.963,-39.979,-36.47,-32.197,-28.077,-27.924,-27.161,-25.33,-22.126,-19.227,-17.548,-16.785,-14.191,-13.276,-14.191,-16.022,-15.717,-15.564,-16.175,-17.396,-17.548,-21.516,-25.941,-27.924,-28.382,-30.061,-32.96,-33.723,-32.96,-34.639,-39.674,-40.895,-41.2,-46.693,-45.473,-43.641,-44.71,-45.015,-43.794,-46.083,-48.83,-50.203,-52.95,-57.07,-57.07,-58.138,-56.001,-53.713,-47.914,-44.404,-42.726,-40.132,-36.622,-32.044,-28.84,-24.262,-20.6,-15.564,-7.3244,-2.4415,1.2207,3.8148,8.0874,8.6978,7.9348,8.5452,7.477,5.3407,2.2889,-3.357,-9.9185,-18.616,-23.957,-28.993,-32.807,-36.927,-43.489,-47.304,-48.524,-50.813,-52.492,-54.628,-55.238,-56.154,-53.865,-54.17,-53.255,-50.813,-48.067,-48.067,-46.999,-45.93,-42.726,-39.216,-30.824,-21.973,-10.376,-3.2044,-0.45778,2.8993,10.224,16.633,21.516,24.11,27.619,28.23,29.298,25.941,25.025,24.873,25.483,23.957,22.279,17.701,15.259,13.886,10.224,5.0356,-0.45778,-5.3407,-8.6978,-10.224,-10.681,-16.022,-22.431,-30.061,-33.57,-34.791,-35.249,-37.996,-35.707,-28.84,-25.025,-21.058,-15.564,-12.513,-3.0519,7.9348,14.954,21.058,27.009,31.892,36.927,41.963,45.93,48.524,53.407,59.511,65.615,66.836,72.329,78.738,80.569,76.754,75.838,75.076,74.313,73.244,70.803,64.547,60.427,56.459,55.696,54.781,55.086,52.034,47.304,39.521,33.265,26.704,24.567,22.126,22.736,20.295,18.921,18.464,17.853,13.428,10.529,8.3926,8.0874,7.9348,12.055,16.327,22.279,24.72,28.84,31.129,36.775,40.59,45.625,50.661,56.307,60.427,63.021,63.021,64.089,66.53,72.634,71.413,71.108,71.566,71.108,68.819,67.598,67.141,65.92,63.784,64.547,65.004,69.43,73.244,77.212,77.822,80.416,82.858,84.384,84.384,82.095,76.144,72.939,71.108,71.261,66.53,63.936,64.394,64.547,62.258,57.985,57.222,57.07,53.255,53.865,52.95,53.713,54.17,52.339,47.609,47.151,48.524,49.898,49.898,50.203,49.44,53.102,57.527,59.969,59.969,60.579,59.511,55.696,49.593,42.573,35.707,32.807,30.366,26.399,24.11,20.6,15.259,10.987,5.9511,0.76296,-4.4252,-2.5941,-0.30519,1.9837,5.4933,7.6296,5.4933,9.6133,15.412,17.701,16.785,18.159,19.379,19.074,18.311,18.311,17.853,20.6,23.194,27.161,26.246,27.314,28.23,28.84,29.145,32.197,36.927,42.268,47.151,52.187,52.644,54.933,55.086,57.07,56.154,54.018,56.001,54.781,52.797,53.255,50.661,48.982,47.914,47.456,43.641,40.284,39.674,40.895,40.742,37.843,35.707,38.759,37.08,34.486,33.113,33.57,36.012,41.047,43.794,46.083,49.745,54.476,58.443,60.121,60.121,59.206,61.037,63.784,63.936,62.563,59.206,58.748,59.206,60.274,60.732,58.901,54.018,50.661,46.236,43.641,37.385,34.639,30.976,25.941,18.921,14.344,13.886,16.633,17.09,16.938,17.09,17.396,17.09,18.006,19.074,21.21,21.363,22.431,23.499,24.72,22.736,20.142,16.633,14.191,13.886,16.022,14.649,15.107,13.123,13.581,12.055,12.97,13.276,12.818,11.75,10.987,12.513,18.006,18.616,18.311,16.785,13.123,9.9185,9.003,6.1037,4.2726,2.7467,2.8993,2.8993,1.5259,-3.2044,-4.12,-6.7141,-7.7822,-10.834,-11.597,-11.139,-11.902,-14.954,-16.175,-20.142,-22.431,-25.025,-26.246,-27.009,-25.941,-25.33,-26.246,-27.924,-26.856,-23.804,-21.973,-21.058,-16.938,-14.039,-9.3081,-5.1881,-1.8311,-2.5941,-0.15259,2.5941,4.12,5.7985,7.6296,10.224,16.175,20.905,24.415,25.636,26.551,25.178,21.516,16.022,12.818,9.7659,8.24,3.6622,-0.91556,-5.0356,-7.9348,-14.191,-20.295,-27.009,-33.57,-40.895,-46.083,-53.713,-60.579,-68.972,-75.076,-79.043,-79.196,-82.247,-86.215,-89.724,-90.182,-91.25,-92.166,-92.166,-90.487,-88.351,-86.978,-86.215,-84.536,-84.689,-83.316,-81.027,-76.601,-76.907,-77.975,-78.433,-75.686,-72.329,-69.582,-67.141,-64.241,-62.716,-61.037,-61.8,-60.732,-59.969,-58.901,-57.375,-55.849,-54.781,-54.628,-56.459,-58.138,-59.358,-58.138,-55.849,-49.593,-43.336,-33.265,-24.72,-16.785,-11.75,-6.2563,-2.8993,-1.6785,-1.6785,-1.0681,-0.91556,0.61037,1.2207,5.3407,8.5452,11.292,13.733,19.532,24.11,28.23,30.519,31.281,31.434,32.35,32.807,30.824,28.382,26.856,23.041,20.447,18.616,20.295,20.447,21.668,19.99,17.09,13.733,11.139,8.3926,6.1037,4.2726,3.8148,2.1363,2.1363,0.15259,-0.91556,-2.2889,-1.9837,-0.91556,0.91556,0.76296,1.8311,3.357,4.5778,3.5096,4.2726,3.2044,4.7304,4.5778,6.7141,7.3244,8.3926,8.8504,8.8504,9.7659,10.529,10.834,11.75,10.071,9.3081,7.477,7.7822,6.1037,6.8667,6.7141,6.5615,6.8667,8.8504,8.0874,8.24,8.0874,8.0874,5.7985,5.1881,4.12,4.2726,2.5941,1.6785,-0.91556,-3.2044,-6.7141,-10.529,-15.564,-17.09,-20.753,-22.736,-26.093,-27.467,-29.298,-32.044,-35.096,-36.164,-37.08,-37.69,-40.895,-42.268,-42.726,-43.031,-46.846,-48.219,-50.813,-52.187,-53.865,-54.018,-52.95,-52.492,-49.745,-46.388,-42.726,-39.979,-36.47,-30.671,-28.077,-24.415,-21.058,-16.938,-12.513,-9.1556,-7.3244,-4.7304,-2.5941,1.5259,2.8993,3.8148,0.45778,-2.2889,-5.6459,-8.24,-12.36,-16.022,-18.006,-19.227,-20.753,-19.99,-19.074,-17.548,-17.09,-15.564,-15.717,-13.581,-11.292,-9.7659,-7.9348,-5.0356,-3.0519,-1.2207,-0.30519,4.2726,6.1037,7.477,8.6978,10.987,11.902,14.344,15.87,16.175,15.87,15.87,15.564,16.175,15.107,18.006,18.311,19.684,20.142,20.295,18.616,17.701,15.717,14.954,13.886,12.055,7.6296,6.5615,3.8148,0.61037,-6.4089,-13.276,-21.668,-28.84,-34.944,-39.521,-42.421,-43.489,-43.794,-44.557,-46.083,-46.846,-49.135,-50.508,-51.729,-54.018,-57.375,-58.901,-59.358,-56.154,-54.018,-49.287,-45.015,-38.606,-34.028,-28.535,-23.652,-18.159,-12.207,-5.4933,0.45778,8.0874,13.123,19.227,23.804,28.687,31.739,34.486,36.317,37.385,38.606,39.674,40.437,41.81,41.81,41.505,39.369,39.064,36.927,36.775,34.944,31.739,26.856,23.957,22.431,22.889,22.584,24.567,22.889,21.821,19.532,20.295,20.447,20.295,19.532,22.279,26.246,29.45,31.434,36.47,39.521,45.778,50.203,54.018,57.985,62.716,64.699,66.073,66.683,68.972,70.04,71.261,71.261,73.397,73.55,74.007,72.481,70.803,68.667,67.598,64.547,61.037,54.323,47.761,40.284,35.096,27.772,22.126,14.496,9.003,3.2044,-2.4415,-7.0193,-11.902,-17.548,-19.684,-20.6,-16.938,-14.801,-12.207,-12.055,-9.4607,-6.8667,-0.76296,2.2889,6.8667,10.071,12.818,14.801,16.48,15.564,17.09,16.022,18.006,17.548,18.006,19.837,21.668,22.279,21.821,19.99,20.142,19.074,17.396,14.191,12.36,9.3081,5.6459,0.91556,-2.4415,-6.2563,-11.292,-17.396,-21.516,-26.246,-28.382,-30.824,-31.739,-33.876,-34.028,-34.944,-36.47,-37.538,-36.164,-34.944,-32.655,-32.502,-30.976,-28.993,-27.314,-28.382,-29.908,-30.213,-28.84,-27.009,-25.483,-25.025,-21.516,-19.227,-17.09,-17.243,-17.243,-18.769,-19.837,-22.126,-24.415,-27.009,-28.382,-29.908,-30.366,-32.35,-33.113,-34.639,-33.113,-32.502,-30.519,-29.45,-29.145,-31.587,-34.486,-36.622,-37.385,-40.437,-42.116,-43.184,-43.336,-47.304,-50.813,-54.781,-56.764,-58.596,-59.816,-60.274,-59.511,-57.222,-54.476,-52.339,-49.898,-48.372,-46.999,-48.982,-50.508,-51.729,-53.255,-53.56,-51.729,-51.881,-52.034,-53.56,-53.102,-55.238,-54.323,-55.086,-54.17,-56.154,-55.696,-54.933,-51.118,-51.118,-53.255,-56.001,-55.696,-55.696,-52.797,-52.644,-51.576,-50.813,-47.761,-45.778,-43.184,-41.658,-42.879,-45.625,-47.914,-48.83,-49.745,-50.661,-48.83,-48.524,-44.71,-44.099,-42.726,-42.268,-39.521,-35.554,-31.739,-28.077,-23.499,-19.99,-18.006,-16.785,-14.801,-13.276,-12.207,-11.75,-9.4607,-5.7985,2.2889,9.3081,14.191,16.785,21.363,22.736,24.72,25.33,28.535,29.908,32.35,34.639,37.233,41.505,46.693,49.44,51.118,52.644,56.612,59.816,62.716,63.936,66.225,67.598,68.209,64.852,59.816,53.865,49.593,44.862,43.031,39.521,37.69,34.028,31.739,28.535,25.178,21.363,18.921,14.191,8.6978,4.2726,3.0519,0.91556,2.8993,3.2044,4.7304,4.12,4.12,3.8148,3.357,-0.45778,-3.9674,-8.24,-12.665,-16.327,-14.191,-13.276,-10.834,-11.444,-10.224,-10.224,-11.292,-13.276,-15.412,-18.159,-21.821,-25.788,-26.704,-30.213,-32.502,-33.418,-31.281,-29.603,-28.23,-27.467,-26.399,-24.415,-21.668,-18.159,-13.733,-9.9185,-4.4252,-0.30519,4.2726,4.5778,5.1881,5.6459,6.4089,6.7141,9.3081,13.733,18.464,21.21,25.636,26.856,28.23,28.84,29.45,27.772,25.33,20.6,15.717,11.597,10.376,10.071,9.4607,6.2563,4.883,2.2889,3.5096,2.8993,4.4252,5.7985,7.477,7.3244,6.2563,1.9837,-0,-3.5096,-6.1037,-11.139,-14.496,-17.396,-18.464,-18.616,-19.227,-20.6,-19.532,-16.785,-16.785,-16.327,-12.207,-9.1556,-6.7141,-6.7141,-5.7985,-7.3244,-8.24,-8.24,-7.1718,-5.9511,-5.0356,-3.9674,-1.6785,-3.6622,-3.0519,-4.883,-6.5615,-11.139,-15.87,-20.6,-23.347,-27.009,-30.061,-28.687,-25.025,-23.041,-21.668,-21.668,-18.921,-16.022,-12.665,-8.6978,-4.883,-3.8148,-1.6785,0.15259,0.91556,0.61037,3.5096,4.5778,4.883,4.883,6.8667,7.0193,8.5452,10.681,14.801,16.785,18.159,18.769,19.532,15.564,12.818,9.1556,8.8504,8.0874,10.681,10.529,9.4607,8.6978,10.834,12.97,14.496,14.649,15.87,16.175,17.548,17.701,19.532,21.821,26.399,27.772,28.382,28.687,29.603,28.077,29.145,28.84,28.077,24.873,26.856,27.467,28.84,30.366,31.587,32.197,32.044,30.824,33.57,35.401,37.538,38.453,39.827,36.164,33.723,32.197,31.434,32.96,37.233,41.353,46.541,49.898,54.17,55.086,57.07,55.544,54.476,52.95,53.407,51.881,49.44,46.999,43.794,36.775,28.535,21.973,18.616,15.87,16.938,16.48,15.564,14.496,16.48,18.159,18.616,18.616,18.159,17.396,16.633,13.733,12.97,11.444,13.123,14.954,17.548,17.243,14.039,9.9185,4.883,0.15259,-3.9674,-8.5452,-13.886,-17.396,-17.09,-18.616,-18.464,-17.243,-16.327,-20.142,-23.499,-27.619,-29.756,-32.655,-32.655,-36.012,-41.505,-48.372,-52.95,-59.816,-64.547,-70.956,-74.007,-77.517,-76.907,-74.77,-72.939,-72.787,-71.413,-69.124,-66.225,-67.293,-68.361,-72.481,-74.77,-76.144,-74.007,-73.092,-73.702,-73.702,-72.024,-70.193,-68.667,-67.446,-67.141,-69.277,-69.43,-69.124,-66.836,-65.462,-64.089,-63.936,-63.936,-62.716,-59.816,-58.29,-56.307,-56.917,-54.628,-52.644,-51.424,-52.797,-52.187,-53.102,-53.865,-57.833,-60.732,-65.767,-69.43,-76.907,-83.621,-86.215,-83.01,-79.043,-72.634,-65.92,-58.29,-54.323,-51.881,-50.813,-45.32,-41.963,-37.08,-36.012,-34.333,-32.655,-30.061,-30.519,-30.061,-27.009,-24.11,-22.279,-16.785,-9.9185,0.61037,8.3926,16.022,23.499,28.535,34.639,41.658,46.846,54.476,61.495,69.582,77.822,86.978,93.234,99.033,103.76,107.58,109.87,110.63,112.31,115.51,115.82,117.34,117.19,119.63,121.77,124.82,127.72,130.62,132.76,134.28,135.81,137.49,136.72,137.33,135.96,134.89,134.43,135.35,134.43,132.76,132.3,131.84,130.62,129.86,126.19,122.99,117.5,113.68,109.71,110.17,109.87,110.48,107.73,104.22,101.93,102.39,104.37,108.95,110.78,113.38,112.77,110.17,105.14,103,98.117,94.76,92.471,90.335,86.825,83.773,83.773,83.01,81.79,82.247,81.179,80.874,76.144,74.313,71.718,67.751,65.615,65.157,63.326,61.495,60.274,60.427,59.816,59.358,55.544,54.933,53.713,54.628,53.255,50.813,46.693,43.947,41.81,40.59,38.148,35.859,32.96,34.639,34.791,34.639,32.044,30.519,29.603,29.603,29.298,30.366,29.145,28.077,27.467,30.213,32.044,36.927,38.606,40.742,39.979,39.521,37.843,37.69,38.453,39.827,39.674,38.453,35.554,35.401,32.044,30.519,27.924,26.246,22.431,18.464,16.48,15.107,15.717,17.701,18.311,18.464,18.311,20.447,21.21,22.584,20.295,20.295,19.684,20.447,19.074,17.09,16.022,15.564,14.496,12.513,10.071,9.1556,6.2563,5.4933,4.12,3.6622,1.6785,1.3733,1.8311,2.5941,2.5941,1.3733,-1.0681,-2.2889,-4.5778,-2.7467,-3.0519,-2.2889,-2.5941,0.15259,1.6785,4.7304,7.477,9.7659,11.75,14.801,17.243,21.363,21.668,21.058,18.769,17.243,14.344,14.649,14.954,14.039,11.902,8.6978,6.1037,3.357,1.5259,-0,-5.0356,-5.7985,-6.2563,-3.0519,-0.45778,0.76296,1.5259,1.0681,-0.61037,-3.0519,-8.3926,-11.292,-12.36,-12.665,-15.717,-15.564,-13.886,-12.97,-13.123,-10.834,-6.5615,-2.8993,-1.6785,0.76296,0.76296,1.0681,-1.6785,-4.883,-7.1718,-8.3926,-9.7659,-10.224,-9.7659,-7.0193,-4.883,-1.8311,-1.9837,-1.8311,-2.2889,-1.2207,-0,1.3733,3.0519,6.2563,8.6978,9.7659,11.139,13.886,15.564,18.464,18.616,19.074,21.516,22.889,24.415,26.704,29.298,33.265,36.164,38.148,37.843,37.385,34.944,34.944,33.57,33.265,31.739,26.704,20.753,16.938,13.276,8.3926,2.5941,0.61037,-1.5259,-0.45778,-1.5259,-2.8993,-3.357,-1.8311,-1.3733,-2.1363,-3.5096,-2.7467,-5.4933,-5.6459,-7.3244,-8.0874,-9.1556,-10.529,-14.191,-16.785,-18.006,-18.006,-19.532,-20.6,-21.363,-19.684,-19.074,-17.396,-16.022,-12.513,-10.071,-7.477,-4.883,-1.8311,-0.15259,0.45778,-2.4415,-3.2044,-5.1881,-7.6296,-10.071,-11.139,-11.444,-12.36,-14.649,-17.396,-21.668,-23.499,-27.161,-30.824,-35.859,-41.353,-46.236,-50.356,-50.813,-48.219,-45.778,-42.726,-43.031,-45.32,-50.356,-51.729,-54.018,-54.476,-56.307,-57.68,-59.206,-58.443,-58.29,-59.816,-63.478,-64.852,-67.751,-70.04,-71.108,-70.193,-68.972,-66.378,-64.241,-62.258,-60.427,-58.748,-58.138,-56.001,-55.849,-52.95,-49.745,-46.541,-47.914,-49.287,-50.356,-48.524,-45.473,-43.336,-41.81,-38.453,-38.148,-35.707,-34.944,-33.265,-32.502,-32.044,-32.197,-29.45,-27.467,-25.941,-24.567,-22.736,-24.262,-24.567,-25.941,-27.314,-28.993,-30.366,-31.129,-30.671,-31.892,-33.723,-37.08,-38.301,-40.59,-39.521,-38.606,-35.096,-34.639,-32.655,-30.366,-27.772,-28.23,-30.519,-31.892,-32.044,-33.723,-32.655,-30.824,-30.366,-31.129,-31.739,-32.96,-32.96,-31.434,-28.23,-23.957,-18.769,-14.344,-9.9185,-7.7822,-5.6459,-5.1881,-5.4933,-5.9511,-4.2726,-3.357,-1.9837,-1.5259,-1.8311,-1.9837,-3.6622,-5.6459,-5.3407,-3.9674,-2.2889,-2.5941,-3.5096,-5.7985,-7.477,-9.1556,-10.224,-10.224,-10.376,-10.071,-11.902,-14.344,-13.276,-13.733,-12.207,-11.444,-10.834,-10.376,-9.4607,-8.3926,-7.3244,-7.9348,-8.3926,-11.75,-12.818,-14.954,-16.327,-21.363,-23.347,-24.873,-23.957,-22.889,-22.889,-22.736,-23.804,-24.415,-24.567,-26.093,-27.161,-29.756,-30.366,-33.418,-34.181,-34.181,-34.791,-35.707,-36.927,-38.911,-40.742,-43.641,-43.794,-45.93,-47.914,-49.135,-48.219,-49.135,-51.424,-52.95,-55.238,-58.596,-61.037,-63.478,-61.495,-60.884,-60.732,-63.173,-65.157,-67.598,-69.124,-72.329,-75.533,-78.127,-76.907,-78.127,-76.601,-76.144,-75.076,-77.975,-82.553,-87.436,-91.25,-95.218,-97.507,-100.86,-103.92,-107.58,-109.71,-114.14,-114.14,-115.97,-119.17,-121.16,-120.7,-119.79,-117.04,-115.51,-113.38,-110.78,-106.2,-103.76,-103.15,-103.92,-104.98,-105.14,-103.92,-103,-100.71,-99.033,-95.828,-93.387,-91.098,-92.166,-90.945,-88.504,-84.994,-82.095,-78.89,-77.822,-76.907,-74.923,-69.43,-66.683,-65.004,-64.089,-60.274,-55.696,-50.508,-48.83,-46.693,-46.693,-44.557,-43.184,-40.437,-41.047,-41.963,-44.252,-45.93,-46.693,-46.541,-46.083,-42.726,-42.879,-43.489,-44.557,-41.81,-40.132,-37.843,-37.69,-37.843,-38.148,-38.148,-41.047,-39.979,-36.775,-29.603,-25.33,-23.347,-23.347,-22.431,-21.363,-22.584,-24.873,-23.347,-21.973,-20.905,-21.058,-18.616,-18.464,-16.785,-16.022,-12.97,-8.24,-4.7304,-4.12,-4.4252,-4.4252,-2.5941,-2.8993,-2.2889,-1.3733,1.3733,4.883,10.681,16.022,21.058,24.262,28.687,30.976,34.639,37.69,43.184,48.524,54.781,59.358,61.953,61.342,61.037,61.953,63.326,63.784,62.563,60.121,61.647,61.19,61.19,62.563,60.884,58.443,57.222,56.764,56.612,55.238,55.238,53.255,50.813,47.761,47.456,44.71,40.437,38.911,37.08,33.876,30.213,24.262,21.516,18.464,18.769,18.769,18.311,17.243,15.717,13.276,14.191,15.259,15.564,14.954,16.022,15.259,16.175,17.396,18.464,20.753,24.567,26.551,28.993,32.044,35.707,39.979,43.336,45.167,45.32,43.184,44.252,39.827,37.69,39.521,42.726,45.93,49.287,50.661,53.102,54.476,58.138,60.427,62.716,62.716,64.394,63.936,64.699,66.073,67.446,64.852,60.884,53.865,49.593,49.135,51.576,52.797,57.527,61.19,64.394,65.462,70.498,71.108,70.498,70.193,70.803,70.193,69.887,66.836,62.563,53.865,49.898,48.067,47.761,44.404,40.132,35.859,33.723,28.23,20.905,13.276,9.7659,6.8667,6.2563,4.7304,6.2563,6.5615,9.6133,13.733,19.074,20.753,19.532,16.175,16.175,19.379,24.11,25.941,27.161,26.551,28.535,31.587,34.181,32.197,29.908,32.35,33.57,30.061,25.636,21.363,20.295,17.548,15.107,11.139,10.376,8.0874,7.7822,6.1037,5.7985,5.7985,7.477,9.003,8.6978,5.1881,5.4933,6.5615,11.444,13.123,17.09,21.668,29.145,32.807,34.333,35.554,41.047,47.304,52.187,53.865,56.917,56.154,56.917,57.833,61.342,63.784,67.904,71.261,73.397,76.601,76.907,77.67,80.569,84.384,88.046,90.03,91.403,92.624,95.981,99.643,102.08,102.85,103.61,101.93,97.507,92.624,90.335,85.91,84.841,84.689,81.637,78.585,77.364,76.754,76.296,75.838,74.923,72.787,73.244,70.65,66.836,61.8,59.358,57.833,54.933,53.255,55.849,59.358,64.089,66.073,68.361,67.904,68.667,67.293,63.936,62.716,62.41,61.19,63.326,63.021,63.326,63.936,63.173,61.647,61.037,59.969,62.105,64.241,64.241,62.563,61.037,59.969,60.884,61.037,61.037,57.68,55.086,51.424,44.862,35.554,28.535,19.379,9.3081,1.8311,0.76296,1.5259,0.91556,0.91556,1.5259,-2.2889,-5.1881,-7.0193,-7.6296,-8.24,-6.2563,-2.5941,2.8993,7.3244,8.0874,6.4089,10.376,17.243,23.804,28.687,33.418,36.012,39.827,44.252,48.677,49.745,52.034,52.95,53.713,51.576,48.524,43.184,40.132,36.622,33.418,30.061,26.399,23.957,22.279,23.041,25.941,23.347,20.447,15.717,11.597,7.477,5.9511,0.91556,-5.4933,-8.8504,-10.834,-17.09,-19.227,-23.652,-24.262,-26.093,-24.72,-24.873,-26.093,-24.72,-23.499,-23.499,-24.11,-27.772,-27.161,-26.551,-23.194,-21.821,-18.769,-18.769,-19.379,-22.279,-23.957,-25.483,-27.161,-30.061,-28.535,-27.161,-26.246,-25.941,-25.788,-25.483,-22.279,-21.973,-23.652,-27.161,-31.434,-36.775,-39.521,-41.963,-41.81,-45.015,-46.388,-47.914,-47.609,-51.424,-54.018,-53.407,-53.865,-59.053,-63.173,-65.157,-65.31,-65.92,-68.819,-74.465,-76.601,-78.127,-79.501,-79.043,-78.28,-76.907,-75.228,-74.77,-75.991,-79.348,-79.653,-77.364,-70.956,-65.615,-60.732,-56.917,-53.865,-52.339,-47.761,-43.031,-39.827,-38.911,-36.775,-36.47,-30.366,-22.126,-14.039,-9.003,-3.357,1.6785,4.4252,6.1037,9.9185,11.902,13.733,16.48,19.227,23.347,26.093,25.941,28.687,32.655,33.418,32.96,32.807,30.213,27.924,25.483,25.636,21.821,19.837,16.022,11.292,9.7659,5.7985,-2.1363,-11.75,-19.532,-23.652,-25.636,-27.924,-32.807,-34.791,-35.401,-35.249,-38.148,-40.59,-40.742,-39.064,-39.674,-39.369,-39.369,-36.927,-35.859,-35.249,-36.164,-34.028,-34.028,-33.418,-32.35,-34.639,-40.284,-40.284,-39.674,-37.843,-38.759,-37.08,-38.301,-38.606,-39.827,-38.606,-37.996,-36.927,-37.843,-34.486,-32.044,-30.061,-27.772,-22.889,-18.769,-13.733,-9.7659,-9.1556,-8.6978,-5.7985,-1.3733,2.2889,3.2044,4.2726,1.3733,2.2889,3.357,7.477,10.681,12.665,15.717,14.954,10.834,9.003,8.24,8.6978,5.7985,5.1881,3.0519,0.30519,-5.9511,-12.665,-14.801,-12.513,-12.818,-14.649,-17.396,-17.853,-20.447,-21.668,-25.178,-30.824,-34.791,-33.723,-31.434,-28.993,-29.603,-29.908,-29.145,-25.178,-22.431,-19.227,-18.464,-14.496,-10.987,-6.2563,-3.6622,-0.91556,0.45778,0.61037,-0.15259,-2.1363,-5.1881,-7.6296,-12.207,-14.344,-18.159,-20.6,-23.347,-26.399,-29.603,-31.129,-31.434,-27.314,-24.72,-23.652,-23.194,-22.126,-22.126,-20.447,-19.379,-17.853,-17.09,-15.564,-11.902,-9.9185,-9.9185,-10.681,-10.224,-5.1881,-3.8148,-0.15259,4.7304,4.5778,5.1881,7.7822,9.3081,12.513,15.412,19.532,21.821,27.924,31.281,34.944,37.69,42.268,44.557,43.641,45.015,48.067,46.846,46.541,44.557,42.573,41.505,41.81,41.81,43.794,44.099,44.252,45.473,46.999,47.609,51.881,54.323,56.154,58.901,62.105,62.41,64.089,65.615,68.819,71.566,75.076,75.991,76.601,76.907,77.364,75.228,73.55,71.413,72.939,76.144,79.501,83.163,86.673,87.741,88.809,88.046,89.877,88.656,89.267,89.114,90.487,91.25,92.624,95.065,95.676,93.997,91.708,88.961,87.283,84.231,84.384,83.926,84.384,86.52,88.504,88.656,89.724,94.302,95.523,95.065,94.913,93.692,93.844,92.013,93.081,96.438,98.575,100.41,101.47,104.22,107.12,105.75,103.15,103.92,105.9,103,99.796,97.659,96.286,96.286,97.659,98.727,97.354,96.744,97.507,97.354,99.49,97.659,94.607,92.013,91.403,87.283,82.247,78.585,76.907,74.923,72.176,67.904,66.988,65.31,61.495,58.443,54.628,52.797,52.492,52.187,50.966,49.898,48.219,47.761,50.813,50.661,51.881,52.797,55.238,55.238,54.628,52.187,50.203,48.83,47.914,46.236,44.252,42.116,41.505,39.674,40.437,41.505,43.489,43.947,46.846,48.982,49.135,48.982,49.135,47.304,46.541,45.473,45.625,42.116,39.674,35.707,34.486,35.554,35.249,32.35,28.382,23.652,20.142,19.99,21.668,19.99,19.684,16.327,11.902,6.1037,0.15259,-6.4089,-8.3926,-8.6978,-9.003,-9.7659,-10.071,-10.681,-7.0193,-5.7985,-7.3244,-10.987,-13.733,-16.327,-15.107,-16.175,-16.633,-16.48,-14.039,-11.444,-9.1556,-8.24,-4.12,-1.8311,1.2207,4.4252,10.987,16.48,21.363,24.873,28.382,32.35,35.554,34.791,29.908,24.415,24.72,23.804,24.567,24.72,27.314,25.941,25.178,25.788,29.908,32.044,33.113,33.723,32.96,30.519,30.519,29.756,31.281,32.044,35.249,36.164,39.674,41.047,41.2,41.353,39.064,36.775,35.096,32.044,30.061,27.161,23.652,19.227,16.175,12.055,10.071,7.477,5.0356,2.1363,-0.61037,-3.357,-4.5778,-6.2563,-7.9348,-9.4607,-9.4607,-11.902,-12.207,-14.344,-15.564,-15.259,-15.107,-17.09,-20.905,-25.788,-32.807,-41.505,-45.32,-47.456,-45.167,-44.252,-42.573,-44.252,-45.625,-47.609,-48.982,-50.05,-49.44,-51.118,-49.745,-50.203,-50.813,-53.407,-56.307,-58.748,-59.206,-61.8,-65.462,-69.43,-72.176,-74.465,-74.923,-75.076,-72.329,-70.956,-68.667,-67.446,-66.073,-66.988,-68.361,-71.566,-71.566,-71.566,-72.481,-76.754,-79.043,-80.721,-79.043,-77.67,-77.975,-82.553,-85.757,-89.572,-93.692,-99.338,-104.07,-108.19,-107.58,-107.58,-105.44,-106.05,-103.76,-103,-101.47,-103.61,-106.81,-109.41,-111.39,-114.6,-118.26,-122.84,-125.58,-128.94,-130.01,-131.69,-131.84,-130.77,-129.7,-129.55,-128.03,-124.52,-118.72,-112.92,-106.81,-101.93,-94.607,-89.877,-85.147,-81.79,-78.738,-76.601,-73.397,-70.345,-66.836,-66.378,-64.089,-61.953,-58.443,-56.307,-53.865,-52.339,-47.761,-44.252,-39.827,-36.775,-35.554,-36.622,-35.859,-38.148,-36.927,-34.639,-30.824,-30.213,-28.84,-28.535,-26.246,-24.415,-24.415,-24.415,-22.889,-21.21,-18.769,-17.701,-15.564,-17.396,-19.074,-23.957,-28.993,-32.96,-35.249,-38.911,-42.573,-45.625,-45.778,-46.541,-48.219,-51.271,-52.797,-56.612,-59.358,-59.664,-58.29,-56.459,-54.323,-50.813,-45.93,-44.557,-42.726,-42.726,-42.116,-41.658,-42.116,-45.32,-46.541,-48.83,-48.677,-47.151,-44.404,-42.879,-40.895,-37.996,-34.944,-34.639,-33.57,-34.944,-38.911,-41.505,-40.284,-39.064,-38.301,-33.723,-29.603,-30.061,-28.382,-28.23,-27.924,-26.246,-21.363,-19.074,-17.09,-16.48,-14.191,-11.75,-7.7822,-4.4252,-1.9837,1.3733,5.1881,6.7141,9.6133,14.649,21.516,28.535,35.554,39.979,43.489,43.641,45.32,45.625,44.862,41.2,39.064,36.012,34.944,31.587,30.824,29.908,31.281,32.96,35.249,38.301,42.421,45.32,48.067,49.287,52.187,54.323,58.138,61.037,65.462,66.225,64.699,61.342,58.29,57.375,58.901,59.206,59.053,58.596,60.579,58.138,55.849,53.56,52.797,48.372,46.236,45.473,44.862,42.726,40.437,39.369,38.606,34.486,32.502,30.519,31.587,31.892,31.129,29.603,33.265,36.775,38.301,38.301,39.064,39.521,41.2,41.353,41.963,39.369,37.538,35.096,34.486,31.129,26.246,21.516,17.701,13.428,7.477,-0.76296,-0.15259,-1.6785,-4.2726,-9.4607,-12.207,-13.733,-16.327,-24.567,-32.655,-38.453,-43.794,-48.372,-52.034,-52.644,-50.661,-50.203,-48.982,-48.982,-47.456,-46.236,-45.015,-43.184,-43.489,-42.268,-38.759,-35.249,-30.671,-26.856,-22.889,-20.753,-15.717,-10.224,-5.0356,-1.5259,1.9837,3.6622,3.5096,1.6785,-0.61037,-6.5615,-13.733,-13.276,-10.681,-16.938,-23.499,-29.145,-30.824,-30.366,-29.603,-31.892,-32.044,-27.619,-25.788,-32.197,-34.944,-34.333,-34.181,-36.317,-37.385,-39.827,-39.979,-42.268,-41.81,-40.284,-39.216,-39.064,-38.148,-36.317,-32.96,-32.35,-28.077,-25.025,-18.159,-12.055,-7.6296,-4.4252,2.2889,7.9348,10.224,11.597,13.428,15.412,16.327,18.769,23.499,22.584,21.973,24.11,31.281,34.028,32.044,27.314,24.72,23.499,21.668,16.785,14.954,14.344,14.649,13.123,14.344,15.107,15.717,16.022,19.532,18.159,17.548,14.496,15.717,15.717,15.259,14.039,17.243,18.311,21.058,22.126,26.246,28.23,28.382,29.298,30.976,33.723,36.927,41.505,43.184,44.404,48.067,47.304,45.93,44.252,44.557,40.742,36.775,34.791,39.521,36.47,29.603,25.025,20.753,14.039,11.444,5.7985,-0.15259,-5.4933,-10.681,-18.311,-22.431,-25.33,-28.535,-30.213,-31.129,-33.265,-35.554,-38.453,-37.69,-38.759,-36.317,-37.233,-37.538,-35.707,-31.739,-28.993,-28.535,-25.941,-21.058,-19.227,-16.785,-15.107,-14.801,-17.396,-18.769,-18.311,-17.548,-20.295,-25.636,-29.603,-31.434,-34.028,-38.148,-43.489,-43.031,-41.505,-39.827,-43.947,-47.914,-54.018,-61.037,-65.615,-68.361,-75.838,-79.806,-81.179,-83.926,-88.351,-90.03,-91.556,-92.776,-97.049,-99.338,-101.02,-98.575,-94.607,-91.098,-86.673,-82.705,-79.653,-75.381,-71.871,-62.716,-58.29,-53.865,-50.356,-46.236,-45.93,-46.846,-45.473,-44.71,-43.184,-41.2,-40.284,-38.606,-37.69,-37.08,-36.47,-31.892,-28.993,-27.467,-25.941,-25.178,-24.873,-22.584,-20.905,-21.668,-22.431,-21.821,-20.447,-21.363,-25.483,-27.467,-29.298,-30.061,-33.265,-37.843,-40.437,-41.658,-43.336,-45.32,-46.236,-44.404,-45.473,-45.778,-47.914,-47.304,-46.846,-45.625,-45.167,-43.489,-42.421,-41.505,-42.116,-41.2,-40.59,-38.453,-36.775,-33.57,-30.366,-25.178,-24.11,-23.347,-22.279,-20.295,-18.921,-19.379,-19.99,-20.447,-19.379,-14.954,-12.818,-11.902,-11.444,-13.276,-19.532,-25.178,-30.976,-34.486,-37.538,-39.979,-43.794,-45.778,-48.067,-49.44,-51.576,-49.898,-49.898,-48.372,-48.677,-46.541,-43.794,-44.862,-48.372,-46.846,-42.116,-37.69,-32.197,-26.093,-21.516,-16.633,-14.496,-11.444,-11.444,-8.0874,-1.8311,1.5259,5.0356,10.529,13.276,15.412,15.259,15.412,15.107,15.259,12.97,12.665,14.191,14.039,9.6133,8.24,9.1556,12.36,14.496,15.412,16.022,16.633,13.276,8.0874,1.3733,-5.1881,-9.9185,-12.818,-18.921,-24.415,-28.535,-34.028,-37.233,-37.843,-37.843,-35.859,-31.587,-26.704,-26.246,-23.499,-19.379,-14.801,-10.376,-7.6296,-3.6622,-0.91556,2.4415,7.7822,11.902,18.159,23.499,29.908,33.57,34.944,36.012,36.47,37.08,38.301,38.606,36.775,31.129,26.246,23.957,23.804,21.821,25.636,29.603,29.756,25.941,23.347,23.804,24.72,20.295,16.175,10.071,7.6296,5.0356,0.76296,-4.12,-5.4933,-7.0193,-6.8667,-9.9185,-16.022,-23.041,-29.45,-35.707,-41.2,-47.456,-50.508,-55.544,-57.527,-57.222,-55.391,-51.729,-47.304,-45.32,-39.674,-36.012,-33.723,-29.45,-24.262,-22.126,-20.6,-19.227,-18.616,-19.227,-19.532,-18.006,-16.327,-16.938,-19.99,-24.567,-25.636,-25.025,-22.431,-20.6,-18.464,-14.039,-6.1037,-4.4252,-6.7141,-11.444,-15.107,-18.159,-20.447,-22.889,-22.279,-23.499,-25.178,-26.704,-26.093,-26.246,-28.535,-31.892,-32.35,-29.756,-26.399,-22.279,-16.633,-10.987,-5.0356,-1.0681,2.1363,3.6622,4.4252,1.2207,-0.61037,-0.30519,2.5941,1.9837,0.30519,0.30519,2.1363,1.9837,3.9674,5.6459,7.0193,7.7822,12.97,19.684,26.704,33.57,41.658,49.745,57.375,61.342,67.751,72.329,77.975,81.484,85.757,88.351,92.624,92.013,92.776,92.318,91.403,87.436,83.621,77.822,72.787,68.819,66.988,68.819,76.144,77.212,78.28,79.653,81.484,80.569,78.28,70.65,65.767,59.816,54.476,47.761,42.116,33.265,28.687,26.704,23.041,16.785,11.292,7.477,1.8311,-5.1881,-10.681,-13.886,-17.548,-20.6,-17.853,-18.006,-20.6,-22.584,-24.11,-25.941,-27.619,-28.84,-29.603,-30.976,-32.96,-36.47,-33.418,-34.944,-36.012,-38.759,-39.521,-41.047,-41.353,-38.759,-35.096,-31.129,-29.45,-28.077,-25.941,-26.093,-26.246,-26.704,-27.924,-28.077,-29.145,-33.723,-39.064,-40.284,-39.674,-41.505,-42.421,-44.099,-43.641,-42.726,-38.606,-36.164,-34.486,-33.265,-30.213,-27.314,-24.262,-19.532,-16.022,-14.801,-12.513,-10.987,-7.477,-5.6459,-4.12,-3.8148,-2.2889,2.1363,1.3733,-2.4415,-3.2044,-1.6785,-2.2889,-4.4252,-3.5096,-3.2044,-1.2207,0.61037,5.6459,9.6133,12.207,15.107,17.09,16.327,17.853,16.48,17.396,17.396,18.921,18.311,18.311,17.701,21.21,25.483,30.976,35.401,40.59,47.304,52.187,57.07,66.53,74.007,79.958,80.721,81.484,80.111,78.738,77.517,79.196,79.653,79.806,77.975,77.364,76.754,78.433,78.585,79.196,76.601,74.16,70.04,66.683,62.716,59.358,55.696,54.17,54.476,55.544,54.781,55.696,54.17,53.255,49.135,45.015,42.268,40.437,37.996,36.927,38.606,44.862,51.271,60.884,68.667,76.907,79.653,82.4,82.247,83.316,85.299,87.588,86.52,83.621,79.653,75.076,68.514,63.936,59.664,57.833,54.933,55.238,54.933,54.018,54.17,53.713,55.086,58.138,59.816,62.258,63.784,64.241,62.716,64.852,67.141,68.667,67.751,67.751,65.462,63.326,62.258,63.784,60.274,55.391,48.524,43.641,38.301,30.519,22.889,16.938,11.75,8.0874,5.1881,1.5259,-4.12,-8.3926,-10.987,-10.834,-10.834,-9.003,-9.1556,-6.5615,-3.8148,-2.1363,-1.6785,1.6785,2.7467,3.5096,1.8311,1.2207,-0.61037,-2.2889,-2.4415,0.15259,1.2207,0.15259,-0.45778,-2.5941,-4.883,-6.4089,-7.0193,-6.4089,-5.9511,-3.0519,-1.2207,3.0519,4.12,2.8993,0.15259,-1.6785,-2.5941,-3.8148,-5.3407,-6.2563,-11.444,-16.633,-24.262,-30.061,-34.639,-36.927,-39.979,-43.794,-47.151,-47.914,-47.151,-46.541,-45.32,-44.557,-45.625,-44.557,-43.641,-41.658,-40.895,-41.2,-39.521,-37.843,-38.759,-41.047,-44.252,-45.93,-46.541,-46.388,-45.473,-43.031,-42.421,-38.301,-32.96,-28.077,-26.246,-22.126,-18.311,-18.159,-18.464,-18.769,-16.633,-15.107,-13.733,-11.139,-9.9185,-5.0356,1.0681,6.1037,10.376,12.97,12.36,11.444,12.055,12.97,11.75,10.834,9.003,8.0874,6.7141,6.4089,6.1037,8.0874,8.8504,9.1556,7.477,10.529,14.191,16.938,17.243,19.379,20.6,24.415,24.262,23.194,22.279,24.262,26.093,30.213,36.317,41.047,42.268,42.879,41.2,43.336,43.947,45.473,42.879,39.369,35.707,31.892,28.382,28.23,25.636,27.467,27.314,28.382,26.246,25.483,23.347,21.973,21.973,21.973,20.142,17.243,11.139,6.5615,4.4252,4.2726,2.5941,2.2889,1.8311,3.5096,4.883,5.3407,2.2889,-1.6785,-2.8993,-5.3407,-11.444,-9.7659,-9.6133,-10.834,-15.412,-16.327,-17.396,-16.175,-14.801,-13.733,-16.022,-18.311,-21.363,-24.567,-27.314,-25.025,-22.431,-19.379,-17.853,-14.649,-12.36,-12.818,-16.938,-20.295,-23.804,-27.009,-30.976,-33.113,-36.775,-39.827,-43.336,-50.661,-57.07,-60.884,-65.004,-70.65,-75.686,-81.637,-87.741,-90.487,-91.556,-92.929,-93.844,-93.997,-93.692,-93.997,-97.049,-99.033,-99.948,-96.744,-95.676,-90.03,-86.978,-83.01,-83.773,-83.621,-82.247,-79.348,-75.991,-71.566,-67.751,-65.92,-60.579,-56.459,-57.985,-59.358,-58.29,-54.323,-53.407,-51.729,-50.05,-48.83,-51.729,-53.255,-54.933,-57.68,-57.985,-55.696,-56.154,-54.018,-53.56,-53.102,-52.644,-49.135,-46.693,-47.914,-47.456,-44.71,-42.879,-43.336,-45.93,-46.846,-48.067,-49.135,-49.44,-49.44,-48.677,-45.625,-43.031,-41.353,-39.064,-35.859,-33.876,-29.603,-26.093,-22.584,-21.973,-18.921,-18.464,-14.649,-12.055,-10.376,-11.902,-12.36,-11.597,-10.681,-10.224,-6.7141,-2.1363,4.4252,5.7985,8.24,11.139,12.36,13.123,13.276,12.97,14.039,13.123,13.886,12.97,13.428,12.818,12.665,14.039,24.567,30.824,32.807,34.639,39.064,39.979,40.437,43.336,52.644,49.745,47.304,48.372,49.745,51.271,51.729,51.424,54.018,60.427,65.462,66.683,66.683,67.293,70.498,71.871,74.007,73.702,78.738,81.942,79.196,75.381,74.007,71.871,69.277,66.378,65.615,61.647,58.443,54.628,52.187,49.135,47.304,44.71,39.521,36.012,35.249,31.434,30.213,28.84,26.856,28.993,35.401,32.35,28.687,24.567,24.415,20.142,13.276,4.2726,-2.2889,-7.0193,-12.97,-20.905,-25.483,-28.382,-27.467,-27.009,-26.551,-27.161,-23.957,-23.041,-21.973,-20.295,-16.938,-15.107,-15.259,-18.311,-19.532,-23.041,-25.483,-30.061,-32.807,-35.554,-40.59,-43.641,-45.015,-48.677,-51.271,-54.476,-54.781,-55.849,-54.781,-54.323,-50.356,-46.388,-44.252,-41.658,-37.233,-36.164,-33.876,-31.434,-28.077,-28.23,-26.551,-28.23,-28.535,-28.382,-26.704,-25.178,-23.041,-22.584,-17.853,-13.886,-12.97,-13.733,-11.139,-9.4607,-5.6459,-3.8148,1.3733,4.2726,8.24,13.733,14.344,16.022,23.041,30.976,36.47,41.81,47.456,48.067,48.982,50.356,52.95,55.238,56.764,57.375,61.19,65.004,67.141,65.462,62.716,59.206,60.274,62.41,65.615,64.089,66.073,67.446,70.345,76.754,81.179,78.433,73.244,72.329,72.939,69.887,61.647,56.154,57.833,56.764,53.865,50.508,47.456,47.151,46.846,43.184,41.505,37.996,36.012,31.434,28.535,24.415,20.905,15.564,10.681,9.4607,9.1556,6.2563,5.7985,3.5096,1.2207,-4.4252,-8.8504,-15.412,-15.717,-15.107,-14.801,-17.243,-19.074,-24.11,-28.535,-29.45,-28.687,-31.587,-27.772,-24.415,-19.227,-16.327,-10.529,-2.1363,5.9511,9.1556,13.886,21.668,24.72,27.314,32.197,37.538,43.336,45.625,50.966,55.391,59.358,62.716,66.988,67.904,71.108,72.787,71.871,72.329,76.296,74.923,72.634,70.345,70.345,70.803,70.345,64.547,62.868,61.953,58.901,54.628,52.644,51.576,51.118,54.323,54.628,48.372,49.745,57.527,64.547,70.04,79.043,84.231,88.046,91.556,97.507,98.575,98.422,97.507,96.591,98.727,101.02,101.63,101.32,99.49,97.507,92.624,87.741,82.4,77.212,73.244,71.718,68.056,67.751,64.852,64.089,61.19,59.206,56.307,52.797,46.236,40.895,38.148,37.996,35.859,38.148,37.385,36.317,31.129,28.993,29.145,24.415,16.633,13.886,12.818,11.75,10.987,6.5615,2.7467,2.7467,4.4252,-0.30519,-7.477,-8.8504,-9.003,-10.376,-10.681,-8.8504,-6.8667,-3.2044,1.2207,3.8148,2.7467,2.7467,3.0519,7.7822,7.1718,5.3407,5.4933,11.444,15.259,15.412,11.902,10.529,13.428,11.444,5.4933,1.0681,-2.4415,-3.2044,-7.9348,-13.428,-14.191,-14.039,-13.276,-10.681,-8.8504,-10.224,-9.9185,-4.12,-2.4415,-2.5941,-0.61037,3.5096,5.1881,7.477,6.4089,5.0356,5.9511,8.6978,5.6459,5.0356,4.883,5.0356,6.4089,13.733,19.532,20.295,18.464,20.142,19.379,18.159,17.396,18.311,16.938,14.954,14.801,15.107,11.292,7.9348,2.8993,0.91556,-3.8148,-8.5452,-16.022,-20.447,-24.262,-27.009,-30.213,-32.96,-35.401,-33.265,-34.639,-35.554,-37.538,-41.963,-47.151,-50.203,-53.102,-52.034,-48.219,-48.677,-49.745,-48.372,-50.203,-50.966,-50.356,-48.83,-48.372,-48.982,-49.287,-47.914,-44.404,-40.132,-35.249,-29.45,-23.804,-19.379,-16.327,-12.818,-10.224,-6.8667,-3.2044,1.5259,3.6622,6.8667,7.3244,10.681,17.548,18.616,17.548,15.87,13.276,10.224,9.003,8.24,4.883,-0,-6.4089,-9.3081,-11.75,-14.039,-15.564,-15.87,-16.938,-17.853,-16.785,-13.276,-12.97,-10.224,-10.834,-12.055,-11.139,-9.003,-4.4252,0.45778,0.30519,2.1363,7.7822,15.412,20.295,26.399,30.976,35.707,36.164,39.521,41.505,46.236,49.287,51.118,49.287,45.778,42.726,41.353,36.775,32.807,27.467,23.347,15.564,9.003,3.6622,-0.45778,-6.1037,-9.6133,-11.75,-12.36,-14.039,-13.276,-12.665,-12.818,-14.649,-14.496,-18.464,-21.21,-20.6,-18.464,-15.717,-14.649,-14.039,-13.276,-13.733,-12.207,-9.3081,-6.8667,-6.5615,-5.3407,-7.9348,-8.8504,-9.1556,-10.224,-11.597,-14.649,-16.327,-16.785,-19.074,-22.889,-28.84,-32.807,-37.08,-43.184,-48.83,-52.644,-54.781,-53.56,-52.034,-50.508,-47.609,-43.489,-37.538,-31.281,-26.551,-21.821,-19.99,-19.684,-22.889,-26.551,-28.687,-29.756,-32.96,-36.012,-36.164,-35.401,-37.69,-39.827,-43.336,-46.846,-51.118,-53.255,-56.917,-59.053,-61.495,-62.105,-63.478,-62.716,-59.816,-56.612,-57.375,-54.476,-50.05,-44.099,-37.233,-31.739,-26.856,-21.363,-16.633,-10.987,-6.1037,-2.7467,-3.9674,-0.61037,1.2207,3.2044,5.9511,6.7141,7.477,8.6978,7.3244,3.9674,-0.30519,-5.9511,-10.376,-10.529,-11.902,-11.902,-12.055,-9.3081,-7.477,-7.477,-9.003,-10.987,-14.496,-19.837,-26.246,-28.535,-35.096,-43.641,-50.05,-56.001,-62.868,-65.004,-66.683,-65.92,-65.767,-67.141,-69.43,-70.498,-70.498,-67.598,-66.225,-61.953,-61.647,-61.647,-62.868,-61.953,-60.732,-59.816,-62.563,-61.953,-59.969,-56.612,-56.154,-53.713,-52.644,-49.135,-46.388,-43.794,-40.895,-36.927,-31.892,-25.483,-24.567,-25.941,-29.908,-34.333,-40.284,-39.979,-41.2,-42.726,-46.693,-46.541,-48.372,-50.966,-52.187,-50.661,-49.593,-48.83,-47.609,-42.726,-38.606,-33.113,-30.671,-28.23,-27.009,-23.499,-17.243,-10.681,-8.0874,-2.4415,2.2889,5.7985,10.224,13.886,14.801,16.175,17.853,22.889,24.262,27.314,30.061,36.164,37.385,39.216,38.759,41.658,44.404,46.541,48.83,50.05,50.508,50.356,46.388,42.421,37.538,37.385,36.622,36.012,34.181,32.197,28.077,22.736,16.48,11.444,6.1037,2.2889,-3.8148,-9.003,-10.071,-9.1556,-14.191,-16.48,-14.649,-10.224,-8.5452,-5.9511,-2.4415,2.5941,5.3407,11.292,13.886,15.107,13.733,14.039,11.597,13.581,16.175,16.785,17.548,17.853,17.701,16.175,15.259,15.107,14.496,18.464,17.396,12.513,8.6978,4.4252,-0.61037,-4.2726,-9.003,-16.938,-24.415,-31.739,-39.674,-42.268,-43.031,-43.031,-48.524,-47.914,-43.489,-40.132,-44.404,-47.914,-50.203,-48.524,-49.593,-50.05,-47.304,-43.031,-43.489,-42.268,-42.268,-35.401,-28.23,-19.837,-13.123,-6.8667,-5.3407,-1.9837,3.8148,9.6133,15.412,18.921,21.058,26.704,29.603,33.723,34.639,35.249,35.249,33.113,32.96,35.707,36.622,36.164,34.791,32.807,29.145,25.178,20.905,18.921,15.564,14.344,11.292,10.987,10.987,9.7659,9.1556,11.902,10.071,5.7985,-0.45778,-3.0519,-1.8311,-3.8148,-6.2563,-7.0193,-8.6978,-5.9511,-7.0193,-8.24,-7.3244,-4.883,-5.6459,-5.4933,-3.5096,1.6785,4.4252,6.4089,7.9348,12.207,15.412,12.513,11.292,13.123,16.48,20.905,21.821,22.431,21.821,20.447,18.006,19.532,20.753,18.006,14.649,16.48,20.142,22.279,23.194,26.246,27.161,25.788,26.704,29.298,27.467,26.399,30.824,36.317,38.911,40.284,41.505,40.437,36.164,31.892,26.093,23.804,21.516,18.311,17.243,16.022,12.513,11.902,11.597,14.954,18.616,23.194,28.993,36.012,39.674,43.947,45.167,46.388,44.557,47.456,48.524,44.252,39.064,36.622,36.012,34.333,28.84,28.535,30.976,34.486,32.044,32.502,33.113,36.012,34.791,30.671,28.077,31.434,30.671,29.298,29.298,33.113,37.233,41.353,40.895,41.505,40.742,42.268,41.963,37.538,32.044,26.704,26.246,25.33,15.259,4.5778,4.7304,4.5778,1.8311,3.6622,1.6785,4.4252,7.477,10.987,10.834,10.681,15.259,19.99,19.99,16.785,15.717,13.733,6.1037,-1.9837,-8.8504,-7.3244,-9.6133,-14.191,-10.834,-7.3244,-4.883,-3.2044,-0.91556,6.1037,11.444,16.938,19.837,24.415,28.687,32.044,35.554,38.911,41.2,46.541,46.541,44.862,40.742,35.707,30.671,27.467,20.6,21.973,20.447,16.785,13.123,10.071,11.75,13.428,7.0193,6.1037,5.9511,7.9348,2.8993,1.5259,-4.7304,-4.7304,-8.5452,-13.886,-17.701,-22.584,-28.687,-29.298,-28.077,-29.298,-30.671,-27.772,-25.33,-25.33,-28.687,-33.265,-29.908,-26.093,-24.567,-22.126,-19.99,-15.259,-11.597,-5.7985,0.61037,5.7985,10.224,15.107,22.584,23.652,22.431,22.279,23.194,25.025,25.025,20.905,12.818,9.003,4.5778,1.0681,-1.9837,-5.4933,-6.1037,-7.6296,-10.529,-9.9185,-9.3081,-7.477,-7.477,-7.477,-9.3081,-8.24,-7.477,-4.883,-7.0193,-5.0356,-3.9674,-4.2726,-7.1718,-5.9511,-0.61037,0.91556,2.4415,6.2563,10.071,10.987,8.6978,10.681,13.123,11.902,10.681,11.75,16.48,14.496,10.071,9.6133,10.071,10.529,11.139,10.376,9.6133,8.24,4.2726,-1.2207,-7.0193,-8.6978,-7.477,-8.0874,-10.681,-9.9185,-9.9185,-11.597,-13.428,-14.344,-20.142,-22.736,-19.532,-17.701,-17.548,-20.295,-23.194,-18.464,-18.769,-20.447,-21.973,-18.921,-14.344,-11.75,-12.36,-8.6978,-8.5452,-10.529,-9.7659,-8.8504,-11.444,-7.9348,-0.76296,4.2726,4.4252,6.8667,7.3244,13.276,15.87,18.311,22.584,23.347,20.295,19.532,20.6,23.041,21.21,16.938,13.581,12.055,7.1718,0.91556,-5.0356,-9.3081,-15.564,-19.837,-23.652,-23.499,-27.161,-25.025,-25.33,-26.704,-24.11,-17.548,-14.649,-16.48,-20.295,-20.295,-15.412,-11.139,-12.665,-10.376,-7.1718,-2.1363,-6.7141,-9.003,-5.6459,-4.2726,-4.883,1.3733,9.3081,7.7822,6.8667,9.6133,8.24,8.6978,13.581,17.701,11.597,10.834,12.055,16.938,19.532,22.431,21.821,16.785,14.954,10.529,0.30519,-6.7141,-12.97,-15.412,-23.652,-31.129,-37.843,-41.047,-41.963,-43.947,-41.81,-39.216,-36.317,-33.418,-28.84,-24.72,-18.006,-9.9185,2.4415,13.428,19.227,28.993,37.233,49.287,56.001,61.342,64.394,67.904,74.16,84.078,88.656,94.913,105.14,112.92,114.29,116.43,122.68,130.92,131.53,130.77,131.23,129.09,127.57,131.08,127.11,124.21,119.79,114.75,108.65,99.033,86.062,82.4,81.179,74.923,69.735,72.787,75.533,75.533,70.345,69.887,75.838,79.501,81.179,88.504,90.487,89.419,88.351,93.539,96.286,95.676,96.133,99.033,95.828,95.676,94.913,93.844,93.234,92.624,93.539,92.166,90.945,91.403,87.741,84.994,81.027,75.686,62.41,53.255,48.067,45.778,40.59,33.57,28.382,26.399,25.636,22.126,22.126,23.957,23.499,24.873,26.093,24.262,21.363,20.295,19.074,21.363,17.548,16.48,10.376,7.6296,5.3407,4.883,-0.91556,-5.4933,-10.529,-12.665,-12.513,-13.886,-17.548,-20.295,-23.041,-24.11,-24.11,-25.788,-31.892,-27.009,-24.567,-20.753,-18.311,-16.785,-16.022,-9.003,-4.2726,-3.0519,-0.30519,2.1363,3.6622,3.357,1.0681,5.1881,7.9348,12.665,14.496,9.9185,11.444,13.276,12.36,12.513,14.801,21.821,28.382,29.298,26.093,27.161,27.009,28.993,25.636,21.363,26.704,34.028,36.317,38.606,44.404,50.508,56.307,62.105,64.699,68.361,71.566,77.67,83.316,82.858,81.179,78.585,74.923,69.887,60.274,56.307,52.034,52.034,48.982,44.404,39.979,38.911,36.317,33.418,30.824,23.652,17.701,22.279,21.821,10.071,1.0681,-0.30519,-8.0874,-13.123,-13.886,-18.159,-21.516,-22.584,-17.701,-15.717,-22.584,-24.873,-28.687,-32.502,-38.148,-38.148,-34.333,-32.044,-34.944,-34.639,-28.535,-23.499,-23.957,-21.973,-21.21,-14.191,-11.444,-6.1037,-3.8148,1.6785,6.2563,9.3081,5.4933,4.7304,2.8993,0.61037,-0.45778,-2.8993,-2.7467,-0.91556,-3.0519,-5.0356,-7.477,-9.4607,-10.529,-11.597,-12.36,-14.954,-16.175,-17.09,-19.532,-21.516,-24.415,-27.161,-31.434,-33.113,-34.944,-36.164,-36.47,-34.639,-28.382,-22.431,-22.736,-22.584,-20.447,-18.769,-14.039,-7.0193,-3.0519,1.6785,6.4089,10.224,14.039,16.175,16.022,16.022,13.886,10.681,7.0193,8.24,7.3244,5.1881,1.3733,0.61037,0.30519,1.2207,0.45778,-0.15259,-1.2207,-1.5259,-3.8148,-5.9511,-10.376,-12.207,-15.259,-17.548,-19.684,-22.431,-21.516,-20.753,-19.532,-16.327,-12.665,-10.529,-9.6133,-7.7822,-6.8667,-5.1881,-4.2726,-3.357,-3.2044,-1.9837,-1.2207,-1.8311,-2.5941,-1.0681,2.1363,4.7304,6.1037,7.6296,7.477,8.3926,6.7141,3.9674,0.15259,-2.2889,-5.3407,-8.5452,-10.987,-13.123,-14.649,-15.107,-16.633,-19.684,-22.279,-21.21,-21.668,-21.973,-23.347,-23.347,-23.499,-23.499,-22.736,-23.194,-23.957,-25.178,-26.704,-27.924,-30.061,-28.993,-29.603,-30.213,-31.434,-31.892,-32.35,-31.129,-28.687,-26.704,-25.025,-23.194,-21.668,-17.701,-14.954,-10.681,-8.0874,-4.7304,-4.12,-4.12,-4.2726,-5.0356,-6.4089,-7.9348,-10.529,-12.665,-14.954,-16.48,-21.363,-23.347,-27.924,-30.519,-32.35,-34.028,-39.064,-42.421,-44.862,-44.71,-46.541,-47.609,-50.356,-50.966,-52.034,-52.492,-53.102,-52.492,-51.424,-48.677,-46.388,-44.099,-43.336,-41.505,-40.59,-35.401,-30.519,-24.415,-21.363,-17.701,-11.139,-3.5096,1.5259,7.0193,10.224,13.428,16.327,20.142,23.194,28.23,31.434,32.655,33.113,34.486,34.639,34.639,33.265,33.876,32.044,33.265,32.655,32.96,30.366,29.45,29.603,31.129,34.028,37.385,38.911,42.116,45.778,48.067,46.541,47.304,48.524,52.95,56.612,58.748,60.884,64.089,65.92,64.699,62.258,60.121,56.154,54.323,50.661,50.661,48.83,47.914,46.541,45.32,45.32,47.151,48.372,50.203,48.067,48.524,48.524,49.745,47.304,44.252,41.047,40.437,41.2,43.031,41.658,40.284,36.164,32.655,28.077,24.567,18.006,13.123,6.1037,-0.30519,-5.6459,-9.1556,-12.207,-13.428,-13.581,-13.428,-12.513,-9.6133,-8.3926,-5.4933,-2.2889,2.2889,3.357,5.0356,6.5615,7.0193,4.883,2.8993,1.0681,-0.91556,-2.8993,-4.12,-7.6296,-10.834,-12.97,-14.801,-19.074,-21.668,-23.957,-25.33,-26.093,-26.399,-24.262,-23.194,-24.415,-26.551,-29.145,-28.993,-31.129,-35.096,-36.622,-33.876,-32.044,-28.993,-27.467,-27.467,-25.178,-22.431,-21.058,-17.09,-14.801,-16.327,-21.363,-21.058,-19.837,-18.769,-18.006,-15.107,-12.207,-11.597,-9.9185,-6.1037,-3.5096,-1.5259,-2.4415,-4.2726,-7.9348,-8.5452,-12.055,-16.175,-19.379,-19.837,-19.379,-18.464,-18.616,-22.431,-28.23,-32.197,-34.791,-38.606,-42.268,-44.404,-46.083,-48.067,-49.44,-49.44,-49.44,-50.05,-50.813,-53.713,-53.56,-52.644,-51.424,-48.83,-47.151,-43.641,-39.369,-34.333,-32.35,-32.807,-34.791,-36.164,-35.707,-36.164,-35.707,-32.044,-27.772,-21.516,-17.09,-13.733,-11.902,-5.1881,-2.7467,-2.5941,-3.6622,-5.9511,-6.8667,-9.4607,-10.681,-13.581,-17.548,-22.584,-27.619,-29.298,-31.739,-34.181,-39.521,-44.71,-46.388,-46.236,-49.287,-50.356,-48.372,-48.83,-53.56,-57.222,-59.511,-57.527,-57.833,-57.375,-58.29,-54.476,-46.388,-42.573,-43.947,-44.557,-42.268,-41.047,-40.132,-35.859,-33.723,-32.655,-33.418,-27.314,-21.516,-21.21,-24.415,-22.126,-18.311,-12.818,-8.24,-5.4933,-6.8667,-7.3244,-7.9348,-6.5615,-9.7659,-12.665,-16.633,-18.464,-18.769,-19.074,-20.295,-18.616,-14.496,-12.055,-10.376,-8.3926,-7.3244,-4.4252,-3.357,-1.0681,-1.0681,-1.5259,1.9837,5.9511,7.0193,6.2563,5.6459,7.3244,7.1718,10.376,12.818,17.701,18.464,17.243,17.396,21.516,25.941,26.399,25.636,29.298,34.639,35.707,33.265,35.096,32.044,29.45,37.08,45.625,41.505,32.96,28.993,27.467,25.636,25.025,21.516,22.736,24.11,26.093,27.009,27.772,27.772,27.772,25.33,23.194,21.821,18.311,18.006,21.058,23.804,26.399,24.415,25.483,27.772,27.161,30.213,35.859,39.521,39.674,44.252,47.914,49.745,52.034,54.933,59.816,59.816,62.563,65.157,65.92,61.342,59.816,62.563,58.748,52.034,55.544,51.729,57.07,60.121,59.206,59.358,60.121,62.868,65.92,69.277,73.855,72.481,69.277,67.446,67.751,63.936,59.816,56.612,49.593,42.421,41.505,40.284,32.502,28.077,25.636,20.142,18.464,14.039,9.7659,3.8148,-0.61037,-4.5778,-4.12,-4.7304,-3.6622,1.8311,4.4252,4.2726,10.224,12.97,12.207,11.597,12.665,14.344,17.243,13.123,16.48,22.736,22.889,21.821,19.074,20.6,25.483,22.126,19.379,17.243,19.379,20.447,24.72,25.788,18.769,14.954,21.363,22.889,16.938,13.581,14.039,12.055,10.529,10.834,15.412,11.139,9.3081,10.376,2.4415,3.8148,7.7822,1.6785,-4.4252,-4.2726,-1.6785,-6.7141,-6.7141,-5.9511,-7.1718,-12.97,-16.327,-16.938,-14.649,-16.175,-21.821,-28.535,-29.145,-28.84,-26.704,-27.314,-25.178,-23.652,-25.025,-26.246,-19.837,-10.071,-10.376,-12.665,-7.9348,-3.357,-2.1363,4.883,10.834,10.529,13.428,16.022,19.379,24.11,28.382,33.723,29.298,26.551,22.431,19.379,18.769,9.6133,6.5615,6.4089,6.5615,3.357,4.4252,2.8993,0.30519,-2.2889,-5.7985,-9.1556,-4.12,-4.2726,-6.5615,-5.4933,-4.4252,-6.1037,-0.76296,6.4089,5.3407,0.76296,-0.15259,3.0519,6.8667,5.6459,7.1718,9.9185,6.4089,2.1363,1.3733,3.9674,10.987,18.159,17.701,7.7822,9.9185,11.902,9.1556,4.4252,7.3244,5.0356,4.12,4.7304,3.2044,3.8148,-0.30519,-2.2889,2.5941,8.24,8.8504,0.45778,-4.883,-4.2726,5.7985,5.1881,-2.7467,-5.9511,-3.2044,-1.3733,5.9511,3.5096,0.30519,-0.45778,0.15259,-6.1037,-3.9674,-3.357,-2.5941,-2.8993,-1.9837,-1.3733,-4.4252,-5.0356,-0.91556,-0.76296,-0.91556,-5.6459,-7.0193,2.2889,0.76296,-10.987,-13.123,-12.36,-15.717,-14.649,-10.834,-15.87,-26.093,-34.028,-33.113,-35.859,-36.012,-37.996,-40.284,-44.71,-46.236,-46.846,-45.93,-47.304,-43.794,-41.81,-44.252,-45.778,-46.388,-52.492,-55.696,-53.255,-50.05,-50.661,-53.407,-54.933,-59.969,-55.544,-51.118,-49.135,-48.83,-54.323,-51.576,-45.778,-43.184,-42.879,-47.456,-45.167,-37.996,-32.655,-26.551,-23.957,-26.704,-29.908,-27.924,-23.804,-21.821,-25.025,-24.567,-25.33,-25.788,-25.33,-25.636,-27.772,-31.281,-35.859,-37.843,-41.505,-41.2,-43.947,-46.846,-51.271,-54.018,-56.764,-59.053,-62.41,-62.563,-63.936,-65.92,-71.261,-74.007,-79.348,-82.705,-86.215,-87.893,-90.793,-92.776,-94.76,-95.676,-95.218,-92.318,-88.504,-83.316,-80.264,-74.77,-71.566,-69.124,-69.43,-70.65,-72.176,-71.261,-70.498,-67.751,-66.683,-65.767,-65.157,-63.631,-64.241,-63.631,-63.173,-62.41,-62.716,-62.563,-61.495,-59.664,-57.985,-57.07,-56.154,-54.628,-55.086,-54.323,-55.696,-54.628,-52.644,-50.661,-49.287,-48.677,-47.914,-47.914,-47.151,-43.947,-41.963,-39.827,-39.521,-39.369,-43.336,-45.93,-50.05,-54.018,-57.222,-57.07,-55.086,-53.713,-53.255,-50.813,-48.677,-45.015,-43.184,-41.963,-41.2,-39.064,-38.453,-37.385,-35.707,-33.57,-31.587,-27.161,-23.957,-17.548,-12.97,-7.6296,-5.6459,-2.7467,-1.2207,-0.15259,-1.9837,-2.5941,-2.1363,0.45778,3.2044,8.0874,10.529,12.97,12.665,13.276,12.513,11.75,11.597,12.818,13.886,13.428,11.902,11.597,8.0874,6.2563,4.883,7.1718,8.0874,9.9185,12.055,14.954,16.175,17.09,16.785,17.243,16.785,19.227,21.668,25.33,28.84,33.418,35.401,36.927,36.775,34.333,30.976,28.077,25.33,24.567,22.736,23.347,23.347,25.636,26.551,25.178,21.363,19.379,17.09,13.428,8.5452,6.4089,1.9837,0.45778,-0.61037,0.45778,-2.4415,-5.0356,-7.0193,-9.1556,-12.055,-14.496,-17.243,-20.142,-24.72,-27.924,-30.519,-32.044,-34.486,-37.385,-39.674,-39.216,-39.521,-40.742,-41.963,-41.047,-42.421,-42.268,-44.71,-46.236,-46.693,-43.336,-42.116,-38.606,-34.791,-29.908,-24.415,-16.785,-9.1556,-2.7467,2.2889,11.292,17.09,22.736,23.499,23.347,22.279,22.126,21.973,22.431,22.279,22.584,20.6,21.973,20.905,19.532,16.327,14.039,10.681,5.0356,-1.6785,-6.4089,-10.529,-13.733,-15.717,-13.276,-13.123,-13.733,-16.175,-18.769,-21.363,-23.041,-22.431,-23.194,-26.093,-27.772,-29.145,-27.924,-26.093,-21.821,-18.616,-14.191,-8.24,-3.2044,0.91556,6.8667,10.376,13.428,14.496,16.938,19.99,21.973,22.126,23.499,21.363,20.6,21.058,22.431,22.126,21.058,19.837,19.99,18.464,18.464,18.311,19.379,20.142,22.431,25.788,31.129,36.164,39.979,40.895,43.489,44.71,47.304,46.846,45.625,45.015,45.167,45.015,43.947,42.116,41.658,40.742,40.895,38.911,38.606,34.944,31.281,25.483,16.938,8.6978,4.5778,3.8148,4.4252,3.2044,0.91556,-1.2207,-3.8148,-7.7822,-9.9185,-12.055,-15.564,-18.006,-17.396,-17.701,-18.464,-19.532,-19.684,-20.447,-16.633,-14.954,-11.75,-10.224,-8.24,-7.6296,-6.7141,-7.7822,-8.24,-7.0193,-3.5096,-2.7467,-0.76296,1.9837,4.7304,5.0356,7.0193,6.7141,4.12,0.91556,-0.61037,-2.5941,-4.5778,-8.24,-8.24,-9.3081,-8.3926,-8.3926,-6.2563,-6.7141,-6.2563,-8.0874,-8.8504,-9.1556,-9.4607,-7.477,-8.6978,-11.902,-10.529,-10.681,-10.376,-12.665,-12.513,-10.987,-7.6296,-5.3407,-1.5259,3.9674,9.9185,15.412,23.194,30.824,39.521,47.151,56.764,65.615,74.77,82.858,93.692,104.53,114.9,124.21,134.89,147.56,158.85,166.78,177.31,187.69,196.84,202.95,210.88,218.51,224.31,231.64,239.88,246.28,254.37,259.25,263.07,266.27,270.85,271.61,272.99,277.57,281.69,283.36,285.96,289.47,292.98,294.35,298.17,301.22,305.64,306.86,309.46,310.98,313.88,314.49,312.97,312.51,312.66,309.31,307.78,306.41,308.39,314.04,319.22,317.24,320.14,326.24,331.28,337.38,339.98,337.53,340.43,343.33,343.18,338.91,336.62,337.38,339.67,339.21,336.16,334.64,336.77,336.47,337.38,336.16,336.01,334.18,332.96,331.28,328.84,325.94,323.8,322.58,323.04,322.89,323.19,321.21,319.22,314.95,309.31,303.35,297.71,291.3,286.87,283.21,277.41,266.73,261.85,256.05,248.57,243.23,246.59,246.13,240.64,234.23,228.13,223.09,220.65,212.41,207.53,200.2,192.88,188.15,187.08,182.81,173.96,168.16,164.95,160.83,160.53,159.46,159.61,149.85,140.08,136.11,132.91,127.57,122.99,116.12,107.43,100.41,93.844,88.961,84.078,75.381,72.787,70.345,65.31,64.547,67.293,62.716,54.476,49.287,49.898,48.067,44.252,40.132,38.606,36.775,35.249,31.434,27.161,25.941,24.72,20.6,13.123,13.276,20.905,12.055,1.0681,0.76296,8.6978,7.9348,-0.30519,-1.8311,-2.1363,-4.2726,-7.6296,-12.36,-14.649,-17.853,-18.006,-19.837,-21.21,-27.924,-32.807,-37.233,-40.59,-40.895,-41.505,-43.947,-45.778,-48.524,-51.576,-56.917,-61.037,-64.699,-67.141,-72.634,-74.16,-74.77,-77.517,-81.027,-83.926,-92.013,-97.507,-95.065,-89.419,-93.387,-99.338,-102.54,-103.76,-105.59,-108.95,-112.46,-116.28,-117.5,-115.82,-115.36,-115.82,-118.41,-120.7,-123.91,-124.97,-129.4,-133.82,-137.18,-140.39,-143.44,-146.64,-148.78,-151.83,-156.87,-152.44,-147.56,-146.49,-150.46,-148.32,-143.89,-141.61,-142.52,-140.54,-136.57,-135.2,-134.89,-139.32,-147.4,-145.88,-146.18,-150,-151.07,-147.56,-150.46,-162.21,-170.9,-172.28,-166.17,-163.88,-167.09,-169.84,-166.33,-160.68,-166.33,-163.88,-151.83,-149.69,-150.61,-151.37,-150.76,-145.27,-146.49,-147.25,-147.4,-146.64,-145.57,-140.69,-137.79,-129.25,-122.84,-117.65,-116.43,-114.44,-111.85,-112.92,-115.05,-111.39,-114.9,-111.39,-106.66,-106.81,-103.31,-102.08,-109.56,-110.32,-112.16,-113.53,-114.9,-117.8,-119.17,-114.9,-116.58,-123.6,-123.75,-124.36,-126.8,-131.23,-130.16,-127.11,-131.08,-130.77,-132.6,-138.1,-144.2,-144.05,-144.96,-143.13,-143.13,-146.34,-149.69,-146.49,-141,-139.62,-140.08,-138.4,-137.94,-134.43,-133.67,-129.25,-123.91,-123.14,-122.23,-117.34,-113.83,-110.63,-106.97,-102.08,-104.98,-109.87,-117.95,-119.94,-121.01,-120.09,-123.29,-121.46,-121.01,-123.29,-124.36,-126.8,-131.84,-130.92,-136.27,-140.39,-130.01,-133.37,-133.37,-127.57,-133.67,-140.69,-142.06,-144.51,-146.03,-146.95,-152.13,-157.63,-156.87,-155.19,-155.34,-155.8,-155.95,-150.3,-148.78,-147.56,-152.75,-157.93,-153.66,-146.79,-139.77,-139.77,-145.27,-139.47,-132.15,-126.19,-124.06,-118.41,-115.97,-112.16,-108.95,-105.29,-104.83,-106.2,-108.19,-102.85,-102.24,-100.86,-97.812,-89.724,-83.163,-77.822,-72.787,-70.65,-68.972,-64.699,-61.495,-59.206,-59.206,-60.579,-62.716,-64.241,-67.446,-73.244,-77.364,-79.501,-82.553,-82.705,-81.79,-76.296,-70.345,-63.478,-57.07,-51.271,-49.44,-47.761,-44.862,-43.184,-42.268,-38.301,-31.739,-25.025,-21.821,-16.175,-12.665,-10.071,-8.24,-5.1881,-4.5778,-5.4933,-11.444,-19.074,-26.704,-36.012,-46.388,-53.407,-61.8,-66.53,-68.514,-67.904,-66.988,-65.462,-62.105,-57.985,-52.797,-48.83,-46.693,-47.151,-48.982,-48.219,-48.372,-46.388,-46.388,-43.641,-40.437,-36.164,-34.639,-32.655,-28.23,-22.889,-16.785,-8.3926,-0.76296,7.6296,15.564,22.736,28.077,32.96,37.233,41.963,46.388,51.576,54.323,56.307,57.68,59.816,60.121,63.021,62.105,61.953,57.527,51.271,41.658,34.944,27.772,21.973,14.344,7.9348,3.8148,-1.2207,-7.7822,-9.9185,-12.207,-11.75,-13.123,-11.902,-13.733,-14.496,-14.954,-16.175,-18.464,-19.99,-20.447,-17.701,-12.97,-6.1037,-0.30519,9.3081,15.259,21.668,28.687,35.401,40.59,45.32,47.914,50.966,52.797,56.154,55.696,55.544,55.696,57.833,57.68,56.307,55.086,52.644,49.745,47.914,45.625,48.067,51.881,55.696,55.238,55.391,51.729,47.151,43.947,41.81,37.843,33.57,27.314,21.516,14.344,13.428,15.87,23.499,28.077,33.418,40.742,46.846,52.187,56.154,58.29,59.206,57.07,56.764,54.476,52.95,49.593,48.067,45.778,44.71,43.947,42.268,40.59,37.996,34.333,31.587,26.246,21.973,17.09,15.564,12.97,11.139,9.4607,8.5452,5.0356,-1.6785,-9.003,-14.649,-21.973,-27.924,-32.655,-34.791,-37.843,-38.453,-39.369,-38.148,-36.622,-35.401,-34.181,-30.671,-28.84,-24.873,-21.363,-17.09,-15.564,-15.564,-16.022,-13.428,-10.376,-6.2563,-4.2726,-4.12,-3.6622,-2.7467,-1.8311,0.61037,1.6785,4.2726,5.6459,9.9185,14.649,20.142,24.11,27.467,27.924,30.366,31.434,32.35,31.434,30.519,28.84,29.298,27.772,25.941,24.567,26.093,24.415,22.584,17.853,12.36,7.6296,5.4933,4.883,5.9511,4.5778,2.7467,-0.61037,0.61037,-0.30519,1.3733,3.2044,5.1881,7.1718,8.5452,9.6133,12.36,15.717,21.668,24.415,28.077,27.314,27.924,29.145,32.807,37.233,43.184,49.593,55.544,58.748,62.105,62.563,64.241,65.615,66.683,66.53,68.514,69.124,69.124,70.345,73.092,75.228,77.059,76.449,78.585,80.416,82.4,83.468,86.52,88.809,88.351,86.673,87.588,86.367,84.536,84.231,86.52,86.673,87.436,86.215,84.689,82.705,80.416,77.975,76.449,76.144,73.855,71.566,73.092,71.108,69.43,65.615,61.953,58.901,59.206,59.206,57.527,54.476,52.95,51.576,52.95,50.661,50.356,47.761,45.625,41.963,39.979,39.674,38.911,36.622,35.401,34.791,35.249,30.976,26.551,21.821,16.633,10.376,4.7304,-0.91556,-5.7985,-10.071,-14.344,-18.311,-22.431,-28.535,-31.587,-34.639,-39.674,-45.778,-50.813,-56.459,-62.716,-68.361,-73.55,-77.517,-79.958,-82.247,-82.095,-84.384,-87.283,-90.793,-91.25,-91.098,-89.267,-83.621,-76.449,-74.618,-74.465,-75.686,-76.601,-78.127,-76.907,-77.364,-75.381,-77.212,-82.095,-86.367,-84.384,-81.79,-84.078,-89.572,-91.403,-92.929,-99.185,-109.56,-113.99,-119.02,-122.07,-124.52,-123.29,-124.06,-124.67,-128.94,-129.25,-130.77,-131.23,-131.84,-128.79,-124.06,-119.02,-116.28,-114.14,-115.67,-112.77,-114.9,-120.24,-121.46,-117.8,-115.36,-110.02,-107.73,-99.796,-90.182,-86.52,-88.198,-87.741,-84.841,-82.247,-81.027,-79.348,-75.838,-75.686,-77.059,-75.991,-78.89,-76.449,-77.059,-79.806,-81.637,-78.738,-77.059,-76.907,-78.585,-80.874,-86.367,-85.147,-84.231,-83.163,-84.231,-86.825,-89.114,-89.267,-87.283,-85.757,-85.299,-81.332,-79.501,-74.313,-68.819,-59.511,-49.44,-40.132,-35.859,-33.113,-31.587,-32.197,-32.044,-29.145,-28.23,-28.382,-26.704,-24.873,-25.483,-24.415,-24.415,-23.652,-25.025,-27.619,-29.145,-30.976,-34.639,-32.655,-31.892,-27.161,-24.262,-26.856,-30.671,-32.044,-32.96,-35.096,-33.57,-32.044,-31.434,-30.061,-27.924,-25.025,-26.093,-27.467,-31.281,-33.113,-35.707,-39.827,-38.606,-37.233,-37.996,-39.521,-39.979,-34.028,-26.093,-18.464,-13.428,-9.6133,-6.7141,-2.7467,-1.8311,5.0356,11.902,15.107,16.48,20.295,22.126,21.973,20.142,22.126,21.973,23.347,25.483,25.941,27.314,28.993,33.876,37.538,36.47,39.521,40.742,43.031,41.963,37.538,37.538,44.557,51.271,55.696,53.865,55.544,52.034,53.865,54.018,55.696,57.833,57.222,59.053,66.073,68.056,68.056,67.293,64.089,62.105,64.089,63.173,59.969,61.495,61.19,62.716,68.361,66.683,64.241,61.037,56.307,48.372,44.252,42.879,40.59,36.317,36.012,36.622,36.012,38.911,39.827,35.249,35.401,31.892,30.671,32.044,30.824,23.804,19.227,16.327,13.886,12.36,13.733,13.123,12.513,10.834,14.649,18.769,23.499,29.756,37.843,46.846,52.339,56.001,61.19,66.53,66.836,64.852,70.956,81.179,88.656,87.13,86.673,90.182,92.929,93.081,101.02,109.1,106.81,103.76,105.44,104.68,106.97,105.75,104.53,102.69,103.46,104.68,106.66,106.51,106.66,106.66,106.97,107.58,108.19,108.04,109.87,111.85,113.38,112.16,114.29,113.53,110.48,111.24,109.1,107.73,106.97,106.36,105.59,103.15,105.75,109.41,115.05,116.89,112.61,103.92,97.354,89.419,81.942,79.958,78.585,72.176,71.261,63.784,57.222,51.881,52.034,50.508,45.473,38.759,38.606,45.473,49.898,51.118,57.527,56.154,54.17,52.339,56.459,56.154,55.391,58.596,63.326,63.478,64.241,63.173,60.121,57.985,54.018,52.187,52.797,53.102,52.339,49.44,49.745,47.914,46.388,45.167,42.879,42.573,41.658,42.726,52.034,57.68,56.917,53.865,53.56,48.067,43.794,42.268,39.827,36.622,36.622,36.012,34.486,32.96,32.807,31.434,29.756,25.788,26.246,25.483,23.652,18.616,14.039,10.987,12.513,11.902,8.0874,4.2726,2.2889,-0.91556,-2.1363,-5.6459,-6.4089,-9.1556,-11.902,-14.801,-16.633,-19.379,-22.584,-25.178,-27.619,-30.213,-29.756,-30.824,-31.892,-35.096,-34.944,-36.47,-35.401,-31.892,-28.23,-25.025,-22.736,-20.447,-16.938,-13.428,-7.9348,-3.6622,1.3733,3.6622,7.0193,9.3081,11.597,14.954,18.921,24.567,30.366,36.927,41.353,41.658,41.658,40.284,39.827,36.775,33.723,28.535,24.567,21.058,16.022,12.055,9.6133,6.4089,5.4933,5.7985,7.7822,8.0874,9.7659,9.7659,10.681,8.3926,6.5615,8.24,11.902,15.717,18.464,20.295,23.194,26.093,29.45,32.197,36.012,39.216,43.336,45.778,47.914,49.287,50.356,51.118,52.492,52.492,53.865,54.17,56.154,56.459,56.001,54.17,53.255,51.424,50.508,50.203,49.135,47.761,45.32,40.437,35.401,30.366,28.077,25.483,24.415,23.347,20.6,15.717,10.376,4.12,-3.0519,-9.003,-9.9185,-11.597,-12.36,-14.191,-14.649,-18.769,-22.279,-29.756,-36.775,-40.284,-41.658,-44.71,-46.388,-50.356,-52.492,-53.255,-50.05,-46.388,-40.742,-35.707,-31.739,-29.603,-27.161,-25.33,-23.041,-24.567,-24.11,-24.11,-22.584,-21.668,-19.227,-16.633,-13.123,-8.8504,-5.3407,-4.12,-3.0519,-1.3733,4.12,7.477,9.4607,7.6296,6.2563,2.1363,-1.5259,-5.6459,-6.5615,-4.7304,-4.5778,-7.0193,-8.0874,-9.7659,-11.292,-13.123,-11.902,-11.292,-9.3081,-9.003,-5.4933,-1.8311,3.357,8.6978,15.717,22.431,29.298,36.012,43.031,46.083,49.44,50.05,52.644,53.255,52.034,49.898,49.135,46.388,43.794,42.421,42.573,40.895,41.81,43.184,44.404,43.641,44.557,40.742,36.164,32.655,28.687,23.499,17.853,11.292,8.3926,6.4089,6.8667,6.1037,6.8667,5.7985,5.0356,5.4933,6.2563,7.3244,7.6296,6.5615,5.0356,2.5941,1.9837,-1.3733,-3.5096,-5.6459,-5.1881,-7.9348,-8.6978,-9.1556,-9.9185,-13.733,-14.801,-15.107,-13.428,-9.003,-6.5615,-10.681,-7.0193,-5.4933,-10.681,-15.107,-14.496,-15.412,-19.837,-23.957,-25.025,-23.347,-18.921,-16.022,-14.801,-16.022,-15.717,-14.649,-10.987,-8.24,-2.8993,-1.2207,0.76296,2.5941,3.6622,4.12,5.3407,5.4933,7.3244,7.7822,10.224,11.292,13.428,15.564,16.175,19.837,25.483,30.824,34.028,35.401,38.759,38.148,38.301,38.759,43.031,41.963,41.963,43.794,42.573,39.521,36.164,32.044,30.976,29.908,30.519,30.976,29.756,23.652,20.295,17.396,14.801,13.581,11.902,8.8504,6.7141,6.4089,9.7659,10.681,13.733,15.259,19.227,22.584,27.314,29.756,29.756,31.739,32.35,30.824,29.45,28.993,30.976,27.619,26.246,26.399,29.756,31.129,34.333,37.843,40.742,43.336,46.388,49.745,51.729,50.813,51.271,50.203,51.271,47.456,43.947,40.284,36.775,32.807,36.012,39.827,38.606,32.502,24.72,20.6,17.853,10.834,9.4607,7.3244,3.8148,0.45778,0.76296,0.45778,2.5941,3.6622,4.7304,0.76296,-5.1881,-8.6978,-6.7141,-6.2563,-3.357,-4.7304,-5.7985,-7.1718,-5.9511,-5.4933,-7.7822,-10.376,-10.376,-10.224,-5.0356,1.8311,6.4089,8.6978,6.5615,0.15259,1.2207,0.15259,0.30519,3.357,6.7141,5.7985,3.6622,1.3733,-2.1363,-6.1037,-7.3244,-10.987,-10.529,-10.071,-8.6978,-8.0874,-3.6622,1.0681,-5.0356,-15.87,-18.769,-17.09,-19.074,-26.856,-32.35,-40.132,-42.573,-48.372,-52.797,-52.187,-50.966,-54.476,-56.001,-55.544,-54.018,-53.865,-52.644,-53.102,-53.56,-53.255,-50.661,-53.865,-56.154,-54.628,-53.255,-53.407,-51.881,-49.898,-50.661,-53.713,-51.424,-48.067,-48.524,-49.44,-47.761,-45.015,-43.947,-43.641,-43.031,-45.93,-46.693,-46.541,-43.947,-40.59,-34.944,-34.791,-33.723,-29.756,-22.126,-19.379,-19.684,-12.513,-7.0193,-4.883,-0,3.0519,8.0874,8.6978,9.4607,9.9185,11.292,9.4607,7.0193,6.1037,7.0193,5.4933,5.7985,4.883,6.1037,2.5941,1.3733,0.91556,1.6785,0.15259,-0.61037,-0.61037,0.61037,1.5259,-1.3733,-3.5096,0.76296,3.9674,5.3407,3.5096,2.1363,-1.0681,-1.8311,-4.2726,-8.6978,-12.818,-14.954,-16.633,-17.548,-16.633,-11.75,-6.5615,1.3733,10.987,22.279,23.804,22.126,22.889,24.873,26.856,29.756,30.519,34.181,45.167,53.407,56.307,57.222,57.985,58.443,57.68,54.781,50.661,47.151,44.404,38.148,32.807,31.587,30.519,30.671,30.213,32.655,32.35,32.807,31.129,26.704,26.551,29.603,32.044,34.181,34.791,39.827,38.759,38.759,43.184,45.93,45.015,47.914,50.661,48.524,45.473,45.778,44.252,43.489,46.846,52.187,50.661,49.898,45.93,42.879,39.369,37.538,35.096,32.502,29.298,30.976,32.502,34.181,34.486,35.554,32.502,28.382,29.298,30.519,27.314,24.72,22.889,21.668,22.431,21.973,21.821,23.194,17.548,10.987,3.6622,-0.45778,-1.3733,-0.30519,0.91556,-0.76296,-0,-3.2044,-11.444,-15.259,-21.058,-23.652,-30.671,-35.401,-36.927,-41.505,-43.336,-39.674,-38.606,-38.911,-41.353,-41.963,-41.963,-42.421,-45.473,-46.236,-45.625,-45.32,-52.339,-57.68,-63.478,-68.056,-71.413,-72.939,-73.55,-71.108,-72.024,-75.228,-80.111,-79.958,-84.689,-91.861,-94.607,-99.033,-104.68,-110.48,-114.14,-111.7,-113.22,-118.11,-120.85,-116.12,-110.32,-111.24,-116.73,-119.94,-120.7,-117.95,-115.36,-110.02,-108.65,-110.93,-115.05,-119.17,-119.02,-117.19,-113.68,-109.87,-111.55,-117.8,-119.33,-120.4,-119.63,-118.72,-117.19,-115.05,-114.14,-106.66,-107.12,-103,-101.93,-100.86,-98.575,-95.676,-92.471,-90.03,-89.724,-86.367,-84.689,-78.738,-78.89,-79.501,-75.076,-67.446,-63.326,-59.511,-56.001,-52.187,-49.593,-52.95,-53.713,-43.794,-39.064,-36.012,-28.382,-20.753,-12.513,-2.2889,0.61037,3.6622,13.276,25.636,31.587,38.301,46.236,52.797,56.459,66.073,73.55,75.228,79.348,84.384,86.825,88.198,81.79,76.144,72.329,71.108,69.124,70.345,66.53,63.631,59.664,55.696,55.544,55.544,54.323,53.865,51.118,48.372,44.252,36.927,35.554,37.843,31.281,24.567,12.36,7.1718,8.6978,9.9185,10.224,11.902,11.902,12.36,14.191,16.633,19.227,23.957,26.093,30.519,34.944,38.301,43.641,45.32,47.761,53.255,59.053,69.277,74.77,81.027,86.825,95.676,98.117,98.727,98.727,101.78,106.51,113.38,108.65,100.25,98.575,97.354,84.078,75.686,74.618,73.397,66.073,61.342,58.596,61.037,63.021,59.969,58.596,56.917,52.187,46.388,41.81,35.249,29.298,31.587,33.876,33.113,32.502,32.655,33.113,32.502,32.96,32.807,33.265,37.538,39.064,38.759,36.012,34.791,30.671,27.924,26.246,25.33,20.142,17.09,16.633,16.175,12.97,13.581,10.529,10.834,10.529,12.818,16.633,20.753,20.447,23.499,25.788,24.567,24.72,25.025,23.804,25.636,27.772,28.535,26.856,27.924,30.061,30.519,32.655,35.554,37.996,38.606,39.674,46.388,48.219,44.404,38.759,40.59,41.047,40.284,40.284,42.879,42.726,40.742,39.521,41.2,40.284,41.2,40.284,40.132,37.69,37.385,36.927,41.505,43.336,45.778,47.609,51.271,55.238,56.307,56.459,58.596,56.459,54.476,55.696,59.664,57.222,52.797,52.339,53.56,49.745,48.83,52.492,54.476,59.206,64.699,68.514,67.141,65.615,69.735,69.735,67.446,66.988,65.31,63.478,58.748,53.865,47.914,39.216,32.807,24.415,14.496,9.1556,6.2563,2.8993,-3.9674,-10.834,-12.818,-13.886,-15.412,-18.159,-20.142,-18.311,-18.464,-21.516,-20.295,-19.227,-16.327,-11.75,-6.2563,-2.4415,-0.76296,-0.76296,3.6622,3.8148,4.5778,5.7985,7.0193,13.886,22.126,23.194,22.889,22.431,23.194,22.736,23.347,23.652,22.126,25.636,24.567,18.311,10.529,6.2563,2.2889,-3.5096,-8.6978,-16.633,-20.753,-29.45,-31.587,-36.317,-42.879,-51.881,-59.053,-63.784,-67.293,-72.176,-76.754,-83.316,-86.215,-84.994,-84.078,-85.604,-86.062,-88.351,-83.621,-79.043,-70.498,-61.495,-53.407,-47.456,-44.404,-43.336,-41.2,-41.353,-38.148,-35.554,-32.807,-30.519,-30.213,-33.876,-38.453,-41.963,-46.083,-53.255,-53.56,-55.544,-54.781,-52.95,-52.187,-54.018,-52.95,-48.524,-47.304,-45.32,-37.843,-32.655,-27.619,-24.567,-19.379,-16.785,-10.987,-7.1718,-3.0519,1.8311,3.6622,3.5096,9.6133,13.581,15.107,14.801,18.311,21.21,24.567,23.957,21.973,18.311,10.681,4.2726,0.15259,-2.7467,-6.4089,-11.139,-11.597,-12.207,-12.36,-16.175,-19.837,-22.889,-18.921,-22.431,-23.957,-20.905,-19.227,-16.633,-9.7659,-3.6622,1.8311,11.902,23.957,30.519,38.148,44.099,48.372,55.696,63.173,70.956,77.517,82.095,88.351,89.572,92.166,93.081,98.117,99.185,104.53,110.17,115.97,119.02,124.06,125.58,125.74,126.96,128.33,128.03,130.62,128.79,123.14,120.85,120.55,116.43,110.63,107.12,105.14,103.92,101.47,97.964,99.948,102.69,106.05,104.22,102.24,101.17,96.896,94.15,94.913,98.727,101.02,100.1,100.25,94.76,89.724,84.994,83.163,80.721,78.585,79.348,82.553,82.553,81.027,83.468,84.994,84.994,86.978,87.13,81.484,74.16,71.871,62.716,52.187,46.541,44.099,40.132,37.996,37.538,39.216,39.979,41.658,41.963,40.895,40.895,41.047,38.759,39.064,38.759,40.59,42.726,41.353,43.794,45.778,43.336,42.116,40.742,39.521,37.08,37.69,36.012,36.47,39.827,39.521,37.69,38.453,39.827,41.963,42.421,43.641,42.726,40.284,39.064,38.453,36.47,34.639,32.502,23.652,18.464,17.243,13.276,12.055,12.665,18.616,22.736,25.636,27.924,32.35,36.775,39.369,40.742,39.064,40.895,42.879,39.521,39.674,40.59,38.606,34.486,32.35,30.824,29.45,28.077,24.873,22.889,23.957,25.941,25.941,24.72,24.262,23.804,22.889,21.058,15.412,12.513,17.396,20.6,21.21,20.447,19.684,16.175,16.938,15.87,12.97,7.6296,3.0519,-1.0681,-3.2044,-7.7822,-12.665,-12.36,-14.496,-15.87,-20.6,-29.45,-37.538,-42.573,-42.421,-47.151,-47.151,-45.015,-42.879,-39.827,-36.317,-36.775,-36.012,-31.587,-28.077,-26.093,-20.295,-16.327,-11.597,-11.597,-14.649,-22.126,-26.093,-27.924,-25.636,-27.924,-32.502,-39.064,-43.184,-43.184,-44.404,-49.44,-50.203,-51.271,-50.203,-49.135,-48.219,-48.372,-48.524,-47.609,-46.541,-45.015,-42.573,-43.489,-41.81,-41.505,-44.71,-45.473,-41.047,-39.369,-38.759,-40.284,-40.59,-39.674,-37.08,-36.47,-35.707,-35.249,-34.181,-35.554,-36.164,-37.538,-37.69,-41.2,-43.031,-47.304,-53.865,-57.527,-58.748,-59.816,-60.884,-61.647,-60.732,-63.631,-62.868,-64.852,-66.225,-64.699,-59.816,-54.933,-50.661,-47.151,-40.742,-36.317,-30.671,-32.044,-28.993,-22.431,-15.259,-13.123,-13.886,-10.529,-9.3081,-16.175,-19.227,-16.022,-14.954,-18.311,-15.564,-9.9185,-3.8148,1.2207,4.5778,-0.30519,-3.2044,-5.0356,-7.3244,-12.513,-18.464,-19.837,-15.259,-11.597,-9.9185,-11.597,-15.717,-14.801,-13.123,-14.039,-16.938,-23.499,-25.483,-26.246,-25.178,-19.532,-17.396,-18.616,-13.733,-10.529,-8.5452,-5.9511,0.61037,1.8311,3.8148,9.003,13.123,13.733,17.396,21.516,27.619,32.502,38.301,35.859,32.655,27.772,24.262,19.837,15.412,11.292,13.276,14.039,14.954,18.006,21.668,22.279,21.973,20.142,19.684,18.159,15.412,14.344,13.428,14.496,18.616,18.769,21.516,16.633,13.886,16.785,16.938,13.276,16.327,15.87,16.022,17.243,16.175,13.428,11.139,11.292,10.987,9.6133,9.6133,9.1556,9.4607,1.6785,-2.2889,-1.0681,-3.0519,-6.7141,-8.8504,-9.7659,-10.529,-15.717,-16.785,-16.785,-19.684,-25.178,-31.129,-34.181,-28.687,-26.551,-33.418,-35.554,-31.892,-29.298,-29.45,-28.993,-28.23,-29.298,-28.535,-28.993,-26.704,-21.21,-14.649,-12.818,-11.597,-8.3926,-3.0519,0.61037,-0.15259,6.7141,17.548,19.684,25.178,28.993,30.671,31.739,30.061,27.772,25.483,25.33,19.227,10.224,8.8504,5.9511,2.2889,-1.6785,-3.357,-3.8148,-6.4089,-10.834,-10.834,-8.5452,-8.0874,-8.8504,-5.0356,-2.5941,-2.2889,-4.7304,-7.477,-10.224,-7.6296,-5.1881,-1.9837,-0.76296,-2.2889,-0.15259,6.5615,5.9511,5.6459,4.12,5.7985,8.8504,11.902,11.75,14.039,18.921,24.11,25.33,24.11,25.025,25.788,26.093,30.061,31.587,34.028,33.876,34.944,33.57,33.418,34.333,32.96,32.502,34.181,32.197,27.467,20.295,19.227,18.464,21.363,20.905,15.87,10.529,10.224,8.6978,7.1718,4.4252,3.5096,-1.3733,-6.7141,-8.6978,-7.9348,-8.8504,-9.7659,-8.3926,-4.5778,-1.0681,0.91556,0.76296,-0.30519,-2.5941,-1.3733,-3.2044,-6.1037,-8.8504,-7.0193,-5.7985,-4.883,-2.8993,4.4252,3.6622,1.6785,0.91556,3.2044,6.1037,13.581,15.564,14.191,14.954,16.175,14.191,11.139,8.0874,4.883,-2.5941,-5.1881,-8.5452,-13.428,-17.243,-16.48,-18.311,-19.074,-20.142,-20.295,-18.921,-16.022,-13.276,-10.681,-7.6296,-0.76296,-4.12,-6.1037,-4.5778,-4.12,-5.1881,-3.5096,-3.2044,-5.1881,-7.477,-8.0874,-6.8667,-6.7141,-4.883,-1.8311,0.45778,7.3244,10.834,10.834,10.681,11.75,12.36,8.6978,4.4252,3.5096,1.0681,0.76296,-3.9674,-9.003,-13.123,-13.276,-15.259,-15.87,-20.142,-27.467,-31.587,-34.791,-35.096,-37.385,-44.404,-48.524,-54.628,-52.492,-51.118,-48.982,-46.846,-43.184,-39.521,-39.369,-37.996,-36.164,-34.028,-31.739,-31.892,-27.772,-25.483,-23.804,-21.821,-20.6,-18.769,-12.36,-6.8667,-3.2044,-2.1363,-1.5259,-1.6785,-0,-3.0519,-2.1363,-5.4933,-5.3407,-7.3244,-12.97,-20.447,-23.957,-31.129,-35.859,-36.927,-38.606,-41.81,-44.71,-48.219,-47.304,-50.203,-47.609,-45.778,-47.456,-48.219,-48.982,-47.151,-42.726,-44.557,-45.015,-42.726,-43.184,-43.031,-43.336,-42.421,-41.963,-46.083,-47.456,-46.693,-46.083,-45.473,-46.541,-51.271,-51.118,-51.576,-52.187,-51.118,-48.219,-47.456,-50.05,-51.271,-49.593,-47.456,-41.658,-41.505,-39.064,-37.538,-34.486,-36.622,-38.606,-36.622,-35.249,-37.843,-42.573,-41.505,-36.317,-34.486,-31.739,-30.519,-26.704,-23.347,-18.616,-17.853,-18.464,-19.379,-17.243,-14.039,-8.3926,-4.7304,-0.91556,3.5096,7.0193,4.2726,1.3733,-1.5259,-2.7467,-4.4252,-5.3407,-9.9185,-13.428,-11.597,-13.886,-19.379,-22.431,-24.11,-21.668,-27.619,-32.35,-37.08,-39.827,-43.184,-46.236,-47.914,-49.44,-52.644,-53.865,-52.95,-50.661,-46.846,-43.794,-45.015,-41.353,-37.08,-32.197,-27.161,-21.668,-15.259,-9.003,-5.4933,-4.2726,-3.9674,0.30519,3.357,3.8148,9.6133,18.311,25.33,31.739,36.622,47.304,51.881,56.001,60.427,65.31,67.446,72.176,75.381,79.348,80.874,83.468,86.062,88.046,88.351,87.893,87.13,86.52,86.825,85.452,78.738,77.059,75.228,73.55,70.65,67.141,62.868,61.19,60.579,62.41,59.969,59.511,59.358,60.427,59.816,62.563,67.446,73.244,78.89,84.841,90.335,98.117,106.05,116.12,124.82,135.96,143.89,153.81,162.21,167.55,172.12,186.47,196.23,200.05,205.24,213.02,218.51,226.14,230.41,233.31,235.6,236.52,238.5,238.81,238.2,238.5,236.98,234.53,234.38,235.6,231.79,227.97,224.16,223.24,223.55,228.58,229.65,228.74,228.89,230.41,232.7,236.37,240.49,244.61,248.57,252.85,253.76,256.51,259.71,260.32,260.63,260.17,258.49,259.71,260.78,261.54,262.46,262.61,261.7,264.6,264.6,263.07,261.85,258.19,255.29,254.37,250.56,244.45,238.2,234.53,227.52,221.56,215.92,207.98,196.69,188.3,180.97,175.48,169.07,162.82,159.15,156.41,152.29,149.39,145.88,147.4,147.71,145.12,141,139.32,137.79,139.62,138.86,138.55,136.57,133.98,132.3,131.99,132.15,132.15,131.23,130.92,128.48,123.75,119.63,116.73,111.55,107.12,101.93,99.49,96.438,92.624,88.504,84.994,79.348,74.16,67.904,61.19,57.375,51.729,45.778,42.421,38.911,37.996,40.59,39.979,41.047,46.083,50.203,52.797,55.391,59.053,59.511,62.105,63.173,62.716,58.596,56.917,52.797,49.44,45.625,44.099,41.963,39.521,35.249,29.908,22.889,15.259,6.1037,-0,-5.7985,-7.1718,-9.7659,-12.97,-14.954,-14.801,-10.529,-7.9348,-7.9348,-8.24,-6.7141,-3.0519,-1.2207,2.1363,3.5096,7.6296,9.4607,12.665,14.344,11.444,9.4607,6.8667,3.5096,1.3733,0.30519,0.76296,0.45778,-0,-4.5778,-7.477,-12.36,-14.191,-17.243,-23.652,-28.84,-34.944,-40.895,-48.067,-54.17,-59.511,-65.157,-68.514,-73.702,-77.67,-81.179,-82.095,-87.588,-97.049,-105.29,-110.48,-114.75,-119.17,-126.04,-130.47,-136.27,-140.84,-147.71,-151.98,-154.73,-160.07,-166.02,-169.07,-168.16,-166.33,-165.11,-161.75,-157.78,-153.05,-151.68,-151.83,-153.66,-155.8,-156.1,-156.25,-158.54,-159.92,-157.93,-157.63,-161.75,-164.19,-166.33,-168.46,-173.04,-176.24,-177.47,-182.04,-186.16,-190.28,-195.17,-200.35,-205.24,-206.46,-207.53,-206.46,-204.02,-203.1,-207.22,-211.04,-213.17,-212.41,-208.29,-203.1,-198.83,-192.42,-185.55,-177.77,-171.21,-165.41,-161.75,-158.24,-152.44,-144.81,-141.3,-136.72,-133.37,-130.92,-128.48,-125.58,-126.19,-124.67,-124.06,-121.31,-121.31,-117.95,-115.82,-114.6,-113.68,-114.6,-114.6,-114.75,-117.04,-117.5,-119.02,-119.63,-122.07,-122.99,-122.23,-119.48,-115.51,-112.61,-109.87,-107.43,-104.68,-102.39,-101.17,-98.88,-96.438,-92.624,-88.961,-83.01,-77.212,-72.329,-67.751,-62.716,-57.985,-54.17,-52.797,-51.271,-49.135,-46.388,-44.252,-41.505,-41.658,-39.369,-37.843,-37.996,-39.064,-36.622,-31.739,-31.129,-32.044,-28.23,-27.161,-28.535,-30.519,-30.671,-33.57,-35.707,-37.385,-40.284,-46.236,-51.576,-57.375,-60.121,-61.19,-61.037,-63.021,-65.004,-68.972,-69.735,-70.345,-70.65,-69.43,-68.972,-68.514,-67.904,-67.446,-66.073,-61.647,-54.933,-50.966,-47.151,-41.658,-33.723,-29.145,-27.161,-25.33,-24.415,-23.499,-22.126,-19.837,-17.09,-17.243,-16.785,-16.327,-16.175,-18.311,-21.973,-27.009,-33.876,-39.827,-44.557,-49.745,-50.661,-50.661,-48.982,-48.372,-48.219,-50.661,-54.476,-59.511,-60.732,-59.816,-59.664,-57.375,-52.797,-49.745,-43.947,-40.437,-36.012,-32.197,-26.551,-20.6,-14.649,-10.834,-7.1718,-4.883,-4.12,-3.2044,-0.91556,-0,3.2044,5.4933,7.477,7.1718,6.7141,2.8993,-1.5259,-5.7985,-12.513,-21.821,-29.603,-37.385,-45.167,-51.881,-55.696,-59.053,-59.511,-59.206,-59.053,-60.274,-61.495,-63.478,-63.936,-64.699,-63.478,-63.326,-61.037,-58.596,-54.17,-49.135,-41.963,-38.911,-35.707,-30.824,-23.957,-19.99,-16.938,-15.564,-11.292,-7.0193,-0.30519,2.1363,4.2726,9.6133,16.327,16.48,18.159,21.21,24.11,25.636,25.33,24.11,22.584,17.853,14.039,7.7822,2.5941,-4.4252,-12.207,-22.126,-28.535,-34.333,-38.301,-42.421,-44.252,-46.541,-48.524,-52.95,-53.865,-54.628,-52.339,-47.151,-43.184,-38.759,-34.333,-31.434,-29.145,-26.704,-25.483,-27.619,-30.213,-33.723,-36.927,-41.658,-45.32,-48.524,-51.424,-52.492,-52.492,-52.95,-51.118,-48.83,-47.914,-50.661,-52.339,-55.696,-56.154,-54.323,-52.034,-49.593,-50.966,-55.696,-59.664,-63.631,-64.089,-66.988,-68.056,-68.056,-68.209,-68.209,-66.53,-65.92,-64.089,-61.342,-59.816,-60.274,-60.579,-60.579,-57.527,-53.865,-49.898,-50.203,-51.424,-50.661,-49.287,-48.83,-49.287,-51.729,-53.255,-56.307,-55.696,-56.154,-55.544,-57.375,-57.07,-56.917,-56.154,-56.001,-54.781,-56.001,-56.917,-56.764,-54.781,-55.696,-56.612,-57.68,-56.917,-56.612,-54.17,-54.476,-56.307,-58.748,-63.173,-65.92,-67.446,-71.108,-70.803,-70.193,-67.904,-67.598,-63.021,-56.154,-51.729,-50.508,-51.424,-54.781,-58.596,-63.021,-63.784,-63.326,-62.716,-63.173,-60.884,-59.511,-56.612,-54.628,-53.407,-50.661,-46.999,-46.236,-46.693,-48.219,-47.304,-47.761,-49.135,-52.644,-55.391,-58.443,-61.037,-63.936,-64.852,-66.988,-69.887,-74.16,-77.364,-79.958,-78.89,-78.127,-76.907,-75.381,-73.855,-74.313,-72.787,-71.718,-68.361,-65.004,-60.884,-59.511,-57.07,-55.696,-52.034,-49.135,-47.914,-47.761,-48.372,-49.898,-50.661,-54.323,-58.901,-63.326,-66.225,-70.65,-72.176,-74.923,-75.533,-79.806,-84.536,-89.267,-92.166,-97.201,-99.948,-100.71,-104.37,-111.7,-116.43,-120.24,-121.16,-121.16,-120.4,-121.01,-119.94,-119.79,-118.87,-118.56,-119.63,-119.33,-115.67,-114.14,-111.55,-110.32,-107.88,-105.75,-104.83,-105.29,-104.98,-102.69,-97.964,-95.218,-92.929,-91.098,-88.961,-88.809,-88.961,-92.013,-95.065,-97.659,-97.659,-99.185,-102.85,-106.2,-110.48,-112,-113.53,-116.43,-118.72,-124.82,-125.74,-124.21,-120.24,-117.8,-113.68,-110.17,-106.66,-103.76,-99.643,-95.523,-89.572,-88.961,-85.299,-82.247,-77.822,-74.465,-70.498,-68.361,-65.157,-61.342,-56.917,-54.476,-52.644,-49.898,-43.641,-39.521,-33.723,-29.908,-25.941,-23.804,-21.668,-22.279,-24.11,-24.72,-21.516,-17.853,-14.801,-11.444,-7.7822,-6.8667,-5.9511,-4.2726,-0,1.5259,6.2563,10.681,12.36,13.276,15.87,17.701,20.447,22.279,26.704,29.145,30.061,31.281,34.333,38.148,40.895,43.031,45.93,48.524,50.661,51.118,53.255,54.17,55.544,54.628,52.187,48.372,46.999,45.778,45.015,42.573,41.047,39.979,37.996,33.876,32.502,30.824,28.84,26.246,24.873,20.447,13.733,6.5615,0.15259,-6.2563,-12.665,-17.701,-21.668,-25.33,-27.009,-28.382,-28.993,-28.993,-27.161,-27.314,-28.077,-27.924,-25.941,-21.516,-17.701,-11.292,-5.3407,-2.1363,0.61037,0.61037,3.2044,5.4933,10.376,14.649,21.21,25.636,31.129,37.08,41.353,43.184,45.93,48.83,52.644,57.833,65.004,68.819,74.007,78.433,83.926,88.961,93.081,98.88,103.92,103.31,101.47,98.117,98.422,97.049,93.692,91.25,93.387,97.507,101.78,104.53,104.22,98.422,94.15,88.504,85.91,84.841,85.757,85.91,86.367,86.673,85.604,83.926,80.416,79.196,78.433,75.228,72.634,68.209,64.852,62.105,60.121,56.917,51.881,44.252,38.148,32.807,27.314,19.227,14.344,6.2563,-2.4415,-13.581,-21.821,-30.519,-38.606,-47.456,-53.407,-59.206,-65.462,-70.65,-73.244,-76.754,-77.059,-80.264,-84.231,-89.877,-94.76,-97.201,-101.63,-106.05,-107.58,-108.34,-108.49,-107.73,-109.41,-112,-111.55,-111.24,-111.09,-113.68,-116.43,-119.79,-122.84,-127.57,-132.45,-137.79,-142.52,-148.47,-151.68,-155.49,-157.63,-161.29,-164.34,-166.63,-167.85,-167.7,-166.63,-166.63,-165.11,-165.26,-162.66,-161.14,-157.93,-155.03,-149.54,-148.63,-147.71,-145.88,-142.37,-139.01,-135.96,-133.06,-127.41,-124.52,-122.07,-121.62,-119.94,-120.85,-119.02,-119.02,-117.34,-116.43,-115.97,-115.51,-112.61,-111.09,-109.1,-110.48,-110.17,-112,-112.16,-112.46,-113.68,-115.82,-115.05,-115.82,-114.29,-113.07,-109.26,-106.51,-100.56,-96.591,-89.572,-83.316,-75.381,-68.667,-61.495,-56.001,-51.729,-47.456,-42.268,-39.521,-37.08,-34.944,-31.281,-28.077,-22.736,-19.837,-19.074,-18.311,-16.785,-15.107,-14.954,-16.022,-15.564,-16.022,-18.006,-20.6,-22.431,-25.788,-28.535,-31.892,-35.554,-37.69,-41.658,-44.557,-43.947,-41.505,-35.859,-30.213,-23.804,-18.921,-14.191,-11.139,-8.5452,-7.9348,-5.7985,-2.5941,1.8311,7.3244,12.818,15.412,20.295,22.431,26.704,30.976,36.622,42.421,48.677,54.476,57.68,58.443,59.969,59.358,58.596,54.323,53.102,51.576,52.492,50.203,46.999,40.742,32.197,23.347,16.175,6.2563,1.6785,-0.45778,-3.2044,-6.7141,-7.7822,-6.7141,-3.9674,-2.1363,-0.61037,0.61037,3.9674,5.9511,9.6133,12.513,19.074,25.788,31.434,30.366,29.298,28.993,31.892,34.486,41.81,49.593,57.375,63.173,70.345,75.686,81.027,84.689,88.504,85.91,81.942,78.28,76.296,74.16,74.923,73.092,72.939,71.566,71.108,67.598,67.446,69.735,74.465,75.686,74.618,72.787,71.413,70.803,71.871,72.787,75.686,74.923,77.67,79.196,80.874,80.264,78.585,76.601,77.364,80.569,83.316,84.231,87.283,90.945,94.302,98.117,104.07,106.66,108.65,109.41,109.26,109.41,110.48,109.71,108.65,103.76,99.49,93.997,90.335,84.536,77.517,68.667,64.089,62.258,60.884,60.884,62.105,64.547,69.43,68.361,65.462,62.105,60.274,54.476,51.881,53.407,57.527,62.868,67.141,68.667,70.65,71.871,78.28,83.01,87.436,87.741,90.487,90.487,90.945,91.556,90.182,87.283,86.062,85.757,84.841,83.926,83.621,80.721,80.264,77.059,72.176,66.53,62.258,57.527,55.849,53.713,53.255,53.865,59.206,61.19,59.511,56.459,55.238,52.644,49.593,46.693,46.388,45.778,44.557,40.437,37.233,36.012,39.216,42.421,46.846,52.492,60.579,70.04,78.127,81.942,83.773,84.994,87.741,90.03,92.318,91.25,88.809,83.621,83.926,83.163,81.942,79.348,77.517,76.449,72.024,66.225,62.563,57.68,56.459,55.391,55.391,54.781,55.544,55.238,53.713,51.118,50.05,48.067,46.541,47.151,50.356,54.17,58.901,64.241,70.498,70.803,70.04,71.871,73.244,74.465,71.566,70.04,69.124,68.819,69.887,68.209,67.293,65.157,62.105,57.07,51.729,50.508,48.067,42.421,38.301,36.622,35.554,30.213,27.467,23.041,20.753,19.379,23.652,28.687,30.366,28.687,27.924,28.84,32.35,37.996,45.015,47.304,50.508,51.576,56.917,62.41,68.972,75.533,86.062,93.692,94.913,94.302,95.37,96.591,96.896,95.37,94.607,91.098,87.283,85.147,84.231,83.926,81.637,76.601,71.566,66.988,62.563,57.222,53.407,49.593,47.456,44.71,41.353,42.421,45.778,48.372,52.034,54.933,61.8,69.582,75.686,79.653,79.958,79.348,78.738,75.533,74.923,76.296,74.465,72.024,71.566,69.887,68.361,66.378,66.683,65.767,66.836,66.683,65.615,62.105,59.969,55.391,51.424,45.473,39.827,33.876,30.366,25.33,25.178,24.72,23.804,19.532,19.379,20.905,24.11,30.519,37.385,44.404,54.628,62.868,69.277,73.855,78.433,79.348,80.264,86.062,92.013,92.166,92.166,90.64,89.114,84.078,77.212,73.092,73.092,66.836,62.258,55.391,52.797,52.797,50.813,47.151,43.794,42.268,41.353,33.418,24.72,16.175,10.681,3.0519,0.61037,-2.4415,-5.7985,-10.071,-13.581,-15.717,-16.938,-16.022,-15.412,-14.954,-14.496,-15.412,-14.039,-11.75,-11.139,-9.7659,-7.6296,-5.1881,1.2207,6.1037,9.3081,13.123,18.006,21.058,23.652,26.093,30.976,33.876,36.775,37.69,38.453,40.132,40.742,36.622,35.096,35.707,34.181,31.281,28.687,21.516,12.97,0.76296,-12.207,-28.382,-43.641,-56.307,-66.836,-78.28,-85.604,-90.793,-96.286,-100.1,-104.98,-110.17,-112.31,-114.14,-115.36,-118.56,-117.5,-115.36,-112.16,-111.85,-111.09,-107.58,-102.08,-99.643,-93.844,-86.978,-78.89,-71.871,-61.953,-53.56,-45.778,-37.08,-28.84,-22.126,-12.055,-3.9674,1.9837,6.5615,10.834,13.276,12.055,7.6296,6.1037,1.0681,-5.9511,-11.75,-18.616,-31.739,-43.336,-54.018,-67.904,-81.942,-92.929,-106.97,-121.46,-132.15,-135.81,-139.47,-139.16,-132.6,-127.11,-118.56,-102.85,-89.419,-77.212,-60.732,-41.047,-26.704,-13.276,-3.8148,3.357,12.207,18.159,19.99,24.11,29.298,35.096,39.216,42.268,40.742,39.674,39.674,41.353,41.047,38.301,39.064,38.606,31.281,23.957,16.48,11.902,8.5452,2.2889,-8.0874,-16.785,-27.161,-38.301,-46.083,-50.813,-58.138,-64.089,-66.378,-69.735,-73.55,-77.517,-82.553,-86.215,-89.114,-92.318,-97.201,-98.27,-100.1,-101.17,-100.86,-98.575,-94.607,-87.436,-78.585,-68.514,-59.206,-48.524,-40.742,-34.028,-32.35,-31.129,-31.892,-30.213,-30.061,-29.908,-27.772,-28.993,-34.944,-41.505,-45.93,-46.846,-52.644,-57.985,-62.868,-67.293,-73.244,-77.822,-80.874,-84.994,-96.286,-106.81,-117.19,-125.43,-133.67,-138.1,-141.91,-140.39,-135.81,-126.65,-118.56,-110.78,-103.15,-94.76,-87.893,-79.196,-69.277,-57.375,-47.304,-34.333,-25.941,-20.295,-12.513,-5.0356,-1.6785,1.3733,5.1881,11.444,16.175,25.025,30.976,38.148,47.761,56.764,61.8,67.141,73.244,77.517,79.348,82.095,81.942,80.874,76.296,78.89,82.4,81.942,79.653,78.127,76.449,73.092,66.836,59.511,49.287,41.047,30.976,23.194,18.464,14.801,9.003,3.0519,-1.8311,-7.477,-10.529,-6.1037,0.91556,8.24,12.97,17.548,20.295,23.194,24.415,24.72,25.178,29.908,34.791,40.132,42.726,46.236,46.236,48.524,50.508,53.407,53.56,54.628,60.732,68.209,72.176,75.686,78.738,82.095,81.179,81.027,79.043,76.754,74.313,71.566,69.43,66.836,65.157,65.004,68.209,68.667,63.478,58.901,54.17,49.898,46.388,44.71,39.064,31.434,25.636,20.753,10.987,-0.45778,-10.376,-19.379,-30.213,-38.759,-50.508,-61.495,-71.413,-72.939,-60.121,-41.047,-22.126,0.45778,24.262,47.456,67.751,88.046,103,116.28,126.65,136.11,142.37,146.64,150.76,152.29,153.51,152.75,151.68,149.08,145.42,144.96,143.74,141.61,137.64,133.21,130.92,129.55,130.01,128.94,125.58,124.21,122.99,123.29,121.92,120.4,116.43,112.31,109.41,104.07,95.676,91.861,90.793,86.978,82.705,78.89,73.855,70.65,65.615,59.206,55.544,53.102,50.05,50.356,49.44,50.508,54.018,59.816,60.121,64.241,68.056,70.803,71.566,70.956,70.65,72.939,72.176,73.397,73.092,76.601,76.296,76.601,75.228,74.77,73.092,72.176,71.871,72.176,72.024,71.108,70.956,71.261,72.939,75.381,75.838,80.264,85.147,88.198,89.877,91.861,95.523,97.201,98.727,102.54,106.51,110.17,111.24,115.36,120.55,124.82,128.33,128.33,130.01,133.37,134.43,134.89,133.21,131.69,131.99,132.91,132.3,130.62,128.64,126.5,124.06,116.73,110.32,105.44,100.1,95.218,90.335,88.809,87.588,83.163,75.686,70.803,66.225,60.884,60.732,61.953,61.647,63.631,63.631,64.852,66.378,70.956,71.566,73.55,78.127,83.926,88.656,92.776,98.88,103.15,102.39,100.86,100.71,101.32,99.033,95.37,88.656,80.874,73.244,64.699,56.764,52.797,47.304,40.437,33.723,29.145,21.821,17.396,12.36,5.4933,-1.8311,-6.4089,-9.003,-10.834,-10.071,-8.6978,-11.139,-11.902,-11.902,-7.0193,-0.91556,3.0519,3.357,4.5778,4.883,7.6296,9.3081,9.9185,7.9348,9.6133,10.529,11.444,11.292,11.75,14.039,13.581,11.444,11.139,9.7659,7.3244,3.2044,2.2889,-4.12,-13.276,-23.194,-30.061,-36.012,-45.015,-54.628,-60.579,-67.141,-71.261,-76.754,-80.111,-84.689,-87.588,-91.861,-94.607,-96.744,-98.727,-97.507,-92.013,-86.062,-81.332,-80.264,-77.364,-72.939,-66.683,-60.427,-55.696,-53.102,-52.797,-50.508,-45.015,-41.047,-36.775,-36.317,-32.655,-28.687,-26.856,-26.704,-25.178,-24.72,-24.873,-24.72,-27.314,-32.197,-35.249,-41.047,-44.71,-47.151,-48.982,-55.391,-60.579,-65.767,-72.176,-77.67,-83.773,-90.487,-95.37,-99.643,-101.32,-103,-101.02,-99.948,-97.354,-93.692,-90.335,-88.046,-86.825,-85.452,-83.773,-82.705,-78.127,-73.855,-69.124,-66.225,-63.173,-61.342,-59.358,-56.764,-52.034,-47.304,-40.895,-37.08,-32.35,-30.213,-28.535,-29.298,-33.418,-36.47,-37.538,-36.927,-35.707,-34.944,-34.333,-35.554,-32.96,-29.908,-26.551,-23.957,-24.415,-27.161,-28.382,-32.044,-34.639,-34.944,-36.317,-39.369,-41.2,-45.167,-48.83,-54.323,-57.68,-60.274,-62.716,-64.547,-64.699,-65.31,-67.751,-71.566,-72.481,-74.465,-73.092,-71.108,-68.514,-67.904,-68.667,-69.43,-70.498,-70.498,-68.361,-66.988,-65.004,-63.631,-60.274,-58.596,-55.544,-52.644,-51.424,-51.271,-52.339,-54.781,-58.138,-61.647,-65.157,-71.413,-76.144,-82.858,-87.588,-90.64,-94.455,-98.88,-103.46,-108.49,-112.16,-115.51,-118.41,-121.01,-120.7,-120.24,-117.8,-115.36,-110.48,-106.97,-104.07,-100.71,-95.523,-90.335,-83.926,-79.806,-74.923,-72.024,-68.667,-67.446,-64.852,-61.19,-56.154,-51.424,-47.304,-43.794,-40.284,-40.437,-41.047,-43.794,-45.93,-50.661,-56.459,-61.495,-66.836,-73.702,-81.027,-89.114,-91.556,-93.234,-93.997,-97.507,-99.338,-102.39,-104.22,-104.83,-104.98,-103,-98.727,-93.844,-88.504,-83.773,-77.67,-73.702,-68.667,-66.225,-63.326,-62.41,-62.105,-61.342,-58.748,-54.17,-48.372,-45.167,-41.658,-40.59,-37.08,-36.775,-36.775,-38.759,-38.606,-39.216,-39.674,-39.521,-39.827,-40.742,-39.979,-41.353,-39.216,-37.843,-36.012,-36.622,-35.859,-33.57,-31.739,-29.603,-25.636,-22.736,-19.379,-18.006,-16.175,-17.396,-16.633,-19.074,-20.6,-21.973,-23.652,-26.093,-27.772,-29.45,-29.45,-29.298,-29.603,-30.519,-29.908,-31.281,-29.756,-29.45,-29.45,-28.077,-26.399,-26.551,-26.856,-27.314,-26.551,-26.551,-23.499,-23.347,-22.431,-23.957,-24.415,-26.399,-29.145,-30.824,-31.587,-31.129,-28.84,-26.704,-24.567,-22.431,-18.616,-16.633,-15.107,-14.191,-12.665,-9.6133,-5.7985,-0.45778,5.7985,12.513,19.532,24.72,28.23,29.145,29.756,26.704,27.009,27.009,27.009,26.551,27.161,27.467,27.772,28.993,29.145,26.399,24.11,19.227,16.327,12.207,10.224,7.9348,7.1718,5.3407,3.5096,-0.15259,-3.8148,-7.1718,-8.0874,-9.3081,-11.444,-16.175,-19.227,-21.058,-20.447,-19.837,-18.006,-14.344,-11.75,-11.597,-11.292,-10.529,-6.1037,-4.4252,-2.8993,-1.9837,2.1363,5.6459,9.6133,13.428,16.938,19.99,23.804,27.009,29.603,33.418,38.759,41.81,44.404,45.32,46.083,45.32,45.473,45.015,45.167,44.099,43.641,43.794,41.963,37.233,34.028,27.467,22.279,15.412,8.3926,0.15259,-7.477,-13.733,-18.464,-21.058,-22.279,-21.821,-21.668,-23.499,-21.21,-20.142,-18.006,-16.022,-12.97,-11.902,-11.444,-11.139,-10.834,-9.4607,-7.6296,-6.1037,-1.2207,3.8148,10.071,14.801,20.753,24.415,28.077,30.213,32.197,34.639,37.69,39.369,39.369,37.08,36.775,36.927,38.911,40.132,41.047,41.047,40.59,40.132,37.843,33.876,29.145,23.499,18.464,13.428,10.529,6.1037,2.8993,-2.2889,-5.1881,-6.1037,-7.9348,-11.292,-13.733,-15.717,-16.938,-19.684,-19.99,-19.532,-16.48,-11.902,-5.6459,-0.91556,4.883,11.139,17.853,24.567,29.756,32.35,35.859,37.385,40.132,41.963,43.489,44.71,45.93,47.304,47.609,46.388,43.947,40.59,37.385,31.739,27.009,21.058,14.191,3.357,-6.1037,-17.701,-28.077,-35.401,-43.336,-54.323,-63.784,-68.972,-71.871,-74.618,-72.176,-68.209,-60.732,-54.323,-46.846,-39.674,-30.671,-22.126,-14.649,-7.0193,1.8311,9.3081,18.769,25.483,34.791,43.489,52.187,59.358,66.836,72.634,76.754,79.043,79.958,80.111,80.874,80.264,80.111,77.822,75.838,72.176,68.819,66.53,62.716,58.29,52.187,46.083,41.353,37.233,33.113,25.788,19.684,13.276,11.292,10.224,10.681,13.733,17.396,18.006,18.616,19.99,20.905,20.295,20.6,19.532,18.006,16.633,16.633,17.396,20.142,22.126,24.415,27.467,31.587,34.486,39.064,42.116,45.93,47.609,50.508,53.102,54.476,54.323,51.729,48.677,46.083,42.726,41.658,39.674,38.606,35.401,32.502,29.145,26.399,23.194,18.769,13.581,8.8504,2.4415,-3.2044,-10.071,-16.022,-23.347,-28.077,-32.807,-36.622,-40.437,-44.557,-50.508,-54.933,-58.596,-60.884,-63.326,-64.241,-65.462,-65.462,-65.615,-63.631,-63.631,-61.953,-59.664,-57.527,-54.933,-49.287,-45.93,-41.353,-38.148,-32.96,-29.145,-24.873,-21.516,-18.921,-17.548,-17.701,-19.532,-19.99,-19.837,-19.837,-20.905,-22.126,-25.178,-26.093,-27.161,-27.314,-30.671,-33.418,-35.401,-37.538,-40.59,-44.252,-47.609,-49.593,-52.034,-52.644,-56.307,-57.527,-58.138,-56.307,-56.154,-56.154,-57.833,-57.833,-56.307,-52.339,-47.914,-42.726,-39.827,-35.249,-32.655,-27.924,-23.652,-18.159,-14.954,-12.665,-10.681,-8.5452,-8.24,-7.1718,-7.6296,-7.1718,-8.0874,-6.8667,-6.2563,-3.9674,-1.6785,3.357,7.9348,12.055,15.412,17.396,16.785,18.616,20.447,22.126,21.821,22.584,22.584,21.668,21.821,22.736,23.041,21.668,19.074,16.633,11.597,7.477,1.8311,0.76296,1.8311,3.0519,1.9837,1.8311,1.3733,0.76296,0.45778,2.1363,2.4415,4.12,2.8993,1.6785,-1.5259,-4.883,-8.8504,-12.665,-15.412,-18.616,-21.973,-24.72,-28.077,-29.298,-30.824,-31.281,-33.723,-33.723,-34.028,-32.044,-31.892,-32.35,-32.807,-32.502,-33.113,-33.113,-32.96,-32.197,-34.028,-33.723,-33.57,-31.739,-30.213,-27.619,-25.483,-23.194,-22.431,-20.905,-20.295,-18.464,-16.633,-13.886,-12.665,-9.9185,-9.7659,-9.003,-8.6978,-6.8667,-3.9674,-2.7467,-3.5096,-3.9674,-5.4933,-5.0356,-5.3407,-4.2726,-4.883,-4.12,-3.8148,-2.1363,-2.8993,-3.2044,-2.4415,-1.2207,0.76296,3.5096,5.3407,9.7659,11.597,14.191,15.564,18.311,18.006,18.006,18.006,17.243,15.717,12.665,8.5452,5.6459,1.5259,0.45778,-1.2207,-1.2207,-2.7467,-0.76296,0.61037,3.8148,7.0193,9.4607,9.9185,11.139,10.987,10.987,9.9185,9.003,7.6296,9.3081,11.597,16.175,17.396,18.769,18.311,16.327,15.717,16.633,17.548,18.311,17.396,18.311,18.311,20.753,22.736,25.941,28.382,30.213,30.824,33.113,34.028,35.401,38.301,44.404,48.982,55.849,59.969,64.241,67.446,71.108,73.702,73.855,73.244,74.313,75.686,77.975,79.653,83.468,85.91,89.724,90.64,90.487,88.504,89.267,91.403,93.539,95.065,96.896,98.422,99.948,100.86,102.08,100.86,101.47,102.69,104.98,105.44,107.58,108.34,109.41,110.93,112.92,116.28,119.63,122.23,126.96,130.31,133.21,134.43,135.96,138.1,141.91,144.51,147.4,149.85,151.98,152.13,153.97,153.36,151.37,148.78,144.96,139.32,134.59,131.23,127.26,123.75,120.4,117.5,116.28,113.22,111.39,107.27,106.2,104.68,103.92,100.86,98.88,97.659,96.591,95.828,96.133,94.76,94.607,93.234,92.013,90.64,89.419,86.978,86.367,85.604,85.299,83.621,79.653,74.465,68.514,60.732,54.781,49.745,46.541,42.116,36.622,29.756,22.279,13.886,4.12,-6.7141,-14.801,-20.447,-24.11,-30.213,-33.113,-36.317,-38.606,-42.879,-46.083,-50.05,-53.407,-56.612,-58.901,-62.105,-63.631,-65.004,-63.936,-65.31,-64.394,-64.241,-61.953,-59.206,-56.917,-54.628,-49.287,-42.421,-36.317,-30.519,-24.262,-19.379,-12.055,-5.9511,-1.2207,1.2207,5.9511,10.529,16.175,21.058,25.33,29.756,33.876,36.775,42.879,46.846,51.729,55.391,58.29,60.579,63.326,67.141,72.329,77.67,81.942,85.299,86.673,86.52,86.825,86.062,87.741,88.504,90.793,92.471,95.065,96.133,97.507,98.117,97.507,93.844,90.487,83.468,77.212,67.904,61.8,56.612,50.356,43.031,34.333,26.093,18.311,9.7659,-0.15259,-8.0874,-13.733,-20.905,-26.093,-33.723,-41.505,-48.83,-55.696,-62.716,-66.073,-69.43,-74.77,-81.484,-86.52,-91.708,-95.676,-103.15,-110.93,-119.48,-125.43,-132.6,-141.45,-151.98,-163.73,-177.31,-187.84,-196.08,-199.44,-204.17,-207.22,-211.04,-212.87,-217.14,-220.95,-222.79,-222.33,-221.41,-222.79,-224.62,-227.21,-228.58,-226.75,-226.29,-226.14,-227.82,-227.82,-227.67,-227.67,-229.35,-231.48,-231.03,-228.89,-229.5,-231.03,-231.03,-227.36,-226.45,-224.31,-225.53,-221.56,-218.21,-213.63,-209.97,-206,-203.71,-199.59,-195.17,-188.45,-183.72,-176.7,-171.82,-167.24,-164.65,-159.46,-155.19,-150.61,-146.95,-142.52,-139.93,-135.35,-131.23,-126.65,-124.52,-120.55,-118.11,-113.07,-109.71,-103.46,-101.93,-98.117,-92.929,-86.978,-80.416,-73.702,-68.514,-64.547,-61.037,-57.833,-56.001,-54.018,-52.644,-51.271,-50.661,-49.745,-49.44,-49.593,-51.118,-52.492,-54.476,-56.001,-60.121,-64.089,-69.887,-74.923,-81.484,-88.198,-96.133,-101.47,-103,-103.15,-104.68,-106.66,-110.63,-113.22,-115.82,-116.58,-118.56,-117.65,-118.41,-118.87,-120.09,-122.23,-125.13,-128.33,-131.69,-131.38,-131.99,-131.99,-134.43,-135.65,-138.25,-141.91,-143.59,-143.59,-143.89,-142.83,-141.15,-139.77,-137.18,-133.37,-131.38,-130.77,-131.53,-130.92,-131.53,-132.3,-132.3,-133.21,-134.89,-133.37,-133.52,-132.3,-132.45,-130.01,-131.84,-130.92,-131.69,-132.91,-135.04,-134.13,-131.69,-128.03,-125.43,-121.92,-118.11,-115.67,-115.82,-113.68,-113.38,-110.78,-108.49,-104.53,-99.49,-95.065,-93.081,-90.487,-88.809,-87.13,-85.147,-81.79,-80.569,-77.517,-74.465,-68.819,-63.936,-56.764,-49.135,-41.047,-32.807,-26.246,-23.347,-21.363,-21.973,-20.142,-18.769,-15.107,-12.665,-10.529,-8.3926,-5.6459,-4.2726,-1.8311,0.30519,4.2726,7.477,11.902,16.175,25.025,31.892,40.284,49.44,57.375,66.53,75.076,81.484,86.978,92.471,99.49,104.98,111.09,114.29,115.82,113.38,110.78,106.05,106.36,108.04,110.17,110.78,110.32,110.02,110.78,110.63,112.92,112.31,113.07,113.07,113.53,109.56,107.43,104.83,102.24,99.948,98.575,93.234,85.757,77.212,72.176,67.446,65.157,59.206,53.56,46.236,41.81,37.69,33.418,30.976,30.061,27.467,25.941,21.973,21.363,22.431,25.788,29.145,34.333,37.843,41.047,41.505,42.268,44.862,46.999,44.252,42.116,40.895,42.879,45.473,47.304,45.167,42.726,37.996,35.096,32.655,32.502,33.723,33.418,30.671,33.113,38.148,43.489,44.252,44.252,45.32,46.388,47.761,46.846,45.167,42.573,36.317,33.265,31.434,29.603,26.246,23.804,23.041,22.889,16.022,10.529,6.5615,3.5096,0.15259,-1.6785,-5.6459,-6.5615,-6.4089,-1.6785,0.30519,-0.61037,-1.6785,-3.2044,-4.883,-5.0356,-3.8148,-2.7467,-5.4933,-7.7822,-12.818,-14.954,-18.769,-20.753,-23.957,-27.009,-30.213,-32.807,-37.233,-41.658,-46.693,-54.018,-62.41,-66.378,-68.209,-68.819,-69.582,-67.904,-67.141,-67.751,-69.277,-72.176,-75.533,-75.076,-70.345,-68.667,-70.498,-70.956,-72.329,-74.923,-79.653,-79.653,-79.501,-80.264,-79.958,-73.55,-62.868,-54.628,-48.219,-38.453,-30.213,-21.973,-17.396,-9.6133,0.91556,8.5452,10.224,7.1718,3.5096,-0.91556,-4.7304,-2.8993,-1.5259,1.3733,5.1881,11.444,15.107,17.396,19.227,21.668,21.973,18.921,12.207,6.1037,1.5259,-0.91556,-0.61037,3.8148,6.7141,9.7659,14.649,20.447,24.415,28.84,32.197,34.944,36.622,39.521,39.674,41.353,41.505,40.132,36.012,34.791,35.401,37.69,38.911,41.658,46.846,52.187,56.154,55.544,54.476,56.917,59.053,60.121,58.901,60.579,59.206,60.427,63.173,68.819,73.855,78.433,81.332,83.316,80.111,75.381,66.53,57.222,52.339,54.323,54.781,53.255,54.018,53.56,50.356,46.693,40.742,35.707,28.23,23.347,17.701,14.191,11.292,10.224,8.0874,5.1881,1.6785,-0.45778,-3.0519,-5.7985,-8.8504,-9.6133,-9.3081,-7.0193,-4.12,2.5941,8.5452,12.207,17.09,22.584,25.636,26.704,26.399,27.772,25.178,24.415,21.973,19.99,18.006,18.159,16.175,13.123,12.97,15.564,15.259,12.818,9.7659,7.477,4.12,1.3733,-4.5778,-9.003,-11.139,-18.006,-26.399,-30.976,-35.096,-39.979,-38.911,-35.707,-36.317,-35.096,-34.333,-33.57,-31.739,-28.23,-26.551,-25.025,-24.567,-26.246,-29.145,-30.366,-24.873,-19.837,-18.311,-14.191,-10.834,-5.1881,-4.2726,-2.5941,-0.30519,2.7467,3.9674,2.7467,-0,0.61037,-1.9837,-0.30519,3.0519,4.7304,6.5615,9.9185,12.36,13.733,16.175,17.396,14.801,16.022,15.87,12.665,9.4607,8.5452,2.1363,-1.2207,-1.6785,-3.9674,-10.224,-15.412,-23.194,-29.145,-20.753,-11.902,-13.276,-11.444,-3.6622,2.7467,5.1881,8.24,11.292,16.938,21.821,26.856,29.145,30.061,28.84,28.687,30.976,37.385,43.336,48.677,54.018,57.07,54.17,54.476,55.849,58.596,58.748,59.358,60.884,62.716,61.342,59.969,60.732,60.884,58.29,58.748,56.612,53.102,48.219,45.625,43.336,39.827,37.233,36.164,34.944,34.486,36.317,39.827,37.233,39.369,39.674,38.301,40.59,45.473,50.356,55.086,56.612,56.917,57.07,59.053,58.443,54.933,57.07,56.764,53.255,54.628,53.865,54.323,54.476,56.154,58.748,60.732,61.647,64.547,64.852,65.767,68.056,71.718,72.024,69.582,66.225,65.767,64.852,65.462,63.631,57.68,49.593,44.252,39.064,36.317,32.502,30.213,27.314,24.72,22.279,20.6,15.564,13.123,10.681,10.834,10.071,13.581,16.175,16.938,17.396,19.684,21.21,23.347,25.33,27.772,29.145,31.129,30.213,31.281,32.807,36.775,38.759,41.963,44.404,44.862,43.794,42.879,42.879,44.099,42.726,43.031,42.116,40.132,37.538,38.148,35.859,32.044,28.077,23.194,18.464,14.496,9.1556,6.1037,2.4415,1.6785,2.8993,7.477,10.987,14.344,16.785,19.074,22.126,27.314,33.57,40.742,45.015,50.203,53.865,58.596,63.021,69.735,73.244,75.686,77.822,78.127,75.991,73.55,69.735,65.92,60.274,54.018,44.252,38.148,33.265,29.603,27.467,23.499,18.616,12.97,7.9348,5.9511,3.357,0.91556,-3.2044,-2.2889,-1.8311,-1.3733,-4.2726,-5.9511,-6.5615,-5.0356,-5.4933,-6.5615,-10.529,-14.496,-19.99,-23.347,-27.924,-27.772,-27.619,-25.941,-25.483,-25.025,-22.126,-19.074,-16.633,-11.292,-6.5615,0.61037,5.3407,10.834,12.665,12.055,8.0874,4.5778,-0,-3.357,-7.6296,-12.36,-19.379,-26.093,-31.587,-32.35,-34.028,-32.502,-33.265,-33.418,-34.639,-36.164,-36.622,-36.012,-37.08,-37.69,-38.148,-37.69,-37.08,-34.181,-31.892,-29.45,-32.197,-34.791,-36.47,-32.35,-27.619,-23.499,-19.379,-14.649,-7.9348,-3.6622,-1.5259,2.8993,4.7304,7.1718,6.7141,8.5452,11.597,14.801,15.107,11.75,8.24,4.7304,0.30519,-4.5778,-8.8504,-8.3926,-7.1718,-4.4252,-4.12,-2.7467,-1.2207,0.15259,2.4415,2.4415,2.5941,4.5778,4.5778,4.7304,4.883,7.7822,8.6978,9.7659,9.6133,12.665,14.801,14.801,13.123,12.207,10.987,10.834,10.071,12.055,13.123,15.564,14.496,13.733,10.987,9.4607,8.3926,7.6296,7.3244,6.4089,4.5778,5.3407,4.883,5.9511,7.477,11.139,12.36,13.886,13.428,12.513,12.818,15.259,17.548,20.295,21.363,23.957,25.636,29.756,30.519,31.281,30.976,32.197,33.876,35.859,37.08,39.674,42.879,45.625,45.473,46.693,50.356,55.544,57.222,59.206,59.664,58.443,56.917,56.307,52.034,47.914,46.083,46.693,46.693,46.236,43.489,41.658,37.538,34.944,31.587,26.704,22.279,18.921,16.633,16.633,15.259,17.701,18.769,19.837,16.633,14.496,12.36,10.224,7.9348,7.477,6.1037,6.7141,7.477,6.4089,3.9674,3.8148,4.12,8.3926,11.292,14.344,16.175,19.379,22.889,23.347,21.821,19.074,14.649,11.444,7.477,8.8504,7.3244,4.5778,-1.2207,-5.6459,-11.292,-14.649,-17.243,-18.769,-21.516,-23.957,-29.145,-31.587,-35.859,-41.047,-44.862,-43.336,-41.81,-40.284,-39.674,-39.064,-39.827,-39.369,-38.759,-35.554,-33.113,-28.535,-25.636,-22.736,-23.499,-23.194,-22.584,-19.227,-16.938,-17.09,-17.396,-16.48,-17.701,-16.785,-17.243,-18.159,-20.295,-22.126,-25.636,-24.72,-23.652,-25.33,-27.619,-30.061,-33.876,-36.927,-43.184,-47.761,-51.271,-52.339,-54.628,-54.628,-55.696,-57.68,-60.884,-61.342,-60.884,-59.206,-59.664,-60.579,-60.884,-59.206,-59.664,-57.833,-56.459,-52.339,-49.44,-43.794,-39.064,-35.554,-32.502,-29.145,-27.467,-24.873,-25.636,-23.194,-21.973,-18.616,-15.87,-12.513,-9.003,-4.5778,-2.1363,-2.2889,-4.883,-6.1037,-9.1556,-11.444,-16.785,-16.48,-14.954,-13.276,-12.665,-11.597,-14.649,-17.701,-19.532,-17.853,-12.513,-12.207,-16.938,-18.921,-21.821,-24.11,-26.246,-24.72,-25.636,-26.856,-28.687,-28.993,-30.366,-33.876,-38.301,-39.979,-41.81,-44.099,-48.677,-49.593,-51.271,-53.102,-53.713,-54.323,-56.764,-55.238,-54.476,-53.255,-54.628,-54.781,-55.238,-53.255,-54.17,-54.628,-56.154,-57.527,-61.647,-65.615,-66.836,-66.53,-68.972,-70.193,-70.803,-70.65,-74.313,-72.939,-68.819,-64.547,-64.089,-60.427,-54.476,-47.151,-39.979,-29.145,-17.548,-5.6459,6.2563,19.684,31.739,47.456,59.053,70.498,81.942,92.776,101.93,110.02,116.89,122.84,125.74,129.7,132.15,134.74,136.11,140.08,142.98,144.35,148.78,153.81,153.51,153.51,155.95,163.12,166.94,169.53,168.61,168.16,166.48,167.55,165.41,163.58,162.97,162.51,160.68,162.21,162.51,160.22,154.42,150,147.1,146.34,145.42,145.73,144.35,142.52,140.54,136.72,131.69,128.03,122.84,117.19,113.68,113.99,113.07,113.68,112.46,109.26,105.44,102.54,100.1,98.117,95.065,90.182,84.078,83.163,81.79,80.569,75.991,75.838,74.465,71.413,69.43,70.193,72.939,76.907,76.449,75.533,74.16,73.855,75.533,79.501,76.754,74.618,76.144,77.975,80.874,80.111,83.163,86.062,86.367,88.351,91.556,97.507,100.71,99.185,100.71,105.44,105.59,105.59,107.27,107.12,106.97,107.43,106.51,106.05,105.29,107.88,110.63,115.05,117.04,120.09,122.84,124.97,128.64,132.91,136.57,141.15,146.18,153.36,159.31,165.11,167.7,172.43,175.48,180.52,183.57,185.55,188.6,192.88,195.17,196.08,195.47,193.95,191.96,190.44,189.52,190.74,188.15,183.87,179.45,180.06,180.82,177.31,176.24,173.5,168.77,165.87,160.22,156.1,147.86,141.61,139.93,139.77,137.18,131.38,123.75,119.48,115.36,110.93,98.575,88.046,81.79,81.179,79.806,77.67,74.923,74.007,76.907,74.16,68.361,65.157,60.732,57.222,51.424,46.846,42.573,40.437,27.924,22.431,23.957,19.227,11.139,6.5615,3.6622,3.2044,2.5941,6.2563,4.883,6.4089,9.6133,14.649,15.564,15.564,14.954,18.616,20.6,18.616,16.48,14.191,11.139,10.224,6.7141,5.1881,1.0681,-2.5941,-3.5096,-0.30519,-0.15259,-5.9511,-9.1556,-13.733,-19.074,-23.347,-27.161,-30.976,-34.028,-35.249,-38.148,-40.284,-43.031,-44.252,-48.524,-48.677,-50.356,-47.456,-45.015,-44.862,-48.524,-45.015,-40.895,-37.843,-40.895,-36.164,-37.233,-38.911,-31.129,-24.415,-19.99,-12.055,-8.3926,-2.8993,1.6785,5.7985,5.6459,12.513,15.717,18.159,16.785,13.886,11.75,10.681,7.3244,3.2044,-1.9837,-3.9674,-5.0356,-5.6459,-6.2563,-5.0356,-6.7141,-5.1881,-8.3926,-14.801,-17.243,-18.921,-23.194,-30.213,-32.807,-35.096,-41.658,-43.947,-43.641,-42.879,-43.947,-46.999,-50.356,-53.713,-58.596,-64.699,-72.176,-75.991,-79.653,-80.874,-82.553,-80.264,-79.958,-79.653,-78.28,-79.501,-83.926,-86.367,-87.741,-88.351,-88.351,-88.198,-90.945,-91.556,-94.15,-95.37,-97.354,-97.659,-98.88,-100.25,-101.02,-99.338,-98.422,-98.117,-99.185,-99.033,-103.46,-105.59,-107.88,-109.56,-112.61,-113.68,-114.75,-115.67,-115.97,-115.97,-117.04,-117.04,-117.65,-116.58,-115.82,-114.29,-114.14,-113.07,-111.7,-110.17,-108.95,-108.8,-109.71,-109.1,-107.58,-106.66,-107.43,-106.97,-108.19,-107.58,-107.43,-106.51,-105.75,-105.75,-106.2,-105.9,-105.75,-107.43,-110.48,-112.16,-113.38,-110.32,-107.43,-103.76,-101.78,-99.643,-98.575,-97.354,-98.88,-100.41,-101.32,-99.948,-100.25,-99.185,-101.93,-104.68,-108.04,-110.02,-111.55,-112.77,-114.9,-118.72,-122.68,-124.97,-128.79,-132.3,-137.94,-141.45,-143.74,-143.74,-143.44,-140.84,-138.55,-136.88,-135.2,-131.23,-128.18,-126.04,-126.35,-125.74,-126.96,-126.8,-125.89,-124.67,-123.6,-123.75,-122.53,-119.33,-117.65,-117.8,-117.34,-114.14,-114.75,-115.05,-117.8,-120.24,-124.67,-129.25,-133.52,-137.18,-137.49,-136.72,-136.42,-136.27,-137.64,-139.01,-139.77,-140.54,-141.76,-142.37,-143.89,-144.51,-143.74,-142.06,-141.3,-139.77,-138.86,-139.47,-141.45,-141.76,-142.37,-140.23,-139.32,-139.32,-139.62,-141.45,-142.22,-142.22,-138.71,-132.76,-130.47,-128.79,-126.8,-123.29,-120.55,-115.82,-110.93,-106.36,-101.63,-96.133,-90.182,-83.773,-79.501,-73.397,-71.718,-68.361,-65.004,-60.274,-58.138,-57.527,-58.901,-58.748,-56.307,-52.95,-51.424,-50.356,-51.729,-51.881,-55.238,-57.833,-61.8,-64.241,-65.31,-63.784,-61.953,-59.358,-56.154,-53.102,-51.424,-48.524,-48.982,-46.846,-46.541,-44.252,-42.421,-40.437,-39.674,-37.538,-35.096,-33.418,-32.655,-32.35,-34.028,-34.333,-35.249,-33.418,-32.35,-29.298,-24.415,-18.921,-15.412,-10.987,-6.8667,-3.2044,-0.61037,3.357,6.1037,10.681,14.649,21.973,27.619,32.655,37.385,40.895,42.268,42.421,42.421,42.116,41.963,44.557,44.404,46.236,45.473,44.404,43.794,43.489,42.726,41.2,39.827,39.674,38.301,40.132,40.59,43.489,45.778,46.999,44.71,42.268,40.59,40.59,42.421,45.015,47.456,49.593,49.898,53.255,53.255,53.56,52.95,51.576,48.372,46.388,47.304,51.424,55.238,58.596,61.495,66.073,68.819,69.43,67.141,64.089,59.206,53.56,51.881,50.966,51.576,51.118,47.304,46.083,45.32,45.167,45.32,45.167,45.778,49.135,49.287,48.982,50.966,54.323,54.323,54.476,56.764,62.41,64.394,63.936,62.563,61.037,57.985,53.102,47.609,43.489,41.658,41.658,41.047,40.895,37.996,36.164,35.249,39.674,42.879,45.625,43.947,38.911,35.249,32.35,29.603,28.077,26.093,25.483,23.957,24.11,21.973,23.499,25.636,28.23,33.876,41.2,45.32,48.83,52.034,56.764,58.596,61.037,62.105,64.089,67.293,72.787,75.076,76.601,79.653,83.316,85.757,88.809,91.25,93.234,93.234,96.286,99.796,102.69,100.56,94.607,91.708,94.607,90.793,85.147,82.4,78.433,71.413,64.699,60.732,70.956,70.65,60.121,53.255,47.456,43.336,42.268,42.879,43.031,42.573,43.794,44.099,45.32,45.473,46.999,50.508,54.323,58.443,63.936,68.667,70.04,69.582,74.465,78.585,82.553,81.79,84.689,86.367,90.945,96.438,100.71,103.31,106.2,110.78,116.12,118.87,123.6,130.16,133.21,133.37,135.65,136.42,141,149.08,152.9,151.98,154.58,157.63,159.31,160.22,163.12,169.23,174.72,176.24,176.55,177.16,174.72,171.21,169.84,168.31,166.02,165.26,164.34,159.76,155.49,151.37,148.63,145.88,142.67,137.64,138.4,137.33,133.82,129.86,127.41,124.67,124.06,127.11,132.45,132.6,132.91,135.96,137.49,139.93,142.98,146.18,146.34,144.35,144.96,146.79,153.05,159.31,162.51,162.66,163.27,169.99,174.87,176.7,178.38,178.69,179.75,181.43,182.04,178.69,174.87,170.75,167.09,164.65,162.36,150.61,145.27,145.42,137.49,126.04,119.02,109.71,108.19,107.12,101.32,91.25,84.384,78.127,73.092,72.787,68.209,62.105,64.699,62.105,54.018,45.625,46.846,48.677,48.524,42.573,38.606,35.096,33.876,30.519,26.704,21.973,21.668,16.633,12.97,9.4607,14.344,14.344,10.529,12.513,16.022,10.071,6.4089,5.7985,5.0356,-0.61037,-3.9674,-5.0356,-4.883,-7.3244,-13.276,-21.516,-23.804,-26.093,-28.993,-31.281,-36.164,-38.911,-39.521,-46.388,-50.508,-54.781,-56.764,-60.884,-65.462,-67.446,-67.141,-65.92,-68.972,-68.514,-62.716,-58.443,-57.07,-53.407,-50.203,-49.135,-42.573,-35.554,-21.668,-10.987,-3.9674,2.4415,4.7304,5.9511,14.954,15.87,10.071,7.6296,12.513,14.039,15.107,14.649,13.276,15.259,17.853,17.09,17.09,15.259,6.2563,-0.76296,-1.5259,2.1363,3.357,-2.5941,-6.8667,-10.987,-11.292,-16.175,-21.363,-26.399,-34.944,-43.184,-47.151,-48.982,-49.287,-50.203,-55.238,-62.41,-66.988,-69.124,-67.293,-64.394,-60.579,-62.105,-62.41,-64.852,-65.004,-70.498,-73.702,-74.313,-74.77,-69.735,-66.53,-66.378,-68.361,-77.822,-82.095,-75.076,-68.361,-68.514,-68.514,-67.904,-66.378,-64.547,-62.716,-69.582,-78.28,-78.89,-78.127,-83.621,-84.536,-79.501,-76.754,-80.111,-79.196,-76.601,-71.871,-69.887,-68.972,-68.361,-69.887,-71.413,-71.718,-70.956,-70.956,-80.264,-88.656,-92.013,-86.215,-87.13,-88.809,-90.487,-89.114,-88.809,-93.387,-95.218,-92.471,-95.37,-101.02,-106.36,-109.41,-114.44,-116.43,-117.5,-121.46,-123.45,-121.62,-121.01,-124.97,-129.86,-126.35,-126.65,-128.33,-130.01,-124.06,-121.62,-126.04,-121.77,-118.87,-120.85,-120.85,-124.97,-126.65,-132.6,-131.69,-133.98,-132.76,-133.82,-132.76,-130.31,-126.04,-123.75,-126.5,-129.09,-124.97,-121.01,-118.11,-117.8,-116.73,-117.65,-116.73,-119.79,-117.34,-116.43,-116.28,-112.77,-112,-111.85,-109.41,-105.59,-100.1,-97.964,-91.25,-83.01,-73.855,-68.972,-61.647,-59.206,-59.358,-56.459,-52.034,-44.099,-39.979,-37.233,-33.57,-30.213,-26.551,-25.178,-23.804,-21.973,-18.464,-14.496,-12.36,-12.207,-9.3081,-9.003,-9.9185,-9.003,-8.3926,-9.3081,-8.24,-8.6978,-10.376,-11.597,-9.4607,-8.0874,-10.224,-10.376,-12.207,-14.039,-16.022,-23.041,-24.72,-25.788,-25.483,-24.873,-24.262,-25.178,-25.483,-27.772,-28.382,-25.636,-24.11,-25.483,-25.788,-28.993,-31.587,-37.233,-43.184,-44.557,-49.745,-55.696,-61.953,-67.598,-74.16,-82.4,-82.553,-89.572,-99.185,-101.63,-102.08,-106.36,-113.68,-122.07,-127.41,-132.15,-137.33,-145.12,-153.51,-160.22,-164.49,-171.36,-176.7,-183.72,-189.06,-193.64,-197.3,-201.57,-206.61,-213.63,-219.43,-223.24,-226.75,-234.53,-241.71,-248.12,-250.25,-256.51,-262.46,-267.04,-270.39,-276.35,-278.02,-280.47,-283.21,-285.5,-285.81,-289.32,-288.55,-291.15,-291.6,-291.3,-295.42,-300.91,-299.84,-295.72,-299.69,-301.68,-300.61,-301.22,-303.05,-303.35,-302.74,-304.42,-304.27,-306.41,-308.85,-311.29,-312.2,-315.56,-315.26,-314.8,-314.04,-316.48,-315.56,-318.16,-318.61,-318.92,-320.9,-323.19,-325.94,-328.07,-326.7,-326.24,-326.55,-329.14,-329.45,-333.26,-332.65,-333.26,-331.89,-330.06,-331.58,-333.11,-334.33,-335.7,-336.62,-339.21,-340.43,-341.35,-342.88,-341.65,-339.37,-339.06,-337.84,-332.96,-328.84,-325.17,-323.04,-321.97,-321.05,-320.9,-316.93,-314.19,-314.19,-316.17,-313.73,-310.98,-310.37,-307.47,-303.35,-299.39,-297.1,-296.18,-293.74,-293.74,-291.15,-291.3,-288.86,-287.48,-286.11,-282.6,-277.26,-270.85,-263.07,-254.07,-244.61,-238.81,-232.09,-227.36,-222.02,-217.14,-211.04,-206.61,-203.41,-198.37,-195.32,-194.1,-192.27,-190.13,-187.69,-188.15,-186.01,-181.89,-177.47,-173.96,-169.23,-164.04,-159.46,-155.95,-152.59,-150.3,-148.63,-145.73,-141,-138.55,-134.59,-131.99,-127.41,-121.77,-114.9,-107.73,-98.727,-88.198,-77.975,-68.819,-58.596,-50.508,-42.879,-34.944,-25.941,-18.464,-10.987,-3.2044,5.3407,15.564,27.314,37.996,46.388,56.307,68.667,78.89,88.961,98.727,110.32,118.72,125.89,134.13,139.01,144.96,155.03,161.75,169.99,177.31,184.94,188.3,190.13,190.59,192.11,193.64,198.37,200.96,203.25,207.37,212.26,216.38,222.94,224.31,227.52,232.4,236.98,239.57,244.45,247.81,248.73,250.25,255.13,261.39,267.65,274.06,280.77,286.87,293.74,297.4,302.59,307.78,313.58,316.78,321.05,325.33,328.68,329.29,333.57,335.25,338.45,339.98,343.49,344.86,345.32,343.33,343.18,344.4,341.65,338.76,334.03,328.38,325.94,319.99,316.48,314.34,313.43,310.53,310.22,307.47,304.27,301.68,299.54,294.81,292.21,288.71,286.11,283.06,281.69,276.96,271.77,268.56,265.66,262.76,263.83,264.9,266.58,267.19,269.02,267.34,265.21,259.87,253.46,249.79,245.37,242.47,240.79,239.88,241.55,240.64,241.4,240.33,241.71,241.25,241.4,241.86,242.32,243.84,245.52,244.61,243.23,237.89,232.25,224.62,220.34,215.31,210.58,205.39,201.42,196.23,192.42,189.83,186.62,181.89,177.31,169.84,163.88,156.1,148.78,141.61,135.81,128.48,119.63,111.09,103.61,99.643,100.41,98.575,98.575,95.828,93.844,89.572,86.367,80.264,76.754,76.907,76.601,75.381,75.076,75.228,76.601,77.67,80.264,81.332,84.231,86.52,89.724,90.487,89.877,86.52,83.621,80.569,79.958,79.958,83.468,87.588,94.76,100.41,102.54,101.17,100.25,101.32,100.71,99.185,98.575,100.1,104.22,103.31,103.15,102.69,103.92,101.78,100.1,98.117,96.133,95.218,92.929,88.809,83.468,80.569,80.416,78.89,77.975,75.686,76.601,76.449,75.076,73.092,73.244,73.55,75.228,75.228,74.77,74.465,75.533,74.618,74.16,70.193,65.767,60.732,59.358,57.527,54.17,49.135,46.236,43.794,40.284,34.181,29.756,25.941,27.619,29.603,28.535,25.483,21.821,18.311,14.649,11.597,11.597,12.36,12.055,9.6133,5.4933,0.76296,0.45778,-0.91556,0.30519,1.0681,4.4252,9.9185,17.853,23.194,27.314,26.246,24.567,19.074,14.649,11.444,13.886,18.616,25.178,32.502,39.979,44.71,46.999,48.372,49.135,45.015,41.81,38.453,37.233,34.944,35.096,29.908,19.074,7.9348,-0.76296,-10.376,-18.769,-26.551,-32.502,-40.895,-45.778,-53.255,-60.427,-68.056,-71.718,-74.313,-77.67,-81.942,-87.13,-91.403,-92.471,-92.166,-88.809,-90.182,-91.556,-96.438,-102.54,-107.43,-110.32,-112.46,-112.92,-111.7,-108.8,-106.36,-103.46,-101.47,-100.25,-98.575,-96.438,-94.76,-91.708,-88.351,-87.588,-86.978,-85.299,-82.4,-77.975,-74.77,-70.345,-67.598,-65.92,-66.683,-65.31,-64.089,-62.258,-60.732,-60.121,-57.222,-56.001,-54.018,-50.356,-49.593,-46.999,-43.641,-41.658,-43.184,-44.252,-43.947,-44.71,-44.862,-45.625,-45.167,-44.71,-44.252,-41.2,-38.453,-36.927,-39.216,-38.606,-38.148,-37.69,-38.911,-41.963,-46.236,-52.797,-59.053,-66.53,-73.092,-73.702,-74.465,-74.77,-76.296,-74.618,-68.514,-58.748,-52.492,-48.83,-44.862,-42.573,-39.216,-33.265,-27.924,-22.736,-19.074,-12.97,-8.24,-2.1363,3.6622,9.4607,16.327,22.889,28.84,35.554,40.895,46.388,49.135,53.713,55.544,57.527,57.375,60.427,65.004,69.887,74.313,80.569,85.604,89.724,89.572,90.03,91.098,92.166,92.166,90.945,87.588,88.046,88.809,89.267,88.961,88.809,86.673,86.978,86.673,87.588,88.504,91.708,93.081,92.471,90.945,89.724,87.436,82.553,78.89,78.127,75.838,75.838,71.566,69.887,65.92,59.664,54.781,58.29,58.901,55.086,53.713,54.323,53.255,53.407,50.966,48.677,44.404,40.59,36.317,32.35,28.23,23.804,19.837,17.09,13.886,12.36,10.224,8.0874,4.4252,2.8993,-2.2889,-2.5941,-3.5096,-3.2044,-1.9837,-0,1.2207,2.5941,2.7467,6.7141,10.071,11.444,13.276,18.464,21.973,21.058,18.006,23.347,25.788,21.516,18.006,14.801,11.75,11.75,11.444,12.818,14.649,17.853,20.295,25.178,27.314,28.687,29.45,29.298,28.382,30.976,34.639,41.2,45.015,48.524,56.001,64.547,70.803,75.533,77.364,79.348,83.01,83.773,83.163,83.926,81.79,81.179,78.585,74.465,70.345,69.124,69.582,68.819,65.462,64.852,70.345,71.718,72.787,77.212,77.822,78.738,79.196,81.027,80.111,78.433,80.569,83.163,79.806,74.16,70.193,66.225,55.391,45.625,37.08,32.197,20.6,12.513,11.902,11.292,7.3244,3.5096,1.6785,0.15259,-2.2889,-3.5096,-7.3244,-9.1556,-13.276,-13.886,-16.48,-17.09,-15.412,-17.548,-23.499,-27.924,-30.671,-30.976,-31.739,-30.976,-30.519,-28.84,-28.23,-27.924,-29.756,-24.567,-20.905,-18.464,-17.853,-17.548,-13.886,-7.477,-7.9348,-12.513,-11.292,-7.477,-8.3926,-8.5452,-8.8504,-9.003,-8.6978,-7.9348,-5.7985,-4.883,-3.5096,2.8993,6.4089,7.7822,7.7822,8.5452,11.597,12.513,10.987,8.5452,6.1037,5.1881,1.8311,0.91556,0.45778,-0.61037,-3.8148,-6.5615,-7.9348,-8.0874,-7.477,-3.0519,-4.7304,-5.7985,-7.6296,-9.003,-6.4089,-2.1363,-5.4933,-4.883,-4.4252,-4.2726,-4.5778,-5.6459,-5.7985,-5.0356,-4.4252,-2.8993,1.3733,5.3407,7.9348,15.717,23.652,31.129,38.301,46.999,53.865,60.884,68.209,75.686,81.942,89.877,101.32,114.6,123.14,130.31,135.35,142.83,150.76,160.68,171.67,179.14,185.25,191.35,196.23,201.57,207.68,213.93,224.31,233.01,236.37,239.27,244.45,247.81,249.95,251.93,257.73,263.37,264.44,266.27,268.41,271.77,272.07,270.39,271.31,277.72,281.08,281.84,281.38,279.4,278.94,279.85,280.92,284.43,284.89,286.87,287.79,289.32,289.47,291.6,294.5,297.86,301.07,304.42,306.41,308.08,309.15,312.51,315.56,319.22,318.46,319.07,321.97,325.17,327.01,326.4,324.87,324.87,325.79,327.92,327.62,328.99,327.77,325.33,321.36,318.46,316.02,315.1,313.12,311.14,310.68,310.68,306.56,303.96,300.3,296.49,292.98,291.6,292.67,292.06,288.09,283.36,277.57,278.33,276.65,273.14,267.65,268.72,266.43,259.56,257.42,259.56,256.66,248.73,241.1,237.13,232.7,230.72,222.63,222.02,223.4,221.41,216.53,214.7,211.95,207.53,204.78,203.41,199.59,198.07,194.86,192.27,189.98,188.3,184.64,181.59,179.45,177.62,174.57,171.97,171.36,171.82,171.51,173.5,177.47,178.84,176.4,176.24,175.94,174.11,171.21,168.31,163.27,155.64,148.17,148.78,144.51,138.1,133.82,130.77,127.57,124.36,119.63,113.53,108.65,108.49,106.51,102.24,94.76,91.708,90.03,90.945,89.724,89.877,88.504,89.114,86.978,85.147,84.078,83.926,82.553,84.536,84.841,83.926,82.553,83.01,81.332,79.958,80.416,79.043,73.702,70.498,68.361,61.953,55.544,53.255,48.524,46.846,44.557,44.252,41.353,39.674,36.622,34.639,30.824,25.025,22.736,18.311,11.597,10.224,10.376,8.6978,4.4252,-0.45778,-5.3407,-8.6978,-11.75,-16.327,-18.616,-19.684,-20.447,-18.464,-15.87,-16.785,-18.464,-17.548,-19.532,-24.567,-30.976,-37.233,-42.116,-45.473,-49.44,-53.56,-57.985,-63.021,-67.446,-70.193,-73.397,-74.313,-73.855,-74.77,-75.533,-79.653,-86.825,-95.523,-101.17,-106.97,-110.93,-111.09,-111.24,-111.55,-115.97,-121.31,-122.84,-124.52,-125.58,-124.06,-123.29,-124.97,-129.7,-133.67,-139.62,-142.22,-144.81,-147.86,-151.07,-153.81,-157.17,-160.99,-166.02,-170.14,-173.8,-178.38,-185.25,-187.84,-191.66,-194.25,-194.4,-195.93,-195.62,-194.86,-196.69,-193.03,-188.91,-186.62,-188.6,-188.3,-187.08,-184.18,-184.18,-185.55,-185.71,-183.87,-183.26,-179.91,-174.87,-175.02,-172.28,-167.55,-161.75,-158.24,-158.09,-157.93,-156.1,-154.42,-154.42,-154.42,-153.66,-153.51,-155.64,-156.25,-153.2,-148.78,-145.12,-141.15,-138.1,-133.67,-132.76,-130.77,-130.77,-128.18,-130.92,-131.69,-129.4,-130.62,-130.77,-126.96,-122.07,-121.77,-124.21,-126.96,-132.3,-136.57,-138.71,-145.27,-153.2,-157.17,-159.61,-162.51,-166.78,-169.07,-166.33,-162.51,-164.95,-165.11,-165.11,-163.58,-166.33,-169.99,-172.28,-172.12,-170.75,-171.51,-174.72,-174.87,-171.36,-170.29,-172.43,-173.8,-175.79,-178.84,-180.36,-177.31,-177.62,-184.48,-191.05,-195.01,-200.51,-205.85,-207.98,-204.78,-204.32,-200.66,-200.81,-206.76,-213.93,-212.87,-211.49,-212.56,-211.34,-212.26,-215.31,-215.61,-214.7,-214.24,-214.39,-212.41,-213.32,-213.78,-214.09,-216.99,-220.95,-222.02,-221.56,-221.56,-221.11,-215.77,-214.7,-216.53,-215.16,-208.59,-205.39,-208.29,-214.09,-216.07,-217.44,-218.21,-219.28,-216.38,-214.7,-209.81,-204.63,-200.96,-202.19,-200.66,-190.74,-185.25,-184.79,-185.71,-187.08,-183.87,-175.79,-164.95,-162.36,-159.76,-157.17,-152.44,-144.51,-137.94,-138.1,-134.28,-131.84,-129.4,-128.94,-126.35,-121.77,-114.44,-118.26,-120.24,-117.8,-114.14,-112.46,-110.17,-110.48,-112.77,-117.65,-117.8,-117.34,-117.65,-117.19,-116.58,-119.48,-120.55,-124.06,-122.53,-117.65,-118.72,-119.48,-121.92,-126.5,-124.82,-125.74,-123.14,-122.23,-121.46,-122.07,-122.53,-120.55,-115.67,-110.32,-110.17,-108.49,-104.22,-103.76,-103.15,-95.676,-89.419,-85.147,-80.874,-82.4,-84.841,-81.637,-76.907,-74.007,-67.751,-66.53,-63.784,-59.511,-51.424,-45.473,-43.336,-44.862,-46.083,-44.71,-34.028,-25.788,-24.567,-31.281,-28.535,-24.262,-21.058,-24.72,-22.584,-18.006,-14.191,-14.344,-15.412,-12.513,-11.292,-15.87,-17.396,-17.243,-14.344,-11.139,-7.6296,-7.477,-4.4252,-4.12,-8.8504,-9.4607,-5.0356,-4.4252,-1.9837,-3.357,3.5096,7.6296,12.665,22.736,28.687,29.45,32.197,34.028,35.859,36.927,38.759,40.284,46.541,49.135,52.187,55.696,59.053,62.716,67.141,73.092,79.806,84.841,85.604,83.163,86.062,87.741,87.741,88.961,91.098,84.994,78.28,74.923,71.108,66.683,60.732,57.985,61.495,59.053,57.375,53.407,47.609,44.404,44.252,42.268,38.453,34.333,28.077,26.246,21.516,12.513,7.6296,-0.45778,-6.4089,-8.0874,-10.834,-11.292,-12.818,-16.48,-19.379,-23.194,-27.009,-32.655,-33.418,-30.671,-27.772,-28.23,-25.33,-24.72,-26.704,-27.314,-21.973,-16.938,-12.36,-12.97,-13.123,-12.207,-10.529,-7.9348,-5.4933,-5.0356,-3.8148,1.3733,6.5615,12.97,17.09,19.99,25.941,33.265,40.895,46.236,50.05,55.696,63.326,68.209,75.686,83.621,90.945,99.948,108.04,113.68,117.8,125.74,129.4,126.8,128.94,137.03,144.2,141.91,139.62,138.1,136.27,132.91,125.28,115.51,109.26,100.56,93.692,83.926,72.329,63.784,56.764,49.593,41.2,38.759,36.012,27.314,24.415,25.483,26.551,26.399,32.197,37.08,42.268,52.492,61.647,68.056,75.228,83.316,87.13,90.182,99.796,107.43,120.24,129.86,135.96,147.86,161.44,169.38,175.94,187.54,197.61,205.54,213.32,216.53,221.26,227.97,235.3,242.47,247.81,253.15,260.32,263.37,263.83,264.44,270.24,274.21,276.5,271.46,268.11,266.43,266.27,270.09,265.36,258.34,254.68,254.52,255.44,249.79,242.62,238.96,239.42,234.53,231.79,228.58,226.75,225.07,218.97,212.71,213.17,211.49,209.51,210.88,212.26,211.8,213.48,213.78,208.9,203.25,200.96,199.74,198.98,197,199.13,197.91,196.69,195.62,197.45,193.03,188.91,189.37,190.28,187.23,184.33,181.28,175.63,173.8,173.5,168.16,161.29,158.85,155.34,143.89,138.86,137.33,137.49,133.98,127.72,119.79,113.38,107.12,97.812,85.604,79.348,71.871,65.615,55.696,49.135,46.693,42.116,33.876,28.077,21.973,11.902,1.8311,-7.1718,-15.259,-17.853,-15.107,-19.379,-25.025,-29.908,-37.69,-39.827,-39.979,-43.794,-49.745,-50.966,-47.151,-45.778,-52.339,-53.865,-53.865,-52.797,-53.255,-54.628,-53.255,-51.118,-50.813,-49.593,-50.813,-52.492,-56.001,-57.375,-60.579,-63.478,-64.394,-65.157,-66.988,-68.819,-72.939,-76.144,-81.637,-82.4,-84.536,-90.182,-96.286,-98.727,-104.53,-110.32,-112.77,-120.09,-131.38,-138.71,-142.98,-147.56,-154.58,-158.24,-162.36,-166.02,-169.38,-169.68,-173.65,-174.26,-173.19,-174.87,-175.18,-172.89,-170.45,-166.02,-164.95,-161.14,-161.44,-163.43,-162.21,-163.27,-166.48,-161.44,-148.32,-141.61,-137.49,-131.84,-126.65,-122.07,-114.9,-107.73,-98.27,-86.215,-81.179,-74.465,-61.953,-53.102,-51.881,-54.018,-59.206,-61.647,-63.784,-68.819,-74.923,-77.67,-83.926,-92.318,-101.32,-111.24,-121.31,-132.91,-149.54,-162.05,-174.72,-186.32,-195.47,-202.34,-213.02,-228.74,-238.04,-239.27,-242.93,-239.27,-239.42,-243.39,-245.98,-243.23,-238.81,-235.3,-232.86,-227.06,-224.62,-221.26,-222.63,-224.01,-224.92,-226.14,-227.52,-220.04,-209.2,-203.56,-198.22,-193.95,-187.23,-182.5,-181.59,-180.06,-180.97,-180.52,-181.59,-185.71,-187.08,-186.62,-184.79,-180.06,-177.31,-174.41,-171.97,-168,-167.24,-166.33,-165.56,-165.26,-163.73,-162.21,-159.76,-153.36,-147.71,-143.89,-138.55,-128.64,-121.77,-116.43,-113.53,-106.36,-99.643,-96.286,-94.302,-87.13,-81.79,-78.127,-78.127,-77.364,-78.89,-79.043,-79.196,-76.907,-77.059,-77.67,-76.754,-75.076,-73.397,-71.566,-64.547,-59.206,-58.748,-54.781,-52.797,-45.167,-40.437,-37.996,-34.028,-32.807,-31.587,-23.652,-16.48,-12.36,-10.681,-4.5778,-0.91556,3.357,7.3244,8.5452,8.0874,6.8667,5.0356,6.8667,6.7141,7.7822,6.8667,7.1718,9.3081,11.292,6.2563,0.61037,-4.5778,-6.7141,-8.8504,-12.055,-15.259,-15.564,-12.513,-10.681,-12.97,-9.7659,-7.7822,-5.4933,-5.6459,-3.357,-3.8148,-7.1718,-9.7659,-12.36,-14.801,-16.48,-19.99,-20.142,-19.837,-20.295,-20.6,-21.821,-25.025,-22.736,-20.142,-21.516,-19.379,-12.055,-4.7304,7.477,18.464,18.616,19.074,23.499,23.499,20.447,19.684,18.311,17.396,16.175,13.886,14.191,18.616,24.567,26.551,29.756,35.249,44.252,43.641,43.184,42.726,42.879,41.353,40.132,36.775,36.012,38.759,39.521,41.505,43.489,35.707,29.145,24.11,24.262,25.33,25.33,25.788,26.399,29.908,30.824,28.077,29.908,29.756,30.366,26.246,20.447,17.09,11.597,8.8504,4.2726,1.6785,0.61037,-5.9511,-12.513,-16.48,-16.175,-21.058,-29.45,-37.233,-44.404,-48.83,-54.628,-62.258,-63.936,-68.361,-74.618,-78.433,-80.569,-85.91,-84.689,-83.621,-80.874,-80.569,-77.975,-76.754,-77.67,-76.907,-74.313,-72.787,-72.329,-70.345,-64.089,-61.342,-54.781,-46.388,-38.453,-37.233,-33.418,-28.382,-24.415,-23.804,-21.058,-18.464,-15.107,-12.36,-8.24,-8.0874,-7.3244,-7.9348,-8.8504,-5.3407,0.45778,-2.2889,-6.5615,-11.139,-14.954,-22.279,-27.924,-33.723,-39.064,-48.219,-53.713,-57.375,-61.19,-63.021,-65.31,-67.293,-68.056,-68.514,-66.988,-67.293,-65.615,-65.004,-61.495,-61.19,-60.579,-63.021,-64.089,-64.547,-69.887,-74.465,-75.076,-78.433,-74.313,-77.364,-79.043,-78.89,-75.991,-70.803,-65.31,-64.089,-62.716,-60.121,-59.816,-61.953,-60.274,-59.511,-54.628,-51.576,-51.729,-56.307,-52.034,-46.999,-42.726,-41.658,-41.2,-38.453,-34.181,-34.944,-34.639,-35.554,-36.47,-37.843,-37.385,-37.996,-36.47,-34.791,-30.061,-22.736,-14.039,-10.071,-3.9674,-1.0681,0.45778,-0.15259,4.883,6.5615,6.5615,11.444,17.243,25.178,29.756,31.739,40.132,48.067,54.476,61.037,65.157,67.751,68.056,65.92,64.089,60.884,56.917,49.745,46.846,41.505,37.69,36.47,37.843,38.453,33.57,29.298,27.619,23.194,17.396,11.292,7.3244,1.6785,-3.9674,-7.477,-9.1556,-3.2044,2.4415,-0.45778,1.0681,2.2889,2.1363,0.61037,-0.15259,-0.91556,-1.0681,-5.1881,-6.5615,-5.3407,-0.91556,-0.30519,0.61037,2.1363,0.45778,-1.9837,-7.7822,-13.428,-13.886,-16.938,-18.006,-20.6,-21.363,-24.567,-26.399,-27.467,-30.976,-36.775,-38.453,-39.521,-41.353,-43.641,-42.116,-47.609,-53.255,-51.729,-40.132,-32.807,-28.84,-26.399,-19.532,-14.344,-9.4607,-5.4933,-3.8148,4.12,13.581,17.396,25.178,34.639,44.252,56.154,68.819,76.296,83.468,86.52,89.114,90.487,92.166,92.929,93.692,91.098,88.656,84.231,77.67,70.04,65.462,58.443,46.541,37.385,28.382,13.276,0.91556,-6.2563,-6.8667,-7.6296,-5.6459,-2.1363,0.76296,1.6785,7.7822,13.581,13.428,14.954,20.142,24.567,29.298,34.944,40.742,44.862,51.118,56.001,64.394,72.329,79.653,86.062,93.081,95.065,94.913,89.572,86.673,83.926,86.215,84.689,84.384,82.4,78.585,74.313,65.004,61.495,55.849,45.167,39.827,34.944,30.824,22.431,16.785,10.376,6.4089,1.9837,-2.5941,-6.8667,-10.224,-14.801,-20.753,-28.84,-36.164,-42.879,-45.015,-48.372,-48.067,-46.083,-39.064,-36.47,-35.096,-31.892,-24.11,-13.123,-0.15259,7.7822,15.564,23.194,31.129,35.707,35.554,38.301,40.895,42.879,44.862,46.846,50.203,53.56,52.644,49.287,46.999,48.677,56.917,56.001,54.476,54.476,50.356,46.236,40.132,35.249,35.249,33.723,30.824,28.84,26.246,25.025,30.366,29.145,22.889,17.853,18.006,14.344,7.9348,-0.91556,-4.4252,-8.3926,-13.886,-21.821,-26.093,-30.519,-29.45,-26.856,-25.483,-28.535,-27.924,-22.431,-20.447,-21.058,-20.905,-23.041,-25.178,-28.687,-26.093,-21.21,-20.6,-25.636,-31.434,-34.639,-36.164,-41.047,-44.557,-46.083,-40.284,-36.927,-34.791,-33.723,-32.044,-32.96,-32.807,-30.213,-28.077,-29.145,-29.756,-30.061,-29.908,-30.824,-29.756,-26.093,-22.431,-19.99,-16.48,-15.412,-16.022,-20.447,-23.652,-27.161,-32.044,-40.742,-44.862,-47.914,-51.424,-54.628,-53.102,-47.456,-42.726,-41.658,-39.064,-36.317,-34.028,-30.366,-26.856,-24.873,-19.99,-15.107,-8.24,-2.7467,3.9674,12.207,21.516,28.382,35.401,34.791,35.554,44.862,48.219,44.099,44.252,44.099,43.641,43.641,42.116,41.658,47.609,50.356,53.713,54.323,53.713,55.238,59.053,60.274,61.342,61.342,58.29,54.781,53.255,48.524,43.947,41.2,41.658,33.723,29.603,27.161,24.567,19.532,17.09,15.107,15.412,16.633,18.006,16.48,15.107,12.665,11.902,12.055,8.8504,2.8993,0.91556,-0.91556,-2.7467,-2.4415,-1.2207,-5.1881,-5.9511,-9.6133,-11.75,-13.581,-12.665,-9.7659,-6.1037,-7.7822,-11.444,-12.513,-13.581,-15.564,-18.311,-21.058,-22.736,-20.6,-16.327,-18.616,-16.175,-14.801,-11.292,-8.3926,-5.7985,-5.1881,-6.8667,-11.902,-19.379,-25.788,-29.756,-33.265,-36.317,-38.606,-39.064,-37.538,-36.775,-41.047,-44.557,-47.761,-49.44,-48.83,-48.067,-50.356,-47.609,-44.252,-42.421,-42.726,-42.268,-41.658,-35.707,-28.077,-26.399,-26.856,-24.262,-18.311,-11.902,-13.428,-14.801,-15.717,-13.581,-10.834,-9.6133,-9.7659,-10.376,-8.8504,-2.4415,0.30519,3.357,6.4089,13.886,15.87,17.548,18.006,19.379,20.447,18.311,16.175,13.886,14.496,20.905,24.415,21.363,20.295,26.856,30.824,30.061,28.535,28.84,27.772,31.587,35.859,34.639,33.876,36.622,32.35,30.671,30.671,29.298,24.262,19.684,14.496,5.9511,-1.2207,-6.8667,-11.75,-17.396,-23.652,-24.415,-24.873,-26.856,-30.671,-35.401,-37.08,-39.979,-45.93,-47.914,-51.424,-51.881,-52.644,-53.255,-54.476,-56.154,-57.68,-57.375,-58.29,-55.849,-53.713,-49.135,-47.914,-45.778,-44.862,-42.268,-39.827,-36.317,-29.145,-21.516,-20.6,-19.684,-20.447,-20.905,-21.668,-23.347,-24.567,-29.298,-33.265,-34.486,-35.249,-35.707,-38.453,-38.606,-39.064,-37.996,-35.554,-33.57,-34.486,-35.859,-35.707,-28.687,-28.535,-26.856,-25.483,-24.11,-25.178,-26.704,-24.11,-15.107,-12.055,-12.207,-10.529,-4.883,-0.91556,1.9837,1.6785,-0.30519,-2.5941,-8.6978,-10.834,-6.8667,-5.0356,-4.4252,-3.6622,0.61037,2.5941,5.1881,6.4089,7.9348,4.12,-2.2889,-1.2207,1.5259,1.5259,1.2207,0.45778,3.2044,2.7467,2.7467,4.7304,6.8667,5.9511,5.9511,6.1037,5.6459,3.8148,5.4933,4.883,3.8148,3.6622,1.3733,-3.5096,-1.8311,-1.3733,-2.2889,-4.7304,-6.7141,-5.9511,-6.8667,-4.5778,-3.6622,-2.4415,0.61037,-0.91556,-7.1718,-14.801,-19.532,-24.11,-25.025,-25.941,-28.23,-30.824,-30.824,-32.044,-34.181,-38.606,-38.453,-42.268,-49.287,-53.56,-50.05,-50.05,-56.154,-62.716,-68.361,-69.887,-69.582,-70.04,-68.819,-68.819,-70.345,-73.702,-71.718,-68.667,-67.751,-66.683,-64.089,-59.206,-53.713,-49.593,-43.031,-41.047,-40.742,-40.132,-37.843,-36.47,-36.012,-34.181,-32.96,-33.113,-33.723,-32.655,-30.213,-32.655,-34.944,-37.08,-37.843,-37.843,-32.044,-30.671,-31.434,-31.587,-29.45,-27.009,-20.447,-19.227,-19.99,-20.6,-19.99,-24.11,-23.957,-20.753,-18.616,-18.616,-18.921,-16.938,-14.649,-11.597,-8.3926,-8.3926,-6.7141,-4.5778,-0.15259,5.3407,9.4607,10.987,13.276,15.107,16.022,16.175,16.633,14.954,13.276,7.3244,5.1881,4.4252,2.1363,-1.0681,-3.9674,-7.7822,-11.444,-14.344,-15.412,-13.886,-14.344,-13.733,-9.9185,-9.6133,-9.3081,-9.6133,-6.7141,-4.4252,-1.6785,-2.5941,-5.1881,-4.7304,-2.7467,-4.2726,-4.883,-6.8667,-7.1718,-7.9348,-8.24,-10.529,-7.477,-3.8148,-0.15259,3.9674,7.9348,9.7659,11.139,11.902,16.938,19.684,18.921,20.447,22.736,23.499,26.399,30.824,34.486,35.707,38.301,41.047,45.015,50.508,55.238,58.138,62.716,66.53,66.988,66.225,65.462,62.563,60.579,59.206,62.868,63.784,67.904,68.667,69.124,68.667,68.667,68.514,70.498,70.65,72.787,76.907,76.907,76.907,78.28,76.907,75.991,74.465,77.364,81.79,83.926,85.452,87.13,89.724,90.945,88.809,85.757,83.773,82.705,78.433,75.228,73.397,72.481,73.244,72.329,70.345,70.803,72.176,71.261,66.836,61.953,55.544,51.881,48.219,45.625,45.473,48.982,50.356,50.356,50.661,50.356,48.372,50.203,49.593,48.219,46.541,48.677,50.966,54.933,56.001,57.833,61.495,66.53,67.751,71.261,72.787,73.855,73.092,71.413,70.65,70.345,67.141,63.631,62.868,62.258,63.021,64.241,63.326,65.31,65.462,64.241,63.326,61.495,59.969,58.748,57.985,57.07,55.391,53.407,50.966,49.44,46.693,48.982,49.898,54.17,54.17,53.865,50.661,48.83,49.593,51.576,54.018,53.713,51.576,53.407,54.323,56.154,56.917,60.579,62.716,66.073,70.345,70.956,69.43,70.345,72.176,72.481,70.04,68.514,66.225,65.004,61.953,60.732,57.07,55.849,55.086,57.07,58.901,59.969,59.053,59.053,59.053,61.342,61.037,61.647,60.579,62.868,63.478,61.19,61.19,61.8,61.19,60.121,59.511,61.495,61.037,62.868,64.241,66.988,68.514,71.566,75.228,76.907,78.89,78.585,75.838,73.244,69.582,66.225,63.326,60.427,56.917,54.476,52.339,48.83,45.015,42.879,41.658,42.116,40.437,39.521,35.401,33.876,32.35,30.213,27.161,24.262,22.279,21.363,19.99,18.311,14.801,11.292,8.3926,5.9511,-0.30519,-5.4933,-9.3081,-14.496,-18.921,-24.11,-25.025,-26.093,-30.366,-33.876,-37.996,-39.064,-41.505,-42.573,-45.625,-48.372,-52.492,-54.323,-56.459,-58.901,-61.8,-63.021,-64.699,-65.615,-68.361,-68.514,-70.04,-70.803,-71.108,-70.04,-68.819,-68.209,-68.514,-68.056,-67.293,-65.462,-65.615,-63.936,-64.241,-63.021,-61.8,-58.748,-55.849,-54.018,-52.034,-50.966,-51.729,-53.56,-55.544,-56.001,-57.07,-55.544,-57.833,-59.664,-62.868,-65.31,-68.361,-69.43,-70.65,-72.634,-74.923,-73.55,-73.702,-73.092,-73.702,-72.329,-73.855,-73.702,-74.313,-74.77,-75.228,-74.618,-74.77,-74.77,-73.702,-71.261,-70.803,-68.056,-67.141,-65.31,-65.92,-63.326,-61.342,-60.121,-59.816,-60.579,-63.326,-65.615,-68.972,-70.193,-73.244,-74.77,-76.296,-73.855,-75.228,-75.533,-77.059,-78.127,-78.433,-78.585,-77.364,-77.517,-80.264,-81.484,-85.147,-88.046,-90.793,-91.556,-95.523,-100.56,-105.44,-107.58,-110.78,-112.61,-116.43,-118.72,-122.38,-124.52,-127.57,-128.18,-130.31,-134.13,-138.71,-139.77,-140.54,-143.74,-147.25,-150.76,-155.8,-160.07,-165.72,-168.46,-174.87,-181.59,-191.66,-200.05,-208.59,-212.1,-216.38,-220.34,-226.6,-234.08,-242.16,-249.95,-260.17,-269.33,-278.18,-285.96,-293.13,-296.64,-300.45,-301.98,-303.35,-304.73,-306.71,-307.93,-311.14,-309.61,-307.78,-304.73,-303.2,-301.22,-297.56,-293.74,-288.25,-284.13,-282.75,-282.3,-281.99,-283.97,-288.86,-291.76,-295.11,-297.25,-298.32,-296.79,-295.57,-295.72,-294.5,-293.74,-295.57,-298.17,-301.83,-305.8,-308.54,-304.57,-305.03,-305.49,-304.88,-301.98,-300.76,-300.45,-300.61,-301.83,-301.22,-301.68,-301.52,-297.86,-294.05,-289.01,-280.62,-269.63,-261.39,-255.75,-249.64,-241.4,-234.84,-229.8,-224.77,-218.36,-213.32,-205.69,-198.68,-191.2,-187.69,-184.79,-183.57,-181.13,-179.91,-179.3,-177.47,-171.82,-168,-164.04,-160.07,-155.49,-154.73,-152.75,-152.44,-151.37,-150,-149.08,-144.66,-136.27,-127.72,-117.5,-108.49,-98.575,-89.877,-79.043,-71.261,-63.326,-56.154,-48.982,-43.031,-33.723,-23.804,-13.428,-5.3407,0.91556,3.5096,8.0874,13.733,19.684,25.636,33.113,39.827,42.116,43.031,45.015,49.593,54.018,55.849,59.969,65.767,73.244,79.196,83.163,84.384,84.841,84.536,85.299,85.299,85.604,84.689,84.689,81.484,78.433,72.634,67.293,61.342,57.375,56.001,58.29,61.037,63.936,63.784,63.936,57.07,52.95,48.219,45.167,41.81,41.2,39.216,38.911,38.759,37.538,35.096,34.028,33.265,30.061,23.652,18.464,12.97,5.3407,-1.5259,-7.9348,-16.327,-25.483,-31.739,-36.164,-39.979,-41.505,-43.947,-43.031,-41.505,-42.116,-43.184,-45.167,-46.083,-45.167,-44.404,-40.895,-38.759,-36.164,-36.775,-36.164,-35.707,-34.639,-33.57,-30.213,-26.399,-20.447,-14.954,-9.4607,-5.3407,1.5259,5.4933,10.071,15.564,22.279,29.298,36.775,46.388,58.138,69.887,81.027,89.724,97.201,101.17,105.9,109.26,113.99,118.11,122.53,126.5,131.84,136.88,144.51,149.24,153.05,155.95,160.99,164.34,169.68,173.04,175.79,178.08,181.43,182.96,185.25,184.48,184.33,182.04,180.82,178.38,178.08,177.01,174.11,170.29,167.39,165.41,167.09,166.17,165.41,162.97,162.36,160.99,160.22,157.48,153.66,148.17,142.83,138.1,135.04,133.52,131.84,126.8,124.52,120.55,116.43,111.09,106.97,104.98,103.46,101.63,100.25,97.049,95.37,94.607,95.981,95.676,94.913,92.929,92.624,90.335,86.978,83.468,82.095,79.653,79.043,78.28,80.111,82.553,85.757,88.351,90.182,92.318,96.286,100.41,105.29,107.27,110.48,113.99,119.33,125.13,130.16,134.89,139.47,143.13,147.86,151.37,157.63,164.34,171.21,175.18,180.21,186.77,193.03,198.83,203.25,208.44,212.87,215.92,220.65,224.01,228.89,232.09,237.89,242.47,245.98,248.42,249.49,250.4,252.08,253.61,258.34,260.02,262.92,263.37,263.53,264.14,265.05,265.97,266.88,268.41,267.95,267.04,268.11,268.26,270.55,271.92,275.58,280.01,283.97,287.03,288.09,289.16,291.3,292.98,294.66,294.66,294.2,292.52,291.6,290.54,290.23,289.47,288.55,287.33,285.81,283.36,279.7,275.58,273.45,269.94,268.41,264.9,262.46,261.7,260.02,257.58,256.2,254.07,251.17,246.74,242.16,235.76,229.8,222.94,217.6,211.95,205.85,198.83,190.74,183.11,175.02,168.31,163.58,157.32,151.83,144.2,137.33,131.23,126.96,124.36,119.79,117.19,115.67,112.77,110.32,104.98,98.88,94.302,91.403,88.351,84.384,80.416,77.212,73.55,71.566,68.209,65.92,63.478,62.563,63.326,65.157,65.157,65.004,63.021,61.647,61.342,60.732,57.375,53.865,50.508,51.881,52.034,52.034,51.576,49.44,47.609,46.236,45.167,44.099,41.353,41.658,41.81,43.794,45.778,46.541,46.388,46.388,48.067,51.271,52.95,56.612,57.07,58.748,58.901,60.427,60.579,61.342,60.579,60.732,61.495,61.8,62.563,65.157,67.293,70.345,72.634,72.481,69.277,64.394,59.816,57.375,54.17,49.593,45.625,43.184,38.911,34.639,28.993,24.11,17.548,12.665,6.4089,0.61037,-5.0356,-10.529,-15.107,-19.684,-24.262,-30.213,-38.606,-43.031,-45.32,-47.304,-52.034,-55.696,-60.121,-63.936,-67.598,-72.024,-77.059,-81.942,-88.656,-95.37,-101.17,-103.31,-106.2,-107.58,-110.78,-112.61,-114.9,-117.95,-122.84,-129.55,-136.27,-142.06,-148.47,-154.12,-162.97,-170.9,-179.45,-186.16,-193.33,-196.08,-197.3,-197.45,-195.01,-194.71,-197.15,-198.83,-199.44,-196.69,-197.15,-195.17,-195.01,-191.5,-188.15,-185.25,-183.11,-181.13,-181.43,-179.75,-178.84,-176.85,-175.63,-172.28,-168.92,-165.56,-163.43,-160.68,-159,-155.64,-153.2,-151.37,-149.69,-146.95,-145.88,-145.12,-145.27,-140.84,-138.71,-135.04,-131.38,-127.41,-121.77,-115.82,-110.17,-105.59,-104.98,-101.78,-96.286,-88.961,-81.942,-74.618,-71.566,-68.209,-66.225,-65.157,-63.326,-60.884,-59.358,-57.68,-58.29,-60.427,-62.868,-61.8,-61.495,-60.579,-57.985,-55.391,-52.644,-49.593,-48.067,-47.151,-47.151,-47.456,-46.693,-42.421,-40.132,-35.096,-27.924,-20.905,-15.564,-10.987,-6.8667,-1.9837,1.8311,7.477,9.6133,12.818,14.801,18.006,19.684,21.821,24.262,26.856,28.535,29.298,31.739,35.707,37.996,40.742,39.369,38.453,35.096,32.502,28.84,27.009,24.262,20.6,16.633,13.886,11.597,9.9185,7.6296,5.6459,1.9837,0.30519,-1.5259,-2.2889,-5.0356,-5.6459,-5.7985,-4.883,-3.9674,-2.4415,-1.9837,-0.45778,-0.61037,2.1363,4.7304,7.477,7.3244,7.3244,8.6978,10.834,12.665,15.412,18.769,24.11,29.298,33.723,35.096,38.301,39.827,42.573,44.252,46.999,47.151,45.473,43.184,43.794,42.573,38.911,34.791,35.554,36.622,38.911,39.216,38.911,34.791,30.061,27.619,26.246,24.72,23.041,20.447,18.159,15.87,15.412,12.513,10.529,6.4089,3.0519,-2.4415,-5.3407,-7.9348,-10.681,-14.954,-20.447,-26.399,-28.993,-32.197,-35.249,-40.59,-42.573,-47.914,-51.881,-55.849,-56.612,-59.816,-62.868,-64.852,-66.073,-66.683,-63.784,-61.342,-57.375,-56.307,-56.001,-57.68,-57.375,-59.664,-61.8,-63.631,-63.784,-65.615,-67.904,-70.65,-73.702,-79.348,-82.095,-86.062,-86.673,-87.741,-86.52,-86.52,-88.504,-92.013,-95.523,-96.438,-96.896,-97.659,-95.676,-94.455,-92.013,-91.556,-86.673,-82.705,-76.144,-70.193,-65.767,-62.563,-58.138,-53.56,-49.44,-46.541,-41.2,-39.369,-37.233,-38.759,-37.08,-35.401,-34.181,-33.876,-32.197,-30.671,-32.197,-36.012,-37.843,-39.674,-41.81,-46.388,-47.151,-45.93,-42.573,-36.47,-28.993,-23.194,-18.616,-15.412,-11.444,-7.1718,-1.3733,2.2889,8.6978,10.681,11.444,12.513,15.259,16.633,17.243,16.175,14.649,14.954,18.159,19.227,21.973,24.11,26.551,27.161,26.856,26.399,27.924,30.671,33.57,33.876,33.876,32.35,32.96,30.671,29.45,25.788,24.567,24.262,25.636,28.382,33.57,38.759,45.015,47.151,47.609,43.947,42.268,40.59,39.827,40.59,40.437,39.674,37.233,34.333,34.791,33.876,32.502,26.856,22.431,16.785,12.665,8.6978,4.4252,2.2889,2.7467,4.5778,4.12,2.2889,3.0519,0.91556,1.2207,-1.8311,-4.7304,-8.8504,-10.376,-11.902,-11.444,-10.376,-9.1556,-8.5452,-6.5615,-4.5778,0.15259,0.91556,2.1363,3.0519,3.9674,4.7304,7.9348,9.003,6.2563,2.1363,-0.45778,-3.6622,-6.7141,-10.529,-13.123,-16.938,-20.905,-28.077,-32.197,-34.486,-34.791,-36.927,-38.453,-39.827,-41.658,-42.726,-43.336,-44.404,-44.099,-44.404,-45.473,-50.05,-54.781,-56.917,-56.307,-53.56,-49.898,-45.778,-40.132,-33.876,-28.687,-25.941,-24.11,-24.415,-24.72,-26.093,-23.499,-21.21,-18.769,-16.633,-12.818,-10.834,-10.987,-10.529,-11.444,-16.022,-18.616,-22.889,-27.161,-32.044,-34.944,-37.385,-38.453,-38.606,-39.369,-42.268,-43.947,-43.184,-39.064,-37.08,-31.739,-29.908,-27.467,-26.704,-25.636,-24.262,-22.126,-21.516,-19.074,-16.175,-11.139,-7.0193,-2.4415,0.15259,4.5778,6.4089,8.5452,9.7659,11.444,14.344,17.548,19.837,23.347,25.483,29.45,30.824,32.502,30.366,26.246,20.142,15.259,12.513,11.139,7.477,2.1363,-4.12,-8.3926,-14.649,-20.753,-26.704,-30.366,-32.655,-34.181,-37.08,-43.184,-49.135,-50.813,-50.661,-47.151,-45.32,-42.726,-43.489,-42.879,-43.031,-42.116,-41.81,-39.827,-38.606,-35.096,-30.519,-23.347,-18.769,-13.886,-9.7659,-4.883,-1.5259,1.8311,3.0519,3.5096,4.4252,6.8667,8.6978,11.75,13.428,17.09,19.227,21.363,21.668,23.804,27.009,30.671,32.655,33.418,32.807,33.113,33.418,32.807,28.84,24.72,19.837,17.701,16.633,15.87,14.039,11.597,8.24,5.3407,3.6622,3.9674,2.2889,1.2207,-0.76296,-0.15259,1.2207,0.91556,-2.1363,-3.6622,-3.5096,-2.1363,-1.0681,-0.15259,-3.357,-5.1881,-7.0193,-6.4089,-6.4089,-4.5778,-5.1881,-6.4089,-6.2563,-5.0356,-4.883,-5.3407,-8.8504,-11.75,-17.701,-22.736,-28.84,-33.57,-38.301,-43.794,-50.966,-55.238,-57.985,-61.037,-67.446,-73.244,-79.806,-84.689,-90.64,-92.624,-94.607,-94.302,-95.676,-95.981,-93.692,-89.877,-86.978,-82.553,-78.89,-74.16,-72.939,-72.176,-72.634,-71.566,-69.582,-66.988,-63.784,-59.053,-54.628,-53.407,-54.628,-54.018,-54.628,-54.018,-55.849,-56.917,-59.664,-60.121,-59.511,-57.833,-57.68,-59.053,-61.953,-62.105,-62.563,-58.748,-55.849,-52.797,-50.661,-45.473,-39.064,-32.502,-27.467,-24.873,-23.957,-21.821,-21.21,-18.769,-16.327,-14.344,-13.428,-12.207,-11.902,-9.4607,-5.7985,-1.9837,1.9837,5.9511,7.1718,9.3081,8.3926,8.0874,7.0193,5.1881,4.2726,4.7304,4.883,5.0356,4.12,5.0356,3.357,3.2044,0.91556,-0.45778,1.0681,3.357,6.1037,12.513,19.379,25.178,29.298,33.57,34.944,35.859,34.791,34.944,33.876,33.876,34.486,34.486,34.028,34.791,35.096,37.385,38.301,42.726,46.083,49.898,52.339,54.018,55.391,58.901,62.868,65.157,64.699,66.683,68.056,69.735,68.972,69.582,69.887,71.718,73.55,75.533,75.991,77.212,78.738,80.569,78.28,77.517,74.618,72.787,71.108,68.514,63.784,57.985,53.407,49.593,45.015,41.505,37.08,33.113,28.535,24.262,19.227,15.564,12.055,10.071,10.224,11.902,13.276,13.886,12.818,13.886,14.191,16.175,15.717,16.938,19.074,21.363,25.33,30.671,36.012,40.895,46.083,53.865,60.427,68.667,75.991,84.841,93.692,103.31,111.39,118.56,124.36,131.23,137.94,146.34,152.59,160.37,167.09,174.57,181.74,187.84,194.1,200.66,206.46,212.1,217.9,225.07,231.18,237.59,242.93,250.1,256.66,260.48,264.44,267.34,269.48,271.92,273.9,276.5,277.57,278.79,279.4,280.77,282.45,284.74,286.87,288.4,289.16,289.16,286.11,283.82,281.99,280.47,278.94,277.87,276.65,275.43,274.67,274.36,273.6,272.07,268.11,264.44,259.56,256.66,253.91,250.25,247.51,245.06,243.54,242.47,240.49,238.65,233.62,227.97,220.19,213.48,206.15,199.74,193.18,187.08,182.81,178.84,174.11,170.6,165.56,161.14,156.71,154.12,152.44,150.46,148.01,144.51,140.69,136.27,131.84,128.48,124.21,120.7,114.29,109.26,101.93,96.438,91.708,86.215,80.874,75.381,69.43,64.394,57.527,52.187,46.693,42.573,36.927,31.434,24.567,17.548,11.444,5.7985,1.5259,-3.0519,-9.1556,-12.818,-16.938,-18.921,-23.041,-25.33,-27.467,-30.671,-33.57,-34.333,-35.859,-37.233,-37.996,-37.385,-38.911,-38.759,-42.116,-44.71,-47.761,-48.524,-47.914,-48.219,-49.44,-50.966,-54.323,-57.07,-60.579,-61.953,-64.852,-66.836,-70.498,-71.718,-71.871,-73.55,-78.127,-83.468,-87.741,-89.114,-93.387,-96.744,-100.56,-101.93,-104.68,-108.49,-112.16,-116.12,-115.82,-113.99,-111.39,-108.65,-108.8,-106.66,-106.81,-107.88,-110.17,-113.22,-116.89,-120.85,-122.84,-124.52,-125.74,-123.45,-123.14,-122.38,-122.68,-121.92,-123.75,-124.67,-126.5,-126.04,-125.58,-124.82,-122.99,-120.4,-119.17,-117.04,-115.51,-113.07,-109.1,-105.75,-104.07,-101.47,-99.033,-95.828,-94.15,-91.098,-90.182,-87.741,-88.809,-90.945,-93.997,-95.218,-94.302,-93.387,-90.03,-86.062,-84.231,-84.689,-88.961,-91.556,-92.624,-91.861,-93.234,-94.76,-96.438,-97.201,-97.964,-98.88,-102.24,-105.44,-110.48,-115.21,-119.02,-119.94,-121.01,-122.84,-124.52,-124.21,-123.75,-121.62,-117.34,-112,-110.32,-110.02,-112,-114.6,-121.16,-126.19,-130.01,-130.47,-129.09,-126.8,-124.67,-122.84,-124.06,-124.52,-125.58,-126.65,-127.26,-126.96,-128.03,-128.18,-127.41,-126.35,-125.74,-124.97,-125.74,-125.74,-125.43,-125.13,-125.13,-124.21,-122.68,-120.55,-116.28,-105.14,-92.624,-81.637,-72.634,-61.342,-52.034,-43.031,-36.012,-32.502,-32.35,-31.129,-31.587,-31.892,-33.876,-35.096,-36.775,-38.911,-42.573,-46.541,-50.661,-54.17,-59.206,-63.631,-64.852,-65.004,-65.31,-63.173,-63.173,-62.105,-62.105,-61.037,-58.748,-57.527,-56.917,-54.17,-53.407,-50.508,-49.135,-48.83,-50.813,-49.44,-47.304,-44.557,-41.81,-43.336,-47.304,-47.914,-45.473,-43.947,-43.031,-40.742,-38.148,-35.096,-33.418,-31.434,-30.366,-28.382,-28.077,-26.551,-29.145,-32.502,-35.554,-40.742,-46.083,-48.524,-51.576,-51.881,-53.865,-57.375,-61.342,-61.037,-61.8,-63.784,-63.326,-61.8,-59.816,-59.206,-60.732,-61.19,-61.342,-58.138,-56.154,-53.865,-53.407,-51.271,-49.287,-49.745,-50.813,-46.693,-41.047,-32.35,-25.788,-18.159,-12.97,-8.5452,-1.8311,4.12,8.6978,12.513,13.123,14.344,14.344,13.276,10.681,10.071,10.376,11.597,13.886,15.717,16.938,17.243,14.496,13.581,12.97,14.649,18.921,25.025,30.366,32.35,31.434,32.502,33.265,34.639,37.08,41.81,48.524,57.07,64.699,72.024,78.89,84.384,87.283,92.776,99.033,104.83,107.58,111.55,113.83,112.61,111.39,111.55,112.31,115.36,117.19,117.5,113.22,107.88,103.61,99.338,98.88,98.88,97.507,93.844,88.351,84.231,80.721,79.043,75.686,72.634,70.04,65.462,59.969,55.238,50.356,48.677,46.999,47.151,43.184,39.827,37.08,33.113,30.976,32.35,34.181,35.401,35.554,36.164,36.47,37.538,37.538,39.979,43.947,47.761,50.203,52.95,54.781,54.476,54.17,54.476,53.865,54.476,53.255,51.271,45.32,36.622,27.314,19.227,12.818,9.3081,7.477,6.7141,5.1881,5.6459,5.1881,7.9348,12.665,19.074,23.804,30.366,38.911,48.372,54.781,61.037,63.326,66.225,65.31,63.631,61.19,59.664,59.358,59.358,56.307,53.713,51.881,52.187,51.118,51.271,49.135,46.541,43.641,39.979,37.69,33.418,27.009,22.584,19.837,19.684,18.769,19.227,20.753,23.347,23.804,20.905,16.327,10.987,5.7985,0.91556,-3.5096,-7.477,-12.36,-16.785,-21.21,-24.567,-26.856,-30.213,-29.756,-26.704,-22.889,-19.074,-16.785,-11.75,-10.529,-8.6978,-7.0193,-5.7985,-5.6459,-6.7141,-11.139,-16.327,-22.126,-29.145,-35.249,-35.859,-35.707,-34.181,-34.028,-32.35,-28.687,-24.11,-21.821,-18.311,-14.801,-13.581,-15.259,-17.243,-21.973,-25.025,-27.161,-26.551,-24.567,-24.11,-24.262,-25.941,-27.924,-28.077,-26.399,-21.821,-17.701,-11.75,-7.3244,-4.12,-4.12,-5.4933,-3.8148,-1.5259,0.15259,0.15259,0.61037,2.8993,3.6622,6.5615,9.1556,12.818,15.87,19.379,22.431,25.483,26.856,29.145,33.57,41.505,46.541,51.271,52.187,51.729,46.388,37.233,26.093,15.564,8.8504,2.4415,-5.9511,-12.818,-19.379,-24.567,-30.366,-33.418,-35.707,-36.775,-38.911,-44.557,-50.05,-53.102,-53.102,-47.761,-43.947,-37.538,-30.976,-23.347,-15.717,-9.1556,-5.3407,-3.6622,-1.2207,0.61037,-0.15259,-1.6785,-6.7141,-8.6978,-11.444,-11.292,-9.4607,-5.4933,-2.1363,-0.30519,-0,-2.2889,-6.7141,-8.8504,-10.681,-9.4607,-5.4933,-0.15259,3.6622,8.6978,12.818,15.412,18.311,22.431,27.314,32.655,35.249,37.69,37.843,37.69,37.843,36.317,33.876,28.23,22.736,20.905,21.058,23.957,26.704,29.45,31.281,31.739,30.366,29.756,29.603,29.756,29.603,29.603,28.687,32.044,33.113,32.197,30.824,29.603,28.23,27.467,24.262,20.295,15.717,11.597,7.1718,6.5615,6.7141,7.9348,8.8504,10.834,13.428,17.09,20.753,24.415,22.431,19.532,19.074,20.447,18.159,13.886,9.6133,5.3407,0.91556,-4.4252,-11.444,-15.259,-19.99,-23.957,-27.924,-28.993,-31.434,-33.418,-36.47,-37.385,-36.622,-35.859,-32.96,-29.145,-27.314,-25.941,-26.704,-28.535,-34.486,-40.895,-46.083,-53.865,-59.053,-60.732,-63.478,-66.378,-69.277,-70.04,-71.108,-68.056,-66.836,-66.073,-66.378,-69.735,-72.939,-74.007,-74.77,-73.397,-71.108,-67.293,-65.462,-62.258,-59.511,-57.527,-54.17,-48.067,-39.674,-30.213,-22.431,-17.548,-14.344,-9.3081,-6.7141,-1.9837,2.7467,3.8148,3.5096,7.1718,7.7822,7.1718,6.2563,8.0874,7.7822,8.0874,5.1881,3.9674,1.3733,0.30519,-1.3733,-4.5778,-6.5615,-6.1037,-4.12,3.357,9.9185,13.428,12.818,10.376,5.9511,0.45778,-1.5259,-3.9674,-7.0193,-7.1718,-7.6296,-7.1718,-8.0874,-10.529,-15.412,-23.041,-29.756,-33.418,-33.876,-30.671,-31.129,-29.603,-28.993,-28.535,-29.908,-30.366,-32.96,-34.944,-35.707,-35.554,-36.012,-36.927,-37.538,-36.164,-36.47,-37.538,-40.59,-44.099,-47.609,-49.287,-49.135,-51.576,-55.544,-57.222,-61.953,-66.683,-74.618,-79.043,-82.4,-88.504,-93.234,-96.438,-102.54,-108.65,-112.31,-113.22,-114.9,-116.12,-115.82,-112.31,-110.02,-107.88,-103.31,-96.591,-88.046,-76.907,-67.904,-58.443,-49.745,-39.979,-35.096,-31.129,-23.652,-13.276,-1.8311,12.055,24.72,37.08,49.593,62.868,73.244,82.858,93.692,101.78,107.12,110.17,115.21,124.06,131.23,137.64,142.22,146.34,146.34,144.81,144.2,141.91,137.33,131.08,123.91,119.17,113.99,111.7,109.1,106.05,99.033,89.114,81.179,75.228,66.836,55.391,44.404,35.859,26.551,17.548,7.7822,-1.3733,-9.6133,-15.564,-20.295,-21.668,-21.058,-15.717,-14.496,-12.97,-14.954,-16.022,-15.564,-10.681,-8.3926,-9.1556,-6.1037,2.5941,12.055,22.431,24.567,25.636,29.298,36.164,45.778,55.544,59.664,61.495,63.631,63.784,60.884,57.985,54.323,54.781,55.238,58.748,59.511,60.579,59.511,60.884,60.884,58.596,56.459,56.459,56.307,57.375,54.933,52.797,50.508,50.508,47.761,42.421,36.775,32.655,28.382,24.873,18.159,12.97,6.2563,3.5096,1.2207,1.3733,-0.91556,-2.4415,-3.0519,-3.0519,-4.2726,-3.2044,-3.357,-4.5778,-3.8148,0.76296,2.1363,1.6785,3.357,8.8504,9.7659,5.4933,4.7304,7.1718,7.477,4.883,2.1363,-0,-1.6785,-0.91556,-0.30519,1.3733,4.883,8.5452,9.6133,10.529,10.834,12.665,13.581,14.496,15.107,21.363,30.976,37.385,39.369,39.216,39.369,39.369,35.249,33.265,33.113,35.554,37.08,41.658,44.252,45.32,45.625,44.404,44.557,50.813,57.68,55.849,51.271,48.83,46.236,48.219,50.356,52.644,53.713,52.797,50.661,48.677,46.236,44.404,43.794,45.167,40.284,39.064,41.047,41.353,41.2,43.336,46.693,47.609,44.252,39.369,33.57,31.739,31.281,28.84,23.957,21.821,25.636,27.314,28.23,30.976,30.213,31.739,31.587,30.061,31.739,32.96,33.265,34.333,33.265,31.587,26.093,22.584,19.99,20.753,18.159,15.107,16.48,16.633,16.022,14.649,10.529,10.071,10.376,8.0874,7.0193,9.3081,9.7659,9.7659,7.9348,5.3407,3.0519,7.6296,10.529,8.6978,6.8667,3.9674,-0.15259,0.30519,0.61037,-0.45778,-3.2044,-5.9511,-5.1881,-5.6459,-5.0356,-0.15259,2.4415,2.7467,4.4252,6.4089,7.3244,9.7659,12.513,14.649,19.684,25.33,27.009,29.603,30.061,29.45,27.009,28.23,32.044,35.859,38.301,39.521,38.911,38.453,40.284,47.304,51.729,52.95,51.881,55.544,57.222,52.95,49.135,44.862,39.216,32.044,20.905,12.207,2.8993,0.45778,-1.3733,-3.8148,-1.3733,1.0681,1.5259,2.5941,3.6622,6.5615,9.3081,12.36,16.48,25.636,29.908,31.434,32.807,34.486,33.57,31.587,29.908,32.197,31.739,30.824,27.467,25.788,25.33,23.957,18.769,16.48,14.039,9.3081,5.3407,3.0519,4.7304,6.2563,0.15259,-6.4089,-9.1556,-12.36,-21.058,-27.924,-33.57,-39.369,-44.862,-49.898,-51.881,-49.44,-47.456,-45.93,-45.167,-43.184,-45.473,-45.93,-43.336,-37.385,-33.418,-29.756,-30.976,-30.366,-29.908,-28.993,-28.382,-26.551,-27.772,-26.704,-24.11,-18.311,-16.785,-13.733,-11.597,-9.4607,-8.24,-5.3407,-0.91556,-2.7467,-3.9674,-1.9837,-0.30519,0.15259,-0.76296,-3.357,-6.2563,-6.2563,-9.1556,-11.902,-12.207,-14.649,-19.837,-24.262,-29.298,-35.096,-40.284,-40.437,-43.336,-48.982,-52.034,-51.118,-49.745,-48.677,-48.677,-45.473,-45.167,-44.71,-38.453,-31.892,-28.077,-23.652,-19.379,-15.412,-9.4607,-1.2207,7.0193,14.649,19.532,25.788,32.044,34.639,36.164,37.843,39.827,46.846,48.982,49.898,50.508,47.456,46.388,46.236,45.32,43.336,40.284,43.794,45.93,45.32,41.047,37.69,32.044,26.093,23.804,19.074,9.6133,8.3926,10.834,13.581,10.834,8.24,3.8148,-2.1363,-5.6459,-6.5615,-13.276,-18.159,-22.431,-23.804,-28.84,-33.57,-32.655,-27.619,-26.246,-22.126,-17.396,-13.733,-9.1556,-2.8993,3.0519,7.477,11.292,15.564,19.227,18.921,19.532,20.905,19.379,16.785,16.022,19.684,19.99,18.159,18.311,23.499,24.11,23.957,22.736,19.379,19.99,24.873,24.262,19.227,18.616,19.074,12.97,9.7659,8.3926,5.7985,3.9674,4.5778,5.9511,4.7304,7.3244,13.886,12.207,8.6978,9.4607,18.616,26.551,27.009,27.619,33.113,38.148,44.71,51.729,57.985,61.647,66.53,71.108,76.754,79.348,82.4,86.825,91.861,97.049,102.69,101.93,101.78,101.47,103.46,108.04,108.49,105.59,109.26,112,110.93,107.73,106.36,104.37,102.24,99.948,99.49,99.796,104.98,111.85,118.41,124.52,128.48,128.94,132.3,136.88,142.22,146.49,151.68,155.64,157.17,158.24,161.9,162.21,162.36,162.51,164.19,168.16,171.51,167.7,162.51,159.31,154.73,151.83,150.46,150.61,148.32,144.51,139.93,131.08,126.19,121.01,115.05,110.63,107.27,104.07,99.796,97.354,93.844,89.572,89.267,89.419,87.436,84.841,84.384,83.621,84.384,84.384,85.299,86.825,87.436,85.91,84.231,79.958,77.212,72.939,70.345,65.92,61.647,57.375,51.271,44.862,37.843,32.655,29.145,24.873,24.415,21.516,18.006,15.564,12.207,4.883,-1.0681,-5.0356,-8.6978,-12.36,-10.224,-7.1718,-4.7304,-5.1881,-4.12,-3.8148,-2.1363,-0,0.61037,0.15259,0.91556,1.6785,1.0681,0.15259,-0.30519,-1.9837,-0.61037,3.0519,6.8667,8.24,11.444,12.055,12.818,14.039,16.175,17.548,17.396,18.006,19.99,18.616,16.48,12.665,9.6133,8.0874,7.0193,4.5778,1.3733,-2.2889,-4.2726,-4.883,-4.2726,-5.3407,-5.7985,-6.7141,-5.7985,-7.6296,-9.003,-12.207,-16.48,-19.379,-22.126,-25.33,-27.467,-31.434,-33.723,-37.538,-37.69,-37.385,-35.859,-32.807,-30.824,-27.009,-25.788,-24.873,-23.499,-22.431,-20.6,-19.074,-15.87,-14.801,-13.581,-14.039,-15.107,-18.159,-22.126,-25.178,-26.399,-28.23,-30.824,-35.096,-36.775,-39.369,-41.81,-45.167,-47.761,-49.745,-50.203,-51.424,-52.339,-51.424,-48.83,-46.236,-41.963,-36.47,-28.535,-23.194,-18.464,-15.87,-13.428,-9.9185,-5.7985,-1.3733,3.357,8.0874,13.581,17.853,22.889,25.33,28.84,31.892,35.096,38.453,40.437,41.2,41.2,41.2,41.353,39.064,38.301,36.47,36.012,32.807,28.077,23.652,21.058,16.175,10.376,6.2563,3.9674,2.2889,2.1363,0.76296,0.61037,1.9837,5.0356,5.0356,3.6622,1.6785,1.8311,1.5259,-0.61037,-3.9674,-7.0193,-9.7659,-11.292,-12.513,-10.834,-10.987,-9.1556,-8.6978,-8.3926,-4.4252,-1.2207,0.76296,2.4415,2.1363,4.7304,6.8667,10.681,11.902,11.902,11.139,10.834,10.224,8.8504,7.6296,3.357,-0.61037,-3.8148,-7.6296,-11.139,-14.954,-18.464,-24.11,-27.467,-33.113,-37.996,-44.404,-49.593,-54.018,-56.459,-57.07,-57.68,-60.274,-60.732,-62.105,-62.563,-63.631,-64.699,-65.31,-64.852,-64.241,-64.089,-63.631,-61.342,-59.358,-56.612,-53.56,-47.761,-42.573,-36.927,-32.807,-29.45,-26.856,-26.093,-28.687,-33.723,-39.521,-41.963,-45.93,-50.05,-54.781,-58.138,-63.021,-64.547,-64.089,-64.241,-65.157,-65.157,-65.615,-67.141,-70.193,-72.481,-73.855,-74.465,-76.907,-76.601,-76.449,-78.127,-79.501,-83.01,-85.299,-85.452,-86.215,-86.215,-86.825,-85.452,-84.994,-84.841,-86.215,-87.741,-90.945,-93.234,-96.591,-103.61,-111.39,-115.36,-120.4,-122.23,-125.43,-126.19,-127.41,-128.03,-128.33,-128.64,-128.94,-128.03,-127.72,-125.89,-122.68,-117.95,-115.51,-109.1,-103.46,-98.27,-91.708,-85.757,-79.348,-71.261,-63.784,-59.816,-56.154,-48.219,-41.505,-33.57,-28.535,-22.126,-17.243,-11.139,-6.1037,0.76296,9.1556,15.87,20.905,27.924,34.944,39.827,40.437,44.404,45.32,45.167,45.93,48.677,50.966,52.797,52.797,52.339,51.424,53.407,55.849,58.138,58.138,60.884,62.258,63.021,64.699,64.852,64.547,65.31,64.852,65.615,61.647,59.816,56.764,55.086,54.476,52.187,48.982,45.625,44.252,46.388,46.541,46.846,43.489,43.947,43.031,41.963,39.827,36.622,34.181,34.333,34.486,36.012,34.486,34.181,31.739,31.739,30.061,28.687,26.551,25.788,27.161,27.161,26.093,26.246,25.025,26.856,24.873,23.194,21.058,21.668,19.684,16.785,14.954,13.733,13.123,9.1556,5.0356,1.9837,-0.91556,-2.4415,-6.8667,-11.292,-14.344,-13.733,-12.665,-11.597,-8.3926,-3.357,-0.61037,1.0681,1.8311,6.7141,10.376,11.597,9.4607,6.2563,2.2889,1.8311,2.1363,1.8311,2.4415,4.5778,4.12,4.12,3.8148,4.4252,3.2044,2.7467,2.7467,6.5615,11.444,13.886,12.36,9.003,9.7659,12.055,13.276,12.665,10.834,11.139,11.75,14.344,15.259,16.633,18.616,21.363,24.262,25.025,27.009,32.044,31.281,30.824,30.824,30.671,27.314,24.11,22.584,24.262,23.957,23.652,24.262,22.279,19.684,18.311,15.107,12.055,6.1037,2.8993,-2.7467,-6.7141,-7.0193,-5.4933,-9.3081,-10.376,-10.376,-9.7659,-8.0874,-6.4089,-9.7659,-11.902,-13.886,-16.175,-21.058,-25.483,-25.025,-24.415,-26.704,-26.856,-28.23,-29.298,-33.723,-36.927,-41.353,-45.473,-48.372,-49.593,-51.729,-56.154,-61.953,-67.904,-70.193,-70.65,-72.939,-74.618,-78.89,-81.484,-83.621,-83.621,-84.231,-84.689,-84.841,-86.825,-91.403,-92.013,-97.964,-103.61,-107.88,-111.85,-115.21,-117.5,-118.26,-118.11,-118.41,-118.56,-119.17,-116.12,-113.68,-109.56,-105.75,-101.78,-99.185,-94.607,-90.945,-89.419,-86.825,-83.316,-84.689,-84.078,-83.468,-80.111,-77.822,-74.007,-72.634,-71.261,-70.65,-70.498,-73.397,-75.533,-77.059,-78.127,-80.874,-79.501,-79.958,-79.501,-80.111,-78.28,-78.433,-77.059,-75.991,-76.144,-75.076,-77.364,-79.348,-76.601,-74.313,-69.735,-70.193,-68.056,-64.241,-64.394,-67.751,-71.718,-73.397,-73.702,-74.923,-72.634,-72.481,-73.855,-73.397,-72.634,-75.076,-74.16,-70.956,-70.498,-75.991,-80.416,-79.196,-77.212,-81.484,-83.01,-84.231,-87.436,-90.945,-90.793,-91.25,-90.793,-91.708,-91.403,-88.351,-83.773,-81.332,-76.296,-73.55,-72.329,-71.261,-69.124,-66.073,-64.699,-63.021,-58.138,-54.933,-53.407,-51.576,-48.067,-45.167,-42.879,-37.08,-33.57,-35.859,-34.944,-39.064,-37.996,-36.622,-37.996,-39.064,-38.301,-37.996,-38.453,-39.216,-41.963,-45.473,-43.947,-43.641,-43.184,-45.167,-45.473,-45.625,-42.421,-41.81,-40.132,-38.301,-37.69,-36.47,-31.281,-27.772,-25.636,-25.636,-25.483,-28.84,-30.976,-33.723,-34.944,-37.538,-39.827,-41.658,-42.116,-41.505,-41.047,-45.473,-45.625,-43.641,-36.622,-33.265,-33.723,-38.759,-43.031,-43.184,-41.963,-43.794,-50.05,-55.391,-55.696,-61.495,-63.173,-61.953,-60.121,-62.868,-64.547,-65.615,-65.92,-64.699,-62.868,-63.478,-61.037,-57.68,-56.307,-59.511,-63.021,-71.718,-79.653,-85.757,-86.52,-87.436,-90.945,-95.523,-97.964,-101.02,-104.07,-111.24,-115.36,-119.79,-119.17,-121.62,-123.6,-127.11,-128.48,-131.99,-137.49,-140.08,-138.86,-136.27,-130.77,-126.35,-121.62,-120.55,-117.19,-114.14,-106.05,-97.201,-87.893,-80.264,-68.972,-56.917,-46.388,-34.791,-21.363,-9.003,-3.357,-2.4415,3.6622,10.834,18.159,25.483,29.45,32.96,35.707,37.08,40.59,46.541,48.219,47.151,48.524,48.677,48.067,45.625,44.252,40.742,37.843,33.57,33.113,32.197,28.077,28.23,28.382,26.551,27.772,28.077,31.281,34.333,39.674,46.236,49.745,49.135,55.086,58.901,62.868,68.667,73.397,71.261,72.024,76.601,81.179,88.656,96.591,98.27,100.25,102.85,98.575,96.896,100.86,101.02,98.27,92.166,82.858,73.855,70.803,65.92,60.121,54.628,48.372,43.184,38.606,34.639,27.772,19.074,15.412,10.376,8.6978,6.8667,5.4933,5.4933,4.2726,6.2563,8.6978,9.4607,10.834,10.987,12.36,13.581,18.616,27.161,37.08,41.963,39.827,35.096,32.197,30.366,30.366,33.723,33.57,22.279,12.513,3.357,-5.6459,-9.003,-7.477,-8.24,-13.428,-15.564,-17.09,-21.668,-20.753,-20.6,-21.973,-22.126,-23.347,-23.347,-21.058,-21.21,-25.636,-26.551,-20.753,-21.516,-19.837,-18.159,-16.327,-19.379,-17.701,-14.954,-14.801,-17.853,-17.09,-16.785,-13.886,-10.376,-12.207,-16.022,-8.5452,-5.0356,-4.883,-0.91556,3.6622,3.357,-1.0681,-0.45778,4.4252,-2.4415,-9.3081,-12.36,-8.5452,-7.6296,-7.1718,-11.444,-10.681,-10.834,-16.327,-18.769,-18.464,-19.837,-21.516,-27.009,-29.756,-28.077,-27.009,-28.993,-32.044,-32.502,-35.096,-41.658,-40.895,-39.216,-41.963,-46.236,-50.508,-55.696,-56.612,-55.696,-53.255,-51.576,-49.44,-50.508,-53.255,-57.985,-67.141,-72.176,-69.582,-68.819,-70.04,-74.007,-75.228,-71.261,-66.836,-66.836,-67.751,-68.972,-65.92,-63.173,-63.784,-67.141,-67.598,-73.702,-75.381,-77.975,-80.416,-80.111,-78.433,-74.618,-69.582,-65.767,-62.868,-63.936,-61.647,-60.579,-59.969,-60.732,-59.816,-58.596,-55.391,-49.593,-44.71,-42.879,-44.099,-45.625,-44.71,-44.862,-44.252,-45.015,-41.963,-41.963,-41.2,-41.505,-44.252,-48.677,-46.846,-45.015,-43.641,-43.947,-43.031,-40.895,-32.044,-26.246,-22.584,-17.853,-14.496,-14.801,-14.801,-10.987,-8.3926,-8.3926,-9.003,-7.6296,-2.1363,4.2726,13.276,16.48,19.837,24.567,26.093,23.957,19.379,14.954,16.022,15.564,13.886,6.7141,1.3733,-2.7467,-7.477,-12.513,-16.022,-18.921,-25.025,-29.298,-30.519,-30.976,-30.824,-33.418,-29.908,-24.873,-20.447,-17.396,-16.938,-17.396,-18.769,-21.363,-23.499,-28.382,-30.824,-36.012,-38.759,-42.573,-43.794,-44.252,-44.557,-46.083,-46.999,-46.236,-43.641,-40.132,-35.249,-31.587,-24.262,-21.516,-16.785,-7.6296,-3.6622,-1.5259,-0.91556,-4.12,-7.7822,-11.444,-12.36,-15.107,-18.159,-24.11,-25.788,-26.856,-27.467,-30.061,-33.876,-34.486,-34.944,-36.012,-34.791,-36.164,-37.843,-36.47,-30.671,-29.45,-28.23,-27.161,-25.483,-25.025,-25.33,-27.619,-28.993,-32.502,-33.57,-33.418,-31.739,-33.418,-35.859,-36.927,-39.521,-43.031,-45.167,-46.693,-45.778,-46.388,-46.083,-45.778,-45.015,-45.32,-44.862,-44.71,-44.404,-42.268,-39.827,-36.012,-31.434,-27.467,-25.025,-25.178,-21.973,-18.769,-15.107,-10.681,-5.0356,-0.15259,5.0356,10.224,16.48,22.279,28.23,30.061,31.892,32.044,32.044,31.434,32.197,34.944,36.927,38.911,38.911,37.843,37.385,35.401,34.791,34.791,35.859,36.012,37.996,39.979,38.911,36.927,34.944,32.807,33.57,29.908,25.025,20.142,14.191,7.3244,-0,-3.5096,-4.12,-5.1881,-4.4252,-5.0356,-4.2726,-3.5096,-2.4415,-3.5096,-6.2563,-9.003,-11.597,-11.75,-12.207,-16.48,-18.769,-19.99,-19.684,-19.837,-17.853,-16.175,-15.107,-13.733,-12.665,-10.681,-8.24,-7.477,-7.9348,-10.376,-10.376,-11.292,-9.7659,-8.8504,-9.6133,-11.139,-12.97,-14.344,-16.785,-19.99,-22.431,-24.262,-23.499,-23.347,-22.584,-20.142,-18.616,-17.853,-16.785,-15.412,-16.785,-19.379,-17.243,-14.191,-11.902,-9.7659,-6.2563,-7.477,-9.003,-9.7659,-10.987,-10.834,-10.834,-9.9185,-9.9185,-12.665,-13.581,-17.243,-20.447,-23.499,-26.856,-28.382,-27.161,-26.093,-22.736,-19.837,-17.701,-17.09,-14.191,-12.207,-10.376,-9.7659,-8.3926,-8.3926,-8.24,-9.9185,-12.97,-16.327,-16.022,-16.633,-16.633,-18.616,-21.363,-23.957,-25.178,-25.636,-26.704,-25.788,-23.957,-27.924,-29.908,-29.145,-28.382,-31.434,-32.044,-34.791,-36.47,-37.843,-38.911,-38.453,-38.606,-39.521,-39.064,-38.911,-33.418,-27.314,-21.363,-17.701,-13.428,-10.681,-9.6133,-7.0193,-3.5096,-2.4415,-4.2726,-8.3926,-9.003,-12.36,-14.344,-20.905,-26.093,-31.434,-34.639,-38.911,-45.778,-51.729,-54.323,-56.917,-59.511,-61.037,-60.884,-61.19,-58.901,-57.07,-59.053,-61.495,-62.563,-64.089,-63.326,-65.31,-64.852,-64.547,-63.631,-63.784,-62.41,-61.953,-62.868,-61.8,-58.443,-56.612,-53.102,-48.83,-43.184,-40.437,-36.47,-36.012,-34.333,-33.113,-32.655,-33.723,-33.265,-31.587,-30.061,-30.213,-29.45,-30.671,-30.213,-27.772,-23.652,-20.6,-18.159,-16.938,-17.548,-19.684,-20.753,-23.347,-24.72,-28.382,-31.892,-34.944,-33.876,-35.096,-35.249,-33.418,-28.993,-26.399,-25.33,-24.415,-22.431,-21.973,-18.159,-14.954,-12.818,-12.207,-12.36,-14.649,-14.649,-13.428,-13.733,-15.259,-13.733,-12.97,-12.513,-12.97,-10.987,-8.8504,-4.7304,-5.0356,-4.7304,-3.6622,-2.8993,-1.9837,-2.4415,-3.0519,2.2889,10.834,15.87,17.396,20.142,21.821,23.041,25.025,26.856,26.856,25.178,20.6,19.379,18.006,16.785,12.97,8.24,3.5096,0.61037,-0.91556,-2.4415,-2.4415,-1.2207,-2.5941,-2.2889,-4.12,-7.1718,-11.597,-14.649,-16.938,-19.227,-21.668,-22.584,-23.041,-23.041,-27.161,-28.535,-30.824,-30.519,-32.807,-34.181,-36.775,-41.505,-46.236,-52.492,-57.527,-59.969,-63.173,-63.021,-63.936,-63.173,-66.683,-70.193,-74.16,-77.975,-81.637,-84.689,-88.656,-94.913,-100.1,-101.32,-102.69,-101.93,-104.37,-103.76,-102.54,-102.69,-105.29,-107.27,-107.88,-106.36,-104.83,-102.69,-101.02,-97.507,-95.218,-90.335,-85.91,-79.348,-73.397,-66.378,-60.884,-55.086,-48.372,-39.827,-33.876,-28.687,-26.093,-21.21,-17.701,-13.886,-9.4607,-3.8148,1.3733,5.9511,9.7659,14.649,17.548,21.668,23.804,27.467,29.756,32.807,34.333,36.927,37.538,37.538,37.233,37.08,36.012,37.08,36.927,38.453,37.996,38.148,36.775,34.333,32.197,30.061,27.619,25.941,23.194,22.736,19.99,16.938,12.97,11.139,8.3926,5.3407,2.2889,-0,-1.2207,-2.5941,-5.0356,-6.1037,-6.8667,-4.883,-4.12,-2.2889,-1.9837,-0.61037,-1.0681,-0.45778,1.0681,2.2889,1.8311,1.3733,0.30519,2.7467,4.2726,7.7822,10.224,13.733,16.633,19.99,22.889,24.11,25.178,28.23,30.976,34.486,37.843,47.304,55.849,62.716,67.293,70.956,75.686,82.4,93.081,99.033,104.68,112.92,118.11,125.74,131.84,136.27,141.15,147.1,151.98,154.88,157.93,161.44,166.33,172.43,177.62,184.79,189.83,194.25,195.17,196.23,197.61,197.3,197.61,197.91,195.62,193.03,188.91,185.4,181.59,181.13,179.14,176.85,174.11,172.12,171.06,171.97,173.5,174.41,173.19,174.11,172.28,170.9,169.07,168.46,167.55,168.16,169.07,169.68,170.6,170.9,170.29,173.04,174.26,179.14,182.96,184.48,184.48,183.42,181.43,179.6,178.38,177.01,172.73,170.29,168.77,169.68,168,165.87,163.58,161.75,163.73,166.02,165.72,166.33,166.17,166.63,166.17,167.39,167.85,168.16,167.85,167.24,167.24,166.78,166.94,169.23,171.21,173.96,173.35,173.19,173.19,176.55,180.82,183.87,184.48,185.09,187.54,191.35,192.57,196.23,197.61,198.68,200.2,200.51,202.19,203.86,206.15,207.53,208.9,210.73,211.04,212.26,214.85,220.34,225.68,226.6,228.43,231.48,232.09,230.87,229.8,232.09,230.72,231.03,228.74,227.82,227.36,227.21,227.21,227.36,227.21,226.75,225.68,224.77,220.8,218.05,213.63,211.34,209.51,207.68,209.05,209.36,210.58,211.8,211.34,211.49,208.75,208.14,207.22,208.75,210.88,212.41,214.24,216.68,218.67,222.33,226.91,230.26,229.5,231.64,233.16,233.77,232.55,230.87,230.57,229.35,224.92,218.36,213.48,210.58,206.46,204.32,201.12,197.45,192.57,191.5,190.13,185.86,184.33,183.87,182.04,179.75,178.08,177.16,172.89,170.9,168,167.55,167.7,167.7,166.63,166.02,166.33,167.24,168,170.75,171.06,170.75,169.53,168.61,167.09,165.72,163.58,161.44,159,154.73,151.37,146.18,138.4,131.53,125.43,121.31,114.29,107.43,103.61,99.796,93.539,87.588,84.994,81.942,73.855,69.277,63.784,59.053,53.713,50.966,46.999,38.911,33.113,26.093,18.006,14.954,12.513,10.987,3.9674,-3.6622,-8.0874,-13.581,-21.363,-28.993,-37.233,-43.641,-50.661,-55.086,-61.647,-66.225,-71.413,-76.296,-82.095,-88.198,-96.744,-103.92,-110.48,-116.12,-120.85,-124.97,-129.55,-131.99,-133.82,-135.96,-139.93,-141.3,-142.83,-142.06,-143.13,-141.61,-140.84,-138.25,-136.88,-136.88,-138.25,-138.4,-140.23,-141.15,-139.16,-135.2,-132.91,-128.18,-127.11,-129.7,-129.7,-130.62,-132.3,-134.13,-137.49,-137.94,-139.62,-141,-144.2,-146.18,-149.54,-151.98,-155.19,-155.8,-157.48,-162.51,-165.26,-167.55,-171.51,-174.72,-178.69,-180.21,-183.72,-185.25,-184.18,-183.87,-186.93,-188.45,-189.06,-193.03,-194.25,-194.4,-195.78,-193.79,-193.64,-191.2,-192.27,-193.03,-189.52,-187.08,-186.01,-184.18,-184.64,-181.89,-180.21,-178.38,-178.53,-179.45,-179.14,-178.38,-176.85,-174.57,-173.35,-171.97,-169.23,-164.04,-166.78,-169.23,-167.7,-166.17,-164.04,-162.21,-158.39,-156.25,-151.68,-145.12,-144.96,-144.96,-147.25,-146.34,-141.3,-135.96,-133.98,-132.76,-131.23,-130.47,-130.92,-129.7,-130.62,-131.23,-134.59,-142.22,-150.76,-155.49,-161.14,-167.24,-173.04,-177.16,-182.04,-187.08,-195.78,-202.8,-211.04,-215.92,-223.55,-231.18,-236.98,-242.62,-249.79,-258.19,-266.27,-271.16,-274.67,-276.04,-280.01,-281.53,-285.35,-287.03,-286.26,-282.75,-281.38,-280.31,-280.31,-278.79,-278.48,-276.8,-275.89,-274.97,-274.21,-271.31,-266.88,-260.32,-252.69,-246.59,-240.94,-234.99,-230.87,-221.41,-213.78,-206,-199.59,-192.57,-186.16,-178.99,-168.92,-160.37,-153.66,-146.95,-141.15,-133.67,-128.64,-125.74,-124.82,-122.99,-121.46,-117.95,-113.22,-112.92,-114.9,-112.92,-107.73,-102.69,-102.54,-102.54,-99.796,-98.27,-96.744,-93.387,-89.572,-86.062,-83.773,-80.569,-77.364,-70.04,-63.173,-57.07,-50.05,-43.641,-35.859,-27.924,-20.6,-13.276,-4.883,6.8667,14.649,21.516,27.009,36.47,49.44,60.579,66.683,76.144,84.689,89.724,90.793,93.997,97.049,100.71,103.31,104.83,106.81,109.56,111.7,112.61,112.31,114.6,116.12,121.31,123.75,124.52,127.41,129.55,128.03,126.5,123.45,124.36,125.13,124.21,120.55,115.97,109.71,105.29,102.24,100.25,96.896,93.692,91.708,88.961,82.705,82.858,78.738,73.092,69.277,67.293,63.326,58.901,55.086,51.729,46.846,43.641,43.031,39.827,34.028,30.213,28.687,30.061,28.687,27.161,23.652,21.363,17.243,14.039,14.649,14.649,11.902,11.75,12.055,15.259,12.055,9.4607,12.665,17.548,18.464,18.006,19.684,23.652,27.924,33.265,36.622,39.369,41.047,44.71,46.236,47.456,47.914,51.729,52.797,49.44,50.661,53.56,56.154,57.222,51.424,51.118,49.593,47.456,46.693,44.099,41.963,42.116,40.59,37.69,34.181,29.298,25.636,23.499,20.6,19.074,18.769,20.6,19.837,19.99,19.684,18.311,18.616,19.227,20.447,20.295,18.769,20.753,19.227,16.327,15.564,17.396,15.564,14.039,20.295,18.616,13.581,10.834,7.477,7.1718,7.1718,7.7822,8.8504,8.6978,7.477,7.3244,4.12,1.3733,-0.76296,-1.3733,-3.5096,-1.2207,-3.357,-7.3244,-13.276,-10.224,-4.7304,-2.7467,-5.0356,-8.5452,-14.039,-18.464,-18.006,-18.769,-23.652,-23.804,-23.041,-22.889,-28.382,-32.197,-33.876,-35.401,-35.249,-36.622,-32.807,-28.23,-30.213,-32.807,-38.453,-36.775,-32.35,-29.145,-27.161,-21.668,-13.581,-4.12,-2.5941,1.0681,9.3081,14.649,13.276,12.97,11.139,8.8504,6.5615,1.5259,-2.5941,-6.8667,-12.207,-12.818,-19.99,-28.535,-32.807,-33.57,-37.233,-45.93,-53.407,-60.884,-71.871,-80.111,-83.01,-82.095,-88.809,-98.575,-107.73,-115.05,-113.99,-114.44,-119.17,-123.75,-130.31,-135.35,-140.69,-146.03,-151.07,-153.05,-157.32,-159.15,-162.51,-165.72,-169.38,-171.06,-172.58,-167.85,-161.14,-156.41,-157.78,-157.63,-156.87,-158.54,-159.61,-162.05,-163.43,-159.15,-157.93,-158.7,-160.83,-157.78,-157.48,-153.36,-144.66,-139.16,-141.91,-139.32,-138.55,-143.89,-145.73,-146.79,-150.91,-151.07,-150.61,-149.39,-149.08,-148.93,-148.78,-147.1,-143.44,-141.91,-142.37,-140.54,-133.67,-127.57,-123.29,-117.8,-114.44,-112.92,-111.39,-106.05,-103.15,-98.422,-91.556,-84.841,-73.855,-67.141,-66.836,-62.41,-58.138,-54.018,-50.05,-44.557,-42.268,-38.606,-38.148,-37.69,-38.759,-38.759,-37.233,-35.707,-36.47,-35.249,-34.333,-36.317,-36.164,-35.249,-37.08,-34.333,-32.655,-31.434,-31.129,-34.944,-40.59,-46.541,-52.797,-52.95,-49.44,-49.135,-49.898,-52.339,-56.612,-63.326,-67.904,-68.819,-74.465,-80.874,-87.588,-93.539,-96.438,-96.286,-99.185,-100.41,-100.71,-100.25,-104.53,-103.46,-101.78,-98.727,-99.643,-101.47,-105.75,-111.39,-115.05,-113.99,-113.53,-113.22,-112.77,-106.36,-101.63,-101.32,-101.17,-100.41,-105.9,-106.66,-105.29,-103,-99.796,-95.37,-94.455,-91.556,-87.13,-82.247,-78.89,-70.04,-69.43,-64.699,-50.203,-39.674,-33.723,-29.756,-26.246,-21.516,-14.191,-7.9348,-5.9511,-3.9674,3.8148,13.123,16.327,19.379,23.652,28.077,31.587,30.671,25.483,23.652,24.262,20.753,16.175,16.48,14.954,14.649,16.785,18.769,15.717,18.616,19.837,20.905,21.21,19.99,17.396,13.428,10.834,12.36,11.292,7.0193,2.5941,1.2207,-1.9837,-2.2889,-3.5096,-4.883,-9.1556,-11.292,-8.8504,-5.6459,-3.9674,1.6785,2.1363,1.3733,0.45778,2.4415,2.1363,5.4933,9.4607,12.207,17.243,21.516,21.516,20.447,16.938,13.581,12.055,17.09,10.071,0.45778,-5.1881,-5.9511,-3.2044,-0.15259,-3.9674,-6.4089,-3.357,-0.45778,-2.4415,-4.5778,-7.1718,-9.3081,-10.987,-11.292,-10.987,-7.6296,-9.7659,-13.276,-14.496,-14.954,-20.6,-22.584,-25.483,-27.619,-30.519,-28.687,-28.687,-31.587,-35.859,-39.216,-40.59,-39.827,-39.979,-41.047,-37.843,-34.028,-34.486,-36.317,-37.385,-35.859,-29.756,-22.736,-15.107,-14.954,-14.954,-13.581,-13.428,-12.513,-15.259,-17.243,-20.753,-23.957,-23.194,-23.652,-27.161,-27.314,-29.756,-32.655,-34.944,-30.366,-29.603,-28.23,-30.213,-35.707,-39.674,-42.726,-48.067,-48.83,-50.966,-55.849,-64.699,-63.326,-57.07,-58.29,-60.274,-61.495,-65.462,-66.53,-66.225,-69.277,-72.787,-70.193,-65.92,-62.41,-61.8,-55.696,-49.898,-44.557,-37.843,-30.061,-25.483,-24.262,-25.483,-23.957,-24.11,-25.941,-26.093,-23.957,-23.652,-22.736,-29.145,-36.927,-41.963,-45.167,-45.778,-42.268,-43.031,-43.336,-44.099,-43.336,-49.135,-49.898,-46.846,-45.473,-45.167,-40.132,-36.775,-37.08,-39.064,-33.57,-30.671,-27.009,-30.671,-34.028,-33.265,-33.57,-34.028,-34.791,-39.064,-38.606,-35.096,-30.366,-32.044,-36.775,-37.996,-34.028,-32.96,-32.655,-30.824,-31.892,-35.554,-27.314,-20.142,-19.99,-16.938,-11.444,-7.1718,-5.9511,-2.8993,1.9837,2.8993,4.883,5.7985,4.12,3.8148,12.513,21.973,27.467,28.84,28.84,25.025,27.314,27.314,24.873,28.84,38.453,42.879,44.099,43.641,49.135,52.187,52.492,54.933,60.427,56.001,51.576,50.203,52.797,54.323,54.781,56.459,61.342,64.394,69.43,71.261,76.144,74.618,74.465,75.381,76.754,73.855,69.735,64.852,66.225,65.31,62.716,55.544,53.255,51.881,48.219,42.726,38.301,37.538,38.453,34.486,32.044,31.129,30.519,30.366,34.028,36.927,39.827,36.775,36.622,37.996,39.979,45.778,54.323,53.102,50.661,51.881,59.664,58.901,57.833,56.917,56.612,54.323,51.729,52.797,51.729,45.93,43.489,43.184,41.963,35.707,33.418,32.807,30.366,27.314,29.298,29.145,24.873,19.074,15.412,11.75,14.191,9.003,8.24,8.3926,1.3733,1.0681,4.5778,3.8148,2.2889,-1.9837,-3.5096,-5.3407,-6.1037,-7.3244,-11.597,-14.801,-14.039,-16.785,-18.311,-19.532,-20.753,-15.717,-10.224,-9.3081,-9.7659,-8.5452,-4.12,0.76296,5.6459,5.3407,4.2726,5.6459,3.5096,-2.4415,-6.8667,-11.139,-16.48,-22.431,-27.161,-33.876,-40.284,-51.576,-61.953,-70.956,-80.264,-90.64,-100.71,-113.68,-120.55,-119.33,-122.07,-131.23,-136.88,-142.83,-145.73,-152.13,-154.12,-152.29,-148.63,-148.17,-144.81,-139.93,-133.06,-130.62,-130.47,-122.53,-109.26,-108.8,-103,-93.997,-83.621,-78.585,-73.55,-64.547,-57.527,-56.001,-47.456,-44.252,-42.268,-37.08,-29.298,-24.567,-15.564,-9.6133,-3.357,4.5778,8.3926,10.071,16.175,19.99,27.314,29.603,32.96,33.113,31.587,28.993,29.145,30.366,34.486,36.164,39.369,44.252,50.203,54.018,58.138,63.478,69.43,73.55,78.89,85.452,99.185,107.43,115.82,126.65,140.69,150.15,156.87,163.58,169.99,170.29,172.12,177.01,180.67,179.45,182.81,185.4,188.76,187.23,187.69,188.6,186.93,184.48,183.26,179.75,175.94,170.29,167.55,162.36,153.05,142.98,135.81,127.87,121.92,115.05,110.32,104.07,99.796,95.676,93.387,88.656,83.621,77.822,74.77,70.345,69.582,70.345,70.04,60.884,53.407,49.135,44.252,40.895,41.353,41.963,42.421,39.979,39.216,37.996,38.759,39.521,41.2,41.963,41.658,41.353,41.353,40.895,39.216,38.911,39.369,36.927,38.759,39.521,40.284,39.979,43.336,45.32,46.541,48.83,48.677,48.219,51.729,56.307,61.495,64.394,66.073,63.478,64.699,62.41,61.19,62.868,67.141,69.277,71.413,76.296,81.942,85.452,88.046,88.351,89.877,83.773,83.926,87.436,85.604,80.721,76.601,68.361,58.901,49.287,44.862,39.674,33.265,26.856,25.941,21.668,21.668,19.684,19.532,20.295,17.09,10.529,6.8667,4.12,2.4415,-1.2207,-3.6622,-9.1556,-10.987,-14.039,-18.006,-19.227,-21.668,-27.619,-28.23,-28.23,-28.687,-28.84,-23.957,-21.21,-20.753,-22.126,-20.295,-22.584,-21.363,-19.684,-18.769,-18.616,-16.327,-14.649,-10.071,-9.1556,-12.36,-18.006,-20.447,-26.093,-29.145,-31.129,-28.993,-28.382,-29.908,-34.028,-36.164,-39.979,-41.658,-44.252,-47.761,-53.255,-56.001,-58.748,-61.19,-63.021,-61.8,-60.121,-59.816,-63.631,-58.596,-53.255,-49.135,-44.862,-42.268,-42.726,-42.116,-46.693,-49.135,-48.219,-48.83,-48.219,-44.862,-39.827,-34.791,-36.012,-34.791,-34.181,-32.35,-31.434,-29.756,-26.704,-24.72,-22.889,-18.616,-15.564,-11.139,-10.681,-7.3244,-3.0519,-2.1363,-1.8311,-0.91556,0.76296,-2.4415,-6.2563,-5.7985,-9.003,-14.496,-24.72,-34.028,-41.047,-42.268,-43.336,-49.287,-51.271,-49.287,-46.999,-42.421,-35.401,-28.23,-28.23,-30.671,-28.687,-21.516,-19.379,-17.853,-16.327,-14.039,-12.513,-10.681,-8.6978,-6.5615,-7.1718,-3.8148,0.61037,4.4252,7.1718,9.4607,11.902,16.785,20.447,23.041,26.856,30.366,29.908,34.181,36.164,35.096,35.096,36.47,35.707,34.181,34.486,34.791,33.113,32.807,30.366,27.009,22.736,19.837,16.022,13.733,11.139,7.3244,2.7467,1.8311,-1.6785,-3.0519,-3.0519,-0,3.0519,5.4933,8.8504,13.276,18.464,25.483,34.181,37.69,37.996,44.404,42.879,36.927,34.791,36.622,33.113,30.976,29.298,25.33,22.126,20.142,19.379,17.243,14.039,10.071,7.1718,6.1037,4.4252,4.883,1.8311,-0.91556,-0.76296,1.0681,-0.15259,3.0519,6.7141,10.071,10.834,12.665,11.597,14.954,15.259,12.36,11.597,13.276,12.36,10.834,10.681,12.818,14.344,18.159,19.837,25.33,26.856,25.178,25.483,28.23,29.908,29.298,31.129,33.876,33.57,37.996,41.81,45.625,50.203,54.781,57.68,60.121,61.19,61.342,59.358,58.138,54.628,56.154,57.527,60.427,61.037,61.495,63.631,63.631,61.037,60.427,58.29,56.001,52.339,52.339,48.982,45.93,42.421,37.996,28.84,23.194,19.227,12.36,1.6785,-2.1363,-8.5452,-16.48,-24.567,-29.145,-33.876,-37.996,-44.099,-52.034,-56.917,-60.427,-63.478,-62.41,-59.969,-58.138,-58.138,-58.138,-61.037,-61.647,-62.105,-59.664,-59.511,-58.748,-57.68,-58.138,-56.307,-53.865,-52.797,-47.761,-46.999,-44.099,-40.742,-33.418,-26.246,-21.21,-15.717,-11.75,-10.224,-8.8504,-9.9185,-11.597,-16.48,-16.175,-15.259,-12.818,-10.224,-7.477,-4.2726,0.15259,-0,1.0681,1.9837,2.8993,1.3733,-0.91556,-3.6622,-4.5778,-7.9348,-9.6133,-9.7659,-10.224,-12.818,-16.48,-24.72,-31.587,-36.317,-38.911,-41.047,-40.437,-39.674,-43.641,-47.914,-49.135,-47.456,-44.71,-43.031,-41.963,-45.32,-45.93,-48.83,-51.729,-56.612,-56.612,-56.764,-57.985,-60.121,-63.936,-66.53,-66.073,-67.751,-66.378,-65.615,-62.258,-61.647,-59.206,-58.443,-57.07,-54.17,-53.713,-52.034,-49.135,-49.135,-47.914,-48.524,-45.778,-44.557,-42.421,-42.879,-41.505,-38.911,-36.927,-35.707,-33.876,-31.129,-27.924,-25.636,-24.11,-25.025,-22.736,-20.6,-18.159,-13.733,-8.24,-8.0874,-7.9348,-9.6133,-11.597,-13.276,-12.055,-10.834,-10.376,-10.224,-5.9511,-0.91556,0.45778,1.5259,4.12,5.6459,2.8993,0.30519,2.4415,1.8311,-0.30519,-3.357,-2.8993,-4.2726,-5.7985,-9.7659,-13.428,-18.311,-23.041,-24.873,-23.194,-25.178,-26.704,-29.298,-25.941,-22.889,-21.058,-17.09,-13.581,-10.834,-7.3244,-5.3407,-1.9837,-0.45778,0.76296,1.9837,8.5452,13.581,17.09,17.396,19.837,23.652,26.246,26.551,26.399,22.736,21.821,18.311,15.412,13.886,14.801,14.954,15.412,14.954,13.733,12.818,12.97,12.36,11.292,10.681,11.75,10.834,9.3081,7.7822,8.0874,7.477,10.681,9.7659,11.75,13.428,14.191,12.36,12.36,11.902,11.292,10.224,12.513,10.681,8.0874,7.477,8.8504,12.513,15.87,18.616,25.483,31.281,37.69,42.879,50.05,51.424,49.287,47.151,47.914,48.219,49.44,51.424,54.781,57.07,58.138,55.849,56.154,56.459,59.816,60.274,54.323,51.576,51.271,50.508,51.881,51.424,51.729,50.966,52.339,51.118,46.999,45.93,46.083,43.947,41.505,39.521,43.336,46.236,48.219,46.999,46.388,44.862,41.963,36.012,33.418,36.775,40.59,40.895,40.895,41.047,47.761,52.339,57.833,62.563,62.868,64.852,66.53,67.751,68.972,67.598,68.056,65.31,65.004,64.699,64.241,62.41,60.884,57.07,54.476,52.034,47.761,39.064,32.044,23.804,16.175,6.4089,-0.15259,-7.477,-10.376,-12.818,-17.548,-22.584,-24.873,-27.161,-28.993,-33.57,-38.301,-41.81,-42.268,-47.914,-52.492,-53.255,-53.255,-53.255,-54.476,-52.797,-50.356,-49.287,-48.067,-50.356,-50.966,-52.187,-53.865,-58.29,-57.07,-54.628,-54.628,-54.17,-52.187,-50.203,-50.203,-52.339,-50.203,-46.541,-40.742,-37.385,-35.707,-35.096,-32.807,-31.434,-31.434,-31.587,-27.924,-25.33,-27.467,-27.314,-24.262,-25.941,-28.687,-28.535,-24.415,-21.821,-18.006,-14.649,-10.834,-9.1556,-7.6296,-9.9185,-9.003,-12.207,-16.175,-21.668,-25.941,-32.655,-37.996,-40.437,-42.268,-44.099,-45.015,-49.287,-51.729,-54.781,-54.933,-55.696,-55.696,-56.307,-55.544,-55.086,-51.881,-48.524,-44.557,-40.284,-34.639,-32.502,-27.314,-19.99,-11.444,-3.6622,4.883,14.496,24.11,33.723,44.404,52.034,57.527,61.037,68.972,75.991,80.111,83.621,85.604,90.03,93.692,97.201,98.422,95.218,91.098,87.741,87.13,84.994,85.604,85.299,85.299,84.384,82.095,77.975,74.007,68.209,65.92,61.495,57.68,53.407,49.898,50.203,51.576,48.219,43.336,39.369,37.843,36.317,37.08,35.249,35.249,35.249,36.317,35.096,32.96,29.603,25.788,21.363,18.769,15.564,14.039,10.376,6.8667,2.8993,0.61037,-2.7467,-3.6622,-3.9674,-4.2726,-5.0356,-8.5452,-12.818,-16.785,-20.142,-19.837,-21.21,-19.837,-20.447,-20.905,-24.415,-24.873,-24.262,-21.516,-20.142,-20.142,-19.837,-19.379,-21.516,-21.973,-25.483,-28.535,-33.57,-37.996,-43.336,-46.541,-48.83,-49.593,-51.424,-52.95,-56.612,-59.206,-62.563,-61.8,-61.8,-63.631,-65.157,-64.547,-64.699,-63.936,-63.326,-62.716,-64.547,-65.615,-69.43,-70.193,-70.345,-69.887,-71.871,-74.007,-75.228,-75.076,-75.686,-73.244,-70.498,-65.462,-62.716,-57.833,-52.797,-47.761,-43.947,-38.759,-32.044,-25.178,-19.684,-12.36,-6.8667,-0.45778,6.5615,15.412,22.279,29.45,36.47,43.641,51.576,60.732,69.277,75.228,77.822,82.247,85.299,91.403,95.523,98.117,104.83,111.39,115.36,119.02,123.14,128.64,132.91,138.55,139.93,142.67,144.96,147.86,152.75,155.8,156.1,157.93,159.76,162.97,163.43,164.34,164.49,164.95,163.27,161.29,159.31,156.56,152.13,148.17,144.66,140.39,133.21,129.55,124.67,120.55,116.73,114.6,112,111.39,108.95,106.2,104.37,104.22,102.85,104.37,106.05,106.97,106.66,109.41,111.09,111.85,113.68,115.82,120.4,125.43,126.04,130.16,132.91,135.81,136.42,136.72,136.11,135.81,135.5,135.35,133.82,129.86,127.11,125.28,119.79,114.44,108.19,103.31,98.727,95.065,90.945,85.452,80.416,77.059,72.024,65.004,57.527,53.407,47.456,42.573,36.012,29.603,21.516,12.665,7.0193,1.2207,-7.3244,-11.75,-14.801,-18.921,-25.788,-31.129,-36.317,-38.148,-37.538,-37.385,-39.827,-42.573,-44.404,-45.778,-50.05,-55.696,-62.868,-66.988,-74.313,-80.264,-86.52,-88.351,-90.793,-93.997,-96.744,-97.659,-100.71,-101.63,-105.14,-109.41,-112.61,-111.39,-111.85,-110.93,-112.61,-114.14,-116.58,-118.87,-120.24,-120.4,-122.07,-123.29,-128.03,-129.4,-131.69,-133.67,-136.42,-135.2,-136.72,-137.33,-136.88,-135.96,-134.59,-134.28,-135.96,-138.25,-141.15,-141.3,-140.69,-139.16,-139.93,-136.88,-132.45,-124.82,-116.89,-108.65,-103.46,-99.033,-95.981,-91.708,-89.114,-83.926,-81.027,-74.77,-70.498,-65.92,-59.511,-52.492,-45.778,-38.911,-31.739,-22.431,-14.954,-3.6622,3.2044,6.2563,6.4089,8.5452,9.4607,9.003,8.8504,11.292,13.428,16.022,17.243,18.311,18.159,19.684,18.311,17.243,13.276,9.4607,5.4933,0.61037,-4.2726,-9.7659,-16.022,-21.516,-25.788,-23.347,-23.804,-22.584,-22.889,-22.279,-24.567,-26.704,-29.908,-31.739,-33.265,-34.639,-36.317,-34.333,-33.113,-31.739,-31.892,-30.519,-30.213,-29.756,-30.824,-35.401,-40.284,-41.658,-44.252,-43.794,-43.947,-43.947,-46.236,-47.609,-49.898,-48.372,-49.745,-51.424,-53.407,-57.222,-60.427,-63.021,-62.105,-62.105,-64.089,-62.105,-61.19,-60.121,-59.511,-60.732,-64.394,-67.446,-68.819,-71.718,-75.381,-80.721,-83.468,-84.384,-86.367,-88.809,-91.861,-92.318,-93.692,-97.812,-105.75,-110.32,-114.14,-116.12,-116.12,-116.28,-117.65,-117.19,-116.73,-114.9,-114.29,-114.14,-116.43,-114.9,-115.82,-115.82,-115.05,-114.14,-114.6,-112.16,-109.1,-103.46,-98.575,-92.776,-89.724,-83.926,-79.501,-74.77,-73.702,-68.819,-62.258,-56.459,-51.729,-47.304,-41.963,-38.911,-38.911,-38.606,-36.317,-34.028,-36.317,-37.233,-39.827,-41.505,-42.879,-43.336,-42.726,-40.132,-37.08,-32.807,-30.671,-26.856,-22.889,-16.48,-10.224,-1.9837,5.7985,13.581,21.21,29.603,37.996,46.236,53.102,62.105,69.582,76.144,79.348,84.841,92.166,100.71,107.27,115.21,122.84,128.03,131.69,135.65,136.42,136.11,136.42,137.18,136.11,135.65,134.13,130.31,125.58,121.62,118.41,117.95,114.44,111.39,107.73,105.59,102.54,100.25,96.744,95.218,94.455,94.607,92.471,91.403,89.724,89.724,88.351,89.877,88.961,87.741,86.673,84.536,80.416,77.822,74.618,72.329,67.141,61.953,55.696,50.356,43.336,38.759,35.249,32.96,29.908,27.009,23.652,20.905,16.327,14.496,10.681,7.7822,3.2044,1.0681,0.30519,-0,-0.30519,-0,-1.3733,-3.2044,-4.7304,-5.9511,-10.224,-14.649,-21.973,-27.467,-34.944,-39.521,-44.404,-46.236,-45.473,-44.404,-42.726,-40.132,-39.979,-37.385,-36.622,-32.35,-29.145,-26.856,-26.399,-26.246,-27.467,-29.298,-32.044,-33.57,-36.47,-36.164,-38.453,-41.2,-45.625,-47.761,-50.966,-53.407,-57.07,-60.579,-65.004,-67.598,-70.498,-75.228,-81.027,-83.926,-87.283,-89.114,-91.098,-90.793,-92.624,-94.302,-96.896,-98.422,-99.643,-100.41,-102.54,-104.22,-109.26,-112.46,-116.43,-120.09,-127.41,-130.62,-132.6,-133.21,-134.28,-133.98,-136.11,-136.27,-137.64,-136.42,-137.79,-135.81,-133.82,-130.31,-125.74,-119.33,-112.16,-107.12,-101.32,-93.387,-88.656,-83.316,-81.484,-78.28,-76.449,-72.024,-68.972,-66.378,-65.157,-62.716,-60.121,-56.307,-56.001,-54.018,-53.102,-52.187,-53.713,-54.476,-56.764,-59.053,-61.953,-60.884,-60.274,-57.985,-58.596,-57.07,-56.154,-53.56,-51.271,-46.388,-43.336,-39.979,-35.401,-28.687,-26.093,-24.415,-24.72,-25.33,-27.619,-28.23,-30.213,-29.145,-27.924,-28.382,-30.671,-32.35,-37.843,-40.437,-43.336,-43.794,-44.862,-44.099,-43.184,-40.59,-39.216,-37.538,-36.775,-37.538,-40.742,-41.353,-40.437,-38.911,-41.047,-41.81,-45.473,-47.761,-48.982,-49.44,-53.102,-57.833,-63.784,-65.615,-69.124,-70.04,-69.43,-67.904,-65.767,-63.478,-62.258,-61.647,-59.206,-54.17,-50.508,-44.71,-39.827,-34.333,-32.044,-28.687,-26.704,-25.636,-24.72,-21.668,-19.532,-16.327,-15.107,-10.987,-6.2563,-3.357,-3.6622,-2.1363,-0.45778,0.30519,2.4415,5.7985,6.8667,6.4089,3.0519,-0.30519,-6.7141,-11.902,-17.396,-21.821,-24.415,-24.11,-23.194,-21.821,-23.347,-24.415,-27.009,-25.788,-23.194,-18.311,-16.938,-12.818,-8.8504,-6.1037,-4.12,-0.76296,-1.0681,-1.2207,-0.15259,4.5778,7.9348,10.681,9.6133,10.529,11.444,14.191,17.853,19.684,20.142,20.447,19.99,21.668,23.499,25.788,27.314,30.519,32.655,31.739,27.619,23.041,20.753,17.396,14.954,13.123,8.0874,5.0356,2.4415,1.3733,0.76296,1.5259,2.5941,1.9837,0.30519,0.76296,2.1363,3.6622,4.2726,6.7141,7.0193,8.5452,12.055,14.801,16.48,15.87,14.191,15.107,16.175,18.159,15.87,15.259,14.496,14.496,11.75,10.834,10.681,10.071,8.5452,9.1556,10.071,11.444,9.7659,8.8504,5.4933,4.5778,3.8148,3.2044,1.9837,1.6785,0.76296,-0.30519,-1.0681,-1.6785,-2.5941,-0.61037,2.5941,7.7822,12.818,16.022,19.379,24.567,30.366,37.843,43.641,48.677,52.339,57.527,63.784,72.329,77.67,80.874,86.062,89.724,90.335,91.403,90.03,90.945,91.556,93.997,97.812,100.41,99.948,99.796,100.56,101.63,95.828,92.166,85.91,79.653,75.381,70.04,65.767,63.631,61.037,56.917,50.813,47.456,43.184,40.742,40.742,44.252,47.609,47.456,43.641,39.064,33.265,26.704,16.785,8.24,-0.76296,-4.5778,-5.7985,-6.7141,-7.0193,-6.7141,-6.5615,-6.2563,-7.0193,-4.7304,-2.1363,4.12,9.3081,14.801,18.006,19.532,19.379,19.532,20.142,20.6,19.99,23.652,25.941,29.908,34.333,38.911,41.81,43.031,43.336,42.726,42.726,44.404,46.236,46.846,45.167,46.693,47.914,48.372,48.524,48.067,46.083,47.304,48.219,50.508,52.187,55.544,55.696,54.933,55.238,58.29,61.8,65.157,66.53,67.293,69.124,70.345,68.819,68.667,64.547,58.748,54.17,52.034,50.661,48.219,45.778,44.862,40.437,37.996,35.859,35.859,36.622,39.521,41.658,42.573,43.184,42.573,42.726,44.404,43.184,44.099,44.099,44.71,43.489,43.031,43.184,42.879,42.573,42.421,41.505,36.775,29.603,25.025,19.227,13.886,7.1718,0.61037,-6.4089,-9.4607,-13.581,-17.243,-18.921,-19.837,-21.516,-21.516,-21.668,-19.379,-18.769,-16.785,-17.701,-18.159,-18.464,-18.159,-18.464,-16.022,-13.733,-10.071,-9.1556,-9.7659,-11.139,-10.987,-11.597,-9.6133,-8.8504,-9.1556,-9.9185,-10.224,-12.055,-11.444,-11.444,-9.6133,-10.376,-8.3926,-6.5615,-4.7304,-1.9837,4.12,9.1556,13.886,14.649,15.87,14.649,14.649,12.97,12.513,11.75,13.276,13.581,14.496,15.107,15.259,11.902,7.9348,1.6785,-5.3407,-12.36,-14.954,-16.633,-17.853,-19.532,-22.431,-26.551,-28.687,-31.129,-34.028,-40.284,-41.505,-44.252,-44.557,-44.404,-43.336,-41.81,-38.453,-36.775,-34.791,-30.976,-26.551,-25.788,-23.804,-20.753,-15.717,-10.529,-5.3407,-1.8311,0.91556,-0,-0.45778,-3.5096,-5.7985,-8.5452,-8.6978,-9.9185,-10.071,-11.139,-13.581,-16.785,-20.905,-25.483,-29.908,-33.113,-32.96,-35.096,-36.317,-38.453,-42.573,-46.693,-48.219,-45.473,-41.81,-41.505,-43.489,-46.388,-46.236,-49.745,-53.407,-57.222,-59.816,-62.716,-64.241,-64.852,-63.478,-64.699,-65.92,-67.446,-66.836,-67.751,-65.462,-64.241,-60.884,-56.764,-54.323,-52.644,-51.424,-51.424,-50.661,-50.966,-49.898,-50.356,-49.135,-50.508,-48.067,-44.71,-43.031,-43.794,-42.573,-43.947,-45.93,-49.898,-52.492,-55.391,-55.238,-56.459,-55.238,-54.17,-54.018,-54.781,-53.713,-54.781,-56.612,-57.375,-55.086,-55.391,-53.102,-51.729,-47.304,-44.862,-39.674,-37.233,-34.333,-29.756,-24.72,-21.821,-18.311,-15.87,-13.123,-12.055,-9.1556,-5.9511,-2.8993,0.15259,5.1881,11.75,16.48,19.532,24.873,29.603,37.385,39.674,41.505,43.641,46.236,48.83,51.424,54.323,56.154,57.07,59.358,59.816,60.579,58.748,57.68,56.612,57.222,57.527,56.459,55.238,53.407,51.729,51.271,50.203,50.661,51.729,57.222,59.664,61.342,61.19,60.884,62.716,64.241,65.157,68.361,69.582,72.329,74.465,75.381,75.381,76.601,77.059,78.433,80.569,81.79,83.773,87.436,90.487,93.234,92.471,92.929,91.403,90.487,88.351,85.91,83.01,80.569,77.059,73.092,68.514,67.293,61.953,56.764,50.508,46.693,44.71,43.794,40.742,38.301,35.249,32.35,29.908,30.519,29.756,28.23,24.415,23.194,21.516,20.142,18.159,18.159,19.074,19.99,21.821,24.567,24.873,24.72,22.431,22.889,24.72,27.467,27.772,29.145,33.57,36.927,38.759,41.658,43.794,46.388,47.304,46.541,42.421,38.453,32.655,27.161,23.499,23.041,22.889,24.11,26.856,30.213,32.044,34.028,36.622,38.606,39.674,41.047,39.827,38.911,37.843,37.538,36.622,37.385,38.759,41.353,41.047,41.81,42.421,43.794,43.336,44.404,46.236,48.372,49.44,50.661,51.118,53.865,57.222,59.969,60.274,60.884,59.969,60.427,60.121,61.647,63.784,67.141,70.956,71.871,71.261,74.007,75.381,76.449,76.144,75.838,73.55,73.092,70.345,64.699,59.664,56.154,52.034,47.609,42.573,39.521,35.859,33.723,32.35,30.824,30.061,29.145,28.382,28.687,29.45,29.603,28.687,31.434,30.976,30.213,28.382,29.756,29.603,28.535,27.009,26.551,26.551,25.178,23.194,20.6,18.769,18.159,16.175,16.48,18.159,21.363,24.262,26.399,29.603,34.028,36.317,39.979,44.252,46.388,45.625,45.32,44.252,44.099,41.353,38.759,35.401,33.876,30.519,27.924,25.33,21.668,17.09,15.564,11.75,9.1556,5.4933,2.8993,0.45778,-2.1363,-5.1881,-6.1037,-7.3244,-8.6978,-11.75,-12.665,-14.496,-13.123,-13.733,-10.987,-10.376,-9.9185,-10.987,-11.75,-10.376,-7.3244,-3.9674,-1.2207,-2.1363,-1.5259,0.30519,2.7467,3.357,6.8667,10.529,14.649,17.243,18.464,18.616,16.785,14.496,13.276,9.3081,6.2563,3.8148,2.2889,-3.357,-8.6978,-14.344,-19.379,-26.246,-32.807,-39.674,-45.015,-51.118,-54.933,-60.274,-61.495,-62.258,-65.157,-67.446,-67.598,-69.43,-69.124,-65.462,-59.969,-56.612,-49.287,-43.336,-38.759,-35.859,-33.265,-31.739,-29.145,-24.873,-20.753,-18.921,-18.464,-18.769,-14.191,-11.597,-10.529,-11.139,-10.834,-9.4607,-8.3926,-7.3244,-8.24,-10.681,-11.75,-11.902,-12.207,-14.496,-16.633,-18.311,-19.379,-21.821,-23.194,-26.246,-28.23,-29.756,-29.603,-30.976,-33.113,-34.639,-38.453,-46.083,-47.914,-49.135,-48.219,-44.862,-39.521,-36.622,-35.707,-35.096,-31.892,-29.45,-24.11,-20.447,-16.175,-12.36,-8.24,-7.477,-5.1881,-2.1363,3.8148,7.3244,7.9348,7.1718,10.224,11.597,13.733,13.276,13.733,13.276,14.191,12.055,8.5452,3.9674,-3.2044,-12.055,-21.058,-29.45,-37.69,-46.693,-51.881,-58.443,-60.274,-64.089,-66.988,-68.819,-69.124,-68.361,-69.735,-73.244,-77.975,-81.484,-85.604,-91.098,-93.844,-94.913,-92.013,-91.861,-92.776,-94.607,-95.523,-96.896,-97.049,-97.812,-100.25,-100.86,-100.86,-103.76,-107.12,-107.73,-106.97,-107.27,-109.1,-113.22,-115.05,-116.73,-120.24,-123.6,-127.11,-130.62,-133.37,-137.64,-141.15,-146.18,-153.2,-160.07,-162.51,-166.48,-171.97,-178.38,-183.11,-188.3,-191.35,-193.64,-193.49,-197,-198.98,-201.42,-202.8,-204.47,-204.93,-205.54,-203.71,-203.56,-202.95,-202.49,-204.17,-211.19,-215,-217.44,-214.09,-213.17,-210.88,-209.36,-204.93,-200.2,-196.23,-194.25,-190.89,-186.77,-181.89,-178.08,-175.94,-178.69,-178.84,-180.21,-179.14,-177.31,-175.48,-172.73,-168.46,-168.61,-166.63,-163.73,-161.14,-160.07,-159.31,-164.04,-166.94,-168,-170.14,-172.12,-169.68,-168.46,-169.07,-169.53,-166.02,-165.87,-165.11,-163.73,-160.68,-161.6,-161.9,-162.97,-163.88,-162.97,-159.76,-160.22,-158.85,-157.63,-156.1,-157.78,-158.39,-158.7,-160.22,-162.66,-161.14,-157.48,-150.91,-149.39,-146.18,-142.98,-138.1,-133.37,-123.91,-117.5,-111.55,-107.12,-101.63,-95.523,-88.046,-84.841,-80.721,-79.501,-76.601,-72.787,-70.193,-67.141,-64.394,-61.342,-58.596,-59.511,-60.121,-59.664,-59.664,-63.021,-65.462,-69.124,-69.887,-67.293,-65.31,-66.073,-64.699,-63.936,-61.037,-59.511,-57.375,-53.865,-52.339,-53.713,-54.628,-54.018,-54.476,-53.255,-51.424,-52.492,-51.576,-49.898,-46.999,-46.999,-42.726,-36.47,-31.129,-27.161,-23.347,-19.99,-13.886,-7.6296,0.15259,2.8993,7.7822,9.003,12.055,18.006,23.804,27.009,31.434,34.486,38.759,40.895,40.742,38.301,37.996,36.622,36.317,31.434,27.619,23.499,22.736,20.142,19.532,15.259,11.292,5.9511,3.6622,2.8993,2.4415,1.6785,2.1363,3.8148,8.0874,11.444,13.428,10.071,9.9185,10.987,17.243,22.584,25.941,28.23,33.723,35.707,40.132,41.047,41.658,41.81,46.999,53.407,61.8,66.683,72.481,78.585,84.536,89.724,95.676,96.896,99.338,101.02,104.68,107.43,108.49,106.97,103.15,96.896,91.098,88.046,89.114,89.877,92.166,92.471,93.387,90.335,88.656,90.487,95.218,100.71,103.61,101.47,97.507,90.487,83.621,76.754,74.618,71.871,67.141,62.258,61.495,59.969,56.612,52.187,48.982,47.456,49.898,49.745,50.813,51.729,53.56,54.018,52.95,49.44,46.541,42.268,41.353,38.301,34.791,30.671,28.84,25.483,23.499,23.194,25.636,28.535,32.655,34.639,35.554,34.791,34.944,32.35,33.418,35.096,40.132,47.151,54.018,59.511,62.868,64.547,66.683,65.31,65.615,64.241,63.021,61.19,57.68,55.238,52.644,51.729,55.086,57.527,58.29,56.917,57.68,56.917,54.17,51.271,48.219,45.93,46.693,45.015,43.184,39.369,35.859,31.281,25.33,16.327,6.4089,-4.883,-14.649,-25.941,-34.333,-43.794,-48.677,-55.391,-61.8,-68.209,-73.702,-78.127,-80.111,-84.078,-85.91,-89.724,-90.64,-94.15,-96.286,-98.422,-100.1,-101.78,-103.61,-105.75,-106.2,-108.49,-110.32,-113.99,-115.36,-116.58,-117.95,-119.63,-122.53,-127.57,-131.23,-133.06,-134.89,-140.84,-146.34,-152.13,-155.34,-156.71,-153.81,-151.83,-145.27,-137.33,-126.35,-116.12,-105.44,-94.607,-82.247,-72.634,-65.767,-59.206,-51.271,-40.132,-28.382,-19.837,-10.834,-5.6459,2.2889,9.1556,18.616,29.298,39.216,46.083,52.797,57.985,64.089,66.53,70.345,72.481,74.313,74.465,75.991,75.381,72.024,68.514,66.073,60.274,55.696,48.677,45.32,42.116,41.353,38.606,37.69,36.47,32.96,27.772,23.194,17.396,13.428,8.5452,7.9348,5.0356,3.357,2.5941,1.6785,-0,-0.30519,-2.1363,-4.2726,-7.3244,-11.75,-18.616,-22.431,-25.941,-28.077,-30.213,-30.824,-27.009,-23.194,-19.532,-17.09,-15.259,-13.886,-14.191,-13.581,-14.801,-14.649,-13.276,-10.529,-10.681,-12.513,-14.191,-16.785,-21.058,-21.668,-22.584,-23.194,-24.72,-23.347,-22.736,-20.753,-18.769,-17.548,-16.327,-18.311,-23.957,-28.993,-34.486,-33.723,-31.587,-29.756,-30.671,-34.333,-38.453,-41.81,-46.388,-53.713,-60.732,-64.394,-66.53,-66.073,-66.378,-65.767,-66.988,-65.31,-66.683,-69.43,-74.007,-79.348,-86.673,-89.877,-89.419,-84.841,-83.926,-80.874,-82.553,-82.095,-83.468,-82.095,-81.484,-78.89,-76.754,-73.55,-70.193,-64.394,-59.358,-54.476,-50.966,-45.167,-41.658,-39.064,-36.622,-31.739,-29.908,-28.23,-27.924,-25.33,-23.347,-20.6,-19.99,-19.227,-16.938,-14.801,-14.496,-15.412,-16.48,-19.227,-25.025,-29.908,-32.807,-34.486,-36.622,-37.385,-38.606,-38.148,-37.843,-38.453,-36.317,-30.519,-22.279,-12.36,-2.8993,6.1037,14.649,23.041,29.45,38.606,49.287,57.375,62.868,66.836,70.345,74.16,77.975,84.078,88.961,96.591,101.78,107.43,111.39,113.38,112.77,110.48,108.04,107.73,106.66,108.65,107.27,108.95,108.65,109.56,109.1,107.73,106.2,105.44,105.59,105.14,102.24,100.56,99.948,101.78,103.46,107.27,110.63,114.75,118.11,120.7,121.92,119.48,114.9,112.92,111.09,109.1,105.9,106.36,107.12,107.43,108.34,109.87,110.78,112.46,110.02,109.41,105.9,103.61,101.78,100.56,99.796,99.796,98.422,97.507,96.896,97.964,96.896,96.744,94.76,94.455,93.997,94.607,94.607,94.455,92.166,90.335,89.572,90.64,89.877,88.351,84.841,80.111,74.16,70.956,70.65,71.413,73.55,77.364,82.095,87.436,91.708,99.49,104.22,108.49,112.31,115.67,116.58,116.89,114.14,109.87,103.61,97.354,89.724,84.078,80.874,80.111,80.874,82.4,83.163,83.926,84.536,88.504,90.182,92.471,92.318,92.776,91.403,90.487,89.877,90.945,91.861,90.793,89.267,89.724,89.419,90.945,90.945,91.25,92.013,91.556,92.013,92.013,91.708,92.166,92.624,93.997,92.624,92.929,94.455,97.964,99.338,99.338,98.727,98.575,96.133,95.218,94.455,95.523,95.065,94.76,92.624,89.114,84.994,82.4,80.111,77.212,74.313,72.481,68.819,65.004,59.664,56.459,53.56,50.356,48.372,47.914,47.151,48.219,48.524,49.287,47.456,46.999,48.677,51.881,56.764,61.953,67.293,72.329,74.313,74.16,74.007,74.465,73.855,75.228,74.618,74.313,74.923,75.533,76.754,76.754,76.144,77.67,79.043,83.468,87.588,90.64,89.877,89.572,89.267,88.809,86.062,81.942,78.127,74.77,70.04,68.514,66.683,64.394,62.105,62.563,62.41,61.8,61.19,60.732,61.037,62.716,63.631,65.31,64.241,63.784,62.105,62.258,60.884,59.664,57.985,55.391,52.644,51.576,48.219,45.167,39.521,34.028,29.603,23.804,19.074,14.191,9.7659,6.8667,2.7467,0.15259,-1.8311,-2.1363,-5.1881,-9.6133,-14.039,-18.159,-22.279,-25.483,-29.145,-33.57,-37.08,-37.996,-40.742,-41.047,-42.421,-43.641,-46.236,-47.304,-46.083,-45.167,-44.404,-41.353,-39.674,-35.401,-32.197,-28.535,-24.567,-19.532,-16.327,-15.412,-15.717,-14.954,-15.107,-14.191,-15.259,-15.717,-16.175,-17.396,-20.905,-23.652,-27.619,-31.129,-32.807,-33.723,-36.012,-39.979,-45.778,-48.524,-52.034,-52.95,-54.17,-54.476,-54.781,-55.238,-55.086,-52.797,-49.745,-46.083,-44.557,-41.81,-40.895,-40.132,-38.606,-35.096,-31.434,-27.161,-24.262,-21.21,-19.074,-14.801,-10.681,-4.7304,0.76296,7.3244,11.902,18.159,21.821,25.636,31.434,37.233,41.963,45.625,46.541,47.456,46.083,46.541,46.236,47.609,48.982,47.914,45.015,41.353,36.927,33.723,28.535,24.873,20.6,20.295,18.311,17.09,15.107,12.665,9.7659,6.5615,4.7304,4.7304,4.4252,5.0356,4.2726,4.4252,4.883,4.883,3.8148,2.8993,3.6622,5.9511,6.1037,9.1556,12.36,19.837,24.415,28.382,32.96,36.775,39.674,42.573,43.641,45.625,46.236,47.456,47.609,49.135,51.881,53.713,55.544,57.985,60.732,63.784,63.936,64.241,63.784,63.631,61.647,60.121,59.358,57.68,56.917,56.307,54.781,53.713,51.881,51.729,48.677,45.778,42.573,38.759,35.096,32.655,29.298,26.704,21.363,15.259,8.6978,4.7304,3.0519,1.2207,-1.9837,-4.12,-5.9511,-5.7985,-4.5778,-1.3733,-0.61037,0.30519,1.0681,3.2044,6.1037,9.4607,11.597,12.818,13.733,14.954,15.564,17.701,18.616,21.516,24.262,26.399,26.551,26.399,24.873,24.873,24.262,26.399,27.161,27.314,27.009,26.551,27.467,27.314,25.941,27.619,30.976,34.944,37.385,40.437,41.505,41.963,41.658,41.963,41.963,43.031,45.32,48.219,49.135,49.745,48.982,49.44,50.203,50.508,51.881,54.781,56.307,55.086,51.576,50.05,46.693,45.625,44.099,43.641,43.184,41.047,37.385,34.944,32.197,30.366,26.093,23.652,17.09,11.597,7.1718,5.1881,4.4252,3.6622,2.2889,-0.15259,-2.4415,-5.7985,-10.529,-12.36,-12.36,-8.6978,-6.5615,-2.5941,2.2889,6.8667,12.513,19.227,25.025,30.976,34.944,38.148,40.895,44.404,46.236,48.067,48.372,46.236,43.794,43.336,42.726,44.252,45.93,48.219,49.135,49.745,49.745,50.203,50.661,50.966,50.05,50.508,49.44,49.135,48.677,49.287,49.745,50.05,50.661,51.271,52.187,54.781,56.154,58.443,57.527,57.375,53.407,51.729,50.661,50.05,49.44,49.44,48.372,48.982,46.846,45.778,42.421,39.369,35.554,30.213,24.11,18.769,13.428,8.24,2.7467,-2.1363,-7.477,-9.4607,-12.055,-13.428,-13.733,-12.97,-9.7659,-4.883,-0.76296,3.2044,6.7141,10.224,12.36,17.396,21.058,25.025,29.298,32.044,35.554,38.911,43.184,46.693,48.372,49.593,48.83,48.067,46.693,46.846,48.219,48.83,47.304,44.862,43.031,43.031,42.268,43.336,41.963,41.2,39.827,38.301,34.486,32.197,32.35,34.181,34.791,35.401,35.096,37.385,39.216,41.047,42.116,43.641,45.167,45.015,43.184,42.421,40.132,40.284,37.233,34.181,29.45,25.636,21.668,18.159,15.259,13.886,12.055,11.444,7.7822,4.5778,1.3733,0.76296,-1.5259,-3.8148,-6.5615,-9.003,-10.681,-12.055,-14.344,-16.48,-20.905,-23.194,-26.246,-27.924,-30.061,-30.519,-31.129,-31.434,-31.434,-31.129,-31.281,-30.366,-30.671,-31.587,-31.892,-34.944,-38.606,-41.658,-43.641,-42.268,-41.963,-40.132,-39.674,-36.622,-33.876,-30.519,-27.009,-25.178,-24.415,-23.194,-22.126,-21.973,-24.72,-25.788,-27.009,-27.467,-27.772,-27.619,-27.009,-27.161,-28.382,-29.756,-33.57,-35.554,-38.148,-39.216,-41.81,-41.658,-41.81,-41.963,-42.421,-42.421,-43.336,-41.963,-41.353,-37.08,-32.655,-27.314,-23.194,-18.769,-14.801,-11.139,-9.6133,-9.3081,-9.7659,-8.0874,-6.5615,-4.12,-1.3733,1.9837,5.6459,6.1037,6.4089,6.7141,4.883,3.357,2.4415,3.6622,1.8311,0.45778,-3.9674,-9.4607,-16.022,-20.447,-22.431,-24.11,-25.33,-27.161,-32.044,-34.944,-38.911,-40.437,-42.879,-45.015,-46.236,-45.32,-43.641,-42.879,-42.726,-45.778,-50.356,-52.187,-54.933,-55.696,-55.086,-51.881,-49.593,-48.372,-47.456,-46.999,-47.914,-47.914,-49.593,-50.356,-52.034,-52.492,-57.68,-61.342,-63.936,-65.004,-64.394,-62.868,-61.342,-58.596,-55.849,-50.813,-47.304,-43.336,-39.979,-37.538,-37.385,-38.453,-40.59,-43.489,-47.609,-49.898,-50.356,-48.372,-47.914,-48.677,-52.034,-54.628,-56.612,-59.206,-60.274,-59.664,-61.19,-64.089,-68.667,-68.972,-68.667,-68.972,-69.735,-68.819,-68.667,-68.819,-70.956,-73.397,-74.465,-74.313,-76.296,-76.601,-78.585,-80.569,-83.01,-86.062,-90.335,-94.455,-96.133,-94.913,-95.523,-96.438,-99.033,-99.49,-100.1,-98.27,-96.133,-94.455,-92.624,-89.267,-86.062,-82.4,-80.874,-77.212,-74.923,-69.735,-65.004,-58.138,-50.05,-41.2,-35.859,-30.824,-26.399,-22.889,-22.431,-22.431,-24.72,-27.314,-32.044,-36.012,-41.2,-45.625,-48.372,-50.356,-55.391,-58.748,-65.615,-70.345,-74.16,-75.838,-76.601,-75.228,-74.923,-73.855,-71.566,-66.836,-61.037,-49.898,-37.843,-23.804,-14.191,-3.9674,5.4933,13.733,21.973,28.993,31.739,34.333,37.996,44.71,49.593,54.018,55.849,58.748,59.816,59.816,59.969,60.579,61.19,63.631,65.31,66.683,66.225,63.936,58.29,53.713,49.745,47.914,48.524,49.745,50.356,50.966,49.745,49.898,49.898,51.118,51.729,52.492,55.086,57.833,58.748,58.443,56.612,56.459,54.018,54.781,56.459,57.375,56.459,55.086,52.492,50.203,44.71,39.674,32.35,24.11,15.259,9.4607,2.5941,-3.8148,-7.7822,-9.7659,-10.376,-9.4607,-8.0874,-4.7304,-3.8148,-1.6785,-1.9837,-1.0681,-1.3733,-0.76296,-1.8311,-5.0356,-7.477,-6.5615,-4.883,-0.76296,-0.45778,-1.5259,-5.4933,-9.7659,-13.733,-18.616,-23.499,-27.619,-30.671,-32.655,-35.554,-37.843,-41.353,-43.794,-48.219,-55.391,-61.037,-66.073,-70.498,-72.481,-75.381,-75.991,-77.67,-78.585,-78.585,-75.076,-71.871,-68.819,-65.31,-61.342,-58.29,-53.102,-49.745,-43.947,-38.148,-32.197,-27.314,-20.447,-14.496,-9.7659,-5.9511,-1.6785,0.76296,3.2044,2.2889,3.5096,4.2726,4.5778,2.8993,2.5941,1.9837,-0,-3.9674,-8.24,-14.191,-20.6,-27.924,-33.113,-39.216,-44.099,-48.372,-51.271,-54.933,-56.917,-58.596,-58.138,-57.985,-54.781,-53.255,-49.135,-45.015,-42.268,-38.606,-35.401,-32.197,-28.84,-25.941,-23.194,-23.041,-21.668,-23.347,-23.652,-21.821,-20.905,-20.753,-21.058,-23.347,-23.804,-26.551,-30.519,-35.096,-37.233,-37.996,-38.911,-39.064,-39.827,-43.031,-45.473,-48.067,-47.609,-46.999,-44.71,-43.031,-41.505,-42.421,-44.099,-45.93,-47.609,-48.982,-49.898,-50.966,-50.05,-49.287,-46.846,-45.625,-44.099,-45.167,-45.473,-43.336,-37.996,-32.807,-27.467,-23.194,-19.837,-19.379,-16.633,-13.123,-7.6296,-4.7304,-3.8148,-5.3407,-8.6978,-13.733,-18.769,-25.941,-32.044,-37.538,-37.996,-39.979,-40.437,-41.505,-41.963,-41.81,-41.047,-40.742,-41.505,-43.489,-42.573,-41.658,-38.453,-35.707,-29.45,-21.516,-15.107,-11.444,-8.0874,-7.1718,-7.1718,-6.4089,-4.4252,-3.0519,-0.15259,1.6785,5.4933,10.071,14.039,16.175,16.633,15.717,13.581,11.902,13.428,13.581,15.717,13.733,12.818,10.834,6.1037,-0.61037,-6.1037,-10.834,-13.886,-16.785,-18.311,-25.025,-31.587,-35.707,-37.69,-38.911,-38.759,-40.437,-42.421,-44.71,-43.489,-41.047,-38.301,-37.538,-34.639,-32.655,-28.687,-24.72,-20.142,-16.633,-13.276,-9.003,-4.883,-3.357,-1.8311,-1.5259,-1.5259,-2.2889,-1.2207,-0.61037,-0.61037,-0.30519,-0.30519,-2.7467,-4.2726,-5.4933,-6.4089,-9.6133,-10.834,-14.191,-14.344,-13.581,-11.75,-12.207,-13.886,-15.412,-16.633,-18.464,-18.311,-20.447,-18.921,-18.464,-15.259,-12.055,-8.3926,-7.1718,-6.8667,-6.2563,-5.3407,-7.9348,-9.4607,-10.224,-9.003,-9.7659,-7.6296,-6.4089,-1.8311,2.2889,5.9511,8.24,8.8504,8.5452,9.6133,10.681,13.276,15.259,19.227,22.736,25.788,28.077,30.976,33.418,36.317,37.843,38.453,36.622,37.69,38.911,43.794,47.914,52.339,54.476,56.154,57.375,59.358,58.748,60.427,59.511,58.748,54.628,49.898,42.879,36.622,33.723,30.671,26.246,22.584,18.159,16.175,15.107,19.074,25.483,32.655,37.69,42.879,48.524,53.865,57.375,59.358,60.427,65.004,68.819,71.871,74.618,77.364,78.433,81.484,82.858,83.01,81.637,81.942,82.705,83.773,86.52,89.114,88.656,86.825,84.078,81.179,79.196,76.907,72.634,68.819,61.953,59.358,57.985,57.222,57.07,55.849,52.797,49.44,46.388,43.947,41.047,39.674,38.606,37.996,34.181,29.908,26.704,24.11,19.227,14.496,11.139,8.5452,6.7141,5.4933,1.5259,-0.61037,-3.0519,-3.8148,-4.7304,-3.6622,-2.4415,-0.30519,1.9837,4.883,8.0874,12.207,13.428,13.428,12.97,14.191,17.396,20.447,23.499,28.993,32.96,35.859,38.453,42.268,43.031,44.252,43.794,43.336,39.521,36.927,34.486,30.671,25.483,23.347,20.753,19.99,19.227,19.837,17.853,16.785,15.564,14.344,14.039,14.344,13.886,13.581,9.4607,6.2563,3.357,2.4415,1.3733,-0.91556,-3.0519,-5.0356,-10.376,-15.107,-17.548,-17.396,-18.769,-20.295,-22.736,-24.262,-25.636,-26.551,-28.535,-30.213,-31.434,-32.044,-32.044,-30.366,-28.84,-26.704,-27.619,-30.671,-32.96,-31.281,-28.993,-28.84,-31.587,-34.028,-38.453,-43.641,-51.729,-57.07,-60.884,-65.92,-71.261,-75.381,-77.059,-77.975,-78.28,-76.144,-76.296,-75.533,-75.381,-74.923,-74.923,-72.787,-69.43,-66.378,-65.31,-61.342,-61.037,-61.037,-64.241,-65.615,-67.293,-65.462,-63.173,-59.206,-56.154,-56.307,-59.969,-62.716,-65.92,-67.446,-72.176,-74.16,-75.686,-75.533,-73.702,-71.108,-70.498,-69.43,-68.361,-66.073,-66.225,-63.936,-63.478,-64.089,-66.836,-67.141,-66.988,-63.478,-59.358,-56.154,-55.391,-53.102,-52.187,-52.339,-52.034,-51.576,-52.034,-51.881,-53.407,-54.018,-56.459,-59.969,-65.615,-70.65,-76.296,-80.416,-85.604,-88.656,-92.013,-94.455,-96.133,-97.049,-97.049,-92.624,-90.03,-89.724,-93.234,-96.438,-100.25,-101.17,-101.02,-101.02,-102.54,-102.08,-101.78,-100.25,-100.41,-98.575,-97.659,-98.117,-100.86,-102.54,-104.98,-103.61,-100.86,-98.88,-96.286,-92.166,-93.387,-93.997,-95.828,-96.744,-101.32,-106.2,-113.07,-118.56,-125.89,-133.06,-139.16,-140.84,-142.98,-143.89,-147.25,-151.22,-156.25,-160.53,-161.44,-162.97,-163.27,-162.21,-161.44,-159.92,-159.46,-157.48,-153.36,-147.86,-143.13,-140.84,-135.65,-128.79,-123.75,-119.63,-117.04,-113.53,-111.09,-106.36,-103,-100.86,-100.71,-100.56,-100.71,-99.796,-99.796,-100.1,-102.54,-103.15,-104.22,-102.08,-101.63,-101.78,-102.54,-103.31,-104.83,-103.92,-104.98,-104.68,-105.59,-104.07,-101.47,-97.354,-90.945,-84.384,-79.196,-73.397,-69.43,-63.326,-59.969,-57.833,-58.901,-58.596,-60.732,-61.342,-62.868,-64.547,-67.141,-68.972,-73.244,-77.975,-83.773,-87.893,-92.929,-95.065,-94.15,-91.25,-88.046,-85.757,-84.994,-84.841,-87.893,-87.588,-85.91,-83.163,-79.806,-76.601,-72.787,-69.582,-66.378,-61.953,-57.375,-53.865,-51.271,-46.083,-42.268,-39.216,-36.775,-33.876,-29.908,-26.093,-20.905,-16.175,-11.444,-7.9348,-8.24,-7.1718,-7.0193,-3.5096,-1.0681,3.6622,8.5452,13.428,17.701,22.279,27.009,33.113,37.08,41.047,42.268,43.184,43.641,46.388,48.219,49.745,51.729,54.323,55.849,57.985,60.121,63.936,65.31,68.819,71.413,75.838,77.364,80.721,81.942,81.027,78.89,79.043,78.585,78.28,79.501,85.452,88.504,91.708,90.487,90.182,89.877,90.945,89.877,90.945,93.844,97.964,102.54,109.26,114.75,118.87,120.09,120.4,116.89,112.92,109.56,104.83,99.338,93.997,90.182,90.335,88.046,86.825,85.147,86.978,88.351,90.487,90.793,91.556,91.708,91.556,90.03,86.062,80.569,81.637,82.705,82.4,81.332,80.569,79.653,78.585,78.89,77.364,73.244,69.887,64.852,64.547,62.868,61.647,61.953,61.19,58.748,56.612,54.628,54.933,54.018,53.865,52.034,51.881,54.17,54.476,54.933,58.443,60.427,62.105,61.495,61.19,59.664,58.901,58.29,59.053,59.816,59.511,58.138,60.427,61.19,62.41,63.478,63.936,59.511,56.612,53.56,52.492,51.118,49.745,46.236,44.404,39.369,35.707,31.739,26.399,22.279,19.532,17.396,17.396,17.548,19.684,20.295,18.921,16.175,15.564,14.039,15.87,14.344,17.701,17.853,16.938,17.243,19.227,20.753,18.616,15.717,14.496,10.987,10.071,10.529,7.6296,2.4415,-0.15259,0.91556,-0.30519,-1.5259,-0.15259,-0.91556,-2.5941,-5.1881,-4.5778,-6.4089,-7.6296,-9.4607,-11.75,-13.276,-13.428,-15.412,-15.259,-17.243,-16.022,-14.039,-10.529,-8.5452,-5.6459,-0.76296,3.357,6.8667,9.7659,10.987,12.818,14.649,20.142,21.668,23.194,25.178,27.467,29.298,33.418,36.622,37.385,38.911,41.2,40.895,41.2,39.216,37.69,37.996,39.369,40.742,42.421,44.404,47.304,50.356,56.001,60.884,66.988,70.956,76.296,83.316,88.046,95.065,101.32,108.8,117.19,123.6,129.55,132.6,138.4,142.06,148.32,150.15,149.85,148.63,148.63,148.63,148.63,148.93,149.39,148.17,148.93,145.42,146.03,146.34,145.57,144.51,144.05,141.91,142.52,144.2,143.44,140.54,137.03,132.76,131.69,126.04,119.79,116.28,114.44,112.77,112.61,112.46,111.85,110.63,110.93,110.32,114.14,115.67,115.97,114.14,112.77,112.77,117.34,122.68,124.82,124.52,129.09,134.74,137.79,141.61,148.47,153.97,160.53,166.17,169.23,169.38,171.36,177.31,181.28,180.52,178.84,176.4,171.21,165.41,162.21,157.48,155.03,151.37,149.24,147.4,147.1,142.52,137.64,138.4,139.01,137.03,136.88,137.18,136.27,133.67,132.6,131.08,129.86,129.25,129.55,126.35,123.75,121.77,118.87,114.9,110.93,105.59,100.25,96.286,94.15,89.114,85.604,80.569,76.144,73.855,71.108,63.784,58.29,54.17,47.304,40.59,38.911,32.197,26.704,22.736,19.379,13.581,6.7141,-0.91556,-5.6459,-6.8667,-8.6978,-9.4607,-8.0874,-9.7659,-8.3926,-7.7822,-7.3244,-7.9348,-7.3244,-7.7822,-6.1037,-3.2044,-3.357,-4.883,-5.3407,-4.5778,-2.7467,-0.61037,0.91556,-0.61037,3.9674,7.6296,4.4252,0.91556,-1.0681,-5.4933,-9.7659,-14.344,-18.006,-21.058,-22.431,-23.804,-23.652,-24.567,-25.483,-25.025,-20.447,-15.564,-13.886,-16.175,-16.633,-14.344,-13.886,-17.396,-18.006,-21.973,-22.889,-22.736,-22.126,-25.33,-28.077,-28.382,-28.382,-30.671,-26.856,-26.704,-27.314,-28.687,-27.924,-30.671,-34.944,-40.742,-47.456,-54.628,-58.748,-60.579,-61.647,-64.089,-67.904,-71.108,-68.361,-68.819,-67.751,-69.887,-70.04,-73.702,-79.043,-80.721,-77.822,-79.348,-77.67,-76.907,-75.838,-72.481,-65.31,-62.563,-62.716,-63.936,-59.816,-56.612,-52.492,-44.71,-37.996,-33.723,-26.551,-23.957,-19.379,-15.564,-9.003,-3.9674,-0.61037,4.5778,10.224,13.428,14.344,13.733,14.801,14.954,13.123,7.0193,1.2207,-1.6785,-5.3407,-8.8504,-11.139,-16.48,-18.769,-21.516,-24.72,-30.824,-35.096,-36.622,-34.486,-32.655,-32.044,-32.96,-34.944,-37.385,-36.012,-36.012,-36.927,-39.827,-43.336,-47.304,-50.508,-52.644,-50.966,-49.44,-48.372,-48.219,-46.693,-45.32,-43.336,-39.674,-37.385,-34.944,-29.145,-25.636,-21.668,-20.447,-16.327,-10.987,-7.7822,-5.7985,-4.2726,-3.6622,-2.5941,-2.4415,-1.3733,-1.3733,-0.45778,-0.61037,-1.8311,-3.2044,-2.2889,-2.7467,-2.1363,-1.9837,-0.45778,-0.91556,-2.2889,-0.76296,1.6785,6.4089,10.376,12.055,13.428,10.987,9.003,5.7985,4.2726,2.5941,0.15259,0.30519,0.45778,-0.45778,-0.76296,-2.5941,-2.4415,-1.9837,-1.3733,-3.6622,-5.1881,-7.1718,-10.071,-10.071,-5.6459,-1.5259,4.12,8.3926,14.801,18.311,21.058,23.804,25.941,28.535,32.655,36.012,41.047,42.726,43.794,44.71,45.778,45.93,47.151,49.135,50.661,49.745,49.745,48.219,47.914,46.236,43.794,41.658,39.369,38.606,40.437,39.674,38.453,34.944,30.213,23.804,17.701,10.529,4.883,2.5941,2.8993,3.6622,5.4933,4.4252,4.4252,3.357,3.6622,5.9511,9.1556,12.665,18.311,20.753,22.584,24.415,27.161,30.213,33.57,36.164,39.674,41.505,43.641,44.404,46.541,48.219,48.524,46.846,44.404,42.421,43.184,43.336,46.541,49.287,52.492,55.696,56.459,56.459,55.391,52.644,50.813,48.982,50.203,49.745,46.693,41.81,36.317,30.976,25.483,21.363,19.684,17.396,15.87,11.75,9.7659,9.1556,9.3081,10.376,9.6133,7.6296,4.12,-1.6785,-7.0193,-12.513,-17.09,-20.295,-20.295,-20.142,-19.684,-22.736,-26.856,-28.993,-28.382,-28.84,-27.619,-28.077,-25.941,-21.363,-17.548,-14.649,-9.003,-3.2044,4.7304,10.834,18.921,24.72,29.603,33.876,38.453,43.489,49.898,54.323,59.816,65.31,71.261,75.076,77.822,76.449,75.228,74.618,73.397,71.871,69.887,67.751,65.767,61.647,54.476,41.658,31.129,21.516,13.733,8.3926,4.5778,2.7467,3.357,4.12,4.4252,2.5941,-1.8311,-7.477,-9.3081,-13.123,-18.006,-22.889,-26.551,-29.756,-31.739,-33.876,-34.333,-34.791,-32.807,-33.113,-32.655,-32.502,-30.213,-28.84,-26.551,-22.889,-21.058,-21.821,-22.889,-27.924,-33.723,-37.996,-39.369,-40.742,-42.116,-43.184,-44.71,-50.05,-55.544,-61.953,-67.904,-75.076,-81.027,-88.656,-95.523,-101.93,-105.44,-106.97,-109.41,-112.77,-115.67,-119.94,-125.43,-133.06,-135.96,-135.96,-135.2,-133.67,-131.69,-131.08,-131.53,-133.52,-133.06,-134.13,-132.76,-132.76,-131.38,-133.52,-136.88,-143.74,-150.91,-157.63,-161.6,-165.56,-166.78,-171.21,-174.41,-178.38,-180.52,-179.14,-175.18,-173.19,-173.5,-171.36,-169.07,-168.31,-168,-163.73,-154.88,-147.1,-138.55,-131.84,-124.67,-119.17,-115.51,-110.78,-104.22,-96.286,-88.351,-81.332,-74.77,-67.751,-60.274,-54.17,-45.167,-35.707,-25.788,-19.684,-14.801,-8.24,0.45778,6.1037,11.139,11.292,10.376,8.8504,7.477,2.4415,-1.9837,-7.9348,-11.597,-15.259,-19.074,-22.584,-23.652,-25.33,-26.093,-27.924,-28.84,-33.57,-34.791,-33.265,-29.908,-29.145,-26.704,-24.11,-22.279,-19.684,-14.649,-10.376,-7.0193,-5.3407,-2.5941,-4.5778,-4.4252,-5.0356,-1.6785,1.2207,4.5778,5.9511,9.1556,12.818,16.022,19.227,24.72,27.924,31.434,31.587,32.502,31.129,29.45,27.924,27.467,24.567,19.837,15.259,13.428,10.071,6.5615,0.45778,-4.12,-6.2563,-3.0519,0.76296,4.5778,10.224,17.548,22.889,29.908,36.927,45.625,52.339,60.732,69.887,79.653,87.13,93.692,102.24,111.24,117.5,123.75,127.26,131.53,134.13,135.65,138.86,141.61,144.96,149.39,153.51,157.17,156.87,157.02,154.73,151.98,148.78,146.18,142.67,139.93,136.27,129.86,121.46,115.21,105.59,98.575,89.572,82.705,77.822,73.702,71.413,71.566,72.634,72.329,70.345,69.887,68.514,67.293,65.615,65.767,66.378,67.446,70.803,74.618,80.264,88.351,95.218,103,109.71,116.12,119.17,121.16,123.14,124.67,126.35,125.13,122.53,119.02,111.39,104.53,94.302,83.468,74.465,66.988,58.29,48.83,38.606,29.603,17.243,6.2563,-4.4252,-11.139,-15.564,-14.954,-12.055,-6.5615,-0.76296,5.1881,9.1556,14.801,17.09,20.142,23.499,27.619,30.976,35.707,40.284,44.099,46.236,47.151,48.83,53.255,54.628,56.154,56.307,59.816,65.31,68.819,69.124,69.887,69.43,65.004,59.053,53.56,44.862,37.996,27.772,16.938,6.4089,-1.3733,-6.8667,-11.292,-14.954,-14.649,-14.801,-13.428,-13.733,-13.428,-14.649,-13.886,-11.444,-6.2563,-2.1363,0.30519,1.5259,2.7467,1.3733,1.6785,1.6785,5.9511,8.8504,13.276,16.48,18.464,18.769,20.447,21.821,22.889,21.516,21.821,21.668,22.889,22.431,21.21,18.311,14.496,11.139,6.5615,1.6785,-1.2207,-6.5615,-12.055,-17.701,-19.379,-24.567,-31.281,-37.385,-40.284,-42.268,-44.252,-46.236,-45.32,-45.015,-43.947,-45.015,-43.489,-43.947,-44.099,-43.031,-40.437,-38.911,-36.012,-30.061,-22.736,-19.837,-14.344,-7.7822,-0.76296,4.883,11.292,18.006,23.347,29.908,36.622,39.369,39.369,37.385,37.843,37.08,36.775,34.028,29.756,24.72,18.616,10.681,1.9837,-6.7141,-13.733,-22.584,-28.077,-32.807,-33.418,-33.723,-33.265,-33.723,-36.317,-38.911,-39.216,-41.047,-41.505,-42.573,-42.726,-43.489,-44.252,-45.473,-44.862,-42.726,-38.911,-35.707,-31.587,-26.399,-20.447,-12.513,-2.5941,3.0519,9.4607,15.259,21.058,27.772,35.401,42.116,45.778,48.067,50.661,53.56,59.206,64.089,68.972,70.803,73.244,73.702,71.566,69.277,68.514,66.53,64.699,61.342,59.206,54.781,50.203,43.794,36.317,27.619,19.684,11.444,2.8993,-4.7304,-9.9185,-13.733,-14.039,-16.022,-15.717,-14.496,-14.039,-15.259,-16.175,-15.87,-14.801,-14.649,-14.496,-14.954,-14.344,-15.717,-16.48,-15.87,-13.886,-11.597,-12.055,-12.513,-13.733,-16.938,-18.006,-20.142,-18.921,-18.921,-19.532,-20.6,-21.821,-21.821,-21.668,-22.431,-19.532,-17.853,-16.327,-18.464,-18.464,-18.159,-16.938,-15.412,-14.649,-13.886,-11.292,-9.6133,-8.0874,-7.7822,-5.4933,-1.2207,2.8993,7.3244,9.1556,7.477,3.5096,-1.5259,-3.6622,-6.7141,-8.6978,-12.513,-15.107,-17.548,-20.447,-24.415,-28.993,-31.129,-31.739,-33.57,-34.944,-38.148,-40.284,-42.879,-43.947,-44.099,-43.184,-41.047,-37.08,-34.639,-32.96,-31.739,-29.603,-27.314,-23.347,-20.905,-20.142,-20.142,-19.227,-19.684,-19.379,-19.99,-19.379,-19.684,-20.447,-20.6,-18.769,-15.87,-12.36,-10.376,-8.24,-6.4089,-3.6622,-3.2044,-2.2889,-0.91556,-0.30519,-0.30519,0.30519,-2.7467,-2.8993,-1.8311,0.45778,-0.61037,-1.6785,-0.76296,0.15259,0.45778,1.6785,3.2044,4.2726,5.6459,9.3081,10.987,12.055,9.9185,8.3926,7.1718,7.477,6.4089,3.8148,-1.0681,-2.5941,-4.5778,-4.12,-5.3407,-6.2563,-6.4089,-7.6296,-10.681,-14.191,-16.785,-17.09,-17.09,-16.022,-16.327,-14.954,-12.818,-9.3081,-7.477,-7.0193,-6.8667,-4.4252,-2.8993,-0.15259,0.15259,2.7467,4.12,5.9511,5.3407,4.4252,1.9837,-0.30519,-3.2044,-6.2563,-10.071,-13.581,-16.938,-18.769,-21.363,-22.431,-23.194,-21.363,-18.464,-15.717,-12.97,-7.1718,-3.0519,2.7467,6.7141,12.665,17.396,22.431,28.23,32.502,34.944,38.148,41.505,45.778,46.083,46.999,47.151,50.05,52.644,55.086,56.764,60.732,65.462,70.345,73.092,77.67,79.958,82.4,83.773,82.705,79.501,75.076,71.261,67.598,64.241,64.241,60.427,56.612,50.966,46.541,44.099,42.116,39.674,36.164,32.807,31.892,31.434,31.892,28.535,24.415,19.99,15.87,12.513,11.292,9.003,7.1718,7.3244,6.8667,7.1718,9.1556,11.444,13.886,14.954,16.785,16.022,15.564,15.412,14.496,14.344,14.801,15.107,16.633,15.717,15.107,12.97,13.123,12.513,12.665,13.428,14.191,13.733,14.954,12.97,9.6133,2.8993,-3.8148,-10.529,-17.243,-24.11,-31.129,-38.148,-42.116,-47.151,-50.508,-53.407,-52.492,-48.982,-44.404,-38.606,-34.944,-30.824,-24.873,-22.889,-20.447,-17.548,-13.733,-10.529,-9.6133,-8.0874,-7.477,-5.0356,-1.0681,-0,2.7467,3.2044,4.4252,3.0519,2.1363,2.4415,4.4252,7.0193,9.9185,14.039,17.701,20.295,25.636,30.061,36.164,41.505,47.761,54.018,60.579,67.598,74.16,77.517,81.942,86.367,91.25,95.065,97.659,99.796,102.08,102.69,103.46,102.08,100.56,98.27,98.117,98.27,98.575,99.49,101.02,101.78,103.15,103.46,104.83,105.59,107.43,108.65,109.71,111.39,113.68,117.04,121.62,125.58,130.16,133.06,137.64,141.76,147.56,153.2,157.32,161.44,165.26,168.77,172.28,175.18,179.14,180.36,183.26,184.48,185.09,185.09,183.42,181.28,180.06,178.23,175.79,172.28,170.9,167.39,165.72,162.82,160.99,160.99,159.15,155.49,151.37,146.34,141.91,136.88,132.6,126.19,121.62,115.67,110.63,107.73,106.66,105.9,106.51,107.88,108.8,109.26,112.31,116.12,120.55,123.6,125.58,127.87,131.84,133.21,133.06,132.91,135.2,133.98,134.74,133.21,131.23,130.01,127.72,124.06,118.41,111.24,105.44,97.659,90.793,83.163,75.686,68.361,61.8,54.933,48.067,40.284,34.486,27.924,22.431,16.022,10.987,5.7985,2.7467,-0.30519,-1.9837,-2.2889,-1.6785,-2.1363,-1.2207,-2.2889,-3.0519,-4.883,-5.9511,-7.3244,-7.0193,-4.5778,-1.9837,-1.3733,-0.76296,-1.8311,-0.61037,-0,1.8311,1.2207,0.15259,-0.61037,-1.2207,-1.2207,1.5259,1.2207,3.357,5.9511,7.9348,7.7822,6.8667,5.4933,2.8993,0.45778,-2.1363,-5.7985,-8.3926,-11.597,-11.902,-14.496,-16.48,-21.821,-27.314,-32.044,-37.69,-45.625,-56.154,-67.904,-75.991,-83.926,-89.114,-93.997,-95.828,-99.185,-102.24,-104.22,-106.2,-108.34,-110.17,-109.87,-106.81,-105.9,-104.68,-105.14,-103.92,-101.63,-98.88,-94.607,-90.487,-87.588,-87.741,-88.504,-88.046,-89.419,-87.13,-85.299,-84.689,-87.13,-86.825,-86.367,-85.91,-83.316,-81.79,-82.553,-83.163,-86.52,-88.961,-91.708,-93.234,-97.201,-100.1,-103.15,-107.43,-112,-116.12,-122.99,-129.25,-137.18,-143.89,-151.83,-157.02,-161.44,-165.72,-169.99,-172.89,-175.94,-179.6,-182.5,-183.26,-185.86,-187.54,-187.84,-184.64,-183.72,-182.81,-181.28,-180.97,-181.13,-179.45,-176.85,-173.65,-171.06,-165.56,-162.21,-158.7,-153.51,-146.34,-140.39,-135.5,-132.45,-129.25,-126.8,-121.46,-116.58,-109.41,-104.53,-100.25,-98.575,-95.676,-92.471,-87.741,-83.316,-78.738,-75.076,-71.108,-69.124,-65.92,-65.92,-67.446,-70.193,-70.65,-70.65,-71.108,-74.007,-76.601,-80.874,-82.858,-84.841,-84.689,-85.604,-85.757,-85.604,-86.52,-88.046,-90.182,-93.692,-96.133,-98.422,-98.27,-99.796,-99.185,-98.575,-95.523,-91.861,-89.114,-89.572,-92.013,-95.981,-98.27,-101.17,-101.78,-105.44,-106.51,-105.29,-102.54,-99.643,-96.591,-94.302,-89.877,-86.215,-82.553,-80.264,-74.923,-70.345,-67.293,-65.004,-62.41,-60.121,-57.527,-56.612,-55.238,-56.307,-57.07,-61.342,-64.394,-65.767,-66.378,-67.904,-68.209,-66.53,-64.241,-64.089,-66.073,-69.735,-70.193,-71.108,-71.108,-72.176,-75.228,-76.601,-75.228,-73.244,-71.566,-72.481,-71.871,-72.939,-73.397,-72.939,-70.498,-68.819,-68.514,-69.735,-71.261,-72.939,-73.855,-73.702,-70.956,-70.956,-69.735,-71.108,-70.956,-70.65,-70.65,-71.261,-74.618,-77.364,-79.348,-82.705,-83.773,-85.757,-84.994,-87.588,-88.351,-89.724,-92.624,-95.065,-96.438,-96.591,-92.776,-88.961,-83.163,-79.196,-74.007,-70.04,-66.53,-65.31,-63.173,-60.884,-57.527,-54.781,-52.034,-49.135,-44.71,-43.489,-41.963,-40.895,-37.996,-36.317,-35.859,-34.639,-33.57,-34.181,-36.012,-37.538,-36.927,-38.301,-38.453,-39.369,-38.453,-37.843,-37.538,-36.47,-36.012,-35.096,-32.35,-28.687,-22.279,-15.87,-8.0874,-2.2889,3.357,7.7822,11.139,16.175,22.736,30.061,36.317,40.59,44.557,46.999,50.203,54.17,61.8,66.225,69.582,71.261,70.193,67.141,64.241,59.511,54.628,48.372,45.625,44.099,43.641,39.674,36.47,30.976,25.178,20.905,18.616,15.87,13.276,10.987,10.834,8.8504,10.681,13.123,15.564,15.87,18.616,21.363,21.058,19.379,19.684,20.142,21.058,22.126,23.347,23.957,26.856,28.382,28.993,28.687,31.129,31.129,30.519,28.382,27.009,27.009,29.756,30.366,32.044,32.502,32.96,30.976,30.061,27.161,22.584,19.379,18.006,14.801,12.818,7.3244,3.2044,0.91556,1.0681,-2.1363,-3.5096,-5.7985,-7.0193,-9.6133,-11.75,-12.207,-9.1556,-7.0193,-3.0519,-1.0681,1.3733,2.5941,2.1363,1.8311,2.5941,5.4933,7.9348,10.987,15.87,18.006,19.99,21.668,22.736,23.804,25.025,25.178,24.567,23.652,23.652,23.499,23.041,20.6,18.464,15.259,13.428,10.529,5.7985,0.15259,-4.2726,-8.8504,-11.597,-15.412,-16.327,-17.396,-16.938,-17.396,-19.227,-22.584,-26.246,-28.84,-28.535,-29.45,-28.993,-28.535,-25.788,-23.652,-22.889,-22.279,-19.684,-16.633,-15.259,-15.717,-17.243,-20.6,-21.821,-25.33,-28.535,-30.061,-30.671,-31.129,-31.587,-32.197,-33.113,-34.181,-32.655,-31.892,-29.45,-27.009,-23.041,-19.532,-16.022,-12.055,-6.2563,-0.91556,3.9674,7.6296,12.818,16.022,19.227,21.973,25.178,29.45,32.96,36.012,38.606,38.911,39.216,39.674,39.979,37.996,36.317,32.502,29.298,26.551,23.804,22.431,20.447,18.311,16.633,16.022,17.09,16.175,16.175,13.886,12.207,8.5452,3.2044,0.30519,-0.45778,-1.0681,-1.3733,-1.3733,-1.5259,-4.4252,-5.4933,-6.5615,-6.8667,-9.6133,-10.834,-11.597,-11.444,-11.75,-11.75,-10.376,-5.9511,-3.5096,-0.45778,1.6785,5.3407,6.2563,9.3081,12.055,14.801,16.327,18.311,21.058,22.584,22.431,23.652,21.973,21.973,21.516,23.041,24.415,26.551,30.213,33.113,34.486,32.35,28.535,26.704,25.178,28.077,29.908,32.807,34.791,35.249,38.148,42.726,45.32,46.541,49.135,53.255,55.544,60.274,64.089,66.073,66.378,68.514,71.718,74.313,75.076,75.381,74.465,74.465,72.634,71.566,69.43,69.124,68.056,67.293,67.598,68.972,70.65,72.787,74.465,74.313,71.261,68.514,64.089,59.969,54.933,47.914,40.284,33.57,27.924,23.804,18.616,15.564,12.055,9.7659,6.1037,1.2207,-3.9674,-8.6978,-13.886,-21.058,-28.077,-29.908,-33.723,-36.317,-38.148,-37.69,-38.606,-39.369,-39.521,-37.538,-34.944,-30.213,-27.009,-24.873,-24.262,-24.11,-25.941,-27.314,-28.687,-28.993,-29.603,-28.23,-26.093,-21.058,-16.175,-10.376,-8.8504,-8.24,-9.003,-9.3081,-9.9185,-8.8504,-8.8504,-9.6133,-7.7822,-6.2563,-10.071,-14.039,-18.921,-19.684,-21.363,-19.837,-18.311,-18.311,-17.09,-17.396,-21.821,-26.093,-29.45,-28.993,-29.298,-25.941,-20.905,-13.581,-6.1037,-1.2207,1.9837,6.8667,10.834,14.191,15.259,17.548,17.396,17.396,16.633,17.243,17.701,19.532,21.973,25.483,28.535,32.35,35.707,41.353,45.015,49.593,52.187,56.001,61.037,66.073,68.819,69.582,68.972,71.261,73.244,77.212,81.179,87.283,93.692,99.643,103.92,107.27,109.71,111.7,113.07,116.89,118.72,122.53,126.04,131.53,135.81,140.39,143.59,146.18,148.32,150,153.05,156.87,158.39,162.36,164.95,168.16,169.23,170.9,171.67,171.51,170.14,169.53,167.24,163.73,158.85,156.1,152.9,152.13,152.75,154.58,155.95,157.63,160.37,161.14,162.82,162.82,161.44,161.44,159.61,159.15,159.61,160.99,159.15,158.54,158.7,159.92,161.75,164.65,166.94,167.55,164.34,161.29,155.95,151.07,147.25,146.34,144.35,144.35,144.66,145.57,145.12,144.51,142.67,143.44,143.74,144.66,142.98,142.22,140.84,139.47,139.01,139.01,139.47,140.84,140.39,141.61,141.61,143.44,144.05,144.96,145.12,144.66,142.06,138.25,133.52,132.76,130.77,129.25,127.26,128.18,124.67,123.91,123.91,122.68,122.68,122.38,119.33,117.34,114.29,112.31,106.97,103.76,99.796,97.354,95.828,93.692,92.471,92.471,90.64,89.267,86.367,84.536,78.89,73.855,71.566,69.277,65.615,61.037,56.001,51.424,45.015,39.827,33.57,28.84,23.499,22.279,20.905,18.769,15.564,10.529,5.7985,1.0681,-5.0356,-8.5452,-12.36,-16.633,-22.584,-26.704,-29.45,-32.502,-34.791,-39.827,-45.473,-47.456,-49.593,-52.339,-56.459,-59.053,-62.868,-66.225,-69.43,-69.735,-70.498,-71.566,-71.718,-72.176,-71.718,-71.413,-72.939,-71.261,-67.293,-62.41,-57.375,-51.576,-46.388,-40.742,-34.791,-26.856,-16.938,-4.7304,5.7985,14.954,21.21,26.551,31.129,34.028,36.775,41.047,42.421,42.421,41.353,40.437,36.775,34.944,32.502,30.213,27.314,25.178,24.11,24.415,24.11,22.279,20.447,19.684,18.464,19.684,22.889,26.704,29.145,31.281,33.265,35.554,37.233,37.996,36.622,35.554,32.807,30.519,27.467,26.856,23.652,21.21,17.09,13.581,11.902,10.071,6.4089,2.8993,0.76296,-0.15259,-4.5778,-10.071,-14.801,-18.311,-23.194,-27.924,-30.671,-30.976,-30.366,-28.23,-30.213,-31.587,-35.249,-37.996,-43.947,-48.982,-56.307,-65.157,-73.244,-80.569,-90.03,-98.27,-104.83,-109.41,-115.97,-119.63,-123.75,-128.79,-132.45,-134.59,-138.1,-142.98,-148.47,-153.81,-159.76,-162.21,-164.34,-164.8,-165.72,-163.12,-160.07,-153.66,-148.78,-146.03,-142.98,-141.3,-140.23,-140.84,-141.15,-138.71,-136.27,-131.84,-128.18,-123.75,-122.84,-121.16,-120.4,-119.33,-118.56,-117.95,-117.04,-115.97,-116.89,-116.43,-117.65,-117.8,-119.79,-119.63,-119.02,-119.63,-119.79,-119.94,-121.46,-122.84,-125.13,-124.21,-123.14,-121.31,-120.7,-120.24,-120.7,-122.23,-122.23,-120.24,-117.34,-113.38,-110.48,-106.81,-104.22,-101.47,-99.338,-96.896,-94.76,-92.166,-87.588,-80.874,-74.618,-70.345,-70.803,-70.345,-69.735,-66.073,-62.563,-62.258,-62.105,-60.732,-60.579,-59.664,-60.579,-58.443,-59.511,-59.816,-61.037,-62.105,-61.647,-61.037,-63.021,-65.004,-66.836,-65.462,-65.31,-62.105,-61.19,-60.427,-60.732,-60.121,-61.495,-62.716,-64.089,-64.241,-64.394,-61.8,-60.121,-59.206,-60.274,-58.138,-55.696,-54.476,-53.713,-52.95,-52.95,-49.745,-47.304,-44.252,-44.252,-44.099,-44.099,-44.099,-45.015,-46.999,-49.135,-51.729,-53.407,-51.271,-49.898,-46.999,-45.167,-43.184,-41.658,-39.827,-39.216,-38.453,-39.521,-36.47,-37.538,-40.284,-43.947,-45.625,-46.388,-45.473,-47.456,-49.898,-54.17,-57.527,-58.748,-58.443,-57.68,-53.255,-49.745,-46.693,-43.489,-40.132,-37.538,-36.164,-35.249,-32.35,-31.587,-29.45,-29.298,-29.45,-30.213,-31.129,-31.129,-30.824,-30.366,-28.382,-27.924,-27.619,-32.044,-37.69,-45.167,-51.729,-59.053,-64.852,-68.972,-70.193,-68.972,-65.31,-62.563,-60.274,-59.664,-57.375,-55.086,-52.034,-49.593,-47.914,-46.999,-43.794,-43.031,-42.573,-43.184,-41.658,-42.573,-40.59,-39.064,-36.164,-32.96,-29.756,-28.382,-24.873,-24.11,-22.736,-21.821,-20.142,-17.243,-10.529,-4.2726,1.6785,6.5615,9.6133,9.7659,12.97,13.733,16.48,18.464,22.736,26.093,28.993,30.366,30.976,30.213,27.924,24.873,24.11,20.753,18.616,16.022,15.412,14.801,16.327,16.633,16.175,16.785,19.837,21.058,23.957,25.788,28.993,33.418,37.385,38.606,38.911,37.996,36.622,36.317,38.148,37.996,38.759,41.2,45.625,47.304,50.508,52.187,53.56,52.187,50.05,47.914,46.083,44.099,41.505,36.775,34.486,33.113,32.96,31.892,32.044,31.129,29.45,27.161,25.788,23.499,23.194,22.584,23.194,21.973,23.804,25.178,28.23,32.502,34.639,35.554,38.606,40.132,41.963,44.557,47.914,47.761,48.982,54.018,59.053,62.258,65.004,66.683,67.904,70.193,73.855,75.533,79.958,81.332,81.484,77.975,76.144,74.313,73.092,73.244,73.092,74.007,75.686,77.059,81.484,83.01,85.91,87.436,88.351,87.436,86.367,83.468,83.316,82.553,82.095,81.332,82.4,80.264,80.111,81.179,82.247,79.501,77.975,78.89,79.653,81.637,83.316,83.621,81.027,78.28,78.28,75.228,73.397,70.04,68.056,66.988,67.293,66.378,65.157,63.784,62.868,59.969,57.985,55.544,56.917,56.459,56.459,55.849,54.323,52.797,51.729,50.508,48.982,46.083,44.099,40.59,38.301,34.639,32.197,31.434,31.281,30.976,30.824,28.84,26.551,23.041,20.753,18.311,17.243,11.902,8.24,3.9674,2.5941,3.0519,3.357,2.5941,0.61037,-1.8311,-4.7304,-10.529,-17.09,-26.246,-32.655,-39.064,-44.404,-51.271,-57.985,-64.089,-67.446,-70.956,-72.634,-77.364,-79.043,-82.247,-83.01,-85.299,-85.757,-86.062,-86.978,-89.419,-91.25,-91.25,-88.504,-87.741,-84.536,-81.637,-77.517,-75.838,-70.193,-66.073,-62.868,-60.884,-61.495,-65.615,-68.514,-74.16,-80.569,-88.351,-94.455,-99.796,-103,-106.81,-111.39,-115.05,-116.73,-121.92,-125.28,-129.86,-131.69,-133.52,-136.11,-137.33,-138.1,-139.93,-143.13,-146.64,-145.57,-143.44,-139.77,-138.4,-135.96,-133.06,-130.77,-129.7,-129.7,-129.55,-128.03,-126.19,-123.45,-120.85,-116.58,-115.82,-115.05,-114.29,-113.68,-112.77,-110.78,-110.17,-109.41,-108.49,-108.65,-111.24,-111.85,-112.16,-110.32,-109.1,-103.31,-99.185,-97.812,-97.507,-95.676,-93.692,-91.098,-90.03,-90.335,-93.081,-94.15,-96.591,-99.948,-103.15,-107.12,-109.56,-110.78,-111.39,-112,-113.22,-115.51,-119.63,-122.53,-126.8,-127.11,-126.5,-126.8,-126.96,-124.21,-120.24,-115.05,-110.32,-106.36,-104.53,-100.25,-100.71,-102.69,-104.07,-104.68,-104.37,-103.15,-103.31,-103.61,-103.92,-102.08,-103,-101.32,-99.948,-97.659,-96.438,-94.455,-93.234,-92.624,-91.403,-88.504,-87.13,-81.027,-75.533,-68.209,-61.037,-51.729,-43.947,-36.47,-28.993,-21.973,-17.09,-8.6978,1.2207,9.9185,14.954,23.041,28.23,33.113,38.453,45.015,52.034,58.29,62.868,66.378,67.293,68.209,68.972,72.176,71.871,69.887,68.361,67.751,68.056,67.751,66.836,67.904,70.04,74.465,79.043,85.604,89.572,89.267,84.994,79.806,75.228,71.108,68.361,67.751,66.073,66.683,66.53,65.92,62.563,59.664,58.596,58.748,58.901,56.764,54.933,54.018,53.407,52.187,51.118,52.644,51.576,50.356,47.304,45.93,46.388,48.067,49.135,52.492,55.696,61.342,65.615,73.092,79.501,85.757,87.283,87.741,85.604,82.705,79.958,79.043,78.738,80.569,84.994,91.861,96.133,98.88,95.981,93.844,93.081,94.15,93.844,92.013,89.724,86.825,83.926,84.994,86.215,90.487,90.793,87.588,82.705,77.67,73.55,71.566,66.53,60.579,52.644,44.404,34.333,27.314,20.142,15.564,10.987,8.24,6.8667,4.12,0.30519,-5.1881,-12.665,-16.327,-19.684,-21.973,-30.976,-40.437,-50.966,-59.969,-68.819,-76.296,-83.468,-92.013,-103.61,-111.85,-119.79,-126.04,-131.69,-134.43,-140.23,-143.89,-149.54,-151.83,-152.9,-151.22,-148.01,-143.44,-140.08,-134.13,-129.86,-122.38,-116.73,-109.1,-103.92,-96.896,-90.64,-83.468,-75.991,-66.378,-55.238,-40.895,-28.535,-15.107,-0.91556,13.123,25.483,38.453,49.898,58.596,64.394,69.43,75.686,81.179,85.757,93.234,95.828,99.49,103.31,104.83,107.43,112.92,118.72,125.43,130.92,138.25,141.15,143.28,139.93,134.74,128.03,121.62,114.75,108.34,102.69,99.185,93.692,90.945,86.978,84.078,82.095,81.332,80.569,79.043,77.212,76.449,72.329,67.598,61.342,56.307,48.677,39.979,31.739,25.025,20.447,16.48,12.665,10.224,9.3081,9.7659,7.477,7.0193,8.8504,10.376,11.139,9.7659,5.7985,2.4415,-0.30519,-2.5941,-5.9511,-5.7985,-6.2563,-7.1718,-11.139,-13.581,-15.412,-17.09,-21.058,-24.415,-28.687,-32.807,-38.148,-39.827,-43.031,-43.947,-47.304,-48.067,-50.508,-53.407,-54.628,-55.391,-56.001,-55.086,-56.459,-56.307,-56.001,-54.628,-56.307,-57.833,-61.037,-65.004,-68.667,-70.345,-72.176,-74.465,-78.127,-79.348,-80.111,-79.501,-78.585,-75.533,-74.465,-73.092,-70.956,-69.43,-67.446,-65.615,-64.547,-59.969,-56.307,-51.271,-46.693,-42.573,-39.979,-36.622,-33.265,-30.366,-27.161,-24.567,-20.753,-16.022,-13.581,-9.3081,-7.1718,-5.6459,-5.4933,-4.12,-3.0519,-0.91556,1.5259,2.7467,3.6622,6.8667,7.7822,7.3244,5.3407,3.6622,0.45778,0.30519,-2.7467,-8.5452,-13.886,-19.379,-23.499,-28.077,-33.723,-40.437,-47.761,-52.034,-54.933,-54.781,-54.018,-55.696,-54.628,-51.881,-51.576,-49.287,-47.456,-44.71,-44.862,-44.557,-44.862,-42.268,-38.759,-34.639,-30.061,-26.093,-20.753,-13.886,-8.3926,-2.7467,1.6785,8.24,14.344,20.753,26.856,33.265,39.521,45.625,50.05,53.865,57.833,65.31,69.887,74.923,79.043,85.452,92.166,96.591,98.727,101.47,104.98,111.24,115.67,119.33,124.06,131.23,137.03,145.12,149.54,152.13,155.64,161.14,166.63,171.36,176.09,181.89,186.77,191.81,194.4,198.68,199.29,200.05,200.66,203.41,203.86,203.71,205.24,207.37,207.53,207.53,205.39,203.25,201.27,202.03,201.57,203.56,204.63,205.08,203.56,201.27,198.52,195.62,193.18,191.66,185.09,179.91,180.52,181.43,181.59,180.67,178.38,178.53,178.84,180.06,181.59,184.33,187.38,192.57,196.23,201.12,205.69,212.26,214.85,218.05,222.17,223.7,224.92,226.91,227.36,228.28,226.91,225.68,222.02,220.19,217.9,212.26,207.98,204.02,197.61,191.66,185.55,182.04,177.47,174.26,169.38,167.09,166.17,165.72,166.94,166.33,165.56,165.72,163.58,164.04,162.82,166.94,166.17,162.82,163.27,166.78,166.17,163.73,163.58,162.51,160.07,158.39,155.34,152.75,147.25,143.59,140.54,139.77,138.4,138.55,141,142.22,140.23,138.86,137.18,137.03,136.11,139.47,142.06,144.35,146.79,149.39,150,151.07,153.05,154.42,156.1,157.17,155.03,155.19,157.17,157.63,153.51,151.68,148.93,143.44,139.01,137.79,136.57,132.6,121.92,113.38,106.66,99.948,94.455,93.081,90.793,87.436,83.468,78.433,75.838,74.16,69.735,64.852,56.459,52.797,46.693,40.742,36.927,32.655,28.84,25.33,21.058,17.548,13.428,10.224,7.6296,4.5778,-1.0681,-5.1881,-9.9185,-14.801,-18.006,-20.6,-23.041,-28.382,-35.401,-38.759,-42.573,-45.167,-48.83,-50.966,-55.544,-59.206,-61.647,-64.547,-66.836,-70.04,-75.686,-80.874,-82.858,-80.416,-77.822,-75.381,-77.517,-75.076,-72.481,-70.345,-70.345,-71.261,-73.702,-73.702,-72.024,-72.481,-71.718,-68.667,-64.852,-60.427,-58.29,-58.29,-59.969,-66.073,-71.261,-74.16,-75.228,-78.585,-79.348,-75.838,-73.855,-71.718,-74.77,-80.569,-81.484,-86.825,-95.828,-101.93,-106.36,-109.1,-114.75,-115.21,-115.05,-112.77,-111.85,-113.38,-120.55,-127.26,-131.08,-132.6,-133.37,-133.21,-131.99,-132.91,-135.35,-132.76,-131.23,-131.53,-133.52,-131.69,-130.77,-128.18,-126.5,-121.46,-116.12,-112,-112.46,-117.95,-121.01,-119.33,-121.62,-119.79,-123.45,-129.86,-136.11,-140.23,-141.15,-144.96,-149.69,-153.97,-156.56,-154.58,-157.48,-160.37,-162.21,-161.29,-160.83,-160.99,-164.04,-164.8,-162.51,-156.1,-150,-145.88,-142.98,-137.64,-135.96,-135.35,-136.11,-135.2,-135.65,-134.43,-134.13,-134.59,-137.94,-142.22,-142.98,-139.93,-142.06,-144.96,-147.4,-144.96,-147.1,-152.44,-155.19,-153.51,-154.58,-154.73,-156.71,-155.34,-150.61,-148.32,-149.85,-145.88,-144.81,-144.35,-143.59,-141.91,-137.18,-131.08,-124.97,-119.33,-115.21,-112,-110.48,-107.58,-101.32,-99.185,-99.643,-97.507,-97.812,-99.643,-98.117,-98.117,-94.913,-93.539,-97.354,-98.117,-100.56,-102.69,-105.9,-107.27,-110.63,-116.12,-120.4,-122.07,-126.5,-129.09,-133.52,-135.2,-139.93,-144.05,-147.71,-151.68,-153.66,-154.42,-158.85,-160.53,-162.66,-164.65,-167.39,-168.61,-169.84,-168.46,-169.99,-168.61,-167.55,-164.49,-162.82,-159.61,-155.8,-149.54,-144.81,-139.32,-135.04,-127.72,-122.84,-116.73,-110.32,-102.69,-93.081,-83.773,-74.465,-64.699,-59.358,-56.307,-54.018,-50.813,-48.677,-44.862,-41.505,-39.521,-37.385,-34.181,-28.84,-24.415,-21.821,-18.769,-18.616,-16.785,-16.48,-12.97,-10.376,-9.6133,-8.24,-6.4089,-5.9511,-4.2726,-3.357,-0.76296,-0,-0.61037,-3.357,-4.7304,-5.0356,-5.1881,-6.8667,-10.529,-15.412,-18.616,-23.347,-25.941,-29.756,-34.333,-38.606,-40.895,-44.099,-46.693,-48.83,-49.898,-51.881,-50.661,-51.118,-50.813,-51.118,-50.356,-50.356,-48.982,-50.661,-52.339,-52.492,-51.576,-50.508,-46.083,-40.742,-34.944,-30.061,-23.347,-19.074,-13.733,-9.1556,-6.8667,-5.9511,-5.0356,-4.5778,-3.8148,-5.1881,-4.2726,-1.8311,2.5941,5.1881,8.5452,9.4607,7.0193,3.9674,1.5259,-0.30519,-1.8311,-3.9674,-3.357,-1.9837,0.45778,0.91556,1.3733,-3.0519,-8.24,-9.4607,-8.24,-7.0193,-5.4933,-7.3244,-7.1718,-5.9511,-5.3407,-10.376,-15.87,-20.295,-22.584,-26.551,-30.824,-34.028,-33.265,-32.35,-30.976,-32.96,-32.655,-33.57,-31.587,-29.45,-25.33,-20.142,-14.344,-8.6978,-3.9674,-0.15259,5.7985,11.597,17.853,21.058,23.041,25.483,28.077,28.993,28.687,27.314,26.551,23.957,23.347,22.889,23.804,23.041,25.025,26.399,27.009,25.941,24.72,25.025,28.993,31.434,34.791,35.096,35.554,34.181,35.249,34.944,31.892,28.535,24.567,21.21,21.21,22.279,25.025,24.873,26.856,28.077,28.535,26.399,26.093,26.246,28.84,33.418,37.385,37.996,39.216,38.606,41.353,43.489,45.93,49.135,54.781,58.901,60.884,60.579,60.579,56.917,56.612,55.086,53.713,54.17,56.001,56.764,59.358,62.716,63.936,62.41,62.563,59.816,59.206,57.833,54.781,52.644,52.034,53.102,53.255,47.914,42.421,38.301,36.47,34.639,36.317,38.148,40.437,42.879,46.541,50.661,54.17,56.307,57.68,56.917,56.917,58.138,58.901,59.816,58.443,54.933,54.476,51.729,48.372,44.404,40.59,36.164,31.129,27.009,23.041,19.532,17.701,16.175,14.191,10.834,9.4607,6.1037,4.2726,3.9674,5.1881,5.3407,5.7985,6.4089,7.6296,6.1037,5.0356,4.12,3.2044,3.0519,2.2889,-0.30519,-5.1881,-9.9185,-12.055,-16.022,-16.327,-15.717,-14.954,-17.243,-21.668,-25.178,-26.399,-27.009,-27.619,-29.45,-30.366,-35.707,-41.658,-50.966,-58.901,-64.394,-68.667,-72.939,-74.007,-72.481,-65.92,-60.427,-52.644,-47.761,-43.947,-41.505,-39.674,-38.759,-37.996,-39.216,-39.521,-39.674,-39.369,-40.742,-41.505,-41.047,-39.674,-37.385,-34.486,-33.418,-32.807,-30.824,-25.941,-22.584,-16.175,-10.834,-6.2563,-2.2889,-1.9837,-2.8993,-1.0681,0.76296,1.8311,1.0681,-0.30519,-5.9511,-9.6133,-13.581,-19.532,-25.025,-28.84,-34.028,-37.843,-39.674,-43.184,-47.304,-49.44,-52.034,-51.881,-52.492,-48.83,-47.151,-44.099,-42.879,-43.031,-43.489,-40.132,-36.012,-29.908,-24.262,-19.532,-18.921,-19.379,-21.058,-22.889,-25.636,-27.467,-30.213,-32.35,-35.707,-35.859,-37.996,-43.184,-48.982,-50.508,-52.492,-50.661,-48.83,-44.404,-39.979,-37.385,-35.401,-33.418,-30.366,-25.788,-21.973,-17.396,-11.444,-8.24,-6.5615,-1.2207,3.6622,10.376,16.175,20.447,25.636,31.129,35.707,37.996,38.301,41.658,41.353,40.132,39.369,37.08,36.775,41.963,47.456,49.593,51.424,53.407,53.865,55.696,57.833,59.358,59.969,61.19,65.004,68.514,69.887,72.176,73.55,77.212,80.569,83.01,82.095,84.231,85.147,87.13,88.656,89.419,90.487,92.013,92.013,93.081,93.234,96.438,99.643,103.31,103.92,103.92,103.46,103,104.37,106.81,109.87,114.6,119.17,123.6,124.67,125.13,124.21,126.04,127.57,127.72,128.64,130.92,131.08,132.6,131.38,132.6,131.53,130.92,130.47,131.53,131.38,130.62,131.53,132.76,133.37,135.65,135.5,134.13,132.91,132.91,131.23,130.77,131.99,133.21,133.82,135.35,136.72,139.16,140.69,142.67,142.22,142.83,139.62,136.57,135.65,135.04,133.82,132.6,134.74,136.57,135.5,133.82,131.38,128.18,123.29,118.72,114.6,109.71,105.59,104.37,103.76,103.46,104.68,107.43,107.58,106.51,101.17,98.117,93.081,88.198,83.163,76.296,69.43,63.173,58.443,56.001,51.576,49.593,46.236,45.625,43.641,43.489,41.81,37.233,30.671,25.788,23.194,21.821,19.837,19.379,16.633,14.191,10.681,7.3244,4.5778,3.2044,4.2726,6.7141,10.376,13.276,17.09,21.668,24.11,28.382,28.077,29.45,32.197,36.622,39.369,40.59,41.658,40.284,38.606,35.859,28.382,23.804,20.6,18.006,14.039,11.444,8.5452,6.8667,5.9511,2.8993,-2.7467,-6.5615,-11.444,-16.48,-24.11,-29.45,-34.181,-36.164,-37.233,-37.843,-37.385,-37.69,-39.064,-37.996,-36.47,-31.129,-25.636,-19.837,-15.107,-10.071,-6.7141,-4.4252,-2.8993,-2.5941,-3.8148,-4.2726,-7.477,-10.224,-13.581,-14.954,-16.938,-17.701,-18.464,-19.837,-22.431,-20.905,-19.532,-17.548,-15.107,-10.376,-9.7659,-11.444,-13.581,-12.665,-10.987,-10.681,-11.75,-11.597,-13.276,-12.97,-12.818,-12.97,-16.175,-17.396,-16.022,-12.513,-9.9185,-7.1718,-4.883,-0.91556,1.5259,4.12,4.12,3.5096,3.6622,4.7304,6.5615,6.1037,3.5096,1.9837,-1.8311,-5.4933,-8.24,-8.8504,-8.5452,-5.4933,-1.6785,0.15259,-0.15259,0.15259,0.61037,-0.61037,-3.357,-5.1881,-8.6978,-11.444,-13.581,-14.954,-18.006,-20.753,-24.415,-27.467,-30.519,-32.197,-34.791,-37.538,-42.573,-44.862,-47.456,-50.203,-55.086,-56.612,-58.596,-60.732,-62.716,-63.936,-66.988,-70.193,-73.397,-74.007,-74.313,-73.244,-73.855,-74.313,-74.77,-72.634,-70.65,-70.498,-71.871,-71.108,-73.244,-72.176,-73.397,-73.702,-72.024,-69.735,-69.582,-70.345,-71.718,-75.228,-79.958,-84.841,-91.861,-93.997,-96.744,-97.812,-97.507,-96.896,-97.201,-96.896,-97.812,-96.591,-97.049,-97.049,-98.727,-99.49,-101.78,-104.68,-105.29,-104.07,-101.47,-97.201,-93.539,-90.793,-91.403,-90.182,-91.25,-90.335,-90.793,-92.318,-93.387,-91.861,-91.556,-88.351,-83.468,-77.67,-74.16,-70.65,-69.582,-67.446,-62.716,-59.206,-55.391,-49.745,-45.167,-40.895,-37.233,-32.044,-30.061,-27.467,-25.025,-21.516,-19.837,-18.921,-15.107,-10.987,-7.6296,-5.1881,-4.7304,-4.2726,-5.7985,-6.2563,-5.9511,-3.5096,-1.3733,1.9837,5.9511,7.1718,6.8667,9.3081,12.207,16.175,19.227,23.957,28.382,35.249,42.573,50.508,55.696,61.037,66.53,70.65,72.329,74.618,76.144,75.991,73.702,70.956,67.446,64.852,60.579,58.29,56.459,52.187,47.609,44.252,44.404,46.846,47.609,47.456,45.473,42.879,42.268,41.047,37.996,34.944,30.671,29.603,27.009,27.467,28.077,27.314,24.11,22.126,20.905,17.548,13.733,12.055,10.376,6.8667,1.6785,-0,-2.1363,-1.8311,-1.6785,0.76296,4.7304,7.6296,9.7659,10.071,8.6978,7.3244,6.2563,6.5615,4.4252,2.1363,-3.8148,-8.0874,-10.834,-10.681,-9.4607,-10.071,-11.139,-9.1556,-6.1037,-1.9837,-0,3.5096,6.1037,7.9348,9.4607,9.003,7.9348,6.4089,5.7985,6.4089,7.7822,11.902,15.107,19.227,21.516,22.126,25.483,30.976,33.876,36.164,36.164,38.911,39.979,41.81,42.573,44.557,44.862,43.947,42.726,41.658,37.08,33.723,28.535,27.009,24.415,24.567,26.551,28.535,29.756,30.976,30.976,33.723,35.096,37.996,36.927,36.164,32.197,26.246,16.938,8.0874,2.2889,-0.30519,-3.8148,-6.7141,-9.7659,-10.224,-12.513,-14.039,-16.327,-16.938,-18.311,-20.295,-23.194,-24.415,-25.025,-23.804,-23.957,-22.431,-21.21,-21.058,-20.905,-20.295,-21.516,-23.804,-27.009,-28.077,-29.298,-27.619,-24.262,-20.753,-19.99,-19.532,-21.058,-21.363,-20.295,-19.99,-21.21,-22.889,-24.873,-27.467,-31.434,-35.554,-42.268,-46.999,-50.356,-50.813,-51.576,-48.372,-47.609,-47.761,-47.761,-47.761,-46.846,-45.625,-45.32,-43.947,-41.658,-38.453,-34.333,-29.298,-27.467,-25.33,-23.041,-22.126,-22.431,-24.11,-27.009,-28.23,-30.824,-31.434,-33.113,-31.281,-31.129,-30.671,-28.23,-25.483,-22.126,-17.853,-16.785,-15.107,-16.022,-14.954,-14.039,-14.649,-14.039,-15.564,-17.853,-16.938,-16.022,-13.428,-10.376,-5.4933,-0.61037,3.8148,5.9511,10.681,14.191,16.48,19.684,24.72,28.077,32.197,35.859,39.827,41.047,39.827,38.911,40.59,40.132,40.895,40.742,41.81,41.963,44.099,45.93,45.93,45.32,45.625,48.372,50.05,48.372,49.745,50.966,53.255,55.391,56.307,57.07,56.612,54.933,55.391,53.407,53.102,51.881,53.255,54.933,56.154,56.307,57.527,59.664,63.936,68.209,71.718,73.855,77.212,81.027,85.91,87.13,86.673,88.351,88.656,87.436,88.504,88.656,88.961,89.267,89.572,86.825,85.452,82.858,77.212,70.345,65.92,60.427,54.781,47.304,42.421,36.775,34.639,33.113,33.265,34.333,35.859,35.401,36.775,37.08,35.859,30.824,28.535,27.009,22.279,16.938,11.75,6.2563,1.6785,-5.0356,-12.207,-19.99,-26.856,-33.418,-36.164,-37.996,-39.216,-42.268,-44.252,-48.524,-52.797,-57.68,-60.732,-66.53,-70.498,-73.397,-73.092,-71.871,-70.956,-74.618,-75.838,-76.449,-75.991,-78.28,-80.111,-82.4,-85.757,-90.03,-92.013,-93.234,-91.556,-89.724,-87.283,-87.741,-87.741,-86.367,-84.994,-84.841,-85.147,-86.062,-89.724,-95.828,-99.185,-102.85,-104.53,-107.43,-111.39,-115.05,-116.58,-120.24,-124.52,-130.77,-134.89,-136.57,-135.5,-135.35,-134.59,-134.74,-133.67,-131.99,-128.18,-122.99,-114.9,-105.59,-92.776,-80.416,-66.53,-54.781,-42.726,-31.434,-20.6,-9.4607,1.6785,13.886,28.23,40.59,50.508,56.917,64.852,69.124,73.244,77.975,82.705,87.588,93.692,97.659,99.643,99.033,100.56,101.02,103.61,105.9,110.93,114.6,118.11,121.31,124.06,127.57,130.92,128.18,124.06,117.8,113.83,109.87,105.44,103.76,105.14,106.81,108.19,106.66,103.92,100.71,99.643,97.507,98.117,100.41,103.46,104.98,105.29,106.05,106.2,105.59,104.37,101.17,98.727,93.081,86.673,79.958,73.855,68.819,63.478,56.612,48.83,41.353,35.707,31.434,27.772,22.889,19.684,16.022,11.292,5.7985,1.2207,-3.2044,-8.0874,-14.801,-19.99,-24.11,-26.246,-30.824,-33.113,-36.47,-37.996,-36.927,-33.418,-29.298,-23.957,-20.295,-17.396,-18.006,-17.548,-18.006,-14.954,-12.818,-11.444,-11.139,-11.444,-10.681,-7.3244,-3.0519,0.45778,1.5259,3.8148,4.7304,7.3244,10.376,13.886,17.396,21.516,24.873,25.025,21.21,18.311,14.344,10.681,5.3407,1.3733,-2.2889,-5.3407,-8.3926,-11.292,-13.886,-17.243,-21.668,-23.804,-27.314,-28.077,-28.993,-29.298,-29.603,-28.535,-27.772,-27.314,-27.314,-27.314,-27.924,-27.161,-27.467,-23.194,-17.853,-11.292,-5.9511,-0,4.883,11.902,20.6,31.587,40.895,49.44,56.154,62.563,64.852,66.53,68.514,69.43,70.65,68.819,63.173,61.037,56.612,52.492,47.304,41.963,38.148,33.113,27.314,23.804,19.837,15.107,9.1556,5.6459,4.12,5.6459,6.2563,6.5615,6.5615,8.0874,8.3926,7.477,7.1718,8.24,9.003,10.987,9.9185,9.6133,8.5452,8.8504,7.6296,7.9348,8.8504,9.6133,10.681,11.444,9.6133,8.8504,7.7822,5.7985,2.4415,-2.5941,-8.8504,-14.191,-17.09,-17.548,-17.243,-16.938,-19.227,-19.837,-19.532,-19.074,-18.921,-19.074,-19.837,-19.684,-20.6,-21.058,-21.821,-22.431,-25.636,-28.993,-35.859,-41.658,-46.083,-49.593,-51.271,-51.118,-49.44,-46.541,-45.93,-44.099,-43.489,-41.047,-36.622,-32.807,-30.061,-26.704,-24.262,-20.6,-18.464,-16.633,-17.701,-14.954,-11.75,-8.5452,-7.477,-8.5452,-8.5452,-8.24,-8.6978,-7.9348,-6.8667,-4.7304,-2.4415,-0.30519,0.45778,1.0681,2.8993,5.0356,4.883,4.7304,0.30519,-3.0519,-7.0193,-6.7141,-4.5778,-3.2044,-1.8311,-0.76296,-0.91556,-0.91556,-1.8311,-1.8311,-3.6622,-3.8148,-5.6459,-7.1718,-8.3926,-9.003,-9.9185,-8.24,-7.3244,-7.3244,-11.75,-16.785,-21.973,-25.483,-30.519,-32.655,-34.944,-35.096,-35.249,-37.233,-39.216,-41.658,-42.421,-42.268,-44.71,-46.236,-49.287,-52.492,-55.238,-56.459,-57.527,-58.443,-58.748,-59.053,-58.901,-58.596,-61.953,-63.936,-68.209,-70.345,-72.024,-72.481,-72.329,-73.55,-75.228,-75.533,-76.907,-78.585,-81.179,-80.416,-80.111,-78.585,-77.059,-73.702,-72.329,-71.108,-69.582,-66.836,-64.089,-60.274,-57.985,-53.865,-53.865,-52.644,-51.729,-50.356,-47.761,-43.794,-38.911,-33.265,-27.161,-19.532,-12.97,-5.6459,0.91556,9.4607,16.633,23.499,28.84,33.876,37.996,40.895,43.794,46.541,45.167,43.947,39.521,36.622,35.249,35.096,33.265,29.908,25.941,22.279,17.396,13.123,6.8667,1.9837,-2.5941,-5.0356,-8.6978,-10.987,-15.107,-16.48,-19.074,-22.431,-23.804,-23.499,-24.873,-26.246,-28.535,-30.824,-31.739,-29.908,-28.535,-26.399,-24.567,-21.668,-19.532,-17.09,-13.428,-7.9348,-4.4252,-0.76296,0.15259,5.4933,9.4607,13.886,17.09,19.074,18.311,17.548,17.09,16.48,14.954,15.717,15.412,16.022,16.022,16.48,15.412,13.276,10.834,9.9185,7.0193,5.0356,1.8311,-1.6785,-7.3244,-11.75,-14.954,-16.938,-19.074,-20.905,-23.804,-27.924,-32.96,-35.707,-37.843,-37.538,-37.69,-35.096,-35.707,-35.859,-35.554,-34.791,-31.739,-27.619,-23.652,-16.175,-9.1556,-1.8311,5.6459,15.259,20.905,26.246,31.281,34.791,36.012,37.69,38.911,40.59,41.505,42.268,40.895,39.979,37.843,37.233,35.554,30.213,25.636,21.21,17.243,13.581,7.9348,3.6622,-2.8993,-8.8504,-13.886,-16.938,-19.532,-20.6,-20.6,-18.921,-15.87,-13.123,-11.902,-9.1556,-7.477,-4.12,-2.7467,-2.2889,-1.0681,0.45778,1.5259,2.5941,3.6622,4.5778,5.4933,5.9511,3.0519,0.61037,-4.7304,-9.3081,-14.039,-18.464,-21.058,-23.804,-26.856,-29.145,-32.502,-33.876,-35.249,-36.012,-37.385,-37.385,-38.911,-39.979,-42.268,-45.93,-48.524,-51.881,-56.001,-59.511,-65.615,-69.277,-75.228,-78.433,-83.468,-83.01,-81.179,-80.721,-81.332,-81.942,-83.468,-83.621,-83.621,-80.416,-80.416,-79.653,-80.721,-81.942,-82.705,-82.553,-82.247,-81.027,-80.264,-78.127,-72.939,-65.31,-59.206,-52.492,-48.982,-47.914,-46.999,-45.167,-43.794,-43.184,-42.879,-43.031,-43.947,-44.252,-47.914,-50.813,-55.696,-59.053,-63.936,-66.836,-68.667,-70.65,-72.024,-74.465,-78.28,-82.4,-86.062,-88.046,-87.741,-85.147,-84.231,-81.484,-77.67,-74.007,-69.43,-65.004,-61.342,-57.68,-56.459,-53.865,-52.797,-51.424,-53.56,-55.086,-55.696,-54.476,-52.339,-50.05,-46.083,-41.963,-38.301,-33.418,-32.807,-32.655,-32.502,-32.197,-30.366,-27.924,-29.145,-30.061,-30.824,-30.519,-32.197,-33.418,-36.47,-38.911,-41.505,-41.2,-38.453,-35.859,-33.113,-29.45,-25.483,-19.837,-16.327,-12.818,-14.039,-14.801,-17.548,-18.921,-20.142,-21.363,-25.178,-30.061,-36.164,-40.132,-42.268,-39.369,-38.911,-38.301,-39.827,-38.759,-38.606,-37.538,-35.707,-35.554,-34.791,-31.281,-30.061,-29.908,-32.807,-35.096,-37.233,-37.233,-40.132,-44.862,-48.219,-50.508,-52.644,-53.865,-58.29,-59.969,-60.884,-58.901,-56.459,-50.05,-45.93,-42.116,-38.606,-34.944,-30.671,-25.025,-19.684,-12.207,-9.4607,-5.0356,-1.6785,-1.0681,-1.9837,-2.2889,-4.883,-7.3244,-6.8667,-3.8148,-3.2044,-2.5941,-2.7467,-2.5941,-5.6459,-8.24,-10.987,-13.123,-17.701,-21.821,-24.72,-28.23,-30.366,-30.213,-30.976,-30.366,-31.281,-30.213,-29.908,-30.213,-32.35,-32.655,-32.96,-29.603,-23.347,-17.853,-14.649,-7.6296,-4.12,-0.91556,1.0681,2.7467,5.1881,7.7822,10.529,13.581,14.649,16.327,16.022,16.785,17.243,19.532,20.6,21.821,23.041,24.72,26.246,27.619,26.093,25.941,25.178,24.873,25.025,25.178,23.652,21.516,20.753,23.957,25.941,28.077,28.84,30.824,31.434,31.739,32.502,33.57,36.164,35.859,33.57,32.807,33.113,36.012,38.148,41.81,42.573,43.641,46.236,47.914,49.593,50.813,50.356,48.677,45.32,42.268,38.148,36.164,34.486,34.486,34.791,34.181,32.197,29.145,26.551,25.025,21.821,18.159,13.733,10.834,7.0193,4.2726,2.8993,1.0681,0.91556,1.9837,1.9837,6.8667,9.7659,13.581,18.159,25.178,32.197,37.233,41.353,44.252,46.541,50.661,53.407,55.849,56.001,59.206,62.41,64.089,64.089,64.699,62.716,62.258,59.206,55.544,49.593,46.999,43.641,40.284,36.164,32.502,30.671,29.908,26.856,22.736,19.074,19.99,17.853,16.633,16.022,16.327,16.48,17.09,18.616,19.99,20.295,21.668,21.363,23.804,26.093,27.772,29.145,29.908,26.704,24.262,20.753,17.548,12.513,11.139,12.055,12.513,12.207,13.276,15.107,18.159,20.295,24.567,23.652,23.041,22.584,23.041,26.093,28.382,29.298,30.976,31.281,34.028,34.944,35.707,35.554,36.012,34.333,33.113,33.265,35.096,35.249,36.775,36.927,37.996,35.249,35.249,34.181,32.35,30.519,26.551,22.736,20.295,18.006,17.396,17.548,16.175,10.834,7.3244,4.2726,1.9837,-0.91556,-1.9837,-2.5941,-0.15259,0.45778,1.2207,0.61037,1.2207,1.2207,2.4415,3.0519,7.1718,10.834,12.665,17.09,23.957,30.213,34.028,35.859,38.759,36.622,35.249,33.723,32.35,30.366,30.061,27.619,23.957,18.616,14.649,10.529,7.477,3.9674,2.2889,-3.357,-8.8504,-14.801,-19.532,-23.957,-28.993,-35.096,-39.521,-42.573,-43.489,-44.862,-47.761,-52.339,-56.459,-60.884,-63.021,-63.936,-64.547,-65.615,-64.394,-61.342,-55.238,-53.255,-50.203,-46.846,-43.184,-40.132,-38.453,-37.385,-34.181,-30.366,-28.077,-29.603,-31.434,-34.791,-37.385,-42.421,-47.151,-50.508,-53.865,-57.985,-59.206,-60.732,-62.868,-65.31,-65.004,-66.53,-65.31,-64.852,-64.241,-64.547,-64.089,-64.089,-61.647,-59.206,-54.018,-50.508,-45.473,-42.268,-39.216,-37.69,-37.69,-37.08,-36.47,-35.401,-31.739,-31.281,-28.993,-26.551,-24.11,-25.788,-30.519,-35.249,-39.369,-44.404,-47.761,-52.644,-54.018,-56.307,-57.985,-60.732,-60.884,-60.579,-61.037,-59.969,-57.527,-54.323,-48.83,-45.625,-43.489,-42.879,-38.148,-33.113,-27.619,-23.041,-21.058,-20.6,-17.548,-15.717,-14.191,-14.649,-12.055,-6.4089,-1.6785,-1.5259,-4.4252,-8.24,-11.597,-12.36,-13.123,-16.633,-18.769,-22.279,-23.194,-25.483,-26.704,-27.314,-26.246,-26.704,-28.23,-28.993,-27.314,-26.551,-25.788,-27.009,-25.483,-24.72,-23.652,-21.058,-17.396,-15.564,-14.039,-11.597,-11.597,-16.022,-20.447,-25.025,-28.993,-34.486,-38.911,-43.489,-46.388,-47.609,-47.304,-49.135,-50.661,-54.628,-57.07,-61.037,-63.936,-63.784,-61.647,-61.037,-60.884,-58.748,-55.391,-53.713,-50.508,-47.914,-45.015,-45.32,-45.778,-41.505,-37.233,-32.655,-25.483,-20.753,-16.022,-12.207,-6.7141,-1.8311,4.883,10.376,16.633,21.058,26.551,32.197,36.927,39.674,42.573,43.184,45.167,44.557,44.862,46.236,46.083,44.404,41.047,37.843,32.807,26.093,21.21,15.259,11.597,5.4933,1.2207,-2.5941,-2.1363,0.61037,5.0356,7.7822,9.4607,10.376,12.36,11.444,13.276,15.412,20.142,24.873,30.213,32.044,34.028,37.69,41.81,46.236,50.508,54.17,59.816,62.105,66.988,70.498,73.855,74.313,72.939,71.413,73.244,76.907,80.111,82.858,86.367,86.825,89.724,88.351,86.062,82.553,81.79,80.721,78.433,74.923,70.498,66.53,65.462,63.173,63.326,62.258,60.884,55.544,51.271,46.388,45.015,44.099,43.947,43.794,44.557,43.031,41.963,38.911,37.996,37.08,36.47,34.333,32.044,30.824,28.687,26.093,24.72,23.804,24.415,24.567,26.856,27.161,26.399,25.788,28.077,29.756,29.603,29.145,31.434,31.281,30.366,26.856,23.499,19.532,17.396,13.733,11.444,10.529,12.207,15.87,18.159,18.769,19.074,19.532,23.194,24.262,27.924,28.382,28.687,27.772,25.788,23.957,23.957,23.041,22.736,21.668,20.753,15.87,11.444,8.6978,7.477,5.6459,2.7467,0.61037,-0.76296,0.30519,1.8311,2.2889,3.8148,5.4933,7.1718,9.6133,14.496,15.87,16.785,18.159,20.6,22.126,23.041,20.295,17.396,12.055,7.3244,2.7467,0.15259,-0.45778,-2.4415,-5.9511,-9.003,-13.276,-17.396,-23.041,-28.077,-32.044,-34.333,-36.775,-40.742,-45.473,-47.914,-47.761,-45.32,-44.404,-46.541,-51.271,-50.508,-50.203,-48.677,-47.914,-47.304,-45.473,-44.252,-45.473,-45.778,-41.658,-34.181,-29.45,-23.194,-21.668,-19.532,-13.123,-4.4252,1.6785,7.3244,12.513,16.175,20.295,24.567,22.736,22.126,19.532,18.311,16.175,13.581,10.681,6.1037,0.45778,-4.883,-8.0874,-9.1556,-10.224,-8.6978,-6.7141,-5.4933,-3.9674,-2.1363,-1.2207,-1.0681,-3.0519,-3.8148,-7.9348,-11.902,-15.717,-16.48,-16.327,-16.022,-16.48,-16.785,-15.412,-11.902,-10.071,-9.3081,-11.597,-15.564,-22.126,-26.093,-30.061,-31.892,-35.554,-37.08,-36.775,-33.723,-28.84,-23.499,-17.09,-12.207,-9.4607,-6.2563,-4.4252,-2.8993,-5.0356,-6.5615,-7.7822,-8.6978,-12.36,-14.649,-17.548,-21.973,-27.009,-32.044,-38.148,-43.031,-49.135,-51.729,-55.696,-58.596,-60.732,-61.953,-62.563,-61.953,-61.495,-62.716,-65.92,-68.667,-74.313,-79.196,-83.468,-82.095,-79.958,-77.364,-75.076,-70.956,-66.073,-61.342,-55.086,-49.745,-48.677,-44.71,-43.336,-40.284,-38.453,-34.944,-32.35,-30.061,-28.077,-25.636,-24.262,-22.279,-22.279,-21.363,-22.126,-23.347,-24.873,-24.11,-22.584,-18.769,-15.87,-11.444,-7.6296,-2.7467,2.2889,5.6459,6.2563,8.0874,8.24,8.5452,9.003,9.9185,11.75,14.954,17.243,19.532,23.041,28.077,29.603,31.129,31.892,32.35,31.587,30.366,28.23,25.33,21.973,19.684,14.344,9.7659,5.6459,2.4415,-1.8311,-5.1881,-7.7822,-9.7659,-11.444,-13.123,-15.412,-15.107,-12.207,-6.7141,-3.6622,-1.0681,-0.91556,2.5941,6.1037,8.6978,11.139,14.649,15.87,21.058,25.483,31.892,34.333,35.859,35.401,36.927,38.301,36.927,35.707,35.096,32.197,28.84,25.636,23.041,20.142,16.938,13.123,9.7659,6.2563,5.1881,6.1037,8.8504,8.5452,9.7659,9.9185,9.6133,8.0874,8.5452,9.003,8.0874,7.6296,8.0874,7.477,7.7822,5.0356,3.0519,1.2207,2.4415,3.8148,6.7141,7.7822,9.1556,12.207,14.496,16.175,17.243,16.175,16.022,14.191,14.344,15.259,16.938,14.801,9.4607,4.12,-0.76296,-3.357,-4.4252,-5.6459,-6.1037,-7.1718,-7.7822,-10.987,-14.191,-16.327,-17.396,-18.311,-19.227,-20.905,-21.821,-21.973,-20.447,-20.905,-20.142,-19.837,-18.769,-17.701,-12.665,-9.003,-7.6296,-6.7141,-5.6459,-6.1037,-5.6459,-6.8667,-5.7985,-4.2726,-0.61037,2.5941,5.7985,9.1556,12.665,14.496,15.87,16.327,17.396,16.938,16.785,15.87,15.107,14.801,13.123,10.834,9.6133,7.477,4.883,0.15259,-3.0519,-8.3926,-12.055,-16.175,-16.633,-15.107,-14.496,-15.717,-17.701,-18.769,-19.837,-20.6,-21.21,-22.889,-22.431,-24.262,-23.957,-23.804,-22.279,-20.142,-16.785,-14.496,-12.513,-11.902,-8.5452,-7.7822,-5.6459,-3.8148,-0,1.6785,4.2726,8.8504,12.207,13.886,12.818,12.055,12.818,12.97,13.123,11.292,10.071,7.3244,8.0874,8.24,6.4089,4.7304,4.7304,3.357,2.8993,1.8311,2.5941,2.7467,5.3407,6.1037,8.24,8.8504,10.987,11.139,10.224,11.139,11.292,12.207,13.886,15.412,16.938,14.496,12.665,10.987,12.055,12.665,12.513,11.75,12.36,10.834,11.902,14.954,20.6,24.72,27.772,28.382,29.603,31.434,34.028,37.996,42.421,44.557,44.71,41.81,40.59,38.453,38.301,36.47,32.502,28.84,27.619,27.772,27.619,26.551,27.467,26.399,25.33,23.499,23.041,20.6,16.938,12.97,7.9348,2.1363,-2.7467,-6.8667,-9.6133,-12.818,-15.412,-19.227,-21.668,-24.262,-25.636,-29.603,-31.892,-31.434,-30.976,-31.129,-30.824,-31.129,-29.603,-28.535,-27.161,-28.993,-28.382,-28.382,-30.061,-32.197,-33.265,-35.249,-36.47,-38.759,-39.827,-41.2,-39.369,-39.827,-40.132,-41.2,-38.911,-37.385,-37.233,-37.233,-37.233,-38.911,-41.81,-45.778,-48.372,-53.255,-56.764,-63.021,-65.92,-70.803,-74.77,-77.822,-77.364,-76.907,-78.28,-80.111,-81.332,-84.689,-88.351,-93.539,-94.607,-96.438,-99.796,-103.92,-105.75,-106.81,-105.59,-103.92,-100.56,-97.964,-92.624,-86.673,-79.196,-72.787,-67.293,-62.563,-56.459,-50.813,-45.625,-40.895,-34.791,-29.45,-23.041,-18.311,-14.954,-14.039,-12.818,-12.97,-15.107,-19.379,-24.72,-30.671,-34.944,-41.81,-47.761,-54.323,-58.596,-64.241,-68.361,-72.787,-78.433,-84.384,-88.504,-92.013,-90.335,-89.114,-86.062,-85.299,-84.231,-83.926,-82.553,-81.484,-79.806,-79.501,-77.212,-77.364,-76.754,-77.67,-78.127,-77.67,-77.212,-75.076,-67.904,-59.511,-51.576,-45.015,-38.759,-36.927,-34.791,-31.739,-29.45,-27.619,-25.483,-24.567,-23.041,-21.973,-21.516,-23.347,-23.347,-25.636,-25.636,-27.161,-28.382,-31.434,-33.57,-36.012,-38.606,-43.641,-46.693,-51.881,-55.238,-60.884,-63.173,-67.293,-71.718,-72.787,-70.498,-66.378,-64.089,-62.41,-62.563,-62.105,-61.342,-60.427,-54.628,-48.372,-38.453,-30.366,-19.99,-8.6978,3.9674,14.649,25.025,36.164,46.846,54.933,64.547,71.718,79.958,85.452,91.25,96.438,104.07,109.87,112.16,113.68,116.43,118.11,116.43,109.87,104.07,95.37,91.098,85.452,77.975,68.209,61.037,55.391,51.881,47.609,44.404,39.521,36.164,30.824,24.873,19.379,16.175,12.97,9.4607,6.2563,0.30519,-4.5778,-10.834,-16.175,-19.379,-24.11,-27.314,-32.655,-36.317,-41.505,-44.862,-48.83,-51.576,-56.307,-60.884,-65.615,-69.277,-70.803,-68.667,-68.056,-65.767,-65.767,-64.394,-63.936,-63.478,-64.547,-63.478,-61.953,-61.953,-63.478,-63.326,-63.936,-62.41,-63.631,-63.021,-65.004,-67.904,-73.397,-78.127,-83.316,-85.452,-87.436,-88.504,-87.741,-84.231,-80.416,-75.076,-72.024,-66.988,-62.868,-58.901,-57.68,-58.443,-58.901,-58.138,-57.833,-56.917,-57.68,-56.154,-54.628,-50.661,-49.135,-46.388,-41.81,-35.554,-31.434,-28.077,-25.025,-22.279,-22.431,-21.821,-21.821,-20.753,-22.584,-23.652,-24.567,-26.246,-27.772,-27.772,-28.993,-33.265,-39.979,-42.268,-43.489,-41.047,-38.148,-32.655,-29.908,-29.145,-31.587,-33.57,-36.927,-38.606,-41.505,-41.2,-41.2,-37.69,-37.233,-35.707,-32.96,-32.197,-32.197,-31.587,-29.145,-23.804,-17.09,-10.529,-7.477,-3.2044,0.61037,4.7304,7.477,10.529,15.564,21.973,28.23,34.333,36.164,39.064,43.336,48.067,47.914,48.524,47.609,46.693,45.015,41.505,39.674,39.827,37.538,39.369,39.369,39.827,39.827,41.353,41.505,42.421,41.81,44.252,46.999,48.982,50.356,50.966,52.034,54.17,55.544,56.612,54.476,53.56,53.102,54.018,53.407,55.238,56.307,56.612,58.596,62.105,65.615,69.887,72.939,77.517,80.264,81.79,80.416,82.095,84.231,88.809,92.318,97.049,101.17,104.53,106.97,109.41,110.78,110.93,106.97,105.29,104.07,103.31,102.39,105.9,107.88,110.17,110.78,111.85,113.83,116.43,118.11,119.48,117.19,114.9,111.7,108.49,103.46,99.033,97.049,99.033,101.63,105.75,108.49,111.39,113.22,115.67,116.73,118.11,118.11,120.4,122.53,126.65,128.33,128.03,127.72,128.48,126.65,126.35,123.45,122.23,119.33,119.02,121.31,125.74,129.09,129.7,130.92,131.53,128.64,125.74,121.01,118.26,114.75,112.46,108.8,106.66,106.2,107.43,109.26,111.55,110.48,112.16,114.9,116.58,118.26,119.48,119.33,117.8,117.65,118.41,118.11,117.19,116.58,115.51,111.55,106.97,103.15,100.71,99.185,97.201,94.15,89.877,87.436,87.741,82.705,78.433,72.787,69.582,66.836,65.31,61.495,59.969,60.121,60.732,59.816,57.985,54.17,49.593,43.184,41.2,39.827,40.59,40.895,42.726,46.236,52.187,55.696,56.764,57.527,60.427,59.358,59.511,58.29,57.833,57.833,57.985,57.375,54.628,50.05,46.388,39.979,36.012,32.35,31.892,30.061,29.145,27.009,25.178,23.041,20.905,18.311,14.039,10.376,9.003,5.1881,3.2044,2.5941,4.883,3.8148,1.3733,-1.2207,-2.1363,-2.2889,-1.9837,-1.9837,0.61037,1.8311,5.7985,7.9348,11.139,12.055,12.97,15.107,16.175,17.09,19.379,21.058,23.957,26.093,28.84,30.671,33.265,32.807,32.96,32.502,31.434,31.129,30.671,27.772,26.551,25.025,24.415,22.431,19.227,17.243,14.801,12.513,10.529,7.6296,5.1881,2.5941,2.2889,1.0681,0.45778,-0,0.76296,-0,-0.61037,-0.91556,-0.15259,-0.45778,-1.3733,-2.1363,-2.2889,-2.5941,2.5941,8.24,14.344,18.769,23.041,23.194,20.753,18.006,16.175,14.344,13.428,10.681,10.071,7.1718,6.7141,4.883,3.8148,2.7467,1.0681,-1.5259,-5.1881,-7.7822,-9.3081,-12.207,-14.039,-16.633,-18.006,-23.041,-29.145,-34.944,-38.453,-42.421,-45.167,-46.541,-47.304,-48.372,-45.32,-42.268,-38.911,-37.843,-34.639,-31.892,-32.044,-35.859,-36.927,-36.927,-36.622,-39.064,-39.369,-40.132,-40.437,-42.116,-43.031,-46.236,-46.846,-47.151,-45.93,-44.557,-44.404,-45.778,-47.456,-49.135,-49.593,-52.644,-54.17,-57.68,-59.511,-58.748,-57.375,-56.612,-54.933,-54.628,-53.407,-52.492,-49.44,-48.372,-46.541,-48.372,-47.761,-48.677,-48.372,-47.914,-45.93,-43.184,-40.59,-39.369,-39.674,-43.794,-46.693,-49.898,-49.898,-51.576,-51.424,-53.713,-54.018,-54.476,-54.628,-54.781,-54.781,-57.833,-59.816,-63.326,-64.547,-68.819,-71.718,-73.855,-75.076,-75.533,-75.838,-75.838,-76.296,-75.991,-76.296,-78.127,-78.89,-81.637,-81.942,-82.553,-79.653,-78.28,-75.076,-72.176,-69.887,-67.293,-65.157,-65.767,-65.157,-65.462,-64.852,-65.92,-64.547,-62.105,-60.732,-60.579,-58.443,-57.07,-55.696,-53.56,-52.034,-50.203,-45.625,-44.404,-41.658,-42.268,-42.268,-41.658,-41.505,-40.59,-39.521,-41.658,-43.947,-47.304,-48.524,-49.593,-47.761,-47.456,-45.167,-42.268,-37.538,-33.265,-27.314,-23.194,-20.142,-16.785,-11.444,-5.9511,0.45778,6.7141,13.276,16.633,19.837,20.6,20.6,22.279,22.431,20.295,20.905,22.126,23.804,25.483,27.619,26.093,24.72,25.483,27.161,27.314,26.704,26.246,26.093,27.619,31.434,34.028,35.554,37.538,40.59,41.658,44.862,48.677,50.356,50.661,51.881,49.745,46.999,45.167,45.93,46.541,48.83,50.05,51.424,49.135,46.999,45.93,46.541,47.304,46.541,44.252,45.625,44.862,44.099,39.064,34.181,29.45,23.347,19.684,16.938,13.886,12.818,10.834,7.1718,-0.76296,-8.24,-16.175,-18.921,-19.379,-18.616,-17.548,-16.022,-14.801,-14.954,-14.954,-12.818,-9.7659,-5.0356,-3.5096,-2.1363,-3.2044,-1.5259,3.8148,10.071,14.191,16.327,18.159,20.6,22.736,26.551,27.314,27.924,26.856,27.314,25.483,24.262,20.905,16.175,11.444,7.6296,3.6622,1.9837,-0.45778,-2.1363,-5.4933,-8.3926,-16.022,-24.567,-31.434,-34.639,-37.538,-43.184,-50.661,-50.966,-51.881,-52.034,-53.255,-51.271,-47.761,-39.216,-30.671,-25.025,-22.584,-20.905,-19.532,-15.87,-14.496,-9.003,-4.12,2.4415,9.003,14.649,18.769,21.516,23.652,25.941,27.161,28.687,26.704,27.009,25.636,22.736,18.769,15.412,11.597,7.477,6.2563,5.1881,2.1363,1.2207,-0.61037,-2.4415,-5.3407,-8.5452,-15.412,-23.347,-30.213,-35.554,-38.148,-41.963,-46.236,-51.271,-57.375,-59.816,-61.8,-61.647,-61.19,-58.138,-53.865,-47.151,-40.284,-35.096,-28.993,-23.804,-23.804,-21.821,-18.616,-12.665,-6.7141,-0.61037,4.5778,9.6133,13.123,18.006,22.431,26.093,27.467,28.993,30.061,29.603,28.535,26.093,23.652,23.194,20.6,17.548,15.412,11.139,4.5778,0.30519,-6.7141,-13.123,-17.09,-21.973,-28.077,-33.418,-39.369,-45.015,-48.982,-52.492,-60.579,-66.378,-73.55,-81.637,-88.046,-92.318,-96.591,-101.63,-108.49,-115.82,-124.52,-128.79,-131.69,-129.09,-129.25,-130.62,-132.3,-130.77,-128.03,-125.43,-119.33,-112.46,-103.61,-95.828,-91.861,-84.841,-81.332,-74.16,-68.056,-62.258,-58.901,-56.764,-54.628,-51.271,-51.881,-50.508,-53.102,-53.865,-54.628,-53.865,-53.407,-51.118,-50.203,-50.203,-46.999,-42.268,-40.895,-38.759,-36.622,-33.57,-37.233,-36.012,-35.554,-40.437,-44.099,-46.846,-49.745,-50.661,-51.729,-52.644,-52.034,-49.287,-49.745,-46.693,-47.456,-46.999,-44.862,-39.064,-34.333,-30.519,-30.671,-29.145,-23.804,-13.733,-9.3081,-6.1037,-3.9674,3.357,6.8667,10.834,20.6,25.788,28.382,33.418,36.164,39.064,40.437,41.2,40.742,41.505,42.573,50.813,58.443,59.053,57.68,53.102,50.356,50.356,47.304,45.778,45.778,42.268,36.164,33.57,31.281,30.213,29.298,28.23,28.077,30.213,32.96,37.843,37.385,39.979,42.116,42.573,40.284,41.658,47.761,55.086,57.375,56.917,56.001,57.07,58.29,62.258,70.65,80.569,82.705,83.01,85.299,87.893,89.419,91.098,92.013,92.471,91.25,90.945,89.877,89.267,84.231,82.705,79.196,72.481,64.089,59.358,54.781,49.287,44.71,37.996,29.756,23.499,18.464,14.191,9.7659,5.9511,0.91556,-3.6622,-6.4089,-4.2726,-2.1363,1.3733,1.3733,1.3733,3.5096,6.1037,4.7304,2.4415,-2.4415,-4.4252,-7.7822,-10.681,-13.428,-15.717,-23.347,-31.587,-38.453,-41.047,-44.099,-51.424,-58.138,-60.427,-64.699,-68.819,-74.16,-79.806,-85.299,-90.945,-98.27,-102.69,-103.76,-110.63,-119.33,-126.65,-135.04,-139.93,-143.28,-148.78,-158.7,-164.19,-168.16,-175.33,-183.87,-194.86,-202.64,-205.85,-212.26,-216.99,-221.11,-221.87,-224.77,-229.04,-234.23,-238.81,-241.55,-242.62,-244.76,-247.2,-246.59,-243.39,-244.15,-245.37,-245.52,-243.08,-242.32,-244.45,-241.55,-233.92,-231.03,-228.28,-224.46,-221.72,-220.95,-214.39,-209.2,-207.37,-205.54,-203.41,-202.49,-205.39,-206,-204.32,-207.68,-205.24,-201.73,-199.59,-198.98,-197.3,-196.69,-196.08,-196.08,-194.56,-194.25,-191.96,-192.72,-191.5,-191.05,-191.2,-192.11,-192.42,-192.88,-195.32,-200.2,-201.42,-201.88,-202.64,-205.85,-206.15,-207.68,-207.22,-206.92,-205.39,-204.02,-202.8,-205.54,-206,-205.24,-203.25,-202.03,-199.29,-199.74,-197.91,-195.47,-192.57,-189.21,-185.86,-181.89,-176.55,-174.26,-168.16,-161.75,-153.81,-152.59,-149.54,-146.03,-142.52,-139.47,-136.27,-131.23,-124.82,-120.7,-117.34,-114.14,-108.34,-104.83,-99.643,-97.812,-95.676,-92.318,-85.91,-83.163,-81.332,-78.89,-75.076,-72.329,-69.124,-68.361,-65.462,-63.631,-61.037,-60.732,-60.427,-61.037,-59.816,-59.053,-59.816,-59.664,-60.274,-59.206,-56.001,-54.17,-48.067,-41.81,-35.401,-31.434,-28.23,-25.636,-21.821,-16.022,-11.444,-7.0193,-0.30519,5.7985,12.207,15.717,19.837,21.058,22.584,25.178,27.924,29.908,30.976,31.434,33.876,34.333,36.927,39.064,39.827,40.437,43.336,44.404,42.726,39.979,38.911,36.164,35.096,33.418,32.502,32.197,32.807,31.739,33.418,33.723,31.434,28.993,27.314,27.009,27.161,25.33,24.72,22.279,20.447,20.753,23.041,22.431,22.889,24.415,27.619,32.655,37.843,40.742,44.71,46.083,49.898,50.966,53.407,55.696,59.816,65.004,69.582,71.871,72.329,72.787,74.313,75.381,77.822,75.228,73.702,70.498,68.056,64.547,62.105,59.511,57.985,56.307,55.849,55.086,54.17,53.407,55.696,56.459,58.748,59.511,62.868,64.547,66.836,68.819,71.108,73.855,78.28,81.332,84.384,85.757,89.114,90.793,95.065,96.744,101.63,108.19,114.6,117.5,120.7,121.31,118.56,111.39,103.92,96.744,91.861,84.994,79.348,71.261,63.631,55.391,49.287,44.099,41.353,37.69,33.57,26.856,23.499,15.87,8.8504,3.0519,-0,-4.5778,-8.24,-12.36,-14.954,-16.022,-19.074,-23.499,-27.619,-32.807,-36.317,-41.505,-47.304,-51.576,-56.001,-58.748,-58.596,-57.985,-60.579,-65.31,-68.514,-71.566,-70.65,-71.108,-69.887,-66.988,-62.716,-57.833,-55.086,-55.086,-55.086,-53.255,-48.524,-44.099,-38.911,-34.944,-29.756,-26.551,-23.041,-19.837,-18.769,-18.006,-17.09,-18.159,-20.295,-22.431,-21.058,-21.363,-21.516,-24.262,-24.873,-27.314,-27.619,-28.993,-29.908,-30.213,-28.993,-27.161,-26.093,-27.619,-27.619,-30.519,-30.061,-31.892,-33.876,-37.233,-39.979,-43.947,-47.456,-48.219,-48.067,-46.999,-41.658,-34.333,-26.093,-22.889,-19.837,-19.99,-20.142,-18.464,-16.327,-13.733,-8.24,-2.1363,5.3407,11.902,19.837,26.704,35.707,41.2,44.862,48.677,54.323,61.495,68.514,75.686,84.994,91.403,99.948,106.97,113.22,117.19,123.45,127.57,130.31,131.08,131.23,130.16,128.48,126.96,127.72,126.8,126.35,123.45,121.01,118.26,118.11,119.63,121.31,123.91,124.36,121.01,119.17,117.8,118.72,118.41,120.85,123.91,125.43,124.06,121.77,120.7,119.94,116.73,115.67,113.99,115.97,118.11,119.33,119.63,120.24,117.95,113.83,106.97,100.86,93.539,87.283,81.332,78.28,74.923,72.634,70.345,68.056,64.852,60.884,57.222,56.917,54.323,52.797,50.356,49.593,47.151,44.557,40.437,37.69,32.807,27.772,23.041,22.889,23.957,26.551,27.009,27.924,28.84,27.924,24.567,19.227,14.344,12.665,10.071,8.8504,5.1881,2.7467,-0.15259,-0.76296,-1.2207,-0.76296,-0.15259,0.30519,-0.30519,0.30519,2.8993,7.477,8.0874,8.6978,9.003,7.6296,4.883,3.8148,4.12,6.2563,9.7659,15.107,18.464,22.279,24.567,26.399,28.687,32.502,34.791,36.47,36.012,35.554,33.57,33.418,31.281,29.908,28.84,30.061,32.655,34.181,33.723,35.249,35.554,37.385,39.521,42.421,43.031,41.81,41.2,41.047,41.353,41.963,40.132,39.674,38.911,39.674,38.301,37.385,37.538,37.996,38.606,37.385,34.333,32.044,29.298,27.772,26.399,25.483,24.11,20.905,16.633,12.97,8.5452,5.0356,0.61037,-0.30519,0.15259,2.8993,3.6622,8.8504,13.123,18.006,23.041,27.619,31.739,35.401,36.164,36.164,33.265,30.061,28.382,27.009,27.009,28.535,29.908,30.519,29.603,30.671,32.197,35.401,35.554,34.944,33.113,30.519,27.772,26.551,24.72,22.431,20.142,19.532,18.006,18.159,17.853,17.09,15.412,12.665,8.8504,7.3244,7.477,9.6133,11.139,13.123,11.597,11.597,11.292,14.954,16.785,19.227,24.11,29.756,33.265,37.08,37.385,39.979,43.031,46.693,49.898,52.644,54.628,56.001,57.527,61.037,63.631,66.225,68.209,72.329,72.787,72.634,72.481,73.855,73.397,71.413,70.193,69.124,68.209,69.124,68.667,67.751,65.157,63.173,60.579,54.323,45.93,38.911,35.707,35.249,31.434,30.976,30.824,31.892,30.671,29.298,28.23,27.314,24.873,21.363,19.684,19.532,19.227,21.668,22.736,26.246,27.772,30.366,33.113,36.164,39.674,44.099,48.982,55.391,59.511,61.495,60.884,62.868,64.394,65.615,67.446,68.056,68.819,72.329,73.55,77.364,79.958,83.926,85.91,86.52,86.062,85.147,82.553,79.043,74.16,68.209,62.563,61.037,58.138,55.238,53.56,52.339,50.508,49.287,48.524,49.593,47.761,47.609,46.236,45.778,44.099,39.979,33.723,27.314,21.668,17.853,14.344,11.902,9.1556,9.9185,11.444,14.954,19.379,23.652,26.093,27.009,25.636,26.551,28.077,30.061,30.061,29.908,29.45,28.84,28.077,26.551,25.483,23.347,18.311,15.564,11.902,8.6978,7.3244,7.3244,6.1037,7.0193,10.376,12.97,13.428,14.801,15.87,18.464,19.532,19.379,18.464,17.701,17.243,15.107,12.513,10.071,7.1718,8.8504,9.6133,9.7659,7.7822,6.2563,6.8667,8.24,9.4607,11.292,9.4607,7.6296,4.5778,2.8993,-0.76296,-3.9674,-4.7304,-6.1037,-9.003,-10.987,-13.428,-14.344,-17.701,-19.684,-22.431,-24.11,-26.856,-27.009,-26.399,-26.093,-29.298,-30.976,-31.434,-30.824,-33.265,-33.418,-32.197,-29.145,-27.772,-26.551,-26.551,-26.856,-29.45,-30.061,-31.587,-29.603,-28.535,-25.33,-23.347,-21.363,-18.159,-18.006,-21.363,-22.736,-23.499,-20.6,-18.159,-19.837,-25.788,-32.044,-38.759,-45.32,-48.372,-48.067,-50.356,-52.187,-57.07,-59.206,-60.579,-61.037,-61.342,-59.664,-58.443,-56.154,-56.459,-54.933,-57.527,-57.985,-57.833,-56.612,-56.459,-57.07,-60.121,-62.105,-66.378,-68.056,-72.329,-74.16,-75.838,-75.228,-74.16,-75.533,-78.433,-79.653,-80.721,-79.958,-81.332,-81.484,-84.689,-88.961,-91.403,-92.318,-90.03,-83.621,-78.28,-71.871,-65.31,-60.732,-59.206,-53.407,-48.219,-41.505,-36.012,-30.976,-25.788,-18.616,-11.75,-7.7822,-5.9511,-3.6622,-2.4415,0.91556,4.2726,7.7822,10.071,9.9185,9.4607,8.24,4.2726,2.2889,0.91556,0.61037,-2.8993,-3.8148,-6.1037,-5.0356,-0.91556,3.2044,6.2563,10.834,15.107,18.159,14.954,11.902,8.8504,7.6296,6.1037,5.7985,4.7304,3.8148,1.8311,-0,-1.0681,1.8311,3.6622,6.7141,11.597,19.684,27.772,35.096,39.216,40.437,41.658,43.031,43.794,45.015,45.32,52.492,61.953,72.024,79.653,87.436,94.607,101.02,108.95,116.43,119.79,121.46,122.99,126.19,127.72,128.03,128.33,128.48,130.01,132.3,133.52,135.35,134.43,133.98,132.15,131.53,130.77,128.03,126.19,122.84,118.87,116.28,111.7,114.29,117.5,120.24,119.02,119.17,117.65,116.28,116.89,116.89,116.58,119.33,123.75,125.58,123.91,124.36,123.6,119.02,113.68,110.63,106.05,103.61,100.56,99.185,96.133,95.065,92.013,90.335,86.673,82.705,79.501,77.212,75.381,73.397,69.887,65.462,59.206,54.323,47.151,42.116,35.401,28.687,23.652,17.853,10.224,2.7467,-3.8148,-6.7141,-11.444,-15.564,-19.379,-22.584,-25.483,-26.551,-24.873,-22.889,-24.415,-27.009,-29.145,-27.161,-24.72,-23.347,-24.72,-25.178,-25.788,-23.499,-21.516,-23.194,-26.551,-29.45,-36.317,-38.911,-45.32,-51.729,-54.628,-52.797,-57.527,-63.784,-68.056,-70.345,-74.77,-80.569,-85.452,-90.487,-96.591,-98.575,-99.49,-98.422,-97.201,-93.387,-90.335,-82.858,-74.77,-68.819,-68.056,-66.53,-63.631,-59.053,-56.307,-51.424,-48.372,-44.71,-44.862,-44.557,-45.93,-48.982,-54.17,-56.917,-60.121,-61.037,-61.342,-58.443,-57.527,-56.917,-57.222,-57.375,-57.222,-58.748,-61.037,-63.631,-64.547,-64.852,-66.683,-66.988,-68.056,-66.836,-67.141,-68.056,-67.904,-64.852,-63.631,-63.784,-61.647,-53.865,-50.203,-48.83,-46.999,-36.775,-28.23,-21.058,-16.022,-8.8504,-0.61037,6.4089,10.681,12.97,13.886,18.921,18.311,18.616,24.567,29.145,30.671,31.739,33.57,33.57,31.129,29.298,25.788,26.856,27.772,27.619,24.72,22.126,18.921,16.022,11.597,7.3244,-0.61037,-6.7141,-12.36,-14.649,-22.126,-25.788,-30.061,-31.129,-34.791,-34.944,-38.759,-41.963,-44.252,-45.167,-45.167,-39.979,-35.554,-32.044,-32.197,-32.197,-31.892,-29.908,-29.908,-28.23,-24.415,-19.379,-19.99,-19.227,-14.344,-8.3926,-3.5096,2.5941,7.1718,14.191,17.853,25.025,26.704,30.976,38.148,46.236,48.83,50.203,51.424,49.745,43.794,42.268,42.421,43.031,41.505,42.879,42.726,40.437,36.775,35.707,36.317,38.301,38.606,39.064,37.843,35.707,33.113,35.554,36.927,37.843,37.08,35.554,33.265,30.976,29.298,28.84,30.671,35.249,37.233,36.622,33.265,35.859,38.759,42.116,44.557,46.083,49.44,52.95,54.17,57.833,61.19,66.073,69.887,74.007,75.991,77.67,77.212,74.618,72.176,70.345,68.361,65.615,60.884,57.07,51.424,47.761,43.794,41.658,40.437,37.69,35.859,34.639,32.807,29.603,25.941,23.957,17.09,11.444,5.6459,3.6622,5.0356,5.6459,7.1718,11.292,15.87,18.921,18.616,19.074,19.837,22.431,23.499,25.025,25.636,26.093,25.636,24.72,21.821,21.21,21.668,22.126,19.227,17.548,17.09,17.396,16.633,16.785,18.006,18.921,18.006,17.243,14.039,11.292,6.4089,2.1363,-4.2726,-10.529,-14.344,-16.022,-16.48,-16.633,-18.311,-19.837,-23.957,-27.314,-32.35,-34.944,-36.012,-36.927,-38.911,-39.674,-38.301,-34.028,-29.45,-22.431,-18.006,-14.039,-12.207,-8.24,-2.8993,2.4415,6.1037,9.9185,14.954,21.973,27.009,33.876,38.759,44.404,50.203,59.053,65.615,68.514,69.124,69.735,68.514,70.04,68.514,69.43,71.413,74.923,75.228,74.313,73.244,70.803,69.124,67.751,65.92,65.157,62.105,60.427,57.07,55.544,54.018,52.644,50.508,47.914,46.541,47.914,50.203,54.628,56.154,60.121,62.716,66.53,70.803,73.397,77.059,81.332,84.536,88.198,90.945,93.844,94.913,96.438,95.523,94.76,92.929,92.166,91.708,92.013,91.403,91.25,88.961,87.436,83.163,77.67,72.634,68.361,65.462,61.495,57.527,54.17,50.203,46.388,41.658,37.08,32.807,30.976,26.246,21.058,16.022,10.681,5.7985,2.7467,-0.30519,-0.45778,0.45778,1.2207,-0.45778,1.6785,2.1363,2.1363,2.4415,4.12,6.2563,9.003,12.97,16.785,21.21,25.025,24.567,26.704,26.856,27.009,25.178,22.584,19.837,16.938,13.428,11.444,8.6978,7.6296,5.4933,5.7985,6.2563,8.5452,8.3926,7.9348,9.4607,9.7659,9.3081,7.7822,4.4252,1.3733,-3.2044,-6.7141,-7.477,-5.6459,-6.1037,-6.7141,-8.24,-9.1556,-10.376,-10.681,-10.376,-11.139,-12.97,-14.039,-16.48,-18.616,-21.363,-22.584,-21.21,-20.142,-20.447,-21.058,-21.973,-23.652,-28.077,-29.603,-31.739,-32.807,-33.57,-32.044,-30.061,-26.856,-21.363,-16.48,-12.818,-9.6133,-9.7659,-10.529,-12.97,-13.886,-18.159,-21.363,-25.178,-30.671,-37.843,-44.252,-51.271,-54.933,-58.29,-62.105,-66.073,-67.751,-69.735,-69.887,-69.887,-70.65,-72.787,-73.55,-74.313,-73.702,-74.313,-74.618,-78.433,-82.858,-90.03,-93.539,-97.812,-100.25,-99.643,-97.354,-94.913,-89.877,-86.52,-82.095,-79.043,-76.296,-75.686,-74.618,-73.702,-71.871,-70.498,-66.836,-64.241,-59.511,-54.933,-47.761,-43.184,-43.489,-48.067,-53.102,-58.596,-64.547,-71.718,-77.059,-84.078,-89.114,-93.997,-96.286,-96.286,-96.438,-95.218,-92.929,-89.572,-85.147,-79.348,-71.566,-66.683,-61.647,-56.917,-52.95,-49.745,-48.067,-45.015,-36.164,-29.603,-22.279,-18.616,-12.055,-7.477,-4.12,-2.8993,-0.76296,1.8311,5.0356,7.3244,14.344,21.058,27.924,31.892,36.317,39.674,40.742,38.911,38.453,39.064,38.911,37.538,39.216,38.759,39.064,38.301,39.064,40.437,41.353,44.404,48.372,51.576,55.849,61.342,65.462,68.667,73.397,73.855,74.007,74.618,77.975,81.332,84.689,88.046,91.403,94.607,101.93,108.04,112.16,113.38,115.21,117.04,117.34,115.67,113.53,110.78,108.19,104.37,100.41,94.607,88.961,81.484,76.907,70.345,62.716,56.154,52.339,49.135,41.81,33.57,24.873,17.396,13.581,7.7822,1.8311,-4.883,-9.6133,-15.107,-15.717,-15.412,-15.259,-16.022,-15.412,-16.938,-16.175,-17.243,-16.175,-17.243,-19.074,-22.736,-24.873,-25.941,-24.72,-23.499,-20.905,-18.769,-18.464,-22.584,-26.856,-31.281,-32.35,-34.791,-36.775,-40.742,-44.862,-48.524,-53.255,-58.443,-61.495,-61.8,-61.8,-66.683,-70.498,-73.855,-74.007,-75.991,-78.89,-81.179,-82.095,-83.773,-83.621,-85.91,-88.351,-91.708,-90.03,-89.724,-87.893,-90.335,-93.692,-94.913,-93.539,-91.708,-85.452,-81.179,-77.517,-76.144,-73.244,-72.787,-69.735,-66.988,-64.394,-60.732,-57.68,-53.102,-48.219,-45.625,-39.674,-32.044,-21.516,-16.175,-11.139,-7.1718,-5.1881,-3.8148,-1.0681,-0.15259,4.5778,10.071,12.665,11.75,11.902,12.36,14.496,14.344,13.276,11.292,9.3081,5.0356,-0.45778,-5.6459,-10.987,-16.327,-16.327,-18.464,-22.736,-25.178,-24.11,-23.804,-25.025,-24.873,-23.652,-24.873,-23.957,-22.736,-20.905,-19.837,-15.564,-12.665,-12.818,-12.97,-13.581,-11.597,-7.1718,-1.3733,-0.15259,-2.5941,-1.6785,-1.2207,0.45778,1.2207,5.0356,14.191,23.194,31.739,42.268,54.17,66.073,71.566,75.076,74.16,74.16,75.838,76.296,73.55,75.228,77.517,78.585,79.348,83.926,86.52,81.484,74.923,73.55,71.413,68.667,63.326,62.716,59.816,55.696,52.034,52.187,52.339,52.034,48.067,43.489,36.927,33.57,34.181,38.301,40.132,45.32,50.356,52.644,54.781,58.29,62.105,62.258,59.511,60.884,64.699,67.598,68.819,74.923,78.738,82.095,83.926,85.299,86.215,88.046,89.724,89.114,86.978,88.198,84.078,82.4,82.858,83.773,80.874,77.059,70.498,65.615,62.105,63.326,61.8,57.222,52.187,50.813,49.44,48.83,45.93,45.625,45.625,43.184,41.658,43.184,43.336,44.252,47.609,50.05,50.356,51.118,54.476,58.748,62.868,67.293,66.378,66.225,68.361,71.718,75.686,78.127,77.67,77.212,76.449,78.585,77.67,78.28,79.043,79.348,78.585,79.653,82.858,83.468,83.926,89.267,91.403,91.556,92.471,94.455,97.507,97.812,98.117,101.63,102.85,101.17,98.117,97.201,96.133,93.539,89.419,87.741,85.299,79.653,78.433,80.569,82.4,86.978,88.351,92.166,92.624,92.471,92.471,95.523,103.46,110.17,113.53,116.43,119.17,122.53,127.57,132.91,136.72,142.37,147.56,154.42,161.14,165.72,168.46,173.35,179.75,182.96,183.72,185.4,188.76,192.27,195.62,198.68,200.66,204.63,207.53,213.78,218.82,222.94,226.6,229.19,230.72,235.6,241.4,250.4,256.51,257.88,259.56,264.9,273.29,276.96,277.11,278.18,279.55,282.45,287.79,290.23,291.6,294.66,295.42,296.49,298.78,298.32,298.17,299.23,300.15,301.68,301.83,302.74,302.9,302.74,300.15,297.86,297.25,298.62,301.07,301.98,303.35,306.86,308.39,309.46,310.53,312.36,311.29,310.37,309.31,309.76,310.22,310.83,313.27,314.95,315.26,316.02,315.1,314.95,314.19,313.43,314.04,313.88,313.43,312.97,312.36,310.68,307.17,304.42,299.39,295.72,290.54,285.65,281.69,276.96,271.16,265.36,259.1,253.3,245.37,238.5,230.26,222.94,214.85,206.46,198.68,190.44,182.04,175.18,168.31,161.14,152.13,143.44,133.82,124.52,115.05,106.81,100.71,94.913,90.487,85.604,79.653,73.702,68.514,63.173,56.612,52.339,47.151,41.2,35.096,28.23,21.058,14.954,7.7822,-0.91556,-9.003,-15.107,-22.431,-29.756,-40.59,-48.982,-58.29,-67.751,-77.517,-87.588,-97.659,-108.34,-117.04,-123.14,-131.53,-136.57,-141.76,-143.74,-147.1,-150.61,-152.59,-151.83,-150,-148.32,-146.34,-143.13,-140.84,-137.79,-137.33,-135.2,-133.67,-131.69,-130.77,-130.62,-131.84,-133.21,-135.04,-136.42,-139.47,-139.62,-141.76,-143.44,-147.4,-151.07,-154.12,-156.41,-158.24,-159.92,-159.61,-154.73,-151.68,-148.01,-145.42,-140.69,-135.35,-126.8,-116.73,-107.73,-101.63,-95.828,-92.624,-89.572,-86.52,-81.179,-76.449,-70.345,-65.462,-61.037,-56.307,-51.881,-47.914,-43.947,-41.2,-37.996,-38.759,-38.453,-37.69,-36.622,-37.08,-39.521,-42.573,-44.862,-49.745,-55.849,-62.563,-67.293,-73.702,-77.822,-82.553,-86.062,-89.419,-93.081,-95.981,-99.643,-105.59,-111.09,-113.99,-112.16,-111.85,-112.46,-114.75,-117.19,-119.48,-120.7,-121.46,-123.29,-125.28,-124.82,-123.6,-120.4,-119.94,-118.26,-117.5,-114.75,-112.92,-110.17,-106.81,-105.59,-107.43,-110.32,-114.29,-116.28,-120.09,-122.84,-126.65,-129.25,-134.89,-140.39,-146.64,-154.88,-162.97,-169.38,-174.72,-179.14,-183.72,-184.18,-184.03,-181.59,-181.59,-180.67,-181.43,-180.52,-177.92,-173.5,-170.14,-166.78,-166.17,-164.95,-163.73,-161.14,-161.29,-163.12,-164.8,-166.63,-168.46,-168.61,-167.39,-166.33,-164.49,-158.7,-154.27,-150,-150.15,-149.08,-148.01,-146.79,-145.57,-143.28,-141.45,-141,-143.44,-146.49,-152.29,-155.8,-159.15,-161.9,-167.09,-171.67,-176.7,-181.59,-186.47,-190.74,-197.15,-201.57,-207.07,-210.88,-214.09,-214.55,-213.48,-211.04,-207.98,-207.22,-206.76,-204.78,-204.32,-200.66,-198.98,-195.62,-192.88,-187.54,-183.87,-178.99,-172.28,-165.11,-158.09,-150.61,-144.66,-140.69,-136.57,-129.86,-128.79,-126.8,-125.74,-122.38,-120.4,-117.65,-115.51,-114.9,-115.97,-115.97,-118.56,-120.24,-123.91,-125.13,-126.19,-129.86,-134.43,-138.1,-142.06,-144.66,-147.1,-146.79,-148.63,-146.79,-144.2,-141.3,-139.62,-136.11,-130.92,-124.21,-115.97,-108.19,-101.78,-95.218,-92.318,-86.825,-83.468,-83.163,-81.79,-82.553,-84.689,-86.367,-89.114,-90.487,-89.572,-88.046,-87.893,-85.604,-88.046,-91.708,-96.286,-98.422,-102.24,-105.44,-107.73,-108.04,-110.02,-111.7,-114.6,-113.53,-112.46,-110.93,-110.32,-109.56,-110.17,-107.88,-105.75,-103.31,-99.49,-92.013,-88.351,-82.4,-78.127,-71.566,-66.378,-57.527,-48.219,-37.385,-29.298,-24.262,-21.363,-18.769,-17.243,-15.259,-14.496,-14.649,-16.633,-16.633,-16.633,-15.87,-18.159,-22.126,-27.467,-33.265,-41.353,-51.729,-64.394,-77.212,-89.419,-96.896,-103.92,-108.19,-116.43,-122.23,-128.48,-132.45,-137.49,-138.4,-133.98,-125.74,-117.19,-106.81,-95.981,-83.773,-72.329,-59.206,-48.524,-38.759,-30.671,-23.347,-18.311,-11.444,-5.6459,-2.7467,-0.76296,3.5096,5.1881,8.0874,8.6978,10.376,12.207,16.175,18.769,21.516,24.11,26.704,29.298,31.129,32.807,33.418,30.976,28.077,20.753,11.902,1.8311,-4.883,-9.9185,-14.649,-22.431,-31.281,-40.895,-48.219,-55.238,-60.121,-66.378,-70.04,-75.381,-80.416,-86.978,-94.302,-101.02,-105.75,-111.24,-116.28,-119.33,-119.02,-120.09,-118.87,-115.67,-109.1,-104.68,-99.643,-93.234,-85.757,-79.348,-73.092,-67.904,-60.884,-55.696,-49.287,-43.641,-36.012,-28.077,-20.753,-16.327,-12.97,-9.9185,-6.1037,-4.2726,-1.8311,-0.91556,1.8311,3.357,3.0519,-0.76296,-6.7141,-13.276,-22.279,-29.908,-34.028,-42.573,-54.628,-65.767,-73.855,-83.316,-93.387,-99.185,-102.54,-109.56,-119.33,-128.48,-135.04,-143.13,-150.15,-160.22,-169.53,-179.75,-187.99,-194.25,-199.13,-202.03,-203.56,-203.25,-200.66,-198.37,-193.49,-188.45,-184.33,-178.84,-171.06,-162.82,-154.12,-143.74,-132.91,-122.99,-111.09,-102.39,-93.387,-84.536,-74.77,-68.819,-63.173,-54.933,-47.304,-41.505,-34.486,-29.756,-25.788,-24.873,-22.279,-21.363,-18.616,-17.548,-17.701,-19.379,-20.447,-23.347,-23.652,-25.636,-25.33,-25.788,-26.246,-28.23,-28.993,-29.45,-31.892,-34.486,-36.164,-36.317,-35.249,-34.944,-34.028,-35.096,-34.028,-34.944,-34.486,-32.197,-27.619,-23.499,-18.616,-13.276,-7.1718,-2.1363,6.4089,13.276,21.973,29.45,38.453,46.083,53.407,58.29,60.732,63.021,65.92,67.598,70.65,73.092,76.296,76.296,75.991,74.618,72.329,70.65,68.667,66.836,66.225,62.563,59.511,54.933,50.813,44.404,39.521,32.044,22.126,11.75,2.7467,-7.1718,-16.022,-24.415,-30.519,-39.979,-50.813,-63.478,-72.787,-80.264,-84.078,-87.588,-89.724,-90.945,-90.64,-89.572,-87.436,-87.436,-86.673,-90.487,-92.929,-93.844,-93.997,-92.471,-90.945,-89.419,-88.504,-88.046,-87.436,-87.283,-84.384,-81.79,-77.975,-74.618,-70.04,-65.157,-59.053,-53.865,-48.83,-42.879,-37.538,-34.791,-31.129,-30.061,-27.314,-27.009,-24.415,-23.194,-22.126,-21.973,-20.447,-19.074,-18.921,-18.616,-16.633,-13.123,-8.0874,-5.1881,0.30519,3.2044,7.7822,10.224,14.039,19.684,25.636,31.434,39.827,49.898,60.121,67.293,74.618,78.89,84.689,88.198,93.081,94.607,92.166,87.13,85.452,86.215,86.062,87.436,88.504,86.062,84.536,81.332,78.127,73.244,71.566,69.43,65.92,62.41,60.274,53.713,48.524,44.862,43.641,42.573,43.947,44.252,46.083,46.999,47.304,44.71,42.268,39.216,36.47,36.164,37.996,36.622,37.08,36.622,36.012,33.876,33.723,34.181,34.333,37.385,38.759,34.486,32.35,29.298,27.161,23.347,18.616,14.954,12.97,10.529,9.003,8.3926,8.6978,7.7822,8.6978,10.529,12.36,11.75,9.3081,6.1037,1.0681,-3.5096,-6.1037,-9.3081,-9.1556,-7.0193,-4.7304,-4.883,-4.883,-4.5778,-1.8311,1.0681,4.12,5.0356,7.1718,8.5452,12.36,16.175,21.821,25.636,28.687,31.281,34.944,37.996,40.132,41.81,45.015,46.693,49.44,51.424,54.323,56.459,61.342,65.462,69.124,70.956,72.634,74.77,75.991,75.533,73.092,68.361,63.326,54.323,49.287,43.184,38.606,35.249,33.113,32.044,29.756,26.246,22.584,18.921,17.243,14.801,13.276,5.9511,0.61037,-4.12,-6.1037,-9.7659,-14.344,-16.175,-14.344,-11.444,-8.3926,-6.4089,-0.76296,1.2207,6.7141,10.834,12.36,14.191,16.327,18.159,20.753,24.11,26.704,27.467,30.824,30.366,30.213,28.077,28.382,26.093,21.516,14.801,8.24,2.7467,-0.30519,-2.7467,-3.0519,-5.6459,-7.9348,-10.834,-13.123,-16.175,-19.379,-22.279,-23.957,-23.347,-19.227,-15.259,-11.597,-11.292,-9.3081,-9.7659,-8.0874,-5.7985,-0.30519,7.6296,16.327,24.11,33.57,40.437,44.862,46.999,50.05,51.729,53.56,56.154,60.121,63.936,65.767,66.225,67.446,66.073,62.563,58.29,56.307,53.102,53.56,53.255,51.881,50.356,49.593,47.456,46.083,45.778,48.677,51.576,56.917,61.647,67.446,69.582,73.092,75.991,79.348,80.874,81.942,81.027,80.111,77.975,76.144,74.313,74.465,73.855,75.076,77.212,77.059,75.076,71.566,68.056,65.004,62.105,61.037,58.138,56.764,54.323,51.729,46.693,41.505,40.132,40.132,38.148,36.012,32.807,29.298,24.262,22.126,21.21,21.21,19.684,21.973,22.584,22.431,22.126,21.973,21.058,24.415,25.636,26.093,27.009,32.807,36.622,41.047,44.252,46.846,50.966,55.696,60.121,62.105,61.19,59.664,56.307,54.781,51.271,49.593,49.135,49.287,48.219,48.067,47.609,46.999,43.947,41.2,36.927,34.333,28.23,22.584,17.701,14.801,10.681,5.6459,0.30519,-2.8993,-8.0874,-12.055,-17.09,-20.295,-24.72,-28.077,-33.723,-38.148,-45.778,-53.56,-61.8,-70.803,-81.79,-91.861,-100.41,-104.22,-106.81,-106.36,-105.59,-100.25,-95.828,-90.945,-85.604,-79.806,-72.176,-63.936,-58.443,-54.17,-49.44,-41.2,-35.859,-28.993,-25.788,-19.99,-17.243,-13.886,-12.055,-10.071,-9.003,-6.2563,-1.6785,1.3733,3.0519,7.477,7.477,6.1037,5.0356,5.6459,5.9511,7.0193,7.6296,7.7822,7.0193,7.3244,6.2563,3.8148,-1.5259,-5.4933,-9.9185,-12.513,-18.311,-23.499,-29.45,-35.554,-39.979,-41.505,-41.505,-38.301,-36.317,-32.35,-29.145,-24.567,-21.668,-18.159,-15.564,-14.344,-13.276,-11.139,-9.7659,-8.3926,-10.224,-9.6133,-10.071,-9.9185,-11.902,-13.581,-16.327,-17.701,-17.548,-15.717,-12.97,-9.4607,-6.8667,-3.6622,-2.1363,-0.30519,1.0681,1.0681,0.76296,0.15259,-0.30519,-1.2207,-4.2726,-5.0356,-7.3244,-10.529,-16.022,-21.668,-26.093,-28.687,-33.113,-34.791,-35.401,-33.723,-34.944,-35.554,-36.927,-34.639,-31.587,-29.45,-29.145,-28.535,-27.467,-24.873,-21.821,-14.954,-9.7659,-3.0519,3.9674,10.529,16.633,21.516,24.567,25.33,24.72,25.941,25.483,27.161,28.687,32.044,34.944,37.538,40.59,42.879,44.404,45.473,44.252,43.794,41.505,39.979,36.164,33.113,29.603,25.178,21.058,16.48,11.139,7.1718,0.45778,-6.1037,-12.36,-17.243,-24.11,-27.619,-30.519,-34.944,-39.979,-42.421,-44.252,-45.93,-49.135,-49.44,-52.339,-56.154,-59.664,-63.784,-66.073,-68.056,-67.598,-64.547,-61.8,-57.222,-55.238,-53.56,-52.797,-49.745,-46.388,-42.268,-38.453,-35.249,-34.028,-32.807,-33.57,-33.876,-36.927,-38.148,-39.064,-39.674,-41.505,-45.625,-49.898,-53.407,-56.917,-56.917,-57.07,-55.696,-57.985,-59.969,-60.732,-59.053,-59.053,-62.105,-65.767,-67.293,-70.65,-72.939,-75.228,-75.533,-75.991,-75.991,-75.686,-76.144,-78.433,-79.348,-81.942,-83.01,-86.367,-88.809,-89.267,-86.215,-81.484,-78.433,-77.364,-74.313,-72.481,-70.498,-71.566,-73.55,-74.618,-73.092,-70.04,-66.378,-64.394,-62.868,-62.716,-60.121,-59.358,-59.816,-63.021,-63.936,-64.394,-65.31,-65.31,-66.53,-69.582,-69.277,-70.65,-70.956,-71.108,-70.04,-69.277,-68.056,-67.141,-64.241,-62.41,-61.19,-63.021,-64.394,-67.141,-65.615,-65.462,-65.462,-64.547,-63.936,-63.784,-63.326,-64.394,-65.004,-66.225,-65.767,-67.446,-66.225,-65.767,-64.241,-61.342,-57.527,-57.375,-56.612,-57.222,-57.985,-58.443,-54.781,-51.729,-46.541,-42.726,-37.843,-35.859,-34.333,-33.876,-30.824,-26.399,-22.431,-19.99,-16.327,-13.581,-10.224,-7.3244,-3.0519,0.45778,3.357,4.5778,5.7985,7.1718,7.3244,6.7141,9.1556,12.055,17.396,21.21,26.093,29.756,31.434,34.333,37.843,40.132,40.132,37.385,35.554,33.723,33.723,33.265,34.028,33.876,32.807,32.044,32.35,33.265,34.486,34.639,36.012,37.08,38.606,37.538,37.233,36.012,35.859,37.233,38.911,38.606,37.843,36.622,37.69,38.148,38.606,37.08,35.554,32.655,29.145,26.856,25.025,24.11,23.347,20.447,23.194,25.178,29.908,34.639,41.81,48.524,54.781,60.427,66.53,68.514,71.261,73.397,79.196,84.384,91.403,95.828,100.71,105.59,110.17,114.75,119.79,123.91,128.79,133.98,142.22,149.24,155.8,159.15,160.53,163.88,168,172.43,177.77,181.74,188.76,194.4,200.2,204.63,211.04,217.14,224.16,230.41,236.06,238.81,240.33,241.71,245.22,248.73,252.39,253.15,253.76,254.07,254.52,255.13,256.05,254.98,254.98,254.07,256.81,257.58,258.95,258.64,259.56,261.39,261.24,260.48,260.02,258.95,259.25,258.95,256.81,253,251.63,251.47,251.17,250.56,250.4,251.32,250.25,247.35,245.98,244.15,243.08,240.18,237.43,234.23,231.33,227.97,223.4,219.43,216.68,215.31,216.38,216.68,218.21,217.44,216.83,218.36,219.28,220.95,222.94,223.85,224.01,222.63,220.19,215.77,212.71,209.05,204.93,199.29,193.64,188.45,183.72,176.7,168,160.99,155.49,147.1,139.32,129.86,123.91,118.41,111.09,102.08,93.387,84.994,79.196,73.855,67.751,62.258,58.596,53.713,48.83,45.778,42.726,38.606,35.554,32.197,28.535,24.567,21.21,17.09,15.87,13.886,14.191,14.344,13.733,13.276,12.665,12.36,11.444,9.3081,9.7659,12.665,16.48,18.616,20.142,19.074,16.022,12.97,12.055,9.7659,7.0193,2.5941,0.15259,-5.6459,-12.36,-19.379,-24.873,-29.603,-35.096,-39.979,-43.489,-47.304,-49.287,-53.102,-55.086,-57.68,-60.732,-65.92,-69.124,-71.413,-74.007,-76.907,-77.975,-79.958,-80.264,-83.468,-84.384,-84.536,-84.384,-83.163,-81.179,-79.958,-79.653,-78.585,-74.77,-72.481,-68.514,-63.173,-57.222,-54.17,-53.713,-54.781,-55.086,-54.781,-52.492,-52.187,-52.95,-55.849,-56.154,-57.07,-57.527,-57.985,-60.427,-64.852,-67.446,-68.361,-69.582,-71.108,-71.566,-74.007,-76.296,-79.196,-81.027,-82.858,-83.621,-87.893,-94.607,-102.08,-105.59,-108.34,-108.8,-108.8,-105.44,-104.83,-104.68,-106.05,-104.53,-102.85,-101.63,-100.71,-96.896,-91.556,-84.384,-79.958,-77.822,-75.838,-71.718,-68.667,-67.904,-66.988,-67.141,-67.904,-68.056,-67.904,-68.209,-71.413,-74.007,-79.501,-83.01,-81.942,-79.196,-79.653,-81.79,-83.773,-84.384,-84.994,-85.604,-88.504,-90.03,-93.844,-96.438,-98.88,-100.1,-101.32,-104.37,-106.81,-108.34,-111.24,-112.31,-117.5,-119.17,-122.38,-124.21,-127.11,-132.45,-139.47,-146.95,-151.83,-156.71,-161.6,-164.8,-167.24,-168.77,-171.67,-173.35,-177.31,-179.6,-181.59,-181.89,-182.35,-182.2,-181.89,-184.33,-186.93,-187.69,-188.15,-186.77,-187.38,-185.09,-185.55,-187.69,-189.83,-188.6,-187.38,-186.01,-186.93,-188.91,-193.95,-197.15,-200.81,-202.19,-203.86,-204.47,-206.76,-209.05,-210.12,-209.66,-208.14,-208.9,-211.04,-213.63,-216.68,-217.9,-219.73,-216.99,-215,-211.34,-205.54,-197.3,-189.21,-180.06,-173.19,-167.55,-163.12,-156.71,-151.68,-144.05,-139.93,-134.74,-130.47,-125.58,-122.23,-116.89,-108.8,-100.41,-95.523,-91.25,-90.335,-86.825,-82.247,-79.196,-79.196,-78.738,-78.127,-76.296,-74.77,-74.007,-72.634,-69.277,-67.141,-63.784,-61.495,-57.833,-53.255,-46.999,-40.742,-33.113,-26.093,-18.769,-13.276,-8.24,-5.7985,-2.7467,-1.8311,-1.9837,-1.8311,-1.5259,-0.91556,1.3733,1.2207,0.76296,-0.45778,0.15259,-0.15259,1.0681,0.15259,-0.91556,-2.7467,-3.8148,-3.6622,-1.3733,-0.61037,0.45778,2.1363,5.7985,7.6296,9.003,10.376,13.886,15.717,16.175,17.396,18.769,18.921,19.227,17.701,16.938,15.564,17.243,19.227,18.311,17.548,18.769,20.6,21.363,21.821,23.194,22.736,26.856,28.535,31.434,36.622,40.895,45.625,50.05,51.729,54.781,55.391,56.917,58.29,59.969,59.969,64.089,69.124,71.413,72.939,77.517,80.416,81.79,81.942,85.604,87.588,89.267,92.471,96.286,97.964,98.27,98.575,100.41,100.71,100.71,99.49,98.575,95.828,93.692,93.387,95.065,94.455,92.929,91.098,91.403,88.351,85.604,84.078,84.994,84.078,84.994,86.673,90.487,92.318,90.793,88.046,86.673,83.621,81.484,78.738,77.212,76.144,75.991,76.601,76.907,77.212,76.449,72.481,71.718,69.43,67.904,66.225,67.141,68.361,69.277,71.718,74.923,77.059,80.569,82.4,85.452,85.604,85.147,84.078,84.994,86.215,87.741,88.809,89.877,90.945,92.471,93.081,95.065,94.455,97.812,100.56,103.76,107.58,113.99,118.41,123.75,128.48,133.98,137.03,140.23,143.44,148.32,152.59,155.19,155.8,157.32,160.53,161.75,161.44,163.73,164.65,166.94,168.92,169.99,171.06,174.11,178.84,185.09,189.21,190.74,191.96,194.4,195.78,200.96,206.92,213.63,220.19,228.58,236.67,242.62,246.74,251.78,255.44,259.87,260.78,262.61,264.29,263.22,260.17,261.09,263.53,263.53,262.92,262.76,261.54,259.25,253.61,252.54,250.86,246.59,242.62,237.89,232.86,227.82,221.11,217.6,212.56,209.05,204.78,200.51,196.69,194.1,193.33,191.66,186.77,182.35,181.13,183.26,182.96,183.26,183.87,184.64,183.87,183.11,181.43,178.08,174.41,175.18,176.09,176.24,180.21,180.67,177.47,177.16,178.23,180.36,179.3,179.3,177.47,176.09,172.58,170.6,168.31,167.85,165.72,160.83,156.1,151.07,144.2,139.32,133.52,130.01,123.14,117.04,113.68,108.95,99.643,90.487,85.299,82.4,76.907,71.718,66.378,61.037,51.576,45.32,39.827,33.57,25.33,17.548,9.3081,1.8311,-7.3244,-13.276,-21.058,-26.704,-31.129,-36.317,-41.658,-49.135,-56.612,-62.258,-65.462,-66.53,-69.735,-72.329,-77.364,-81.942,-87.893,-94.455,-98.422,-101.78,-105.44,-106.97,-108.65,-109.71,-113.68,-113.22,-113.68,-113.99,-113.22,-112.61,-113.07,-114.9,-116.58,-116.12,-116.43,-119.17,-124.52,-123.75,-120.7,-120.09,-125.28,-130.77,-133.52,-135.96,-139.93,-144.81,-148.47,-146.95,-146.95,-144.96,-143.89,-143.74,-145.57,-147.25,-147.86,-147.25,-146.49,-147.4,-148.01,-151.52,-152.44,-148.01,-143.89,-140.23,-138.4,-135.81,-133.52,-131.38,-127.41,-125.28,-124.36,-122.38,-120.4,-116.58,-110.93,-101.32,-96.591,-94.15,-91.25,-86.062,-80.111,-76.601,-76.449,-74.465,-71.718,-66.073,-64.241,-62.258,-61.19,-60.579,-61.19,-60.884,-62.105,-65.615,-69.43,-70.803,-72.939,-72.634,-72.634,-71.413,-69.582,-65.615,-63.784,-60.427,-57.833,-55.849,-55.696,-55.086,-52.95,-52.339,-53.102,-51.271,-51.576,-52.339,-56.459,-58.596,-64.699,-73.397,-82.705,-89.724,-96.286,-103.46,-110.78,-115.97,-121.16,-126.8,-129.55,-129.7,-133.98,-138.86,-142.67,-144.35,-148.32,-150.91,-152.59,-151.52,-154.27,-155.95,-160.07,-164.95,-167.24,-168,-171.67,-175.48,-175.63,-173.35,-171.67,-167.85,-166.78,-164.8,-164.65,-163.43,-158.7,-152.44,-148.01,-144.51,-141.45,-139.01,-143.74,-147.25,-148.01,-147.71,-152.75,-157.02,-160.68,-159.76,-157.32,-151.83,-146.79,-142.52,-141.45,-138.71,-136.27,-135.81,-138.55,-135.96,-133.82,-131.53,-130.16,-130.47,-132.15,-132.76,-135.04,-134.74,-135.65,-133.67,-131.84,-130.31,-128.64,-127.41,-128.33,-132.15,-133.06,-128.33,-126.8,-123.29,-117.19,-109.56,-104.53,-98.88,-94.913,-88.046,-81.179,-77.975,-75.838,-72.329,-68.514,-65.004,-64.547,-61.953,-59.053,-56.307,-57.985,-58.596,-58.596,-57.07,-55.391,-51.881,-46.541,-43.947,-44.71,-45.015,-49.593,-51.424,-54.476,-54.018,-54.323,-54.933,-58.596,-61.19,-65.767,-68.667,-70.345,-71.108,-73.855,-75.076,-76.449,-73.55,-71.566,-67.751,-62.563,-56.612,-52.644,-51.729,-52.034,-49.745,-45.778,-42.268,-45.32,-46.541,-50.661,-49.898,-49.287,-47.151,-45.93,-43.794,-40.132,-36.012,-32.655,-29.145,-24.262,-15.259,-7.1718,-0.76296,3.5096,10.224,13.733,18.311,23.957,28.23,30.671,33.113,34.028,37.08,38.301,36.622,32.502,30.213,26.551,23.499,19.379,16.633,13.733,12.36,9.6133,5.6459,1.8311,-1.5259,-3.8148,-6.2563,-8.5452,-9.3081,-11.444,-12.207,-12.97,-13.428,-13.581,-9.7659,-5.6459,0.45778,6.7141,16.175,26.399,36.927,45.93,53.56,56.307,60.121,61.647,63.173,63.021,64.852,66.836,66.683,64.547,63.173,60.427,56.764,56.154,60.121,59.664,60.732,59.816,58.138,56.154,56.917,57.375,57.68,58.138,59.053,61.037,63.784,62.105,60.579,58.596,54.781,47.609,42.268,37.385,33.113,30.824,29.756,28.382,26.856,23.804,21.668,18.464,15.107,10.529,8.6978,6.4089,5.0356,3.0519,1.8311,1.9837,1.8311,0.61037,-1.5259,-6.4089,-9.4607,-12.513,-14.191,-14.344,-12.818,-10.529,-11.597,-15.107,-18.006,-21.21,-20.447,-21.363,-20.142,-18.464,-15.412,-12.818,-10.987,-10.529,-9.6133,-10.224,-11.139,-13.428,-14.649,-16.938,-17.09,-16.633,-15.564,-14.649,-12.36,-10.834,-9.9185,-10.376,-11.597,-18.006,-25.483,-34.791,-41.658,-48.982,-53.865,-61.037,-67.141,-72.481,-76.601,-81.027,-83.316,-84.384,-84.841,-87.588,-87.893,-90.03,-91.098,-91.403,-87.588,-81.484,-74.77,-67.751,-60.121,-54.628,-48.83,-43.184,-35.096,-29.145,-22.279,-15.564,-6.4089,1.9837,9.7659,16.785,22.431,26.399,29.756,31.281,34.181,36.775,41.047,44.71,49.898,51.881,52.187,51.729,50.508,46.388,43.184,41.047,39.827,37.538,35.859,32.502,30.366,29.756,30.061,29.145,29.603,29.756,27.009,24.72,27.314,30.824,35.859,37.69,39.216,38.301,36.47,33.876,33.418,34.639,35.249,33.57,35.401,37.69,41.963,44.557,48.067,50.05,50.966,51.881,52.95,54.933,61.19,66.683,72.176,75.076,77.975,79.653,82.858,85.147,85.757,86.673,88.809,88.656,88.961,86.673,85.147,80.874,77.822,74.923,72.939,71.413,69.277,65.615,61.8,57.07,54.476,50.661,48.83,45.473,45.015,45.32,44.71,45.167,46.236,46.693,46.999,47.304,49.745,49.135,49.44,48.372,49.593,51.271,51.881,52.339,52.187,50.508,49.898,47.304,46.236,44.404,45.167,44.71,46.236,48.83,49.745,49.745,51.271,52.797,53.255,52.339,52.492,51.424,50.05,46.693,44.71,45.015,44.862,44.404,45.015,46.236,46.388,44.099,43.184,41.658,41.81,39.216,38.453,38.148,38.453,39.064,40.284,40.895,41.353,39.674,39.369,38.606,39.979,40.59,40.59,39.216,36.775,36.164,36.775,37.843,39.064,39.827,41.81,41.505,41.047,39.674,38.606,36.927,36.47,36.012,35.554,34.944,36.622,39.979,44.71,46.693,48.524,48.982,51.576,53.713,56.154,59.053,62.563,65.31,68.514,72.024,77.212,79.348,82.553,83.468,86.215,90.793,93.997,96.591,100.25,102.69,101.32,98.422,95.676,89.114,81.637,74.465,68.361,61.19,55.238,49.135,45.167,43.489,41.047,37.233,34.181,32.35,33.265,31.892,30.976,27.467,27.619,26.551,25.178,22.736,21.21,19.684,18.921,19.227,19.532,17.09,15.564,12.513,10.529,7.477,6.7141,4.12,1.8311,-0.15259,-2.5941,-6.7141,-11.75,-14.954,-18.769,-24.873,-30.519,-36.47,-40.132,-45.167,-50.356,-56.917,-62.868,-67.446,-70.04,-74.16,-79.348,-84.384,-88.351,-96.133,-102.69,-108.8,-112.92,-118.87,-123.29,-127.26,-132.6,-135.81,-137.18,-142.22,-147.25,-152.13,-152.59,-152.29,-150.76,-151.83,-151.22,-150.46,-146.18,-142.37,-136.42,-132.91,-129.86,-129.09,-128.18,-129.55,-131.08,-133.21,-133.21,-133.21,-130.92,-131.23,-132.15,-136.11,-138.1,-139.77,-139.32,-138.55,-138.55,-141.3,-141.61,-142.22,-141.61,-143.28,-141.91,-142.83,-142.37,-142.98,-141.15,-137.94,-131.84,-125.74,-118.26,-111.09,-103.15,-99.796,-95.676,-93.692,-91.556,-92.013,-93.081,-92.624,-89.877,-88.656,-86.367,-83.316,-76.907,-72.176,-68.361,-67.751,-63.936,-61.342,-57.527,-55.086,-52.644,-50.05,-47.151,-46.236,-43.947,-41.505,-37.385,-34.944,-31.281,-30.366,-29.145,-26.246,-23.804,-21.668,-18.159,-17.701,-17.853,-18.311,-16.785,-16.175,-15.412,-17.09,-17.701,-17.701,-15.564,-14.039,-12.818,-11.597,-9.7659,-7.3244,-3.9674,-3.0519,-0.45778,1.9837,6.2563,8.0874,11.902,15.87,18.159,21.058,25.941,32.197,38.453,43.336,46.999,49.135,53.255,57.833,63.784,67.141,67.751,66.378,68.361,71.566,74.77,75.381,74.618,71.871,70.04,67.598,65.004,61.19,58.29,57.07,53.713,49.745,48.524,45.778,44.862,43.031,43.031,41.505,42.268,41.353,40.284,41.353,44.557,48.524,54.323,60.427,66.683,71.413,76.907,81.332,86.367,90.335,95.065,99.796,102.39,104.83,106.05,107.12,106.66,102.54,102.08,100.56,99.338,96.591,92.929,90.793,89.114,84.994,80.416,75.228,69.277,60.884,53.56,45.778,38.759,35.249,32.807,30.976,28.382,26.399,27.619,32.044,36.775,36.775,37.843,37.69,37.996,37.69,39.369,41.81,43.641,44.404,45.93,45.473,46.236,45.778,48.524,48.982,49.593,50.203,50.356,49.898,51.729,51.118,52.492,53.56,56.001,55.544,53.102,51.881,51.576,50.813,50.05,50.356,51.424,49.135,48.677,47.609,44.71,43.031,43.184,41.658,35.859,30.061,30.061,32.502,30.824,29.145,29.298,28.077,26.704,23.347,19.379,17.243,17.853,20.295,24.873,25.33,27.161,27.772,32.35,35.554,38.606,39.827,40.437,42.421,43.641,42.421,43.641,40.742,36.164,31.587,29.908,27.924,26.551,25.636,27.009,30.061,32.655,31.434,30.061,26.399,23.499,17.853,13.733,11.139,9.3081,8.24,8.5452,9.9185,13.733,15.87,19.837,19.532,17.853,14.344,10.834,5.1881,-0.45778,-4.5778,-6.5615,-9.9185,-11.139,-12.055,-10.224,-7.1718,-3.6622,-2.7467,-3.6622,-6.1037,-7.477,-12.513,-19.532,-25.025,-25.33,-25.483,-25.636,-24.415,-21.668,-19.227,-20.447,-25.178,-28.535,-36.164,-41.963,-45.015,-45.167,-47.151,-50.203,-51.729,-52.797,-51.118,-47.914,-46.083,-45.93,-50.813,-56.001,-62.716,-65.615,-68.667,-68.514,-66.836,-66.836,-68.056,-68.972,-71.871,-72.176,-70.65,-69.582,-68.056,-63.326,-61.953,-60.732,-59.969,-60.121,-60.579,-60.427,-59.816,-57.375,-56.917,-57.527,-61.647,-63.173,-63.631,-61.495,-62.258,-63.326,-62.716,-62.563,-61.953,-58.901,-56.459,-52.797,-50.356,-44.71,-40.437,-38.453,-38.148,-36.164,-32.655,-29.298,-25.788,-23.804,-22.889,-21.516,-21.363,-19.532,-19.532,-17.396,-14.191,-8.0874,-3.0519,0.91556,7.3244,14.649,19.227,23.041,25.33,28.23,28.993,28.993,27.924,30.366,31.892,31.739,30.671,31.129,33.265,33.113,31.129,31.281,30.519,32.044,30.366,30.976,31.739,32.807,34.028,36.164,35.859,33.876,32.044,31.739,29.298,28.077,27.467,27.314,25.178,25.025,25.483,26.093,26.246,26.856,27.009,25.788,23.957,24.873,25.636,28.382,31.281,36.47,40.132,45.167,48.83,52.492,53.102,54.628,56.154,58.748,60.732,64.547,65.92,67.598,69.277,71.566,73.55,74.77,75.686,77.059,79.653,82.247,84.689,88.504,91.556,96.286,99.338,102.69,104.68,105.9,107.12,109.56,112.16,115.05,115.97,117.95,117.5,116.89,114.9,114.9,114.6,113.83,112.16,112,110.02,106.97,102.24,97.354,92.776,90.487,88.961,88.198,86.367,85.147,83.316,83.01,84.078,84.231,83.773,85.147,84.536,84.994,84.689,84.536,83.468,83.468,82.4,81.637,78.585,77.517,75.076,72.481,69.887,69.124,67.904,68.056,68.361,68.972,69.43,69.887,69.277,71.718,72.634,74.313,74.465,74.16,71.566,71.108,70.956,70.65,71.261,71.718,70.803,69.582,64.241,60.884,58.138,56.917,54.476,51.424,48.677,44.404,38.759,35.859,33.265,30.061,26.856,25.636,21.821,23.194,22.584,21.973,24.873,28.84,30.976,35.554,43.489,52.034,57.222,66.836,76.144,81.942,88.198,96.744,104.37,111.55,115.51,119.94,125.28,131.69,135.65,138.55,140.69,141.45,141.3,143.28,142.22,140.23,139.62,137.64,136.72,136.57,134.89,135.5,131.69,131.38,130.77,131.23,129.86,131.08,133.37,132.3,130.92,132.45,134.13,134.28,131.23,129.4,127.41,127.11,126.04,126.65,127.26,127.57,126.8,126.8,127.41,129.4,128.79,130.47,131.99,136.27,139.01,140.23,141.61,144.35,146.49,149.69,150.15,150.76,152.44,156.41,158.39,160.22,158.7,160.07,160.68,158.85,158.09,155.64,152.59,151.52,152.59,151.52,148.17,148.93,149.24,146.49,136.72,129.86,126.5,123.91,118.41,111.55,105.9,100.56,93.081,89.114,86.367,86.367,86.52,86.52,84.536,78.585,73.244,69.43,65.004,61.037,54.781,49.745,43.489,42.726,43.641,43.794,42.421,38.911,37.996,39.216,37.233,37.996,38.148,38.301,39.216,42.268,43.641,44.862,46.693,48.219,48.524,49.44,52.339,54.933,58.596,66.836,69.43,70.956,70.193,69.582,70.345,68.819,65.31,61.8,58.901,55.086,50.203,45.167,38.148,33.723,28.84,24.11,18.159,10.224,2.4415,5.1881,7.1718,1.5259,-4.5778,-5.6459,-7.6296,-8.3926,-8.8504,-9.7659,-12.818,-16.022,-16.785,-16.938,-21.21,-26.551,-28.993,-30.061,-31.587,-31.434,-33.265,-36.622,-40.437,-44.404,-48.83,-50.966,-50.05,-47.304,-47.761,-45.473,-44.404,-42.879,-45.015,-48.677,-51.118,-52.95,-54.628,-53.713,-52.187,-53.56,-55.849,-52.187,-50.661,-51.729,-51.271,-47.151,-47.151,-51.118,-53.102,-53.56,-53.713,-53.102,-52.492,-49.745,-48.067,-50.356,-52.187,-49.898,-50.966,-53.407,-56.612,-59.664,-67.598,-72.787,-70.803,-64.699,-68.514,-71.261,-73.397,-73.244,-75.076,-75.991,-76.144,-79.958,-80.569,-78.28,-76.907,-73.397,-68.972,-65.767,-60.427,-58.443,-60.274,-60.427,-60.732,-62.563,-65.31,-69.124,-73.092,-72.634,-74.313,-75.381,-74.77,-75.381,-80.416,-79.806,-89.267,-95.828,-96.896,-95.828,-95.981,-101.93,-102.69,-100.71,-102.39,-99.948,-100.1,-99.185,-101.63,-105.14,-104.98,-99.796,-98.727,-97.201,-93.387,-90.945,-88.351,-86.215,-86.825,-87.283,-87.13,-83.468,-79.196,-76.601,-74.313,-70.65,-68.819,-66.836,-60.732,-55.086,-55.086,-50.508,-48.372,-46.999,-42.268,-39.827,-40.284,-38.453,-35.249,-32.044,-34.028,-42.116,-45.93,-43.031,-44.252,-44.71,-46.541,-47.304,-48.219,-46.388,-49.44,-56.917,-63.326,-64.241,-65.462,-66.378,-64.852,-65.157,-64.394,-59.511,-54.018,-53.102,-55.086,-55.849,-58.596,-61.953,-65.462,-62.563,-60.884,-58.443,-57.833,-57.07,-56.612,-56.459,-55.391,-50.813,-46.999,-40.895,-36.317,-30.366,-27.161,-24.262,-22.279,-21.668,-21.21,-19.684,-20.295,-19.99,-18.616,-16.022,-16.785,-16.633,-15.87,-14.649,-16.785,-17.548,-15.259,-13.733,-14.191,-18.616,-24.873,-28.077,-30.976,-35.096,-40.895,-42.726,-43.947,-49.593,-53.865,-60.121,-68.667,-70.956,-70.956,-71.413,-71.566,-66.225,-57.375,-47.761,-43.794,-36.775,-27.467,-19.532,-9.3081,5.3407,18.311,29.45,34.028,41.505,47.914,54.476,61.8,72.939,82.247,90.487,99.033,107.58,113.99,115.97,117.8,121.16,123.45,127.57,129.55,129.86,126.5,126.5,128.18,129.09,126.96,122.68,119.02,117.5,115.05,113.22,111.39,108.49,104.37,100.1,95.676,90.487,83.468,77.364,74.007,71.108,68.361,67.751,64.089,62.868,61.647,61.647,63.631,66.53,70.04,74.16,78.28,82.247,85.91,91.861,92.471,93.844,97.964,101.02,104.07,106.81,107.73,107.43,103.76,103.46,101.47,101.17,97.964,93.997,88.351,83.621,78.89,73.702,70.65,67.598,60.121,57.375,58.138,58.596,54.628,50.661,44.862,39.369,34.639,32.807,29.603,27.772,23.194,18.006,12.36,6.8667,-0.61037,-5.3407,-7.6296,-8.0874,-10.529,-13.428,-15.87,-16.633,-19.379,-20.447,-22.889,-24.873,-26.856,-27.009,-27.619,-27.772,-27.924,-27.009,-25.178,-21.668,-16.785,-9.9185,-7.0193,-4.883,-4.883,-5.6459,-9.1556,-13.428,-17.396,-21.363,-24.567,-23.957,-24.415,-24.873,-28.382,-30.824,-31.892,-31.892,-34.791,-36.317,-36.317,-37.385,-38.911,-40.284,-40.895,-39.827,-39.064,-36.622,-35.401,-33.723,-35.249,-35.707,-34.333,-32.197,-30.061,-26.093,-20.142,-14.954,-12.055,-8.6978,-7.477,-6.8667,-7.477,-7.1718,-9.6133,-12.207,-12.36,-12.207,-12.818,-12.97,-13.276,-13.428,-15.412,-17.853,-22.431,-24.11,-25.178,-23.347,-22.126,-21.668,-19.99,-16.785,-12.97,-12.055,-9.3081,-5.6459,-4.4252,-2.7467,-2.5941,-1.3733,-3.8148,-4.12,-4.12,-5.0356,-7.477,-9.6133,-8.5452,-7.0193,-7.1718,-5.4933,-5.3407,-2.8993,-2.7467,-2.8993,-2.4415,-1.6785,-1.0681,-1.9837,-1.9837,-1.8311,-0.91556,0.30519,-1.3733,0.45778,1.6785,1.3733,-0.76296,0.30519,1.3733,0.91556,0.91556,1.6785,2.7467,0.76296,-0.61037,0.61037,1.5259,1.8311,0.15259,-0,-0.30519,1.2207,1.8311,0.91556,0.61037,1.5259,3.5096,4.883,5.3407,6.1037,5.6459,5.0356,4.5778,5.0356,4.2726,3.9674,3.0519,2.5941,3.2044,3.9674,4.5778,8.24,9.3081,9.9185,9.1556,9.1556,7.9348,7.477,7.0193,7.3244,6.5615,5.9511,4.5778,4.4252,5.6459,8.6978,9.1556,10.071,10.071,10.987,10.987,13.733,18.311,19.99,21.973,22.889,20.753,19.532,17.853,19.379,21.21,23.347,21.058,21.973,21.21,20.905,19.684,18.921,18.006,15.717,13.733,11.597,7.7822,5.7985,2.2889,-1.0681,-5.0356,-8.0874,-14.344,-20.447,-25.025,-26.856,-29.45,-35.249,-40.132,-43.794,-48.372,-53.255,-57.222,-59.206,-63.173,-66.378,-71.261,-79.958,-89.419,-93.692,-97.049,-99.49,-101.63,-101.32,-101.02,-96.591,-93.539,-90.793,-89.267,-86.52,-83.316,-79.196,-75.076,-72.024,-69.277,-66.53,-63.784,-58.901,-56.307,-53.407,-51.881,-48.372,-43.947,-39.216,-36.317,-34.333,-32.96,-31.587,-31.587,-31.434,-32.197,-30.061,-29.603,-26.856,-26.551,-27.924,-30.366,-32.35,-34.486,-37.996,-40.437,-39.827,-43.489,-45.625,-48.524,-52.339,-57.527,-60.121,-60.121,-59.053,-59.206,-59.358,-57.833,-52.492,-49.44,-47.456,-47.914,-46.693,-46.999,-45.167,-46.083,-45.32,-43.031,-43.489,-42.268,-40.284,-37.233,-33.876,-32.197,-29.45,-31.434,-32.502,-33.876,-34.181,-36.317,-39.064,-44.099,-48.677,-51.729,-54.018,-57.68,-58.29,-61.037,-63.784,-69.43,-73.55,-77.67,-79.806,-81.942,-84.994,-87.893,-89.114,-91.098,-95.676,-99.796,-101.47,-105.9,-109.41,-112.77,-113.68,-117.95,-118.72,-121.01,-120.7,-119.02,-115.36,-110.48,-104.22,-98.88,-93.692,-89.267,-81.637,-80.264,-79.043,-77.364,-74.007,-71.413,-66.988,-64.241,-60.579,-54.17,-46.693,-41.81,-36.927,-34.181,-28.993,-24.72,-18.006,-14.344,-10.071,-9.003,-7.7822,-5.1881,-5.7985,-10.987,-13.123,-13.276,-12.055,-11.902,-10.376,-10.987,-11.292,-13.276,-13.886,-16.022,-17.243,-17.701,-17.853,-20.447,-21.973,-22.279,-23.652,-25.33,-23.499,-23.499,-21.21,-19.532,-16.938,-17.243,-18.616,-21.058,-22.736,-23.499,-24.11,-26.399,-23.804,-22.431,-22.279,-26.246,-30.671,-36.622,-41.353,-45.93,-48.372,-48.677,-47.151,-46.388,-43.336,-43.031,-40.132,-38.148,-36.775,-36.927,-36.012,-35.401,-37.843,-41.658,-45.167,-47.304,-46.846,-45.32,-43.947,-44.404,-46.236,-49.745,-51.118,-53.865,-57.68,-62.41,-65.462,-70.498,-75.991,-79.501,-80.264,-81.332,-78.585,-76.907,-74.618,-74.77,-74.77,-73.702,-72.787,-72.024,-71.108,-71.261,-72.329,-78.585,-82.4,-85.757,-84.536,-84.994,-85.757,-86.825,-88.351,-87.13,-84.231,-81.942,-77.975,-75.381,-73.244,-70.956,-64.699,-60.884,-56.917,-55.086,-49.44,-43.947,-41.047,-40.284,-42.726,-45.015,-45.32,-47.151,-49.593,-53.102,-53.56,-54.933,-54.628,-57.527,-57.375,-57.68,-57.68,-58.596,-56.917,-53.407,-48.524,-43.641,-38.911,-37.996,-33.876,-30.671,-28.993,-29.756,-28.687,-29.145,-30.671,-32.502,-31.892,-33.723,-36.164,-40.742,-45.015,-50.203,-53.407,-55.544,-58.596,-62.716,-64.089,-65.004,-66.378,-67.751,-68.056,-69.43,-70.193,-71.413,-69.277,-69.124,-67.904,-66.225,-64.394,-61.037,-59.969,-60.427,-57.833,-54.323,-49.745,-47.456,-46.083,-48.372,-48.83,-49.135,-48.067,-48.067,-47.304,-47.151,-46.999,-48.067,-50.203,-53.255,-55.086,-57.07,-56.307,-57.222,-57.833,-58.748,-59.511,-60.732,-60.427,-57.833,-56.154,-55.238,-55.086,-55.696,-54.018,-53.865,-53.102,-51.576,-49.135,-47.609,-43.794,-42.421,-38.911,-33.876,-29.145,-24.415,-21.21,-21.363,-20.6,-21.21,-20.6,-21.363,-21.516,-20.753,-19.684,-19.837,-22.126,-24.11,-24.11,-25.788,-25.941,-26.399,-25.788,-25.636,-23.194,-20.295,-15.564,-13.123,-10.071,-7.1718,-6.2563,-6.4089,-6.5615,-8.24,-7.7822,-8.3926,-7.9348,-10.529,-11.139,-9.9185,-6.1037,-2.7467,2.7467,5.6459,8.0874,10.376,12.513,14.039,14.496,14.191,15.87,15.412,15.717,14.191,15.717,18.006,20.142,21.821,23.804,23.347,21.821,22.431,25.483,28.535,34.333,35.554,34.944,32.502,31.892,31.281,33.265,35.707,38.453,40.132,39.674,36.775,35.096,32.96,31.739,30.213,31.129,30.366,30.671,31.129,31.129,30.824,32.044,34.181,37.843,37.538,36.47,33.723,32.044,29.603,29.145,29.756,30.976,30.671,28.535,25.636,23.347,21.973,23.499,23.499,24.873,25.483,25.941,26.551,27.772,31.587,34.486,35.707,33.265,29.145,25.636,18.769,14.954,10.987,8.3926,5.3407,6.1037,7.3244,9.3081,10.376,10.376,10.987,12.513,14.801,16.175,16.938,19.074,19.684,21.668,21.516,18.006,15.107,14.039,13.123,11.597,7.7822,5.3407,3.8148,4.2726,2.5941,2.7467,2.7467,2.5941,3.9674,7.9348,11.902,14.039,16.785,18.311,18.159,20.142,21.363,25.025,28.687,32.807,35.401,37.233,36.012,33.265,30.519,29.908,27.924,27.467,26.246,26.399,27.924,31.434,33.418,36.012,35.859,35.401,35.707,37.385,38.148,39.064,39.216,39.064,38.148,42.726,46.083,49.44,50.508,53.865,56.001,60.884,64.852,66.683,69.124,70.498,70.345,69.43,68.819,70.498,70.345,71.718,73.855,76.144,75.991,77.975,79.958,82.705,87.13,91.708,93.844,94.302,90.793,87.893,82.247,79.501,74.313,68.972,63.631,60.427,57.985,57.833,58.596,57.985,56.154,56.459,56.154,55.238,53.102,54.17,54.781,55.544,56.154,58.596,59.969,62.41,65.615,68.209,71.413,75.076,77.059,80.416,80.874,82.705,82.858,82.247,80.416,76.449,69.887,64.699,58.29,51.576,44.862,37.385,31.434,28.077,23.804,21.821,20.6,22.584,23.499,25.636,28.993,32.807,37.08,39.064,38.911,38.301,36.164,36.164,34.028,33.265,32.655,34.486,38.148,44.557,49.745,53.865,57.375,59.053,59.969,60.121,59.206,58.443,55.086,55.391,54.933,54.476,53.255,52.339,48.982,45.473,42.726,39.827,38.301,37.69,35.096,32.807,30.519,30.061,25.33,23.194,20.142,18.159,14.191,9.1556,4.7304,2.7467,-0.76296,-3.8148,-6.4089,-11.292,-15.717,-16.327,-20.142,-21.668,-24.72,-25.483,-23.347,-17.701,-14.954,-12.055,-6.7141,-0.76296,5.4933,9.7659,12.665,13.733,15.412,20.753,23.652,27.161,28.687,31.739,33.723,37.538,41.505,45.778,51.271,58.138,65.004,71.566,78.28,86.367,92.318,98.27,102.85,108.49,110.93,114.44,117.04,121.16,125.28,125.89,126.5,125.13,122.38,119.48,117.04,114.75,112.16,110.93,108.04,106.97,103.92,102.69,100.25,95.828,92.776,89.877,88.046,86.673,86.367,88.656,89.419,93.081,94.15,94.455,93.234,91.861,88.961,86.52,84.841,83.926,80.111,74.007,68.209,68.514,72.481,77.364,77.822,79.806,81.332,81.332,77.975,74.16,70.345,64.241,57.527,53.713,50.813,51.881,50.813,49.44,45.625,43.031,41.963,41.505,40.284,39.216,34.944,30.671,26.551,22.126,16.633,14.954,11.139,6.4089,2.8993,0.30519,-2.7467,-2.2889,-1.9837,-2.1363,-1.8311,1.0681,2.7467,5.6459,7.0193,8.3926,8.5452,11.444,14.649,18.159,20.295,23.194,25.636,27.161,27.161,29.603,28.84,29.298,28.84,30.519,29.298,29.908,29.908,29.603,26.551,21.821,18.769,16.327,11.139,7.0193,1.5259,-3.2044,-8.8504,-13.581,-18.006,-19.074,-17.243,-15.259,-14.496,-15.259,-16.022,-15.87,-15.564,-14.191,-12.97,-10.071,-8.5452,-4.883,-1.9837,0.76296,2.1363,1.9837,1.3733,-0,-0.45778,-0.45778,-0.45778,0.30519,-1.2207,-1.9837,-2.5941,-0.61037,-1.6785,-1.9837,-4.2726,-5.7985,-8.6978,-9.7659,-12.055,-13.886,-17.243,-22.279,-29.908,-34.333,-38.759,-40.895,-43.489,-41.81,-43.336,-41.2,-38.453,-36.775,-35.249,-35.249,-36.012,-34.639,-34.333,-30.519,-26.399,-19.532,-14.191,-9.6133,-8.6978,-8.5452,-10.071,-11.444,-12.055,-10.834,-10.224,-11.902,-14.649,-14.649,-16.022,-16.022,-16.175,-15.412,-17.396,-19.532,-21.058,-21.821,-23.652,-25.178,-26.704,-26.704,-25.178,-22.126,-21.821,-18.769,-17.396,-15.87,-15.259,-15.259,-15.259,-14.649,-13.276,-10.529,-7.9348,-5.1881,-2.2889,1.0681,2.1363,1.9837,-0.30519,-1.9837,-3.357,-2.2889,1.2207,4.12,5.4933,5.9511,5.7985,4.4252,3.0519,3.357,3.6622,5.6459,6.5615,7.477,5.4933,3.5096,0.30519,-0.61037,-1.0681,-0.61037,0.91556,2.8993,4.7304,7.477,9.6133,11.902,13.276,16.938,18.159,19.99,19.532,20.905,19.227,18.159,16.633,15.412,12.818,12.513,13.428,13.123,9.6133,6.2563,0.76296,-1.6785,-4.12,-4.883,-7.7822,-12.055,-16.175,-17.548,-18.159,-18.159,-19.227,-17.701,-15.107,-12.665,-11.139,-9.1556,-10.987,-9.6133,-9.7659,-8.3926,-6.4089,-1.5259,2.7467,3.6622,3.2044,1.5259,-0.15259,-0,-0.30519,1.0681,-0.76296,-3.357,-6.7141,-7.477,-8.0874,-6.2563,-6.4089,-7.477,-8.24,-6.1037,-3.6622,-2.5941,-2.8993,-1.8311,-5.6459,-9.6133,-17.09,-21.668,-25.636,-27.314,-29.756,-29.145,-28.23,-30.366,-32.502,-32.502,-31.587,-31.281,-37.08,-42.573,-46.999,-47.456,-45.473,-43.336,-42.726,-41.505,-39.521,-37.385,-34.944,-30.976,-29.145,-30.213,-30.519,-27.161,-23.957,-18.616,-15.107,-12.207,-10.834,-5.9511,-6.1037,-8.3926,-11.444,-14.954,-16.633,-14.801,-14.801,-14.954,-16.633,-16.022,-17.243,-14.344,-11.597,-7.7822,-6.8667,-6.2563,-7.6296,-9.9185,-11.444,-14.801,-20.753,-22.736,-22.279,-24.567,-25.33,-25.788,-31.281,-36.317,-41.353,-40.742,-43.031,-46.541,-52.339,-58.901,-65.462,-69.43,-74.313,-79.196,-86.062,-93.692,-103.31,-107.88,-111.55,-116.28,-122.68,-123.45,-122.53,-117.34,-112.16,-105.75,-100.1,-94.76,-90.335,-83.468,-78.433,-73.855,-72.481,-70.193,-69.735,-68.819,-68.667,-68.056,-72.634,-77.67,-80.111,-79.043,-80.874,-83.621,-85.299,-86.52,-94.302,-101.93,-107.43,-110.17,-110.17,-109.87,-109.26,-109.1,-111.55,-111.7,-111.7,-111.85,-114.9,-114.44,-115.51,-112.77,-112.61,-110.78,-110.48,-108.49,-102.24,-98.575,-97.354,-96.286,-95.37,-93.081,-93.997,-93.692,-95.523,-95.523,-95.981,-94.76,-95.828,-93.387,-89.267,-85.452,-82.247,-76.601,-71.871,-63.173,-56.917,-49.593,-46.236,-45.167,-46.846,-49.135,-51.424,-55.086,-59.664,-62.563,-64.852,-65.157,-62.41,-56.001,-56.764,-54.933,-52.644,-48.677,-46.541,-42.268,-37.385,-33.876,-31.892,-29.45,-29.45,-30.519,-32.35,-31.739,-32.197,-30.824,-32.35,-32.96,-35.859,-37.385,-39.216,-40.437,-42.268,-42.116,-42.116,-41.963,-40.742,-39.369,-41.505,-41.2,-42.879,-43.336,-44.557,-42.726,-42.116,-41.2,-43.336,-43.031,-45.015,-47.914,-48.982,-49.287,-51.881,-53.713,-55.849,-56.917,-58.596,-58.748,-58.596,-58.29,-55.849,-52.187,-50.661,-48.677,-47.914,-47.304,-49.135,-48.524,-47.151,-44.862,-43.031,-40.437,-38.453,-33.57,-26.551,-21.21,-18.464,-16.633,-13.733,-7.7822,-3.6622,1.3733,5.3407,9.3081,13.733,17.396,18.921,22.126,24.72,27.924,29.908,34.181,35.859,38.148,37.08,37.843,38.606,38.911,37.08,35.707,33.113,31.739,29.908,28.84,27.619,27.924,26.856,25.941,25.483,25.941,26.704,26.856,25.636,25.178,24.72,27.467,30.519,35.249,37.233,39.369,41.353,43.031,44.099,45.167,46.846,48.982,48.524,50.508,50.966,50.966,48.372,46.999,47.456,48.83,50.356,51.424,49.287,47.456,45.167,46.083,45.93,47.609,46.693,46.388,47.304,47.304,47.761,50.05,50.813,52.492,54.476,59.511,63.326,68.972,73.397,78.433,82.705,87.436,92.318,95.981,97.964,98.88,97.812,97.964,98.422,102.24,105.14,108.65,109.56,107.58,105.29,104.68,102.69,100.41,99.643,100.41,100.1,100.25,98.575,99.643,99.185,99.948,97.201,94.913,95.218,95.37,92.166,88.351,83.773,79.501,75.076,73.397,70.193,66.073,58.901,51.271,42.726,35.859,30.213,25.788,21.058,17.243,16.327,16.327,14.039,12.97,9.4607,7.6296,6.5615,7.477,10.681,13.886,15.564,18.311,19.684,20.142,19.227,18.769,15.412,12.97,11.75,14.649,16.327,15.564,12.665,9.1556,4.7304,-0.91556,-7.6296,-12.97,-18.616,-21.363,-23.499,-23.194,-21.973,-18.769,-16.785,-17.701,-21.21,-26.093,-31.587,-35.401,-40.59,-45.167,-50.813,-52.339,-52.644,-48.83,-46.083,-42.268,-41.963,-41.505,-40.895,-39.216,-37.843,-33.876,-30.366,-24.873,-20.753,-17.09,-17.548,-16.633,-16.633,-14.801,-14.649,-15.564,-16.022,-14.954,-13.428,-12.055,-9.1556,-4.883,-3.5096,-1.2207,-0.91556,1.3733,1.0681,1.3733,1.2207,0.61037,-1.0681,-1.8311,-1.2207,-0.61037,0.91556,5.6459,9.1556,13.276,15.259,18.921,20.447,22.736,23.499,25.788,29.756,33.265,35.249,38.301,40.742,44.099,43.947,46.083,50.356,56.307,63.478,72.176,79.958,89.114,98.422,106.51,113.83,121.01,124.97,129.7,132.6,136.42,137.79,141.45,142.83,142.83,142.37,140.69,138.4,135.2,132.76,131.08,126.65,123.29,118.87,114.9,108.04,103.76,99.796,97.049,93.234,91.403,89.114,86.062,82.247,80.721,79.958,80.416,78.433,77.517,75.686,74.007,72.939,73.244,72.634,72.024,71.413,71.871,73.397,76.449,80.264,83.316,84.384,87.741,90.64,94.76,98.422,103.15,108.49,115.05,122.99,131.08,137.94,145.57,151.68,156.41,159.61,163.43,166.33,170.14,171.21,171.82,171.51,168.61,166.33,161.9,157.02,153.36,148.47,144.96,142.98,142.37,139.47,135.2,129.7,123.91,118.87,116.12,112.46,109.87,108.04,107.43,104.37,103,99.643,96.438,93.387,91.708,92.166,91.25,90.793,91.708,90.793,91.403,91.25,90.487,87.283,86.215,83.773,81.027,79.043,77.975,74.923,72.329,70.803,69.277,65.004,63.326,61.495,59.358,57.833,57.985,56.459,54.476,52.034,50.05,47.761,45.015,41.81,40.742,38.606,37.69,33.876,28.993,23.347,18.464,14.039,11.292,7.6296,2.8993,-1.3733,-5.0356,-10.681,-12.665,-15.717,-17.853,-23.194,-28.993,-36.927,-43.794,-50.966,-57.68,-65.615,-70.956,-75.991,-79.806,-84.231,-90.03,-99.338,-110.17,-120.24,-125.28,-130.92,-132.3,-133.52,-131.84,-130.62,-127.87,-124.97,-119.94,-113.53,-104.68,-97.049,-88.961,-84.841,-79.196,-73.702,-65.615,-58.748,-51.118,-45.015,-40.132,-36.775,-33.723,-30.824,-27.314,-23.957,-20.447,-17.853,-14.801,-13.581,-12.97,-14.191,-14.649,-18.769,-19.99,-19.99,-19.99,-21.363,-21.516,-23.652,-26.856,-31.281,-35.401,-39.979,-41.505,-44.71,-45.93,-47.456,-46.541,-46.693,-46.236,-47.761,-50.508,-55.849,-55.391,-52.95,-51.271,-50.813,-49.593,-47.914,-44.862,-41.963,-39.369,-38.453,-34.028,-31.739,-32.35,-37.385,-38.759,-37.233,-36.164,-39.521,-44.252,-48.524,-50.203,-55.544,-59.511,-62.868,-63.631,-66.53,-72.939,-82.553,-92.471,-102.08,-110.17,-118.56,-124.82,-129.09,-132.76,-138.71,-141.45,-144.35,-144.35,-145.73,-147.1,-148.63,-147.1,-147.4,-147.1,-145.12,-141.91,-139.62,-135.2,-134.43,-134.28,-136.72,-135.81,-136.57,-135.2,-137.33,-137.33,-137.33,-138.1,-141.15,-143.13,-144.96,-146.49,-148.93,-150.3,-150.3,-149.24,-149.39,-146.49,-143.13,-140.08,-136.72,-133.52,-131.84,-132.3,-131.53,-131.08,-134.59,-137.33,-138.71,-138.4,-140.84,-142.37,-142.83,-140.08,-136.72,-133.37,-129.25,-126.19,-124.06,-120.4,-116.43,-113.68,-110.48,-105.44,-100.56,-93.692,-88.046,-80.721,-74.923,-69.43,-64.547,-60.884,-59.511,-57.68,-56.459,-52.95,-47.761,-41.2,-36.927,-30.671,-28.23,-25.178,-23.957,-22.279,-23.347,-23.652,-23.347,-21.21,-18.921,-14.191,-10.224,-5.0356,-0.91556,3.357,3.9674,7.0193,9.6133,13.733,16.175,18.159,16.785,15.87,14.649,14.496,15.412,14.039,11.292,7.3244,0.91556,-1.9837,-4.5778,-6.1037,-9.7659,-11.75,-15.259,-16.938,-20.447,-21.821,-22.279,-22.279,-24.415,-27.467,-29.145,-27.467,-28.23,-27.467,-26.704,-24.72,-26.093,-27.772,-28.077,-25.941,-23.652,-21.973,-21.668,-20.905,-21.058,-18.311,-18.006,-17.243,-17.548,-15.564,-15.107,-12.207,-9.7659,-7.6296,-5.0356,-3.357,-0.91556,4.5778,10.224,15.259,19.074,26.246,28.687,27.161,25.025,26.704,29.45,30.671,30.061,31.129,30.519,31.739,33.876,34.486,34.486,36.927,37.233,36.317,31.434,27.314,21.363,16.785,11.139,7.1718,5.1881,5.3407,6.5615,8.5452,8.5452,6.7141,3.357,2.4415,-0,0.76296,-0,-0.30519,-0.91556,-1.6785,-3.5096,-5.6459,-9.1556,-16.022,-25.33,-31.892,-39.827,-46.846,-53.56,-56.764,-59.969,-61.8,-66.988,-71.108,-72.634,-71.413,-68.819,-66.225,-64.547,-65.157,-65.767,-65.92,-67.446,-69.277,-75.228,-79.653,-83.773,-84.994,-89.419,-93.844,-93.692,-93.539,-97.964,-100.1,-101.02,-99.49,-98.422,-93.997,-89.419,-82.858,-77.822,-70.345,-65.31,-59.053,-54.018,-48.372,-44.862,-40.132,-33.723,-27.161,-21.516,-14.344,-8.8504,-0.76296,10.834,20.6,27.467,32.197,32.655,34.028,35.554,36.47,37.538,39.827,41.505,38.301,32.96,25.483,23.957,23.499,17.09,9.3081,-1.9837,-12.36,-19.379,-23.804,-27.924,-30.519,-32.35,-31.434,-28.687,-23.652,-19.074,-13.733,-10.224,-6.2563,-1.3733,3.0519,3.8148,2.4415,-0.45778,-0.91556,-1.3733,-3.8148,-8.8504,-14.344,-19.684,-22.889,-26.093,-29.603,-36.622,-39.979,-44.252,-49.44,-56.917,-62.868,-65.462,-66.683,-69.887,-72.939,-76.449,-78.585,-78.585,-75.991,-79.348,-80.721,-81.637,-80.111,-78.585,-77.67,-77.822,-75.228,-75.991,-77.822,-80.569,-83.316,-84.384,-83.773,-81.942,-80.264,-81.942,-81.332,-80.721,-78.585,-75.228,-74.77,-75.076,-72.176,-68.056,-65.462,-63.326,-60.274,-56.917,-51.729,-49.593,-47.151,-44.71,-41.353,-38.606,-36.47,-34.944,-32.655,-30.519,-26.399,-23.804,-20.142,-15.87,-12.818,-14.039,-14.344,-15.717,-13.581,-10.071,-6.5615,-5.3407,-2.2889,4.7304,7.6296,8.6978,10.681,10.834,12.055,12.36,14.801,15.564,18.006,18.921,18.769,17.548,17.09,18.006,18.921,18.311,21.516,24.262,26.856,30.671,34.181,33.113,35.401,38.148,40.437,39.521,38.453,39.674,40.895,39.216,38.759,37.08,37.996,36.164,37.538,36.775,36.622,37.08,36.317,34.181,32.35,30.061,26.093,23.499,23.804,23.041,21.363,18.006,17.243,16.785,16.48,10.987,8.3926,6.8667,6.8667,5.1881,5.3407,5.3407,4.12,0.76296,0.30519,-1.9837,-3.0519,-4.2726,-0.91556,0.61037,1.6785,1.9837,3.357,4.5778,6.5615,9.4607,10.834,9.9185,9.7659,9.1556,12.055,18.159,26.551,32.96,35.859,39.827,42.268,41.658,42.268,41.2,38.453,36.012,34.639,29.298,23.041,20.447,17.548,10.529,8.3926,6.7141,5.0356,1.3733,-1.9837,-1.3733,4.12,11.75,18.464,21.058,27.161,33.113,42.421,48.677,50.508,48.372,47.914,46.083,47.456,50.966,53.713,53.865,53.102,53.865,57.68,59.053,59.206,56.764,59.816,59.664,57.68,52.187,48.067,46.693,46.083,45.778,47.456,44.557,42.268,41.047,42.879,42.421,38.148,33.723,31.281,28.535,24.262,21.058,21.973,20.295,20.295,19.99,18.769,18.159,19.532,19.532,14.649,7.7822,5.0356,2.5941,0.91556,-2.8993,-5.1881,-7.9348,-8.6978,-10.834,-12.207,-15.107,-17.701,-19.379,-20.6,-21.516,-22.431,-27.314,-31.281,-37.385,-41.2,-44.099,-43.947,-44.099,-45.015,-48.524,-53.713,-57.833,-60.579,-66.683,-69.582,-73.244,-74.618,-77.67,-77.975,-78.738,-75.686,-73.092,-70.803,-69.43,-67.141,-65.31,-64.089,-62.868,-59.206,-57.375,-56.154,-56.459,-54.628,-56.307,-55.849,-58.443,-62.716,-61.19,-57.527,-57.07,-57.985,-59.664,-57.985,-59.053,-55.849,-52.187,-46.236,-43.641,-38.606,-34.944,-33.57,-33.723,-33.723,-34.791,-35.859,-36.775,-37.08,-35.707,-33.876,-36.47,-38.606,-39.216,-38.453,-41.047,-46.999,-54.17,-58.138,-59.664,-58.29,-60.274,-61.647,-63.478,-61.8,-63.478,-61.037,-58.748,-57.527,-56.154,-53.56,-52.797,-52.644,-52.644,-51.576,-53.407,-49.287,-41.658,-33.418,-29.145,-24.415,-19.837,-15.564,-11.444,-4.883,-0.45778,6.5615,13.733,19.532,19.99,24.873,27.772,32.35,31.587,31.434,30.366,30.366,31.739,33.57,36.012,42.116,46.999,53.255,55.544,56.307,58.29,60.274,57.985,59.816,64.699,67.141,65.615,63.631,62.105,62.258,60.427,61.19,61.19,62.105,62.41,63.021,62.563,60.121,58.748,64.852,66.683,62.563,60.579,62.41,63.478,64.394,62.41,62.563,62.258,62.716,62.105,60.274,57.833,57.07,56.917,59.664,59.358,58.748,57.833,59.816,62.105,63.173,62.868,59.053,56.001,54.323,51.881,50.356,46.083,43.794,43.489,44.404,45.778,46.541,44.252,44.862,44.862,41.353,37.08,34.028,31.129,29.298,28.23,29.603,32.197,35.707,35.554,34.028,33.418,30.366,24.415,18.311,13.123,8.24,2.2889,-0.45778,-2.8993,-7.7822,-13.428,-15.717,-19.532,-20.753,-23.652,-27.314,-32.044,-36.47,-43.184,-49.287,-55.238,-60.121,-67.446,-64.089,-61.037,-62.105,-64.852,-61.647,-59.053,-56.001,-52.492,-46.846,-40.895,-32.655,-28.382,-24.415,-23.041,-18.311,-14.649,-13.886,-14.649,-14.191,-11.597,-9.7659,-5.9511,-1.0681,0.76296,2.7467,5.1881,9.9185,11.75,13.886,13.428,14.344,14.954,14.191,12.513,9.9185,6.2563,6.2563,5.6459,5.1881,4.7304,8.24,11.139,14.344,17.243,19.684,22.431,26.399,28.535,28.077,25.483,28.077,33.723,41.81,50.508,59.969,67.446,73.244,77.212,81.637,87.436,93.844,97.201,100.41,102.54,110.32,114.75,117.65,120.7,122.53,122.68,123.14,123.29,123.75,121.16,117.65,112,110.17,106.97,103,96.896,91.25,84.689,79.348,72.634,66.988,64.394,61.953,57.833,55.849,52.034,49.593,46.541,45.778,42.421,38.911,37.996,38.606,35.859,32.807,29.298,27.009,21.516,17.853,13.886,11.139,8.8504,8.3926,7.0193,5.6459,2.7467,-0.61037,-4.4252,-7.477,-10.529,-12.818,-18.311,-22.736,-27.009,-27.314,-28.687,-28.993,-30.976,-32.502,-35.249,-39.369,-45.32,-50.203,-56.917,-59.511,-63.478,-66.53,-71.566,-76.601,-84.689,-86.52,-85.604,-86.978,-88.961,-88.504,-89.572,-92.624,-96.591,-99.033,-103.31,-105.29,-107.88,-108.34,-107.12,-104.53,-101.32,-98.117,-95.981,-95.981,-95.218,-97.049,-99.185,-99.948,-103.31,-105.9,-108.19,-108.34,-107.27,-104.07,-99.338,-94.455,-90.64,-87.436,-82.4,-78.28,-73.702,-68.056,-65.462,-65.004,-65.462,-63.631,-63.021,-61.8,-60.732,-61.037,-61.953,-62.868,-64.394,-64.089,-65.31,-68.667,-72.634,-74.77,-78.738,-79.806,-78.433,-76.296,-75.533,-73.855,-70.65,-68.361,-66.073,-65.462,-65.157,-63.936,-61.953,-57.527,-52.95,-46.083,-42.116,-37.233,-34.791,-30.366,-27.772,-26.093,-25.788,-24.262,-25.483,-27.161,-28.84,-26.093,-25.178,-22.736,-22.584,-19.684,-20.295,-17.853,-16.633,-16.022,-15.412,-14.954,-17.701,-17.853,-19.99,-21.821,-24.873,-27.009,-31.739,-32.197,-33.265,-34.028,-31.739,-30.061,-30.824,-29.603,-28.077,-28.535,-32.044,-36.775,-43.336,-48.372,-54.018,-56.459,-58.596,-60.121,-60.274,-59.358,-55.544,-50.203,-47.151,-42.879,-38.911,-36.012,-36.164,-33.723,-31.587,-27.314,-25.025,-22.584,-22.736,-22.584,-23.347,-23.652,-24.11,-22.889,-24.262,-27.924,-34.486,-36.47,-37.996,-37.385,-39.674,-42.116,-44.557,-46.083,-46.236,-48.524,-52.187,-56.001,-56.459,-57.07,-57.222,-55.696,-55.544,-56.307,-58.596,-60.274,-63.173,-63.784,-64.241,-62.716,-59.969,-60.884,-60.427,-60.579,-63.478,-63.784,-62.105,-58.748,-57.833,-55.544,-51.576,-47.761,-46.388,-44.862,-41.505,-35.554,-32.35,-29.298,-26.399,-21.973,-20.905,-17.548,-15.87,-13.581,-9.4607,-8.5452,-11.597,-12.055,-11.597,-10.529,-11.292,-11.292,-14.344,-12.207,-10.224,-8.24,-7.477,-4.2726,-4.7304,-4.4252,-4.4252,0.76296,4.883,8.5452,10.987,13.886,11.292,12.207,12.207,13.276,16.785,20.142,22.889,20.6,15.412,13.428,11.597,11.597,9.6133,8.8504,9.7659,12.665,11.444,10.071,6.5615,5.0356,7.477,9.6133,12.665,17.396,19.532,24.11,24.262,24.415,23.041,22.431,19.074,15.564,12.97,12.818,10.071,7.3244,3.2044,2.4415,1.0681,1.5259,-0.15259,-1.9837,-2.1363,-2.2889,-3.2044,-1.3733,0.30519,1.0681,2.5941,9.6133,16.633,24.415,31.587,38.148,42.268,46.846,51.424,52.187,55.849,61.953,64.241,62.563,57.375,53.865,48.067,44.404,41.2,37.69,34.944,36.164,32.044,25.788,20.142,17.853,14.191,12.055,11.139,9.1556,3.0519,-3.0519,-8.8504,-12.665,-13.428,-10.681,-6.8667,-4.5778,-3.8148,-2.1363,-2.2889,5.1881,11.444,16.785,21.821,26.856,26.704,25.33,26.856,32.807,36.775,36.622,35.554,35.707,31.587,32.96,35.096,33.876,34.791,35.249,32.197,32.044,32.807,32.655,28.535,26.093,23.194,18.921,16.022,16.175,19.227,17.396,12.97,9.3081,4.2726,-0.91556,-4.12,-5.9511,-11.597,-16.785,-20.753,-22.279,-22.279,-19.379,-18.921,-20.295,-21.668,-18.616,-18.464,-16.327,-18.159,-19.99,-21.516,-23.957,-26.246,-28.23,-30.366,-33.418,-36.012,-36.012,-38.453,-38.606,-41.963,-41.505,-46.083,-52.644,-56.154,-59.053,-63.021,-63.478,-67.904,-69.277,-69.582,-69.582,-74.313,-79.958,-84.994,-86.825,-91.25,-96.286,-95.523,-96.438,-103,-103.46,-99.796,-99.338,-99.796,-92.929,-89.572,-83.163,-75.686,-70.65,-67.904,-64.852,-63.784,-59.053,-56.612,-51.576,-46.388,-40.132,-34.791,-29.756,-24.262,-18.006,-14.344,-10.987,-4.7304,-0.61037,0.91556,3.8148,3.5096,-0.45778,-8.0874,-13.123,-17.243,-22.584,-26.704,-30.366,-35.249,-36.622,-37.233,-35.707,-37.538,-35.554,-30.824,-27.314,-25.33,-19.684,-14.954,-8.8504,1.6785,13.428,20.905,29.298,41.963,61.953,76.907,88.198,95.981,99.796,102.08,106.05,106.97,110.17,112.77,114.9,117.5,117.95,117.8,116.73,112.16,107.58,101.93,95.218,90.945,84.384,75.076,64.547,51.576,41.353,34.181,31.892,24.11,14.496,6.5615,1.6785,-4.7304,-10.376,-14.191,-18.311,-22.736,-24.262,-25.483,-22.889,-25.025,-23.652,-25.178,-23.804,-20.6,-15.412,-12.97,-12.513,-11.139,-6.4089,1.8311,8.24,12.36,21.516,32.96,42.726,43.336,48.83,50.203,47.914,43.031,39.216,37.538,33.265,24.567,18.616,16.022,12.055,3.2044,-1.3733,-4.4252,-3.2044,-3.357,-1.5259,-0.15259,-0.30519,6.4089,8.0874,5.9511,5.6459,5.6459,1.5259,-2.2889,-2.5941,-1.2207,1.6785,1.3733,2.5941,6.5615,9.4607,11.292,10.834,10.376,14.954,20.6,27.009,28.687,28.993,26.856,20.905,24.415,32.197,33.723,26.551,19.99,21.516,19.379,14.344,9.1556,1.9837,-5.1881,-12.36,-14.954,-16.022,-20.6,-23.347,-29.603,-30.519,-26.246,-20.447,-17.548,-15.87,-15.564,-14.954,-13.581,-13.276,-16.022,-16.175,-19.074,-20.905,-19.532,-17.09,-17.548,-15.412,-14.649,-14.496,-13.733,-15.107,-17.701,-21.668,-29.603,-28.23,-23.347,-24.11,-29.298,-30.519,-30.976,-29.756,-31.587,-30.976,-28.84,-26.093,-24.262,-20.142,-18.006,-18.769,-20.447,-17.243,-15.107,-15.87,-16.785,-15.87,-16.938,-15.87,-15.564,-18.769,-23.499,-24.72,-24.567,-21.668,-23.347,-20.6,-17.853,-19.227,-25.178,-29.298,-30.366,-29.298,-27.619,-21.058,-19.532,-15.87,-15.107,-16.327,-14.039,-13.276,-16.48,-19.227,-22.584,-24.873,-26.399,-24.415,-24.567,-23.041,-26.093,-28.535,-29.756,-30.671,-33.57,-36.927,-36.164,-32.807,-34.944,-35.096,-35.554,-35.401,-37.233,-34.486,-34.944,-34.028,-35.554,-31.129,-29.908,-28.84,-29.45,-33.723,-38.606,-38.148,-39.369,-40.132,-41.81,-39.369,-41.047,-44.099,-47.609,-52.187,-55.086,-57.07,-62.868,-67.598,-70.65,-71.108,-73.55,-74.618,-79.348,-83.926,-84.536,-84.078,-82.858,-83.316,-83.926,-75.686,-75.076,-74.923,-74.007,-74.007,-76.449,-74.465,-71.566,-71.108,-71.108,-68.819,-69.887,-71.566,-70.956,-69.887,-67.141,-61.342,-60.121,-53.102,-50.966,-51.729,-46.236,-45.167,-46.999,-48.219,-53.255,-58.748,-62.868,-61.342,-60.579,-62.716,-66.988,-68.209,-68.056,-61.342,-59.664,-64.241,-67.293,-68.667,-66.683,-64.241,-60.884,-57.222,-56.001,-54.018,-50.813,-46.388,-38.759,-36.317,-34.944,-28.23,-24.72,-23.957,-19.837,-15.259,-13.123,-15.717,-22.889,-25.33,-31.892,-34.791,-38.606,-40.284,-45.473,-54.018,-57.985,-60.427,-66.073,-68.972,-70.498,-69.277,-72.634,-75.228,-77.822,-78.89,-82.095,-85.452,-87.13,-90.793,-97.507,-100.25,-104.83,-109.87,-113.53,-113.22,-116.28,-115.21,-110.32,-104.22,-98.88,-94.76,-87.436,-84.536,-81.484,-71.413,-70.65,-67.598,-60.427,-51.729,-46.388,-42.879,-38.606,-32.044,-31.434,-28.993,-30.061,-33.723,-34.944,-37.233,-41.963,-46.388,-46.693,-37.08,-37.69,-40.132,-41.047,-37.69,-31.434,-30.366,-28.382,-23.041,-19.684,-13.428,-6.5615,-2.2889,6.2563,13.123,20.142,27.161,34.791,39.827,38.148,38.453,42.879,47.304,48.982,49.593,51.729,52.492,49.593,45.32,44.557,43.947,41.658,41.353,41.81,41.2,41.963,38.759,39.369,40.132,39.521,36.775,34.486,36.927,35.707,31.587,27.314,23.652,15.717,12.055,8.5452,4.4252,5.1881,5.6459,3.2044,3.357,5.6459,7.0193,8.0874,10.529,12.055,11.902,12.055,14.801,11.902,9.1556,7.477,9.003,9.3081,8.6978,3.8148,-0.30519,-5.4933,-9.4607,-14.649,-13.581,-13.123,-14.496,-15.412,-19.684,-26.093,-28.84,-29.145,-27.467,-25.636,-17.396,-10.071,-0.30519,5.6459,18.159,26.856,24.262,19.379,21.821,28.077,30.824,32.35,37.69,45.015,52.187,55.391,61.342,65.157,70.498,79.501,86.367,89.572,94.913,100.56,102.08,99.948,100.25,103.15,105.29,101.93,96.744,96.744,97.964,95.981,98.27,95.37,97.049,96.896,100.56,101.78,97.201,91.861,88.961,83.01,78.127,76.754,72.176,66.836,61.037,54.323,51.424,48.372,47.761,46.388,45.167,45.778,47.456,51.271,57.985,62.105,66.988,74.313,82.247,80.264,79.196,78.585,73.855,67.293,66.683,61.647,51.271,38.453,29.45,21.363,14.496,10.071,8.3926,5.0356,4.7304,5.4933,10.834,11.75,11.902,12.513,12.513,12.207,12.818,11.597,12.97,10.529,4.883,-0.45778,0.30519,0.61037,1.9837,1.0681,-0.61037,-0,3.6622,5.1881,7.6296,8.0874,7.1718,2.8993,0.30519,-5.3407,-12.055,-18.921,-24.567,-31.434,-31.892,-31.892,-37.08,-41.963,-44.557,-48.219,-53.56,-58.596,-58.443,-59.816,-61.19,-70.345,-77.364,-78.127,-78.433,-81.79,-84.536,-87.588,-87.436,-87.436,-83.773,-80.569,-74.923,-66.378,-61.037,-56.307,-54.781,-54.17,-45.778,-42.268,-42.573,-45.93,-48.83,-54.781,-56.154,-54.323,-55.544,-56.764,-61.647,-64.852,-64.699,-61.647,-59.511,-60.732,-57.07,-57.527,-60.427,-63.326,-63.478,-62.563,-63.173,-63.784,-61.342,-61.495,-61.037,-63.326,-60.579,-57.07,-51.881,-59.206,-63.478,-63.631,-62.258,-65.462,-66.225,-69.277,-72.329,-74.16,-71.413,-75.838,-81.027,-86.215,-88.809,-93.844,-94.15,-93.234,-91.861,-91.25,-91.403,-91.861,-90.182,-90.945,-86.062,-81.484,-77.975,-69.124,-58.748,-59.969,-56.154,-51.576,-45.015,-37.385,-36.164,-36.164,-35.859,-31.587,-21.668,-17.396,-8.24,-0.15259,1.2207,1.0681,7.9348,14.801,21.516,27.009,34.486,41.505,48.067,55.849,65.157,70.956,82.4,90.945,93.539,98.117,104.22,112.16,119.63,122.07,122.53,124.97,129.7,131.99,132.6,136.11,142.37,143.28,143.13,144.66,146.49,148.32,147.1,146.03,145.88,145.57,146.49,150.3,155.64,156.56,161.44,167.09,166.48,167.24,170.6,176.55,180.52,182.5,187.69,191.35,193.64,193.18,193.33,195.32,199.59,203.56,205.39,205.24,205.54,207.22,208.75,202.95,202.64,206,204.93,204.93,207.53,208.14,211.19,211.19,205.54,202.95,200.2,195.47,189.67,182.5,179.3,171.67,165.11,158.85,156.25,156.71,152.75,149.54,147.4,141.15,134.59,133.98,132.76,125.89,118.26,112.31,107.27,103.15,103.61,104.53,105.75,101.93,98.422,101.47,103.46,99.338,97.964,95.828,95.065,91.25,87.436,80.874,75.686,74.465,72.787,70.04,71.108,70.345,64.089,60.427,59.664,56.917,54.781,48.219,49.135,48.524,51.576,50.05,51.271,53.56,53.102,50.966,52.034,50.813,48.677,46.236,44.404,39.216,42.268,42.268,35.554,26.551,20.905,14.496,10.224,8.0874,0.61037,-4.12,-7.6296,-9.3081,-9.6133,-12.36,-10.834,-15.717,-17.396,-14.496,-10.529,-12.818,-13.123,-4.2726,-3.2044,-4.12,0.61037,5.0356,11.139,13.123,14.801,14.039,16.48,14.801,12.055,10.834,8.24,8.0874,5.3407,0.61037,-0.91556,-3.9674,-2.7467,-2.2889,-3.9674,-9.4607,-18.006,-30.366,-35.096,-39.064,-41.2,-43.031,-44.557,-50.813,-53.865,-57.68,-61.8,-67.293,-72.329,-79.806,-87.741,-95.065,-96.438,-102.08,-107.27,-113.99,-121.77,-131.38,-134.74,-140.39,-143.28,-143.74,-143.13,-142.37,-143.89,-148.17,-151.22,-151.52,-151.22,-151.37,-152.44,-153.81,-149.54,-142.98,-138.86,-141.15,-141.91,-136.88,-130.47,-120.85,-117.65,-119.33,-115.51,-110.17,-100.56,-91.556,-86.062,-88.046,-85.452,-81.637,-76.601,-72.176,-72.939,-68.819,-67.293,-69.43,-68.819,-68.514,-66.988,-72.176,-73.397,-75.686,-78.28,-80.264,-79.958,-81.027,-84.536,-86.52,-84.841,-90.182,-97.201,-99.185,-99.033,-102.24,-105.29,-111.39,-116.58,-119.48,-123.14,-126.96,-131.53,-133.06,-131.08,-134.43,-134.13,-134.59,-133.21,-133.98,-134.28,-130.77,-124.06,-116.12,-103.76,-99.185,-97.049,-90.487,-83.468,-79.196,-74.313,-68.514,-66.073,-69.277,-66.683,-64.547,-67.598,-68.209,-66.53,-66.836,-66.225,-70.65,-74.923,-77.212,-77.364,-81.637,-82.095,-82.553,-80.874,-80.569,-81.332,-76.449,-75.991,-78.127,-79.348,-81.484,-79.806,-78.28,-74.465,-77.059,-81.942,-84.841,-81.942,-81.942,-82.4,-82.4,-77.059,-74.465,-71.261,-66.988,-61.342,-58.29,-54.476,-54.17,-48.524,-42.116,-37.69,-32.502,-28.077,-27.467,-22.889,-18.769,-15.259,-14.039,-0.45778,9.4607,12.513,13.276,16.48,24.11,27.772,29.298,28.993,27.619,27.009,29.145,29.45,28.84,30.671,30.671,31.587,29.298,28.687,25.33,24.567,22.126,19.99,17.548,19.684,24.567,25.483,27.161,31.281,29.298,30.824,34.181,44.099,48.524,48.219,54.628,66.53,72.024,77.822,85.452,88.809,96.591,102.08,104.53,108.65,114.29,123.45,126.35,128.03,131.99,139.32,140.84,139.47,140.84,143.74,144.2,142.37,140.69,139.47,133.52,126.8,124.67,129.55,127.57,121.46,114.9,111.39,109.56,105.75,98.575,97.812,93.844,89.114,84.994,80.874,74.465,70.956,69.582,72.787,75.838,79.196,80.874,82.4,86.978,89.572,89.877,89.572,87.588,85.91,82.553,84.384,85.147,86.215,89.114,89.572,88.351,87.13,83.926,80.264,77.822,78.127,78.127,75.076,67.446,62.258,56.001,55.544,54.323,49.898,43.947,41.963,41.2,39.216,33.113,26.704,20.6,12.97,3.8148,3.357,2.8993,1.2207,-3.6622,-10.376,-12.513,-12.818,-15.107,-17.701,-19.227,-14.801,-15.107,-17.243,-21.516,-22.279,-22.736,-21.668,-23.499,-26.704,-32.197,-32.35,-30.671,-32.044,-28.535,-23.957,-23.347,-23.041,-25.025,-22.431,-19.99,-16.022,-14.191,-14.344,-12.665,-10.834,-9.003,-8.5452,-8.5452,-3.9674,2.4415,5.1881,7.0193,8.24,7.0193,3.5096,5.7985,12.207,10.529,9.4607,10.529,12.97,15.259,16.938,17.548,16.175,14.191,16.633,15.564,14.801,14.954,15.564,13.886,13.886,18.006,22.126,19.379,19.684,20.753,19.532,18.006,23.499,27.619,30.671,33.418,37.843,39.674,41.963,46.693,54.476,59.053,59.969,62.563,73.397,81.637,86.978,91.403,94.302,94.913,96.896,99.948,101.47,101.47,102.69,100.1,100.1,99.948,105.75,108.04,109.26,112.92,118.56,118.56,115.36,111.55,109.87,106.97,102.54,93.387,88.809,85.604,81.942,77.212,73.397,67.446,60.884,53.407,48.372,42.879,36.622,29.908,24.72,17.243,13.581,10.681,5.1881,0.61037,-1.5259,-4.7304,-6.4089,-9.003,-10.224,-10.987,-9.003,-8.5452,-9.7659,-10.681,-9.7659,-11.75,-10.834,-9.003,-6.8667,-4.2726,-2.2889,-1.0681,1.3733,-0,0.45778,-0.91556,-2.4415,-3.6622,-6.4089,-9.4607,-12.665,-16.175,-16.175,-19.379,-21.516,-25.025,-26.551,-27.772,-31.739,-38.148,-39.827,-38.911,-41.505,-45.473,-45.473,-44.862,-42.421,-43.031,-41.505,-39.521,-39.064,-39.674,-40.59,-39.827,-33.57,-30.824,-26.246,-21.21,-20.142,-21.058,-18.311,-22.431,-23.499,-26.856,-29.45,-27.772,-28.23,-30.061,-28.84,-28.077,-29.603,-32.197,-29.756,-28.382,-25.025,-21.821,-20.753,-20.295,-21.668,-28.687,-34.333,-41.353,-46.541,-50.813,-54.476,-60.579,-62.716,-65.615,-69.887,-75.076,-78.585,-81.027,-81.942,-83.01,-83.926,-86.978,-91.403,-92.776,-90.487,-87.741,-83.773,-83.163,-82.858,-84.841,-82.705,-76.907,-71.566,-71.871,-71.261,-68.056,-66.53,-65.615,-65.92,-70.498,-72.481,-73.855,-71.718,-72.634,-72.481,-73.092,-72.787,-72.939,-72.024,-69.887,-61.342,-56.154,-57.07,-58.596,-56.154,-56.764,-57.985,-56.917,-56.307,-57.375,-57.527,-58.596,-56.154,-52.339,-46.846,-41.658,-32.35,-23.041,-17.09,-11.902,-6.1037,-1.2207,2.8993,8.3926,12.665,13.733,16.48,17.396,20.447,23.347,29.298,36.622,40.132,45.167,50.813,51.271,52.034,55.238,58.901,57.222,59.816,62.41,63.784,64.089,63.478,59.969,55.696,52.339,51.576,52.034,55.391,56.307,58.901,63.784,66.225,65.615,65.004,64.699,63.173,61.495,61.953,60.579,56.764,52.644,50.813,46.541,45.93,46.999,49.135,46.693,43.489,40.895,36.012,29.45,27.009,22.126,18.006,16.327,19.379,17.548,12.513,10.376,13.123,11.597,6.7141,0.45778,-3.6622,-10.987,-13.886,-17.853,-21.821,-25.941,-29.298,-33.265,-31.892,-33.723,-36.927,-38.453,-39.064,-42.421,-44.099,-45.32,-45.32,-46.999,-50.356,-54.323,-57.222,-62.41,-66.53,-70.803,-72.481,-73.855,-72.634,-77.059,-81.79,-83.926,-86.367,-87.893,-85.757,-86.978,-88.656,-93.234,-97.659,-104.07,-107.12,-108.8,-110.63,-113.53,-113.22,-112.31,-113.38,-115.51,-115.82,-117.34,-117.65,-120.85,-120.85,-121.46,-121.46,-122.99,-124.36,-128.03,-132.3,-135.96,-135.04,-135.04,-132.6,-130.62,-125.74,-118.87,-113.99,-108.8,-100.71,-93.844,-88.656,-86.825,-77.822,-70.956,-68.972,-65.92,-64.699,-63.478,-62.258,-60.884,-56.154,-53.407,-51.118,-50.508,-48.83,-48.83,-45.32,-41.505,-39.064,-36.164,-34.333,-31.129,-27.772,-31.587,-31.434,-31.892,-30.976,-36.317,-39.369,-37.69,-30.976,-26.704,-25.483,-25.33,-20.447,-15.107,-11.292,-11.75,-8.5452,-9.4607,-5.9511,-7.3244,-7.6296,-0.76296,2.8993,4.883,6.7141,6.8667,8.5452,11.139,16.633,16.022,16.785,18.006,19.99,22.279,24.72,26.093,26.399,26.856,30.976,35.401,40.437,40.437,43.947,47.304,49.44,51.424,54.323,55.544,53.407,51.271,47.304,42.116,39.521,38.453,38.759,37.538,40.284,38.606,34.181,30.671,27.161,20.295,15.259,14.039,16.022,14.496,14.649,12.665,11.597,9.3081,9.3081,9.9185,9.7659,6.7141,8.5452,13.886,17.243,17.701,19.532,21.058,21.363,16.785,14.649,12.055,11.902,9.4607,6.8667,5.7985,6.1037,2.2889,-2.4415,-5.0356,-4.5778,-9.1556,-10.681,-13.733,-17.701,-21.363,-25.025,-25.178,-26.856,-30.824,-33.265,-32.807,-29.756,-28.077,-25.941,-25.33,-23.499,-23.194,-20.6,-18.311,-15.107,-12.055,-6.5615,-3.9674,-1.0681,-1.0681,-1.8311,-3.357,-1.8311,-1.3733,-0.45778,0.45778,3.5096,6.4089,5.3407,4.12,4.7304,5.0356,7.0193,6.5615,6.8667,2.5941,-2.1363,-6.8667,-7.6296,-11.444,-16.327,-20.6,-20.753,-22.889,-23.041,-25.788,-23.347,-21.973,-19.379,-18.616,-14.801,-12.665,-13.886,-14.801,-13.733,-11.292,-4.4252,0.30519,5.3407,11.292,19.99,25.025,32.197,41.353,49.44,52.644,55.391,57.222,62.868,66.378,70.345,74.313,76.144,72.634,70.193,67.141,63.021,61.19,56.612,52.034,50.508,50.966,53.407,52.034,49.593,49.898,50.813,54.018,56.001,55.696,55.238,52.187,51.424,48.372,46.999,46.388,46.999,49.745,51.729,51.424,54.018,56.612,56.917,55.391,56.764,55.544,57.07,57.07,59.053,65.462,73.397,81.179,86.367,87.741,90.487,92.624,94.76,94.607,94.607,94.15,96.591,99.033,105.14,108.19,105.59,99.338,94.607,88.504,84.536,79.196,70.956,61.342,54.628,48.372,42.879,39.064,35.096,30.061,25.788,18.769,12.055,3.6622,-2.5941,-9.1556,-11.75,-14.954,-19.074,-21.363,-21.821,-23.194,-21.516,-19.379,-16.327,-15.259,-12.513,-10.681,-6.8667,-3.0519,0.76296,3.2044,7.7822,9.4607,6.8667,3.8148,2.1363,-2.5941,-3.9674,-3.6622,-7.0193,-12.207,-13.276,-16.938,-20.753,-26.093,-29.756,-35.401,-39.674,-39.674,-43.947,-50.05,-57.375,-62.563,-64.394,-66.073,-66.683,-65.004,-64.852,-68.361,-71.413,-77.059,-77.822,-75.991,-76.296,-77.059,-79.501,-82.247,-81.942,-83.621,-88.046,-90.03,-89.724,-90.64,-90.64,-91.25,-90.945,-90.945,-89.572,-87.588,-84.384,-79.958,-77.67,-73.55,-69.582,-66.988,-61.647,-58.901,-54.17,-49.44,-43.794,-37.996,-28.84,-23.499,-22.126,-19.379,-13.733,-8.3926,-3.5096,0.61037,7.0193,12.207,19.074,26.093,31.739,35.096,38.301,41.658,46.083,47.456,48.067,49.135,50.813,51.118,50.356,47.151,49.44,52.034,54.781,52.797,51.118,53.255,57.222,56.917,56.459,57.527,59.664,61.8,63.936,64.394,68.056,69.735,71.566,69.735,70.345,68.819,67.141,64.699,66.683,66.683,64.241,61.647,65.004,64.852,63.173,57.222,55.238,53.865,50.813,44.404,40.284,33.113,27.772,20.753,18.311,18.311,14.496,9.6133,6.8667,0.91556,-1.5259,-4.5778,-6.5615,-7.3244,-7.3244,-5.6459,-4.883,-4.12,-1.3733,1.6785,7.9348,10.376,12.665,16.175,21.973,25.788,32.197,37.538,43.031,44.557,47.456,47.914,49.898,49.44,47.914,44.557,44.252,42.116,40.742,38.759,37.996,36.47,34.791,31.281,32.044,32.502,33.723,33.876,33.57,32.197,30.366,30.671,30.671,29.603,30.061,28.84,28.687,29.298,33.113,32.35,31.434,32.197,32.807,31.587,32.655,34.181,38.148,39.979,42.879,43.947,45.625,45.473,46.541,46.236,46.846,47.456,48.677,45.32,45.167,49.287,48.982,44.71,45.015,45.015,45.93,43.336,44.099,42.421,40.742,39.521,41.353,42.116,44.099,47.914,52.187,54.781,54.781,51.881,53.56,54.17,55.849,55.238,52.797,48.982,48.677,44.099,37.08,31.892,29.145,26.704,24.262,20.295,16.48,13.276,12.818,9.9185,7.7822,3.8148,1.6785,-3.0519,-7.3244,-9.4607,-10.529,-12.513,-14.496,-15.564,-17.701,-20.142,-19.379,-22.584,-23.804,-26.856,-26.246,-28.84,-30.671,-33.723,-37.233,-38.453,-36.927,-35.707,-31.434,-29.45,-29.145,-28.535,-22.431,-19.379,-19.684,-20.753,-18.464,-16.327,-12.818,-13.276,-12.513,-9.1556,-7.1718,-5.3407,-4.883,-7.477,-8.6978,-5.4933,-0.91556,1.0681,3.0519,4.5778,8.8504,12.055,15.717,16.633,16.785,17.243,18.311,19.684,19.532,15.107,11.444,4.12,-2.7467,-6.5615,-11.75,-20.295,-24.873,-29.298,-34.486,-37.996,-41.81,-46.083,-50.661,-55.238,-53.255,-52.644,-52.187,-52.797,-50.508,-47.914,-40.895,-35.096,-29.756,-24.415,-17.548,-12.207,-7.1718,-1.6785,2.7467,6.5615,11.75,17.396,24.873,28.535,34.486,39.674,43.031,43.489,44.099,43.794,44.404,45.167,45.473,47.609,49.898,46.083,44.404,42.421,40.132,34.181,28.382,19.837,12.207,4.2726,-3.357,-10.681,-19.379,-28.535,-37.385,-46.083,-48.83,-55.238,-60.427,-66.53,-66.988,-69.735,-72.329,-75.228,-77.517,-79.043,-80.874,-83.468,-84.689,-86.673,-83.01,-84.231,-85.299,-89.114,-91.098,-96.133,-101.47,-105.29,-106.36,-111.39,-115.05,-115.67,-114.44,-116.73,-117.5,-119.79,-118.26,-118.26,-116.58,-118.26,-117.8,-118.56,-120.09,-123.29,-125.58,-129.86,-132.6,-133.52,-132.15,-131.84,-132.91,-136.42,-137.79,-141.3,-142.67,-145.57,-146.64,-145.73,-142.83,-138.86,-134.43,-130.01,-125.28,-121.92,-118.56,-115.97,-113.83,-116.89,-119.63,-121.46,-121.92,-126.8,-129.86,-131.99,-133.67,-134.13,-136.57,-144.51,-151.98,-160.07,-162.66,-163.27,-160.83,-160.53,-159.31,-159,-156.71,-154.27,-152.9,-148.93,-146.34,-145.27,-139.16,-134.74,-126.04,-123.29,-124.36,-127.26,-123.29,-116.58,-109.87,-102.69,-95.676,-91.708,-89.267,-87.588,-81.942,-75.228,-72.176,-74.313,-71.566,-68.972,-66.836,-65.767,-62.868,-60.274,-56.154,-55.849,-57.375,-59.053,-56.154,-52.644,-45.167,-43.641,-42.116,-43.031,-43.794,-45.473,-44.252,-41.81,-36.164,-30.213,-25.025,-21.363,-18.616,-17.701,-16.327,-15.87,-16.633,-17.396,-17.09,-20.6,-23.194,-23.499,-24.72,-22.736,-17.548,-9.4607,0.45778,5.1881,10.529,17.09,23.041,27.314,31.739,33.57,36.927,37.233,36.775,35.249,34.791,37.08,36.012,30.976,29.603,26.399,24.72,28.687,33.723,33.723,32.655,33.418,32.044,29.45,26.246,22.126,17.396,11.444,10.681,12.36,17.09,20.295,25.33,28.687,28.993,26.704,27.009,31.129,33.723,36.47,41.81,44.252,45.32,48.067,53.56,56.612,54.781,55.544,58.901,65.004,66.988,66.225,68.667,66.988,65.92,63.631,63.784,61.037,59.816,57.07,55.238,53.255,52.644,53.56,55.849,56.154,58.29,55.086,50.508,45.625,45.015,43.184,43.031,46.083,48.677,50.05,50.508,50.356,55.086,59.664,67.598,70.65,74.313,74.465,74.923,72.176,72.176,74.16,74.313,72.634,73.702,70.65,64.852,54.781,46.999,38.301,29.298,19.532,14.039,11.75,8.5452,4.2726,3.8148,3.5096,3.2044,0.30519,-0.45778,-3.8148,-7.6296,-11.139,-11.75,-16.633,-18.769,-21.058,-20.142,-20.447,-25.33,-27.314,-24.415,-22.584,-20.753,-19.837,-17.243,-12.665,-3.8148,-0.91556,1.3733,-0.91556,-4.883,-7.9348,-8.3926,-8.0874,-9.003,-10.834,-7.7822,-7.0193,-1.6785,-0.30519,1.8311,0.91556,1.9837,1.2207,1.6785,0.45778,3.357,7.7822,9.4607,8.8504,10.224,13.428,16.785,13.276,12.055,14.344,22.126,23.804,27.009,31.281,38.148,44.71,51.118,58.748,68.667,75.838,78.738,82.247,87.283,88.809,88.961,86.215,86.673,87.741,91.708,91.861,89.724,87.893,88.351,88.656,81.637,72.634,65.92,60.427,57.07,50.966,45.015,37.08,27.314,18.921,14.649,12.513,9.3081,6.8667,7.1718,7.3244,7.3244,8.24,10.987,13.123,16.785,18.769,21.516,24.72,30.366,36.927,37.08,39.979,41.81,41.81,42.421,44.252,44.862,43.184,43.489,46.693,49.287,51.118,52.339,51.576,51.729,49.593,46.846,42.879,42.268,44.404,42.573,38.453,34.791,32.96,33.265,25.788,18.311,15.259,11.444,5.3407,-0.61037,-3.6622,-5.9511,-9.003,-11.444,-16.938,-18.769,-20.447,-21.973,-24.873,-21.668,-19.379,-16.785,-12.513,-6.4089,-3.357,-1.6785,1.8311,6.4089,4.12,1.6785,2.4415,7.1718,11.292,13.733,14.191,13.886,13.886,16.022,20.142,22.431,24.72,26.246,25.025,28.077,32.96,33.876,30.671,24.873,20.447,15.564,12.055,9.003,4.883,2.7467,4.5778,10.834,12.513,13.733,16.175,19.532,22.889,26.704,32.655,41.81,47.609,50.813,53.713,55.696,57.375,59.053,58.901,58.901,58.596,57.527,55.086,56.154,58.138,57.833,56.154,53.407,52.339,56.307,54.933,52.492,46.083,37.996,31.281,26.399,17.701,9.6133,2.4415,-3.8148,-8.6978,-12.055,-19.379,-28.23,-36.164,-41.963,-45.015,-47.304,-51.118,-49.287,-44.71,-41.963,-41.2,-40.59,-38.606,-33.265,-28.687,-25.788,-20.6,-14.344,-13.276,-11.75,-10.681,-5.9511,-5.0356,-7.6296,-11.139,-15.259,-23.804,-30.671,-36.927,-45.93,-54.933,-57.375,-60.427,-64.394,-72.481,-75.076,-79.043,-80.416,-81.332,-81.179,-78.738,-73.702,-70.498,-69.277,-69.735,-67.904,-64.394,-59.969,-60.427,-57.222,-55.849,-52.95,-49.593,-43.489,-37.996,-34.944,-32.197,-26.551,-20.6,-19.379,-15.717,-4.5778,5.1881,13.886,19.684,23.499,25.941,28.687,30.976,28.993,23.347,18.616,19.99,20.295,16.175,11.444,5.3407,-3.8148,-10.224,-10.376,-14.496,-19.837,-24.415,-32.655,-39.521,-38.759,-37.08,-34.639,-32.807,-32.044,-32.655,-27.314,-18.159,-7.9348,2.2889,9.4607,14.496,19.074,23.041,27.467,32.044,35.859,38.301,43.947,47.761,50.813,52.95,57.222,58.443,62.258,63.326,63.173,59.969,57.833,53.255,46.693,37.233,28.993,22.126,18.921,11.139,5.6459,1.0681,-0.61037,-2.2889,-3.9674,-3.9674,-6.1037,-9.7659,-9.1556,-7.9348,-6.8667,-6.7141,-5.4933,-5.1881,-5.4933,-6.7141,-6.7141,-7.9348,-11.292,-13.276,-12.97,-9.7659,-9.1556,-12.207,-10.224,-6.2563,-4.2726,-1.9837,4.5778,4.4252,3.9674,7.3244,7.477,4.883,1.0681,-2.1363,-4.7304,-6.4089,-6.4089,-9.3081,-11.444,-13.886,-13.581,-10.987,-9.1556,-10.376,-17.09,-22.431,-26.551,-31.739,-35.401,-38.453,-37.233,-36.927,-35.401,-37.996,-40.284,-41.963,-41.963,-40.59,-38.148,-41.81,-40.742,-39.674,-37.69,-35.096,-30.366,-28.535,-25.788,-23.652,-18.616,-16.327,-13.123,-13.276,-13.733,-16.938,-20.6,-22.431,-25.636,-30.824,-33.418,-37.233,-38.606,-39.827,-39.979,-40.59,-41.505,-47.304,-50.966,-53.102,-61.342,-67.446,-68.361,-69.43,-69.124,-68.514,-62.868,-59.511,-55.238,-54.17,-54.933,-59.816,-62.563,-63.021,-63.326,-65.157,-66.378,-68.819,-68.361,-68.819,-63.631,-61.647,-59.511,-61.647,-61.8,-59.969,-52.95,-47.304,-41.963,-35.554,-28.077,-22.431,-15.717,-9.7659,-3.357,-0.61037,-0.15259,0.15259,5.3407,8.3926,8.5452,9.4607,10.529,11.597,11.139,9.9185,9.1556,7.1718,3.357,1.5259,3.0519,-1.8311,-6.7141,-9.1556,-6.5615,-3.9674,-4.2726,-7.1718,-11.292,-14.496,-18.006,-23.652,-26.551,-27.772,-26.246,-23.652,-19.227,-17.243,-14.496,-12.207,-5.7985,-3.6622,-4.4252,-3.5096,-1.9837,0.45778,5.7985,7.0193,7.1718,9.3081,14.039,15.259,15.717,19.227,22.126,20.6,17.396,18.616,20.447,20.753,21.973,18.921,13.581,4.883,1.0681,2.7467,1.5259,-4.12,-8.8504,-10.071,-11.597,-14.801,-15.259,-12.97,-7.3244,-0.15259,9.7659,14.039,19.227,22.126,28.382,37.996,46.083,56.764,65.31,71.566,77.212,82.553,87.741,90.793,96.896,99.948,102.08,103,104.98,107.27,110.48,112,115.67,116.12,117.19,118.11,117.95,115.36,113.38,112,113.68,113.53,113.99,111.39,109.56,105.9,102.24,99.185,95.676,86.52,79.501,72.024,69.124,66.53,63.021,58.29,56.154,52.339,48.982,46.999,46.236,43.947,43.947,45.015,46.083,43.947,45.625,47.914,50.203,53.407,55.696,55.544,58.443,61.342,63.784,68.361,75.381,77.67,79.043,81.179,88.809,92.776,96.438,98.575,103.31,105.14,106.2,107.27,109.26,108.19,106.66,107.12,106.97,102.69,103.46,101.93,101.93,98.27,93.081,84.231,75.228,70.498,69.124,68.209,68.056,66.073,64.241,61.953,60.579,58.29,58.901,56.154,54.933,54.17,53.713,54.323,57.07,60.732,65.157,69.735,72.176,74.77,78.738,78.28,79.806,80.721,82.705,83.316,84.536,84.689,82.553,79.043,75.533,71.566,71.261,70.498,69.124,63.326,61.037,56.612,54.17,52.034,50.356,46.693,44.557,43.336,39.216,31.892,29.45,28.687,27.467,22.431,21.363,18.616,15.259,10.224,4.5778,-1.6785,-1.3733,1.9837,2.4415,-1.0681,-5.7985,-8.8504,-10.224,-16.022,-17.853,-20.295,-23.347,-26.399,-26.856,-25.636,-27.009,-29.45,-30.824,-31.129,-32.96,-35.401,-36.775,-37.69,-34.333,-29.756,-24.72,-17.243,-13.123,-11.597,-11.902,-10.834,-9.4607,-6.4089,-3.9674,-3.357,-2.1363,-5.6459,-6.5615,-1.9837,2.8993,2.8993,3.0519,1.9837,1.9837,5.7985,11.292,17.548,21.516,23.041,28.535,31.434,33.876,33.876,34.791,32.655,29.908,28.077,25.483,23.499,24.11,23.194,19.532,14.344,14.649,18.006,23.652,27.009,29.756,28.687,30.671,33.113,35.096,35.401,33.418,28.993,27.161,23.499,22.279,22.279,23.804,22.584,22.889,21.363,20.447,11.597,4.7304,0.15259,-2.4415,-8.24,-13.733,-18.769,-20.295,-23.957,-28.535,-31.129,-31.434,-32.655,-32.655,-30.061,-27.161,-21.21,-14.801,-10.834,-6.1037,-5.4933,-4.7304,-7.9348,-11.292,-13.886,-18.006,-22.431,-25.636,-28.687,-31.129,-35.249,-39.674,-43.947,-48.524,-56.001,-61.19,-68.972,-74.923,-78.433,-81.027,-81.484,-79.348,-77.364,-76.296,-75.991,-73.092,-69.887,-63.478,-58.748,-57.527,-57.527,-54.323,-51.729,-48.83,-47.456,-48.219,-45.167,-41.658,-42.573,-42.879,-41.047,-38.453,-37.233,-38.148,-42.879,-42.879,-45.015,-48.982,-51.424,-52.797,-53.56,-56.612,-61.037,-62.563,-63.631,-64.699,-68.819,-70.65,-68.972,-65.462,-61.19,-60.274,-60.884,-61.495,-60.884,-60.732,-62.105,-61.037,-60.274,-58.901,-60.884,-61.342,-62.105,-59.664,-57.985,-57.833,-56.764,-52.797,-49.745,-46.236,-43.031,-39.369,-38.301,-34.791,-31.281,-25.178,-19.379,-15.87,-12.36,-11.75,-10.987,-9.4607,-9.1556,-9.7659,-13.123,-14.344,-14.801,-12.818,-14.344,-14.344,-14.039,-10.987,-7.477,-1.6785,1.9837,4.2726,4.4252,8.0874,9.6133,16.175,22.584,28.23,32.197,41.047,44.862,45.015,49.898,55.391,57.985,61.037,66.378,73.702,75.991,77.517,76.296,76.754,72.939,70.498,67.141,63.478,56.459,49.135,43.489,36.622,29.145,22.736,13.733,7.6296,-1.0681,-6.1037,-10.376,-12.818,-14.954,-14.801,-15.259,-17.701,-19.532,-19.074,-19.532,-17.396,-17.09,-17.396,-19.684,-20.753,-22.584,-25.025,-29.45,-31.129,-31.892,-33.57,-33.265,-32.655,-31.739,-31.281,-32.502,-35.096,-37.996,-38.301,-41.658,-46.236,-51.881,-54.781,-54.628,-52.797,-51.729,-49.745,-50.813,-54.628,-59.358,-59.053,-59.969,-60.427,-64.699,-69.582,-76.144,-80.264,-85.91,-92.166,-99.796,-106.05,-111.39,-114.29,-118.26,-120.7,-124.36,-125.74,-127.87,-125.43,-123.91,-118.26,-115.51,-114.6,-114.75,-111.39,-111.55,-110.78,-110.78,-112.16,-118.87,-123.45,-129.25,-131.08,-131.08,-130.47,-132.91,-134.59,-136.11,-135.96,-135.96,-133.98,-133.06,-131.53,-132.76,-135.65,-141.76,-143.89,-146.34,-145.57,-147.86,-149.54,-152.29,-151.98,-150.61,-149.08,-146.95,-143.13,-140.23,-136.11,-130.92,-121.77,-114.6,-107.88,-101.93,-93.692,-86.52,-79.806,-74.923,-66.988,-60.427,-55.696,-55.238,-54.17,-56.001,-54.628,-54.018,-51.729,-57.07,-62.41,-64.089,-64.394,-65.31,-63.021,-60.121,-58.138,-56.459,-52.644,-54.323,-54.933,-56.459,-57.985,-61.8,-69.277,-75.228,-76.601,-78.28,-76.449,-74.923,-74.923,-76.601,-73.397,-70.803,-66.53,-60.579,-53.102,-46.083,-36.317,-34.486,-33.265,-31.739,-30.061,-28.84,-22.584,-14.954,-7.477,-4.12,0.91556,6.2563,13.428,20.6,26.399,31.739,34.181,36.622,40.132,41.963,42.116,38.606,36.775,33.113,31.587,25.788,22.126,21.973,20.142,18.159,18.006,21.363,25.178,23.041,22.431,26.399,30.976,29.45,26.704,23.347,20.6,19.074,21.668,20.6,18.769,18.006,20.295,19.837,20.753,20.447,24.415,25.33,23.194,21.516,23.957,23.957,25.941,30.213,33.57,34.944,34.333,30.976,31.281,32.807,38.148,38.911,39.521,38.911,42.879,45.015,48.372,52.034,56.764,58.596,57.985,55.238,54.17,50.813,49.44,44.252,38.453,32.502,30.519,28.535,26.246,21.516,16.175,14.039,12.97,8.8504,9.4607,11.597,14.496,17.243,24.873,27.467,30.366,33.265,34.944,37.08,37.08,36.47,37.69,37.538,39.216,38.911,38.453,39.064,40.742,40.437,38.759,35.859,37.385,40.895,41.963,43.641,44.557,44.099,41.658,38.453,38.759,39.521,40.437,41.505,45.625,44.099,43.031,42.421,41.658,43.336,43.031,42.879,43.489,42.879,42.879,42.421,40.742,36.012,36.775,35.249,33.876,32.35,31.434,26.704,23.652,22.431,20.447,15.564,12.36,9.1556,10.224,6.5615,1.9837,-3.9674,-7.3244,-13.276,-21.21,-23.957,-24.415,-30.366,-36.47,-39.674,-38.606,-38.301,-37.385,-40.132,-41.2,-41.2,-41.353,-44.404,-44.099,-44.099,-38.911,-29.908,-26.399,-25.178,-19.684,-17.243,-15.412,-12.207,-6.7141,-4.4252,-2.8993,-1.5259,2.5941,4.883,7.477,11.139,14.344,16.175,17.396,16.175,17.396,13.733,10.071,5.3407,-1.8311,-12.36,-20.295,-30.366,-39.674,-47.914,-53.102,-56.307,-59.053,-60.732,-60.121,-61.647,-60.884,-59.511,-54.323,-46.846,-42.879,-41.658,-34.486,-25.636,-17.396,-7.7822,2.2889,12.818,24.567,29.603,37.385,43.947,53.56,62.716,70.193,72.176,73.855,75.076,71.566,63.326,55.391,48.83,44.404,36.317,28.077,21.363,18.311,15.564,13.581,10.071,8.6978,6.2563,2.4415,0.30519,1.2207,1.9837,3.5096,1.5259,-0.91556,-5.3407,-5.0356,-2.8993,-2.7467,-7.7822,-10.376,-9.1556,-8.0874,-8.5452,-6.2563,-1.0681,4.4252,7.1718,10.376,14.801,20.905,23.347,26.246,25.178,24.72,17.396,9.003,-1.5259,-5.3407,-5.7985,-8.3926,-14.191,-13.276,-12.818,-11.902,-14.954,-15.564,-14.649,-14.496,-14.801,-14.954,-14.039,-8.24,-3.6622,0.15259,1.3733,4.7304,7.0193,10.834,12.055,14.954,13.886,13.123,11.444,11.75,12.513,13.886,17.09,19.532,22.126,26.246,27.772,28.535,28.993,30.976,32.807,36.164,34.944,28.687,25.178,18.921,7.3244,-1.9837,-8.8504,-13.276,-18.769,-18.616,-19.074,-13.886,-12.818,-10.376,-5.1881,3.5096,6.5615,7.7822,8.3926,6.4089,3.6622,0.91556,-2.5941,-5.4933,-10.834,-12.36,-14.954,-18.464,-23.041,-22.584,-21.058,-16.633,-13.276,-13.886,-12.055,-6.4089,-8.24,-11.292,-16.022,-19.837,-26.093,-29.45,-32.655,-35.249,-35.707,-34.639,-34.486,-34.791,-35.554,-39.979,-44.404,-44.252,-48.524,-52.339,-56.001,-52.644,-54.018,-54.323,-56.307,-51.424,-45.167,-39.979,-35.554,-29.908,-22.736,-17.243,-12.665,-2.8993,5.7985,14.039,22.279,29.908,36.927,43.489,47.609,49.745,53.102,61.8,66.988,73.55,75.686,78.127,77.975,77.822,74.465,70.04,65.004,62.41,60.884,58.29,52.187,50.203,47.456,48.219,47.151,49.135,51.576,53.407,52.644,52.644,53.255,52.187,52.034,55.086,57.375,59.664,61.342,64.394,61.8,63.631,65.767,67.293,70.04,72.329,73.702,75.838,77.059,78.585,75.838,73.55,66.836,65.004,63.784,61.8,58.29,55.238,53.865,52.187,54.781,55.391,54.018,56.612,56.917,54.17,48.677,44.252,39.979,40.284,40.132,39.521,38.148,36.775,36.927,37.538,38.301,36.47,28.687,21.21,13.733,7.0193,1.6785,-1.5259,-6.1037,-11.292,-14.801,-15.717,-18.311,-20.905,-24.415,-21.21,-22.279,-20.753,-19.99,-16.175,-11.902,-7.477,-5.4933,-2.8993,3.0519,9.6133,16.633,23.804,31.739,40.284,44.557,48.372,52.95,60.121,66.073,70.65,74.007,78.127,81.179,84.841,87.13,91.25,93.387,96.286,97.812,102.08,104.83,108.19,109.1,111.24,110.02,108.04,109.41,108.65,106.81,104.98,99.643,94.76,88.656,86.367,80.111,72.024,62.41,54.628,47.609,41.658,37.385,33.876,32.96,32.197,31.434,31.739,30.213,28.077,25.178,23.957,23.499,23.957,23.041,22.889,23.804,25.788,26.246,27.009,26.246,23.041,17.09,14.496,12.055,10.071,6.2563,7.0193,7.3244,6.7141,6.5615,5.1881,-1.0681,-8.3926,-18.616,-31.587,-46.693,-58.138,-67.598,-75.076,-81.942,-83.163,-86.367,-86.978,-88.504,-90.182,-93.539,-94.913,-95.065,-92.166,-88.046,-81.332,-76.754,-67.293,-59.206,-49.593,-40.437,-29.756,-21.058,-11.902,-3.9674,2.8993,8.6978,13.886,18.616,23.499,27.619,32.044,33.876,37.538,41.047,46.846,49.44,54.323,59.816,63.784,66.378,68.972,70.498,71.261,67.751,61.8,53.102,45.167,36.164,30.366,25.33,21.058,13.123,5.4933,-1.5259,-6.4089,-11.444,-15.717,-19.684,-20.905,-24.72,-26.704,-29.45,-29.756,-29.908,-24.873,-19.837,-12.36,-7.7822,-1.0681,4.7304,9.6133,14.801,19.227,23.652,28.23,31.892,39.369,45.015,51.118,56.154,62.41,68.361,71.871,73.855,75.991,78.433,81.332,80.416,77.975,70.956,62.563,52.95,46.236,38.148,30.976,25.636,20.6,15.717,11.292,7.7822,3.5096,-3.9674,-7.1718,-9.7659,-11.902,-14.954,-16.327,-20.905,-21.668,-21.363,-20.447,-19.684,-17.853,-15.564,-14.344,-11.597,-5.0356,-1.3733,4.5778,9.7659,16.327,20.753,26.856,31.281,38.453,42.421,46.236,50.813,55.849,58.138,58.596,57.527,57.222,55.391,54.476,50.05,43.947,33.57,23.041,11.75,1.2207,-10.681,-21.516,-32.197,-41.047,-49.135,-52.797,-53.713,-50.356,-46.846,-35.401,-24.873,-12.513,-1.9837,7.7822,15.107,22.126,27.772,33.265,38.453,43.336,47.151,53.56,58.596,66.073,71.413,76.601,80.569,85.452,88.656,92.318,94.302,95.37,93.539,93.234,92.013,90.64,84.689,79.653,71.871,65.615,60.274,54.323,45.32,37.233,25.33,11.597,-3.0519,-14.344,-21.821,-26.246,-29.908,-32.35,-36.164,-38.301,-39.064,-38.606,-37.69,-36.317,-31.739,-25.788,-20.753,-16.327,-15.107,-12.665,-11.75,-7.0193,-2.7467,2.4415,6.7141,11.139,12.36,12.818,14.191,17.396,18.769,21.973,22.736,23.194,21.21,21.668,18.921,15.717,12.818,11.902,10.071,6.5615,3.357,-0.76296,-5.6459,-9.9185,-12.818,-15.107,-19.99,-23.041,-27.009,-28.687,-29.45,-30.519,-34.944,-39.674,-45.015,-49.593,-56.917,-59.053,-60.579,-57.68,-55.086,-50.813,-47.304,-43.031,-42.879,-43.031,-42.116,-41.2,-42.421,-43.794,-46.999,-49.135,-49.745,-47.914,-47.609,-43.794,-38.911,-30.824,-26.246,-19.227,-14.344,-7.477,-1.5259,5.4933,11.139,16.327,20.753,24.567,25.941,28.84,31.739,36.012,38.453,41.505,43.336,45.473,46.846,47.456,46.999,46.999,47.151,47.304,46.999,46.541,43.489,40.895,36.775,33.265,28.535,24.873,20.295,16.022,11.139,7.477,3.8148,2.1363,-0.15259,-1.8311,-3.8148,-3.6622,-5.3407,-6.2563,-8.24,-5.7985,-1.5259,2.8993,6.5615,9.7659,12.36,15.412,16.938,17.853,17.396,16.633,14.191,11.292,6.2563,4.12,0.45778,-1.3733,-6.8667,-11.292,-13.886,-15.717,-16.633,-16.938,-18.159,-18.159,-20.142,-21.516,-26.551,-30.824,-35.249,-38.606,-42.116,-43.641,-46.236,-50.813,-55.849,-58.29,-61.647,-62.868,-65.767,-66.683,-68.667,-69.43,-71.566,-73.397,-76.296,-78.585,-79.348,-78.738,-77.517,-75.076,-73.855,-72.481,-72.787,-72.176,-74.007,-74.313,-75.533,-72.024,-67.446,-60.884,-56.307,-49.287,-43.031,-37.385,-32.807,-27.161,-24.262,-21.21,-20.905,-17.09,-14.496,-9.3081,-6.1037,-1.8311,1.5259,5.6459,7.477,10.681,13.886,17.09,19.532,23.652,26.856,31.281,32.807,36.317,40.132,43.336,43.489,43.184,43.794,45.167,46.083,46.693,45.93,47.151,49.135,53.865,58.138,62.716,63.784,63.326,62.258,62.105,61.037,59.511,57.68,55.238,51.576,49.593,48.83,48.372,45.473,44.557,42.573,42.116,39.827,37.538,35.096,34.333,34.028,34.486,35.249,36.775,39.216,41.2,43.031,45.32,46.999,50.356,52.95,58.443,66.683,75.381,79.806,83.926,86.367,91.861,96.438,100.1,98.422,98.27,98.88,102.69,103.61,105.9,106.97,107.88,104.37,99.643,93.844,88.504,84.078,81.942,75.991,72.176,66.073,60.274,52.644,47.456,41.047,34.486,29.45,27.924,28.23,29.756,30.976,30.519,27.619,26.399,24.11,23.041,21.973,21.821,23.194,26.551,28.535,29.756,29.145,28.84,25.483,21.516,13.886,8.3926,2.8993,0.76296,-0.30519,-0.30519,-2.1363,-4.7304,-6.1037,-6.2563,-10.071,-10.376,-12.513,-12.97,-14.496,-13.123,-13.886,-14.496,-17.396,-21.973,-29.298,-34.181,-37.233,-37.996,-39.216,-39.674,-40.59,-41.963,-44.557,-46.693,-51.118,-53.713,-54.323,-56.154,-58.29,-61.647,-66.378,-70.193,-74.313,-76.296,-80.416,-83.621,-86.673,-86.367,-86.367,-88.046,-91.556,-96.133,-103.15,-109.26,-113.22,-110.02,-108.95,-110.02,-112.46,-113.38,-114.9,-112.31,-110.93,-106.66,-103.31,-100.1,-98.575,-96.286,-95.981,-93.692,-93.997,-93.692,-95.523,-94.15,-94.607,-94.15,-94.455,-92.776,-93.081,-94.15,-94.607,-90.03,-87.588,-84.384,-85.452,-84.536,-85.757,-84.689,-85.757,-84.841,-86.978,-87.741,-88.351,-85.147,-82.553,-79.196,-77.059,-74.007,-75.076,-74.007,-74.618,-71.566,-68.056,-62.868,-60.274,-57.527,-58.596,-62.41,-67.446,-71.108,-75.838,-77.212,-78.433,-77.212,-76.296,-72.024,-71.413,-68.514,-67.751,-66.225,-66.073,-62.716,-60.427,-61.647,-63.784,-63.173,-65.92,-67.904,-70.193,-68.514,-68.361,-65.767,-64.547,-64.852,-66.378,-66.073,-65.92,-64.241,-61.647,-57.375,-52.644,-45.473,-37.996,-28.077,-20.6,-14.801,-9.6133,-4.883,-2.4415,-2.8993,-5.3407,-7.7822,-10.681,-12.665,-15.412,-15.259,-15.564,-13.886,-12.207,-11.292,-9.9185,-7.477,-2.5941,0.45778,2.1363,3.0519,1.5259,1.3733,-0.45778,-0.30519,-1.0681,-1.5259,-5.9511,-10.376,-13.886,-18.311,-22.584,-29.145,-33.418,-32.502,-28.84,-19.684,-12.055,-5.4933,-2.7467,1.5259,3.6622,8.5452,11.292,13.123,14.039,18.311,19.074,16.175,9.7659,7.7822,5.0356,1.3733,-5.0356,-9.9185,-16.938,-20.905,-23.041,-23.804,-26.399,-28.077,-30.671,-34.486,-41.658,-42.573,-41.505,-37.233,-32.96,-27.924,-25.178,-20.905,-19.379,-17.548,-16.022,-15.564,-15.412,-14.954,-19.99,-22.431,-23.652,-22.736,-26.093,-28.23,-28.077,-26.399,-27.772,-29.145,-32.197,-34.639,-40.284,-46.846,-53.865,-57.985,-60.579,-60.121,-57.985,-53.56,-51.118,-47.151,-42.268,-37.996,-35.554,-31.129,-29.603,-30.366,-29.45,-27.009,-28.23,-29.756,-32.96,-34.944,-37.996,-41.353,-43.794,-42.268,-40.59,-39.216,-38.606,-39.521,-42.116,-42.879,-44.099,-44.404,-47.609,-49.44,-48.982,-47.761,-50.813,-54.323,-57.375,-59.358,-61.953,-64.241,-66.378,-65.92,-66.073,-67.751,-69.277,-68.056,-69.43,-68.361,-68.667,-70.956,-73.244,-73.55,-72.481,-72.024,-71.718,-72.024,-71.566,-68.361,-67.751,-68.056,-69.582,-68.056,-68.209,-68.209,-69.582,-70.956,-73.55,-74.007,-73.702,-74.007,-75.838,-76.754,-74.16,-67.751,-63.631,-57.985,-53.407,-47.914,-48.982,-48.219,-46.541,-45.93,-47.304,-47.456,-47.914,-49.593,-51.576,-51.576,-53.713,-53.102,-52.492,-48.219,-45.778,-42.116,-36.622,-32.96,-31.434,-28.077,-25.178,-25.178,-28.687,-28.23,-29.145,-29.603,-32.655,-32.807,-36.317,-39.979,-45.32,-49.593,-47.304,-43.489,-39.521,-34.486,-31.129,-25.178,-20.295,-15.107,-15.717,-11.444,-10.071,-8.6978,-6.1037,-4.12,-6.4089,-8.3926,-9.4607,-6.7141,-8.0874,-8.24,-10.834,-11.139,-12.97,-14.801,-16.022,-16.175,-11.902,-8.8504,-9.003,-10.529,-15.412,-16.785,-18.616,-16.327,-15.717,-13.428,-11.75,-11.444,-10.987,-9.6133,-8.6978,-8.6978,-13.123,-17.243,-24.873,-32.35,-40.284,-41.2,-45.473,-52.034,-56.307,-59.053,-63.631,-67.751,-70.04,-72.176,-75.533,-79.196,-83.773,-85.299,-88.961,-90.64,-95.828,-100.86,-103.15,-103.76,-104.68,-106.2,-104.07,-99.338,-99.033,-98.575,-97.049,-95.065,-96.896,-97.507,-97.354,-96.744,-98.27,-101.02,-103.31,-105.14,-110.17,-114.14,-115.97,-110.63,-108.34,-109.71,-111.85,-114.6,-120.85,-127.26,-132.15,-134.74,-137.03,-135.04,-132.45,-128.48,-124.36,-118.26,-114.44,-112.61,-113.53,-113.53,-111.39,-109.71,-110.17,-111.24,-111.24,-110.93,-108.49,-101.93,-95.523,-88.656,-84.384,-79.348,-73.702,-65.157,-59.816,-55.086,-48.83,-43.947,-40.59,-34.333,-28.382,-23.804,-18.464,-10.529,-5.3407,-0.91556,-2.8993,-4.4252,-6.8667,-7.477,-9.1556,-9.6133,-8.5452,-6.4089,-7.3244,-7.7822,-10.834,-13.733,-19.379,-22.431,-22.736,-20.295,-16.938,-13.123,-10.681,-7.9348,-4.5778,1.9837,5.7985,9.003,9.4607,11.75,12.207,16.48,19.99,25.025,31.434,38.148,43.641,50.05,52.797,58.901,63.936,70.65,74.313,78.585,81.332,82.247,84.384,86.215,89.877,91.556,88.351,86.367,83.468,82.858,80.874,80.264,79.348,79.196,79.196,82.247,87.588,89.877,88.504,88.351,84.841,80.569,74.465,72.939,68.514,65.157,61.8,59.511,56.612,55.544,59.206,66.988,70.345,71.718,72.176,77.822,82.858,88.198,92.013,97.201,103.92,108.8,110.02,108.65,104.83,102.69,102.08,99.948,93.387,89.419,85.91,81.332,77.975,75.686,73.702,76.449,78.89,84.384,89.572,91.25,90.945,94.15,92.318,93.539,94.913,98.27,99.948,101.63,101.17,102.69,103.76,105.14,105.9,105.44,102.08,101.17,96.438,93.997,93.387,92.624,88.351,87.588,88.351,88.809,87.893,84.384,81.179,79.501,78.738,81.484,81.332,83.468,86.062,88.961,90.335,89.419,89.267,87.893,84.841,81.027,72.329,64.089,57.68,54.476,51.729,52.339,54.933,58.443,59.358,58.596,54.628,52.95,51.729,53.713,52.492,49.898,44.252,38.148,33.113,31.739,30.671,27.467,23.347,20.905,17.09,13.276,12.36,12.36,12.36,13.581,14.344,16.175,17.853,18.616,18.921,21.973,23.041,25.178,28.993,32.502,31.129,30.519,28.535,25.33,23.041,20.295,18.006,16.48,12.818,12.055,11.444,13.733,18.616,26.093,32.197,38.759,46.083,55.086,58.596,55.544,53.407,50.356,44.099,43.184,42.268,43.336,45.015,47.456,50.966,55.696,61.647,68.819,73.55,75.686,76.144,76.449,75.991,75.228,71.108,72.176,74.77,73.855,70.65,68.819,69.43,70.498,71.413,70.65,70.193,70.803,70.65,73.092,75.381,77.212,75.838,77.364,77.517,77.975,79.653,80.721,81.179,85.299,87.436,90.487,93.234,98.422,103.92,108.65,110.48,116.43,123.14,126.96,131.84,135.81,137.18,141.3,145.73,148.93,147.1,147.25,147.71,146.34,141.15,135.35,130.01,125.58,120.7,117.04,114.14,112.77,111.85,110.93,108.04,106.51,102.39,99.49,98.575,100.25,98.88,95.37,89.267,83.621,78.433,72.939,70.04,67.598,65.615,65.767,63.021,58.901,54.323,50.356,42.879,37.233,33.265,30.671,29.603,29.603,31.434,33.113,32.502,30.519,28.535,32.96,34.791,36.317,36.927,38.301,42.116,46.999,49.593,54.628,57.68,61.342,64.241,70.956,75.228,79.196,79.196,78.433,74.923,70.193,63.631,60.732,56.612,53.102,51.881,51.576,48.219,46.236,41.047,36.622,31.739,31.892,33.265,34.791,34.028,36.164,37.538,37.538,37.233,37.69,37.69,38.301,37.385,40.132,40.895,39.827,39.216,44.71,49.44,51.118,54.018,57.833,61.647,66.683,72.176,77.975,81.027,84.384,84.078,82.553,79.501,77.67,75.228,72.176,70.193,68.209,65.004,65.615,66.53,63.784,60.121,57.527,52.95,49.593,44.557,39.827,34.639,29.908,25.483,20.753,16.48,11.75,5.4933,1.0681,0.45778,4.883,3.8148,0.91556,-3.5096,-5.3407,-7.6296,-7.477,-7.3244,-5.0356,-1.0681,2.7467,9.4607,17.548,24.873,34.028,39.216,42.268,46.388,53.407,57.375,61.19,63.326,62.41,59.358,54.018,47.304,40.284,33.57,26.856,25.941,32.35,34.944,36.622,37.08,37.996,36.317,33.57,30.061,22.889,16.633,12.36,8.0874,4.7304,5.6459,6.2563,5.6459,8.6978,10.834,12.665,13.733,15.717,19.379,21.363,20.447,19.684,19.532,20.142,21.21,25.33,28.687,33.113,33.723,36.317,40.132,46.846,51.271,54.628,57.07,58.443,56.764,53.713,52.034,56.154,56.307,59.969,62.105,65.767,68.819,75.228,80.874,83.163,78.585,72.939,66.53,58.901,51.576,46.083,37.843,30.061,20.295,16.327,11.139,5.0356,1.8311,0.30519,-3.2044,-8.8504,-11.75,-11.75,-9.7659,-6.1037,-3.9674,-2.7467,-2.1363,0.61037,3.5096,8.0874,13.886,20.6,25.025,30.671,34.028,36.775,37.843,40.132,42.421,46.236,45.625,43.489,39.674,41.047,38.606,35.859,30.976,26.856,19.837,13.733,11.597,8.3926,3.5096,-0.30519,-6.7141,-12.055,-17.701,-18.921,-21.516,-22.431,-25.941,-31.739,-35.249,-35.554,-37.538,-38.301,-39.064,-38.911,-43.641,-48.677,-53.865,-56.459,-61.342,-63.478,-69.735,-76.144,-79.196,-74.007,-63.631,-55.696,-52.797,-48.372,-45.778,-46.846,-49.593,-46.388,-45.93,-46.083,-46.846,-47.914,-51.424,-56.764,-62.258,-65.767,-70.65,-76.144,-82.858,-85.91,-90.335,-95.981,-101.32,-104.22,-108.8,-112.77,-113.68,-112.31,-108.49,-100.71,-92.776,-86.673,-83.926,-81.332,-75.381,-65.767,-56.764,-44.71,-36.164,-28.993,-21.821,-12.513,-6.2563,1.5259,7.3244,13.733,17.853,19.99,20.447,23.347,23.041,27.009,30.519,32.502,31.892,29.45,30.671,32.807,32.807,31.129,26.704,21.058,17.701,20.142,19.379,17.548,10.987,6.7141,1.9837,-1.8311,-8.0874,-14.344,-18.616,-18.464,-18.769,-16.327,-15.107,-12.207,-10.376,-9.3081,-11.444,-10.376,-7.6296,-4.2726,0.45778,6.1037,14.649,19.684,19.684,21.363,21.973,25.483,27.009,29.298,32.197,34.639,35.249,34.639,33.876,34.486,35.707,40.132,44.557,47.151,46.083,47.609,50.661,54.933,56.154,57.833,57.985,60.274,62.105,61.037,53.56,45.32,37.233,32.35,28.077,25.941,22.889,22.584,18.006,10.224,5.0356,1.3733,0.76296,-0,1.5259,1.9837,1.8311,4.12,4.2726,5.6459,6.2563,9.6133,11.75,15.107,17.243,21.668,23.957,26.856,31.739,36.927,36.927,37.843,37.233,37.69,33.418,30.366,28.077,28.993,29.756,30.366,29.298,30.061,31.892,35.707,34.333,32.655,28.993,27.619,24.873,23.499,19.379,16.327,11.75,10.529,11.75,14.496,15.564,14.954,13.276,12.97,9.6133,8.6978,7.9348,9.7659,10.376,13.581,15.87,16.633,15.259,14.039,12.665,12.513,11.139,8.3926,5.4933,10.376,13.276,14.801,10.681,7.477,4.883,1.6785,-1.0681,-2.8993,-5.0356,-9.1556,-14.954,-16.327,-19.532,-23.347,-27.924,-29.603,-30.366,-32.35,-36.012,-37.843,-38.148,-36.775,-35.554,-33.265,-31.129,-28.993,-26.093,-22.889,-22.736,-20.905,-19.532,-21.973,-25.788,-24.567,-20.142,-20.142,-23.347,-25.788,-27.772,-27.924,-28.077,-28.077,-30.976,-32.35,-32.044,-32.502,-34.944,-32.96,-35.859,-40.284,-40.59,-38.301,-39.064,-45.778,-51.881,-52.034,-51.881,-53.102,-55.238,-53.407,-49.287,-43.794,-38.759,-36.164,-33.265,-31.434,-28.993,-25.33,-20.295,-13.886,-7.0193,-3.0519,0.15259,4.7304,5.4933,4.5778,4.2726,7.0193,12.055,13.276,14.039,18.616,21.21,22.279,20.6,22.279,22.736,23.347,23.652,25.636,22.736,18.616,12.818,3.9674,-4.5778,-12.818,-22.126,-31.434,-41.658,-47.914,-54.933,-57.527,-59.358,-58.443,-56.459,-50.661,-46.541,-46.388,-48.83,-46.999,-43.794,-43.489,-41.505,-38.759,-37.538,-35.859,-31.892,-24.567,-19.074,-12.36,-3.9674,5.4933,13.276,23.194,31.129,39.216,46.999,54.933,61.495,68.514,73.397,75.533,73.397,73.702,71.261,67.751,63.631,58.901,52.797,51.881,50.356,47.761,37.843,28.077,19.379,11.444,-0,-9.1556,-15.717,-24.873,-35.249,-41.353,-45.473,-50.966,-54.17,-52.95,-52.797,-50.508,-48.83,-44.099,-40.59,-35.096,-29.756,-28.84,-25.788,-21.668,-17.701,-10.987,-3.2044,3.9674,12.207,22.736,27.467,32.502,40.132,50.05,57.527,62.868,68.209,75.381,80.264,84.841,87.13,90.487,90.64,91.708,91.861,95.37,96.896,96.896,94.76,90.793,86.673,84.841,81.484,77.67,74.618,73.702,70.498,68.667,66.836,65.767,61.342,58.29,56.917,56.764,54.933,52.95,50.813,49.745,48.982,47.304,42.268,42.726,44.557,48.524,50.356,52.797,53.407,54.018,55.391,58.138,59.206,59.511,58.443,58.443,58.596,60.579,59.511,57.985,50.508,46.999,41.505,35.707,34.028,33.876,34.639,34.028,31.739,27.314,20.905,14.801,12.055,12.055,7.7822,5.1881,2.4415,1.2207,-1.8311,-5.6459,-6.8667,-6.1037,-6.7141,-6.1037,-5.6459,-2.1363,0.15259,5.4933,9.9185,15.717,20.753,28.382,32.96,36.927,37.538,37.538,35.554,32.655,30.671,31.281,33.265,35.554,33.113,31.739,27.772,25.025,19.837,13.886,7.7822,2.7467,-1.0681,-3.9674,-7.477,-7.1718,-9.1556,-11.902,-15.564,-17.09,-18.006,-20.753,-22.126,-22.279,-24.11,-23.804,-22.889,-22.584,-23.347,-19.837,-15.259,-9.1556,-7.0193,-2.5941,1.6785,4.7304,5.7985,8.5452,10.987,11.292,8.5452,7.477,6.8667,7.477,6.1037,5.0356,2.7467,1.0681,-2.4415,-4.5778,-9.003,-12.513,-15.717,-19.379,-24.262,-30.061,-37.538,-41.505,-44.862,-45.625,-46.083,-46.999,-50.203,-51.881,-53.255,-55.696,-56.764,-57.07,-57.375,-55.696,-56.459,-57.375,-60.884,-62.41,-62.41,-62.258,-63.173,-65.31,-67.141,-66.988,-66.683,-67.141,-69.277,-67.751,-66.988,-65.615,-64.089,-61.495,-61.342,-59.664,-57.985,-57.527,-56.154,-54.781,-52.95,-51.424,-50.661,-50.356,-50.356,-50.05,-53.255,-56.612,-61.8,-66.073,-70.498,-74.313,-79.043,-81.637,-83.316,-83.926,-83.621,-84.384,-83.316,-81.637,-79.196,-75.838,-70.193,-65.92,-65.004,-64.241,-61.342,-57.985,-56.612,-55.696,-55.238,-55.696,-56.612,-56.001,-55.238,-49.287,-45.015,-42.116,-40.895,-38.606,-36.927,-35.401,-34.944,-34.181,-32.807,-32.96,-34.791,-38.148,-42.879,-48.982,-57.375,-63.936,-70.803,-76.601,-83.773,-88.198,-94.455,-98.727,-103,-105.44,-106.05,-104.22,-104.53,-101.93,-101.32,-96.896,-93.844,-87.283,-82.705,-74.465,-62.41,-51.729,-46.846,-40.132,-32.044,-24.262,-19.074,-12.055,-7.0193,-1.6785,0.91556,4.5778,7.0193,8.3926,10.834,14.649,16.022,17.396,18.769,21.363,21.363,22.126,21.363,19.99,16.633,14.954,10.834,6.1037,-0.30519,-5.4933,-10.834,-15.564,-20.905,-24.11,-27.467,-30.671,-36.622,-41.353,-45.32,-46.541,-46.388,-45.167,-44.862,-46.083,-45.778,-45.167,-44.404,-41.047,-35.401,-27.161,-20.142,-13.581,-7.6296,-0,6.1037,12.818,19.532,25.483,31.587,35.401,39.064,41.81,42.421,41.963,40.132,37.996,34.181,30.366,24.567,19.837,15.107,9.9185,6.8667,4.2726,1.6785,-1.6785,-5.4933,-6.7141,-8.3926,-9.7659,-12.513,-12.97,-12.207,-9.003,-4.12,2.1363,9.4607,14.344,19.074,25.483,28.993,33.418,35.096,37.538,39.216,41.963,43.031,42.421,41.2,41.353,41.505,41.353,40.742,39.369,35.249,31.129,25.636,21.516,16.633,11.902,5.7985,0.45778,-6.1037,-12.818,-19.074,-24.72,-31.129,-37.843,-44.099,-49.135,-54.628,-57.527,-62.563,-65.157,-69.277,-71.261,-71.718,-67.751,-63.021,-57.222,-53.56,-50.661,-47.914,-42.268,-36.775,-31.281,-26.246,-18.464,-11.444,-2.8993,4.12,10.376,14.649,16.938,18.616,19.227,19.837,19.837,18.616,17.548,15.564,13.733,9.6133,7.3244,2.1363,-3.6622,-13.581,-22.279,-28.23,-32.96,-38.911,-44.557,-51.576,-56.764,-62.868,-65.004,-66.53,-65.615,-65.004,-62.563,-59.969,-58.901,-58.29,-58.443,-61.953,-62.868,-62.105,-58.443,-56.154,-52.187,-48.677,-44.099,-42.421,-40.437,-36.622,-31.434,-25.33,-19.379,-14.344,-9.6133,-6.2563,-2.4415,1.6785,7.6296,12.665,16.022,18.921,20.295,20.6,19.532,18.616,16.175,12.055,10.681,9.4607,10.987,11.75,11.597,10.834,10.987,10.834,11.75,12.818,14.344,15.87,18.311,17.701,17.701,17.701,18.921,17.548,17.396,18.006,18.616,17.396,15.87,13.733,10.529,8.3926,9.1556,7.3244,6.4089,2.8993,1.5259,-1.3733,-3.0519,-2.4415,0.30519,3.5096,6.4089,9.7659,11.902,12.513,15.412,17.396,19.684,23.041,27.772,29.45,31.281,32.197,30.213,29.145,29.298,28.535,26.246,23.804,21.668,17.09,14.801,10.987,7.9348,2.8993,-3.2044,-9.003,-13.276,-16.938,-20.753,-24.11,-26.704,-30.824,-33.723,-37.385,-39.674,-45.32,-50.813,-56.917,-59.816,-61.342,-60.884,-59.511,-54.628,-50.966,-46.388,-43.336,-38.148,-34.486,-28.84,-26.551,-20.6,-17.396,-12.665,-9.3081,-6.2563,-3.357,-2.5941,-3.0519,-6.2563,-12.818,-19.684,-28.077,-34.639,-39.827,-43.184,-49.287,-52.797,-56.459,-57.07,-55.391,-54.17,-55.849,-56.917,-59.053,-58.901,-61.037,-61.647,-64.699,-66.988,-70.956,-73.855,-77.364,-78.585,-81.332,-83.468,-87.436,-90.335,-93.692,-93.844,-95.676,-94.76,-94.76,-93.692,-92.776,-91.556,-91.861,-91.403,-91.098,-88.961,-85.147,-77.67,-71.413,-64.852,-60.427,-53.407,-49.135,-44.099,-42.573,-40.284,-38.606,-37.385,-36.317,-34.944,-33.723,-31.892,-31.892,-30.976,-29.908,-27.161,-26.399,-23.041,-21.363,-18.921,-17.09,-15.717,-15.564,-15.87,-16.327,-17.853,-21.973,-23.804,-27.009,-26.093,-26.093,-24.873,-25.636,-24.415,-24.567,-25.025,-25.33,-23.499,-21.821,-18.464,-15.717,-12.97,-11.597,-7.477,-5.7985,-3.357,-1.2207,0.61037,2.8993,5.1881,8.24,11.444,14.649,17.548,19.379,21.668,23.499,25.33,25.483,25.636,24.262,22.584,18.006,14.344,10.681,8.0874,6.7141,8.24,8.8504,12.207,14.801,18.159,17.853,20.142,21.668,23.347,22.889,23.194,23.194,22.736,21.21,19.837,16.785,13.276,7.9348,2.8993,-1.0681,-2.7467,-4.7304,-7.477,-10.224,-12.97,-16.785,-19.532,-22.126,-25.178,-28.687,-27.467,-28.077,-28.84,-30.213,-27.619,-27.161,-25.636,-21.821,-16.785,-13.123,-9.6133,-6.4089,-0.45778,2.5941,6.7141,9.3081,12.818,15.412,15.87,12.97,10.681,7.6296,6.7141,5.1881,3.9674,-0,-4.4252,-8.0874,-6.8667,-8.0874,-5.3407,-5.0356,-4.12,-5.7985,-4.12,-2.5941,-1.3733,-2.4415,-2.4415,-2.2889,0.15259,2.7467,6.5615,7.9348,9.3081,9.3081,10.224,7.9348,8.8504,10.376,11.75,12.207,11.75,9.7659,6.8667,4.883,3.5096,1.8311,3.8148,3.6622,5.4933,4.2726,4.2726,1.9837,-0.15259,-1.8311,0.15259,0.91556,2.8993,2.2889,1.9837,0.15259,1.2207,-1.2207,-3.2044,-7.0193,-7.6296,-9.6133,-11.292,-12.055,-9.7659,-9.6133,-9.7659,-10.834,-11.597,-14.496,-15.87,-16.785,-14.649,-14.344,-12.818,-12.665,-10.987,-10.529,-9.3081,-8.6978,-7.6296,-6.7141,-6.4089,-6.7141,-6.1037,-5.7985,-2.4415,-3.0519,-3.0519,-3.2044,-2.7467,-2.7467,-2.7467,-4.7304,-8.5452,-9.1556,-8.8504,-9.3081,-9.1556,-8.0874,-6.4089,-4.4252,-2.5941,-1.3733,0.15259,0.91556,1.5259,0.91556,0.30519,-1.8311,-1.9837,-5.9511,-7.3244,-4.5778,-1.0681,0.61037,2.5941,4.12,8.6978,10.834,11.597,11.75,10.834,12.818,17.701,20.447,24.11,24.72,29.298,32.96,34.791,34.639,34.944,34.944,34.181,31.281,28.535,25.636,25.178,23.499,22.736,19.837,18.921,20.6,23.194,20.447,16.785,13.123,10.529,9.3081,11.139,11.292,12.055,10.834,11.902,10.681,9.7659,9.003,7.3244,4.883,1.9837,-1.3733,-2.8993,-4.883,-7.7822,-9.7659,-8.3926,-6.7141,-5.0356,-9.6133,-13.581,-16.327,-19.99,-20.905,-19.227,-19.532,-21.821,-25.941,-27.772,-30.519,-32.807,-34.944,-35.249,-34.486,-35.859,-40.59,-46.846,-54.933,-61.495,-68.056,-74.313,-83.01,-90.335,-97.812,-100.1,-103.31,-108.19,-113.83,-116.89,-120.4,-120.24,-116.89,-110.78,-108.34,-102.08,-96.591,-87.893,-83.163,-77.364,-75.228,-70.345,-62.105,-55.544,-52.339,-48.982,-43.794,-37.385,-34.181,-32.35,-32.655,-32.197,-33.418,-32.197,-30.366,-28.23,-25.788,-22.431,-19.379,-14.954,-13.886,-15.717,-18.006,-16.022,-15.87,-16.785,-21.363,-27.161,-29.45,-27.314,-25.33,-23.347,-20.905,-16.48,-12.818,-7.7822,-1.3733,7.1718,13.581,20.6,26.246,32.502,36.317,38.148,38.911,38.759,39.521,40.895,41.658,41.81,40.437,38.911,38.148,35.859,31.739,29.298,24.415,17.701,10.987,6.2563,0.61037,-2.2889,-5.6459,-9.9185,-18.159,-23.804,-33.418,-39.369,-42.421,-43.641,-45.473,-45.625,-44.862,-41.658,-39.979,-36.317,-33.57,-30.976,-32.044,-28.687,-25.025,-21.058,-21.821,-22.279,-24.11,-27.009,-31.434,-35.859,-40.132,-43.336,-49.287,-51.424,-55.086,-56.917,-61.495,-62.716,-63.784,-65.157,-64.394,-60.579,-56.154,-50.508,-44.252,-37.08,-28.535,-18.616,-11.902,-6.1037,-2.5941,0.91556,3.0519,5.4933,5.6459,5.1881,1.3733,-0,-0.61037,-0.76296,-0.76296,0.91556,3.5096,5.4933,4.2726,3.2044,-0.30519,-1.2207,-4.883,-9.9185,-16.938,-21.516,-20.753,-15.259,-14.039,-14.191,-12.207,-4.2726,2.8993,9.1556,15.259,22.889,26.856,31.281,36.622,41.81,44.71,47.304,48.219,49.135,48.067,48.83,47.151,46.388,41.963,39.216,36.317,34.333,30.366,25.636,18.921,13.886,9.9185,4.12,-5.1881,-14.039,-25.788,-35.554,-43.184,-45.93,-51.881,-57.68,-65.004,-73.55,-81.484,-88.198,-91.861,-93.234,-93.387,-91.098,-88.656,-84.841,-84.231,-83.01,-83.163,-82.4,-83.01,-81.637,-79.958,-78.738,-77.67,-74.618,-72.939,-71.413,-71.566,-71.108,-72.634,-72.939,-74.007,-74.618,-77.517,-80.569,-83.163,-84.994,-87.893,-89.419,-90.335,-90.335,-92.166,-93.692,-96.286,-98.727,-102.54,-105.44,-107.12,-104.53,-100.56,-98.27,-96.133,-93.997,-94.302,-93.539,-94.302,-92.929,-92.776,-91.708,-89.572,-86.215,-83.621,-77.822,-71.718,-66.988,-63.021,-58.443,-52.492,-46.388,-41.963,-36.164,-32.197,-26.399,-24.11,-21.668,-20.6,-18.159,-13.581,-8.8504,-6.5615,-3.357,1.0681,6.7141,8.8504,9.6133,7.7822,5.0356,1.8311,-0,-3.6622,-7.477,-12.207,-15.87,-19.532,-20.6,-21.973,-21.973,-22.584,-18.616,-15.107,-9.3081,-5.6459,-1.5259,0.15259,3.6622,7.7822,12.36,16.48,20.6,24.72,30.519,35.707,43.031,49.745,55.849,60.579,66.53,70.803,73.55,74.77,76.601,77.822,79.196,78.89,79.958,81.179,85.757,87.436,91.556,95.218,99.948,105.29,111.24,115.97,117.95,118.26,118.11,118.11,121.01,121.46,122.23,122.68,122.84,120.85,119.79,119.33,117.8,115.97,114.29,111.55,109.26,106.97,104.22,100.86,97.964,93.692,92.471,90.793,90.64,90.793,91.708,95.218,101.47,108.19,114.75,119.17,122.68,122.84,122.99,122.99,125.28,128.18,131.84,133.37,133.52,133.67,135.81,137.33,136.57,133.52,129.7,125.13,122.84,120.24,118.41,115.21,112.61,108.65,103.92,101.47,99.338,95.37,94.607,93.539,92.929,90.945,89.419,85.91,83.468,78.738,78.585,77.212,75.838,74.618,74.77,75.076,75.838,77.822,79.806,81.484,84.536,83.316,82.553,81.79,82.858,82.553,83.316,85.147,86.215,86.367,86.062,87.283,86.673,85.299,84.994,83.468,82.705,81.179,80.416,78.89,78.738,78.585,77.059,75.228,74.618,74.77,76.296,78.28,79.806,78.738,81.179,82.247,83.773,83.316,85.147,86.978,88.656,89.267,89.419,88.198,87.588,85.91,84.384,79.806,76.144,71.566,69.887,67.141,66.378,64.699,64.852,63.784,63.631,63.478,63.326,61.495,60.579,57.68,56.154,54.018,55.544,55.696,55.238,53.407,52.034,49.898,45.473,40.895,37.08,34.181,32.96,31.434,32.197,30.519,30.976,30.213,29.908,28.077,27.314,23.957,21.21,17.09,14.496,10.071,6.8667,2.1363,0.61037,-2.2889,-3.2044,-5.9511,-6.4089,-5.0356,-3.0519,-3.8148,-3.357,-3.0519,-0.61037,0.91556,2.1363,0.61037,0.15259,-3.0519,-3.6622,-6.2563,-6.4089,-7.7822,-5.9511,-2.4415,2.2889,3.2044,5.6459,7.3244,11.139,12.055,13.581,13.276,16.633,17.09,17.09,14.496,14.344,14.649,14.344,11.902,10.834,8.24,6.4089,3.5096,3.357,0.30519,-2.7467,-8.3926,-11.902,-17.548,-20.6,-23.041,-24.262,-25.33,-26.856,-29.908,-32.197,-35.554,-37.843,-42.116,-44.099,-48.067,-50.508,-52.034,-49.898,-48.067,-45.32,-43.184,-37.996,-34.181,-30.213,-27.314,-24.415,-24.72,-24.415,-25.636,-27.924,-29.908,-30.213,-31.129,-32.044,-33.57,-35.401,-37.08,-40.59,-44.71,-46.693,-50.508,-52.187,-55.086,-56.001,-57.222,-57.68,-58.138,-58.29,-56.917,-54.781,-54.628,-55.391,-57.68,-58.596,-59.816,-61.037,-64.241,-63.326,-61.953,-61.342,-59.816,-58.29,-56.001,-52.95,-50.203,-47.304,-45.015,-42.421,-41.353,-38.301,-36.317,-35.401,-34.486,-32.807,-32.502,-33.265,-34.639,-35.401,-39.064,-43.184,-45.625,-45.015,-45.625,-44.099,-41.81,-39.979,-37.08,-34.181,-30.824,-28.535,-25.178,-20.447,-16.327,-13.276,-10.681,-6.8667,-4.4252,-1.9837,-0.15259,1.2207,1.8311,2.5941,2.8993,2.8993,2.4415,2.4415,3.357,5.1881,6.8667,10.224,13.733,13.733,14.191,16.022,17.548,18.616,20.6,23.041,21.668,20.447,17.243,13.428,8.5452,3.9674,-2.2889,-8.0874,-12.818,-17.243,-20.295,-20.905,-21.21,-20.142,-21.363,-22.736,-24.262,-22.584,-21.058,-18.159,-15.717,-13.123,-11.902,-9.1556,-6.5615,-2.7467,-1.2207,1.0681,3.5096,8.0874,11.292,13.733,15.107,16.938,18.311,18.464,19.532,20.6,19.684,18.616,18.464,18.616,16.633,16.938,15.107,12.665,9.3081,7.9348,5.1881,3.5096,2.2889,-0.15259,-1.6785,-2.4415,-2.8993,-3.357,-5.3407,-6.8667,-8.3926,-8.8504,-11.597,-11.444,-9.4607,-7.0193,-5.4933,-4.883,-3.8148,-2.8993,-2.5941,-3.6622,-5.1881,-4.4252,-5.1881,-4.7304,-6.7141,-7.9348,-7.9348,-6.1037,-2.7467,1.0681,5.9511,9.9185,11.597,13.276,14.344,14.954,12.665,9.9185,6.7141,4.2726,3.357,2.1363,1.0681,0.76296,2.1363,5.3407,7.7822,10.529,12.207,14.954,15.87,17.09,18.311,20.905,20.905,21.363,21.363,22.736,22.736,20.905,19.532,19.379,16.022,13.733,11.444,12.665,13.123,12.513,12.97,16.633,18.921,20.753,20.905,21.058,20.753,20.905,18.159,16.175,11.902,12.055,11.444,12.36,11.139,12.207,12.207,12.97,12.055,12.818,12.97,15.87,19.227,21.973,21.363,22.889,23.347,24.567,23.347,24.873,25.483,25.178,23.041,19.379,12.97,7.7822,2.4415,-1.6785,-8.6978,-14.496,-21.363,-25.941,-31.281,-35.096,-38.148,-40.132,-42.268,-44.099,-45.473,-46.541,-47.761,-46.846,-48.219,-47.761,-47.609,-45.625,-47.304,-47.151,-46.693,-44.099,-41.505,-40.284,-39.827,-37.538,-37.69,-38.301,-41.353,-42.421,-43.184,-41.2,-40.742,-41.2,-44.404,-44.862,-45.015,-44.099,-43.947,-43.336,-45.473,-47.151,-47.151,-42.573,-41.658,-39.979,-38.148,-33.113,-26.704,-22.584,-20.6,-18.769,-16.633,-14.649,-13.733,-12.055,-12.97,-15.412,-18.769,-19.379,-21.058,-21.21,-22.889,-23.499,-24.11,-25.025,-25.788,-26.093,-27.772,-25.33,-25.788,-25.178,-24.567,-21.058,-19.074,-15.107,-12.207,-6.4089,-1.0681,5.4933,13.123,21.973,29.145,36.012,41.2,48.83,57.985,68.209,74.313,82.705,90.03,96.896,105.75,114.14,121.46,128.03,132.91,141.3,150.15,159.61,166.94,176.7,185.09,192.72,200.05,206.76,211.19,217.29,223.55,230.72,237.13,246.74,256.66,266.73,274.06,281.08,287.18,294.05,301.07,307.02,311.29,314.49,318.77,320.6,317.7,315.26,311.59,310.83,308.39,304.27,300,296.18,292.67,288.71,283.52,278.79,274.82,271.46,266.27,263.99,263.22,264.75,264.14,263.53,262.31,258.95,255.75,254.52,253,252.54,251.47,250.1,248.42,248.57,247.51,247.2,245.06,242.77,240.18,235.15,229.96,225.53,219.58,214.39,209.66,205.08,197.45,193.03,188.15,183.11,176.09,169.38,163.73,159.76,153.81,147.25,142.37,137.49,131.23,126.8,122.07,120.7,117.8,115.36,112,109.1,106.51,104.83,102.69,99.49,96.438,94.455,92.166,90.793,87.283,86.215,83.621,79.653,74.16,69.735,66.225,63.936,62.716,61.037,58.443,57.68,55.238,54.018,47.914,43.031,36.622,30.976,23.194,13.276,3.5096,-5.6459,-15.107,-23.957,-30.213,-35.401,-41.81,-47.151,-52.492,-56.459,-63.326,-69.735,-76.144,-80.874,-84.841,-89.267,-92.624,-93.844,-94.913,-96.591,-98.27,-97.659,-97.049,-95.218,-94.302,-93.387,-93.081,-92.624,-91.556,-87.436,-84.689,-81.637,-79.958,-78.433,-78.89,-76.144,-74.313,-69.43,-66.378,-62.41,-60.579,-57.833,-54.476,-51.118,-49.898,-49.898,-52.644,-53.713,-55.086,-57.375,-59.816,-60.579,-62.41,-64.089,-66.073,-68.972,-74.313,-79.348,-82.553,-85.299,-88.809,-88.198,-90.03,-90.03,-92.624,-96.744,-104.07,-110.17,-116.12,-120.4,-124.21,-125.89,-126.65,-125.43,-126.19,-124.36,-122.38,-118.26,-116.28,-113.38,-109.56,-105.75,-102.08,-101.63,-103.61,-106.97,-109.1,-109.71,-112,-113.83,-116.73,-117.8,-116.89,-115.21,-110.48,-103.76,-98.575,-93.692,-90.03,-87.588,-86.52,-85.299,-85.757,-84.078,-83.926,-83.773,-87.741,-92.929,-97.049,-103,-109.41,-116.58,-120.09,-125.13,-132.15,-137.03,-143.44,-146.34,-150.15,-152.59,-158.39,-164.8,-171.21,-175.48,-181.74,-185.86,-186.32,-186.77,-189.52,-188.6,-189.21,-186.62,-186.16,-185.86,-187.08,-187.99,-191.81,-195.62,-199.74,-205.08,-212.71,-218.97,-224.16,-226.45,-231.94,-235.6,-238.81,-239.88,-240.64,-242.77,-246.59,-248.27,-251.47,-251.63,-251.32,-248.12,-245.83,-243.08,-243.69,-242.01,-239.11,-233.92,-229.96,-225.23,-220.04,-217.14,-213.78,-208.75,-205.39,-200.2,-197.15,-191.66,-188.6,-187.54,-189.06,-189.83,-190.74,-192.11,-193.79,-195.32,-198.37,-197.61,-195.32,-192.57,-191.81,-193.64,-197,-196.69,-196.23,-196.23,-196.08,-193.64,-191.81,-188.76,-184.79,-180.82,-177.92,-173.96,-172.58,-168,-164.04,-157.63,-150.61,-143.28,-136.88,-130.16,-124.06,-119.02,-114.9,-110.32,-108.49,-106.05,-106.05,-105.9,-107.58,-109.71,-114.6,-118.72,-123.45,-130.31,-137.64,-145.73,-153.36,-159.31,-163.27,-163.12,-164.49,-161.75,-158.09,-149.85,-141.3,-132.3,-121.62,-111.7,-103.92,-95.676,-88.504,-79.348,-72.634,-63.936,-55.544,-47.151,-41.658,-36.012,-30.519,-23.804,-16.938,-10.224,-5.6459,-1.5259,0.30519,3.6622,4.883,8.0874,8.6978,12.513,14.191,13.123,9.6133,7.3244,5.4933,4.12,-0.30519,-3.6622,-8.0874,-10.224,-15.259,-18.006,-21.363,-23.804,-28.23,-33.418,-38.301,-43.184,-46.541,-46.388,-46.083,-45.32,-46.693,-46.846,-46.541,-41.963,-38.453,-36.164,-34.181,-32.197,-31.739,-28.23,-25.941,-24.415,-20.905,-15.259,-10.834,-3.8148,-0.45778,3.9674,4.5778,5.3407,4.5778,4.5778,2.4415,-0,-1.0681,-1.0681,-2.4415,-3.2044,-5.0356,-4.883,-6.2563,-6.5615,-10.834,-15.87,-19.532,-24.262,-28.23,-30.213,-33.418,-36.622,-41.505,-43.184,-43.336,-41.047,-38.301,-32.502,-25.788,-17.548,-10.529,-4.4252,-1.5259,1.0681,3.0519,5.6459,6.1037,7.477,7.1718,10.224,13.276,21.668,28.84,35.401,40.895,45.93,49.135,51.271,54.018,57.68,59.816,65.462,69.887,77.059,80.111,84.078,83.926,82.4,75.381,68.514,63.326,59.206,55.544,52.797,50.05,50.508,48.677,49.287,49.898,49.287,46.846,46.693,45.32,45.625,44.099,41.81,40.59,39.369,37.385,36.622,31.434,27.924,22.279,18.464,14.496,11.597,7.477,3.2044,-4.883,-10.529,-14.496,-17.701,-21.363,-23.499,-27.161,-27.619,-29.145,-28.687,-29.145,-28.993,-29.298,-27.467,-25.178,-21.516,-17.396,-11.444,-7.9348,-4.12,-1.5259,2.5941,3.8148,7.3244,9.6133,14.344,16.48,17.396,17.548,17.243,17.853,20.753,21.973,25.33,26.856,30.824,32.807,36.012,37.538,40.59,40.284,39.674,38.606,38.301,35.707,34.028,30.061,28.687,25.941,27.314,28.23,31.739,33.723,37.843,41.047,45.167,49.44,54.018,55.696,59.053,60.121,65.767,70.498,75.381,77.67,79.196,79.196,77.822,75.686,73.092,70.65,70.193,68.972,70.65,71.871,74.923,73.855,71.871,67.141,66.378,65.615,66.836,66.073,64.852,60.427,56.612,52.339,50.966,46.846,45.015,39.979,36.775,32.96,32.35,29.908,27.772,28.382,29.756,30.824,33.723,36.775,40.437,39.369,36.622,33.113,34.486,36.775,40.742,42.573,43.641,44.099,45.32,45.778,41.658,37.996,38.148,36.317,34.944,32.197,30.976,28.993,27.619,26.093,24.873,23.347,20.905,16.633,10.224,1.2207,-7.0193,-18.159,-27.619,-38.759,-49.44,-62.258,-72.939,-82.247,-89.877,-98.117,-106.36,-113.99,-119.63,-125.74,-129.09,-133.82,-135.04,-136.57,-137.94,-143.13,-145.73,-145.88,-141,-133.67,-124.67,-114.29,-104.98,-97.354,-88.809,-84.994,-79.958,-75.991,-70.04,-67.598,-65.004,-63.326,-62.716,-63.021,-62.868,-63.936,-62.258,-58.443,-54.933,-53.56,-50.05,-47.761,-44.557,-46.083,-47.151,-47.914,-48.83,-52.034,-56.001,-63.936,-73.397,-84.078,-91.861,-99.49,-103.31,-108.8,-111.85,-115.36,-116.58,-117.95,-118.26,-118.41,-116.12,-115.36,-113.07,-108.34,-99.948,-92.166,-81.942,-71.566,-61.953,-53.255,-44.862,-37.385,-29.145,-21.363,-11.444,-3.2044,6.5615,14.954,26.093,33.418,40.895,44.252,48.372,49.287,47.304,43.031,39.369,35.249,33.113,31.129,29.908,24.873,23.347,21.973,22.736,22.889,22.736,18.921,15.564,15.259,16.175,14.039,11.292,6.5615,3.2044,-1.0681,-3.0519,-5.3407,-5.9511,-6.5615,-7.0193,-9.3081,-10.376,-11.444,-12.818,-14.801,-14.191,-14.954,-14.801,-13.886,-12.36,-12.513,-9.7659,-6.4089,-2.7467,0.30519,2.5941,4.2726,6.4089,6.8667,7.477,3.2044,-1.6785,-9.003,-12.97,-17.243,-18.921,-21.973,-23.499,-23.041,-22.279,-21.668,-19.684,-17.396,-13.428,-10.224,-4.883,-1.2207,3.6622,7.3244,10.071,12.36,16.175,18.616,19.837,22.126,27.467,32.655,38.606,42.421,47.456,49.44,53.713,55.238,57.833,59.206,61.342,62.716,64.089,65.004,67.751,68.209,68.819,67.598,69.43,68.972,68.361,67.141,67.293,67.446,68.361,67.904,67.751,67.293,66.53,62.258,59.053,53.56,47.761,39.827,35.401,30.519,24.72,20.753,18.769,19.532,23.499,29.756,38.606,44.404,51.881,58.901,67.751,74.007,79.806,80.721,81.942,79.653,77.517,74.313,73.092,71.108,70.803,68.667,68.209,65.157,63.173,59.511,56.764,53.255,51.424,47.914,45.167,42.421,40.895,37.08,35.707,32.96,32.807,33.113,33.57,29.908,31.129,30.061,29.298,28.535,27.467,25.33,23.194,17.701,12.665,6.8667,4.883,3.0519,1.2207,-3.6622,-3.6622,-4.7304,-1.5259,2.2889,5.7985,7.1718,11.902,14.496,19.532,20.905,23.804,24.567,27.619,28.382,29.298,28.993,31.281,30.671,28.535,26.551,26.093,24.262,25.636,26.246,28.687,29.908,30.519,28.077,26.856,25.33,25.025,22.889,19.532,17.396,16.633,14.344,12.513,8.6978,4.12,-2.4415,-8.0874,-14.344,-20.142,-25.788,-31.587,-38.301,-43.184,-50.203,-53.56,-56.459,-56.612,-59.816,-61.342,-63.784,-63.326,-62.868,-61.037,-56.459,-51.118,-47.151,-43.031,-40.284,-36.622,-34.028,-29.45,-26.246,-19.99,-14.191,-6.1037,-0.15259,7.1718,12.055,14.954,17.853,22.431,25.941,30.976,33.57,36.927,37.69,37.996,36.927,34.028,29.756,24.72,18.769,13.733,7.7822,3.357,-1.6785,-4.883,-10.987,-12.513,-14.344,-15.412,-18.616,-22.431,-24.415,-24.415,-26.856,-29.603,-33.876,-33.113,-34.028,-31.434,-30.213,-28.077,-27.619,-26.704,-26.856,-26.704,-28.687,-31.129,-33.723,-35.707,-36.622,-32.655,-31.281,-29.45,-31.281,-34.486,-41.353,-46.236,-50.661,-54.17,-59.053,-63.021,-68.056,-70.956,-74.16,-74.77,-76.144,-76.144,-75.838,-73.244,-70.345,-66.53,-63.784,-62.868,-62.41,-61.342,-61.342,-58.29,-55.086,-48.524,-45.473,-42.726,-41.81,-40.284,-37.08,-33.723,-29.908,-24.262,-19.99,-15.107,-9.9185,-3.9674,-3.357,-2.5941,-4.4252,-6.4089,-11.902,-16.175,-19.684,-23.041,-25.025,-26.399,-31.739,-37.385,-43.336,-47.609,-54.933,-58.901,-62.716,-62.868,-65.31,-67.446,-67.904,-65.462,-63.173,-61.342,-60.121,-59.969,-60.579,-59.816,-60.121,-59.053,-57.375,-51.576,-46.541,-41.505,-39.064,-33.418,-27.924,-23.499,-18.769,-12.665,-8.0874,-1.3733,3.0519,8.0874,7.7822,9.3081,10.224,11.902,11.444,11.902,11.292,10.681,8.5452,8.24,6.4089,7.0193,4.4252,0.45778,-7.3244,-12.818,-19.684,-26.551,-33.723,-38.148,-42.268,-44.252,-45.32,-43.184,-40.284,-34.791,-32.807,-30.671,-30.976,-29.756,-29.908,-28.382,-26.856,-23.652,-20.905,-17.548,-11.139,-2.2889,5.1881,12.818,17.396,22.584,25.178,28.23,31.892,37.385,42.268,46.541,48.982,52.034,54.476,56.154,56.917,58.596,59.664,63.173,66.683,70.956,74.16,78.28,81.942,84.231,84.689,83.468,81.484,83.316,84.994,86.52,86.52,85.757,85.147,82.4,77.364,72.787,67.446,62.105,53.865,47.914,43.184,40.895,37.08,33.57,29.908,27.619,26.551,26.856,26.704,27.161,28.993,31.892,32.655,35.401,37.996,41.963,43.489,44.252,44.252,43.794,42.573,40.284,38.301,36.164,34.028,33.418,30.366,28.077,22.889,16.022,9.6133,5.9511,4.4252,2.4415,-0.91556,-6.8667,-16.48,-25.178,-35.707,-43.489,-50.661,-54.17,-60.427,-63.936,-68.972,-72.481,-75.381,-75.838,-76.449,-75.533,-75.838,-72.024,-69.887,-68.361,-70.956,-69.887,-70.65,-71.718,-70.956,-66.836,-64.241,-60.732,-59.511,-58.443,-59.816,-60.427,-61.8,-60.732,-60.121,-58.901,-58.138,-57.527,-60.579,-62.716,-67.598,-69.887,-74.618,-76.907,-82.4,-85.757,-89.267,-91.708,-93.692,-95.218,-98.27,-97.201,-94.302,-88.046,-84.078,-79.958,-79.806,-79.196,-78.738,-78.738,-78.89,-77.212,-73.55,-67.293,-61.953,-56.154,-53.713,-49.898,-47.304,-41.505,-38.301,-33.265,-27.924,-21.668,-17.701,-15.412,-15.259,-16.175,-20.6,-22.584,-26.246,-28.993,-34.944,-38.453,-40.59,-40.284,-39.521,-38.301,-39.216,-40.284,-43.336,-43.794,-45.473,-44.71,-44.71,-41.963,-41.81,-42.573,-44.557,-46.388,-47.304,-47.609,-47.151,-42.268,-39.674,-36.164,-34.791,-29.756,-24.567,-18.311,-12.055,-4.7304,-0.15259,5.4933,10.376,14.954,17.701,22.431,25.941,30.519,33.723,38.911,40.59,44.099,45.778,48.982,52.339,55.849,60.274,66.225,70.498,76.449,81.942,90.487,96.133,99.643,103,102.85,99.49,96.286,92.318,87.436,82.247,76.601,67.141,58.596,48.372,42.116,34.791,25.941,15.87,7.1718,0.30519,-5.9511,-12.97,-14.039,-16.938,-17.09,-20.142,-20.753,-24.567,-27.467,-29.45,-27.619,-25.483,-22.279,-21.21,-19.532,-20.295,-19.684,-20.905,-19.227,-19.074,-18.159,-21.21,-22.279,-21.973,-18.464,-16.48,-17.09,-18.769,-16.785,-15.564,-12.207,-9.1556,-3.2044,0.91556,7.3244,11.444,14.344,17.701,22.431,24.873,26.246,25.178,25.178,21.668,20.905,19.227,18.921,17.396,19.532,22.889,26.093,28.23,29.45,28.23,30.519,32.807,35.096,35.859,38.606,37.08,34.791,29.908,29.45,29.45,31.129,31.587,32.35,28.993,28.687,24.873,22.736,19.684,20.295,18.006,16.785,12.818,9.4607,4.12,0.30519,-1.3733,0.30519,0.76296,1.8311,3.357,6.7141,5.7985,5.1881,2.2889,-0,-4.5778,-6.5615,-7.3244,-8.3926,-10.529,-11.597,-13.428,-14.039,-16.938,-17.09,-19.227,-21.21,-27.161,-32.96,-38.148,-39.064,-38.301,-38.911,-41.047,-44.862,-48.219,-47.761,-47.609,-46.693,-46.083,-42.726,-39.674,-34.181,-29.908,-27.467,-23.652,-21.21,-19.227,-16.48,-15.717,-14.496,-16.785,-20.905,-25.178,-27.924,-32.807,-37.385,-45.473,-56.459,-66.378,-73.855,-80.264,-83.163,-84.384,-82.705,-82.553,-83.316,-89.419,-93.539,-96.896,-95.065,-91.556,-89.724,-88.504,-84.231,-81.027,-77.822,-73.55,-68.361,-66.378,-60.884,-59.053,-58.596,-59.053,-59.969,-59.969,-59.053,-60.274,-60.579,-60.732,-54.17,-51.424,-49.745,-48.677,-45.473,-45.015,-44.557,-44.404,-42.879,-42.421,-41.963,-41.2,-36.927,-34.028,-29.145,-22.736,-13.886,-10.681,-9.003,-6.7141,-1.2207,2.5941,6.1037,8.8504,12.513,12.665,12.665,12.055,16.327,16.633,17.243,16.327,16.785,17.396,20.753,26.246,31.587,34.639,37.385,38.911,41.2,42.421,45.32,46.846,48.83,49.135,48.982,47.914,45.32,44.404,47.609,48.677,50.05,49.745,53.102,56.001,58.596,62.41,67.141,69.582,70.04,68.514,67.293,69.887,73.855,78.127,81.942,81.942,81.179,81.179,81.637,83.01,84.384,83.316,82.4,81.637,81.179,82.553,83.621,77.364,71.718,68.361,65.31,61.953,57.07,51.271,44.404,38.148,34.333,27.161,21.21,14.801,10.071,6.4089,3.5096,3.0519,3.357,1.5259,-0.30519,0.76296,5.3407,9.1556,15.107,22.279,30.519,35.707,40.895,47.914,54.933,60.427,66.988,73.702,78.585,80.264,84.536,89.114,94.302,98.117,103.76,106.66,109.26,110.93,109.71,108.8,110.78,109.87,106.05,100.86,97.964,94.302,92.013,85.91,78.127,69.582,60.732,50.966,40.742,32.807,26.551,16.327,10.224,5.9511,5.3407,1.9837,1.0681,-0.91556,-2.4415,-1.8311,1.9837,5.1881,10.224,14.954,19.532,20.142,23.957,27.619,33.418,38.301,41.963,45.015,44.862,43.641,40.437,39.369,39.216,38.606,37.843,37.385,38.453,38.453,37.538,33.265,28.23,22.584,15.564,7.1718,-2.4415,-12.36,-21.516,-30.061,-33.418,-38.148,-40.59,-42.879,-42.116,-39.064,-37.843,-37.69,-36.012,-34.791,-33.265,-32.197,-27.619,-25.788,-24.873,-25.636,-25.788,-24.11,-23.957,-25.636,-26.856,-26.551,-26.246,-25.788,-22.126,-19.684,-17.396,-12.818,-5.9511,-2.4415,-0.91556,2.5941,5.6459,6.1037,7.0193,6.2563,7.7822,5.6459,4.5778,1.6785,-0.91556,-4.7304,-7.7822,-11.902,-17.243,-23.194,-29.603,-36.47,-40.437,-44.099,-46.083,-50.813,-53.713,-56.154,-57.222,-58.596,-59.664,-61.342,-62.105,-64.394,-63.631,-63.173,-63.326,-62.563,-60.427,-59.816,-56.764,-52.95,-48.83,-45.473,-42.421,-38.759,-33.418,-28.687,-21.058,-15.87,-11.292,-9.003,-4.7304,-0,3.6622,4.2726,4.4252,4.5778,7.0193,4.12,-0.61037,-2.7467,-2.2889,-5.1881,-8.5452,-9.6133,-8.5452,-11.444,-13.123,-13.581,-12.055,-11.597,-14.039,-20.905,-25.941,-28.382,-29.298,-28.23,-27.009,-25.636,-24.11,-21.973,-16.633,-15.564,-15.87,-14.801,-12.97,-13.581,-14.191,-13.276,-13.581,-13.581,-14.039,-13.733,-14.954,-16.48,-17.701,-22.279,-23.347,-26.246,-28.535,-27.619,-25.025,-23.041,-21.058,-19.227,-17.09,-16.785,-12.665,-10.071,-6.8667,-6.4089,-5.0356,-4.4252,-5.0356,-6.2563,-5.4933,-6.5615,-6.5615,-8.6978,-8.0874,-11.597,-12.665,-14.801,-16.327,-19.532,-21.973,-23.194,-22.431,-21.668,-20.142,-21.973,-22.736,-25.025,-26.551,-27.772,-27.009,-25.636,-24.415,-21.363,-15.87,-12.207,-10.071,-10.529,-9.1556,-9.1556,-8.5452,-9.7659,-10.834,-12.36,-13.886,-16.785,-18.311,-20.905,-21.516,-22.431,-23.194,-26.551,-27.161,-28.535,-31.739,-35.554,-40.742,-44.862,-49.135,-52.492,-55.696,-60.274,-62.868,-65.462,-65.157,-65.31,-66.378,-65.92,-65.31,-65.767,-64.699,-64.394,-66.378,-67.751,-67.751,-68.667,-68.972,-69.43,-68.209,-66.683,-63.326,-61.342,-60.121,-59.816,-56.917,-55.391,-54.018,-53.865,-54.17,-55.544,-56.917,-59.511,-60.884,-58.138,-56.459,-59.816,-59.969,-61.953,-65.615,-71.261,-74.313,-77.67,-81.179,-85.147,-89.114,-94.913,-97.049,-99.338,-98.727,-99.796,-100.86,-103.15,-105.44,-106.05,-105.29,-106.66,-108.65,-112.46,-111.85,-113.07,-112.61,-110.63,-107.88,-106.05,-101.63,-100.86,-101.63,-101.32,-97.507,-96.286,-89.724,-84.994,-81.637,-81.79,-76.449,-70.498,-61.953,-57.833,-54.933,-52.95,-51.118,-51.424,-48.067,-43.489,-38.759,-34.333,-29.45,-30.061,-30.824,-32.807,-32.96,-32.044,-30.519,-27.467,-23.652,-22.736,-22.279,-21.821,-19.837,-21.973,-23.957,-25.636,-24.567,-26.856,-31.281,-31.892,-31.739,-32.807,-32.96,-34.486,-34.486,-34.181,-32.807,-33.876,-35.249,-38.606,-39.216,-42.879,-46.083,-49.135,-49.745,-48.982,-47.456,-45.778,-41.353,-39.064,-36.47,-31.587,-23.499,-19.227,-15.87,-15.87,-13.886,-14.191,-12.97,-13.123,-11.444,-10.071,-7.9348,-7.477,-6.2563,-5.7985,-1.3733,2.1363,6.8667,10.834,14.954,19.074,23.499,25.025,25.33,27.161,31.434,33.418,36.164,39.369,41.963,40.132,38.911,37.69,39.216,38.911,39.369,40.895,43.336,45.473,50.203,51.729,54.323,54.323,55.849,55.849,57.527,57.833,60.427,63.478,66.378,68.361,68.819,67.598,66.378,64.241,64.089,63.021,62.563,61.037,60.579,60.427,58.596,56.917,55.391,56.001,62.105,65.767,67.598,65.462,66.988,66.836,68.361,69.124,68.667,72.176,78.28,82.4,89.114,96.438,103.15,108.65,117.5,121.31,124.06,126.5,131.69,135.2,137.94,140.23,145.57,148.47,151.83,153.36,155.03,155.03,155.03,153.05,150.91,151.98,151.83,148.17,143.28,138.71,137.79,136.11,135.5,133.67,131.38,127.41,124.06,121.92,118.87,112.16,108.95,104.98,102.69,100.1,99.796,98.88,101.17,105.44,109.87,114.29,121.31,125.43,131.84,137.49,146.34,153.51,160.53,167.39,174.41,179.3,181.59,182.5,186.93,190.74,193.18,194.1,195.78,194.56,192.11,187.54,183.26,179.6,176.24,171.97,168.46,162.36,159.92,154.27,148.63,140.08,132.45,129.55,128.18,125.43,121.31,117.65,117.34,116.28,118.26,118.87,122.99,125.43,129.86,133.98,138.25,140.54,142.37,141.61,142.83,144.35,148.47,148.63,148.01,144.66,144.35,142.52,135.65,130.92,127.57,127.57,126.5,122.07,119.33,113.99,109.1,102.24,96.286,91.403,90.182,88.351,84.689,81.179,79.043,77.975,76.296,72.634,72.329,68.972,67.751,65.004,65.31,64.394,62.563,60.579,58.901,57.222,53.407,48.372,47.914,44.252,40.895,38.606,39.216,37.385,37.538,37.69,38.759,38.301,37.233,33.265,31.129,30.061,30.824,27.924,25.483,22.431,21.21,17.396,14.191,13.123,14.344,15.259,16.633,16.633,17.09,14.496,12.055,9.4607,11.444,11.444,9.4607,9.3081,10.224,10.987,13.276,14.191,16.022,14.191,13.581,10.681,8.6978,6.1037,0.91556,-5.7985,-10.834,-16.785,-20.905,-24.11,-25.178,-27.619,-26.704,-26.093,-24.72,-25.636,-25.788,-25.33,-24.415,-25.178,-28.382,-34.028,-35.554,-37.08,-36.927,-41.353,-45.778,-50.966,-56.154,-57.527,-55.391,-56.307,-57.07,-62.258,-65.157,-67.751,-65.767,-65.767,-64.699,-64.547,-63.631,-64.547,-67.904,-71.871,-74.313,-77.975,-81.179,-83.621,-84.536,-86.673,-87.436,-88.656,-89.572,-90.335,-90.793,-92.776,-92.929,-91.556,-88.809,-89.724,-88.504,-87.436,-83.316,-81.79,-79.653,-78.28,-76.754,-76.754,-75.228,-73.55,-70.345,-70.498,-69.124,-68.819,-66.836,-64.852,-62.105,-60.274,-59.511,-57.527,-55.696,-54.476,-50.356,-46.846,-43.794,-44.252,-40.742,-38.453,-35.707,-34.486,-33.723,-35.401,-36.775,-39.827,-40.895,-43.947,-45.015,-47.609,-48.982,-51.271,-51.881,-53.865,-53.713,-52.797,-51.729,-51.881,-50.203,-49.898,-49.135,-48.83,-45.778,-43.794,-40.742,-39.216,-36.775,-33.418,-29.298,-27.161,-20.753,-17.853,-14.496,-14.954,-14.191,-16.785,-16.327,-15.717,-17.548,-21.668,-23.347,-23.499,-19.684,-20.6,-22.431,-25.483,-24.11,-24.72,-21.821,-19.074,-17.243,-15.87,-12.818,-11.139,-7.477,-7.477,-9.4607,-12.665,-13.733,-18.006,-20.905,-23.804,-25.788,-24.72,-23.194,-22.584,-23.347,-25.025,-25.025,-25.788,-25.788,-26.399,-26.246,-27.314,-26.551,-26.856,-27.772,-29.145,-30.519,-32.197,-30.976,-31.587,-32.197,-35.401,-36.012,-38.301,-39.216,-39.216,-39.674,-41.658,-43.336,-45.32,-47.151,-50.661,-52.644,-57.527,-61.495,-67.141,-69.43,-73.397,-76.144,-79.348,-81.484,-84.536,-88.351,-92.471,-95.828,-100.25,-101.32,-101.78,-102.54,-104.68,-106.51,-109.1,-112.16,-114.75,-116.43,-116.73,-115.05,-115.05,-114.29,-115.82,-116.89,-117.65,-120.4,-123.75,-125.58,-126.96,-127.57,-132.6,-138.25,-142.52,-142.37,-143.89,-143.89,-143.28,-142.83,-143.44,-143.74,-144.81,-144.96,-145.42,-144.51,-145.57,-144.81,-146.03,-145.42,-146.34,-148.47,-147.71,-146.34,-146.79,-145.73,-148.17,-146.34,-146.49,-146.18,-149.24,-149.54,-150.46,-147.56,-145.42,-143.28,-142.98,-137.64,-132.6,-127.26,-123.91,-118.41,-114.75,-108.49,-103.31,-98.575,-95.218,-94.15,-94.302,-95.981,-98.575,-97.354,-95.828,-93.081,-93.692,-94.302,-96.744,-98.575,-104.07,-108.49,-110.78,-109.56,-112.16,-113.53,-116.89,-118.26,-119.94,-121.92,-126.5,-130.77,-133.82,-132.91,-131.53,-129.4,-129.25,-126.04,-122.84,-116.12,-115.05,-115.97,-116.73,-114.9,-115.21,-115.51,-115.97,-114.29,-114.75,-114.29,-115.05,-112.92,-113.22,-113.07,-111.39,-107.43,-106.05,-106.66,-112.16,-117.5,-125.13,-129.86,-135.35,-138.86,-140.54,-141.15,-142.98,-143.59,-144.66,-144.2,-144.51,-141.45,-140.54,-139.62,-141.3,-143.13,-145.88,-144.35,-144.66,-145.42,-144.51,-142.67,-144.66,-144.2,-146.03,-146.95,-149.69,-154.42,-158.7,-161.29,-161.75,-157.02,-151.37,-147.4,-146.49,-144.96,-145.12,-143.89,-142.83,-141.45,-140.69,-140.69,-139.32,-134.89,-129.4,-124.52,-121.46,-114.44,-109.26,-103,-96.591,-94.76,-95.523,-95.981,-96.286,-97.354,-97.354,-95.065,-97.354,-98.88,-97.964,-91.25,-88.504,-87.13,-86.062,-86.673,-90.03,-91.861,-94.302,-96.438,-99.948,-101.17,-102.39,-99.948,-98.575,-95.523,-92.166,-85.299,-76.296,-69.277,-62.716,-58.596,-54.628,-49.593,-45.625,-39.979,-35.707,-30.519,-25.33,-20.905,-18.006,-15.107,-13.581,-13.733,-14.649,-13.276,-12.665,-11.75,-11.139,-6.7141,-2.2889,3.8148,7.0193,9.7659,12.207,14.954,16.48,18.464,20.753,25.483,29.45,35.401,40.59,44.862,46.236,49.287,51.881,54.781,57.527,60.579,61.953,67.446,70.04,73.397,73.702,75.381,76.601,80.569,83.01,86.673,89.724,93.997,97.049,100.1,102.85,108.19,108.04,107.58,103.61,102.69,101.93,103.15,104.83,105.9,106.05,108.34,109.71,111.85,110.63,110.32,108.34,107.27,103.92,99.643,96.438,94.455,92.624,91.556,89.114,86.825,81.942,79.653,76.144,74.16,69.887,66.836,63.173,62.41,62.105,62.868,63.784,64.547,64.547,66.378,66.683,67.293,66.683,64.241,64.699,65.31,66.225,68.056,67.293,69.43,71.108,71.871,69.582,67.598,65.157,62.868,61.037,60.121,60.121,62.868,63.936,66.836,69.43,71.108,72.329,76.449,80.416,83.163,84.994,89.267,91.708,95.523,96.438,98.575,101.32,105.14,107.88,110.48,111.09,113.53,115.21,119.17,121.62,125.74,128.03,130.16,130.31,131.84,133.37,136.72,138.25,139.01,139.16,141,140.69,140.54,138.86,140.08,141.76,143.74,145.27,147.4,147.25,148.01,149.08,151.07,152.59,156.71,156.87,158.09,158.24,157.93,155.95,154.58,153.05,150.76,147.1,144.96,140.54,138.71,134.74,132.15,127.72,125.28,123.14,121.31,119.63,121.16,120.4,120.85,118.11,116.43,117.04,119.94,123.6,127.41,130.01,132.91,135.5,136.72,131.53,126.8,120.4,117.04,112.61,106.05,98.727,93.692,88.961,86.062,80.111,74.16,67.751,64.089,59.053,52.339,45.778,39.521,33.723,29.908,25.483,26.093,25.941,26.246,28.535,32.655,33.57,31.739,30.061,30.824,31.739,33.418,32.807,35.554,35.859,32.655,29.298,27.467,23.957,22.584,22.126,23.652,24.262,27.009,27.772,27.619,26.704,24.72,23.652,23.804,23.957,26.399,26.093,28.077,27.009,25.33,23.194,22.279,22.126,21.058,20.753,22.279,23.041,24.873,24.262,23.041,21.516,24.415,28.382,32.197,36.775,40.132,39.827,40.59,41.047,43.794,43.489,43.336,42.116,40.437,36.47,30.519,24.72,21.058,17.853,15.259,9.1556,1.8311,-9.6133,-17.701,-25.025,-34.181,-46.693,-59.664,-71.566,-82.095,-91.708,-93.234,-96.133,-98.117,-100.71,-104.37,-108.8,-109.26,-109.41,-111.39,-115.21,-119.33,-123.29,-123.29,-123.45,-120.55,-118.56,-116.43,-114.9,-109.41,-104.22,-98.117,-93.539,-88.351,-83.163,-79.501,-77.364,-76.144,-77.975,-78.433,-80.111,-79.806,-82.4,-84.994,-89.877,-94.302,-99.49,-103.61,-107.73,-111.7,-117.5,-119.63,-121.46,-121.31,-122.23,-123.75,-127.87,-130.77,-131.84,-131.53,-130.77,-128.79,-126.8,-123.45,-121.31,-117.19,-117.95,-117.8,-115.97,-112.31,-109.26,-105.75,-103,-96.286,-88.198,-80.416,-75.533,-70.04,-68.667,-66.683,-67.141,-65.462,-62.868,-57.985,-52.797,-46.236,-41.2,-39.674,-40.437,-40.742,-42.573,-39.369,-36.927,-36.622,-36.775,-35.554,-34.944,-33.876,-32.197,-30.976,-30.671,-29.145,-28.993,-26.856,-23.957,-19.074,-16.938,-11.902,-9.1556,-7.1718,-6.7141,-6.5615,-7.1718,-2.8993,2.5941,10.071,15.259,19.074,18.159,20.905,24.262,29.298,31.739,34.486,35.249,35.401,36.012,36.164,36.012,35.096,33.57,33.113,30.061,28.993,26.246,23.194,20.142,16.633,13.733,10.681,5.9511,0.30519,-5.1881,-7.0193,-8.8504,-9.3081,-9.3081,-7.477,-8.24,-9.7659,-10.987,-13.123,-15.87,-16.633,-19.684,-23.041,-27.314,-29.45,-29.145,-27.467,-25.483,-21.516,-16.327,-9.9185,-6.1037,-1.0681,2.1363,4.2726,6.2563,10.224,12.055,11.292,9.9185,9.7659,11.902,16.175,18.159,20.142,18.006,12.818,4.883,-0.61037,-3.8148,-6.4089,-10.834,-12.665,-13.733,-11.75,-8.8504,-4.2726,-3.2044,-1.6785,-1.9837,-1.9837,-4.2726,-7.477,-10.834,-12.055,-13.123,-11.75,-11.902,-12.055,-12.055,-11.444,-12.97,-14.801,-16.633,-16.785,-18.769,-16.022,-13.123,-10.071,-9.3081,-7.7822,-5.7985,-1.6785,1.0681,4.883,5.4933,7.477,5.1881,3.8148,0.45778,-2.8993,-4.4252,-0.91556,4.4252,9.1556,11.139,15.717,17.09,17.243,15.412,13.581,12.665,10.681,8.6978,7.477,6.7141,8.0874,8.24,10.987,11.75,12.513,11.75,10.376,10.834,10.987,10.376,9.6133,8.5452,11.139,12.97,14.191,12.97,11.75,9.3081,7.3244,4.12,0.30519,-4.12,-5.9511,-7.6296,-8.0874,-9.4607,-9.4607,-11.139,-10.529,-13.581,-16.938,-20.295,-21.668,-27.314,-32.044,-36.927,-40.895,-45.473,-44.404,-44.404,-43.031,-42.879,-41.505,-41.047,-40.895,-43.184,-44.404,-45.473,-44.404,-45.473,-41.353,-39.827,-38.453,-39.064,-37.538,-36.622,-35.554,-36.622,-37.69,-37.538,-36.775,-37.385,-36.317,-35.096,-34.028,-37.843,-41.658,-44.557,-46.693,-49.593,-54.323,-58.138,-61.19,-66.988,-73.092,-80.569,-86.978,-94.15,-98.727,-102.39,-105.14,-110.17,-112.31,-117.19,-123.14,-126.96,-126.5,-125.58,-121.46,-117.95,-110.78,-104.98,-99.185,-95.828,-92.471,-88.656,-85.604,-83.926,-81.484,-79.653,-80.416,-83.163,-82.705,-83.468,-84.384,-85.452,-87.13,-89.724,-92.166,-97.507,-104.22,-109.87,-111.39,-114.29,-116.58,-117.95,-118.41,-119.79,-122.99,-124.82,-125.58,-128.33,-130.62,-132.76,-132.6,-133.52,-131.23,-128.03,-124.36,-119.33,-111.55,-106.97,-104.83,-103.31,-99.948,-96.133,-88.656,-84.231,-78.28,-76.754,-75.533,-70.803,-65.767,-64.852,-64.699,-66.225,-67.751,-70.498,-70.803,-71.566,-70.65,-71.871,-70.803,-68.514,-69.887,-72.329,-73.244,-72.634,-72.176,-72.176,-70.04,-69.43,-70.498,-74.007,-73.244,-74.923,-76.144,-75.381,-73.397,-70.956,-65.004,-59.358,-51.729,-46.541,-39.521,-29.756,-19.532,-13.276,-5.3407,0.76296,3.9674,4.12,5.4933,5.1881,7.6296,9.003,13.886,15.259,14.649,13.733,8.8504,0.61037,-6.7141,-15.412,-23.499,-33.113,-40.437,-45.93,-49.898,-54.933,-58.29,-62.258,-67.751,-73.702,-79.501,-86.673,-88.504,-90.03,-86.978,-86.673,-84.689,-79.958,-74.007,-69.582,-66.378,-63.784,-60.274,-59.053,-54.933,-47.914,-37.538,-31.739,-25.025,-20.905,-17.548,-15.107,-13.276,-10.681,-8.5452,-10.987,-10.224,-10.681,-11.139,-17.09,-23.652,-29.756,-34.944,-39.369,-41.505,-45.167,-50.356,-55.849,-57.375,-60.884,-63.326,-65.462,-65.31,-65.767,-64.089,-63.173,-60.579,-55.696,-50.508,-48.219,-44.099,-40.284,-32.197,-23.041,-12.055,-1.9837,6.2563,13.276,18.769,22.279,23.194,22.279,24.567,25.483,28.993,27.924,30.976,32.96,34.486,35.554,38.911,38.148,36.317,34.333,34.486,28.535,24.262,19.837,18.464,16.327,13.733,10.071,8.8504,6.4089,2.8993,-3.6622,-4.4252,-6.1037,-6.1037,-5.4933,1.2207,6.1037,7.0193,7.1718,6.8667,7.1718,10.681,11.75,15.259,16.48,18.464,19.684,27.009,35.859,43.031,48.372,54.476,57.68,59.511,59.053,60.884,59.511,60.121,59.511,62.868,64.699,68.667,71.718,73.55,72.329,73.855,71.566,70.193,69.582,72.787,75.533,79.653,85.299,90.487,92.929,95.828,97.354,100.1,101.78,107.12,106.05,105.29,103.92,100.71,96.438,96.438,97.049,97.049,96.591,95.676,91.098,90.03,87.283,85.91,84.384,84.384,84.384,86.215,87.741,89.724,92.318,95.676,94.607,95.828,96.896,99.643,98.88,100.86,102.08,104.83,106.05,106.81,107.43,110.48,111.24,114.44,117.34,122.07,125.58,126.8,131.53,137.33,141.3,144.96,147.4,152.29,157.02,161.75,165.56,171.21,172.58,175.48,178.53,181.59,182.2,181.74,179.75,181.28,180.97,181.13,180.97,182.96,185.71,186.93,186.32,187.84,189.52,190.74,188.91,189.52,187.08,186.16,183.26,180.06,176.55,173.8,172.12,171.67,169.23,167.55,164.04,162.05,156.87,152.29,148.01,144.35,140.84,137.03,131.69,127.87,120.4,114.29,109.26,106.81,101.93,97.659,92.624,88.809,84.994,81.484,75.991,71.261,67.141,65.767,64.241,65.92,65.767,66.53,67.446,66.378,63.936,65.462,66.988,69.735,69.277,70.498,72.634,73.702,73.855,74.923,75.991,78.28,77.975,78.127,79.196,84.231,85.147,85.757,87.283,88.809,87.588,87.436,87.13,88.504,86.978,85.604,83.926,81.027,76.449,73.397,70.65,67.598,64.699,65.615,63.326,61.495,59.053,57.527,55.086,51.424,43.489,34.791,26.551,19.837,15.107,12.513,5.6459,1.6785,-4.2726,-7.6296,-12.055,-16.175,-18.616,-17.853,-17.853,-18.159,-20.905,-21.821,-25.483,-28.23,-31.434,-32.96,-35.096,-38.911,-45.93,-50.966,-54.476,-55.544,-60.121,-66.988,-72.634,-73.092,-73.397,-73.702,-76.144,-78.89,-81.027,-81.027,-84.384,-88.046,-91.403,-92.929,-96.744,-100.71,-104.98,-107.73,-109.41,-111.55,-113.22,-113.68,-116.58,-117.65,-119.48,-116.28,-114.75,-113.38,-115.05,-115.82,-118.11,-119.17,-120.09,-119.48,-122.38,-124.97,-130.47,-135.5,-140.54,-143.89,-148.17,-152.9,-160.53,-168,-177.47,-185.09,-190.44,-191.96,-195.32,-198.68,-203.41,-208.14,-215,-221.87,-229.5,-238.5,-247.05,-252.39,-258.49,-259.56,-256.97,-251.78,-248.88,-247.2,-245.06,-243.69,-242.16,-240.03,-239.11,-236.82,-235.76,-232.4,-228.58,-223.85,-221.41,-217.29,-213.02,-209.81,-208.9,-208.14,-209.51,-209.51,-212.1,-212.87,-212.56,-211.04,-211.19,-210.73,-207.83,-204.47,-200.51,-194.56,-190.28,-185.86,-182.96,-180.36,-180.36,-179.6,-181.74,-183.57,-182.81,-178.99,-177.01,-177.16,-176.24,-174.72,-173.35,-170.29,-168.61,-165.41,-161.75,-157.93,-154.12,-150.3,-149.24,-149.69,-149.39,-146.95,-144.96,-141.91,-140.54,-139.47,-140.23,-140.39,-142.98,-143.74,-145.42,-147.86,-148.47,-150.46,-153.51,-158.09,-164.65,-168.77,-175.18,-178.99,-179.75,-176.24,-170.14,-162.51,-156.25,-151.52,-147.86,-144.66,-141.45,-135.2,-131.69,-125.58,-120.24,-114.75,-112.16,-110.93,-108.65,-105.44,-101.17,-95.523,-90.03,-85.452,-80.569,-72.329,-64.547,-56.764,-52.797,-52.034,-51.576,-50.966,-48.677,-45.625,-41.81,-37.385,-33.265,-30.671,-30.061,-25.941,-21.973,-15.564,-11.75,-7.1718,-4.5778,-1.2207,1.8311,3.6622,5.6459,7.9348,10.834,13.428,13.733,15.717,17.09,20.295,20.905,23.804,24.11,24.262,21.516,18.464,18.464,18.464,19.227,24.415,28.687,32.807,34.486,36.47,36.164,36.927,36.012,35.859,35.707,36.775,37.843,41.2,46.388,51.576,54.628,57.68,58.596,63.784,68.667,71.871,72.329,72.176,70.345,67.904,62.716,57.07,50.966,48.372,46.388,47.761,48.372,51.881,53.407,53.865,52.644,48.982,43.641,39.827,34.333,30.366,25.636,22.736,16.633,9.7659,0.61037,-8.5452,-18.769,-29.145,-39.979,-50.508,-61.342,-72.024,-85.604,-96.744,-108.34,-114.6,-119.48,-121.62,-120.7,-118.56,-118.26,-118.72,-119.33,-115.67,-113.07,-111.85,-111.09,-105.14,-94.76,-82.095,-69.43,-55.849,-40.895,-28.23,-21.058,-9.6133,2.8993,21.363,38.606,55.238,71.261,88.198,102.85,115.97,127.87,139.93,148.78,156.41,162.36,169.23,175.63,180.67,184.48,189.67,192.11,194.1,194.1,195.93,196.08,194.4,194.1,191.66,183.72,175.79,165.72,156.71,146.64,138.55,131.23,124.52,118.56,114.9,108.95,103.92,96.591,88.656,80.721,71.413,61.342,52.034,42.268,34.791,26.551,19.837,9.7659,1.3733,-6.8667,-16.022,-26.093,-34.944,-42.879,-48.982,-57.985,-64.089,-71.108,-77.975,-85.452,-91.25,-97.507,-102.54,-109.71,-114.44,-120.7,-123.29,-127.26,-133.52,-141.15,-146.64,-154.27,-160.22,-166.33,-169.99,-174.57,-178.23,-180.52,-181.13,-182.81,-182.81,-185.09,-186.77,-191.5,-194.86,-199.44,-203.86,-207.53,-212.56,-220.8,-228.28,-237.28,-242.16,-248.42,-253.3,-259.56,-266.27,-272.38,-278.33,-282.45,-283.06,-284.74,-285.35,-287.03,-287.18,-287.03,-287.33,-289.16,-289.93,-290.38,-289.47,-290.23,-289.62,-288.55,-286.57,-285.04,-283.97,-283.36,-283.36,-283.67,-283.06,-283.97,-284.74,-284.28,-283.06,-282.14,-279.85,-277.26,-271.92,-269.17,-264.75,-260.93,-256.97,-255.29,-253.3,-251.17,-248.57,-246.89,-244.15,-242.77,-240.03,-236.98,-233.62,-231.03,-228.43,-224.92,-219.12,-215.61,-210.88,-207.98,-204.17,-200.66,-196.54,-192.42,-188.15,-185.09,-179.6,-176.4,-172.73,-171.06,-169.38,-167.39,-165.26,-162.97,-159.31,-157.17,-153.36,-150.3,-146.95,-143.28,-140.08,-135.65,-131.53,-129.09,-125.28,-123.45,-119.94,-117.04,-114.14,-112.16,-111.24,-110.32,-108.34,-109.26,-108.49,-108.95,-108.19,-106.05,-104.68,-103,-100.25,-99.49,-97.659,-97.964,-96.896,-97.659,-97.354,-95.676,-95.065,-95.676,-95.981,-95.37,-93.997,-92.929,-90.945,-90.487,-88.656,-87.436,-85.452,-80.874,-77.822,-76.449,-72.787,-70.345,-66.225,-63.326,-59.664,-57.222,-55.391,-53.102,-50.356,-49.898,-47.609,-45.778,-42.879,-41.2,-40.132,-39.979,-39.827,-39.369,-39.827,-40.895,-40.284,-40.284,-38.606,-38.148,-37.08,-37.538,-38.911,-39.369,-39.521,-40.437,-39.979,-40.437,-38.606,-37.69,-37.385,-36.775,-34.944,-33.418,-30.519,-27.772,-23.804,-20.753,-17.548,-16.175,-14.191,-11.139,-6.1037,-1.6785,2.8993,6.5615,9.9185,14.039,19.074,23.347,29.45,34.791,41.81,48.83,56.001,63.021,68.209,74.007,79.806,84.384,90.487,95.37,100.71,103.76,108.65,112.46,115.82,117.8,119.33,121.16,122.53,124.82,127.72,128.33,129.55,130.01,131.84,134.89,137.03,139.32,140.84,141.76,140.54,140.39,140.39,138.55,140.39,139.93,141.3,144.2,147.86,151.22,154.27,157.02,160.37,162.21,165.11,166.17,169.84,173.04,177.31,180.97,184.94,188.76,192.88,195.47,196.69,195.93,196.23,193.03,190.28,184.79,179.75,171.67,162.97,153.66,141.45,125.43,106.05,85.91,73.397,58.748,50.05,52.95,66.988,86.062,110.93,139.77,171.67,200.35,243.69,309,389.26,476.09,563.98,622.88,679.04,728.78,757.93,803.86,871.91,918.45,952.79,971.1,957.67,932.8,904.72,851.62,800.04,780.51,762.35,720.85,671.86,628.68,582.75,539.11,509.51,471.82,434.89,407.88,371.87,306.86,243.08,193.64,138.1,86.367,59.358,38.301,5.1881,-28.687,-46.846,-60.579,-75.991,-87.283,-102.69,-125.13,-142.83,-149.24,-145.73,-143.13,-144.2,-150.61,-156.87,-164.49,-172.12,-179.14,-183.87,-184.64,-183.87,-182.2,-169.23,-151.83,-134.74,-124.06,-108.49,-97.659,-99.796,-105.59,-108.19,-105.9,-88.046,-54.781,-19.837,8.8504,41.658,57.833,47.609,41.658,48.677,61.647,97.049,140.84,175.94,206,233.31,227.82,189.06,152.59,146.18,173.35,230.72,282.6,298.17,277.11,245.67,213.63,188.6,180.67,184.18,184.48,181.74,177.31,169.53,148.32,114.6,76.907,46.999,18.769,-10.224,-35.401,-53.713,-69.582,-78.738,-85.452,-91.861,-103.31,-122.99,-152.13,-187.99,-224.62,-252.24,-266.27,-276.04,-285.96,-297.1,-312.05,-326.7,-345.16,-367.29,-393.08,-420.09,-445.11,-464.03,-467.39,-460.07,-446.94,-439.62,-438.86,-443.43,-453.2,-461.9,-470.14,-478.68,-487.53,-494.25,-497.91,-499.28,-498.52,-494.86,-488.75,-480.36,-475.33,-471.05,-472.12,-474.41,-479.9,-485.7,-490.59,-494.71,-496.08,-494.86,-492.26,-485.85,-474.72,-459.15,-445.27,-434.74,-426.34,-418.71,-411.08,-404.98,-398.11,-390.94,-384.84,-376.9,-369.88,-363.32,-357.68,-351.73,-347,-341.96,-335.55,-329.29,-322.58,-314.04,-302.74,-289.62,-278.18,-265.66,-253.46,-242.47,-233.31,-223.7,-216.38,-211.19,-207.22,-203.41,-199.13,-193.33,-185.25,-172.89,-155.95,-138.4,-123.75,-110.48,-97.964,-86.825,-75.991,-65.92,-57.68,-48.677,-40.742,-30.519,-21.516,-12.513,-2.1363,7.0193,15.717,26.856,37.996,50.05,60.732,72.787,84.078,94.913,103.92,112.92,122.53,133.21,142.83,153.97,166.63,180.06,191.2,203.86,214.55,224.62,231.79,239.72,247.35,256.2,265.51,274.67,282.75,291.6,298.62,308.24,315.1,321.67,327.77,332.8,338.15,343.79,349.59,356.15,361.03,367.44,372.33,379.96,384.84,391.25,399.64,408.19,414.44,421.46,428.63,436.72,443.59,452.59,459.15,464.95,469.68,473.95,477.61,480.82,485.09,489.06,491.96,496.38,500.05,504.78,509.35,514.69,519.58,524,528.89,535.29,539.57,545.21,549.49,554.37,559.4,563.52,568.86,574.21,578.63,581.38,582.9,585.34,585.04,583.97,583.36,581.99,580.61,578.94,576.19,573.9,570.09,565.97,561.24,560.32,559.71,559.4,557.88,554.22,550.1,547.65,545.06,545.37,544.6,541.86,536.06,531.17,528.12,524.61,520.19,514.54,510.27,508.13,502.95,498.06,491.5,487.08,483.26,480.21,477.92,474.72,469.53,466.02,460.37,455.79,450.45,448.32,446.18,446.33,446.64,446.33,444.81,444.65,444.96,447.4,449.23,450.61,452.28,454.57,454.73,453.96,451.83,449.08,445.88,444.04,440.53,437.64,435.04,432.75,430.77,427.41,425.12,425.58,427.11,427.87,426.5,423.75,417.49,411.69,404.37,398.72,393.08,391.71,389.72,386.97,384.38,383.16,379.8,377.51,374.77,372.33,367.6,364.24,361.64,358.9,355.39,350.2,345.62,341.96,337.69,334.03,329.6,326.55,321.21,317.39,314.04,308.54,300,292.83,287.03,282.45,277.41,272.07,262.76,254.07,244.91,238.96,230.57,221.87,214.24,207.37,200.51,194.56,188.3,182.35,173.8,168.31,161.29,154.73,145.42,137.03,130.01,122.84,113.68,106.81,103.76,104.07,103.76,105.59,103.15,98.422,90.793,85.604,82.705,80.721,77.975,73.855,68.972,66.073,64.699,64.547,63.936,64.089,65.31,65.92,66.073,65.462,64.852,64.852,61.953,57.07,52.797,48.982,45.015,41.353,38.911,37.996,36.927,36.775,35.249,33.57,31.281,29.298,27.314,25.636,25.788,25.788,25.483,26.399,26.551,26.704,26.856,27.467,27.772,27.619,25.178,23.652,20.905,20.142,20.6,23.804,26.093,28.535,29.756,32.35,33.57,35.249,35.249,34.333,33.265,34.791,36.927,39.674,39.521,40.437,40.742,39.827,38.911,37.843,36.317,35.859,34.028,32.35,26.551,21.668,15.107,9.7659,4.2726,-1.3733,-7.0193,-11.75,-15.87,-19.99,-25.33,-29.45,-34.639,-35.859,-37.08,-37.996,-39.521,-41.505,-44.099,-45.32,-47.151,-47.914,-46.846,-44.71,-42.421,-37.385,-35.707,-34.181,-34.181,-32.35,-30.824,-30.061,-29.603,-27.161,-23.347,-20.447,-19.532,-16.327,-15.259,-14.496,-15.259,-12.665,-9.6133,-7.477,-8.0874,-10.834,-12.97,-14.496,-17.701,-23.194,-30.366,-34.944,-40.742,-44.557,-49.135,-51.881,-53.865,-54.018,-55.696,-57.07,-60.732,-66.225,-72.329,-75.686,-75.686,-70.956,-64.394,-56.612,-50.508,-43.184,-38.148,-34.944,-34.333,-34.639,-33.723,-31.281,-29.908,-28.23,-27.161,-23.804,-20.142,-15.107,-13.733,-12.513,-12.97,-15.107,-20.295,-27.314,-36.622,-43.489,-48.83,-52.644,-56.764,-59.358,-64.089,-67.293,-67.598,-67.141,-69.124,-72.939,-78.28,-81.484,-83.316,-83.773,-84.384,-85.91,-86.978,-85.452,-84.384,-82.095,-80.874,-79.653,-80.721,-82.095,-84.841,-86.825,-88.046,-86.215,-86.825,-84.536,-82.095,-78.433,-74.77,-71.413,-68.667,-66.53,-66.683,-68.056,-72.024,-73.55,-75.991,-77.975,-79.806,-79.043,-80.111,-81.79,-85.91,-89.877,-95.981,-103.76,-111.09,-113.53,-113.38,-111.39,-112.61,-114.29,-118.11,-121.92,-123.29,-123.6,-123.6,-121.62,-122.07,-123.75,-127.57,-126.65,-129.55,-130.92,-133.06,-135.04,-137.18,-136.88,-137.03,-134.74,-131.84,-129.55,-130.31,-130.16,-131.38,-131.53,-132.6,-130.16,-126.04,-119.79,-114.44,-109.1,-105.59,-103.15,-101.63,-98.117,-97.507,-97.659,-99.643,-100.41,-101.93,-104.68,-110.02,-113.07,-115.21,-113.38,-109.71,-105.59,-106.81,-109.1,-112.92,-116.12,-121.46,-123.91,-125.58,-127.11,-126.65,-124.06,-124.36,-124.67,-125.28,-123.91,-123.29,-120.7,-119.33,-118.56,-117.65,-117.5,-119.48,-121.31,-123.14,-120.4,-118.72,-115.51,-114.14,-111.55,-109.71,-110.02,-112.61,-117.04,-123.6,-128.18,-134.28,-136.72,-138.55,-139.16,-138.71,-139.01,-139.77,-139.77,-141.15,-141.76,-141.45,-138.1,-139.47,-142.67,-147.1,-148.78,-148.93,-147.86,-148.47,-150.3,-152.13,-153.81,-157.78,-159.76,-163.88,-166.02,-166.17,-163.12,-159.46,-153.51,-144.51,-134.89,-126.5,-116.89,-112,-108.8,-109.1,-109.56,-109.87,-109.41,-109.1,-107.12,-104.37,-98.88,-96.438,-93.081,-92.318,-90.03,-87.741,-83.316,-80.569,-77.059,-73.855,-70.956,-70.193,-67.904,-68.667,-70.04,-75.838,-79.196,-80.569,-79.653,-77.975,-74.77,-71.718,-68.972,-67.293,-66.225,-67.751,-69.124,-70.498,-69.43,-68.209,-68.056,-69.887,-71.413,-72.329,-72.634,-72.481,-70.956,-71.261,-72.329,-74.313,-72.787,-74.618,-75.838,-78.127,-78.738,-78.28,-74.313,-69.124,-62.563,-56.154,-47.914,-42.268,-36.927,-33.876,-28.23,-24.567,-21.668,-19.227,-17.853,-18.616,-20.142,-20.905,-21.973,-23.499,-22.736,-22.279,-19.684,-19.684,-20.295,-22.889,-23.194,-25.941,-27.772,-30.671,-32.655,-34.791,-33.418,-33.876,-32.655,-32.044,-30.976,-30.366,-29.756,-29.603,-27.924,-28.23,-28.23,-27.467,-24.873,-25.33,-23.041,-21.058,-18.006,-18.006,-16.48,-17.701,-21.821,-26.856,-30.213,-31.739,-30.061,-27.619,-25.483,-27.619,-28.382,-31.739,-36.012,-40.132,-43.031,-45.32,-46.693,-46.388,-45.93,-44.862,-42.573,-41.963,-40.742,-40.59,-37.538,-33.876,-28.84,-21.973,-14.039,-6.8667,-0,5.9511,9.4607,12.36,19.684,28.687,39.369,44.862,50.356,54.323,61.647,66.836,71.718,77.822,83.926,89.877,92.318,94.455,99.948,103.76,108.19,108.19,109.26,108.34,105.44,101.63,95.828,90.182,87.588,84.994,82.095,75.076,66.988,58.29,50.05,39.521,28.687,18.159,10.834,5.0356,0.91556,-2.7467,-4.12,-7.1718,-6.7141,-6.7141,-4.4252,-2.1363,1.9837,6.1037,11.139,16.175,21.058,24.415,28.077,30.061,32.197,31.587,32.044,32.197,33.723,32.807,34.944,37.08,38.911,39.979,39.216,35.401,31.434,23.347,18.159,12.665,9.9185,4.2726,0.61037,-5.4933,-12.513,-19.837,-25.636,-30.519,-34.639,-38.759,-42.879,-48.83,-52.95,-56.764,-59.206,-62.563,-67.598,-74.16,-82.095,-91.25,-98.27,-105.14,-109.41,-112.31,-109.56,-105.75,-101.78,-99.185,-93.844,-90.182,-86.062,-81.332,-75.686,-70.498,-64.547,-59.664,-53.407,-47.609,-40.284,-33.57,-25.33,-19.532,-15.564,-12.818,-9.003,-5.3407,-4.12,-5.3407,-7.477,-12.97,-18.006,-22.889,-26.246,-30.671,-32.807,-36.012,-41.2,-49.745,-58.138,-65.615,-72.787,-80.264,-83.316,-87.741,-88.656,-90.487,-90.182,-92.166,-93.081,-93.234,-90.64,-90.335,-87.893,-84.536,-77.364,-72.024,-64.241,-60.732,-55.391,-52.797,-48.372,-45.625,-41.353,-39.216,-37.538,-37.233,-35.401,-36.317,-36.622,-40.742,-43.794,-47.456,-46.388,-47.151,-46.846,-49.898,-52.339,-52.644,-49.44,-48.219,-46.541,-45.167,-42.116,-37.69,-30.213,-23.652,-15.564,-10.834,-6.1037,-4.2726,-0.45778,2.1363,3.357,3.357,7.0193,9.9185,12.513,13.276,17.853,18.311,19.684,18.159,20.753,22.431,24.11,21.363,19.074,17.548,17.701,17.243,16.633,15.412,17.396,17.853,20.447,21.363,21.058,20.753,20.447,19.837,19.532,18.616,17.701,16.175,15.717,15.259,17.09,19.379,22.279,23.041,25.025,25.788,28.535,32.655,35.401,37.996,41.047,42.726,46.388,48.372,53.407,56.307,60.884,61.953,61.8,61.19,61.647,60.427,59.969,59.664,59.816,57.527,53.407,45.778,41.505,35.096,30.824,27.161,27.009,24.262,20.6,16.175,12.818,10.224,6.7141,2.2889,0.61037,-2.7467,-7.3244,-12.665,-15.564,-18.311,-21.21,-23.041,-23.652,-21.973,-22.126,-24.262,-25.636,-28.077,-30.366,-32.96,-35.096,-39.674,-41.81,-43.794,-44.404,-43.031,-42.421,-44.099,-46.388,-49.135,-50.661,-54.018,-53.102,-52.339,-49.44,-46.846,-44.404,-41.353,-39.369,-37.843,-37.538,-36.927,-33.723,-30.061,-25.483,-25.025,-24.567,-25.788,-27.924,-31.129,-33.876,-34.333,-33.265,-32.807,-29.145,-27.161,-24.873,-25.636,-25.788,-25.025,-23.652,-22.431,-19.684,-15.87,-14.344,-14.039,-13.276,-14.496,-16.938,-20.142,-20.905,-24.262,-28.687,-32.96,-37.843,-42.116,-48.067,-53.407,-57.68,-60.427,-61.495,-61.953,-59.053,-56.001,-53.865,-52.187,-50.05,-49.135,-46.236,-40.132,-34.028,-27.924,-19.532,-11.597,-3.5096,1.2207,6.4089,9.4607,14.954,20.753,27.924,35.707,43.031,47.456,51.271,52.034,54.476,52.95,50.356,45.778,43.641,41.81,41.658,42.421,44.557,40.895,39.674,39.216,41.963,41.963,43.336,43.336,45.625,47.609,48.83,49.593,55.391,63.478,70.956,75.686,82.4,87.893,97.049,105.29,113.07,122.07,129.09,131.84,133.67,135.04,139.32,141,141.45,138.71,135.96,130.16,125.74,120.7,114.44,106.97,101.02,94.76,88.656,77.67,68.209,57.375,48.83,39.216,31.434,23.347,17.09,13.428,9.3081,4.5778,-1.3733,-10.376,-18.921,-28.687,-34.639,-38.148,-43.489,-50.966,-57.07,-59.816,-60.121,-60.579,-60.427,-59.053,-56.307,-54.17,-52.644,-49.593,-43.184,-37.996,-32.044,-27.619,-24.873,-23.804,-23.194,-21.821,-19.837,-20.295,-19.99,-21.973,-22.126,-22.584,-23.499,-26.246,-30.519,-36.622,-41.505,-45.93,-46.999,-45.625,-45.32,-45.015,-41.047,-36.47,-30.824,-27.161,-24.11,-21.821,-19.684,-18.616,-17.853,-18.006,-15.107,-14.039,-12.513,-12.513,-12.36,-10.987,-8.0874,-3.9674,0.61037,6.5615,11.139,12.97,17.243,21.363,27.467,32.044,39.979,46.999,53.865,59.664,65.615,70.65,77.212,81.942,86.978,90.182,92.776,92.318,93.081,93.692,95.523,96.286,95.676,93.844,90.945,87.588,83.468,77.059,72.024,67.141,66.53,66.378,65.157,61.953,60.274,57.527,56.307,56.459,58.443,59.969,61.647,60.732,61.037,60.121,61.647,61.495,62.41,64.394,68.209,70.04,72.481,74.16,76.601,79.806,86.062,90.182,94.302,94.913,95.218,94.913,94.302,90.487,89.114,88.046,87.588,86.215,87.436,86.825,88.351,86.367,84.689,82.705,82.4,82.705,83.621,85.604,86.52,84.231,80.874,79.501,79.196,74.16,69.887,64.699,60.579,57.07,54.323,49.745,44.252,37.843,30.671,23.499,17.853,11.444,7.9348,3.8148,3.0519,0.61037,-0.30519,-1.8311,-2.5941,-4.4252,-3.357,-0.15259,6.2563,8.6978,12.97,15.87,19.837,20.753,22.736,23.347,24.567,25.636,28.382,29.45,31.129,30.671,32.807,32.96,34.181,33.57,34.333,33.113,30.976,27.924,26.246,23.804,22.889,22.126,25.788,27.161,29.756,29.145,29.756,27.161,25.178,22.889,19.074,14.496,10.987,7.3244,1.3733,-5.7985,-11.139,-19.379,-26.399,-35.859,-42.421,-46.693,-46.846,-45.32,-42.421,-40.132,-38.759,-37.843,-34.639,-31.892,-27.467,-23.347,-17.243,-13.581,-7.477,-1.2207,5.1881,8.5452,12.665,14.801,15.87,13.733,11.139,4.5778,0.61037,-3.6622,-6.1037,-9.1556,-10.529,-10.224,-7.7822,-5.3407,-0.15259,4.7304,12.513,16.785,19.074,17.701,18.769,17.243,14.801,12.36,10.071,9.1556,9.003,8.6978,9.4607,7.3244,8.0874,6.5615,6.8667,6.8667,9.4607,9.9185,12.055,13.428,14.496,14.191,13.733,11.597,9.4607,5.1881,2.5941,-0,0.45778,-2.4415,-2.4415,-2.1363,-0.15259,0.15259,-0.61037,-1.0681,-1.5259,-2.8993,-2.8993,-2.5941,0.76296,1.2207,0.76296,1.5259,4.4252,5.7985,8.0874,9.7659,11.902,12.055,10.681,6.2563,2.5941,-3.5096,-6.5615,-8.6978,-9.6133,-10.529,-11.444,-12.055,-12.207,-14.344,-14.191,-14.649,-14.039,-15.564,-16.175,-16.633,-15.107,-14.191,-14.496,-16.022,-17.396,-21.363,-24.873,-29.756,-31.892,-35.401,-34.181,-34.028,-33.113,-34.639,-34.181,-33.418,-32.35,-31.434,-29.756,-29.756,-26.856,-24.11,-19.99,-19.074,-17.396,-15.564,-13.428,-12.055,-10.376,-9.4607,-8.5452,-10.681,-9.7659,-11.444,-11.902,-13.581,-13.428,-13.276,-12.207,-12.36,-11.902,-10.071,-9.1556,-8.3926,-5.7985,-5.9511,-5.1881,-6.4089,-7.9348,-12.97,-18.464,-21.363,-24.11,-27.619,-29.908,-31.892,-34.181,-37.385,-38.759,-40.59,-40.59,-38.911,-35.554,-32.35,-27.924,-25.636,-22.126,-17.09,-10.987,-6.7141,-1.9837,1.5259,8.3926,13.276,19.684,25.025,30.366,34.333,36.317,35.096,32.96,28.993,27.161,25.33,25.483,23.041,22.431,19.837,17.701,13.428,9.1556,4.4252,-0.30519,-3.8148,-7.3244,-10.071,-14.039,-22.431,-30.366,-39.674,-47.304,-53.865,-58.138,-61.647,-60.884,-60.884,-58.138,-55.696,-51.576,-50.508,-52.644,-56.764,-58.596,-60.732,-58.443,-59.511,-57.375,-57.222,-53.865,-50.966,-50.05,-49.135,-47.609,-46.693,-43.489,-39.064,-32.96,-28.993,-24.262,-22.279,-20.142,-19.837,-18.616,-19.379,-19.074,-18.159,-17.396,-17.548,-17.701,-17.243,-15.107,-14.344,-15.412,-19.227,-20.295,-21.821,-23.194,-24.11,-25.178,-27.467,-29.45,-30.824,-33.265,-37.233,-39.674,-45.32,-46.541,-49.593,-49.898,-50.05,-47.914,-48.524,-52.644,-58.138,-59.206,-60.121,-59.816,-62.563,-63.478,-67.751,-70.803,-77.212,-79.806,-84.536,-85.604,-85.604,-86.367,-87.893,-88.809,-90.182,-90.03,-91.861,-92.929,-96.896,-98.727,-100.71,-100.41,-101.02,-97.812,-94.302,-88.656,-84.689,-83.621,-83.773,-84.689,-87.13,-87.13,-88.351,-86.825,-84.994,-81.942,-81.79,-79.501,-77.364,-72.787,-70.65,-68.361,-69.124,-71.261,-77.059,-79.806,-85.147,-86.978,-89.724,-88.046,-87.588,-88.198,-89.267,-88.198,-87.588,-87.13,-87.741,-86.215,-86.978,-84.536,-84.689,-81.942,-83.316,-83.163,-83.468,-82.858,-82.4,-80.721,-79.501,-74.465,-69.124,-61.19,-56.917,-51.118,-47.456,-41.2,-35.554,-32.197,-30.213,-28.535,-26.856,-27.314,-26.551,-23.804,-22.431,-18.921,-16.633,-14.344,-13.276,-12.97,-13.276,-12.055,-9.6133,-7.3244,-6.8667,-5.9511,-7.1718,-9.003,-11.139,-11.139,-10.529,-9.003,-7.6296,-4.883,-1.0681,3.6622,7.9348,11.597,11.902,12.818,11.444,10.681,9.1556,9.1556,9.003,10.376,12.818,16.785,19.684,25.636,27.009,27.314,23.957,22.584,21.973,24.873,26.704,27.161,27.161,28.23,26.093,22.279,16.938,14.039,12.055,9.3081,5.1881,3.8148,1.9837,-1.5259,-6.2563,-8.5452,-7.7822,-4.12,-0.61037,3.0519,6.2563,11.139,12.36,13.123,15.87,21.058,22.126,21.821,22.279,21.363,18.616,17.243,14.191,10.529,7.9348,7.0193,2.5941,-0.45778,-2.4415,-4.4252,-5.1881,-5.1881,-6.1037,-9.4607,-14.344,-19.074,-28.382,-37.843,-46.083,-50.203,-54.17,-57.985,-64.241,-70.345,-75.381,-80.569,-87.283,-92.318,-98.575,-104.37,-111.39,-116.28,-121.77,-122.84,-121.01,-116.43,-112.92,-108.49,-105.29,-102.08,-100.71,-98.27,-96.896,-95.828,-95.218,-94.76,-93.539,-92.776,-95.065,-93.844,-93.997,-94.913,-98.88,-100.25,-102.69,-103.46,-102.08,-100.1,-96.896,-90.793,-84.689,-77.822,-72.939,-67.904,-66.225,-64.699,-63.021,-60.579,-58.901,-56.764,-54.476,-49.745,-46.236,-41.353,-36.47,-31.739,-27.924,-22.736,-19.227,-17.548,-16.48,-15.259,-17.396,-19.99,-23.957,-24.873,-26.704,-27.924,-29.45,-28.84,-28.382,-27.161,-26.093,-21.21,-20.142,-18.769,-17.548,-11.902,-5.4933,2.1363,8.3926,15.107,21.973,28.993,31.739,34.486,34.181,34.028,32.655,32.807,32.807,35.859,38.301,41.658,43.794,46.846,46.388,45.167,41.505,38.759,35.096,32.35,29.603,30.519,32.044,34.944,36.775,39.827,39.979,42.116,42.268,42.116,40.437,37.843,35.859,36.164,35.707,35.249,32.044,27.314,21.516,16.938,13.428,10.987,8.3926,5.3407,3.0519,0.30519,-1.5259,-1.9837,-6.4089,-12.207,-19.227,-19.837,-20.905,-19.684,-15.107,-10.834,-7.9348,-3.9674,-1.9837,-0.30519,-1.8311,-0.15259,-0.61037,0.61037,2.2889,4.4252,7.3244,9.4607,10.529,10.224,8.5452,9.7659,9.4607,10.224,7.7822,9.003,9.6133,9.003,7.3244,4.883,-0.15259,-4.12,-7.9348,-9.9185,-14.039,-18.464,-24.262,-29.908,-36.622,-43.031,-51.271,-57.07,-63.478,-65.615,-65.004,-63.784,-64.852,-67.751,-70.193,-71.261,-71.413,-70.04,-69.582,-66.378,-64.699,-61.037,-58.901,-57.07,-54.933,-51.881,-48.372,-44.252,-40.742,-36.012,-34.028,-31.434,-28.84,-25.025,-21.058,-17.548,-14.496,-10.529,-6.2563,-0.91556,3.0519,6.4089,7.9348,10.071,11.292,13.581,14.954,14.801,13.123,9.9185,4.4252,-0.91556,-9.003,-16.48,-24.11,-31.434,-39.064,-46.236,-52.492,-58.443,-63.478,-67.598,-70.345,-69.735,-68.514,-64.699,-59.969,-50.966,-43.641,-35.554,-25.788,-11.292,1.6785,11.902,25.33,40.59,54.476,67.141,77.059,87.893,96.133,107.43,117.95,127.57,136.57,145.12,150.76,156.25,162.05,168.92,171.36,175.02,176.85,177.92,175.79,173.35,170.75,168.61,164.49,159.76,153.81,149.39,144.2,142.22,138.4,136.11,132.45,128.03,120.09,110.32,101.63,94.76,88.351,82.4,74.923,70.345,65.615,63.478,60.274,60.427,63.173,66.988,68.819,72.024,75.533,79.501,82.553,86.52,89.267,92.471,93.844,98.727,103,106.05,109.26,111.7,112.61,113.53,112.31,111.24,109.1,107.73,104.37,102.69,100.71,98.575,94.76,90.03,82.705,77.67,73.092,69.582,62.868,58.443,52.644,49.287,44.862,42.573,39.827,36.622,34.333,35.707,36.775,39.827,41.505,43.947,45.015,46.999,46.846,46.693,48.677,53.56,56.917,60.121,61.342,65.92,70.04,75.381,79.501,84.078,89.419,93.387,94.913,95.676,98.117,101.63,104.83,109.1,111.24,112.61,108.34,103.76,97.659,92.471,86.978,81.942,75.686,71.413,66.225,64.547,61.647,62.105,61.342,60.884,59.511,59.816,59.816,60.274,60.884,61.495,61.647,61.342,58.596,56.459,51.881,50.508,48.677,50.661,50.966,52.492,52.034,49.898,46.693,44.71,41.963,38.453,32.35,30.213,27.772,28.84,29.45,29.908,27.619,24.11,19.837,18.311,17.396,19.227,20.6,21.973,21.363,22.431,21.973,24.415,25.33,26.551,26.704,27.009,27.467,29.756,31.739,34.333,35.249,37.08,38.148,39.827,41.658,46.999,48.982,50.356,51.729,54.628,55.086,56.764,58.29,62.563,63.326,63.478,59.969,57.985,55.544,54.628,52.339,49.44,44.862,41.505,37.843,35.096,31.129,30.061,28.84,28.84,26.856,26.551,24.415,23.347,22.889,22.279,20.6,20.753,21.058,22.736,23.347,28.993,32.96,36.164,36.622,36.927,35.859,34.639,34.639,35.859,35.554,35.401,32.807,30.213,27.009,25.178,24.262,22.736,21.058,19.074,14.649,9.3081,3.8148,-0.45778,-7.0193,-12.207,-18.311,-24.567,-31.129,-36.775,-42.268,-45.93,-49.44,-51.881,-53.102,-51.881,-53.865,-53.407,-53.865,-53.102,-52.187,-48.372,-43.336,-38.911,-37.538,-35.096,-34.486,-32.96,-32.502,-30.824,-32.807,-32.96,-34.181,-35.707,-40.132,-45.015,-48.067,-48.982,-49.44,-49.44,-53.255,-55.086,-57.985,-60.121,-61.647,-59.816,-60.121,-61.342,-62.41,-62.563,-64.394,-64.089,-63.478,-63.173,-63.326,-60.274,-58.29,-55.391,-55.086,-54.781,-54.628,-52.797,-51.271,-48.524,-45.32,-42.879,-40.59,-36.927,-34.944,-33.876,-33.418,-29.756,-27.619,-27.924,-28.84,-31.434,-36.622,-40.742,-44.557,-43.794,-43.336,-41.963,-39.216,-34.944,-31.587,-25.788,-20.905,-17.853,-16.175,-15.259,-14.039,-10.071,-7.477,-3.6622,-3.0519,2.1363,5.9511,7.9348,9.003,10.681,10.071,7.9348,4.2726,4.5778,1.9837,1.2207,-1.6785,-3.0519,-5.1881,-5.4933,-7.3244,-9.9185,-11.75,-13.123,-17.853,-22.126,-29.603,-34.486,-39.979,-41.2,-41.81,-40.437,-40.132,-41.81,-43.794,-44.557,-44.404,-41.81,-39.216,-34.639,-32.044,-27.619,-23.804,-17.548,-10.987,-2.8993,4.4252,12.055,17.396,21.821,25.636,30.671,31.129,29.908,24.72,22.126,20.447,18.159,16.022,12.818,7.3244,0.61037,-3.357,-2.1363,-2.2889,-0.45778,-0.15259,2.1363,4.883,9.3081,11.292,16.48,21.821,26.551,28.687,31.587,29.756,29.756,28.84,28.993,24.873,20.295,14.801,11.139,7.477,5.1881,1.5259,-2.1363,-7.1718,-10.224,-11.75,-7.9348,-6.4089,-5.1881,-4.7304,-3.357,-4.2726,-5.3407,-6.4089,-6.5615,-9.003,-11.444,-15.259,-15.564,-16.938,-18.311,-20.753,-19.837,-18.616,-15.107,-12.665,-7.7822,-4.883,-0,1.6785,4.883,5.0356,4.4252,3.2044,4.7304,6.5615,6.5615,4.5778,3.5096,1.3733,-1.3733,-6.8667,-10.376,-14.496,-17.09,-19.837,-21.516,-25.33,-27.772,-29.908,-30.366,-30.976,-30.213,-31.434,-32.807,-35.249,-34.486,-36.164,-38.453,-40.895,-40.742,-40.437,-36.927,-32.807,-27.619,-25.788,-23.347,-22.736,-21.058,-19.99,-17.853,-13.886,-9.7659,-6.5615,-2.4415,-1.2207,-0.91556,-1.2207,-0.15259,-0.91556,-0.30519,-1.6785,-3.0519,-6.1037,-8.3926,-10.681,-15.412,-22.279,-23.957,-28.23,-32.197,-38.453,-42.116,-46.388,-51.118,-57.07,-61.19,-63.936,-64.241,-62.716,-59.969,-56.459,-53.407,-52.492,-52.034,-53.865,-53.407,-50.508,-45.167,-40.132,-35.249,-29.145,-24.415,-21.516,-19.99,-21.363,-22.736,-24.873,-24.262,-23.957,-23.652,-23.194,-21.058,-18.159,-17.548,-18.311,-17.396,-17.548,-17.09,-18.616,-18.006,-17.396,-16.785,-18.159,-17.243,-15.717,-15.107,-13.581,-13.123,-12.513,-9.6133,-6.5615,-2.7467,-1.8311,-1.0681,-0,3.5096,7.0193,9.9185,12.36,16.48,20.142,27.924,37.385,47.151,53.407,59.358,62.716,64.089,62.258,59.511,55.086,50.508,46.999,44.557,40.895,37.996,35.249,33.418,28.23,22.126,15.412,7.3244,-2.7467,-11.75,-19.532,-27.161,-32.655,-34.486,-38.301,-41.2,-43.794,-45.32,-45.93,-42.726,-39.216,-35.096,-28.993,-23.652,-17.396,-10.987,-6.4089,-0.91556,1.9837,7.1718,12.207,19.837,25.483,30.366,33.723,37.385,40.742,43.336,43.489,43.184,38.759,35.707,30.213,26.704,21.363,16.938,11.597,7.1718,4.5778,3.5096,0.30519,-2.2889,-5.0356,-6.7141,-8.8504,-9.4607,-10.681,-10.529,-11.597,-11.902,-11.444,-8.5452,-4.883,-0.15259,2.5941,6.7141,10.681,15.259,18.464,24.72,28.077,31.892,33.418,34.333,33.113,32.655,31.281,31.892,31.587,33.876,34.791,37.538,38.301,41.353,42.879,46.083,48.524,51.881,54.781,57.985,60.121,63.326,63.326,64.852,63.936,62.868,59.969,57.222,53.407,52.339,50.813,48.83,45.625,42.268,36.012,29.756,21.821,15.564,7.3244,2.8993,-2.1363,-7.9348,-14.801,-22.889,-31.739,-39.369,-46.541,-50.661,-54.933,-57.985,-61.647,-64.699,-67.904,-71.413,-74.007,-74.16,-70.803,-65.31,-57.07,-47.914,-40.437,-33.113,-31.129,-29.145,-28.382,-28.535,-28.687,-29.145,-29.756,-28.687,-27.314,-24.567,-26.246,-26.856,-27.619,-26.704,-26.856,-26.093,-25.636,-26.246,-27.467,-29.145,-29.603,-28.687,-25.941,-20.753,-15.87,-10.224,-6.7141,-2.4415,-0.76296,-0,-0,-0.45778,-1.2207,-3.6622,-6.2563,-7.9348,-10.071,-10.071,-10.376,-7.1718,-7.477,-7.9348,-11.444,-14.191,-21.363,-28.993,-35.401,-38.911,-42.573,-43.184,-44.252,-42.116,-42.421,-39.674,-37.996,-32.655,-28.84,-22.736,-18.464,-12.665,-6.8667,-0.15259,7.1718,11.292,14.344,17.853,20.447,21.516,21.821,23.804,24.262,27.009,29.298,30.213,31.434,34.944,36.775,38.148,37.08,35.859,31.434,29.298,24.72,22.736,18.311,16.48,14.039,12.665,10.224,9.003,6.1037,2.5941,-2.8993,-6.2563,-9.3081,-11.75,-16.175,-20.142,-25.025,-28.993,-30.519,-28.993,-27.161,-24.873,-22.889,-21.21,-20.6,-17.243,-17.396,-16.327,-14.954,-11.75,-9.7659,-8.24,-8.5452,-7.9348,-8.8504,-8.3926,-7.477,-5.7985,-6.1037,-4.2726,-2.1363,-0.76296,-1.9837,-2.5941,-2.2889,-2.2889,-3.6622,-3.2044,-2.8993,-1.5259,-0.61037,3.5096,5.4933,6.1037,7.6296,8.5452,7.9348,6.7141,5.7985,5.7985,5.0356,5.7985,4.883,5.3407,4.5778,8.5452,9.4607,7.9348,3.9674,-1.5259,-6.1037,-8.0874,-13.581,-19.074,-26.551,-31.434,-38.148,-43.336,-46.846,-48.067,-48.524,-48.219,-48.219,-48.83,-50.203,-48.982,-46.846,-41.81,-38.759,-36.927,-37.08,-36.927,-38.759,-43.641,-50.966,-56.154,-58.443,-61.19,-64.547,-65.92,-70.04,-71.108,-72.329,-73.55,-76.601,-77.975,-80.416,-82.858,-84.536,-87.741,-92.776,-93.539,-94.607,-94.913,-95.523,-93.844,-96.286,-95.676,-95.218,-93.692,-93.234,-92.624,-91.861,-87.588,-84.689,-79.043,-73.397,-65.615,-61.19,-56.154,-50.356,-45.778,-41.658,-37.233,-32.044,-25.941,-21.668,-15.107,-10.529,-3.6622,1.6785,6.7141,11.139,16.938,21.516,25.483,28.535,30.824,32.197,33.418,32.502,33.113,31.739,31.129,29.908,30.824,31.281,31.434,29.908,30.213,31.281,33.113,34.028,35.707,35.707,37.843,38.759,39.369,37.69,37.233,33.876,31.281,29.145,30.213,30.671,30.061,28.687,28.23,25.788,23.957,19.684,16.633,14.039,12.818,12.818,11.139,8.24,4.5778,-0,-2.1363,-3.0519,-1.0681,-1.5259,-1.9837,-3.357,-2.8993,-0.45778,2.1363,5.3407,9.4607,12.207,14.191,15.107,14.649,13.123,13.581,14.344,16.938,18.616,20.6,24.567,27.467,29.756,31.739,33.265,37.538,42.116,46.236,48.067,51.729,54.323,57.985,62.258,65.31,68.209,71.566,74.923,78.28,79.348,81.179,82.4,84.841,84.078,84.384,83.163,83.773,82.858,81.942,79.806,78.89,75.686,72.176,66.988,64.547,60.427,56.154,49.745,46.693,41.963,39.521,37.08,37.843,39.521,41.353,42.268,45.93,48.677,52.797,53.865,54.476,53.255,52.95,52.797,53.255,53.407,52.339,48.982,45.778,41.2,39.369,34.944,32.35,29.603,28.84,29.908,31.892,32.96,33.57,33.113,32.96,32.807,34.181,32.502,31.892,28.687,27.467,25.483,25.788,23.499,19.99,14.496,11.292,9.6133,7.0193,5.0356,3.6622,1.2207,-0,-1.0681,0.45778,0.91556,3.0519,5.0356,9.003,12.207,16.022,19.074,23.347,24.873,27.924,30.366,34.486,36.012,39.674,42.268,44.252,45.625,48.219,50.966,53.865,55.086,57.222,58.29,61.342,60.579,60.732,59.206,57.375,54.933,52.034,49.287,46.236,43.794,42.726,37.843,32.807,24.873,19.227,12.665,7.1718,3.0519,-1.3733,-5.6459,-9.4607,-16.175,-21.516,-27.772,-30.213,-34.181,-36.927,-39.216,-38.911,-39.369,-40.59,-41.963,-41.353,-39.979,-39.064,-39.369,-35.859,-32.96,-28.077,-25.941,-23.652,-21.973,-20.753,-19.379,-17.548,-17.243,-17.09,-19.074,-19.684,-21.516,-21.821,-21.668,-20.6,-20.295,-21.058,-23.041,-24.11,-27.314,-29.908,-33.265,-34.791,-37.996,-38.759,-40.59,-40.742,-39.521,-39.216,-39.827,-40.437,-41.505,-41.81,-41.047,-37.69,-36.012,-33.113,-30.061,-25.636,-22.126,-17.243,-11.75,-4.4252,1.9837,10.529,19.074,29.45,36.164,42.726,46.083,51.881,55.544,59.511,62.105,65.462,67.141,69.887,71.413,72.481,70.956,71.108,69.582,68.972,66.53,63.936,61.037,58.901,55.849,55.086,54.628,54.781,54.17,57.222,58.748,62.563,64.394,66.073,64.547,65.462,66.53,66.988,64.852,61.953,58.29,55.544,50.813,48.372,45.778,43.336,37.843,34.791,33.418,33.57,32.807,31.434,29.298,27.467,24.415,21.821,16.633,13.886,9.1556,3.9674,-4.12,-10.681,-18.311,-25.941,-32.197,-37.385,-41.505,-43.794,-46.999,-50.813,-53.407,-53.713,-55.696,-57.68,-58.29,-56.764,-54.628,-54.476,-57.07,-56.459,-54.476,-50.356,-50.05,-47.151,-46.083,-43.336,-42.268,-39.827,-38.911,-37.08,-33.418,-28.84,-24.873,-21.973,-18.921,-15.412,-12.36,-10.224,-9.003,-6.5615,-6.1037,-5.4933,-7.477,-8.3926,-10.681,-14.039,-17.09,-19.074,-19.227,-19.227,-20.905,-21.516,-24.873,-28.23,-32.197,-36.164,-41.658,-46.083,-49.898,-52.492,-54.933,-55.391,-53.255,-51.576,-52.492,-52.492,-54.933,-55.544,-56.764,-56.307,-56.154,-54.323,-51.118,-48.219,-45.778,-43.641,-40.742,-36.012,-30.366,-24.262,-21.058,-17.243,-13.276,-7.1718,-2.1363,5.0356,10.071,12.665,15.564,18.006,18.616,19.227,19.837,22.431,22.126,24.415,24.567,26.399,27.467,29.756,30.976,32.197,33.265,34.333,33.113,30.061,26.704,25.025,20.753,19.379,16.022,13.733,11.292,8.24,4.7304,2.2889,-0.45778,-2.5941,-5.6459,-6.5615,-7.9348,-6.1037,-6.8667,-9.6133,-12.055,-12.513,-13.581,-13.428,-13.581,-12.513,-11.292,-10.224,-9.003,-7.477,-7.477,-5.7985,-4.2726,-3.5096,-7.3244,-11.444,-13.276,-15.107,-18.921,-21.973,-25.788,-29.145,-33.57,-35.096,-37.996,-39.521,-43.641,-44.252,-45.32,-45.32,-46.236,-46.541,-46.236,-44.252,-41.81,-39.827,-41.353,-41.81,-43.489,-43.031,-42.268,-39.674,-36.927,-32.35,-29.603,-29.298,-31.129,-31.739,-31.892,-29.603,-29.145,-26.704,-26.093,-23.957,-25.788,-29.145,-33.418,-34.639,-37.843,-39.827,-42.879,-44.71,-46.236,-45.93,-47.304,-46.846,-47.609,-47.456,-50.661,-52.797,-57.07,-59.053,-62.563,-64.089,-65.767,-67.141,-69.735,-72.024,-73.855,-72.634,-73.244,-72.634,-73.397,-71.871,-71.871,-71.261,-71.261,-70.956,-71.566,-72.787,-73.702,-71.413,-69.735,-65.92,-63.631,-58.748,-55.238,-49.287,-42.116,-34.791,-27.619,-16.938,-5.9511,4.883,11.444,20.6,27.161,36.47,43.336,50.966,55.696,60.274,64.394,66.988,70.04,73.55,77.212,79.653,80.721,82.247,82.858,83.773,83.316,82.553,82.705,82.858,83.01,85.147,85.452,86.062,86.062,86.978,87.741,87.13,83.01,81.637,78.738,75.686,72.787,70.803,68.361,67.446,66.225,65.004,64.547,64.699,63.784,64.852,66.988,70.345,70.498,70.193,67.141,66.225,65.767,66.378,67.598,69.124,69.43,68.056,67.141,66.683,66.225,67.598,69.887,72.939,74.77,77.212,79.348,80.569,80.874,82.705,85.299,88.809,93.844,96.896,98.422,99.338,99.033,99.033,95.065,92.624,89.724,87.588,84.994,83.316,80.416,76.754,73.244,68.667,64.241,61.037,56.612,53.56,49.898,46.083,41.047,37.08,32.807,28.993,22.584,16.938,12.97,7.6296,4.12,1.2207,0.15259,-0.15259,-1.5259,-1.6785,-3.5096,-2.8993,-3.2044,-0.76296,2.7467,4.7304,3.9674,3.5096,5.4933,8.3926,10.681,12.818,13.886,16.327,17.548,19.074,19.837,20.142,18.616,17.701,16.022,12.818,9.9185,5.9511,1.0681,-2.5941,-6.2563,-7.3244,-9.6133,-12.665,-13.733,-12.97,-12.055,-11.139,-10.681,-10.681,-12.207,-14.649,-17.396,-18.311,-18.159,-17.548,-20.6,-24.262,-29.298,-34.181,-38.148,-40.895,-46.236,-52.644,-57.375,-60.274,-63.784,-66.53,-72.176,-76.296,-81.484,-82.553,-84.536,-83.621,-83.926,-84.689,-86.673,-85.91,-85.299,-84.384,-85.147,-84.384,-86.825,-87.436,-88.656,-84.078,-80.569,-76.144,-72.481,-69.277,-65.767,-62.105,-60.732,-61.037,-61.953,-60.579,-61.19,-60.579,-62.868,-64.852,-66.836,-68.056,-68.972,-68.209,-67.141,-64.699,-62.868,-58.596,-57.222,-55.238,-55.086,-54.323,-56.459,-58.138,-59.511,-59.206,-59.511,-59.816,-61.8,-61.037,-62.258,-61.342,-63.021,-62.868,-65.31,-67.293,-69.43,-69.735,-68.819,-67.293,-64.089,-58.596,-57.07,-54.628,-55.086,-53.102,-53.102,-51.118,-50.813,-48.677,-45.167,-41.81,-39.827,-37.538,-36.622,-34.486,-34.944,-34.791,-40.284,-44.099,-46.999,-48.372,-49.287,-48.982,-49.898,-48.372,-46.541,-42.268,-38.606,-31.892,-28.687,-22.584,-19.99,-17.396,-16.327,-14.344,-12.665,-12.665,-12.818,-13.123,-14.801,-14.344,-14.191,-10.681,-9.3081,-6.1037,-5.0356,-3.6622,-3.8148,-3.8148,-4.12,-6.4089,-9.7659,-8.8504,-8.24,-7.477,-9.4607,-9.1556,-8.8504,-8.3926,-8.5452,-10.376,-12.97,-14.344,-15.564,-16.633,-18.464,-16.48,-15.717,-14.954,-17.396,-17.853,-17.701,-16.633,-15.564,-14.039,-12.97,-12.055,-11.444,-7.7822,-5.4933,-0.30519,5.9511,11.597,15.564,20.447,25.636,29.603,34.791,38.606,39.521,41.2,42.573,44.404,44.404,45.167,43.794,44.557,44.557,44.252,42.726,41.505,40.437,41.963,42.268,41.81,39.369,38.606,36.622,36.317,37.385,39.064,40.59,41.047,41.047,39.979,38.759,36.317,33.113,32.35,30.976,29.603,25.178,22.584,20.295,20.142,21.821,22.126,20.6,17.548,11.902,6.7141,0.91556,-3.0519,-7.477,-11.597,-16.938,-21.973,-24.262,-27.619,-30.976,-32.044,-33.57,-33.723,-34.791,-32.655,-33.876,-31.434,-30.061,-28.687,-28.993,-29.45,-32.807,-37.233,-39.674,-40.284,-41.963,-41.047,-43.031,-43.031,-44.557,-45.473,-46.999,-46.236,-45.778,-46.999,-50.813,-52.492,-53.255,-52.187,-51.576,-47.761,-46.541,-45.93,-46.083,-45.015,-45.625,-46.236,-47.609,-47.914,-46.236,-43.641,-42.268,-38.759,-36.927,-34.791,-33.57,-31.587,-30.366,-28.23,-25.178,-23.499,-24.262,-25.025,-24.873,-26.856,-30.824,-32.197,-34.181,-34.333,-34.486,-36.012,-37.233,-37.08,-36.775,-34.944,-34.486,-31.281,-27.924,-24.11,-23.347,-21.668,-21.058,-19.684,-18.464,-18.006,-18.921,-19.837,-20.905,-21.363,-21.21,-16.327,-11.597,-8.5452,-5.3407,-4.7304,-4.883,-4.883,-4.883,-4.2726,-4.5778,-5.0356,-7.6296,-7.7822,-7.6296,-6.2563,-5.4933,-4.883,-4.4252,-3.6622,-1.9837,1.8311,4.883,8.3926,9.7659,11.292,11.139,11.902,9.7659,8.5452,10.071,12.207,11.902,12.207,12.818,12.207,8.8504,5.9511,4.7304,5.0356,6.8667,9.6133,13.428,17.243,21.21,25.636,28.077,27.467,26.093,25.788,25.636,26.399,23.499,22.584,19.837,17.548,14.191,11.139,6.4089,3.5096,1.0681,0.61037,-1.2207,0.45778,1.5259,4.7304,5.7985,8.24,8.24,7.0193,5.4933,6.4089,7.1718,8.6978,9.6133,10.987,12.97,17.548,19.227,23.041,23.652,24.415,21.363,20.6,19.837,22.736,27.772,34.028,40.132,46.083,47.456,48.067,46.999,47.304,45.473,47.304,48.982,52.034,52.644,54.018,55.849,60.732,66.378,73.092,77.212,81.179,83.773,84.994,82.858,80.721,79.806,81.79,83.316,86.52,91.098,94.913,96.133,94.455,93.081,92.471,90.335,88.809,86.825,86.978,87.283,86.978,84.841,84.384,83.468,82.858,84.689,87.283,87.283,88.656,89.419,89.724,87.588,89.267,86.978,85.91,84.078,86.062,86.367,87.13,87.283,87.436,85.452,78.28,71.261,64.241,58.443,55.086,50.203,46.083,43.489,42.879,39.827,36.775,33.113,31.129,29.45,27.314,23.194,19.227,16.327,14.801,11.902,10.224,7.1718,4.2726,0.30519,-0.61037,-1.2207,0.30519,1.9837,3.8148,3.2044,3.8148,6.8667,13.276,16.327,20.447,24.567,30.824,33.723,38.759,42.116,45.015,47.151,46.999,46.693,46.083,45.625,45.778,45.015,45.167,43.184,45.473,45.015,44.71,40.895,40.59,40.59,42.268,41.353,41.2,40.742,41.505,39.521,37.385,34.333,34.639,33.723,34.028,31.129,29.908,28.077,27.772,25.025,23.194,21.668,20.6,20.447,22.584,23.194,23.194,20.447,16.938,10.681,4.7304,-1.9837,-8.0874,-14.191,-18.616,-25.178,-31.129,-38.301,-42.116,-48.524,-52.339,-56.154,-55.849,-57.375,-56.459,-56.307,-55.086,-54.018,-51.424,-51.424,-50.356,-48.677,-44.71,-44.252,-41.505,-39.674,-37.538,-39.979,-43.031,-47.609,-49.745,-53.865,-57.527,-61.8,-65.615,-70.345,-73.702,-78.738,-83.163,-88.656,-92.318,-97.201,-102.69,-108.19,-112.31,-116.89,-119.79,-122.07,-124.82,-128.33,-129.09,-130.16,-128.48,-126.5,-124.21,-122.07,-119.17,-115.36,-110.63,-104.53,-97.354,-92.624,-88.198,-85.757,-81.179,-80.111,-76.601,-72.176,-65.767,-59.816,-53.407,-48.677,-41.658,-36.47,-30.061,-26.399,-20.753,-17.09,-15.87,-17.396,-18.006,-18.006,-14.496,-13.733,-11.597,-10.834,-7.7822,-7.7822,-7.0193,-5.3407,-2.2889,-2.2889,-2.8993,-3.0519,-1.2207,-0.76296,0.15259,-1.3733,-1.6785,-2.2889,-0.45778,2.7467,6.7141,9.7659,15.412,20.753,29.145,35.249,43.184,48.219,53.407,56.764,60.732,64.089,67.141,70.65,74.465,76.449,79.043,79.501,81.484,82.858,85.757,85.757,87.588,91.098,94.302,96.591,98.422,99.796,103.15,105.14,110.17,113.83,119.94,125.89,131.69,137.49,143.74,148.47,155.03,160.99,168.92,174.26,179.45,181.74,185.25,187.23,189.06,190.44,190.44,189.67,190.74,191.05,191.96,190.89,190.74,189.06,189.37,188.76,189.67,189.98,190.44,189.98,189.83,188.6,188.91,186.32,184.79,183.42,183.87,184.64,186.47,186.77,186.47,185.4,184.03,182.96,183.42,182.65,183.72,183.57,184.33,182.96,181.74,181.59,182.35,183.11,184.33,183.57,183.26,181.43,181.59,180.21,179.45,180.52,180.21,180.97,182.65,183.57,184.79,184.79,185.71,185.55,187.23,187.54,187.84,188.3,190.74,193.33,195.32,197.76,201.12,201.42,202.64,202.49,202.34,201.73,202.34,202.03,201.12,199.59,198.52,196.39,194.25,189.98,187.84,185.09,182.96,180.21,177.16,173.96,171.36,167.7,163.43,158.24,154.58,149.69,145.42,139.62,135.04,127.87,121.16,115.82,112.77,109.87,106.2,101.17,97.049,93.539,92.776,90.487,90.03,88.504,86.215,83.163,79.806,76.754,73.702,71.108,70.193,66.53,63.478,57.375,52.797,49.593,47.151,43.489,39.521,34.028,28.077,22.126,17.396,10.681,5.7985,-1.8311,-10.681,-20.447,-27.924,-33.876,-39.827,-47.151,-52.034,-55.544,-59.664,-63.936,-66.225,-70.65,-72.176,-74.16,-74.465,-75.381,-74.465,-74.313,-73.244,-72.024,-69.887,-69.582,-70.498,-72.634,-71.108,-70.04,-66.988,-64.699,-60.884,-59.816,-58.596,-59.664,-61.495,-63.784,-65.31,-65.615,-66.225,-68.361,-66.836,-66.378,-66.073,-68.514,-70.345,-72.481,-74.16,-75.381,-76.296,-78.127,-79.501,-81.79,-82.4,-83.773,-80.721,-78.89,-75.076,-71.871,-66.225,-61.953,-57.375,-52.034,-45.015,-41.2,-37.08,-33.57,-28.077,-24.873,-18.159,-11.292,-5.6459,-1.3733,0.76296,1.6785,1.3733,1.2207,1.5259,-1.0681,-1.6785,-1.9837,-1.9837,-4.12,-3.0519,-4.2726,-6.4089,-8.6978,-10.376,-13.428,-15.107,-17.701,-18.311,-21.21,-22.584,-28.382,-33.876,-41.047,-48.067,-56.154,-61.953,-66.988,-72.329,-78.738,-83.468,-87.436,-89.419,-94.607,-97.964,-102.69,-105.14,-106.36,-106.2,-107.58,-107.88,-108.8,-108.95,-108.8,-108.34,-111.24,-114.14,-118.11,-120.09,-121.46,-121.92,-123.29,-125.43,-128.64,-131.53,-136.42,-137.49,-138.25,-137.18,-137.64,-138.4,-140.39,-141.45,-143.13,-144.66,-146.95,-146.49,-144.66,-140.84,-138.1,-132.15,-127.57,-123.14,-120.09,-116.89,-113.99,-111.09,-107.73,-103.92,-101.32,-97.812,-95.828,-91.556,-88.961,-85.757,-82.858,-79.501,-76.601,-75.228,-77.212,-78.127,-79.348,-77.975,-78.738,-78.89,-81.637,-80.569,-81.942,-82.553,-84.689,-86.673,-88.656,-88.351,-88.046,-86.52,-86.367,-86.215,-87.436,-86.215,-87.13,-88.961,-89.877,-86.673,-81.637,-76.449,-72.787,-68.819,-66.988,-63.631,-61.8,-59.511,-58.29,-55.238,-52.95,-50.661,-48.067,-45.32,-42.268,-36.164,-29.45,-20.753,-14.801,-8.6978,-3.357,1.2207,4.4252,6.8667,8.24,8.6978,7.7822,9.7659,9.003,11.444,13.123,18.616,23.957,29.145,32.655,36.012,37.538,40.59,42.879,46.999,52.034,58.138,64.089,71.566,77.975,83.926,87.13,88.961,89.572,90.64,91.861,93.387,91.556,92.471,92.166,90.793,90.182,91.098,91.25,93.539,96.744,102.08,103.76,104.83,104.07,104.83,107.12,110.02,114.6,119.63,122.84,126.35,127.57,131.08,134.59,138.55,139.77,139.62,139.77,140.39,138.55,135.35,132.45,131.69,130.77,131.23,128.79,125.28,118.87,115.36,110.78,104.83,97.659,89.724,82.4,77.822,73.702,70.04,66.988,64.547,62.105,60.884,60.274,61.953,62.41,65.92,70.04,72.939,75.228,76.144,75.838,75.686,73.55,72.634,68.972,67.904,64.547,62.868,61.342,58.138,55.696,52.187,48.83,46.388,43.031,40.742,37.996,38.759,38.759,40.437,40.895,42.879,46.236,49.898,55.086,60.274,63.784,66.53,67.751,71.261,73.092,74.465,73.397,76.296,79.806,82.858,82.705,81.179,77.822,74.313,68.514,63.173,56.917,51.271,43.336,38.148,33.57,31.129,28.993,25.025,19.532,15.107,10.529,5.4933,-0.61037,-1.9837,-3.2044,-5.0356,-8.24,-13.276,-17.396,-23.499,-30.824,-37.233,-45.625,-51.576,-59.511,-63.784,-68.514,-71.871,-77.67,-84.689,-90.945,-95.218,-100.41,-105.75,-113.22,-119.48,-126.5,-128.64,-130.62,-130.16,-131.99,-134.89,-137.64,-139.62,-141.45,-143.28,-145.42,-146.03,-148.17,-148.63,-149.85,-151.07,-153.2,-153.05,-152.13,-152.59,-153.97,-153.05,-150,-145.88,-144.05,-140.08,-137.94,-135.04,-133.06,-128.94,-125.74,-122.53,-121.31,-120.24,-120.55,-117.65,-115.82,-112.16,-110.93,-106.81,-103.76,-101.47,-100.56,-99.643,-101.47,-102.69,-103.31,-101.47,-102.54,-103,-105.9,-105.9,-106.51,-107.88,-110.48,-113.38,-118.56,-123.91,-130.01,-133.37,-137.03,-137.49,-138.71,-137.64,-138.4,-139.62,-140.54,-141.61,-141.91,-142.06,-139.16,-133.98,-128.79,-124.21,-122.84,-122.23,-122.99,-124.21,-125.43,-127.41,-129.09,-130.62,-131.53,-131.08,-131.08,-130.16,-130.62,-130.62,-131.69,-130.92,-129.55,-128.48,-126.65,-123.45,-120.4,-118.56,-117.95,-116.28,-117.34,-116.12,-116.73,-115.82,-116.89,-114.9,-114.6,-112.61,-111.39,-108.65,-107.58,-103.46,-98.422,-89.877,-84.384,-78.433,-74.465,-67.904,-63.478,-58.748,-54.933,-51.118,-48.982,-45.625,-44.099,-43.489,-44.71,-43.947,-47.609,-49.287,-52.187,-51.729,-52.95,-52.034,-54.628,-56.917,-58.901,-58.596,-56.764,-51.729,-48.982,-46.846,-46.541,-43.947,-40.437,-36.622,-34.181,-31.434,-27.924,-24.262,-21.516,-19.684,-17.396,-15.564,-15.259,-13.428,-13.886,-11.902,-9.7659,-7.477,-6.8667,-6.8667,-7.3244,-7.7822,-7.3244,-6.8667,-7.3244,-8.0874,-10.529,-12.513,-16.938,-19.99,-23.194,-22.279,-24.415,-23.499,-22.584,-19.532,-19.837,-20.905,-22.584,-22.126,-22.889,-20.447,-19.837,-17.09,-15.87,-12.055,-9.3081,-5.4933,-2.7467,-0,2.2889,7.1718,11.75,18.006,20.447,23.957,26.704,31.587,32.96,36.012,36.927,38.301,39.979,41.658,43.489,45.32,47.609,49.745,51.576,54.018,53.713,52.339,51.881,52.034,48.677,47.456,47.151,47.914,47.761,45.473,42.879,41.353,41.047,44.862,44.71,46.236,47.151,50.661,53.255,56.001,57.833,61.037,63.021,67.598,71.871,79.043,84.536,90.945,95.218,98.575,99.033,99.49,101.63,104.07,107.27,110.78,113.99,117.04,118.72,122.23,124.67,128.03,128.79,127.41,124.52,120.85,115.82,111.39,106.2,102.24,97.201,93.844,91.403,89.724,87.13,87.741,89.877,92.318,94.455,97.812,101.02,103.61,105.44,107.73,107.58,109.71,110.78,114.44,116.73,118.87,120.4,122.23,123.14,125.28,126.19,128.79,130.62,134.89,137.03,139.47,140.08,140.84,139.16,136.42,131.23,127.41,123.91,120.55,118.72,117.34,114.14,112.61,109.87,108.95,107.73,108.49,109.87,112.77,114.9,116.89,118.26,119.79,120.09,119.48,117.19,115.97,112.46,111.7,110.78,110.78,110.48,110.32,110.32,110.78,112.31,115.36,116.73,118.72,119.94,121.16,119.63,118.26,113.83,111.24,109.26,107.88,107.73,108.65,109.1,109.41,108.49,109.87,108.95,108.19,105.75,105.29,104.22,104.37,103.76,106.05,108.95,110.63,111.55,111.85,112.46,114.14,114.29,117.95,120.7,123.75,124.67,124.36,125.28,126.5,126.04,125.89,126.65,128.79,128.18,127.11,124.67,123.75,120.55,117.19,112.77,108.04,102.69,96.438,90.793,86.825,78.738,72.024,64.699,59.206,54.781,51.729,46.693,41.81,37.996,36.47,34.333,30.519,28.23,25.941,22.126,18.464,12.36,8.3926,4.4252,0.61037,-2.7467,-6.7141,-12.97,-20.447,-28.993,-37.233,-49.135,-58.443,-68.361,-75.228,-84.689,-94.455,-101.93,-109.26,-120.4,-128.94,-132.3,-128.94,-126.19,-122.99,-123.29,-124.21,-127.26,-128.18,-129.4,-127.72,-123.14,-116.89,-113.07,-109.87,-109.71,-108.19,-108.34,-105.44,-104.37,-103.46,-102.85,-101.93,-100.1,-97.964,-95.828,-91.403,-85.604,-77.364,-69.735,-60.274,-53.407,-45.778,-40.132,-30.519,-21.821,-13.123,-5.9511,1.2207,8.3926,15.107,18.616,22.889,26.704,30.519,31.129,28.535,23.499,18.921,15.564,12.36,7.6296,2.8993,-3.6622,-8.6978,-14.649,-18.921,-23.194,-27.772,-34.333,-39.521,-44.71,-48.372,-51.881,-52.339,-51.424,-46.236,-38.301,-30.671,-28.23,-29.145,-30.976,-30.671,-29.45,-28.077,-27.467,-24.72,-23.652,-22.889,-22.126,-19.379,-15.87,-13.123,-10.681,-9.1556,-7.1718,-2.1363,1.5259,6.2563,8.3926,10.681,14.496,17.701,20.142,25.33,28.535,28.84,26.704,23.041,18.464,15.259,11.292,9.1556,7.9348,8.0874,9.4607,10.529,10.376,9.7659,5.9511,4.12,-1.3733,-4.5778,-7.477,-7.1718,-9.003,-10.529,-11.139,-10.071,-9.1556,-7.0193,-7.1718,-7.477,-9.4607,-10.224,-10.376,-8.0874,-7.6296,-6.4089,-6.1037,-6.1037,-6.5615,-10.224,-17.396,-26.093,-32.502,-34.486,-37.843,-40.437,-45.778,-49.745,-56.459,-61.037,-65.004,-67.141,-70.193,-73.855,-76.754,-77.364,-77.517,-76.907,-75.991,-72.939,-70.956,-68.361,-67.598,-66.836,-69.124,-70.65,-69.735,-66.836,-64.547,-62.41,-62.105,-61.19,-63.326,-62.716,-64.394,-65.462,-65.462,-63.936,-64.089,-65.615,-69.124,-71.413,-73.702,-75.076,-77.059,-77.822,-80.874,-82.705,-86.215,-87.893,-88.809,-89.572,-89.724,-89.724,-89.572,-90.335,-89.419,-84.994,-82.705,-79.348,-77.364,-75.991,-75.991,-74.313,-73.397,-73.855,-73.244,-71.261,-69.43,-67.751,-65.92,-65.157,-65.767,-64.852,-65.92,-66.378,-68.056,-69.43,-73.092,-79.196,-85.604,-90.335,-93.081,-97.964,-104.68,-108.65,-113.99,-119.94,-129.25,-135.65,-139.93,-139.32,-137.33,-133.52,-128.94,-123.29,-116.43,-107.58,-100.1,-92.624,-87.741,-82.705,-80.111,-76.907,-71.108,-64.394,-57.68,-50.05,-43.641,-38.301,-34.028,-27.314,-21.973,-13.581,-7.6296,-1.0681,2.8993,7.477,11.444,14.496,17.396,19.837,19.99,20.447,20.142,21.058,19.532,19.532,19.074,17.701,16.785,18.311,20.6,26.551,32.807,38.453,41.658,46.236,48.982,54.933,61.342,70.193,75.991,80.721,83.01,84.994,87.283,89.419,91.556,95.676,100.25,104.53,106.66,110.17,110.48,114.14,118.11,121.92,122.53,122.68,122.99,123.91,121.77,118.26,110.48,101.63,92.013,83.163,73.092,66.073,57.07,45.32,32.96,24.262,14.191,8.5452,4.7304,3.6622,2.7467,1.2207,-3.0519,-7.0193,-7.7822,-6.4089,-2.2889,4.4252,9.003,12.665,16.175,20.295,23.041,24.72,24.567,22.736,17.701,11.75,8.24,5.9511,5.0356,4.7304,1.6785,-2.4415,-8.0874,-13.886,-19.227,-24.567,-33.265,-42.268,-52.492,-61.342,-69.735,-75.228,-82.4,-87.283,-92.776,-95.981,-102.54,-108.34,-113.53,-117.19,-121.46,-124.52,-127.87,-128.64,-129.7,-129.7,-129.55,-128.33,-127.87,-130.16,-131.84,-134.59,-136.11,-134.43,-132.45,-129.4,-128.94,-125.28,-122.53,-117.65,-111.09,-105.14,-101.02,-99.796,-102.54,-107.43,-114.44,-121.46,-130.62,-138.55,-145.88,-153.81,-162.05,-169.07,-174.57,-178.69,-180.21,-179.75,-178.23,-174.57,-173.04,-171.36,-169.99,-165.26,-157.02,-147.86,-140.69,-134.43,-127.11,-120.09,-112.46,-103.92,-98.727,-93.844,-88.809,-82.4,-77.212,-73.55,-68.972,-65.767,-63.478,-60.274,-58.138,-56.307,-56.612,-54.17,-52.492,-48.982,-46.541,-46.388,-45.93,-44.404,-42.573,-37.996,-33.876,-30.519,-30.824,-31.281,-33.113,-31.892,-29.756,-25.636,-20.295,-13.581,-8.8504,-4.883,-1.8311,0.91556,2.7467,6.5615,7.477,8.3926,8.6978,9.003,10.681,11.75,12.513,14.191,16.785,22.126,28.687,34.791,37.233,39.521,41.353,43.641,44.252,45.93,46.846,46.083,43.947,43.641,42.116,41.2,39.827,38.759,34.639,32.655,29.756,28.993,26.704,25.636,23.499,21.973,20.6,20.295,20.447,21.058,22.431,23.957,23.499,25.178,25.788,27.161,28.23,31.434,35.096,39.369,45.167,51.881,59.206,67.293,74.16,83.01,91.098,101.78,112.61,126.35,137.94,150.61,162.82,174.26,184.33,193.64,203.25,213.02,221.87,230.41,238.5,245.83,252.54,261.09,267.65,274.97,283.06,291.76,300,307.93,313.88,321.05,327.62,335.86,341.2,348.22,353.1,356.91,358.9,360.12,360.27,360.27,361.19,363.17,362.56,362.41,362.25,363.32,363.32,365.15,366.22,369.58,372.63,374.61,376.9,380.72,384.53,388.5,391.09,394.45,397.66,404.68,411.24,418.87,424.51,430.62,436.87,441.91,446.94,454.12,462.51,470.6,478.23,485.7,489.67,495.16,498.21,499.89,499.13,499.28,498.83,498.67,497.6,492.87,486.31,480.21,473.04,468.31,461.13,454.12,443.74,432.75,421.16,408.64,396.59,385.75,375.07,363.93,352.64,343.33,333.11,325.94,318.16,311.29,303.35,295.88,287.79,278.48,269.33,261.24,253.46,247.35,239.27,232.4,224.01,215.77,208.29,202.95,197.76,192.11,186.93,182.04,177.47,174.11,170.14,167.7,165.87,164.49,162.21,161.29,161.14,162.21,161.14,161.75,161.75,161.14,160.22,156.56,153.66,150,144.51,140.84,136.57,132.91,127.41,122.99,118.41,114.9,111.39,107.12,102.08,97.201,90.03,83.01,76.601,72.329,66.988,61.495,54.323,48.524,41.353,36.317,31.129,25.636,19.379,14.344,10.834,8.24,7.0193,6.7141,5.1881,3.6622,0.76296,-2.1363,-6.8667,-11.597,-18.616,-24.873,-31.587,-37.843,-43.336,-47.761,-53.255,-57.68,-64.547,-70.65,-79.348,-86.215,-94.15,-101.63,-109.87,-119.33,-129.09,-137.33,-144.96,-152.44,-159.92,-166.02,-173.65,-178.69,-185.09,-189.98,-195.32,-198.83,-204.93,-210.12,-216.83,-224.46,-232.09,-239.27,-246.28,-254.22,-261.24,-266.43,-272.99,-279.09,-287.03,-292.52,-300,-305.95,-312.97,-320.14,-328.84,-335.09,-340.43,-345.47,-352.34,-358.9,-367.29,-374.61,-383.77,-390.64,-397.66,-402.54,-407.57,-412.15,-417.04,-422.53,-428.63,-434.58,-440.38,-444.04,-447.86,-449.84,-451.67,-450.91,-449.84,-448.32,-448.93,-450.45,-452.59,-453.66,-454.12,-451.98,-450.45,-448.77,-447.55,-444.96,-445.72,-446.49,-449.39,-450.15,-450.91,-449.54,-447.1,-444.2,-440.08,-435.96,-432.14,-429.24,-427.11,-424.67,-424.36,-423.44,-424.51,-424.21,-424.05,-422.38,-421,-418.87,-417.49,-416.88,-415.66,-413.22,-411.85,-409.86,-408.8,-405.9,-404.68,-402.84,-402.23,-401.78,-403.3,-404.22,-403.91,-403.76,-401.93,-400.71,-399.49,-397.2,-396.74,-395.52,-393.69,-390.48,-388.65,-386.36,-385.75,-384.53,-383.77,-383.62,-384.23,-384.69,-385.14,-385.14,-386.52,-386.36,-387.74,-387.59,-387.28,-386.21,-385.6,-386.52,-386.97,-388.2,-390.33,-392.77,-396.59,-399.18,-402.54,-404.98,-408.19,-411.08,-413.37,-414.9,-417.34,-417.8,-417.49,-416.58,-416.58,-416.12,-416.58,-415.2,-414.14,-411.69,-411.08,-409.56,-407.57,-406.05,-404.68,-402.84,-400.56,-398.57,-398.27,-396.89,-395.83,-394.15,-395.67,-396.13,-395.06,-393.38,-391.86,-390.18,-388.5,-387.43,-387.74,-388.35,-391.09,-392.47,-394.6,-396.28,-398.72,-401.62,-404.22,-407.42,-410.63,-413.37,-415.2,-417.65,-419.02,-417.95,-418.56,-418.26,-419.17,-418.41,-418.41,-416.27,-412.46,-408.03,-404.22,-400.86,-394.3,-386.21,-379.5,-372.02,-364.39,-355.85,-348.37,-340.28,-333.72,-326.4,-318,-309,-300,-290.69,-281.53,-273.14,-264.75,-255.13,-247.35,-240.18,-234.38,-227.97,-219.89,-212.26,-205.85,-199.44,-191.81,-184.33,-176.09,-168,-161.14,-154.27,-148.17,-141.15,-135.2,-128.03,-119.94,-110.93,-101.02,-90.64,-80.264,-70.956,-61.495,-52.187,-45.473,-38.148,-31.129,-24.11,-19.99,-15.412,-12.055,-10.376,-9.1556,-7.477,-5.6459,-2.4415,0.30519,4.4252,5.3407,7.477,9.6133,14.039,16.785,18.006,18.616,19.684,21.516,23.499,25.788,30.976,36.012,42.879,48.83,56.612,63.784,72.024,79.196,84.841,90.64,96.133,100.1,103.92,106.51,110.78,114.29,118.11,117.5,117.5,117.65,121.77,127.87,131.08,128.33,125.13,123.14,125.58,127.57,129.86,129.7,130.77,131.69,133.37,134.89,135.2,135.96,136.11,135.96,138.55,140.69,143.28,141.45,139.32,134.43,130.77,124.21,114.29,101.63,88.961,75.838,62.868,48.372,35.859,26.093,20.905,13.581,6.4089,-0.45778,-7.3244,-11.75,-15.107,-18.464,-21.21,-21.973,-20.142,-17.853,-11.139,-5.0356,4.5778,12.665,22.584,33.418,44.252,57.07,73.092,86.673,101.63,112.61,126.04,135.81,147.86,159,168.92,178.38,186.01,191.81,199.9,208.14,217.29,224.62,231.48,236.52,240.64,241.55,243.39,244,245.52,246.74,245.98,242.32,240.94,237.43,233.92,227.67,224.62,220.5,215.46,208.29,200.51,190.28,181.59,171.06,159.76,147.86,139.93,132.45,128.33,121.31,116.12,108.19,100.25,90.945,80.111,68.972,60.579,55.238,52.644,50.966,52.187,50.966,52.644,52.339,51.424,49.593,49.135,50.661,51.424,54.17,58.138,59.511,61.647,64.241,67.446,68.361,70.803,71.718,72.939,72.024,70.498,68.514,65.767,60.121,53.56,48.372,42.268,32.044,23.347,14.344,6.1037,-0.91556,-6.2563,-13.428,-20.295,-24.72,-28.84,-36.164,-43.184,-47.914,-55.086,-68.667,-81.942,-95.828,-108.95,-126.35,-141.76,-157.02,-175.63,-195.17,-213.02,-231.94,-249.79,-265.05,-278.33,-290.99,-303.05,-313.73,-320.9,-327.46,-329.91,-333.57,-337.53,-340.89,-344.71,-347,-347.91,-347.15,-346.54,-343.79,-340.43,-341.04,-339.67,-335.55,-327.62,-322.28,-321.82,-327.16,-333.87,-340.43,-346.84,-351.42,-351.12,-348.67,-344.71,-342.88,-343.64,-350.96,-362.56,-373.24,-383.77,-391.4,-395.21,-396.74,-397.66,-399.18,-399.18,-398.88,-396.59,-395.21,-393.99,-390.03,-385.75,-380.72,-376.6,-373.24,-368.05,-363.63,-358.29,-352.79,-346.08,-340.89,-334.79,-327.62,-319.53,-310.68,-300.91,-290.54,-277.57,-266.12,-254.52,-243.84,-230.87,-217.9,-204.93,-191.81,-178.23,-164.04,-149.69,-135.81,-121.01,-107.58,-93.081,-79.348,-64.852,-52.797,-40.284,-28.687,-16.633,-6.1037,4.4252,14.039,25.788,35.096,46.846,57.68,66.988,75.838,85.604,93.997,99.643,105.44,112.61,118.41,124.06,129.09,135.65,141.3,147.1,151.83,157.17,162.82,169.07,175.33,181.89,187.99,193.49,197.61,204.47,208.75,214.24,217.75,221.87,226.14,230.72,236.06,242.77,248.27,254.22,256.81,261.7,265.66,270.24,275.43,280.62,285.04,289.01,293.74,298.32,301.68,306.56,309.76,313.73,316.02,319.53,322.28,324.72,327.77,329.45,330.67,333.41,334.79,336.47,336.92,339.06,339.52,339.21,337.84,338.76,341.2,344.4,346.39,348.98,349.28,350.96,351.73,353.4,352.18,352.18,352.49,352.95,352.34,352.18,350.35,350.2,349.13,350.2,348.98,348.06,348.22,349.59,350.05,350.81,349.89,350.05,348.52,348.06,345.77,344.55,341.81,339.21,337.38,337.08,337.38,337.84,336.47,337.84,337.53,338.45,337.69,337.53,336.16,333.87,331.74,329.29,327.77,327.77,328.23,330.67,332.19,333.41,331.89,330.82,329.91,328.07,324.56,321.05,316.48,311.44,306.41,305.03,301.22,298.47,294.96,293.28,290.99,292.67,292.37,293.28,295.42,297.4,297.71,297.56,299.23,302.9,303.96,306.1,306.56,308.69,309.46,310.83,311.14,312.51,313.27,312.97,310.37,309.92,309.15,309.15,306.25,305.19,302.9,301.22,298.47,295.27,290.08,284.89,280.16,274.67,270.85,268.11,264.14,263.07,261.54,261.54,259.1,255.59,249.18,242.77,236.21,232.25,227.82,224.62,220.95,219.12,218.36,219.58,219.28,220.8,222.94,226.45,229.65,232.4,233.77,234.38,233.47,233.92,234.23,233.77,233.01,233.31,232.4,233.16,232.4,231.18,228.13,225.53,222.63,220.8,218.36,215,208.9,202.95,198.52,198.68,200.05,201.88,202.8,209.51,214.85,217.9,221.11,226.45,230.87,232.86,233.62,234.53,232.09,231.48,231.64,233.01,231.64,231.33,232.7,236.52,242.47,247.35,248.27,247.2,246.89,250.86,256.81,264.44,269.63,271.92,270.39,270.09,264.14,256.81,249.64,243.69,239.42,236.06,231.33,225.68,216.68,206,191.96,178.23,161.75,146.49,130.31,115.36,97.659,80.416,63.784,47.609,30.824,14.344,-0.15259,-11.597,-26.246,-39.369,-56.612,-74.313,-93.997,-109.56,-122.68,-135.5,-147.25,-155.34,-165.41,-174.26,-185.71,-195.32,-205.69,-210.73,-213.02,-211.49,-212.87,-213.17,-214.24,-214.7,-217.6,-220.95,-226.14,-230.41,-235.91,-239.27,-244.15,-248.57,-255.13,-255.75,-256.05,-257.27,-260.78,-264.44,-269.78,-273.6,-277.87,-279.7,-283.67,-286.87,-292.06,-294.66,-298.01,-299.23,-301.98,-303.81,-306.86,-306.56,-304.88,-305.8,-308.69,-310.07,-309.61,-307.78,-307.32,-305.19,-305.8,-303.96,-304.27,-307.02,-310.22,-312.36,-313.27,-313.27,-312.66,-310.68,-307.32,-304.88,-304.12,-297.25,-290.38,-281.84,-273.75,-263.83,-255.9,-249.34,-243.08,-237.43,-233.47,-231.18,-229.96,-226.45,-223.4,-216.53,-210.58,-205.08,-201.12,-195.93,-192.27,-188.6,-185.09,-182.2,-182.65,-184.33,-186.01,-184.94,-186.32,-186.01,-187.38,-186.32,-188.3,-187.99,-186.47,-183.26,-178.99,-175.48,-173.04,-170.75,-173.19,-174.41,-173.35,-164.34,-156.87,-149.39,-140.84,-133.21,-122.38,-109.41,-96.133,-83.468,-74.923,-68.056,-64.394,-59.664,-57.985,-56.001,-58.596,-57.07,-52.797,-47.304,-43.031,-39.674,-38.148,-37.08,-38.759,-35.096,-31.892,-29.45,-31.129,-33.57,-35.707,-36.012,-36.622,-38.911,-39.827,-38.911,-39.827,-38.759,-36.927,-33.113,-30.824,-26.704,-23.652,-21.363,-21.363,-19.532,-19.99,-19.99,-19.837,-18.616,-19.99,-17.701,-19.684,-20.142,-19.684,-17.701,-16.48,-11.444,-5.1881,0.91556,6.8667,16.327,27.772,37.843,46.236,59.206,70.803,80.569,88.961,99.796,107.58,113.83,120.55,132.15,144.66,156.25,165.56,174.41,180.67,189.21,191.35,193.03,192.27,195.47,196.84,194.56,195.01,198.37,198.98,199.13,194.56,187.38,180.67,179.45,171.51,164.95,157.02,147.4,135.96,132.3,128.48,127.26,128.64,133.06,136.11,137.33,134.74,133.67,131.08,135.5,134.28,133.82,131.53,126.5,120.4,113.53,107.58,104.53,99.033,95.676,96.438,99.49,99.033,100.41,99.185,97.964,94.913,93.997,94.302,96.286,99.033,99.796,95.676,89.114,80.569,75.686,71.718,69.735,66.683,61.953,57.985,55.696,53.102,50.966,50.813,52.339,54.476,59.206,64.241,70.498,76.449,82.095,84.536,84.384,81.484,79.806,79.043,77.67,74.618,70.345,68.514,68.667,67.141,65.157,63.784,66.988,68.667,70.803,70.956,71.413,69.277,65.92,61.953,59.206,55.238,50.661,47.456,46.236,43.489,42.268,40.895,42.726,44.862,45.778,43.184,39.369,36.622,34.639,36.317,39.827,39.674,37.538,35.249,34.639,30.976,31.587,31.739,30.366,24.873,20.447,18.464,18.464,16.785,18.159,14.954,17.396,20.6,22.279,21.363,25.178,27.161,29.45,32.655,38.301,40.59,44.71,48.982,54.17,56.154,56.154,54.17,57.375,56.612,54.018,50.661,49.135,47.761,46.846,46.999,48.372,46.693,48.067,50.05,54.628,57.07,59.816,61.647,67.293,70.193,70.65,71.261,73.702,76.296,75.228,70.193,64.547,60.732,59.664,52.95,50.661,49.898,52.644,52.492,50.508,48.83,47.151,44.862,42.573,45.015,49.44,49.44,48.677,45.625,42.879,34.639,30.976,28.382,27.467,26.093,28.23,31.892,34.944,37.843,44.71,48.372,53.56,56.459,62.105,63.478,65.004,67.751,69.124,69.124,72.176,74.313,78.89,79.958,79.958,79.043,80.569,77.212,78.585,80.569,81.637,77.364,73.244,67.446,64.547,62.105,60.884,58.901,57.985,58.443,61.953,61.953,61.037,59.358,63.631,66.378,66.53,66.378,68.514,71.413,73.855,77.364,79.653,79.348,79.958,83.468,90.335,88.809,84.078,80.111,80.874,80.264,79.501,79.501,81.637,81.484,81.79,81.637,81.942,79.348,78.89,75.076,73.092,70.956,69.277,65.004,61.953,56.459,50.813,47.304,45.778,42.268,39.979,39.979,40.132,36.317,32.655,28.687,25.483,22.279,21.973,20.753,18.311,14.191,15.412,15.564,15.259,15.412,20.142,23.347,23.804,21.21,21.668,21.668,19.837,18.006,16.327,12.665,15.107,14.649,17.396,16.48,15.107,12.36,12.055,10.987,11.139,13.428,18.159,22.584,26.551,23.957,22.889,18.159,18.616,14.191,11.292,6.4089,1.3733,-6.8667,-11.75,-15.87,-19.837,-20.447,-20.447,-20.295,-17.396,-15.259,-12.207,-9.4607,-3.5096,-2.5941,-3.8148,-6.4089,-7.9348,-9.003,-4.2726,-4.7304,-7.477,-7.0193,-5.6459,-8.24,-4.5778,-0.76296,2.7467,0.91556,-1.6785,-5.7985,-8.5452,-7.477,-5.1881,-5.3407,-0.76296,2.2889,7.1718,6.8667,7.6296,6.4089,2.5941,-2.5941,-8.3926,-18.006,-23.652,-27.924,-34.181,-41.505,-43.184,-43.794,-46.388,-48.677,-49.135,-53.102,-53.255,-48.524,-43.336,-43.184,-42.421,-42.726,-42.573,-43.794,-42.421,-39.369,-37.538,-28.535,-22.126,-19.99,-14.649,-9.1556,-4.883,-4.5778,1.5259,9.3081,13.123,13.428,10.376,9.1556,6.2563,1.5259,-2.4415,-8.0874,-7.0193,-9.6133,-17.853,-24.262,-28.84,-30.213,-31.892,-37.843,-42.268,-45.167,-51.729,-57.222,-56.917,-57.07,-59.053,-61.19,-61.342,-65.31,-66.53,-65.615,-64.089,-66.378,-69.887,-73.702,-75.686,-77.364,-76.449,-78.89,-79.196,-80.874,-77.822,-73.855,-68.056,-64.241,-61.037,-61.495,-58.596,-58.29,-57.833,-55.849,-52.644,-53.865,-53.56,-53.102,-50.813,-51.881,-50.661,-47.609,-41.81,-38.453,-34.181,-31.281,-25.788,-22.736,-20.6,-18.311,-16.022,-14.344,-6.5615,0.45778,4.883,7.1718,9.1556,9.6133,11.75,12.207,14.801,16.022,16.175,16.48,22.889,25.788,27.314,27.009,32.197,35.401,39.064,40.895,44.862,50.966,54.781,56.307,59.053,61.8,63.784,67.598,73.397,78.28,83.01,82.095,81.027,80.721,83.468,87.283,89.267,91.708,93.844,93.539,95.676,96.591,99.185,103.61,109.26,113.38,116.73,117.34,118.72,122.07,126.96,130.77,132.6,133.67,137.33,139.47,142.98,146.03,150.76,154.73,158.54,163.12,168.92,173.04,177.31,181.89,189.83,196.39,204.02,209.81,219.73,228.43,236.21,241.86,245.06,250.4,252.85,255.13,259.25,262.31,265.51,272.53,278.33,279.09,281.53,281.53,282.6,280.77,278.94,277.57,275.58,271.31,267.65,265.51,265.05,264.9,263.22,259.25,254.37,247.81,241.25,235.6,232.55,230.72,229.35,225.84,222.33,218.97,218.82,217.9,217.29,214.09,213.93,214.39,216.38,217.6,216.07,213.32,213.63,213.02,213.17,215,217.44,221.56,225.38,225.38,226.91,228.28,229.96,230.11,232.25,234.99,236.67,237.13,240.79,239.57,239.57,241.4,241.4,237.59,235.45,232.25,229.04,226.29,222.33,216.22,207.83,198.98,194.4,190.44,189.83,189.06,185.86,182.2,180.21,177.77,174.57,170.29,169.84,170.75,170.9,168.61,166.63,165.56,168.31,168.31,168.31,166.63,165.72,162.36,161.75,163.43,164.95,164.49,160.07,156.56,156.71,154.12,154.42,154.27,154.58,151.37,149.69,148.47,146.03,143.89,143.13,144.96,141.15,135.81,136.72,137.49,134.43,130.62,127.72,122.07,116.12,111.39,108.04,110.93,110.02,105.44,100.41,100.56,103.31,98.727,94.15,86.673,80.264,69.735,63.784,64.394,63.326,60.732,58.596,56.307,52.95,49.44,44.099,38.759,35.554,34.333,33.57,29.603,29.145,28.23,25.636,21.668,18.159,13.123,3.357,-5.4933,-7.0193,-13.733,-22.584,-36.317,-44.71,-49.44,-50.05,-52.644,-55.391,-60.732,-65.767,-68.056,-71.108,-79.348,-85.452,-89.419,-91.403,-94.913,-98.88,-105.75,-111.39,-113.83,-117.04,-120.55,-121.31,-119.94,-115.21,-115.82,-116.73,-121.31,-125.28,-126.96,-125.58,-128.64,-132.3,-133.98,-133.52,-133.82,-135.65,-137.18,-138.25,-139.32,-141,-143.28,-141,-136.57,-135.5,-132.91,-127.57,-121.31,-116.89,-115.97,-112.31,-105.29,-101.63,-101.78,-98.727,-100.56,-105.75,-108.49,-108.65,-110.17,-112.92,-113.68,-111.24,-110.32,-109.26,-109.56,-109.71,-111.39,-112.16,-115.05,-120.85,-128.94,-133.06,-136.11,-139.32,-139.62,-135.96,-136.27,-133.21,-134.59,-138.55,-142.06,-143.89,-148.01,-152.13,-157.02,-161.14,-166.78,-171.51,-182.5,-192.42,-200.96,-202.8,-205.39,-206.76,-210.27,-212.1,-213.02,-212.87,-207.68,-204.63,-206.31,-202.8,-197.91,-193.64,-190.28,-184.18,-182.04,-179.6,-178.23,-178.69,-180.52,-185.71,-189.83,-191.35,-191.81,-187.69,-189.21,-188.3,-183.57,-175.33,-171.51,-166.78,-164.8,-162.21,-160.53,-160.22,-159.31,-157.63,-159.31,-162.97,-166.48,-164.95,-163.73,-161.29,-161.75,-164.65,-165.56,-164.19,-160.22,-154.73,-151.83,-149.24,-148.47,-142.98,-136.57,-126.04,-116.89,-110.32,-104.37,-94.15,-82.095,-69.887,-59.969,-52.797,-49.135,-43.641,-38.911,-33.57,-32.044,-28.23,-24.262,-18.769,-15.259,-10.987,-9.003,-10.071,-12.055,-10.987,-11.597,-14.496,-20.447,-22.584,-23.804,-23.499,-24.72,-23.041,-24.262,-25.025,-20.447,-14.344,-10.376,-4.883,-0.15259,0.30519,-5.3407,-6.2563,-8.3926,-10.987,-16.175,-18.921,-23.804,-28.84,-32.044,-31.434,-30.824,-27.009,-24.567,-24.11,-25.636,-26.551,-30.366,-33.265,-35.859,-32.197,-34.639,-36.47,-35.554,-34.944,-35.554,-39.827,-45.625,-43.641,-49.593,-57.527,-62.105,-62.105,-64.852,-68.056,-70.04,-70.65,-69.43,-65.462,-63.173,-65.767,-70.193,-72.634,-74.007,-78.585,-82.247,-80.111,-79.196,-79.958,-78.738,-76.754,-75.228,-71.718,-68.972,-67.446,-68.056,-65.157,-60.884,-58.443,-57.985,-55.086,-55.391,-56.001,-55.849,-55.849,-53.865,-51.118,-51.271,-46.693,-44.557,-41.963,-42.421,-39.979,-37.69,-34.333,-33.876,-30.519,-26.704,-20.6,-16.327,-14.344,-16.022,-16.938,-20.6,-22.889,-23.194,-22.584,-25.33,-25.483,-26.399,-25.178,-29.298,-30.671,-29.145,-30.671,-33.418,-32.35,-32.35,-29.908,-26.246,-22.889,-21.516,-17.853,-11.902,-7.0193,-3.357,-0,1.6785,7.0193,11.75,17.548,21.821,23.652,25.025,30.213,35.249,38.453,45.625,51.881,53.102,57.833,62.41,62.41,60.274,60.732,59.816,58.748,63.173,62.258,55.391,52.644,50.508,50.813,48.83,47.761,45.93,46.541,44.404,42.268,39.674,34.944,31.434,28.993,27.619,26.856,25.636,26.856,25.941,28.382,30.061,34.028,36.622,41.505,46.083,48.067,47.609,46.999,46.083,45.32,42.573,39.674,33.876,27.161,18.311,12.513,7.9348,5.0356,2.1363,2.4415,3.9674,3.6622,-0.91556,-2.8993,-6.5615,-8.3926,-13.276,-18.006,-18.616,-20.295,-19.99,-18.159,-16.785,-13.886,-11.75,-5.9511,-5.4933,-1.9837,1.8311,4.4252,6.8667,11.139,13.886,15.564,18.159,18.006,18.311,22.279,20.447,20.447,19.837,19.227,16.175,16.785,18.464,19.074,18.006,16.022,13.276,8.0874,2.2889,0.91556,-0.61037,-1.2207,-4.883,-8.0874,-10.376,-10.224,-8.3926,-6.7141,-6.8667,-9.4607,-14.039,-17.243,-21.21,-23.194,-22.584,-18.159,-11.902,-10.529,-11.597,-9.7659,-7.1718,-5.6459,-4.883,-1.5259,3.5096,7.3244,9.003,13.123,17.396,22.889,25.941,26.551,29.908,31.281,29.908,30.366,31.739,32.197,27.467,23.499,17.548,15.717,14.954,14.801,16.785,19.379,19.837,21.516,20.447,19.837,17.701,17.09,15.564,12.207,6.7141,2.5941,0.76296,2.4415,5.4933,10.224,16.633,26.246,34.639,45.015,50.508,56.001,57.985,58.138,58.138,57.68,55.544,52.492,47.761,45.778,42.879,42.726,42.421,41.963,38.606,36.927,32.35,26.246,21.363,16.022,11.292,7.3244,3.8148,5.1881,3.0519,-0,-8.0874,-16.175,-21.058,-24.262,-28.23,-29.145,-30.976,-30.671,-33.57,-36.47,-43.794,-50.966,-57.985,-62.105,-62.105,-61.8,-60.274,-60.732,-61.19,-56.917,-54.323,-49.745,-47.914,-44.557,-40.284,-35.249,-30.061,-22.584,-15.259,-9.3081,-6.8667,-2.4415,0.45778,4.12,6.7141,8.5452,9.6133,7.7822,8.5452,11.597,14.801,19.99,24.415,26.093,25.788,23.957,19.227,14.954,12.97,12.513,12.207,11.597,7.9348,4.12,-1.5259,-6.5615,-12.818,-16.022,-21.363,-25.33,-31.434,-37.08,-40.284,-39.827,-36.927,-32.044,-31.129,-30.671,-30.671,-26.246,-21.973,-17.548,-15.412,-13.428,-11.75,-11.139,-12.207,-11.292,-10.376,-8.5452,-8.0874,-5.0356,-3.2044,-0.15259,2.1363,3.5096,3.2044,2.1363,-1.3733,-3.357,-6.7141,-9.1556,-13.276,-15.87,-18.311,-17.09,-14.496,-13.276,-12.207,-10.681,-6.5615,-1.9837,1.6785,5.9511,7.3244,9.1556,10.529,12.513,15.412,21.668,27.924,33.265,36.47,37.538,37.385,35.554,33.418,33.723,32.35,33.876,35.249,37.538,38.911,41.2,40.742,36.622,30.976,27.009,23.347,21.363,18.006,16.022,10.071,2.5941,-4.12,-7.477,-8.3926,-9.7659,-14.496,-19.684,-23.957,-29.756,-39.216,-45.625,-51.729,-56.917,-62.868,-66.378,-70.345,-72.329,-72.939,-72.634,-72.024,-71.413,-72.634,-73.855,-72.787,-69.735,-67.598,-64.394,-62.868,-61.342,-59.816,-53.865,-47.761,-42.116,-35.554,-25.636,-16.327,-5.1881,5.9511,18.921,29.145,36.775,41.047,46.999,52.187,58.443,64.699,70.956,73.855,75.838,74.007,73.702,72.176,69.735,64.241,60.579,56.764,53.407,49.135,47.914,46.083,44.404,43.184,40.742,33.723,25.636,15.564,6.8667,-2.8993,-9.003,-14.954,-16.175,-14.344,-9.003,-2.2889,4.12,8.24,11.444,14.344,16.938,16.327,14.801,10.834,9.7659,8.3926,6.5615,4.12,1.8311,1.9837,2.4415,1.9837,3.9674,6.2563,7.477,3.357,-0.15259,-5.3407,-10.529,-15.564,-19.532,-25.941,-30.976,-35.249,-39.521,-46.999,-50.813,-54.628,-56.764,-60.732,-66.378,-73.702,-80.416,-87.283,-91.403,-90.945,-85.452,-81.332,-77.517,-77.212,-74.465,-73.397,-67.751,-61.8,-52.034,-41.505,-31.892,-23.804,-16.633,-12.513,-10.376,-8.8504,-4.2726,-0,5.7985,11.292,16.633,20.6,25.025,27.772,32.197,37.233,44.099,46.846,46.693,45.167,43.947,40.437,38.301,34.944,34.944,31.281,26.399,20.6,13.581,5.0356,-0.45778,-5.0356,-6.2563,-6.1037,-3.2044,-1.8311,-1.2207,-3.9674,-5.9511,-8.24,-9.7659,-11.292,-8.24,-3.8148,-0.15259,1.8311,5.6459,6.5615,9.7659,13.886,19.99,23.194,26.704,26.704,26.551,25.025,25.178,26.704,28.993,29.298,30.519,30.976,32.197,34.181,36.317,36.012,39.979,43.489,44.71,41.81,39.064,36.164,32.197,29.45,28.23,24.567,18.159,11.902,9.7659,6.8667,7.7822,9.1556,10.834,13.276,16.48,19.074,22.431,25.025,28.077,28.993,30.671,36.317,43.947,48.982,51.271,52.492,52.797,53.102,52.644,53.255,54.17,52.339,49.745,42.879,36.927,30.976,30.976,29.145,25.941,22.126,20.753,21.516,24.72,27.772,30.976,30.824,30.061,29.45,32.502,37.843,45.015,47.914,50.356,48.372,46.846,47.151,49.135,48.982,44.71,39.064,37.69,35.554,35.096,36.012,39.216,39.216,39.674,40.284,43.794,47.456,49.898,50.813,50.508,51.118,54.933,56.459,59.358,58.901,57.222,53.865,51.424,49.135,49.287,46.999,40.742,35.096,32.96,30.519,28.382,28.535,29.603,28.535,30.824,29.603,27.619,27.161,24.72,22.126,21.973,22.279,23.194,23.957,25.788,28.382,35.249,39.216,41.963,44.404,47.304,47.914,50.05,51.729,53.56,56.307,58.596,57.985,59.664,60.884,59.969,56.459,53.865,50.203,44.71,41.047,39.216,38.453,41.963,45.32,49.898,52.797,56.001,55.238,53.865,51.729,48.677,44.404,41.658,36.927,34.639,30.824,25.636,21.21,19.532,18.616,22.279,25.941,30.671,35.249,40.59,48.677,53.713,55.696,57.833,58.901,61.037,63.936,67.293,65.462,66.683,68.972,72.634,74.313,79.501,84.994,88.656,91.403,92.166,89.267,87.893,82.858,77.364,73.092,69.735,63.478,56.154,51.424,48.219,44.404,41.658,39.521,36.775,34.639,36.164,37.843,38.148,38.148,38.759,33.418,29.756,27.619,27.009,25.33,28.23,30.824,32.197,34.639,40.132,47.761,53.407,53.255,53.713,51.729,48.83,46.236,44.862,43.031,39.674,33.57,27.467,19.837,12.665,3.2044,-4.12,-13.123,-22.736,-31.587,-37.538,-44.71,-49.44,-51.271,-53.713,-58.596,-61.953,-64.547,-66.073,-64.089,-58.901,-53.56,-46.083,-39.674,-32.655,-28.535,-24.567,-23.041,-19.99,-17.853,-17.09,-17.853,-17.09,-17.701,-17.853,-18.769,-20.753,-25.483,-27.314,-30.519,-32.502,-36.317,-39.064,-44.404,-50.05,-54.933,-57.527,-58.138,-57.375,-57.222,-58.901,-61.8,-60.121,-57.68,-55.086,-52.492,-49.745,-47.304,-47.456,-49.44,-51.881,-57.527,-63.784,-68.209,-71.108,-73.397,-72.939,-73.702,-76.601,-80.111,-77.364,-72.939,-69.887,-68.972,-68.819,-69.277,-69.735,-68.209,-65.767,-64.394,-64.852,-65.767,-66.378,-66.378,-65.004,-67.598,-69.582,-70.65,-70.803,-72.481,-74.923,-77.67,-80.264,-78.738,-75.991,-74.16,-71.871,-70.803,-69.735,-65.92,-61.342,-62.105,-63.936,-64.852,-65.31,-66.836,-72.939,-79.196,-84.536,-89.724,-90.182,-90.793,-92.471,-93.387,-90.335,-88.351,-85.91,-87.436,-87.13,-85.147,-84.994,-86.825,-89.114,-92.776,-94.15,-94.607,-94.455,-94.76,-92.776,-90.03,-86.367,-82.705,-77.975,-73.397,-69.277,-65.615,-61.8,-55.544,-49.44,-45.625,-40.132,-35.554,-32.044,-30.824,-27.314,-26.093,-22.126,-20.6,-18.769,-18.769,-19.379,-21.21,-22.736,-25.178,-27.314,-33.418,-36.164,-40.437,-39.979,-35.859,-33.113,-31.739,-26.246,-21.668,-17.701,-15.412,-9.9185,-9.6133,-10.681,-12.36,-9.7659,-7.9348,-6.4089,-8.8504,-11.444,-14.496,-17.243,-21.516,-24.11,-26.093,-26.246,-29.45,-28.687,-26.704,-22.126,-19.379,-15.717,-12.055,-11.292,-8.3926,-4.883,-4.4252,-4.883,-7.3244,-6.2563,-7.1718,-4.4252,-3.8148,-1.9837,-1.0681,1.2207,2.1363,3.6622,3.8148,4.7304,3.357,4.5778,9.7659,16.022,22.431,29.603,33.265,34.181,33.418,34.333,32.655,32.502,31.587,32.044,35.249,40.437,40.59,39.064,36.47,35.249,32.807,33.876,33.57,33.876,34.639,36.927,36.164,37.538,42.573,48.524,49.44,49.593,48.677,48.219,46.541,48.219,50.813,52.95,53.407,55.086,56.154,53.255,47.761,45.625,44.252,41.963,42.573,43.489,42.726,44.252,41.047,35.401,32.807,32.96,33.418,32.502,28.687,24.567,21.516,21.363,20.905,24.11,26.399,27.314,28.535,31.434,34.639,37.385,39.979,43.489,45.625,48.067,49.745,53.102,55.544,58.443,59.206,59.206,57.222,56.001,54.476,52.492,49.135,43.794,38.606,37.538,30.213,23.804,15.412,8.6978,1.6785,-3.0519,-12.97,-21.821,-30.366,-38.453,-45.778,-52.187,-56.001,-58.443,-63.326,-66.378,-70.345,-71.261,-72.939,-76.907,-81.179,-83.926,-85.147,-86.215,-82.705,-77.67,-76.754,-73.092,-67.904,-60.884,-54.781,-49.44,-44.862,-38.759,-32.502,-25.636,-21.516,-21.21,-22.126,-20.295,-18.921,-14.801,-13.123,-12.36,-12.97,-10.224,-11.75,-13.276,-15.412,-18.464,-20.447,-20.753,-22.584,-22.431,-23.347,-23.041,-25.483,-26.093,-25.178,-20.6,-15.717,-7.1718,-3.0519,3.357,9.4607,15.717,20.142,25.788,28.382,30.061,27.467,25.025,22.889,24.72,30.519,36.164,39.369,40.132,38.759,36.47,33.418,34.028,31.739,31.739,28.687,25.636,19.379,11.292,4.2726,-5.3407,-16.022,-23.499,-31.281,-39.369,-48.067,-54.933,-61.647,-67.293,-76.907,-83.316,-87.13,-90.182,-92.929,-95.218,-93.997,-91.403,-90.793,-89.572,-90.793,-86.215,-82.247,-76.601,-74.77,-73.855,-72.634,-70.345,-68.056,-65.462,-61.342,-56.917,-54.628,-52.034,-50.966,-48.982,-48.982,-48.677,-49.287,-49.44,-51.424,-50.813,-49.44,-47.761,-47.304,-46.388,-45.015,-42.116,-42.726,-41.658,-44.252,-46.846,-52.644,-56.307,-63.784,-69.277,-73.092,-76.144,-73.702,-72.939,-77.67,-80.874,-83.773,-85.604,-89.114,-89.419,-93.081,-93.997,-95.065,-94.607,-93.692,-89.267,-88.961,-91.098,-92.471,-91.25,-91.556,-93.387,-96.591,-96.591,-98.575,-100.41,-100.56,-98.422,-96.438,-93.234,-90.64,-87.13,-84.078,-78.433,-70.498,-62.716,-58.29,-57.222,-56.764,-54.476,-54.933,-55.238,-59.206,-60.732,-64.394,-65.462,-66.683,-67.904,-69.582,-72.329,-73.855,-72.481,-71.566,-68.819,-68.514,-66.988,-65.004,-61.647,-62.258,-62.258,-63.784,-62.563,-59.664,-56.154,-52.187,-47.914,-47.304,-45.015,-44.557,-43.794,-46.236,-48.219,-51.271,-53.56,-52.95,-49.745,-48.83,-45.778,-43.947,-42.116,-44.099,-47.609,-51.118,-50.508,-50.966,-47.761,-43.489,-36.164,-33.723,-31.739,-28.687,-24.873,-23.041,-18.464,-15.412,-13.733,-11.902,-7.9348,-6.7141,-5.1881,-6.4089,-6.8667,-9.1556,-10.834,-13.276,-14.801,-16.633,-15.717,-14.344,-12.36,-9.9185,-5.4933,-3.6622,1.3733,4.5778,10.071,13.428,18.921,25.025,33.57,38.453,40.895,43.794,47.456,46.236,44.252,42.116,41.505,37.385,36.317,36.164,38.759,40.284,44.252,45.015,45.93,46.693,48.83,46.846,45.625,45.015,46.236,42.268,39.064,34.639,33.723,28.535,25.178,24.11,25.025,23.347,20.6,15.259,11.597,7.1718,4.2726,-0.91556,-4.4252,-8.0874,-11.902,-20.905,-25.33,-28.993,-32.044,-34.333,-36.164,-36.775,-33.723,-30.213,-26.856,-22.126,-14.039,-8.24,-2.5941,0.45778,4.4252,6.7141,12.055,15.717,17.701,18.006,21.21,23.347,24.262,21.363,19.99,17.701,18.921,17.396,17.853,16.48,14.801,14.649,16.938,17.396,19.227,19.379,20.142,19.074,17.701,13.428,11.75,8.24,5.4933,1.9837,0.91556,0.15259,2.5941,6.1037,8.5452,13.428,20.142,26.093,30.061,30.671,34.486,35.554,39.521,41.963,46.083,50.356,53.255,55.544,61.037,65.31,69.277,71.413,74.313,75.381,77.212,75.686,75.991,74.16,72.939,71.108,68.819,66.53,65.004,62.258,59.664,54.628,51.729,48.83,46.236,43.184,42.573,43.794,48.982,55.544,64.852,76.296,85.299,91.403,97.049,101.63,109.87,116.89,122.99,126.65,132.3,139.62,144.2,146.64,148.17,146.34,143.28,140.69,139.32,136.11,133.98,131.23,129.4,127.26,125.43,122.07,117.19,112,109.87,105.59,103.15,97.812,92.318,86.825,85.452,84.689,82.247,77.67,74.16,70.956,67.751,63.478,64.547,67.598,72.481,75.076,77.822,79.806,83.926,86.978,87.893,87.588,86.673,86.062,87.741,90.64,94.76,96.744,99.643,101.17,103,103.92,104.07,102.08,98.575,91.098,81.332,70.498,61.647,53.713,46.541,36.775,28.993,22.126,16.327,11.444,6.8667,-0.45778,-5.1881,-6.5615,-6.4089,-6.4089,-7.1718,-8.24,-4.12,-4.4252,-9.6133,-15.564,-18.006,-20.6,-22.126,-23.347,-22.126,-19.227,-14.039,-11.292,-6.8667,-3.5096,1.8311,4.2726,7.9348,11.75,16.022,21.21,27.467,31.281,34.944,38.606,40.59,40.132,39.979,35.707,31.892,26.856,23.041,19.227,14.649,8.5452,3.5096,-0.61037,-1.9837,-8.3926,-14.191,-17.396,-16.022,-18.464,-22.736,-28.535,-32.35,-35.859,-37.233,-39.674,-39.369,-39.521,-37.233,-36.622,-35.096,-34.028,-30.366,-27.161,-22.584,-17.09,-11.292,-8.5452,-4.5778,-1.9837,2.1363,6.8667,11.292,15.412,21.21,21.973,21.668,18.464,17.853,17.701,16.022,14.039,14.954,16.327,17.09,16.327,16.48,15.564,19.227,21.21,25.178,27.619,31.739,33.265,32.35,30.519,26.551,21.668,18.769,14.954,14.344,13.886,15.717,17.09,20.753,21.821,23.194,24.873,27.314,29.908,34.028,37.08,40.284,41.505,46.083,50.508,53.713,51.424,48.067,45.473,43.184,39.064,35.707,32.044,30.824,29.298,26.551,21.21,16.633,10.376,6.4089,0.30519,-3.5096,-7.477,-13.733,-22.279,-29.298,-33.418,-35.401,-40.742,-43.947,-45.93,-44.557,-42.879,-37.69,-34.333,-30.213,-23.652,-17.701,-11.597,-8.3926,-5.4933,-2.7467,-0.30519,5.9511,12.818,21.973,27.924,32.502,35.096,35.707,32.35,28.84,25.33,24.11,19.837,15.259,7.3244,1.3733,-7.477,-15.107,-22.431,-27.009,-29.908,-30.061,-29.298,-30.671,-33.723,-36.775,-37.69,-37.385,-36.775,-34.944,-35.096,-32.197,-29.45,-23.804,-17.701,-11.902,-8.24,-4.7304,-1.3733,3.357,6.8667,9.6133,8.3926,9.1556,9.3081,9.3081,7.3244,8.3926,7.9348,9.4607,10.529,12.665,14.344,16.785,18.464,20.905,20.753,21.516,19.837,17.701,12.36,5.9511,-1.3733,-8.24,-16.785,-24.567,-29.45,-33.876,-37.843,-39.216,-40.59,-41.658,-41.047,-37.996,-37.233,-35.401,-34.028,-31.587,-32.044,-32.35,-31.739,-31.281,-29.908,-27.314,-25.33,-21.821,-18.769,-14.496,-10.376,-5.1881,-0.45778,5.1881,9.003,11.902,14.039,16.633,19.99,27.009,33.418,41.047,45.015,51.881,55.849,59.816,61.495,61.342,58.29,57.222,57.07,59.053,61.037,64.699,66.073,68.056,70.04,74.16,75.838,78.28,81.79,86.215,88.961,92.013,94.302,97.049,98.727,103.92,107.58,111.09,112.31,113.99,115.21,117.5,119.48,122.07,122.68,122.07,121.77,121.62,120.24,118.87,115.36,111.55,103.92,97.049,88.809,82.095,75.533,68.514,61.495,57.222,53.102,50.05,46.846,46.846,45.625,45.778,46.236,48.219,48.372,50.05,49.135,50.813,55.086,59.511,63.326,68.056,72.329,77.822,81.332,86.367,90.487,95.676,99.796,104.68,109.87,113.83,116.73,117.65,115.51,114.9,112.46,110.93,106.66,103.31,98.117,93.539,89.114,83.926,79.043,74.007,69.887,65.615,61.8,59.206,55.544,54.781,53.56,54.17,56.154,58.29,60.884,64.852,67.904,69.887,69.887,68.056,65.462,64.089,61.19,59.358,58.901,57.222,54.476,52.492,52.339,52.644,52.187,52.644,52.339,52.339,48.677,45.778,43.184,41.505,39.979,39.521,36.47,32.502,28.84,27.772,24.873,20.753,15.412,12.818,8.3926,4.5778,0.15259,-5.1881,-10.834,-15.259,-19.227,-21.21,-24.873,-26.093,-28.077,-29.603,-32.044,-32.96,-34.028,-34.944,-37.538,-41.658,-46.693,-51.271,-52.644,-50.966,-50.05,-48.219,-50.966,-53.713,-58.29,-64.394,-72.024,-80.569,-90.03,-95.981,-98.88,-97.964,-100.1,-99.49,-100.1,-98.117,-96.133,-92.776,-89.724,-84.536,-78.433,-71.566,-66.378,-61.037,-57.833,-55.086,-55.391,-52.339,-46.541,-37.08,-26.551,-15.107,-6.1037,0.76296,5.9511,10.529,14.954,20.753,26.093,31.434,35.401,38.759,41.505,43.794,47.609,52.644,56.917,61.037,63.631,67.446,69.582,72.634,72.176,69.43,64.852,61.19,55.238,48.83,43.794,38.606,32.655,27.619,21.668,17.853,12.818,8.3926,2.1363,-6.1037,-13.428,-20.142,-28.993,-35.554,-40.437,-43.031,-44.099,-44.252,-44.862,-44.252,-43.794,-38.453,-34.333,-29.298,-26.093,-24.11,-21.21,-18.616,-18.006,-16.327,-14.801,-10.987,-7.7822,-1.3733,4.2726,8.3926,8.24,7.9348,8.24,8.5452,8.0874,6.8667,5.4933,5.3407,2.2889,0.61037,-3.357,-6.5615,-9.1556,-11.902,-16.022,-20.142,-24.262,-27.314,-28.84,-27.314,-27.619,-25.178,-23.347,-21.821,-21.973,-21.821,-21.21,-19.379,-18.006,-15.564,-12.207,-6.4089,-2.8993,-1.0681,-0.30519,1.5259,2.8993,5.9511,7.3244,8.5452,9.7659,10.681,10.834,12.207,13.123,15.107,15.564,16.938,16.175,13.886,11.139,9.3081,7.9348,5.3407,3.2044,2.2889,0.91556,0.76296,-1.5259,-2.8993,-6.2563,-9.6133,-9.6133,-9.1556,-9.003,-8.3926,-9.3081,-9.4607,-10.529,-10.529,-11.444,-9.7659,-11.902,-14.344,-15.259,-15.717,-15.87,-16.785,-19.074,-17.09,-16.175,-13.581,-10.987,-4.7304,-0.91556,-0,0.76296,2.5941,3.6622,2.1363,-2.4415,-6.7141,-13.581,-19.99,-26.704,-30.061,-33.876,-36.47,-40.742,-46.388,-52.644,-57.985,-61.953,-64.394,-68.361,-71.108,-74.16,-74.77,-75.076,-74.618,-74.77,-72.481,-69.735,-67.751,-64.394,-61.342,-59.816,-57.68,-57.985,-58.29,-59.358,-58.901,-56.154,-50.966,-46.999,-43.336,-39.369,-36.775,-37.08,-38.606,-40.132,-41.81,-44.71,-46.236,-48.677,-47.914,-49.898,-50.813,-52.492,-50.813,-49.745,-49.287,-47.456,-44.862,-41.658,-37.843,-37.996,-36.622,-37.538,-37.538,-37.996,-36.622,-33.723,-30.671,-29.298,-27.619,-26.093,-22.889,-20.905,-18.311,-18.769,-16.327,-16.327,-17.09,-17.243,-16.175,-13.886,-11.902,-9.9185,-5.6459,-1.8311,3.8148,7.7822,12.665,16.48,23.194,27.314,30.824,32.35,36.164,39.521,42.268,45.32,48.524,49.287,52.95,54.17,54.781,53.102,53.102,50.203,48.372,46.541,45.473,43.794,42.879,41.353,41.353,41.2,43.031,44.252,45.167,43.794,44.404,44.252,46.083,47.914,49.287,50.813,52.339,52.339,51.729,48.524,45.32,42.726,40.437,37.233,34.944,30.824,27.161,22.126,17.548,13.276,9.1556,4.5778,-0.45778,-6.1037,-10.987,-18.006,-21.363,-23.347,-23.652,-25.941,-27.772,-29.756,-28.23,-25.788,-22.126,-19.99,-16.633,-13.886,-9.4607,-7.1718,-3.5096,-1.9837,-0.61037,-1.9837,-0.76296,1.8311,6.4089,10.529,15.412,19.837,23.194,24.567,26.856,28.84,33.57,35.249,36.164,34.944,35.859,34.639,31.892,27.161,22.584,16.327,10.987,6.5615,1.6785,-4.5778,-7.3244,-10.987,-12.36,-14.801,-13.581,-11.139,-10.224,-10.224,-9.1556,-8.3926,-6.7141,-3.9674,1.3733,4.5778,8.8504,12.207,16.175,16.785,16.938,16.327,17.243,15.259,11.75,8.6978,6.2563,0.15259,-6.1037,-12.513,-14.801,-18.464,-22.584,-27.772,-35.554,-44.862,-52.339,-58.443,-62.716,-68.209,-71.108,-74.465,-75.838,-79.196,-80.111,-82.247,-82.705,-82.4,-79.653,-77.212,-74.007,-71.261,-66.225,-64.089,-60.579,-56.459,-51.118,-49.44,-48.219,-47.151,-45.93,-48.372,-54.018,-60.427,-63.936,-68.667,-69.735,-72.176,-72.481,-75.991,-77.212,-79.501,-78.433,-79.958,-81.027,-83.468,-88.351,-92.929,-96.896,-103,-106.97,-109.71,-110.02,-111.85,-111.7,-110.17,-104.83,-99.49,-94.607,-91.098,-86.673,-83.468,-81.179,-80.111,-79.043,-79.043,-77.67,-78.738,-79.501,-79.806,-78.738,-78.738,-79.348,-81.179,-84.841,-90.487,-94.302,-95.676,-95.981,-97.507,-96.896,-95.828,-94.913,-97.659,-97.354,-96.896,-96.591,-97.659,-103.46,-108.8,-112.16,-113.53,-112,-113.38,-114.6,-117.5,-117.8,-117.19,-112,-104.53,-96.896,-90.487,-86.978,-83.621,-79.043,-75.228,-70.956,-66.988,-62.41,-60.732,-57.68,-57.222,-57.985,-59.511,-60.579,-62.563,-63.173,-62.716,-61.647,-59.816,-58.901,-60.121,-58.443,-57.527,-53.407,-48.982,-42.268,-35.859,-30.671,-27.924,-25.483,-22.584,-19.227,-20.447,-21.516,-23.652,-23.499,-24.11,-22.736,-24.11,-23.347,-22.736,-24.11,-27.161,-29.756,-30.976,-30.061,-28.077,-23.652,-23.347,-23.957,-26.093,-26.704,-30.213,-33.723,-37.538,-41.047,-44.557,-46.083,-45.625,-44.252,-43.489,-43.031,-43.947,-42.268,-40.895,-37.385,-33.418,-25.483,-18.769,-13.581,-10.224,-8.3926,-9.1556,-9.3081,-9.6133,-9.6133,-11.75,-10.987,-11.444,-8.0874,-3.9674,-0.91556,1.2207,4.5778,9.1556,13.123,16.327,20.295,22.126,27.467,29.45,32.96,34.791,37.385,37.08,38.606,40.437,42.879,43.947,45.625,46.999,50.203,52.339,54.17,53.407,53.255,50.966,51.271,50.05,49.287,47.151,46.388,45.167,45.32,43.641,44.252,45.93,51.881,56.154,59.816,60.427,59.816,57.375,57.833,60.121,63.936,68.209,74.007,80.721,86.825,90.487,96.438,100.25,104.07,107.58,112.31,115.36,116.89,116.58,115.82,113.53,112.16,110.32,110.32,108.95,108.8,108.04,107.73,107.12,108.65,111.24,115.05,118.26,121.46,125.28,130.31,135.35,140.84,143.44,144.66,144.05,143.28,141.15,140.69,143.28,146.95,149.24,151.83,153.97,156.41,156.87,158.7,159.92,159.76,159.15,157.48,153.51,149.24,144.66,140.39,135.5,129.25,122.07,118.72,114.14,110.17,107.73,106.66,105.29,103.61,101.63,100.71,101.17,102.69,104.53,108.19,110.48,110.32,110.02,110.78,112.31,113.38,113.07,112.31,111.7,113.07,113.22,113.99,109.87,104.07,101.47,99.643,96.133,92.776,89.724,85.91,81.179,78.433,72.787,70.345,69.582,69.277,68.514,66.073,63.478,61.953,60.274,57.222,54.323,53.255,50.356,47.304,45.015,43.184,40.284,39.064,38.301,38.301,37.538,35.096,32.35,30.824,29.145,31.129,31.587,34.028,35.707,35.554,32.044,28.84,27.009,27.161,26.551,22.889,16.327,12.818,7.1718,2.2889,-3.357,-7.6296,-11.292,-10.834,-9.4607,-10.529,-12.513,-13.733,-15.717,-17.548,-21.821,-22.889,-25.636,-27.314,-28.687,-27.314,-25.483,-22.736,-16.022,-8.0874,-1.9837,2.7467,8.5452,14.954,17.548,20.753,20.905,22.889,22.736,20.295,17.701,16.327,17.853,20.6,21.821,24.11,23.957,23.804,21.516,19.837,15.107,10.681,6.2563,2.2889,-0.76296,-2.8993,-5.1881,-6.7141,-8.5452,-9.3081,-9.7659,-8.5452,-10.376,-12.665,-16.48,-19.074,-22.126,-25.483,-28.077,-29.145,-31.129,-31.587,-31.281,-30.366,-30.061,-28.382,-26.246,-23.499,-21.21,-18.464,-16.022,-14.039,-13.123,-9.4607,-9.1556,-9.003,-9.9185,-9.6133,-11.444,-9.6133,-8.3926,-9.3081,-9.9185,-10.681,-12.055,-12.36,-15.717,-17.701,-19.99,-20.753,-22.584,-22.889,-23.652,-24.11,-25.178,-25.483,-26.551,-27.772,-28.077,-24.72,-22.584,-20.295,-18.616,-16.022,-15.412,-15.107,-16.175,-16.327,-17.853,-18.311,-18.159,-16.022,-13.581,-10.071,-8.6978,-6.5615,-7.477,-7.0193,-6.4089,-5.0356,-3.5096,-3.5096,-4.4252,-5.0356,-7.1718,-9.4607,-12.36,-13.886,-16.327,-17.396,-18.006,-16.785,-15.564,-13.428,-12.055,-10.681,-10.224,-10.071,-10.834,-8.8504,-8.24,-5.1881,-3.0519,-0.91556,-0.91556,-0.61037,-0.30519,-0,-0,0.30519,-0.61037,-2.7467,-5.4933,-7.477,-12.207,-14.344,-18.006,-20.6,-24.262,-27.772,-30.976,-34.181,-36.317,-37.233,-38.453,-38.911,-41.658,-43.336,-44.404,-44.404,-44.557,-43.794,-45.473,-46.999,-47.914,-48.372,-48.677,-47.609,-48.524,-45.625,-43.336,-41.047,-39.674,-36.164,-32.197,-28.84,-27.161,-24.567,-22.584,-19.074,-17.396,-15.412,-14.344,-11.139,-10.071,-7.0193,-6.2563,-4.883,-2.5941,1.0681,3.357,5.0356,6.2563,7.6296,7.9348,10.376,12.055,16.175,19.684,26.551,31.434,37.233,41.353,44.557,46.693,51.576,57.222,62.41,66.378,72.024,76.296,82.858,89.267,95.37,101.02,105.29,108.95,112.46,116.73,122.53,126.35,130.16,131.53,134.89,137.18,138.86,137.94,138.86,138.55,137.18,134.28,131.23,128.64,126.19,124.52,124.21,122.68,121.92,119.63,117.5,114.44,112.16,109.41,106.2,102.54,100.41,99.185,97.964,94.76,92.776,88.504,86.673,83.926,81.942,79.501,77.975,76.601,72.329,66.988,64.547,60.427,58.596,56.764,55.696,53.407,51.576,48.83,44.252,38.759,32.807,28.23,25.788,23.194,19.227,12.818,7.477,-0.76296,-7.477,-15.412,-20.142,-20.6,-19.684,-21.516,-25.788,-29.603,-31.587,-36.164,-38.453,-39.674,-38.911,-40.132,-44.252,-49.287,-53.102,-55.086,-57.985,-61.495,-64.547,-67.293,-68.056,-71.413,-72.176,-75.533,-77.517,-81.637,-84.841,-89.267,-93.387,-97.049,-99.185,-101.47,-101.02,-98.88,-95.981,-95.676,-93.234,-90.64,-86.978,-84.994,-79.958,-75.381,-70.345,-65.31,-58.901,-54.781,-48.524,-42.268,-32.655,-24.873,-16.938,-12.36,-7.1718,-1.8311,3.357,8.0874,12.665,16.633,20.142,23.804,29.145,32.96,36.47,38.453,39.369,39.064,41.353,44.71,47.609,50.508,52.644,54.476,59.816,62.716,66.836,69.124,73.397,75.686,78.89,81.332,86.367,93.539,100.71,107.58,115.97,122.07,129.86,135.81,140.69,141.45,142.67,142.98,141.3,139.16,135.81,132.15,130.47,129.86,130.92,131.08,131.69,131.53,130.92,130.31,128.48,125.89,124.06,121.16,117.95,112,106.51,102.08,100.71,98.117,96.133,93.997,91.403,86.062,79.196,71.108,65.004,56.307,49.898,42.116,34.333,26.246,19.837,12.513,6.1037,1.6785,-1.9837,-6.4089,-10.071,-14.801,-18.464,-24.873,-28.687,-30.061,-29.756,-31.129,-34.791,-39.827,-44.252,-49.287,-52.034,-55.238,-58.748,-66.836,-72.176,-76.449,-79.653,-82.858,-85.147,-88.198,-89.114,-89.267,-87.13,-86.673,-86.215,-90.64,-93.539,-96.438,-98.422,-100.25,-99.185,-98.117,-96.591,-97.201,-95.523,-94.913,-94.302,-95.981,-96.591,-97.201,-94.607,-92.318,-90.182,-87.13,-82.095,-75.838,-69.43,-63.784,-57.222,-53.407,-48.372,-45.473,-42.116,-37.385,-34.639,-33.57,-30.213,-27.467,-25.33,-25.025,-23.041,-22.584,-21.058,-20.905,-19.379,-17.853,-13.886,-11.75,-10.376,-9.003,-6.7141,-4.883,-2.2889,-0.91556,1.2207,-0.61037,-1.0681,-1.9837,-1.8311,1.2207,3.357,5.0356,8.3926,10.834,13.276,16.938,23.041,28.535,34.181,37.233,40.59,43.489,44.71,44.862,44.252,44.252,44.404,44.252,45.778,47.609,48.83,46.388,46.083,44.252,40.132,34.944,31.587,27.772,25.33,24.11,25.33,25.788,28.535,29.45,30.366,30.824,32.044,34.028,38.453,41.81,41.81,39.369,33.723,27.009,21.516,15.107,10.987,7.9348,6.7141,4.7304,4.883,6.2563,10.376,13.581,16.022,15.107,14.496,13.886,13.886,12.818,12.818,10.529,9.7659,10.529,12.36,13.733,14.191,13.428,13.886,12.665,11.444,7.1718,4.5778,1.5259,-0.15259,-1.9837,-4.12,-7.6296,-11.597,-13.123,-12.513,-13.123,-10.681,-9.003,-7.9348,-7.7822,-9.3081,-11.292,-11.444,-9.9185,-7.477,-4.4252,-0.91556,0.76296,3.9674,6.4089,8.8504,10.224,10.376,10.834,12.36,14.039,14.801,12.97,12.513,9.4607,7.1718,4.7304,4.12,4.7304,5.9511,5.9511,5.0356,4.4252,4.883,5.0356,6.8667,7.3244,6.8667,3.9674,0.91556,-3.6622,-7.1718,-10.376,-15.564,-20.753,-24.567,-28.535,-30.213,-32.197,-32.502,-34.333,-34.181,-33.418,-32.807,-34.181,-36.775,-41.81,-47.609,-54.628,-60.427,-66.683,-70.65,-76.144,-82.095,-89.572,-95.981,-101.78,-106.66,-110.32,-114.29,-117.65,-120.09,-124.36,-128.03,-132.15,-131.84,-130.77,-126.8,-120.4,-112.31,-105.75,-99.185,-93.081,-86.673,-82.4,-78.585,-76.907,-74.465,-72.787,-70.803,-70.803,-72.939,-75.991,-77.822,-78.89,-79.653,-82.095,-83.163,-85.91,-86.367,-89.114,-91.708,-94.913,-96.591,-98.422,-98.575,-99.49,-100.86,-101.32,-98.27,-94.607,-88.656,-84.231,-76.907,-69.735,-60.427,-51.576,-43.336,-36.927,-30.061,-24.415,-19.379,-16.633,-11.902,-8.6978,-3.9674,-1.2207,3.8148,8.3926,13.428,16.785,19.99,26.551,32.044,33.265,32.96,31.129,30.976,30.519,30.976,31.434,32.96,36.164,39.979,43.794,47.151,52.492,56.307,58.596,61.037,60.427,60.732,61.037,63.173,63.784,64.699,66.378,67.904,68.819,70.04,72.634,76.754,78.89,83.468,86.673,92.776,95.523,98.422,99.185,99.49,98.88,96.133,92.166,88.198,84.841,82.4,78.738,75.228,66.988,57.68,46.083,36.317,27.467,20.447,14.954,11.597,6.2563,0.91556,-1.8311,-1.9837,-0.15259,3.9674,4.5778,5.0356,4.4252,4.12,4.883,4.5778,3.9674,3.5096,2.2889,1.5259,0.76296,4.12,6.2563,8.6978,9.003,9.9185,9.6133,10.224,10.681,13.123,17.243,22.736,26.551,30.061,31.281,31.587,27.924,25.941,22.279,19.227,15.717,10.834,5.4933,0.45778,-2.4415,-5.4933,-10.987,-13.276,-14.344,-14.039,-14.039,-11.75,-9.003,-4.12,1.0681,5.9511,9.003,11.292,11.292,7.7822,3.9674,2.4415,-1.0681,-2.5941,-3.2044,-1.2207,-0.45778,0.61037,-0.30519,-1.2207,-1.5259,-3.5096,-7.477,-12.97,-15.87,-13.733,-15.107,-17.853,-20.905,-22.584,-26.704,-32.502,-38.606,-42.116,-43.947,-46.388,-51.271,-56.612,-59.816,-58.596,-59.358,-59.664,-59.206,-54.628,-49.745,-42.116,-35.859,-30.671,-26.856,-22.279,-17.243,-9.7659,-1.6785,7.6296,13.886,20.753,25.025,27.924,28.687,27.467,23.499,19.99,18.616,20.905,22.889,26.093,27.009,29.603,28.993,26.093,20.753,14.954,10.529,5.4933,1.2207,0.91556,1.5259,1.3733,-2.8993,-6.1037,-10.224,-13.733,-18.311,-21.668,-21.973,-19.99,-19.532,-20.6,-22.126,-21.821,-20.447,-18.616,-20.6,-24.567,-26.399,-25.025,-23.652,-22.126,-20.447,-19.532,-19.227,-17.396,-18.921,-20.753,-25.636,-29.756,-33.876,-36.164,-38.453,-42.726,-47.456,-50.966,-53.102,-57.222,-61.19,-64.699,-69.887,-73.397,-77.975,-84.231,-89.877,-95.828,-100.56,-103.61,-106.81,-107.43,-109.41,-108.04,-108.8,-107.58,-109.87,-112.16,-114.29,-111.85,-109.26,-106.05,-102.39,-97.201,-93.844,-89.114,-84.536,-79.348,-75.533,-69.735,-64.547,-58.748,-53.865,-50.966,-49.593,-49.287,-50.203,-50.05,-52.339,-52.797,-51.576,-46.083,-41.353,-36.622,-33.57,-29.45,-24.262,-18.159,-12.36,-7.3244,-5.3407,-3.8148,-3.0519,-0.91556,1.8311,6.8667,12.36,19.074,27.467,36.164,42.268,47.151,50.508,58.748,66.836,74.16,81.484,88.046,92.776,96.896,100.56,101.47,98.575,96.286,93.844,93.692,91.556,89.114,88.656,90.487,92.624,92.013,91.25,91.098,89.724,89.267,87.13,85.757,82.553,79.043,73.092,66.836,60.732,55.238,50.508,47.914,47.761,49.44,48.067,46.693,42.421,37.385,32.502,29.45,27.314,24.11,21.21,21.21,23.347,28.077,29.756,32.044,32.197,31.587,30.061,30.976,33.57,38.453,41.81,43.336,44.099,44.404,42.268,39.674,34.944,31.739,24.72,17.853,10.376,5.0356,-0.30519,-4.12,-10.681,-17.09,-21.668,-24.11,-26.856,-29.756,-33.113,-33.723,-34.181,-32.197,-32.807,-31.281,-30.366,-28.535,-27.924,-28.535,-30.366,-32.197,-34.181,-33.113,-31.587,-27.772,-24.11,-20.295,-16.938,-10.376,-4.883,-0.61037,3.0519,5.7985,8.24,10.071,9.7659,9.003,7.6296,8.3926,5.4933,3.0519,-1.2207,-5.3407,-10.529,-15.107,-20.6,-25.178,-29.908,-31.739,-32.96,-32.197,-32.807,-32.197,-32.044,-31.434,-29.145,-26.399,-23.957,-21.516,-19.837,-18.769,-18.921,-18.006,-19.227,-19.379,-21.821,-24.567,-27.314,-30.671,-33.265,-33.876,-36.317,-39.979,-44.71,-46.693,-53.102,-57.375,-59.511,-61.495,-66.53,-68.056,-67.904,-67.751,-70.193,-74.313,-77.67,-78.738,-79.501,-76.907,-74.923,-71.108,-69.43,-66.378,-66.378,-64.699,-64.852,-64.241,-62.868,-60.579,-60.274,-59.816,-59.053,-54.933,-51.881,-47.151,-42.726,-35.249,-28.382,-19.532,-11.597,-5.9511,-1.2207,4.5778,11.597,16.785,19.837,24.262,27.314,32.96,37.385,40.895,41.047,40.437,39.674,39.216,38.148,37.233,36.622,36.317,33.57,32.807,29.603,28.077,27.161,28.84,29.145,29.908,30.976,30.976,29.756,29.145,27.467,26.551,24.873,25.33,24.262,25.178,26.093,29.603,30.671,32.197,35.096,38.453,42.268,48.524,53.56,58.901,59.664,62.716,65.004,65.157,63.784,60.579,57.222,53.865,49.44,46.999,42.879,41.81,41.658,42.879,41.047,40.284,39.979,39.216,36.775,35.096,33.57,33.57,32.96,32.044,28.382,28.077,27.314,29.298,28.993,28.84,27.161,25.941,23.957,22.279,19.99,19.684,19.532,20.142,20.753,24.415,28.535,32.044,34.639,36.012,36.317,35.707,33.876,32.807,29.756,26.399,19.99,16.022,11.444,8.24,3.357,0.76296,-1.0681,-2.7467,-4.4252,-4.4252,-5.1881,-5.6459,-7.7822,-10.224,-15.564,-18.159,-18.921,-16.022,-13.733,-12.055,-11.139,-9.9185,-8.6978,-9.003,-8.0874,-6.4089,-6.7141,-4.12,-1.9837,2.5941,5.9511,7.477,8.24,9.7659,11.597,14.801,18.769,22.126,23.652,24.873,24.72,25.178,26.551,30.824,33.113,36.47,38.301,38.301,37.69,36.164,36.012,34.028,31.892,30.824,26.399,23.804,20.6,19.379,16.175,10.834,4.2726,-0.30519,-3.9674,-7.0193,-11.139,-13.886,-15.564,-16.785,-18.159,-15.87,-14.954,-13.428,-11.292,-8.6978,-8.3926,-7.0193,-5.0356,-3.8148,-3.9674,-1.3733,0.30519,1.3733,2.5941,6.2563,7.1718,8.5452,8.6978,9.003,7.9348,6.8667,6.2563,5.3407,3.0519,0.61037,-2.5941,-3.2044,-5.1881,-4.4252,-4.12,-3.357,-4.4252,-3.6622,-2.8993,-2.1363,0.15259,1.9837,0.91556,-3.2044,-6.5615,-8.6978,-13.733,-17.243,-20.295,-21.516,-25.178,-28.382,-31.129,-34.486,-37.843,-38.911,-39.064,-39.521,-39.216,-35.249,-32.96,-32.807,-37.538,-40.742,-45.167,-49.745,-54.476,-57.222,-60.121,-62.716,-65.157,-64.394,-63.784,-65.004,-69.43,-72.176,-77.212,-82.095,-87.741,-90.182,-93.844,-96.438,-96.744,-97.964,-99.033,-98.27,-99.033,-98.727,-101.02,-102.08,-103.46,-101.32,-96.286,-88.504,-82.4,-76.144,-69.277,-62.563,-57.985,-53.407,-50.356,-47.304,-46.083,-43.947,-41.505,-39.521,-38.606,-37.69,-36.622,-35.707,-37.385,-39.521,-43.031,-43.336,-45.625,-47.609,-48.677,-50.356,-52.492,-53.865,-55.086,-54.476,-55.086,-50.356,-45.015,-39.216,-34.028,-28.84,-27.314,-27.009,-26.551,-24.72,-22.279,-20.295,-20.753,-17.548,-16.022,-14.344,-15.412,-17.701,-20.142,-21.821,-22.736,-24.567,-27.161,-28.23,-31.587,-35.249,-41.963,-46.236,-49.745,-52.034,-53.865,-54.628,-57.833,-61.8,-66.53,-68.667,-70.345,-68.972,-67.598,-65.31,-62.105,-58.596,-56.917,-56.459,-58.138,-59.206,-59.816,-59.969,-60.274,-58.138,-59.206,-61.037,-63.631,-65.462,-67.598,-69.582,-67.598,-63.478,-61.342,-60.579,-62.563,-63.936,-68.972,-73.244,-76.144,-79.501,-83.163,-86.825,-90.335,-91.25,-92.776,-92.929,-95.828,-98.575,-99.948,-99.796,-99.948,-101.47,-106.05,-109.41,-112.46,-115.21,-120.24,-124.52,-129.25,-131.38,-132.6,-130.92,-129.4,-127.11,-126.04,-124.52,-125.58,-126.35,-129.25,-133.06,-138.86,-141.91,-144.35,-146.34,-148.32,-150.46,-154.73,-157.17,-159.31,-159.61,-161.9,-161.75,-159.61,-156.56,-155.03,-152.44,-151.52,-149.54,-148.78,-143.59,-139.32,-132.3,-126.5,-121.62,-115.97,-106.81,-98.27,-90.335,-83.621,-77.822,-75.533,-72.939,-71.871,-67.751,-64.699,-61.342,-59.053,-54.933,-48.677,-40.132,-31.739,-24.262,-19.074,-13.428,-10.987,-7.3244,-6.2563,-5.3407,-5.3407,-5.4933,-5.9511,-7.6296,-9.6133,-11.75,-12.818,-11.597,-12.207,-10.681,-10.681,-9.6133,-8.5452,-4.883,-1.0681,-0,-0.61037,-0.61037,1.0681,3.8148,8.0874,14.191,18.769,23.957,27.009,31.434,35.401,40.742,47.151,54.933,61.953,69.735,77.67,86.215,93.234,101.63,107.88,112.92,117.19,121.77,126.5,130.62,135.81,142.06,145.42,148.01,149.85,152.29,153.81,155.49,157.32,159.15,158.85,160.68,163.88,166.78,171.36,176.7,180.52,184.94,187.84,190.44,190.59,191.2,192.42,196.69,200.05,204.02,207.07,208.59,208.29,208.9,210.27,214.09,216.38,219.58,219.73,220.8,222.17,225.23,228.89,231.18,233.77,237.43,241.55,245.67,249.79,256.51,261.54,266.12,268.72,271.31,273.14,275.89,277.57,278.79,279.7,280.62,280.62,281.69,281.23,281.38,278.33,275.12,270.09,266.88,263.53,259.25,253.91,250.25,246.13,240.79,236.06,234.23,231.64,229.8,226.29,223.09,218.51,214.09,210.88,208.9,206.46,202.95,200.2,198.68,196.08,193.33,189.37,187.84,185.25,184.33,182.2,179.75,176.24,172.43,168.31,164.49,159.46,154.27,148.78,145.42,142.52,140.39,135.65,128.94,122.23,116.73,110.02,103.31,95.37,86.978,76.907,68.972,61.647,57.985,52.492,47.609,43.031,39.216,35.249,31.587,28.077,26.246,22.736,19.532,15.259,13.581,10.376,9.6133,7.7822,6.1037,4.12,1.6785,-1.9837,-6.8667,-12.36,-15.87,-19.227,-20.142,-20.6,-18.616,-21.21,-25.636,-30.366,-33.57,-34.791,-37.843,-40.59,-41.2,-43.184,-42.879,-42.421,-43.794,-47.761,-49.44,-51.271,-53.407,-56.307,-61.037,-66.836,-75.228,-83.468,-89.572,-96.896,-102.39,-107.73,-110.17,-113.07,-115.82,-118.41,-122.68,-126.8,-127.87,-128.94,-127.87,-125.43,-119.48,-112.92,-103.92,-96.896,-90.487,-84.994,-82.247,-80.111,-78.433,-76.449,-73.397,-70.04,-63.021,-58.138,-53.102,-50.203,-46.846,-46.846,-46.083,-43.794,-40.437,-37.385,-34.944,-34.639,-34.333,-32.96,-30.519,-31.892,-32.502,-34.028,-34.791,-36.317,-37.233,-39.064,-43.184,-46.693,-50.203,-52.797,-55.544,-57.833,-56.459,-58.748,-63.021,-69.887,-74.618,-80.416,-86.215,-91.098,-94.455,-99.643,-102.39,-102.08,-97.659,-91.25,-83.468,-77.975,-71.718,-64.394,-56.154,-48.219,-41.505,-34.944,-29.45,-23.804,-19.227,-17.701,-17.09,-19.99,-20.447,-23.041,-24.415,-25.636,-26.093,-25.33,-21.973,-18.006,-14.649,-13.123,-12.818,-13.733,-13.581,-14.954,-17.09,-22.126,-25.941,-29.145,-32.807,-37.843,-42.726,-49.135,-54.476,-58.901,-60.732,-64.699,-67.904,-72.329,-73.702,-75.381,-75.381,-76.144,-77.67,-79.196,-81.484,-83.621,-84.231,-84.231,-84.231,-86.825,-86.978,-87.283,-87.283,-88.809,-91.556,-93.844,-94.455,-93.234,-91.556,-90.03,-86.825,-85.299,-84.231,-82.705,-76.601,-70.04,-61.037,-53.56,-46.236,-37.996,-28.23,-16.938,-4.4252,7.477,18.616,26.399,34.639,40.895,46.846,52.644,58.748,63.784,71.108,79.348,86.978,95.981,104.07,109.71,116.73,121.92,128.48,134.59,140.84,146.49,152.44,159.31,166.33,172.89,180.06,186.01,192.57,197,201.73,203.41,203.86,204.93,207.98,212.71,218.67,225.07,230.87,236.21,241.1,243.84,246.59,248.27,250.4,250.86,251.63,251.93,250.71,249.49,247.96,245.52,241.1,235.91,230.87,224.92,220.65,218.21,216.83,215.61,213.93,213.78,215.77,218.51,220.19,219.28,220.65,220.95,223.85,225.07,229.04,232.25,235.3,238.81,243.69,248.57,252.69,256.51,260.32,261.85,265.51,268.72,271.16,270.55,268.26,264.6,260.17,255.13,249.03,242.47,237.89,230.57,223.24,215,208.9,201.57,195.17,188.45,182.04,175.48,170.45,167.09,164.65,161.75,160.37,157.02,155.19,153.51,152.59,153.05,154.58,158.24,162.66,166.94,169.99,171.67,172.12,170.14,168.77,167.09,166.63,165.26,163.12,161.44,161.14,157.78,153.81,150.15,147.1,140.84,135.2,129.55,125.74,121.46,119.17,118.72,118.56,117.65,116.89,114.9,113.99,112.16,111.09,108.34,106.97,104.22,100.71,97.354,95.218,92.624,89.572,85.91,82.4,77.059,72.329,68.056,67.446,65.92,63.936,62.105,60.732,59.969,58.138,56.307,54.628,52.797,52.492,49.593,47.761,44.557,41.2,37.538,35.707,36.47,38.148,38.453,39.216,38.606,40.59,40.895,41.963,41.658,43.641,45.473,47.151,48.372,49.44,50.203,49.135,48.067,48.067,43.336,39.979,38.606,40.284,39.827,39.064,37.538,34.028,30.213,27.772,22.736,17.548,12.665,11.444,8.3926,5.7985,2.5941,-0.91556,-5.1881,-9.003,-12.665,-16.785,-19.074,-20.905,-24.72,-26.399,-28.535,-29.603,-31.129,-31.739,-32.35,-33.57,-35.554,-36.775,-38.301,-39.064,-41.353,-43.184,-47.914,-50.813,-54.018,-55.849,-56.764,-55.696,-54.781,-55.696,-58.596,-63.326,-68.514,-72.939,-79.501,-86.978,-97.964,-105.75,-112.16,-116.12,-119.17,-122.53,-126.35,-129.55,-130.62,-128.48,-127.57,-126.04,-126.8,-127.26,-128.94,-128.03,-126.65,-123.45,-121.92,-119.79,-119.17,-119.79,-121.46,-123.75,-126.19,-129.09,-133.67,-134.28,-137.79,-139.93,-140.84,-142.52,-144.51,-146.03,-146.03,-144.66,-143.89,-143.44,-144.96,-145.88,-146.79,-147.56,-149.08,-149.24,-149.69,-151.37,-152.75,-156.71,-160.37,-163.12,-167.55,-171.67,-175.94,-178.23,-182.65,-187.38,-193.18,-195.62,-196.39,-197.15,-196.54,-195.17,-193.03,-189.98,-187.08,-185.86,-186.32,-185.25,-185.4,-184.33,-183.42,-182.96,-180.21,-175.48,-173.5,-172.43,-172.28,-172.89,-174.87,-175.33,-179.45,-181.28,-183.57,-185.4,-187.69,-191.05,-196.08,-200.51,-204.78,-209.81,-214.24,-217.75,-224.31,-229.8,-236.52,-241.4,-246.74,-249.18,-250.1,-249.03,-247.05,-245.06,-245.22,-243.39,-244.15,-240.94,-237.74,-233.31,-231.48,-228.13,-226.91,-227.21,-227.52,-226.6,-228.13,-226.29,-220.65,-211.19,-204.93,-199.29,-198.68,-198.68,-198.98,-198.37,-197.15,-193.03,-189.67,-187.23,-185.71,-182.2,-180.82,-177.92,-175.48,-171.36,-168.16,-164.34,-156.56,-143.89,-131.38,-120.85,-111.55,-101.02,-94.76,-88.046,-83.773,-79.653,-77.822,-77.975,-77.364,-73.244,-68.056,-61.647,-54.933,-44.404,-34.639,-23.652,-16.175,-11.75,-9.6133,-4.883,2.2889,6.8667,8.24,9.6133,8.5452,6.8667,2.2889,-0,-3.0519,-3.2044,-3.9674,-3.0519,-2.4415,-3.357,-2.2889,0.15259,1.0681,3.8148,6.5615,9.7659,7.477,6.1037,3.8148,-0.15259,-6.5615,-12.36,-20.6,-30.671,-44.557,-56.001,-66.683,-75.533,-82.247,-83.01,-83.773,-84.689,-87.283,-91.098,-92.318,-93.997,-96.438,-97.201,-97.812,-94.76,-92.929,-92.166,-94.455,-95.828,-96.133,-93.844,-90.487,-84.841,-82.095,-79.348,-78.127,-74.465,-72.024,-67.598,-65.004,-62.563,-61.19,-61.342,-61.342,-60.579,-59.664,-58.138,-58.29,-57.833,-58.596,-58.138,-58.138,-54.628,-54.628,-54.933,-54.933,-54.933,-57.527,-59.816,-61.8,-62.563,-63.173,-61.495,-61.8,-61.953,-62.868,-62.868,-64.241,-65.92,-67.141,-69.43,-71.718,-73.55,-75.381,-74.465,-77.517,-79.348,-83.773,-85.757,-89.114,-93.234,-97.354,-99.49,-102.24,-103.46,-103.46,-102.54,-104.37,-104.37,-105.9,-103.46,-101.17,-95.828,-92.624,-90.03,-88.046,-85.757,-84.231,-80.874,-77.364,-70.803,-64.547,-55.849,-50.356,-42.879,-35.859,-26.856,-18.616,-9.9185,-2.2889,6.2563,14.649,24.11,32.35,41.505,47.761,54.476,60.427,67.446,74.313,81.942,89.877,98.117,106.2,116.12,123.45,131.38,138.1,146.64,154.12,161.14,166.17,170.75,175.33,180.82,186.16,191.81,195.01,200.96,205.39,209.05,210.88,212.41,213.32,215.92,220.34,224.92,230.11,235.76,241.55,247.96,251.78,257.73,260.63,263.53,265.51,265.21,264.9,263.68,262,262.92,264.29,266.73,268.11,270.55,271.61,273.14,273.75,273.75,272.84,272.68,274.21,276.04,276.04,275.58,273.29,271.61,268.72,269.48,270.55,270.7,269.48,268.11,266.58,264.44,261.24,260.78,258.19,256.97,251.93,247.2,243.69,241.25,238.2,234.69,229.5,224.16,218.67,213.78,208.44,204.93,201.88,200.35,198.68,195.78,192.42,189.06,187.08,184.18,180.52,177.16,173.35,170.14,165.11,161.44,158.39,155.64,154.42,154.27,153.36,153.2,150.15,147.4,144.05,141.76,138.71,134.43,129.86,128.03,126.96,125.58,124.21,122.84,118.56,113.83,108.65,105.14,101.63,98.727,95.065,92.471,88.961,85.91,82.705,81.637,79.043,75.533,70.956,67.446,64.547,63.784,64.547,66.073,65.157,64.852,61.953,61.495,59.053,56.764,52.797,47.456,42.879,38.453,33.57,31.587,27.619,24.415,20.295,18.769,18.464,16.785,15.107,12.818,8.3926,6.8667,4.883,0.15259,-6.7141,-12.207,-17.853,-22.126,-25.483,-29.603,-34.028,-39.674,-49.135,-57.07,-66.225,-73.092,-80.874,-87.436,-93.844,-99.796,-106.05,-113.38,-120.4,-127.72,-133.37,-136.72,-140.54,-141.3,-142.37,-141.15,-141.76,-141.61,-139.77,-137.94,-137.79,-139.32,-139.62,-138.4,-139.01,-136.72,-134.59,-129.55,-126.19,-122.84,-121.31,-119.48,-118.72,-117.95,-117.19,-115.82,-114.14,-110.63,-110.02,-111.7,-117.04,-122.84,-128.33,-131.23,-135.65,-139.93,-144.81,-149.24,-151.98,-155.34,-159.46,-160.68,-162.36,-160.99,-162.36,-164.04,-164.95,-164.65,-166.63,-167.55,-167.39,-166.48,-165.72,-165.72,-166.63,-164.95,-162.82,-159.15,-154.58,-148.63,-147.25,-145.27,-145.27,-146.95,-147.86,-147.1,-145.57,-143.74,-145.57,-149.54,-156.25,-159.46,-161.14,-162.36,-166.94,-170.14,-176.55,-184.18,-195.47,-206,-213.32,-217.75,-219.89,-220.34,-222.79,-226.45,-232.25,-233.47,-235.15,-237.13,-241.25,-241.86,-240.18,-237.74,-238.81,-239.27,-238.35,-238.35,-240.03,-239.57,-233.31,-218.97,-201.88,-180.36,-157.32,-134.74,-120.24,-113.07,-106.05,-98.422,-95.065,-89.877,-81.79,-75.228,-75.381,-75.228,-71.261,-65.31,-65.004,-66.53,-70.498,-76.601,-79.501,-80.264,-83.316,-84.689,-84.536,-80.721,-78.89,-79.958,-90.182,-103.76,-119.33,-134.43,-145.27,-149.54,-150.61,-150.91,-152.9,-153.51,-158.39,-167.09,-180.82,-194.71,-209.97,-224.46,-238.81,-250.4,-260.32,-268.56,-274.36,-278.63,-280.16,-278.63,-280.01,-280.92,-284.13,-287.64,-288.09,-287.94,-286.57,-285.2,-283.36,-278.63,-276.19,-272.38,-269.63,-264.29,-260.02,-253.76,-248.12,-240.64,-233.62,-226.14,-218.82,-211.04,-203.1,-193.64,-186.01,-177.92,-171.21,-162.66,-153.66,-143.28,-133.06,-122.99,-112.61,-100.56,-89.877,-77.975,-67.293,-55.544,-44.404,-31.739,-19.837,-7.0193,3.9674,14.191,24.415,34.486,43.031,52.339,61.037,69.887,77.364,84.841,91.403,97.354,102.85,107.27,110.32,115.51,119.63,123.91,127.57,132.15,135.35,140.54,146.03,151.37,158.09,164.49,170.45,177.01,183.57,191.81,199.13,208.44,216.68,225.68,236.82,246.44,255.75,265.66,274.82,283.67,292.37,302.44,309,317.39,323.5,329.91,333.41,336.47,337.69,339.67,340.43,340.74,341.04,339.98,337.53,336.31,334.18,333.41,331.13,329.29,328.07,328.23,328.99,329.91,332.8,334.03,334.64,336.01,336.01,336.77,336.47,337.84,339.37,341.96,343.33,344.25,344.1,345.16,347.45,351.42,354.17,357.37,358.59,357.52,354.63,353.25,352.64,351.57,349.28,347.3,345.62,345.62,345.16,345.01,343.49,342.42,341.35,341.2,340.59,341.81,343.94,348.52,352.79,356.3,359.81,363.32,365,367.75,370.34,374.77,379.8,384.53,390.03,396.13,400.4,403.61,405.29,409.25,411.08,413.98,416.43,418.87,419.78,420.55,422.22,423.44,424.97,426.65,426.04,425.73,423.9,422.38,421.31,420.85,420.39,422.53,423.6,424.05,422.07,420.09,415.36,411.24,407.12,402.84,397.81,393.69,389.42,384.99,379.19,373.85,367.29,362.25,356.46,351.57,345.01,338.76,332.04,325.63,318.77,313.43,307.93,302.9,295.11,290.23,285.35,281.08,276.96,272.68,270.39,267.8,264.6,261.54,256.97,254.22,251.78,250.71,247.2,242.16,236.98,231.03,225.23,219.12,212.87,208.44,202.64,197.76,192.27,186.77,181.43,175.94,171.82,168,163.27,157.17,151.98,148.63,143.59,140.39,135.81,131.69,128.18,124.06,119.48,114.29,109.1,103.31,97.812,93.692,87.741,82.4,76.907,72.787,67.904,63.936,60.274,57.833,54.476,50.813,47.456,44.404,40.284,37.538,33.57,29.45,26.399,23.804,21.973,20.142,17.701,14.801,11.75,10.529,7.477,5.4933,1.5259,-0.45778,-3.8148,-7.3244,-9.6133,-11.75,-14.954,-17.853,-21.21,-23.499,-27.467,-31.281,-35.401,-38.148,-41.2,-42.573,-44.099,-45.32,-46.083,-47.456,-48.982,-48.219,-48.067,-47.609,-48.219,-48.219,-50.203,-51.118,-52.339,-53.56,-54.628,-55.391,-56.764,-59.206,-62.563,-65.004,-67.293,-68.361,-70.956,-73.092,-76.601,-78.738,-80.264,-82.4,-83.468,-82.858,-82.4,-81.637,-81.79,-81.332,-81.637,-80.721,-79.653,-77.822,-76.754,-75.686,-74.618,-74.923,-74.923,-74.313,-71.413,-68.361,-65.92,-63.173,-61.953,-59.664,-58.901,-57.68,-57.07,-56.764,-56.917,-57.07,-57.222,-57.68,-59.053,-59.053,-60.274,-60.884,-63.326,-65.92,-69.277,-71.108,-72.634,-73.702,-74.313,-73.397,-72.481,-69.735,-68.056,-66.53,-67.293,-65.31,-63.631,-61.19,-58.901,-55.238,-52.339,-50.508,-50.05,-50.966,-52.339,-54.476,-58.138,-59.816,-63.021,-64.241,-65.767,-65.157,-66.225,-66.683,-66.53,-67.293,-70.04,-73.702,-78.28,-82.705,-86.825,-88.351,-92.013,-96.438,-103.46,-108.49,-116.28,-121.92,-126.65,-130.62,-133.06,-135.65,-136.72,-138.71,-141.76,-142.98,-144.81,-147.1,-151.68,-156.25,-161.29,-167.55,-172.73,-178.84,-185.86,-191.2,-197,-203.1,-210.88,-219.43,-230.41,-240.79,-252.39,-262,-269.78,-272.99,-275.43,-277.72,-278.94,-277.41,-273.9,-266.58,-258.64,-246.13,-232.86,-218.67,-205.85,-193.33,-187.84,-184.03,-180.97,-179.91,-177.47,-172.28,-166.48,-159,-153.51,-147.25,-142.37,-134.59,-128.33,-124.67,-121.77,-118.87,-118.11,-114.29,-107.88,-101.47,-97.507,-98.575,-103.31,-105.9,-105.59,-103.76,-102.39,-98.727,-99.185,-102.08,-108.8,-113.22,-111.39,-105.44,-102.69,-101.93,-100.41,-97.507,-88.809,-57.222,-10.529,39.674,84.231,112,124.06,117.95,110.48,121.62,154.27,199.13,231.79,237.74,215.31,175.33,136.72,111.24,92.166,88.504,95.065,94.607,75.381,46.693,22.279,4.12,-10.529,-17.548,-19.684,-17.243,-21.363,-31.587,-49.44,-68.819,-89.724,-107.43,-121.62,-131.84,-141,-149.85,-159.31,-169.38,-182.35,-193.64,-206.15,-217.9,-231.79,-244.3,-257.27,-269.78,-281.23,-291.45,-299.69,-304.73,-308.39,-307.47,-308.85,-310.37,-313.73,-315.26,-316.32,-315.1,-315.41,-316.17,-316.32,-315.26,-313.27,-310.22,-306.1,-301.68,-297.56,-294.35,-293.89,-291.6,-289.01,-285.65,-281.84,-276.35,-269.33,-262,-254.68,-247.35,-239.27,-232.25,-225.23,-216.99,-210.27,-201.12,-194.4,-186.47,-180.52,-173.19,-166.02,-159.46,-154.73,-149.39,-143.59,-135.96,-129.09,-121.62,-115.97,-109.26,-104.53,-97.201,-90.64,-81.79,-72.939,-65.615,-59.664,-54.476,-49.135,-43.489,-36.927,-30.061,-23.957,-17.243,-10.987,-3.0519,2.7467,8.6978,13.276,19.532,25.025,30.213,35.249,41.505,46.999,54.933,61.19,68.514,75.228,82.247,87.13,94.15,102.54,109.26,115.97,123.45,131.69,140.08,148.01,157.48,164.04,172.58,180.06,188.3,196.54,206.46,214.55,222.79,230.26,236.67,243.39,251.32,259.25,269.48,277.87,287.48,294.66,302.29,307.78,313.73,321.05,327.46,333.72,339.37,343.18,347.3,350.96,354.93,356.91,359.81,362.87,366.83,367.6,368.97,370.34,371.72,371.72,372.02,371.11,368.36,365.76,364.39,361.03,359.2,355.85,352.49,348.98,345.01,342.27,339.06,336.01,333.87,330.67,329.6,325.94,323.34,320.14,318.46,315.56,312.97,310.22,307.78,305.49,303.51,300.91,296.79,293.44,291.45,288.4,286.72,283.67,282.3,279.55,276.04,273.9,271,267.95,265.21,261.24,257.73,253,248.88,242.01,236.98,229.8,223.85,215.46,207.68,199.13,189.52,180.67,172.58,163.88,154.42,144.66,137.18,130.62,126.35,120.09,114.29,108.04,103.76,98.88,93.539,88.198,82.858,77.975,73.244,68.361,64.394,59.053,56.001,50.813,45.32,38.759,33.265,27.772,21.973,17.243,12.818,9.003,5.1881,-0.30519,-5.0356,-11.902,-17.243,-24.11,-30.213,-37.385,-44.099,-50.203,-55.238,-59.969,-63.631,-67.446,-72.176,-77.517,-80.569,-84.078,-86.367,-90.335,-93.692,-95.523,-99.948,-103.46,-104.37,-105.75,-106.2,-106.66,-106.05,-106.97,-105.59,-107.27,-106.51,-106.2,-104.68,-103.15,-101.63,-99.796,-98.575,-96.133,-94.302,-93.539,-91.403,-88.656,-85.147,-84.689,-81.79,-79.348,-76.754,-75.533,-74.313,-73.244,-70.04,-67.293,-63.784,-61.8,-59.358,-59.816,-58.596,-59.969,-62.105,-65.462,-69.887,-73.092,-74.618,-75.381,-75.381,-77.517,-79.958,-82.705,-82.553,-84.536,-86.367,-88.656,-90.64,-93.234,-95.676,-97.507,-97.201,-93.387,-90.03,-90.335,-89.724,-90.793,-91.098,-91.556,-88.809,-86.978,-84.536,-83.468,-85.604,-86.978,-88.504,-90.335,-92.471,-95.828,-98.422,-103.46,-106.66,-108.95,-109.56,-111.24,-112.92,-116.43,-120.24,-123.14,-123.29,-123.6,-124.67,-126.8,-127.72,-131.99,-137.18,-144.81,-151.37,-158.24,-164.19,-167.09,-168.77,-169.07,-169.23,-169.38,-166.63,-166.33,-165.41,-165.26,-162.66,-163.58,-163.43,-162.66,-161.6,-160.99,-159.15,-157.02,-154.73,-153.2,-151.83,-155.49,-158.85,-161.75,-161.29,-163.73,-166.33,-169.99,-172.28,-175.18,-176.85,-178.23,-178.99,-180.97,-181.59,-181.13,-179.45,-181.59,-183.42,-186.32,-186.93,-187.54,-188.6,-188.76,-187.69,-187.08,-186.32,-189.21,-191.81,-194.1,-195.32,-196.69,-195.47,-192.72,-190.28,-188.6,-188.15,-189.98,-190.74,-190.89,-189.52,-189.83,-187.23,-184.64,-181.13,-179.14,-174.41,-169.84,-163.73,-157.93,-153.97,-152.13,-150.46,-150,-148.47,-147.71,-146.49,-147.71,-148.32,-148.47,-150.3,-152.9,-154.58,-154.73,-156.1,-157.32,-156.56,-158.54,-158.54,-160.83,-158.54,-157.02,-154.88,-154.12,-155.03,-157.02,-160.37,-162.66,-160.68,-157.93,-151.52,-147.25,-147.4,-149.39,-148.17,-144.96,-140.08,-136.11,-134.59,-132.3,-129.86,-127.41,-121.92,-119.02,-115.05,-114.14,-113.83,-110.78,-103.15,-90.945,-76.754,-65.615,-57.985,-55.086,-52.492,-52.492,-49.135,-45.473,-41.658,-40.437,-41.81,-47.456,-56.154,-66.378,-73.702,-78.89,-81.484,-83.163,-80.264,-80.569,-84.841,-92.166,-99.948,-105.9,-111.24,-119.48,-130.47,-143.89,-154.88,-168.77,-180.82,-195.17,-204.78,-210.12,-213.48,-216.53,-218.21,-220.34,-222.02,-226.14,-226.91,-227.67,-225.23,-222.79,-216.53,-210.88,-205.39,-198.98,-191.2,-183.42,-174.26,-164.49,-153.2,-143.13,-133.37,-127.87,-120.4,-113.07,-107.27,-101.93,-99.185,-97.507,-95.523,-93.692,-89.419,-88.046,-87.283,-86.367,-83.621,-81.027,-78.738,-74.77,-70.65,-68.056,-65.767,-64.241,-61.647,-60.884,-59.053,-59.053,-58.29,-61.342,-63.478,-64.699,-65.92,-66.225,-65.004,-63.784,-62.868,-63.478,-62.258,-64.699,-65.004,-65.462,-65.31,-66.988,-68.667,-69.43,-71.108,-74.313,-77.67,-83.163,-89.572,-96.591,-97.812,-101.47,-103.76,-107.73,-110.17,-110.48,-109.26,-106.97,-104.07,-100.1,-95.218,-92.166,-86.062,-79.653,-72.329,-67.598,-62.563,-58.901,-55.544,-52.339,-49.593,-47.609,-44.71,-43.794,-41.353,-40.59,-39.521,-39.521,-38.301,-38.759,-37.996,-36.927,-34.639,-31.129,-27.924,-24.11,-19.532,-15.87,-10.071,-2.7467,7.3244,17.701,31.739,45.778,60.427,74.16,86.978,98.27,109.1,119.33,129.55,136.88,145.57,151.52,157.17,161.29,164.65,166.33,167.7,170.45,172.73,174.26,175.33,174.57,175.94,178.08,181.43,182.81,184.79,187.23,189.98,192.72,194.71,197,198.98,200.66,204.17,206.46,208.9,210.73,214.85,218.05,221.41,222.79,223.24,222.79,222.94,223.7,224.77,227.36,231.18,233.62,238.65,243.08,247.51,249.18,251.93,254.83,257.27,259.25,260.02,258.95,256.66,252.85,250.1,246.59,245.22,246.28,247.2,244.3,242.01,241.25,240.64,240.64,240.64,240.49,240.03,237.13,235.45,233.31,233.31,233.47,236.21,236.82,237.13,237.59,237.13,236.06,233.47,231.64,229.8,228.13,226.6,222.63,219.12,213.32,208.14,201.12,194.56,189.83,187.38,186.32,184.18,180.97,177.62,174.41,172.28,167.24,164.8,162.51,161.6,158.24,156.1,152.9,150,146.18,142.52,138.25,135.04,131.84,128.79,124.21,119.94,115.36,111.24,108.19,107.58,104.68,101.32,97.964,93.692,88.656,85.452,84.536,85.452,82.247,78.585,75.076,72.939,68.972,64.241,59.358,53.255,45.625,39.674,36.927,36.47,33.876,33.113,28.687,24.262,20.295,18.769,16.48,14.039,10.834,6.7141,1.2207,-7.0193,-15.87,-22.126,-26.551,-27.924,-29.756,-31.281,-33.418,-34.333,-36.164,-38.453,-41.658,-43.794,-46.693,-49.593,-52.187,-52.492,-51.729,-47.914,-47.761,-47.151,-48.219,-48.372,-50.356,-49.593,-48.83,-49.593,-51.424,-54.628,-58.596,-62.258,-65.004,-66.836,-70.345,-72.176,-73.855,-73.702,-74.618,-75.838,-78.433,-81.942,-85.147,-87.893,-92.776,-96.744,-103,-106.51,-109.71,-112.77,-116.73,-117.04,-114.44,-110.63,-107.73,-105.29,-102.08,-99.49,-98.117,-95.218,-96.133,-98.727,-102.69,-105.9,-111.24,-116.89,-122.68,-127.26,-131.38,-135.96,-141.61,-146.18,-150.46,-152.59,-153.81,-152.9,-152.29,-152.29,-153.81,-155.64,-157.78,-160.53,-164.49,-167.85,-172.28,-175.63,-180.67,-181.59,-181.28,-180.36,-178.23,-175.79,-174.41,-173.35,-174.57,-176.4,-180.67,-184.48,-192.72,-198.52,-203.86,-206.15,-207.98,-209.81,-212.1,-212.56,-213.63,-212.56,-213.32,-214.55,-218.51,-222.02,-224.46,-226.14,-227.97,-228.43,-227.52,-227.21,-228.89,-229.8,-231.94,-230.87,-229.04,-223.09,-219.43,-217.44,-215.61,-212.56,-208.75,-205.24,-201.12,-196.23,-192.11,-186.62,-183.11,-180.52,-176.09,-169.99,-162.36,-154.58,-146.64,-138.1,-133.37,-127.57,-119.94,-112.16,-107.43,-100.71,-93.081,-85.91,-75.838,-61.495,-46.999,-32.96,-24.415,-18.159,-14.191,-6.5615,4.12,17.853,35.554,56.917,75.991,88.961,100.1,117.8,138.71,160.07,182.65,202.49,220.5,238.65,255.59,275.89,290.08,295.88,292.21,284.13,276.65,270.7,266.73,267.65,274.36,281.84,287.64,290.99,288.09,277.57,261.24,245.83,229.8,211.95,196.23,186.47,180.52,174.11,164.19,151.83,136.57,119.94,97.964,75.381,54.018,36.164,20.295,6.4089,-6.5615,-19.684,-32.502,-44.252,-60.427,-74.923,-88.351,-100.41,-110.63,-118.56,-126.5,-134.74,-143.59,-149.24,-153.2,-155.34,-160.22,-163.27,-167.39,-170.75,-174.72,-176.85,-178.53,-179.75,-180.52,-179.91,-177.77,-172.58,-169.53,-163.58,-156.71,-148.93,-142.83,-134.89,-126.04,-118.41,-112.31,-106.05,-99.643,-91.556,-86.062,-77.517,-68.361,-58.138,-46.846,-35.249,-23.957,-12.818,-1.9837,10.071,21.516,34.944,47.456,59.969,70.345,81.79,92.929,103.46,113.53,122.99,133.06,143.89,152.9,163.88,172.58,180.52,186.16,193.64,201.27,207.68,213.63,217.9,222.63,228.13,233.01,239.11,243.54,246.89,247.96,247.96,247.2,247.51,250.1,253.61,255.29,256.2,256.66,259.41,261.09,265.36,268.72,272.99,276.35,280.62,283.82,286.57,290.08,294.5,299.84,304.42,308.69,311.9,312.36,316.02,319.22,321.82,321.21,319.68,317.55,314.8,312.66,311.9,310.83,309.31,306.41,304.88,300.61,295.72,289.01,284.28,278.94,274.06,269.33,264.6,261.54,259.71,257.42,255.9,254.52,254.37,252.54,249.34,245.22,244.15,242.01,240.94,240.79,240.03,240.33,241.55,242.93,244.61,244.15,244,244,245.52,244.45,245.37,245.67,246.89,246.74,244.15,240.18,236.37,231.94,227.82,222.48,216.83,209.51,203.56,197.61,193.95,189.06,185.25,181.28,178.53,176.09,173.04,169.99,167.85,165.72,166.33,165.26,165.56,164.04,163.73,160.83,158.09,153.97,149.85,145.42,142.37,139.16,136.11,131.08,126.65,120.7,117.34,113.53,110.78,106.36,101.17,95.523,91.861,87.13,82.247,75.686,69.277,63.478,59.358,55.849,52.644,48.067,45.32,41.353,37.843,34.028,31.129,29.603,27.314,24.567,23.041,20.142,17.548,13.733,12.513,10.071,9.1556,5.4933,4.12,-0,-3.9674,-6.8667,-9.9185,-13.123,-16.022,-18.311,-20.447,-22.736,-23.194,-26.246,-29.145,-32.502,-32.96,-34.791,-36.012,-37.538,-39.827,-43.031,-46.693,-51.881,-60.274,-70.04,-76.601,-83.773,-89.419,-96.286,-101.93,-107.88,-111.24,-113.38,-114.14,-115.51,-116.89,-118.41,-119.33,-120.7,-121.01,-123.91,-126.19,-130.01,-133.21,-138.55,-143.44,-146.64,-149.39,-151.83,-154.73,-159.31,-161.9,-165.87,-167.39,-168,-165.87,-166.02,-167.09,-168.61,-170.45,-171.97,-173.5,-173.8,-174.26,-174.41,-173.96,-176.85,-179.6,-184.33,-187.38,-190.59,-192.57,-195.17,-199.29,-202.8,-203.56,-204.78,-207.37,-209.36,-210.12,-212.71,-215.61,-220.19,-225.84,-232.4,-238.5,-244.76,-251.01,-256.81,-260.63,-263.07,-264.14,-267.65,-269.63,-271.61,-271.61,-271.77,-272.23,-272.84,-273.45,-274.51,-273.14,-271.61,-269.78,-266.58,-261.7,-258.03,-252.54,-247.51,-241.4,-239.27,-238.35,-238.5,-238.65,-237.74,-236.37,-236.21,-236.82,-238.35,-237.28,-239.27,-240.64,-243.23,-244.91,-246.44,-245.83,-243.54,-239.42,-237.59,-234.84,-233.31,-230.26,-227.97,-225.68,-224.46,-222.63,-218.97,-213.02,-207.53,-201.88,-198.83,-196.84,-194.4,-190.44,-187.69,-182.96,-178.69,-174.57,-169.07,-164.04,-160.53,-156.41,-153.81,-150.3,-148.78,-148.32,-150.61,-152.9,-152.44,-150.46,-150.76,-152.29,-153.81,-156.41,-159.61,-162.05,-165.11,-167.09,-167.39,-164.49,-160.07,-156.71,-153.05,-149.69,-148.93,-145.27,-140.39,-134.28,-129.25,-121.46,-115.67,-113.83,-115.51,-117.04,-118.41,-119.48,-122.99,-126.04,-129.55,-131.38,-134.28,-136.72,-142.22,-146.95,-147.56,-146.03,-142.22,-136.72,-133.37,-126.35,-121.62,-117.5,-116.73,-115.05,-112.77,-110.48,-111.85,-113.07,-113.53,-113.22,-113.83,-115.05,-116.12,-113.68,-111.39,-108.19,-106.66,-104.07,-104.07,-105.59,-106.66,-106.81,-110.17,-114.44,-121.31,-125.89,-131.84,-133.67,-134.89,-133.52,-132.76,-130.62,-129.25,-129.55,-129.25,-125.13,-121.77,-118.72,-116.28,-111.55,-108.95,-107.88,-107.43,-100.25,-91.098,-81.79,-73.092,-61.342,-48.677,-32.655,-19.99,-9.3081,-0.91556,13.428,26.704,35.554,37.538,39.064,42.421,45.473,49.898,55.544,59.511,61.342,61.037,61.037,57.985,55.391,51.424,48.524,41.81,35.249,30.213,26.856,24.72,24.873,25.025,25.33,25.33,26.093,27.009,30.671,32.807,34.791,35.249,34.791,33.418,31.129,29.145,27.314,23.652,21.821,17.701,14.496,8.5452,5.0356,-0.91556,-8.24,-15.717,-24.415,-33.876,-42.879,-52.034,-56.459,-60.732,-65.004,-71.261,-76.144,-81.179,-86.215,-93.692,-101.17,-107.43,-112.31,-120.09,-126.5,-134.13,-137.64,-142.98,-147.86,-152.9,-158.09,-162.51,-165.87,-169.68,-170.9,-175.18,-177.31,-181.13,-183.72,-186.77,-189.83,-192.42,-194.1,-195.78,-197.61,-199.59,-201.57,-203.41,-205.54,-209.2,-210.73,-211.95,-211.8,-212.56,-213.48,-214.85,-215.92,-217.44,-218.36,-221.72,-223.4,-223.85,-220.04,-217.6,-212.71,-210.58,-205.54,-202.03,-195.78,-190.59,-184.94,-179.6,-174.87,-168.77,-163.43,-159.46,-153.66,-146.79,-139.01,-134.28,-128.18,-122.99,-117.34,-112,-107.73,-102.24,-95.676,-87.588,-80.111,-74.465,-68.667,-63.936,-56.612,-52.797,-46.236,-40.437,-34.028,-30.671,-25.178,-19.379,-13.886,-8.3926,-3.6622,1.2207,7.7822,11.902,17.548,21.821,26.399,30.671,36.164,41.505,46.083,50.203,54.781,59.511,65.92,70.193,75.686,80.569,87.588,93.997,100.1,105.75,110.93,116.28,121.16,124.82,129.09,132.76,138.4,142.98,148.78,152.13,156.56,161.44,165.56,168.77,172.28,175.02,177.47,180.21,184.33,186.93,191.5,194.4,198.07,199.9,202.95,204.47,206.31,209.2,212.71,216.22,221.26,226.29,232.25,233.77,235.45,235.45,237.13,240.18,243.54,246.89,249.64,251.01,251.93,253.15,256.05,257.73,260.48,261.09,261.54,259.56,258.95,258.03,257.42,256.66,255.9,256.2,257.27,255.75,254.98,253.76,255.59,256.81,259.87,262.31,263.37,264.9,266.73,267.95,268.72,269.48,271.31,272.84,275.73,278.79,281.23,283.67,286.57,289.47,290.69,292.37,294.05,295.88,298.32,300,302.59,303.35,305.49,307.17,308.08,308.54,307.63,306.56,305.95,304.73,305.19,303.51,303.05,301.68,300.91,299.23,298.32,296.64,294.5,292.83,291.6,290.69,290.69,289.93,289.77,287.79,288.86,290.23,290.84,291.15,290.99,290.69,290.84,290.69,292.21,292.67,294.05,292.52,291.45,289.62,289.77,291.91,294.2,297.25,299.08,299.69,300.45,302.74,305.8,305.8,305.34,303.81,304.88,304.42,304.27,303.66,303.05,301.07,299.39,299.69,301.68,300.91,302.44,303.66,304.73,305.34,305.95,305.95,303.96,302.9,302.29,301.07,300.76,298.93,298.32,297.4,298.01,297.1,295.72,292.67,289.47,286.11,282.3,279.7,278.02,272.68,267.49,262,258.03,251.93,245.52,239.11,232.4,226.91,221.87,217.75,213.63,208.75,204.17,196.84,191.2,186.32,182.5,178.08,174.57,171.36,168.31,164.95,161.44,155.64,150.61,143.59,136.88,130.31,125.74,121.62,118.11,116.43,114.75,113.07,113.38,111.7,110.93,108.95,108.65,107.73,108.19,108.34,107.27,105.75,104.53,102.39,101.78,99.033,96.286,91.861,89.724,88.656,88.198,86.367,84.689,83.316,81.179,77.517,72.024,67.446,64.241,60.274,59.358,57.985,55.696,52.339,48.219,45.015,43.641,41.505,40.132,40.742,41.658,38.301,34.791,29.908,28.382,24.415,20.905,16.938,14.191,11.292,7.3244,2.7467,-1.3733,-5.9511,-10.529,-16.022,-20.753,-25.178,-27.619,-30.213,-34.181,-39.216,-45.473,-52.797,-61.953,-69.887,-75.076,-80.416,-82.247,-85.604,-89.724,-93.387,-96.744,-99.185,-103.31,-107.12,-109.71,-111.7,-111.55,-114.44,-116.43,-117.19,-117.34,-120.24,-123.75,-124.36,-122.99,-121.77,-124.36,-128.03,-130.01,-133.82,-136.88,-139.93,-141.91,-142.37,-139.32,-135.81,-134.74,-135.65,-135.81,-138.25,-141.76,-144.05,-143.13,-143.89,-144.96,-146.49,-145.73,-143.59,-140.69,-138.55,-137.94,-137.49,-131.84,-125.74,-120.24,-115.82,-110.48,-109.1,-108.65,-110.02,-109.56,-109.1,-107.43,-105.29,-106.51,-110.63,-114.6,-120.55,-125.13,-127.26,-126.35,-127.72,-127.72,-126.65,-125.89,-125.43,-124.06,-122.38,-119.79,-119.02,-116.89,-115.97,-119.17,-128.03,-137.79,-149.24,-159.76,-168.77,-179.45,-190.13,-199.29,-205.39,-209.97,-215.77,-223.09,-235.45,-243.08,-249.49,-255.29,-263.99,-275.43,-283.52,-285.04,-282.6,-276.35,-273.29,-276.96,-282.14,-271.92,-248.57,-221.41,-199.9,-179.75,-170.6,-178.69,-196.39,-213.32,-220.34,-210.73,-194.71,-179.14,-172.28,-175.79,-188.6,-204.47,-225.99,-244.45,-258.8,-265.97,-268.56,-270.55,-274.67,-279.85,-286.26,-289.77,-295.57,-298.62,-302.13,-302.74,-302.13,-300.3,-298.47,-296.64,-298.93,-301.68,-301.22,-295.88,-288.09,-275.28,-263.53,-250.56,-240.79,-231.48,-228.43,-230.57,-233.92,-233.16,-229.96,-223.24,-216.68,-206.76,-193.64,-177.31,-169.99,-169.38,-176.7,-191.2,-208.44,-222.02,-218.21,-194.56,-160.22,-130.92,-114.14,-106.81,-111.24,-115.97,-117.95,-111.55,-96.591,-79.043,-70.345,-71.413,-77.059,-87.13,-98.422,-110.93,-129.86,-147.86,-163.88,-177.77,-191.05,-200.96,-214.09,-226.91,-239.57,-249.79,-258.19,-263.68,-269.94,-274.82,-280.77,-285.04,-292.98,-301.68,-312.2,-321.97,-333.87,-345.77,-357.37,-367.6,-376.14,-382.4,-389.26,-392.16,-396.44,-397.66,-399.79,-399.64,-401.01,-401.01,-402.08,-402.54,-401.47,-399.79,-398.27,-395.06,-393.99,-393.08,-393.38,-392.01,-390.64,-386.21,-382.55,-377.82,-374.31,-370.34,-366.99,-364.54,-363.63,-360.73,-361.8,-362.1,-361.8,-358.59,-358.75,-358.29,-356.61,-353.86,-352.49,-351.12,-351.27,-349.74,-348.83,-344.1,-339.98,-334.33,-328.23,-320.14,-312.2,-303.66,-297.86,-291.3,-287.03,-281.69,-276.65,-267.65,-259.87,-249.79,-243.39,-233.47,-223.55,-211.95,-200.05,-188.3,-176.85,-165.26,-155.64,-145.12,-137.49,-129.7,-124.82,-118.72,-113.53,-108.04,-102.85,-95.981,-89.114,-83.926,-79.958,-74.313,-68.514,-62.41,-57.833,-53.102,-50.966,-45.93,-39.521,-30.824,-22.889,-14.649,-7.3244,1.6785,9.3081,19.379,27.161,37.538,46.083,57.07,68.514,81.027,94.302,108.49,121.92,135.04,145.73,156.41,164.95,174.57,183.87,194.1,203.56,210.88,216.99,220.5,223.55,226.6,228.43,230.41,231.03,234.53,237.28,240.18,242.93,246.28,249.79,253.91,257.27,260.78,263.22,267.49,270.09,275.12,279.55,283.97,287.79,293.44,298.32,304.27,309.92,315.87,319.99,324.41,328.84,335.25,337.99,341.96,344.71,348.98,351.57,354.32,356.15,357.22,358.59,359.81,360.73,361.49,360.42,359.51,354.93,352.18,348.37,347.15,344.4,342.57,341.96,341.96,342.27,343.03,344.25,344.4,342.57,343.64,343.94,346.08,347.61,351.57,353.71,355.54,357.83,360.42,362.87,364.54,364.09,362.25,358.75,356.15,352.95,350.51,345.93,341.5,335.09,328.99,322.89,317.55,312.81,309.46,306.1,303.05,298.17,293.59,286.57,281.69,276.8,272.38,267.04,264.6,261.54,257.88,255.59,255.44,253.91,251.63,250.4,250.71,249.49,251.63,254.37,257.12,258.49,261.09,262.61,265.05,268.41,273.29,277.26,280.31,281.08,282.45,282.3,284.13,285.35,288.09,289.01,291.15,291.76,290.23,288.09,285.5,283.21,280.01,274.51,269.33,263.37,259.71,253.61,248.12,242.77,237.28,231.18,224.46,217.14,208.59,200.2,193.03,186.47,181.28,175.63,171.06,164.19,159.76,155.95,153.51,150.91,148.47,148.17,148.47,147.1,145.88,144.51,144.51,141.76,138.4,133.67,130.47,128.18,129.09,127.72,126.65,125.58,123.29,119.02,113.99,107.58,100.71,91.403,82.705,73.092,65.31,55.849,46.999,39.216,31.281,21.668,12.207,4.4252,-2.1363,-9.7659,-17.548,-26.093,-33.265,-42.421,-49.593,-55.391,-59.664,-63.173,-65.31,-68.514,-70.04,-71.566,-71.871,-74.465,-76.907,-79.501,-81.332,-84.231,-86.062,-87.741,-89.724,-91.098,-91.403,-93.387,-95.523,-96.896,-95.828,-97.812,-98.27,-100.56,-102.69,-105.59,-108.04,-111.55,-115.51,-121.16,-126.04,-132.15,-140.23,-148.93,-155.8,-168.16,-180.97,-193.95,-204.17,-216.38,-229.19,-245.52,-257.27,-256.51,-237.43,-205.39,-161.9,-103.15,-42.116,1.0681,32.655,60.884,83.163,96.896,110.63,117.34,110.63,93.234,75.076,57.68,34.181,32.35,55.544,76.601,90.335,92.166,85.452,74.77,78.433,105.14,132.3,169.23,228.28,276.96,289.93,287.33,300.91,327.16,354.93,385.91,416.58,435.5,431.07,405.13,373.09,344.1,317.39,290.69,269.17,251.01,233.77,211.49,186.47,159.92,132.76,103.76,75.991,49.287,26.246,5.0356,-15.107,-38.606,-59.969,-81.942,-102.85,-126.35,-148.47,-169.38,-189.06,-207.68,-225.53,-242.47,-258.19,-272.53,-281.99,-289.77,-295.11,-303.81,-312.36,-322.43,-329.6,-336.62,-343.18,-349.89,-354.63,-357.98,-358.13,-358.9,-356.91,-356.3,-352.64,-351.42,-347.3,-345.01,-339.06,-332.8,-326.55,-321.51,-316.02,-309.31,-299.84,-289.93,-276.8,-265.82,-252.85,-242.77,-231.03,-222.02,-211.04,-200.35,-189.21,-178.38,-167.7,-157.32,-144.96,-132.3,-119.48,-109.26,-98.422,-89.114,-78.28,-67.598,-55.849,-44.252,-32.655,-20.447,-9.9185,0.45778,10.376,21.058,31.129,38.148,45.93,52.644,61.647,70.04,79.196,87.436,94.607,102.24,109.41,115.82,123.45,129.7,136.72,142.83,148.47,151.98,155.19,158.39,161.14,164.34,168.16,173.04,177.92,181.89,186.77,190.44,195.01,198.68,202.95,205.54,207.68,209.2,209.51,209.51,208.9,206.76,206,206,208.75,210.88,213.63,214.09,215.46,216.99,218.97,220.65,221.56,221.26,222.79,223.4,227.21,230.57,234.69,236.98,241.1,244.45,247.66,251.01,253.91,256.36,258.95,259.25,260.02,260.48,262.46,264.75,267.8,270.55,272.99,275.73,277.72,278.33,280.01,280.47,281.38,280.31,279.24,278.63,277.41,274.97,271.46,268.72,266.58,264.6,264.75,264.29,263.83,263.07,263.83,264.75,265.05,264.9,264.14,262.76,262.76,262.46,263.53,263.83,264.44,263.99,263.22,263.07,262.76,262.31,261.85,258.8,256.36,253.61,253,250.4,247.51,244,241.4,238.96,236.67,233.47,232.09,230.41,229.35,227.06,224.46,222.33,219.89,218.67,218.67,218.36,217.75,215.31,213.02,208.14,205.08,202.95,200.96,197.76,194.86,191.96,190.74,190.13,189.67,188.6,187.69,186.01,184.03,181.43,178.69,176.09,174.11,172.73,172.12,172.58,175.18,176.55,178.53,178.08,177.47,175.63,174.87,174.41,173.19,170.9,167.7,164.34,163.73,163.43,163.27,161.29,162.21,162.97,162.66,159.92,156.25,153.05,149.54,145.88,144.51,142.22,141.91,141,142.22,141.91,142.52,142.06,141.3,140.23,140.08,139.93,141.91,142.37,142.06,139.16,138.71,134.74,131.99,128.79,124.82,121.62,119.33,117.19,116.73,114.44,113.83,111.85,110.02,106.51,100.25,95.218,91.25,88.656,85.299,80.111,74.77,70.956,68.514,63.784,60.427,54.323,47.304,36.775,27.772,20.142,13.886,10.071,6.7141,2.1363,-1.8311,-6.4089,-10.224,-17.548,-23.957,-30.671,-35.707,-41.047,-46.999,-54.323,-61.8,-70.04,-79.806,-89.267,-97.812,-104.07,-107.88,-114.14,-119.02,-125.28,-129.25,-132.91,-135.65,-138.25,-141,-142.83,-142.98,-142.67,-142.83,-143.74,-144.05,-146.34,-148.17,-151.37,-151.68,-153.36,-152.9,-151.83,-149.85,-147.4,-145.73,-144.96,-143.28,-140.54,-138.71,-137.79,-132.76,-128.33,-124.21,-123.14,-122.84,-124.36,-125.58,-125.89,-125.43,-123.14,-121.77,-123.75,-123.45,-124.82,-125.74,-129.86,-133.67,-138.55,-142.67,-147.56,-152.13,-154.42,-157.48,-161.9,-169.23,-175.63,-180.06,-185.25,-189.06,-192.27,-193.33,-196.08,-199.13,-202.95,-207.68,-213.93,-220.34,-227.21,-233.16,-242.16,-247.66,-253.61,-258.19,-262.76,-267.34,-272.84,-279.85,-284.43,-285.96,-287.18,-286.72,-283.82,-278.18,-272.68,-268.72,-265.82,-266.12,-267.8,-268.72,-271.16,-274.06,-279.55,-285.5,-292.06,-296.33,-299.39,-300.3,-302.29,-304.27,-309,-315.1,-321.05,-328.84,-338.6,-343.03,-345.47,-347.15,-350.51,-350.66,-349.74,-349.59,-348.83,-347,-344.4,-339.37,-334.03,-326.85,-321.36,-316.63,-314.04,-311.14,-307.47,-303.66,-300.76,-300.91,-300.3,-294.81,-283.97,-270.39,-256.51,-229.19,-187.84,-138.55,-94.302,-57.833,-30.824,-11.444,-0.76296,5.9511,7.9348,4.883,-3.0519,-10.681,-18.311,-25.483,-30.824,-36.927,-50.05,-66.073,-81.484,-99.796,-123.6,-141,-148.78,-149.69,-152.59,-161.9,-169.07,-170.29,-169.68,-168.16,-170.9,-174.26,-177.47,-178.84,-181.74,-184.33,-184.33,-184.94,-186.16,-186.01,-188.3,-193.18,-199.59,-206.31,-213.78,-219.58,-224.92,-226.14,-226.75,-226.45,-223.24,-219.58,-216.83,-215.77,-219.89,-226.29,-232.4,-234.84,-237.43,-236.52,-234.53,-232.7,-231.64,-231.03,-233.31,-236.21,-235.76,-230.26,-227.36,-226.29,-231.64,-238.35,-247.51,-256.66,-267.8,-277.87,-289.01,-298.62,-306.86,-311.14,-315.26,-316.48,-319.53,-322.73,-328.53,-330.21,-331.43,-332.19,-332.8,-329.45,-326.7,-323.19,-322.89,-321.82,-323.34,-322.28,-320.75,-317.24,-314.95,-310.98,-306.56,-301.98,-296.95,-291.45,-284.28,-277.72,-273.14,-267.8,-265.21,-260.93,-258.19,-251.47,-244.15,-234.53,-225.07,-214.7,-204.17,-192.72,-182.81,-170.9,-158.54,-144.66,-132.91,-120.09,-108.19,-95.218,-84.384,-73.092,-62.41,-53.407,-45.015,-35.554,-26.093,-15.564,-5.1881,5.3407,13.581,23.652,30.824,38.301,45.778,54.018,61.953,68.667,75.381,82.858,89.572,97.049,104.68,112.46,118.26,125.58,131.23,139.01,145.73,152.59,160.07,167.85,175.33,183.72,190.89,197,201.27,207.53,212.26,219.43,227.21,235.76,242.77,251.63,260.02,268.87,275.89,280.92,284.89,288.09,288.55,290.99,291.91,294.05,295.42,297.1,297.86,296.49,295.27,296.79,298.01,299.54,299.54,301.98,303.81,306.71,306.86,306.56,303.96,303.05,299.54,295.42,292.21,289.93,288.25,288.4,288.71,289.16,288.25,287.79,285.81,284.43,281.69,276.96,273.45,271.46,270.55,269.33,267.65,266.43,264.29,262.46,257.88,254.83,250.86,248.27,246.28,243.08,240.18,236.98,231.64,224.77,218.67,213.78,208.29,203.86,199.13,196.84,195.78,195.32,195.47,195.62,194.56,193.03,192.57,193.33,192.27,192.88,191.81,192.11,190.28,188.15,183.72,179.45,176.55,174.41,172.73,171.67,169.84,168.16,164.95,165.56,165.56,166.33,162.05,156.1,151.52,148.78,144.05,137.79,130.62,125.89,122.07,119.79,117.19,114.75,109.26,105.59,99.796,94.607,90.182,85.91,82.095,80.111,77.212,73.855,67.598,60.579,52.339,44.862,38.148,32.197,23.347,18.616,15.259,10.681,6.1037,2.4415,-1.6785,-4.4252,-5.9511,-7.0193,-11.597,-14.191,-18.311,-22.431,-27.924,-32.502,-38.301,-45.167,-50.661,-56.001,-60.579,-65.462,-74.007,-82.247,-92.013,-100.41,-110.32,-118.56,-125.13,-126.65,-127.26,-130.77,-133.52,-137.03,-140.54,-143.13,-146.34,-150.61,-157.17,-162.05,-164.8,-163.27,-162.05,-160.22,-160.07,-162.36,-165.26,-167.85,-169.53,-169.84,-172.12,-172.73,-174.87,-176.4,-180.52,-182.5,-184.79,-185.4,-185.71,-185.86,-185.4,-185.86,-186.32,-187.69,-189.37,-190.74,-193.79,-195.47,-198.98,-202.95,-207.68,-211.04,-214.09,-216.38,-218.97,-218.36,-217.14,-217.6,-220.34,-221.41,-224.46,-226.45,-229.19,-232.25,-236.06,-236.52,-234.99,-233.77,-234.99,-238.04,-241.86,-242.32,-242.62,-239.88,-235.91,-230.57,-228.89,-226.75,-225.07,-223.85,-219.12,-212.56,-205.85,-201.42,-197,-191.96,-188.76,-185.25,-184.33,-183.72,-184.64,-185.09,-184.94,-185.4,-186.93,-186.16,-186.47,-186.32,-187.99,-187.08,-186.16,-184.79,-182.81,-177.92,-173.35,-170.29,-165.72,-162.82,-162.21,-160.68,-159,-157.02,-157.93,-157.63,-158.85,-157.48,-155.95,-154.58,-151.98,-147.86,-144.35,-140.08,-132.91,-124.52,-117.34,-110.02,-105.9,-100.86,-97.354,-94.76,-96.438,-97.964,-99.796,-101.32,-104.37,-106.51,-110.78,-114.44,-119.94,-121.77,-124.21,-127.57,-134.43,-138.25,-142.52,-147.25,-154.12,-158.54,-161.6,-161.14,-158.24,-152.59,-149.24,-147.71,-148.01,-146.03,-146.34,-144.2,-143.44,-140.84,-140.69,-140.23,-141.76,-142.22,-145.12,-149.24,-151.68,-151.07,-147.71,-140.54,-133.98,-129.4,-129.7,-130.01,-131.53,-130.31,-130.31,-131.38,-132.15,-128.48,-123.91,-118.41,-112.92,-106.36,-100.56,-92.929,-87.893,-81.179,-76.754,-72.634,-70.345,-65.92,-59.206,-50.661,-43.794,-36.164,-28.84,-18.769,-11.139,-4.12,1.8311,6.8667,10.376,15.564,21.516,28.84,37.538,48.524,57.833,67.141,73.855,81.332,87.13,92.318,92.013,92.776,95.37,98.575,103.31,106.51,107.43,108.49,106.51,102.54,94.607,87.436,83.773,86.062,85.91,85.452,85.91,89.267,93.387,96.133,101.17,106.05,108.04,107.88,106.97,105.14,98.117,91.098,86.825,87.283,88.351,89.419,90.182,89.419,85.757,82.247,79.806,79.348,78.28,77.212,73.702,72.024,71.871,70.04,65.92,58.138,48.677,41.505,34.333,28.23,19.99,13.123,4.7304,-2.7467,-11.292,-18.311,-24.873,-29.145,-34.486,-39.979,-47.914,-58.901,-69.277,-77.517,-86.062,-91.25,-95.828,-98.727,-103.92,-109.1,-113.07,-117.5,-125.13,-132.76,-142.67,-152.59,-164.19,-171.97,-180.67,-185.86,-191.96,-194.56,-197.45,-198.07,-199.13,-198.37,-197.76,-197.15,-197.91,-196.84,-197.61,-195.78,-195.32,-191.35,-188.91,-186.16,-183.57,-179.91,-177.01,-173.5,-171.67,-168.77,-166.78,-163.43,-161.29,-157.17,-154.88,-150.61,-146.64,-143.89,-141.91,-138.1,-134.74,-131.99,-129.86,-125.43,-121.92,-116.73,-111.85,-106.2,-104.83,-102.08,-99.185,-96.133,-92.013,-87.588,-83.316,-78.89,-74.77,-67.904,-61.495,-52.95,-46.999,-39.521,-31.739,-24.11,-16.327,-9.9185,-3.9674,2.7467,8.24,14.039,18.921,24.72,27.772,31.587,33.265,35.707,37.538,41.658,46.846,50.813,52.95,53.865,53.713,53.255,53.102,55.696,57.833,62.716,68.056,74.618,76.907,79.196,80.416,81.942,83.01,85.452,87.13,89.267,90.487,92.929,94.607,99.033,103.61,110.63,116.12,122.99,132.76,142.22,149.24,154.58,157.93,160.68,161.6,163.27,163.12,161.6,159,158.85,159.31,160.22,160.53,158.54,157.17,155.19,154.42,154.88,156.25,158.54,157.63,158.7,158.39,158.24,156.25,154.88,153.66,154.42,153.97,153.66,153.2,151.07,147.71,145.88,144.51,145.42,144.35,144.66,143.28,141.76,141,139.77,138.86,138.55,137.49,136.42,135.2,136.57,136.42,137.03,136.57,137.79,137.64,136.57,135.81,137.33,139.16,140.69,140.54,140.69,141.61,143.28,142.06,144.2,143.44,143.59,142.52,141.15,139.16,136.57,133.06,130.01,127.26,123.45,119.79,117.5,113.38,111.24,107.73,104.83,100.56,98.117,96.286,92.318,88.046,84.689,81.332,79.958,78.738,79.348,79.806,81.484,81.637,83.773,81.79,81.637,81.332,81.79,80.264,76.601,71.871,69.277,66.53,64.394,61.953,60.732,59.053,59.206,57.833,57.527,55.086,50.661,46.236,45.015,45.778,47.151,46.693,47.609,46.846,45.473,42.421,41.505,40.132,39.216,36.927,33.265,30.213,29.756,30.519,30.976,29.603,30.061,27.314,25.636,23.957,26.093,26.704,28.535,28.23,27.924,27.009,26.093,25.025,25.788,25.33,24.262,19.99,17.243,13.581,12.513,11.292,11.139,11.444,10.071,7.3244,6.2563,5.4933,5.9511,5.1881,5.4933,5.9511,7.6296,9.003,10.071,10.529,10.529,10.834,10.376,10.529,11.597,10.987,11.444,10.529,8.8504,7.1718,7.477,8.3926,10.224,10.071,9.7659,11.292,12.97,11.902,9.6133,7.1718,6.1037,4.12,6.2563,7.1718,6.2563,4.7304,4.883,4.5778,3.357,-0.45778,-1.3733,-1.6785,0.45778,0.30519,0.15259,-0.76296,-1.2207,-2.1363,-3.357,-4.12,-5.3407,-5.9511,-3.9674,-3.2044,-1.2207,-1.0681,-0.91556,-4.7304,-7.9348,-11.902,-15.412,-18.769,-20.142,-21.668,-25.025,-32.35,-39.064,-48.524,-57.833,-67.446,-74.007,-80.416,-83.926,-87.436,-93.234,-98.117,-101.63,-106.36,-110.63,-116.12,-119.94,-124.52,-125.28,-123.14,-117.34,-112.16,-105.9,-101.47,-98.117,-93.692,-88.351,-83.621,-77.059,-72.634,-67.141,-62.868,-59.053,-55.238,-51.118,-46.236,-39.979,-34.028,-27.161,-20.6,-14.649,-12.97,-9.9185,-8.5452,-8.24,-9.1556,-10.987,-13.428,-16.327,-19.684,-24.262,-31.281,-34.486,-38.301,-40.59,-45.473,-46.693,-45.625,-46.541,-46.236,-47.609,-48.067,-48.067,-49.44,-48.067,-47.761,-47.914,-47.456,-45.32,-42.879,-41.353,-38.606,-36.47,-34.944,-31.434,-29.603,-27.772,-28.687,-27.161,-27.009,-25.636,-23.347,-20.142,-17.396,-16.022,-14.801,-13.581,-14.649,-15.717,-17.701,-18.616,-19.379,-18.159,-16.022,-14.191,-14.344,-15.412,-15.564,-15.412,-17.09,-18.769,-21.821,-23.957,-26.704,-27.924,-30.976,-33.876,-36.317,-37.385,-36.775,-35.249,-35.249,-33.57,-34.181,-33.265,-35.554,-37.233,-39.674,-43.336,-45.32,-45.778,-45.625,-44.71,-45.93,-44.862,-44.71,-45.778,-50.356,-51.424,-54.018,-55.544,-55.544,-54.323,-52.644,-52.187,-52.95,-52.644,-51.576,-49.593,-50.356,-50.356,-50.966,-51.576,-52.797,-56.001,-60.579,-61.8,-62.716,-63.478,-63.478,-61.495,-59.511,-57.985,-58.138,-57.07,-59.664,-61.19,-62.105,-60.732,-56.917,-53.102,-50.813,-48.524,-49.898,-48.677,-47.456,-43.947,-38.301,-29.756,-24.262,-23.347,-24.11,-24.415,-25.941,-29.756,-34.639,-35.859,-38.148,-38.911,-42.879,-46.541,-52.187,-57.07,-62.563,-66.225,-67.904,-63.936,-53.56,-41.047,-32.197,-29.145,-31.281,-33.57,-40.284,-46.693,-52.797,-56.764,-57.375,-52.034,-44.557,-35.401,-28.077,-24.11,-22.889,-21.058,-22.736,-23.499,-24.262,-20.295,-19.379,-17.853,-17.09,-17.09,-19.532,-24.415,-31.129,-35.401,-38.301,-37.08,-35.859,-32.044,-29.298,-26.704,-26.093,-27.467,-28.993,-29.145,-30.671,-35.249,-41.505,-46.541,-52.339,-53.56,-55.849,-57.375,-58.596,-58.29,-60.732,-64.699,-69.582,-72.634,-75.838,-76.449,-76.601,-75.228,-75.838,-74.16,-71.261,-67.141,-64.241,-60.579,-57.222,-52.492,-48.067,-43.336,-40.437,-37.996,-36.317,-31.587,-29.756,-27.314,-24.262,-18.616,-15.564,-11.902,-7.6296,-4.883,-2.8993,-2.2889,-2.8993,-3.8148,-4.7304,-4.12,-4.2726,-1.6785,1.5259,6.7141,8.6978,9.7659,11.597,15.717,19.379,23.041,24.873,27.009,27.314,29.145,30.366,31.892,32.044,31.587,29.298,27.314,26.856,27.314,29.756,33.265,35.859,39.064,42.421,47.914,52.034,58.748,66.53,75.991,84.536,93.387,99.338,103.61,107.27,112.61,116.12,118.56,118.56,121.31,122.53,125.28,126.5,128.48,129.86,130.31,130.31,132.45,134.74,138.1,141,144.05,143.44,143.44,141.3,140.69,139.16,139.16,138.55,137.18,134.28,128.18,121.46,117.8,114.29,112.16,108.65,106.36,102.08,98.422,93.692,89.114,85.604,83.316,80.264,76.144,72.939,70.193,66.378,62.563,61.037,61.953,59.969,59.053,56.612,54.933,53.56,52.034,48.677,44.252,38.301,34.486,30.213,27.314,24.11,24.567,24.415,23.194,20.295,16.48,12.665,10.376,7.7822,3.5096,-3.8148,-9.7659,-14.954,-18.006,-26.093,-32.655,-37.843,-39.979,-39.369,-38.606,-38.301,-38.453,-38.453,-38.759,-40.742,-40.132,-38.759,-34.486,-32.197,-27.619,-26.551,-25.941,-25.025,-23.194,-23.652,-23.347,-21.821,-21.821,-24.567,-26.246,-27.467,-26.093,-26.551,-25.483,-25.178,-22.736,-18.311,-14.344,-12.055,-9.6133,-7.9348,-5.7985,-4.7304,-2.8993,-5.3407,-8.5452,-12.665,-14.801,-15.87,-16.938,-19.074,-22.126,-25.33,-29.45,-32.502,-33.418,-35.554,-36.164,-38.453,-41.505,-45.473,-50.966,-54.933,-57.833,-60.732,-61.8,-60.732,-55.696,-50.508,-45.473,-44.404,-42.879,-42.573,-41.353,-39.369,-34.791,-30.213,-26.093,-22.431,-14.954,-9.6133,-3.9674,-1.9837,-2.1363,-1.5259,0.30519,1.6785,0.30519,-1.3733,-4.12,-7.3244,-7.0193,-7.0193,-6.4089,-7.7822,-9.7659,-12.818,-14.039,-16.175,-19.227,-21.21,-22.126,-24.11,-25.33,-25.483,-21.516,-18.921,-16.938,-18.159,-21.363,-24.873,-28.84,-30.824,-31.129,-32.197,-31.892,-31.739,-29.145,-27.009,-24.873,-24.415,-22.431,-21.821,-21.058,-21.363,-21.973,-21.21,-20.295,-20.6,-18.464,-19.99,-21.21,-23.499,-25.178,-27.467,-28.382,-28.687,-30.213,-32.35,-34.944,-40.437,-46.541,-52.034,-57.375,-64.699,-68.667,-72.787,-76.907,-83.01,-90.335,-97.201,-102.85,-108.8,-112.31,-115.36,-116.89,-119.63,-119.02,-120.09,-118.26,-115.97,-111.55,-105.75,-98.88,-93.081,-87.13,-80.416,-74.007,-68.667,-63.784,-60.884,-56.307,-51.424,-46.541,-42.879,-38.759,-34.181,-30.824,-29.45,-26.551,-23.804,-21.363,-21.363,-18.616,-17.548,-16.938,-17.396,-18.311,-20.142,-22.279,-28.077,-33.876,-39.827,-42.116,-46.388,-50.813,-58.138,-65.157,-75.381,-83.468,-88.504,-91.098,-91.25,-90.793,-90.64,-86.825,-82.4,-77.67,-76.449,-75.076,-74.923,-72.634,-67.751,-62.258,-56.612,-50.203,-43.489,-36.927,-31.281,-25.025,-22.126,-18.616,-17.243,-12.207,-6.4089,-2.7467,1.6785,6.4089,9.003,8.5452,3.6622,0.61037,-2.1363,-2.1363,-3.9674,-5.9511,-11.139,-15.564,-18.769,-21.973,-27.009,-31.434,-37.08,-40.59,-44.099,-45.625,-46.846,-46.236,-46.693,-48.524,-51.881,-53.713,-56.307,-57.833,-60.274,-61.8,-61.647,-56.612,-53.713,-49.593,-48.524,-47.456,-46.083,-44.099,-42.116,-40.59,-39.521,-36.927,-36.012,-34.028,-33.723,-31.434,-31.129,-30.671,-31.892,-33.876,-37.08,-39.521,-41.505,-44.099,-47.456,-51.576,-57.222,-60.274,-64.089,-65.004,-67.598,-68.972,-69.43,-69.887,-71.108,-73.244,-75.686,-74.923,-72.024,-67.446,-63.326,-59.511,-58.748,-56.307,-56.917,-59.664,-61.19,-63.631,-69.124,-73.702,-77.059,-80.264,-86.367,-90.64,-93.692,-91.098,-90.182,-89.419,-91.25,-93.387,-94.76,-95.065,-96.744,-97.049,-99.033,-100.25,-103.61,-107.58,-113.53,-116.73,-120.09,-117.95,-112,-103.92,-93.692,-81.79,-68.819,-56.001,-46.083,-30.519,-12.97,7.9348,27.161,46.846,64.394,78.28,89.267,100.56,109.41,119.17,130.16,140.69,147.4,153.66,156.56,158.39,157.17,153.36,147.1,139.32,134.74,132.76,127.41,120.55,112,103.76,95.676,91.098,87.741,85.91,83.926,80.111,73.55,69.277,68.209,65.462,61.037,56.917,52.95,49.745,45.625,39.521,32.655,26.399,19.99,15.87,14.496,15.564,18.311,23.652,29.145,34.333,36.622,39.521,39.521,37.385,32.96,31.281,30.519,30.213,30.061,30.519,34.181,39.827,42.879,43.794,38.453,34.181,30.213,28.84,30.671,31.129,31.892,32.35,30.213,28.993,27.924,28.23,28.077,29.145,28.077,25.788,21.21,18.464,15.107,11.75,10.681,10.681,10.987,10.681,9.7659,10.071,7.1718,5.6459,2.8993,-0.15259,-1.6785,-3.9674,-4.883,-3.8148,-1.3733,3.357,4.883,5.7985,6.7141,9.003,8.6978,8.24,5.7985,3.8148,0.76296,-1.9837,-4.883,-9.4607,-14.496,-18.311,-23.347,-26.093,-30.213,-31.739,-33.57,-31.739,-30.213,-28.535,-28.077,-27.314,-25.483,-21.668,-17.396,-12.665,-7.3244,-1.6785,0.45778,3.357,5.1881,8.6978,13.428,18.159,22.126,26.093,29.603,30.976,30.671,32.96,34.486,38.606,42.421,48.067,54.018,58.901,61.953,67.293,70.193,70.803,70.803,68.361,62.868,59.206,54.933,49.745,43.794,39.064,35.554,32.655,30.213,28.687,28.23,28.687,27.009,27.161,26.704,27.467,27.009,26.551,22.431,17.853,14.191,12.207,11.292,11.902,12.055,16.175,22.889,30.824,34.944,41.047,46.693,51.576,53.407,53.56,52.339,49.745,48.067,49.44,50.813,53.102,52.95,54.628,54.781,57.527,56.917,56.307,53.407,52.034,51.881,53.102,52.644,51.118,46.388,39.674,32.502,25.33,15.87,9.7659,2.1363,-5.1881,-13.123,-18.311,-21.973,-27.161,-30.976,-32.044,-31.892,-29.145,-26.856,-22.431,-18.464,-12.513,-7.3244,-3.357,-4.12,-5.6459,-8.3926,-10.834,-12.665,-15.412,-16.785,-15.564,-16.785,-17.09,-17.243,-14.039,-12.055,-10.681,-12.207,-15.87,-19.532,-21.668,-22.736,-21.668,-21.821,-25.33,-33.265,-39.827,-47.609,-49.44,-49.593,-47.609,-46.236,-45.167,-47.151,-52.034,-56.001,-59.053,-63.936,-65.004,-63.021,-55.849,-52.339,-47.456,-44.557,-39.827,-36.622,-33.113,-32.807,-32.96,-34.028,-33.418,-32.044,-29.756,-29.908,-30.213,-30.213,-27.772,-26.399,-24.415,-23.194,-20.905,-20.447,-20.905,-21.21,-22.584,-27.009,-29.908,-33.113,-36.012,-40.895,-44.557,-49.593,-54.476,-60.884,-66.378,-71.261,-74.007,-78.738,-77.975,-76.601,-77.212,-79.958,-81.027,-81.484,-81.179,-79.806,-75.381,-70.345,-66.073,-62.105,-55.849,-51.881,-48.219,-45.778,-42.421,-41.353,-37.69,-35.096,-31.892,-30.061,-28.077,-27.009,-25.788,-25.33,-23.957,-23.804,-22.431,-25.483,-28.687,-32.807,-35.249,-36.927,-38.606,-41.2,-41.658,-41.81,-41.81,-44.404,-48.372,-52.644,-54.018,-56.612,-55.544,-56.154,-54.628,-56.307,-55.544,-54.933,-55.391,-56.001,-55.086,-57.68,-59.511,-62.41,-63.784,-64.394,-65.92,-70.803,-71.871,-78.127,-86.825,-93.081,-98.27,-102.85,-105.59,-109.26,-112.16,-114.75,-115.97,-116.89,-116.58,-120.7,-122.53,-122.99,-125.89,-126.96,-128.48,-130.01,-131.99,-134.13,-134.89,-138.4,-139.32,-142.37,-144.51,-147.71,-148.32,-145.88,-142.67,-140.08,-135.96,-133.67,-129.86,-125.89,-123.6,-121.31,-116.12,-111.85,-106.36,-103.15,-100.1,-97.354,-94.913,-91.861,-88.046,-84.689,-81.027,-79.653,-77.059,-74.618,-71.261,-69.124,-66.378,-63.631,-60.884,-58.29,-55.849,-54.018,-50.966,-48.372,-45.625,-42.726,-39.216,-38.148,-37.538,-37.996,-37.538,-33.876,-30.671,-28.535,-25.636,-22.889,-18.921,-15.87,-12.36,-10.376,-7.9348,-7.477,-8.6978,-11.139,-14.039,-18.006,-22.126,-24.567,-24.415,-22.279,-19.227,-17.396,-16.327,-19.99,-24.415,-30.671,-35.401,-39.521,-40.284,-38.911,-37.843,-36.317,-35.401,-36.775,-39.216,-42.421,-45.015,-49.135,-50.05,-51.424,-48.982,-45.778,-42.116,-39.674,-40.132,-41.505,-43.489,-46.846,-51.881,-56.612,-59.664,-64.241,-65.004,-65.157,-63.021,-62.563,-64.394,-66.53,-66.988,-66.836,-66.988,-67.293,-68.209,-73.55,-80.569,-90.487,-100.1,-111.55,-121.16,-130.01,-136.27,-141.61,-144.51,-147.1,-150.91,-159,-168.16,-177.31,-184.03,-191.5,-195.93,-200.05,-198.52,-194.1,-188.91,-185.09,-183.72,-187.69,-193.79,-200.2,-205.85,-209.81,-210.27,-209.36,-207.68,-207.07,-206.92,-210.88,-215.16,-218.82,-224.46,-231.79,-236.21,-240.94,-242.47,-245.22,-245.98,-249.79,-253.76,-257.58,-258.03,-256.81,-253.91,-253.61,-255.9,-261.24,-266.43,-272.07,-275.73,-280.62,-282.91,-284.13,-284.74,-282.3,-280.62,-277.26,-271,-265.66,-261.39,-259.87,-255.9,-252.08,-247.05,-245.06,-241.1,-239.42,-238.04,-237.89,-237.74,-238.35,-239.42,-241.71,-244,-246.28,-245.52,-242.93,-236.37,-229.8,-222.48,-218.05,-213.63,-207.68,-199.9,-192.11,-182.81,-175.33,-168.31,-161.44,-154.27,-147.1,-135.96,-126.04,-113.22,-103.61,-94.913,-88.809,-82.095,-75.381,-68.819,-64.241,-57.833,-50.813,-44.404,-42.573,-40.895,-41.81,-42.268,-43.184,-43.641,-45.473,-46.846,-48.982,-52.187,-56.001,-56.459,-53.865,-48.067,-42.268,-35.554,-34.181,-33.418,-33.418,-31.892,-27.467,-20.142,-14.344,-9.4607,-7.6296,-7.6296,-7.7822,-5.4933,-3.0519,2.4415,4.883,9.3081,14.954,21.821,28.382,37.996,43.336,47.151,49.593,49.593,45.93,44.71,43.184,41.505,39.216,38.148,32.35,25.33,19.074,16.785,16.327,20.6,28.23,38.301,46.846,58.596,68.361,81.332,92.624,102.54,107.73,110.02,110.93,110.17,108.8,110.93,117.65,127.11,136.42,147.56,157.78,170.6,179.45,185.09,187.69,189.98,190.28,188.45,187.69,189.06,188.6,188.3,185.55,182.5,177.16,171.21,165.41,161.6,157.93,154.27,152.13,152.44,153.97,156.71,154.42,150.3,142.83,134.59,125.28,114.9,104.37,94.15,80.264,66.073,52.339,41.2,27.619,16.48,5.0356,-3.5096,-10.224,-16.48,-23.957,-30.976,-36.317,-39.979,-42.726,-43.641,-48.067,-50.813,-55.086,-56.764,-59.206,-60.427,-62.563,-63.478,-64.089,-63.631,-64.089,-63.936,-64.699,-62.105,-62.716,-64.547,-68.209,-71.566,-78.28,-83.468,-85.757,-87.436,-91.556,-96.591,-103,-107.88,-112.16,-114.9,-121.16,-127.11,-134.28,-141.76,-146.95,-150.15,-153.05,-153.97,-152.75,-151.37,-153.2,-155.49,-161.29,-166.02,-172.43,-174.11,-175.79,-174.57,-173.5,-172.89,-173.19,-172.43,-171.21,-170.45,-171.21,-170.14,-168.92,-167.39,-167.7,-166.94,-166.33,-165.87,-163.43,-160.37,-158.09,-155.03,-152.59,-149.54,-146.95,-142.98,-140.54,-135.96,-131.53,-127.57,-123.29,-118.41,-113.38,-107.58,-101.17,-92.318,-85.147,-76.296,-69.887,-61.342,-54.476,-45.167,-35.707,-25.33,-14.344,-1.9837,9.1556,21.363,31.434,42.726,51.271,62.41,70.345,80.721,90.182,99.948,108.8,118.87,127.41,134.74,141.76,150.46,157.32,164.34,169.99,176.24,182.5,189.98,196.69,203.1,209.97,216.99,223.55,231.18,236.82,244.15,248.57,255.13,258.95,263.37,267.19,271,273.75,275.43,277.41,279.55,278.79,280.31,281.23,283.82,284.74,286.72,288.86,291.15,293.89,295.57,297.25,299.39,299.23,300.3,299.23,300.15,300,300.61,300.76,302.74,304.57,304.88,304.12,305.03,305.19,306.56,307.78,310.68,313.12,316.48,317.24,317.7,318.77,319.38,318.46,319.38,320.44,321.51,322.73,324.41,325.02,328.07,330.06,332.19,333.57,334.18,335.25,337.08,340.13,341.35,340.13,340.74,340.28,339.52,337.99,338.15,337.23,337.38,336.92,335.55,333.72,333.11,332.5,333.57,333.41,334.94,334.79,335.86,336.16,337.23,337.38,338.3,339.67,340.89,341.81,343.33,344.1,344.86,344.1,343.64,343.18,339.67,336.62,333.72,331.58,330.82,329.29,328.99,327.16,326.85,323.34,320.44,317.09,315.26,314.8,315.41,315.41,315.71,315.1,314.65,313.12,314.04,314.04,315.41,316.48,315.26,315.41,315.41,313.73,314.04,313.73,316.02,316.78,318.61,318.16,317.7,316.93,316.63,317.24,319.22,321.82,325.94,327.16,328.99,329.14,330.21,328.53,328.38,328.68,329.45,330.97,332.96,334.64,336.31,337.23,338.45,338.6,340.28,340.74,340.13,340.43,341.81,342.27,341.5,338.91,337.38,336.31,337.53,337.23,337.69,337.38,339.06,339.98,341.04,340.59,338.6,335.55,333.57,331.13,329.45,327.77,327.16,323.95,320.14,315.41,312.97,308.39,305.19,302.9,300.3,296.95,293.28,289.47,285.5,280.77,277.72,272.38,267.34,262.31,256.66,251.32,246.59,240.94,234.69,229.19,225.53,221.56,219.58,216.83,214.85,210.58,207.53,204.02,201.57,198.37,194.86,193.33,192.42,189.83,186.01,180.21,175.79,171.21,168.31,164.04,158.54,149.69,142.52,136.88,129.25,118.11,109.56,99.49,89.267,77.517,67.751,57.07,49.593,42.116,35.707,32.197,29.145,25.33,21.363,16.327,11.75,5.9511,2.2889,-1.8311,-3.8148,-7.3244,-11.597,-15.717,-17.09,-19.227,-19.684,-18.159,-14.801,-12.055,-10.376,-9.3081,-4.7304,-3.9674,-1.9837,0.76296,5.7985,9.4607,12.207,15.87,19.684,22.431,25.33,28.993,33.57,36.012,39.064,42.421,45.778,48.219,51.424,52.492,50.508,48.677,50.508,53.713,54.781,56.001,58.901,57.527,54.323,47.914,43.489,40.284,36.622,29.756,22.584,13.733,4.5778,-3.5096,-9.4607,-16.633,-22.431,-32.044,-45.167,-58.748,-72.481,-93.234,-116.58,-137.94,-156.87,-178.53,-200.51,-219.89,-237.13,-257.12,-268.41,-267.95,-263.68,-262.15,-258.49,-247.66,-235.3,-223.85,-211.49,-202.34,-202.49,-208.44,-213.93,-219.43,-226.14,-235.76,-238.5,-240.03,-240.49,-239.88,-231.18,-215.31,-202.03,-192.57,-183.57,-174.41,-162.97,-153.97,-147.86,-146.79,-145.88,-145.88,-145.57,-148.17,-151.98,-157.02,-161.29,-169.53,-177.62,-186.77,-196.08,-206.76,-215.46,-224.01,-228.89,-234.53,-239.42,-245.67,-253.3,-262.76,-271.77,-278.18,-283.06,-288.4,-293.44,-300.91,-307.47,-314.65,-319.83,-326.4,-331.74,-336.92,-340.59,-343.79,-345.77,-347,-348.06,-350.2,-352.49,-354.47,-355.08,-358.75,-362.1,-366.83,-368.97,-372.48,-373.39,-373.09,-370.65,-368.66,-365,-359.66,-352.79,-346.84,-341.2,-336.16,-330.06,-326.4,-319.99,-314.95,-307.63,-301.37,-294.81,-286.57,-278.48,-266.27,-252.24,-239.72,-226.91,-216.83,-205.08,-194.86,-182.81,-172.89,-162.51,-156.87,-149.69,-141.3,-132.91,-125.13,-115.21,-106.51,-98.727,-91.403,-81.79,-74.465,-66.53,-61.037,-53.56,-46.083,-37.538,-29.756,-21.973,-14.344,-4.4252,5.1881,14.801,21.821,28.077,34.333,44.404,52.644,61.647,70.956,80.721,92.166,101.78,109.1,118.26,128.79,137.49,145.27,155.34,162.21,168.92,174.41,180.06,185.71,193.79,200.05,205.39,212.1,220.34,229.04,234.84,239.27,244.91,249.34,253.91,257.73,261.7,262.76,264.44,267.65,271.77,274.36,277.72,280.62,283.36,283.06,286.26,287.94,290.23,290.99,293.59,295.88,297.71,299.23,300.61,302.13,304.27,305.64,309,311.59,314.34,315.41,316.17,316.93,318,317.24,317.7,319.38,319.38,318.92,318.61,316.63,318.61,319.53,320.44,318.92,318.77,317.09,316.02,314.95,313.88,312.36,310.37,309.31,308.69,307.32,305.49,301.83,302.29,302.13,302.29,300.15,296.79,295.27,295.27,295.57,295.88,294.81,292.98,289.93,289.93,287.79,286.72,285.04,283.06,280.01,277.72,274.82,271.46,269.78,269.48,268.56,266.88,263.68,263.07,261.24,259.41,254.68,249.79,244.61,236.98,229.35,221.26,215.92,210.27,203.1,195.01,186.01,180.36,175.63,171.97,168.77,165.56,163.12,161.14,158.7,158.39,158.54,156.56,155.34,156.56,156.56,156.71,156.87,160.68,161.75,162.21,160.83,159.31,158.09,157.78,158.09,160.68,160.53,159.31,156.25,156.41,154.58,150.76,144.81,140.08,135.65,133.37,129.4,122.84,117.04,115.21,112.77,112.61,110.63,109.26,105.9,105.29,105.75,105.59,101.93,98.88,96.591,91.403,83.926,77.67,71.108,66.836,63.326,61.647,59.511,58.901,54.933,48.219,40.742,32.35,25.178,19.379,12.36,9.3081,6.7141,4.5778,-0.15259,-2.5941,-4.4252,-6.5615,-8.0874,-7.6296,-8.24,-9.003,-10.071,-10.224,-10.529,-11.902,-14.191,-18.159,-25.788,-33.723,-39.827,-47.761,-56.612,-60.884,-66.683,-70.345,-76.449,-79.958,-83.316,-84.231,-88.351,-92.471,-97.049,-100.1,-105.14,-111.55,-115.67,-117.34,-119.02,-119.33,-120.7,-117.19,-112.77,-108.34,-106.2,-104.98,-103.31,-103.46,-103.15,-103.46,-103.46,-101.02,-100.56,-99.185,-99.49,-98.117,-98.727,-100.56,-103,-105.59,-110.17,-114.9,-117.04,-116.43,-116.12,-114.9,-118.26,-119.63,-119.48,-119.63,-121.16,-124.97,-129.86,-135.2,-139.93,-143.13,-146.95,-148.63,-150.61,-151.52,-152.59,-153.51,-157.17,-158.09,-155.8,-153.2,-149.24,-148.78,-152.44,-155.19,-157.17,-155.34,-154.58,-153.51,-154.42,-155.34,-159.15,-162.82,-164.34,-165.72,-165.72,-163.88,-163.12,-163.27,-165.41,-168,-174.72,-178.23,-184.64,-188.6,-188.45,-187.54,-184.94,-180.52,-176.09,-173.19,-171.36,-169.84,-170.6,-172.12,-174.57,-176.09,-181.43,-185.4,-188.76,-191.2,-193.18,-193.18,-193.49,-194.56,-195.47,-194.4,-196.08,-194.4,-192.72,-186.93,-184.33,-181.59,-178.69,-175.63,-172.73,-169.53,-167.39,-166.78,-168,-168.77,-168.31,-166.17,-163.58,-160.07,-158.24,-158.09,-158.85,-160.53,-162.82,-164.65,-168.16,-170.9,-172.43,-172.28,-175.48,-179.91,-188.91,-194.71,-199.74,-203.71,-205.69,-205.69,-203.86,-202.19,-201.42,-200.66,-198.22,-193.64,-192.27,-193.03,-191.96,-185.86,-180.36,-177.16,-174.57,-173.04,-173.8,-173.96,-174.41,-172.12,-170.45,-164.65,-158.54,-148.47,-139.32,-131.38,-126.5,-119.33,-110.93,-104.22,-98.422,-91.556,-87.436,-84.841,-84.841,-83.926,-83.621,-82.247,-79.958,-76.754,-71.108,-64.699,-60.732,-55.696,-51.271,-45.015,-40.284,-39.521,-46.083,-50.661,-53.56,-55.544,-58.901,-64.089,-70.803,-77.822,-84.841,-89.877,-91.098,-88.656,-90.335,-90.487,-92.624,-97.659,-104.83,-111.39,-116.73,-117.95,-114.9,-107.73,-99.643,-94.607,-95.218,-100.1,-106.81,-112.61,-119.79,-117.8,-109.56,-101.93,-94.76,-88.504,-84.689,-82.4,-83.01,-79.958,-71.413,-56.001,-40.895,-29.45,-25.483,-23.804,-28.382,-37.538,-46.846,-54.323,-58.138,-56.764,-53.255,-50.508,-48.83,-45.473,-48.372,-55.086,-65.157,-74.618,-83.926,-93.692,-102.08,-107.58,-112.31,-115.51,-117.5,-116.12,-114.44,-113.38,-114.44,-115.51,-116.28,-115.21,-115.51,-118.87,-125.89,-134.59,-141.15,-146.03,-154.73,-163.58,-172.58,-177.77,-181.43,-182.04,-181.59,-179.3,-179.6,-179.91,-183.11,-187.84,-195.17,-202.19,-209.66,-215.31,-223.7,-229.19,-236.52,-243.84,-252.39,-259.71,-265.82,-272.53,-278.94,-283.21,-287.94,-291.6,-292.67,-288.86,-283.97,-277.26,-270.39,-262.92,-255.44,-246.59,-238.04,-229.96,-221.11,-213.48,-207.68,-202.03,-197.45,-191.05,-183.72,-172.73,-164.04,-152.75,-142.83,-133.82,-126.8,-116.12,-106.97,-99.033,-92.166,-84.994,-81.637,-76.296,-73.092,-67.904,-63.631,-55.391,-49.593,-45.32,-37.843,-30.519,-23.804,-14.496,-3.9674,7.477,17.09,27.619,36.317,48.372,60.427,71.871,83.01,95.218,105.59,115.67,123.45,130.16,135.04,141.15,145.12,150.76,155.34,161.29,168.61,176.4,182.96,191.66,198.22,205.08,209.81,214.09,218.05,223.85,229.35,232.55,235.45,236.06,235.6,237.28,234.23,231.33,226.75,224.31,224.77,226.14,224.92,224.01,223.85,223.4,224.92,228.74,230.72,232.7,233.92,238.5,241.4,243.84,247.81,253,256.97,259.56,261.39,261.85,261.85,260.93,260.02,261.24,260.48,259.87,259.1,258.03,254.22,250.71,247.96,245.67,242.16,238.81,234.69,231.64,227.97,225.84,223.09,220.34,215.77,212.26,211.19,210.88,211.49,212.87,215.46,216.07,215.61,216.53,216.53,219.28,221.87,225.07,224.92,225.38,227.67,229.5,229.96,229.65,232.4,235.6,237.43,238.81,238.5,239.27,239.27,240.03,238.04,237.28,239.27,240.49,241.1,241.25,239.27,239.27,238.35,238.5,238.04,239.72,240.18,239.11,237.89,238.35,239.27,240.79,241.55,245.22,246.28,246.13,243.69,243.54,243.08,243.08,240.49,240.03,241.55,243.54,246.28,249.49,251.63,254.98,256.36,258.8,260.17,262,261.24,259.25,259.1,259.56,257.58,258.49,257.88,258.8,258.34,257.73,254.98,253.15,253.61,254.68,255.13,256.51,255.9,255.44,254.98,256.66,256.51,258.34,259.1,262,264.75,267.04,269.17,268.56,264.9,262.31,258.34,255.59,252.69,251.17,248.42,246.74,244.45,242.01,238.2,233.47,228.43,223.85,219.58,214.7,208.29,204.47,198.07,192.72,186.93,182.04,178.99,176.24,171.51,167.55,165.26,162.36,156.71,152.75,149.85,148.17,146.49,145.73,142.83,137.79,133.98,130.31,126.19,123.91,121.77,121.46,118.87,115.05,110.48,106.97,104.83,100.41,93.234,88.046,86.367,84.078,82.247,83.316,80.721,76.907,71.871,70.498,71.261,71.413,70.803,71.108,71.718,69.887,66.378,64.852,63.784,62.41,59.511,54.628,48.067,43.031,39.064,34.028,27.924,20.447,13.886,7.477,0.61037,-4.883,-11.139,-15.259,-20.753,-25.788,-28.993,-32.197,-36.927,-41.81,-47.304,-52.797,-59.053,-63.326,-67.141,-72.329,-79.501,-84.384,-89.114,-93.081,-96.591,-99.796,-102.54,-103.61,-103.76,-104.07,-108.65,-109.26,-111.85,-113.68,-113.99,-112.92,-114.29,-116.58,-117.19,-115.51,-117.04,-117.19,-117.19,-117.19,-117.65,-118.56,-121.77,-124.97,-127.26,-129.25,-131.38,-131.53,-133.67,-136.27,-139.93,-139.77,-141,-142.06,-143.74,-146.79,-149.54,-152.75,-155.19,-157.63,-160.53,-161.75,-166.17,-170.14,-175.63,-179.14,-183.26,-186.93,-190.44,-191.5,-193.49,-196.23,-197.15,-200.35,-205.69,-210.43,-216.68,-219.89,-222.02,-219.12,-216.07,-215.16,-216.53,-215,-215.31,-216.38,-216.07,-214.39,-213.17,-210.73,-210.73,-209.97,-211.04,-212.87,-214.39,-217.29,-221.56,-224.46,-226.14,-226.45,-225.68,-224.31,-223.7,-222.94,-225.23,-230.41,-235.6,-237.59,-239.42,-238.04,-233.92,-231.03,-232.09,-236.67,-242.16,-246.89,-252.54,-256.36,-260.17,-261.7,-264.44,-265.36,-267.95,-270.24,-272.07,-272.99,-274.82,-276.8,-278.94,-277.57,-275.58,-268.72,-265.36,-266.27,-269.94,-268.87,-267.49,-264.75,-260.02,-251.47,-243.39,-234.84,-225.99,-218.67,-214.7,-210.12,-207.37,-202.49,-196.54,-185.86,-174.87,-159.46,-138.71,-122.23,-112.92,-104.98,-100.41,-99.185,-100.41,-100.41,-104.53,-105.9,-108.34,-110.17,-117.34,-123.29,-126.96,-131.99,-141.3,-155.03,-170.75,-184.79,-195.62,-204.47,-216.99,-228.58,-236.21,-236.67,-237.28,-238.2,-235.6,-232.7,-231.79,-234.08,-238.04,-240.33,-244.15,-245.06,-244.45,-239.27,-235.3,-229.96,-225.68,-222.63,-221.72,-220.04,-222.63,-224.62,-224.46,-224.31,-227.52,-227.82,-225.99,-219.89,-219.73,-220.19,-221.72,-218.67,-214.7,-215.31,-221.26,-226.91,-230.57,-231.48,-229.8,-225.07,-223.4,-220.95,-220.65,-220.8,-222.17,-220.65,-217.9,-214.39,-209.51,-202.8,-199.13,-194.71,-193.03,-187.99,-185.09,-182.65,-181.13,-178.23,-176.09,-171.06,-167.7,-164.04,-159.76,-159.15,-161.9,-163.88,-167.85,-172.89,-181.43,-185.55,-191.05,-196.84,-204.17,-206.15,-210.43,-215.31,-221.72,-229.96,-238.5,-245.52,-252.85,-256.05,-256.2,-258.49,-259.41,-258.64,-254.83,-252.85,-251.78,-246.89,-241.1,-237.28,-234.84,-229.65,-224.16,-216.68,-207.22,-195.32,-183.26,-171.51,-161.6,-152.9,-146.79,-138.86,-133.06,-124.82,-117.65,-109.56,-103.92,-98.27,-93.234,-90.03,-89.724,-87.893,-83.926,-78.28,-73.855,-67.141,-64.089,-60.732,-59.053,-56.154,-53.865,-51.424,-46.236,-39.827,-36.317,-26.856,-20.905,-14.954,-7.3244,-0.15259,4.2726,6.7141,9.6133,12.513,17.396,24.72,31.434,36.317,35.859,35.859,35.249,34.944,35.401,39.216,44.862,50.356,54.476,58.138,59.969,60.579,59.053,58.138,54.018,52.339,51.271,55.238,59.816,61.8,62.105,62.716,63.784,63.936,61.342,62.868,65.31,68.056,70.803,76.449,80.569,83.468,82.858,83.468,86.215,89.724,90.793,94.913,96.591,99.948,97.812,96.896,96.438,94.302,91.556,91.098,93.997,99.796,109.41,111.24,109.71,110.63,110.48,111.55,109.56,110.02,109.56,109.56,107.43,103.61,102.24,99.185,94.15,89.419,85.147,80.111,70.498,63.173,57.375,53.407,49.898,51.881,52.187,51.424,50.508,52.187,51.271,47.914,45.473,43.641,42.421,44.252,45.32,48.067,51.424,52.95,54.933,59.053,61.495,61.647,66.378,73.55,79.501,84.384,90.03,98.117,101.78,106.97,109.71,114.6,120.7,124.67,128.64,135.81,137.94,133.82,126.5,120.85,114.75,109.87,104.22,101.63,98.27,96.744,92.318,86.673,79.806,74.923,73.702,71.871,65.615,62.716,61.342,59.969,60.427,61.953,64.089,69.43,71.718,68.819,63.326,58.748,51.424,47.914,48.067,48.219,47.761,49.135,49.898,52.644,54.476,55.696,54.628,55.391,52.187,46.236,42.726,38.911,33.723,34.486,37.996,39.216,36.622,34.028,31.281,32.502,32.807,30.061,26.246,22.889,19.227,14.954,10.987,10.681,12.665,11.75,7.7822,6.8667,7.1718,11.444,13.581,12.36,11.139,11.292,10.834,13.733,18.311,16.327,13.581,13.428,13.733,15.412,17.09,19.074,23.652,28.687,32.96,37.69,41.2,44.404,45.778,46.846,50.203,55.086,54.781,56.001,57.833,55.391,50.356,47.151,44.404,42.116,39.827,37.233,33.723,31.434,26.551,23.499,21.363,21.516,19.227,14.496,13.123,14.344,13.581,14.039,12.36,10.529,8.24,7.6296,7.477,8.24,9.6133,9.003,7.6296,8.5452,8.3926,9.1556,10.834,10.681,7.9348,3.5096,-1.0681,-3.6622,-6.4089,-9.3081,-9.003,-8.8504,-12.055,-11.444,-11.902,-9.1556,-10.376,-13.581,-15.107,-12.818,-9.6133,-3.2044,-1.2207,0.15259,5.0356,10.529,17.396,22.584,24.11,28.993,32.807,34.639,34.333,36.164,38.148,39.369,40.284,42.726,41.81,40.437,37.843,34.486,30.213,30.519,27.161,20.753,13.276,6.2563,1.2207,-5.1881,-11.292,-16.938,-22.736,-26.551,-33.418,-39.369,-46.236,-49.898,-52.95,-58.748,-65.615,-70.193,-72.939,-72.329,-72.939,-72.787,-73.702,-70.803,-70.956,-65.767,-56.764,-47.609,-43.641,-40.284,-35.554,-28.077,-20.753,-14.954,-12.36,-9.7659,-9.7659,-6.2563,-1.8311,1.9837,4.5778,5.0356,3.357,1.8311,-2.2889,-1.9837,-4.12,-5.9511,-7.9348,-9.6133,-13.886,-18.464,-20.753,-25.788,-32.807,-35.554,-37.996,-39.064,-41.81,-43.184,-44.71,-44.557,-44.557,-44.099,-43.489,-44.252,-42.726,-38.453,-33.876,-28.077,-21.821,-15.259,-9.3081,-3.8148,0.30519,3.8148,8.24,11.139,12.513,15.259,17.09,19.837,20.142,20.905,20.753,19.532,17.548,16.175,12.818,9.7659,2.7467,-1.6785,-2.7467,-1.3733,-2.4415,-2.4415,-1.8311,-3.2044,-6.8667,-10.071,-14.954,-18.464,-23.499,-27.161,-32.502,-34.486,-35.249,-34.028,-32.96,-29.603,-24.72,-19.074,-12.97,-6.2563,-1.8311,2.4415,4.4252,7.9348,12.207,18.464,22.736,24.11,23.652,21.058,19.379,19.99,19.532,18.921,15.564,16.633,14.954,10.834,6.1037,2.7467,0.61037,-0.30519,-3.357,-5.7985,-7.477,-7.3244,-9.7659,-12.36,-18.006,-24.11,-27.009,-28.535,-29.298,-28.077,-25.636,-23.804,-21.973,-20.142,-20.447,-20.753,-21.21,-17.853,-16.633,-16.175,-15.259,-19.532,-24.873,-25.636,-24.262,-20.447,-16.175,-11.902,-12.055,-14.954,-19.227,-25.483,-32.35,-35.249,-35.859,-35.554,-36.164,-34.028,-31.892,-29.145,-29.145,-27.924,-29.603,-28.993,-24.873,-25.941,-31.281,-39.369,-46.541,-53.713,-59.816,-68.514,-79.348,-87.283,-94.76,-99.185,-104.37,-109.1,-113.07,-113.38,-113.38,-112.16,-113.83,-114.44,-116.12,-116.89,-120.7,-122.68,-127.87,-131.99,-133.06,-130.47,-129.25,-124.97,-117.8,-111.55,-109.26,-104.83,-101.93,-98.88,-95.828,-92.776,-93.081,-90.335,-88.046,-85.299,-84.231,-81.027,-76.754,-73.092,-72.024,-67.446,-66.53,-68.972,-76.907,-86.062,-94.913,-105.29,-117.19,-124.06,-129.55,-134.43,-140.54,-140.69,-140.84,-137.03,-133.82,-130.47,-130.01,-128.48,-128.48,-129.4,-129.7,-127.57,-123.45,-117.04,-110.32,-103.15,-98.422,-92.776,-89.877,-87.588,-87.741,-87.13,-86.52,-85.604,-83.621,-76.144,-65.615,-54.933,-45.32,-34.486,-23.957,-11.75,-0.30519,8.8504,11.902,15.107,16.785,18.006,18.769,16.938,13.581,9.4607,4.2726,-1.5259,-12.055,-20.142,-27.619,-34.181,-39.064,-40.59,-40.59,-41.047,-42.879,-43.641,-46.999,-49.898,-53.255,-52.95,-52.492,-50.661,-52.95,-53.713,-52.797,-51.881,-50.508,-45.015,-39.979,-36.47,-34.333,-30.976,-31.739,-32.044,-33.113,-32.044,-30.061,-29.756,-31.739,-31.587,-30.519,-26.856,-22.279,-15.259,-10.681,-5.1881,-3.5096,0.91556,3.0519,5.3407,9.9185,14.496,18.616,22.279,23.499,21.973,23.499,29.756,35.554,42.726,48.219,52.187,55.391,58.596,62.41,65.157,64.394,62.868,61.037,60.579,57.222,56.154,56.764,58.748,58.748,57.68,54.628,52.187,49.898,49.135,48.067,48.83,47.456,46.999,45.778,43.336,39.674,35.859,34.486,34.181,31.892,30.061,27.314,25.33,22.126,19.227,12.97,6.1037,-0.76296,-4.883,-9.3081,-12.055,-17.853,-25.788,-35.707,-42.726,-49.44,-52.034,-53.56,-53.255,-52.95,-52.339,-52.797,-55.849,-59.969,-62.41,-62.105,-57.375,-52.492,-45.93,-38.911,-27.009,-13.123,2.7467,17.548,29.45,39.064,49.44,59.664,68.056,74.465,78.433,78.28,76.754,75.838,77.212,79.958,82.858,85.452,86.673,86.673,86.978,83.163,76.144,66.073,57.68,48.372,40.59,32.35,23.652,15.717,10.681,8.3926,6.2563,1.8311,-2.2889,-6.5615,-8.0874,-12.818,-17.396,-23.499,-27.314,-29.145,-30.061,-30.366,-33.265,-36.164,-36.47,-38.759,-39.979,-42.421,-44.862,-46.999,-47.914,-49.745,-49.593,-49.287,-48.524,-49.287,-49.593,-48.83,-45.015,-43.031,-37.69,-34.333,-31.739,-31.281,-30.519,-28.382,-24.567,-19.379,-12.055,-4.12,3.5096,7.1718,11.597,14.801,16.48,13.276,8.5452,4.883,2.2889,1.5259,1.2207,-0.61037,-0.15259,1.5259,4.12,3.9674,5.4933,4.2726,2.8993,1.5259,1.9837,-0,-2.8993,-3.8148,-0.91556,-0.61037,0.61037,-1.2207,2.1363,4.12,5.0356,5.0356,3.5096,0.30519,-1.3733,-4.7304,-7.1718,-10.529,-13.123,-18.616,-22.736,-25.025,-26.399,-28.077,-29.756,-31.129,-31.281,-31.739,-29.756,-28.077,-24.72,-23.652,-22.431,-22.279,-19.99,-16.633,-10.987,-5.4933,-2.4415,0.15259,3.8148,3.5096,4.883,7.0193,11.139,13.276,14.954,19.837,24.11,22.126,19.074,13.581,9.7659,5.6459,3.357,0.91556,1.3733,3.0519,6.2563,9.1556,10.529,10.071,10.529,10.224,10.681,8.8504,10.071,11.902,14.344,15.107,17.243,22.126,23.804,24.262,28.535,33.57,37.996,39.216,40.742,44.252,47.914,50.356,53.255,53.713,55.544,56.154,55.391,51.576,48.219,43.489,40.132,36.47,36.775,38.301,36.927,37.08,40.132,39.521,38.148,34.486,31.129,27.619,25.178,24.415,25.941,26.704,25.33,23.804,25.178,25.33,27.009,30.213,33.723,34.181,35.859,36.317,34.944,33.723,33.418,29.298,25.636,22.889,21.973,19.684,19.837,19.837,21.516,21.668,23.041,26.399,28.535,30.824,32.044,31.129,29.908,29.908,32.044,31.587,32.197,34.028,35.859,37.233,37.08,35.707,34.639,32.197,31.892,31.892,36.317,40.59,44.71,45.93,47.914,47.914,47.456,48.83,52.034,52.95,54.018,56.154,57.07,57.375,58.901,57.527,55.544,53.56,54.323,53.255,52.797,51.576,51.576,53.255,56.001,57.375,59.816,61.19,62.105,59.816,58.596,59.969,60.274,60.121,60.274,58.596,56.612,52.492,49.593,46.236,44.252,43.184,43.184,42.268,40.437,37.538,34.791,32.807,31.587,28.993,26.246,23.041,21.21,16.48,13.581,10.529,5.0356,-2.2889,-7.6296,-10.376,-10.987,-9.3081,-7.7822,-7.0193,-2.7467,0.15259,5.9511,11.75,17.701,22.126,25.025,27.924,32.197,34.486,36.775,38.453,41.047,40.895,42.573,42.573,41.505,39.369,38.453,36.622,34.944,32.044,28.23,23.957,23.652,25.025,30.671,32.35,32.807,31.739,30.519,28.993,28.535,28.535,29.756,29.603,32.044,33.723,35.554,34.181,34.028,34.639,36.622,39.216,42.879,45.93,47.914,50.203,50.508,48.524,48.524,48.524,50.356,52.339,55.696,60.427,66.683,73.092,77.975,81.942,84.689,84.841,85.452,83.926,83.773,82.858,82.705,82.705,84.231,84.689,86.52,89.114,90.793,91.403,88.809,87.893,89.877,89.419,88.046,87.741,90.335,92.624,96.438,98.422,100.25,100.86,103,104.83,106.51,109.87,115.67,119.94,123.75,126.96,132.15,138.1,142.98,148.78,154.58,159.76,164.19,165.72,166.63,165.26,165.56,164.34,164.19,163.73,160.37,155.95,151.68,146.49,143.59,140.54,138.71,135.81,134.89,132.3,129.55,126.5,124.97,121.31,116.58,110.17,105.44,102.69,98.88,96.286,95.523,92.776,90.64,90.335,91.098,91.708,89.724,89.877,90.64,87.741,85.299,84.536,85.91,86.52,87.283,88.198,88.656,87.741,87.13,89.572,92.471,94.607,94.455,93.081,93.844,93.692,93.387,92.776,93.844,96.438,99.185,99.033,97.049,93.539,92.929,91.098,91.556,90.03,88.961,86.215,82.705,79.806,76.296,70.04,64.547,59.206,53.865,46.083,40.284,33.876,27.924,22.889,19.532,18.769,18.616,14.649,13.276,11.597,8.5452,3.8148,1.2207,-1.5259,-2.7467,-2.7467,-4.12,-5.4933,-3.8148,-0.91556,3.6622,5.4933,7.6296,8.5452,7.9348,5.9511,5.1881,7.6296,10.224,8.6978,9.003,8.6978,8.5452,7.7822,9.1556,8.6978,7.6296,7.6296,9.7659,10.987,12.513,9.003,9.6133,11.75,15.259,18.311,19.227,21.363,25.788,28.23,31.129,33.723,36.012,37.385,39.064,38.148,36.622,35.096,33.876,33.265,34.944,36.775,32.502,24.567,21.21,18.464,16.327,14.801,14.801,14.039,13.886,15.412,16.022,17.701,18.464,16.327,14.954,13.123,11.75,9.3081,10.376,11.444,11.292,12.97,14.344,14.496,13.428,11.139,10.071,2.5941,-5.0356,-11.75,-17.701,-21.516,-23.499,-25.33,-28.23,-32.197,-32.502,-31.739,-28.382,-26.093,-24.567,-24.873,-23.804,-24.873,-28.077,-31.281,-34.333,-37.996,-39.827,-43.489,-44.862,-48.677,-54.323,-57.68,-62.716,-67.446,-68.819,-67.141,-64.852,-63.326,-62.41,-63.478,-63.021,-65.92,-67.598,-68.972,-69.277,-69.735,-71.413,-73.855,-74.313,-75.991,-75.076,-74.77,-72.787,-73.092,-74.007,-77.364,-82.247,-85.757,-87.283,-88.046,-86.215,-86.062,-82.705,-79.196,-76.144,-74.618,-74.465,-72.787,-68.361,-57.833,-52.187,-51.271,-49.287,-48.982,-47.304,-49.135,-48.982,-49.135,-48.067,-50.661,-52.95,-57.833,-63.478,-67.904,-68.819,-70.345,-68.056,-67.751,-68.819,-70.498,-73.397,-75.991,-77.822,-79.348,-81.637,-85.299,-89.267,-95.37,-98.422,-100.25,-99.643,-98.88,-94.76,-86.978,-79.348,-74.465,-68.056,-58.901,-49.745,-40.437,-29.145,-22.279,-16.633,-13.581,-8.3926,-2.4415,2.8993,5.0356,8.6978,11.902,14.801,14.496,17.243,19.532,20.905,22.279,23.652,18.311,11.292,7.0193,5.0356,3.9674,0.76296,-3.2044,-5.6459,-10.529,-13.886,-19.684,-26.399,-36.775,-44.862,-50.203,-57.985,-67.293,-76.601,-85.757,-94.15,-98.575,-97.354,-98.727,-99.338,-100.86,-102.54,-105.29,-104.98,-104.22,-104.07,-103,-102.24,-102.08,-98.727,-97.201,-93.234,-92.013,-90.487,-90.487,-90.335,-93.997,-96.744,-98.422,-99.338,-100.41,-102.54,-106.81,-107.27,-112.31,-114.29,-114.29,-112.16,-112.46,-112.16,-110.02,-107.27,-105.9,-102.85,-101.32,-100.71,-101.32,-102.69,-105.29,-104.37,-106.51,-106.05,-106.2,-104.83,-104.68,-105.75,-103.46,-100.86,-99.948,-98.27,-98.575,-96.744,-98.727,-99.49,-100.41,-95.828,-90.793,-84.078,-79.043,-75.838,-75.838,-77.517,-80.416,-80.721,-82.4,-83.01,-86.367,-86.367,-85.91,-84.841,-86.367,-87.283,-92.013,-96.591,-102.08,-108.65,-115.97,-121.46,-129.25,-135.35,-139.01,-136.42,-133.52,-130.47,-129.4,-128.94,-129.4,-128.94,-128.79,-128.03,-123.75,-118.72,-118.26,-117.5,-116.58,-114.44,-113.07,-111.24,-109.1,-108.19,-108.04,-105.75,-101.63,-96.591,-94.76,-91.861,-91.098,-88.809,-89.419,-90.945,-93.387,-95.981,-101.78,-106.51,-108.8,-111.55,-115.97,-118.56,-121.01,-122.23,-125.74,-129.25,-133.21,-135.81,-142.22,-150.15,-160.53,-169.07,-175.94,-181.13,-186.77,-188.3,-188.6,-183.87,-182.04,-178.23,-174.87,-170.14,-167.09,-164.49,-160.99,-156.71,-153.51,-148.78,-147.4,-145.12,-143.44,-140.08,-138.4,-136.11,-131.99,-129.25,-131.08,-133.67,-133.67,-131.69,-129.55,-125.74,-122.07,-115.97,-115.21,-116.28,-116.58,-116.28,-115.82,-114.9,-114.75,-113.99,-113.53,-111.09,-108.65,-104.37,-102.85,-103.46,-103.92,-101.63,-97.049,-92.318,-88.809,-85.299,-83.926,-83.316,-84.231,-83.926,-83.316,-80.416,-80.874,-80.569,-81.942,-83.316,-84.689,-83.926,-82.858,-82.4,-80.721,-76.296,-74.007,-70.498,-68.056,-63.784,-61.037,-57.375,-54.323,-47.914,-43.794,-40.59,-38.606,-35.096,-33.418,-30.671,-30.519,-28.993,-28.077,-25.025,-22.584,-17.701,-12.818,-7.3244,-1.0681,4.2726,7.3244,11.902,15.564,21.821,25.025,29.756,37.69,45.32,51.729,58.443,64.394,70.498,75.076,80.874,84.384,90.03,94.76,100.41,104.83,109.71,113.83,119.33,123.91,127.87,130.62,135.04,138.71,143.59,147.25,151.83,155.8,161.14,165.87,170.29,175.33,181.13,185.86,191.5,195.62,202.34,207.53,213.63,216.22,219.28,222.17,223.55,226.91,230.72,232.09,234.08,235.6,238.2,237.28,236.06,233.92,230.26,226.75,224.01,221.11,218.67,217.14,215.46,211.19,206.31,200.35,196.08,190.89,186.62,181.89,177.01,171.21,167.09,163.43,157.63,150.91,146.18,140.69,135.5,129.09,123.14,116.89,111.24,106.66,103,96.896,90.182,83.926,78.738,71.413,66.073,58.901,54.17,48.372,43.184,37.385,34.028,31.129,26.551,21.668,17.701,12.818,10.071,9.003,10.071,10.681,11.597,7.477,0.15259,-8.3926,-13.581,-16.48,-17.243,-17.548,-13.581,-6.2563,5.4933,13.733,19.532,24.873,31.129,31.587,28.23,21.516,12.818,5.1881,1.0681,-4.12,-9.1556,-12.513,-7.7822,0.61037,10.376,16.785,18.921,14.496,7.0193,1.0681,-5.1881,-14.039,-23.347,-32.35,-36.012,-37.996,-37.385,-39.216,-43.336,-49.44,-57.527,-65.615,-73.244,-82.705,-82.705,-75.838,-65.462,-55.086,-43.336,-42.726,-54.628,-74.007,-95.218,-110.93,-115.21,-103.61,-81.637,-65.615,-56.612,-54.476,-60.579,-77.212,-93.997,-99.796,-86.062,-63.936,-45.93,-42.268,-54.628,-84.384,-121.31,-158.85,-193.18,-213.93,-207.98,-179.14,-144.2,-119.02,-106.05,-107.27,-124.36,-155.03,-175.94,-187.99,-184.64,-161.14,-126.96,-97.964,-82.553,-78.127,-73.397,-76.601,-86.062,-97.201,-98.88,-95.828,-89.267,-79.501,-68.514,-63.021,-60.274,-55.544,-50.966,-51.576,-53.407,-51.271,-36.622,-16.022,7.0193,26.399,36.927,38.911,34.639,27.161,19.684,8.0874,-0.30519,-9.1556,-12.513,-11.902,-5.9511,-1.8311,-1.5259,-5.0356,-9.6133,-14.954,-18.921,-25.788,-30.519,-38.148,-43.947,-50.661,-55.544,-60.579,-64.852,-67.446,-68.514,-69.43,-67.751,-67.293,-65.615,-67.293,-66.683,-67.141,-65.462,-63.173,-60.427,-58.29,-56.154,-55.086,-52.034,-48.83,-41.81,-36.775,-32.96,-29.756,-26.551,-23.652,-19.99,-17.548,-15.87,-15.564,-13.428,-13.733,-14.801,-16.175,-13.276,-10.071,-6.4089,-2.2889,2.8993,8.3926,12.36,16.022,22.279,25.483,26.856,26.246,24.873,19.074,9.003,-1.6785,-18.006,-39.216,-49.745,-46.083,-38.453,-42.421,-70.04,-119.17,-132.91,-81.484,20.905,146.64,264.14,366.83,456.86,525.22,584.73,648.06,696.43,714.44,725.88,730.46,745.57,776.85,807.52,810.42,781.12,744.19,706.05,663.32,620.44,578.02,526.6,470.44,423.9,377.21,328.68,284.43,242.62,200.81,156.56,108.95,62.563,20.142,-17.701,-54.018,-81.027,-94.455,-97.201,-104.83,-122.07,-144.51,-169.68,-197.3,-221.11,-241.71,-251.93,-250.71,-234.69,-216.99,-206.31,-209.2,-218.36,-231.18,-244.15,-252.54,-254.98,-260.48,-272.53,-286.57,-296.79,-302.59,-298.93,-294.2,-289.01,-292.21,-307.63,-331.58,-353.71,-367.44,-366.22,-349.59,-320.9,-293.13,-274.36,-272.99,-288.55,-318.46,-352.79,-386.97,-409.1,-410.47,-394.76,-367.29,-335.09,-307.47,-288.09,-289.47,-305.34,-333.41,-366.83,-402.39,-423.44,-421.77,-399.03,-368.82,-344.25,-334.64,-339.37,-355.69,-377.51,-407.27,-439.92,-466.78,-471.97,-453.05,-414.14,-372.94,-348.52,-347,-360.73,-375.84,-382.85,-394.15,-401.78,-404.07,-397.96,-384.23,-367.6,-356.15,-352.03,-352.34,-352.03,-348.67,-340.28,-329.45,-317.7,-310.98,-308.08,-312.2,-319.99,-334.03,-346.84,-352.34,-351.88,-345.01,-336.47,-328.84,-322.12,-321.67,-319.68,-320.29,-319.22,-321.82,-325.48,-324.87,-316.32,-301.22,-281.69,-266.43,-256.2,-251.78,-247.66,-247.35,-249.34,-255.75,-261.24,-267.8,-272.99,-272.23,-263.99,-253.61,-240.64,-227.06,-213.32,-205.69,-201.42,-199.29,-198.52,-196.08,-189.06,-181.28,-173.5,-168.61,-163.88,-162.82,-159.46,-158.24,-155.34,-154.88,-155.34,-155.8,-152.9,-148.01,-137.49,-124.21,-110.32,-100.41,-89.572,-83.163,-76.754,-72.024,-65.004,-59.969,-52.187,-45.015,-37.233,-30.824,-21.973,-14.801,-7.0193,-1.9837,3.6622,7.6296,13.886,19.99,26.399,33.418,39.827,46.388,55.238,62.41,71.261,78.738,86.367,94.455,105.44,114.6,124.52,135.04,147.56,159,170.45,178.23,186.62,191.5,197.45,201.42,206.31,210.27,216.07,222.02,228.89,235.91,245.37,250.86,255.9,261.09,267.19,269.94,273.45,277.57,280.16,281.38,282.91,285.04,289.16,291.3,294.96,298.78,305.64,309.31,312.66,318.16,324.11,330.21,337.84,345.47,352.18,355.24,361.49,365.76,370.19,374.16,375.68,372.78,372.17,374.61,375.07,372.48,372.02,371.56,372.63,375.38,378.28,381.02,384.23,386.06,389.42,393.54,398.11,401.78,407.73,412.92,419.93,422.22,424.21,425.73,428.02,430.01,433.52,435.96,436.26,437.33,440.38,444.35,451.06,456.86,462.66,467.24,469.22,469.99,469.53,466.93,463.58,460.68,459.46,457.32,458.54,457.47,457.32,455.34,450.76,446.64,442.06,439.77,440.38,439.16,438.25,436.11,435.19,432.29,428.79,426.04,421.92,417.95,415.05,412.76,409.56,404.68,399.95,394.15,391.09,387.59,384.69,382.85,380.57,378.43,375.84,372.78,369.58,365.31,363.93,361.8,360.27,355.54,351.42,347.15,341.96,338.45,335.86,333.41,331.58,329.91,329.14,328.53,331.28,332.8,334.48,335.09,336.47,336.92,337.53,336.92,335.25,334.03,334.94,334.79,335.4,334.79,336.01,336.16,335.25,332.65,329.14,325.48,322.12,318,315.41,311.44,309,306.71,306.41,305.64,305.8,305.95,305.95,305.95,306.71,308.24,310.53,309.76,309.61,308.54,307.17,304.12,301.22,298.17,296.33,294.5,290.84,286.57,281.99,276.65,271.92,266.58,262.31,258.34,256.51,254.68,251.63,247.35,244.61,242.62,242.16,240.64,239.27,235.45,231.64,228.43,226.75,225.07,224.92,225.23,225.84,225.23,225.53,223.4,223.7,224.16,224.31,222.94,220.95,216.83,213.78,211.8,211.95,210.12,210.73,207.22,204.47,202.34,203.1,205.08,206.76,208.59,209.66,208.59,207.98,206.92,205.39,202.34,199.44,196.69,194.25,191.66,186.93,181.89,178.23,174.41,173.8,172.73,171.36,168.31,166.33,163.88,160.53,155.8,151.22,144.66,138.55,133.06,129.4,124.36,121.16,117.5,115.97,115.67,114.29,111.09,109.1,106.66,102.69,97.964,93.997,88.198,83.773,78.433,75.838,72.024,67.293,62.258,59.053,55.391,48.83,41.047,33.723,25.025,18.159,12.055,9.003,4.12,-2.1363,-8.0874,-11.597,-15.564,-19.99,-23.804,-27.772,-30.976,-31.587,-31.129,-28.993,-27.924,-26.551,-24.415,-21.668,-21.21,-19.684,-18.311,-18.159,-18.464,-18.921,-21.21,-24.262,-26.551,-27.467,-30.061,-32.502,-34.944,-37.538,-40.437,-41.963,-42.573,-42.573,-43.031,-40.895,-39.064,-35.096,-33.57,-33.113,-33.418,-32.96,-33.418,-33.113,-33.876,-32.197,-31.892,-30.671,-32.197,-34.791,-38.148,-40.742,-43.184,-43.947,-44.404,-44.557,-44.71,-41.047,-40.132,-37.385,-36.317,-36.317,-37.538,-36.927,-37.69,-38.911,-40.742,-43.336,-45.625,-47.609,-47.761,-44.862,-43.336,-42.268,-40.742,-36.927,-34.486,-34.486,-35.096,-34.791,-36.622,-40.59,-46.236,-52.034,-57.527,-58.443,-58.596,-58.748,-60.427,-61.8,-63.936,-66.073,-66.988,-67.598,-69.277,-68.972,-69.277,-67.751,-69.277,-70.956,-75.076,-77.975,-80.264,-82.247,-83.163,-79.806,-74.923,-71.261,-69.43,-66.53,-64.699,-60.579,-57.07,-54.933,-54.17,-55.544,-57.985,-60.427,-64.241,-66.378,-67.751,-66.988,-66.988,-65.92,-64.547,-62.868,-62.105,-63.936,-68.514,-73.244,-79.348,-84.231,-89.572,-93.997,-98.117,-101.63,-103.61,-104.22,-105.75,-109.1,-115.36,-118.56,-121.62,-122.84,-124.67,-127.11,-130.77,-133.37,-134.89,-137.64,-142.67,-148.17,-152.44,-153.51,-155.95,-156.1,-154.27,-152.44,-151.37,-151.37,-153.66,-157.02,-160.22,-163.12,-165.56,-166.33,-167.55,-167.85,-168.61,-167.24,-163.27,-159.61,-155.8,-151.52,-147.25,-142.06,-137.49,-133.06,-131.38,-129.09,-128.03,-126.35,-124.36,-122.23,-119.94,-118.87,-118.87,-119.33,-120.7,-122.07,-125.43,-125.43,-126.04,-124.52,-124.21,-124.06,-125.58,-128.03,-133.37,-137.79,-139.93,-140.54,-141.61,-140.54,-137.79,-130.92,-128.03,-127.57,-130.77,-135.5,-139.62,-141,-140.08,-138.86,-139.01,-137.94,-138.1,-135.81,-133.82,-129.86,-128.94,-128.03,-125.89,-124.21,-126.96,-132.6,-137.79,-140.69,-145.27,-146.79,-147.56,-148.32,-151.68,-152.75,-155.03,-156.71,-160.07,-164.49,-167.55,-169.23,-169.99,-171.06,-173.65,-172.12,-172.43,-171.97,-171.97,-171.21,-169.07,-167.09,-163.73,-158.24,-152.9,-148.01,-143.74,-135.65,-128.94,-122.53,-117.19,-109.71,-102.08,-94.913,-88.656,-82.4,-78.585,-76.907,-76.907,-74.77,-74.313,-75.076,-77.67,-77.517,-77.059,-72.329,-68.361,-64.852,-62.868,-60.579,-58.901,-58.138,-58.596,-63.631,-70.498,-73.092,-74.77,-73.244,-72.024,-70.193,-68.667,-67.141,-66.988,-67.141,-68.819,-71.261,-75.076,-80.874,-88.961,-93.997,-98.117,-98.88,-98.88,-95.981,-93.081,-91.708,-92.929,-95.828,-97.507,-100.56,-104.98,-109.87,-116.89,-121.92,-125.43,-125.74,-126.19,-127.72,-131.23,-134.28,-135.96,-139.32,-144.2,-148.47,-155.19,-158.7,-163.43,-168,-174.72,-180.67,-185.71,-187.38,-187.08,-183.87,-180.36,-176.09,-171.67,-164.95,-161.44,-156.25,-150.46,-141.76,-134.13,-128.79,-127.11,-127.11,-127.87,-130.77,-134.74,-137.94,-141.91,-142.06,-140.84,-138.25,-134.43,-130.01,-126.8,-121.77,-115.36,-109.71,-107.88,-107.43,-107.12,-106.2,-107.43,-104.83,-102.08,-99.185,-97.507,-96.438,-96.591,-100.86,-105.14,-106.66,-107.43,-107.12,-108.95,-111.24,-113.22,-112.92,-114.14,-115.82,-115.82,-111.39,-104.83,-97.049,-92.929,-88.961,-85.91,-80.874,-77.059,-69.277,-60.427,-54.17,-48.524,-43.794,-39.827,-34.944,-31.587,-28.077,-26.856,-25.178,-24.567,-23.957,-23.499,-22.279,-20.142,-18.006,-13.886,-9.7659,-7.6296,-5.6459,-4.7304,-3.8148,-2.8993,-1.6785,-2.7467,-3.6622,-5.3407,-6.4089,-6.5615,-7.9348,-10.224,-11.597,-12.665,-9.6133,-6.8667,-5.1881,-9.6133,-13.581,-14.954,-15.107,-13.733,-12.665,-12.818,-12.665,-13.123,-12.055,-14.496,-16.785,-21.058,-25.788,-29.756,-30.366,-29.298,-27.314,-27.772,-28.382,-30.366,-28.077,-27.314,-26.093,-28.535,-31.739,-32.655,-33.265,-33.876,-33.113,-33.723,-34.486,-36.012,-33.876,-31.434,-26.246,-20.905,-17.243,-12.513,-8.24,-4.5778,-1.2207,-0,-0.61037,-1.6785,-1.5259,-5.1881,-8.8504,-11.292,-11.75,-12.513,-11.597,-7.9348,-1.0681,3.5096,7.9348,9.1556,8.5452,6.4089,4.12,1.0681,-3.9674,-9.7659,-12.97,-17.701,-19.99,-24.11,-26.246,-26.093,-23.652,-21.821,-20.905,-21.668,-20.6,-19.837,-18.159,-17.548,-15.259,-13.428,-11.75,-11.444,-11.75,-12.36,-14.801,-18.921,-21.21,-23.041,-26.093,-28.993,-28.23,-28.993,-28.84,-28.993,-29.45,-34.181,-40.895,-47.914,-54.628,-64.241,-72.024,-79.958,-83.01,-84.231,-83.01,-80.264,-74.007,-69.735,-66.378,-65.615,-65.462,-64.852,-60.884,-54.933,-48.372,-43.184,-36.47,-30.061,-24.262,-20.6,-15.564,-10.529,-6.7141,-3.0519,1.3733,3.0519,3.0519,1.3733,-0.45778,-2.1363,-1.9837,0.45778,2.8993,4.2726,5.1881,3.6622,4.883,4.7304,4.12,1.5259,-0.15259,0.15259,2.2889,5.3407,10.529,13.428,16.327,15.87,11.902,5.4933,2.2889,-1.2207,-3.6622,-7.477,-10.224,-9.7659,-9.4607,-7.6296,-4.883,-6.4089,-5.4933,-4.4252,-5.6459,-10.224,-12.36,-14.039,-15.259,-16.327,-15.87,-16.022,-15.412,-19.379,-25.483,-31.892,-36.775,-43.184,-47.761,-53.102,-57.527,-59.206,-60.884,-63.021,-61.953,-60.427,-56.612,-55.238,-51.729,-45.93,-38.148,-32.044,-29.298,-25.788,-21.363,-18.311,-13.428,-7.1718,-0.76296,4.7304,10.529,11.597,15.564,19.379,22.736,26.246,30.519,34.333,39.674,43.947,48.982,49.287,49.745,46.846,43.031,37.385,32.807,29.603,28.077,29.145,31.129,31.892,30.824,26.093,22.584,17.243,14.496,11.75,11.75,12.207,12.97,13.733,11.444,6.5615,2.2889,-1.0681,-1.5259,-3.357,-3.8148,-4.5778,-1.5259,0.61037,1.5259,1.8311,0.91556,0.45778,0.91556,-1.2207,-2.1363,-5.9511,-6.7141,-4.5778,-1.0681,0.61037,3.6622,8.0874,11.597,10.529,6.5615,3.5096,3.6622,3.2044,4.883,4.4252,2.7467,-2.7467,-9.6133,-15.412,-20.447,-25.025,-26.399,-27.161,-24.567,-23.041,-20.142,-19.532,-18.159,-19.074,-19.074,-19.379,-18.921,-18.616,-17.853,-17.396,-16.633,-16.938,-14.649,-13.581,-10.529,-8.5452,-4.883,-0.61037,4.5778,10.376,17.243,21.21,23.957,25.788,29.603,30.519,32.044,34.486,36.47,37.996,36.622,33.418,31.281,30.519,33.113,35.707,36.775,37.538,41.81,44.404,47.914,47.151,45.473,43.031,40.437,39.369,38.148,38.301,40.742,41.2,39.979,37.233,38.606,36.012,32.35,26.856,22.431,20.295,19.532,18.006,15.259,10.376,5.7985,0.30519,-1.6785,-3.5096,-2.8993,-1.8311,-1.3733,-3.2044,-5.6459,-8.0874,-10.987,-12.665,-10.224,-7.477,-5.4933,-3.6622,-0.45778,-0,0.15259,-0.45778,-0.45778,-1.8311,-2.7467,-2.7467,-1.2207,-1.3733,0.61037,1.8311,2.2889,1.5259,4.12,7.477,10.987,16.022,21.21,27.009,31.434,34.028,34.791,36.317,37.996,37.385,38.606,41.047,45.625,46.846,47.609,49.745,51.271,52.797,54.17,52.644,53.56,57.375,62.258,65.462,69.43,72.329,75.533,76.144,75.228,74.16,72.634,72.024,71.413,72.024,74.923,75.228,76.601,77.364,76.907,74.16,71.871,70.04,67.751,65.31,64.241,66.073,70.498,73.702,79.501,81.637,84.689,85.91,86.52,83.621,78.28,73.397,72.176,73.244,76.144,77.822,79.958,80.416,82.4,81.179,80.264,78.28,77.364,75.381,72.329,66.836,60.427,53.865,46.541,38.606,31.434,19.532,9.7659,-0.91556,-10.071,-17.243,-22.431,-29.298,-34.333,-38.453,-39.827,-43.031,-47.914,-54.018,-60.121,-67.751,-70.498,-74.007,-76.754,-83.01,-86.825,-89.419,-88.656,-87.436,-84.689,-81.637,-78.585,-75.228,-69.277,-65.615,-59.969,-54.17,-46.999,-41.353,-36.775,-32.044,-25.941,-20.447,-13.581,-6.2563,-0.61037,1.9837,6.7141,7.3244,6.8667,5.0356,3.8148,3.357,3.0519,4.2726,5.4933,2.1363,-4.12,-10.834,-15.564,-20.6,-24.72,-29.45,-33.723,-39.064,-43.794,-49.135,-53.56,-55.391,-55.544,-55.086,-54.018,-54.17,-52.187,-49.135,-43.947,-39.674,-36.317,-33.113,-28.382,-24.415,-22.279,-19.837,-18.159,-17.853,-14.191,-12.207,-6.8667,-1.5259,3.6622,8.5452,12.818,14.039,13.733,12.207,12.055,13.123,12.207,9.6133,8.6978,5.1881,1.6785,-4.12,-8.3926,-12.513,-12.665,-13.733,-18.006,-23.652,-31.892,-40.59,-46.388,-49.44,-52.034,-55.391,-55.696,-58.748,-60.884,-62.716,-61.953,-60.274,-59.206,-59.206,-57.985,-57.375,-56.307,-56.917,-53.865,-53.56,-50.508,-48.372,-44.557,-41.505,-38.301,-36.775,-35.401,-35.554,-35.096,-33.265,-31.129,-31.129,-30.213,-33.57,-36.012,-37.843,-38.301,-40.895,-45.167,-50.356,-54.476,-57.833,-59.816,-62.716,-64.241,-66.53,-63.326,-61.953,-60.427,-60.579,-60.121,-57.68,-53.865,-50.661,-47.151,-44.557,-41.505,-39.216,-35.401,-33.265,-29.145,-24.262,-21.21,-18.769,-15.717,-12.513,-8.24,-7.0193,-5.0356,-4.12,-1.0681,1.0681,4.2726,7.3244,10.529,13.886,17.09,19.227,21.973,24.415,27.772,28.687,29.45,28.84,27.467,25.33,23.194,23.041,24.873,25.788,26.246,23.652,23.499,23.194,24.567,28.382,32.044,35.554,38.606,39.827,40.742,41.658,43.336,41.81,42.879,43.641,45.167,47.609,48.067,47.456,44.404,39.216,37.233,36.47,36.927,35.249,34.028,31.892,30.366,28.84,28.84,29.145,30.366,32.197,36.927,40.284,43.641,45.473,49.287,53.255,55.696,55.544,55.391,57.68,61.495,65.004,70.803,74.007,78.738,83.01,89.114,93.997,98.117,101.02,103.31,105.44,107.43,107.12,107.58,107.27,109.87,112.31,115.51,116.28,117.04,116.89,116.58,117.19,118.26,119.17,121.62,120.7,121.92,121.16,122.07,119.94,119.02,119.63,121.16,120.55,118.41,116.73,113.68,107.43,103.15,98.27,94.76,91.098,88.809,86.673,84.384,82.247,80.569,79.348,79.806,81.179,82.095,78.28,75.533,71.566,68.819,64.699,60.121,56.764,54.476,52.644,50.203,46.083,41.505,37.08,33.723,28.23,22.889,18.159,14.039,10.529,8.0874,4.5778,0.15259,-5.3407,-10.987,-19.532,-26.399,-33.876,-38.606,-45.015,-48.524,-50.356,-51.118,-52.034,-53.407,-56.459,-57.985,-60.579,-59.969,-60.427,-59.969,-61.342,-62.258,-64.394,-64.241,-63.631,-62.258,-60.427,-59.206,-58.901,-59.053,-59.969,-57.833,-57.07,-52.339,-49.135,-45.32,-42.573,-38.911,-35.096,-34.333,-37.08,-38.911,-39.674,-39.064,-38.606,-34.486,-32.197,-27.467,-23.957,-18.769,-14.954,-14.649,-15.259,-17.548,-18.311,-17.853,-15.564,-10.224,-7.6296,-5.1881,-3.0519,0.45778,2.8993,7.3244,9.7659,10.681,10.376,9.003,8.5452,9.1556,10.224,12.818,15.87,18.464,16.785,16.633,17.701,19.379,20.447,18.616,14.801,11.597,6.8667,3.5096,-0,-1.2207,-4.12,-5.7985,-7.477,-8.24,-9.9185,-11.292,-13.123,-15.564,-15.87,-16.022,-14.496,-12.513,-12.36,-9.3081,-8.5452,-9.9185,-14.649,-17.548,-18.921,-18.006,-15.87,-14.344,-14.039,-12.665,-10.376,-5.9511,-4.2726,-0.30519,3.5096,10.071,13.733,17.243,22.126,26.246,28.84,29.145,28.535,29.145,29.45,31.434,30.366,30.976,28.687,25.33,21.973,19.837,17.701,16.022,14.801,12.97,12.055,12.818,16.175,22.736,29.908,41.658,51.271,58.901,62.716,68.514,72.634,73.092,71.871,70.193,70.345,69.887,68.209,67.446,63.784,62.41,60.884,62.41,63.936,64.699,65.004,65.767,65.462,65.615,67.141,68.514,67.446,67.141,65.31,63.936,61.495,60.427,59.816,60.884,63.631,66.225,66.836,66.073,63.478,60.579,56.764,53.865,49.745,48.067,43.947,39.369,34.333,29.45,21.363,11.597,0.45778,-10.224,-20.295,-29.45,-37.538,-41.505,-46.541,-48.219,-50.203,-49.593,-49.593,-48.677,-46.388,-43.489,-39.827,-36.622,-32.655,-26.856,-24.11,-19.837,-17.09,-12.513,-9.9185,-5.6459,-3.357,0.61037,3.0519,5.4933,8.5452,12.818,18.464,24.567,29.298,33.57,35.707,39.369,39.827,37.69,31.587,26.704,22.279,19.074,16.022,14.344,13.581,12.665,10.224,7.9348,4.7304,2.2889,-3.5096,-5.1881,-6.2563,-4.4252,0.45778,5.7985,10.376,13.123,13.581,15.87,19.837,24.415,28.84,34.791,39.369,45.625,51.881,59.053,63.478,66.988,70.193,73.244,77.822,81.942,84.841,88.656,89.114,91.403,91.25,91.556,90.793,89.877,87.588,82.705,76.601,68.514,59.511,51.424,44.252,38.148,30.213,24.72,19.532,17.701,14.801,13.733,11.444,9.3081,7.9348,7.0193,6.8667,7.3244,10.071,15.564,19.227,23.347,25.025,27.161,30.061,34.333,38.911,41.658,43.184,45.015,45.625,46.846,44.862,43.489,37.996,34.181,30.366,27.924,26.551,25.483,23.499,21.973,20.753,19.684,19.074,19.837,18.464,18.616,16.938,14.496,12.055,10.071,7.1718,4.2726,2.2889,3.2044,3.357,1.6785,-0.15259,2.7467,5.4933,10.529,13.581,16.175,19.532,23.347,24.262,24.415,22.736,21.363,18.006,16.938,15.717,16.022,14.496,14.649,15.107,14.344,12.055,9.6133,8.24,9.003,9.3081,10.224,8.0874,8.0874,7.6296,7.7822,7.6296,8.0874,7.6296,6.5615,5.6459,5.4933,3.2044,2.2889,0.61037,1.3733,0.45778,0.45778,-0.45778,0.30519,0.30519,1.9837,4.12,5.1881,7.0193,10.224,12.207,14.039,14.496,14.801,14.649,17.548,19.379,21.821,25.178,29.756,33.113,35.859,37.69,37.538,36.622,37.233,37.08,38.759,39.521,39.369,36.775,34.333,32.807,32.96,33.113,33.418,34.028,35.249,33.876,34.333,32.807,30.824,26.399,23.804,21.821,19.99,19.99,20.142,20.295,20.753,20.905,20.753,19.227,16.633,11.292,6.4089,-0,-5.7985,-11.444,-16.022,-18.159,-17.548,-16.175,-17.243,-18.311,-19.379,-23.652,-27.772,-34.028,-39.979,-46.846,-51.881,-57.375,-63.173,-67.598,-71.108,-73.55,-75.686,-79.043,-81.179,-84.841,-87.436,-89.267,-85.757,-80.569,-74.923,-73.092,-71.718,-70.498,-69.887,-70.345,-68.667,-69.582,-70.65,-73.55,-73.855,-75.533,-77.212,-79.958,-83.01,-86.52,-88.504,-91.098,-92.013,-94.15,-94.302,-94.607,-93.997,-95.981,-97.507,-97.964,-98.727,-96.896,-95.676,-95.37,-93.692,-94.913,-94.913,-95.37,-95.065,-94.607,-90.793,-85.604,-80.264,-77.517,-75.686,-75.686,-75.228,-77.822,-77.517,-78.127,-76.601,-75.381,-73.702,-71.566,-68.972,-66.836,-65.462,-64.089,-60.427,-56.612,-51.271,-46.541,-39.674,-37.385,-35.554,-33.876,-33.418,-35.707,-36.927,-37.843,-37.69,-38.148,-36.775,-36.775,-35.249,-36.164,-37.233,-38.453,-38.301,-36.317,-32.96,-32.044,-30.061,-28.687,-24.72,-22.431,-19.532,-18.921,-17.396,-17.853,-17.853,-16.938,-15.564,-14.191,-11.902,-10.224,-7.1718,-6.1037,-3.8148,-5.0356,-5.4933,-7.6296,-8.0874,-8.5452,-9.7659,-9.4607,-8.0874,-7.6296,-7.3244,-8.6978,-8.3926,-10.224,-10.529,-11.444,-10.987,-11.902,-12.513,-14.344,-15.564,-12.818,-7.477,-4.2726,-1.8311,-2.8993,-3.357,-5.4933,-6.2563,-8.24,-11.902,-15.107,-16.633,-18.006,-18.769,-19.532,-18.921,-21.668,-25.178,-31.587,-36.012,-41.963,-45.778,-50.508,-54.476,-57.985,-61.037,-63.326,-65.31,-68.667,-71.413,-74.77,-76.144,-78.28,-78.585,-78.738,-77.822,-76.144,-71.871,-65.92,-62.258,-59.969,-57.527,-57.07,-53.255,-50.813,-48.372,-46.236,-43.794,-42.879,-40.895,-37.996,-33.418,-28.687,-22.584,-17.09,-11.902,-8.6978,-5.3407,-5.0356,-5.4933,-6.7141,-8.24,-8.0874,-6.8667,-6.1037,-5.1881,-5.4933,-5.1881,-6.8667,-7.3244,-8.8504,-10.529,-13.428,-16.48,-18.311,-19.684,-22.431,-24.72,-28.535,-32.35,-37.385,-40.284,-45.015,-48.677,-51.729,-52.187,-51.729,-50.508,-49.745,-48.83,-48.982,-44.71,-40.437,-36.164,-33.723,-31.434,-29.45,-29.298,-30.976,-32.044,-30.366,-26.399,-23.652,-21.516,-21.668,-21.21,-21.668,-20.905,-20.6,-21.363,-23.347,-25.483,-27.772,-29.756,-32.502,-35.249,-41.505,-45.778,-46.999,-46.693,-45.32,-44.404,-44.404,-41.2,-35.707,-29.908,-27.161,-24.262,-24.415,-25.178,-27.467,-29.145,-29.145,-28.84,-28.535,-29.298,-31.434,-32.044,-34.181,-33.57,-33.57,-31.739,-30.824,-30.824,-31.434,-33.418,-36.622,-39.979,-44.71,-47.609,-48.982,-48.524,-49.593,-50.356,-52.339,-54.323,-57.985,-58.596,-59.206,-60.274,-59.816,-57.985,-55.238,-50.813,-45.93,-38.606,-31.281,-22.889,-17.09,-10.987,-6.7141,-2.8993,1.2207,7.3244,13.276,18.006,21.973,24.873,28.382,35.859,41.2,45.167,44.862,44.404,43.641,44.404,44.404,41.505,38.606,34.791,28.993,24.72,20.753,17.09,11.75,6.5615,0.45778,-2.7467,-6.8667,-8.24,-8.8504,-7.0193,-3.9674,-0,2.7467,4.12,4.4252,5.7985,5.1881,8.5452,13.581,19.227,23.499,27.161,30.671,32.96,34.486,36.47,33.723,32.044,29.145,26.856,20.447,15.107,6.2563,-3.0519,-11.292,-19.684,-25.941,-31.739,-37.385,-41.963,-48.372,-52.95,-58.29,-61.8,-66.378,-69.124,-73.855,-76.296,-76.296,-75.686,-75.533,-75.381,-74.465,-71.261,-68.972,-63.173,-56.307,-47.304,-41.963,-37.843,-35.401,-33.113,-29.45,-25.636,-23.347,-22.431,-22.584,-23.041,-25.636,-27.924,-31.739,-32.197,-33.876,-36.164,-39.674,-42.421,-45.32,-47.914,-50.661,-53.56,-56.459,-55.849,-57.222,-59.053,-64.394,-68.972,-73.855,-78.89,-81.027,-79.043,-77.212,-75.228,-72.634,-68.361,-68.361,-65.92,-63.326,-58.901,-55.696,-49.287,-41.81,-33.876,-25.025,-15.717,-7.0193,0.30519,5.9511,12.207,17.853,23.652,24.72,23.652,21.973,19.99,16.022,13.428,10.681,7.1718,2.1363,-0.91556,-6.4089,-10.376,-13.123,-12.818,-11.139,-7.3244,-4.5778,-4.7304,-5.9511,-6.1037,-6.7141,-7.6296,-8.5452,-9.1556,-11.444,-12.055,-14.496,-15.87,-17.09,-16.633,-15.564,-11.902,-8.0874,-3.9674,-1.8311,2.2889,4.12,7.1718,8.0874,8.6978,6.5615,4.883,3.0519,1.0681,-0.30519,-1.3733,-4.5778,-9.003,-17.701,-24.873,-30.671,-34.944,-40.284,-42.421,-44.099,-45.167,-44.557,-43.031,-42.116,-40.895,-39.674,-36.622,-33.57,-27.924,-21.973,-15.412,-10.071,-2.7467,4.883,10.376,14.191,18.006,19.99,23.499,25.025,27.314,29.908,33.876,37.08,39.979,42.879,44.404,44.099,43.031,40.437,38.301,35.401,34.333,32.35,29.603,24.873,21.363,18.921,17.243,15.412,14.039,10.834,8.0874,5.1881,2.1363,-1.8311,-4.4252,-8.24,-10.529,-11.597,-10.376,-7.3244,-3.8148,-1.0681,0.45778,1.5259,3.8148,5.9511,12.055,18.464,26.856,34.181,38.759,42.268,45.32,46.541,45.93,45.32,45.167,43.794,45.625,47.914,51.729,56.001,59.969,64.089,65.31,65.92,65.157,63.478,63.631,63.478,64.699,65.004,65.157,63.784,60.427,56.764,53.102,48.372,43.947,39.521,35.859,28.687,23.041,14.954,9.9185,7.3244,5.6459,4.12,1.8311,-1.5259,-7.3244,-12.055,-12.513,-12.207,-11.292,-12.665,-13.733,-14.039,-14.039,-15.717,-17.396,-18.311,-19.684,-22.889,-23.652,-24.415,-23.499,-24.72,-25.483,-28.535,-31.892,-35.554,-38.148,-41.81,-46.846,-53.407,-57.527,-61.495,-60.121,-57.985,-55.696,-57.222,-60.274,-65.157,-70.65,-75.991,-81.484,-86.673,-90.793,-97.049,-99.185,-99.796,-98.422,-101.63,-108.49,-114.75,-117.19,-118.72,-122.23,-124.67,-125.74,-126.04,-125.28,-124.97,-122.23,-119.48,-113.99,-108.8,-105.29,-104.07,-101.32,-98.27,-94.455,-93.387,-93.844,-95.981,-95.523,-94.455,-90.335,-87.283,-83.01,-79.348,-75.838,-73.702,-69.277,-65.615,-62.868,-60.274,-54.628,-50.203,-45.473,-42.726,-38.911,-37.385,-34.333,-31.892,-28.993,-26.399,-24.567,-24.415,-24.262,-25.025,-22.584,-21.516,-19.684,-20.142,-20.447,-20.447,-20.447,-21.973,-24.11,-23.957,-21.363,-18.616,-15.412,-11.902,-5.1881,-2.5941,-0.91556,-1.2207,-1.5259,-1.3733,-0.61037,-0,0.30519,1.5259,5.6459,8.0874,11.597,13.428,14.801,16.938,20.753,25.788,32.35,38.606,44.557,47.609,52.034,55.544,60.121,63.936,68.056,69.887,71.871,74.465,77.67,81.179,84.841,90.182,97.049,101.17,106.2,110.78,115.05,116.43,118.56,119.17,120.4,120.24,119.94,119.48,118.56,118.11,120.85,122.99,125.43,125.58,126.35,125.13,124.82,124.06,123.45,125.13,127.57,127.72,127.26,124.67,123.29,121.92,123.45,124.52,126.35,129.09,133.21,135.81,137.33,137.18,135.81,134.13,133.82,132.6,132.15,129.4,128.03,126.19,124.67,123.6,121.31,119.17,116.28,111.7,106.97,100.1,92.776,84.536,78.89,72.634,67.446,61.037,54.018,47.761,42.116,35.859,31.434,27.161,24.415,21.363,19.99,15.87,12.97,9.7659,8.3926,7.477,5.7985,4.5778,4.7304,4.883,6.1037,6.4089,7.6296,6.4089,6.1037,3.357,2.1363,0.15259,-1.5259,-4.5778,-8.0874,-9.9185,-10.071,-10.529,-9.003,-7.7822,-5.6459,-6.8667,-8.8504,-14.801,-20.295,-25.483,-27.467,-28.23,-26.399,-25.636,-25.178,-24.567,-26.093,-28.687,-29.603,-30.671,-29.908,-30.976,-29.756,-27.772,-27.314,-28.687,-32.807,-36.927,-37.538,-36.622,-34.028,-33.723,-34.181,-36.927,-39.216,-42.573,-45.32,-46.541,-47.914,-52.034,-57.222,-63.326,-67.446,-69.887,-70.345,-71.261,-69.887,-69.277,-68.667,-70.345,-74.465,-79.043,-81.79,-83.316,-83.926,-84.994,-83.773,-83.468,-82.705,-82.247,-78.738,-75.076,-71.566,-70.193,-69.887,-70.956,-71.108,-71.413,-70.04,-68.819,-67.293,-66.378,-65.157,-64.241,-63.021,-61.8,-62.563,-62.716,-62.258,-61.8,-61.037,-61.953,-61.953,-63.326,-63.173,-65.462,-67.141,-67.446,-67.141,-68.056,-69.43,-74.16,-76.601,-79.501,-82.705,-87.13,-89.419,-91.861,-93.539,-96.438,-100.41,-104.07,-106.66,-107.88,-106.81,-108.04,-105.44,-102.24,-95.828,-91.098,-87.13,-82.553,-77.059,-71.871,-67.141,-64.394,-61.495,-59.053,-55.544,-54.476,-52.187,-49.287,-44.404,-40.284,-34.333,-29.45,-25.33,-21.363,-17.09,-14.191,-9.7659,-6.5615,-0.45778,6.7141,12.665,18.921,25.788,31.739,37.538,42.421,48.524,52.644,57.375,61.495,67.446,71.718,76.601,81.179,86.52,93.387,100.56,106.66,112,115.05,119.17,122.07,125.13,126.5,127.26,127.87,129.09,130.92,133.37,135.35,138.25,140.39,144.05,145.88,150.15,153.51,157.32,160.37,164.65,168.77,174.57,177.77,182.2,184.79,189.21,193.49,198.98,204.78,209.51,214.09,218.82,222.79,227.06,229.96,233.92,237.74,240.94,243.23,246.59,250.4,253.3,254.98,255.9,255.9,256.81,255.59,255.59,252.85,251.01,245.83,241.4,236.98,233.16,229.5,223.09,215.77,210.27,203.56,198.07,191.35,186.93,181.43,176.85,171.97,165.11,158.85,151.68,146.18,143.59,140.23,137.18,131.23,127.41,123.45,121.92,120.7,119.79,118.56,116.12,113.38,110.63,109.26,109.41,107.73,105.75,101.78,99.033,98.27,96.591,93.692,90.03,85.452,80.569,74.313,68.819,61.647,56.612,50.508,45.32,37.69,30.213,22.889,16.175,10.376,4.12,-1.5259,-4.12,-5.7985,-4.7304,-5.6459,-5.7985,-6.8667,-6.7141,-4.7304,-2.8993,-1.3733,-0.30519,0.45778,-0,-1.8311,-1.6785,-3.5096,-3.6622,-6.2563,-6.5615,-7.477,-7.9348,-7.3244,-7.6296,-9.3081,-10.834,-13.428,-15.87,-19.532,-21.973,-24.262,-25.941,-30.671,-35.859,-39.674,-43.641,-48.524,-54.17,-63.021,-71.871,-80.111,-86.062,-94.302,-99.948,-106.97,-112.77,-118.11,-119.79,-121.77,-126.04,-132.91,-137.94,-145.27,-151.98,-158.39,-161.9,-163.43,-165.26,-166.78,-166.78,-166.63,-167.09,-168.61,-169.23,-170.9,-171.06,-172.12,-172.12,-171.82,-171.82,-173.04,-174.26,-175.48,-175.48,-177.77,-180.67,-185.55,-188.45,-192.42,-194.71,-195.01,-196.54,-197.15,-196.54,-198.37,-201.57,-204.02,-202.03,-202.95,-204.02,-206.46,-208.59,-209.81,-207.53,-203.25,-196.39,-189.37,-183.57,-181.59,-179.3,-179.6,-178.23,-177.77,-175.18,-172.89,-172.28,-171.82,-173.04,-174.11,-174.11,-174.26,-175.02,-179.14,-182.04,-185.4,-187.84,-189.21,-188.76,-187.08,-186.62,-186.62,-183.11,-179.75,-175.33,-173.04,-168.16,-162.82,-157.93,-156.87,-156.87,-159.46,-162.97,-166.02,-167.55,-168.46,-164.8,-160.99,-156.25,-154.12,-153.36,-153.36,-151.22,-149.69,-148.47,-148.78,-147.56,-149.08,-148.93,-148.63,-147.4,-149.24,-151.22,-151.22,-150.61,-151.68,-152.75,-155.8,-155.8,-155.64,-153.51,-151.52,-148.47,-146.79,-143.59,-141.91,-139.47,-136.88,-133.21,-130.92,-127.57,-125.13,-120.85,-117.19,-113.38,-112.46,-111.7,-111.7,-112,-112.92,-112,-110.63,-108.04,-106.66,-106.81,-110.63,-113.38,-118.26,-119.33,-122.53,-124.21,-125.13,-124.06,-123.14,-122.53,-124.97,-127.87,-131.23,-131.84,-134.74,-136.27,-140.84,-143.59,-144.81,-142.83,-143.44,-142.83,-143.28,-142.98,-143.74,-141.76,-140.54,-138.25,-138.86,-137.49,-136.27,-135.35,-135.04,-133.52,-132.6,-129.7,-128.48,-123.45,-119.33,-113.83,-110.02,-105.9,-104.37,-103.61,-102.69,-100.71,-98.88,-94.455,-89.419,-83.01,-78.28,-71.261,-64.852,-57.985,-52.339,-47.456,-43.794,-41.047,-40.132,-39.064,-39.216,-36.775,-35.249,-31.587,-30.213,-26.551,-22.736,-19.99,-16.938,-13.428,-10.681,-6.1037,-2.7467,1.3733,4.12,8.5452,11.597,15.87,20.142,24.567,28.382,33.113,37.233,42.268,45.32,50.508,53.102,56.459,59.053,62.105,65.004,67.293,69.43,70.803,71.261,72.787,73.55,76.144,75.381,75.686,73.55,72.176,68.972,64.852,59.664,56.154,52.95,50.661,49.898,50.05,46.541,41.81,36.622,34.791,30.213,27.009,23.041,22.126,22.431,22.584,22.279,20.6,16.785,14.344,9.4607,6.8667,3.357,0.30519,-3.8148,-5.0356,-6.5615,-9.6133,-14.801,-19.684,-23.499,-24.11,-24.11,-24.11,-27.161,-30.061,-34.028,-33.265,-33.57,-33.876,-36.775,-39.521,-40.437,-40.132,-39.216,-36.012,-36.622,-36.47,-37.233,-37.385,-40.437,-45.32,-50.05,-52.492,-54.018,-53.102,-52.644,-53.255,-54.933,-54.628,-55.696,-54.781,-55.238,-53.713,-52.492,-52.034,-51.271,-51.424,-52.644,-52.339,-52.797,-50.661,-47.914,-41.81,-37.08,-31.129,-28.382,-25.788,-25.178,-23.194,-23.957,-25.941,-28.382,-30.213,-31.587,-29.45,-29.756,-29.45,-29.145,-27.772,-27.314,-25.483,-21.821,-18.006,-15.87,-12.97,-10.224,-6.7141,-4.883,-2.4415,-3.0519,-5.1881,-7.6296,-7.6296,-9.4607,-11.902,-16.327,-20.753,-24.567,-24.415,-22.889,-19.379,-18.616,-17.701,-15.717,-14.039,-13.428,-13.276,-13.733,-10.834,-6.2563,0.30519,4.5778,8.6978,9.7659,10.681,9.6133,7.0193,4.5778,2.7467,-0.61037,-2.1363,-3.5096,-1.8311,-2.2889,-0.45778,2.1363,5.3407,3.8148,0.76296,-3.2044,-6.2563,-9.9185,-12.36,-15.107,-14.801,-14.496,-10.987,-9.7659,-8.6978,-9.9185,-9.9185,-11.597,-12.818,-12.055,-12.36,-13.733,-14.496,-14.191,-10.071,-7.7822,-5.7985,-8.3926,-13.276,-20.447,-24.72,-28.535,-28.687,-27.161,-26.093,-28.993,-29.756,-31.129,-31.587,-32.655,-28.84,-25.941,-27.314,-31.587,-35.096,-38.759,-40.437,-40.132,-38.301,-37.385,-34.944,-31.892,-26.704,-24.567,-23.347,-23.652,-22.584,-21.516,-20.905,-21.058,-21.058,-22.736,-22.431,-24.72,-26.246,-29.298,-29.603,-29.603,-27.772,-27.772,-27.924,-28.535,-27.314,-26.856,-26.399,-27.467,-27.467,-28.382,-29.908,-31.739,-31.739,-31.129,-30.061,-30.366,-31.739,-35.401,-37.08,-40.437,-41.2,-42.116,-40.742,-42.726,-44.557,-47.609,-50.05,-52.95,-54.628,-57.68,-59.511,-61.8,-59.511,-57.222,-53.102,-49.135,-44.099,-42.879,-43.641,-43.947,-44.71,-45.625,-44.862,-43.641,-41.505,-41.2,-40.742,-40.742,-37.69,-36.775,-35.554,-36.164,-37.233,-37.08,-35.554,-33.265,-32.197,-29.908,-25.33,-23.499,-21.973,-19.532,-14.344,-11.292,-7.9348,-4.5778,0.45778,5.9511,12.207,15.564,19.379,20.6,22.889,21.516,22.431,21.516,22.279,23.194,27.314,30.824,32.655,32.044,33.113,34.028,36.775,38.606,40.284,38.606,38.911,37.996,39.674,42.268,45.167,47.609,51.271,54.781,56.917,57.833,60.579,61.342,63.021,64.241,67.446,66.836,68.514,70.956,72.787,72.939,73.702,72.481,70.498,67.293,66.53,64.241,63.784,61.342,61.953,62.41,65.615,66.683,66.225,62.868,58.596,56.001,56.917,57.833,61.037,60.884,62.868,65.615,69.43,69.887,68.972,68.972,72.176,76.601,80.264,79.958,79.806,77.975,77.364,75.686,74.16,72.329,71.261,68.056,63.478,57.833,54.323,51.271,47.761,44.404,43.489,39.827,38.148,36.47,36.47,34.486,33.418,33.418,33.57,30.671,28.993,27.467,28.077,27.619,28.687,27.161,26.399,20.753,16.175,11.902,11.597,11.597,12.36,12.207,13.123,14.039,14.649,14.649,15.259,14.344,14.801,10.834,9.9185,9.1556,8.24,7.477,9.003,10.071,10.987,11.75,15.564,18.616,21.058,20.447,21.363,18.464,17.853,16.175,14.649,10.681,9.003,9.3081,9.1556,7.7822,8.6978,6.8667,6.5615,4.5778,4.4252,5.6459,9.3081,12.055,15.717,19.837,23.652,27.619,32.35,35.707,40.742,44.252,48.677,48.982,50.05,48.677,48.982,48.677,47.609,46.693,45.015,41.658,39.827,37.385,36.47,33.876,32.197,27.161,24.262,19.837,15.412,11.292,9.7659,8.8504,9.1556,6.5615,4.7304,1.3733,1.3733,-0.30519,-0.91556,-0.15259,1.6785,2.5941,1.8311,1.0681,1.3733,-0,0.91556,0.30519,2.7467,1.8311,2.2889,3.0519,2.5941,0.45778,0.91556,2.4415,4.7304,6.7141,10.071,14.191,20.905,22.889,24.567,23.499,23.804,23.804,24.415,24.567,24.262,23.194,23.347,22.279,22.126,19.99,19.837,18.159,18.159,15.564,14.191,13.123,11.75,10.224,9.9185,8.8504,8.6978,7.6296,9.9185,12.513,15.259,15.564,19.684,19.99,19.837,19.684,21.21,22.279,21.821,21.973,23.194,22.279,20.295,14.954,12.055,8.24,6.4089,3.2044,2.1363,-0.15259,-1.5259,-0.91556,2.1363,6.5615,13.733,20.295,29.298,37.69,46.541,53.102,61.037,67.141,73.244,77.975,80.569,81.637,83.316,83.01,81.942,80.264,79.501,76.144,74.465,70.65,69.582,68.514,68.667,69.887,69.582,68.667,68.209,68.056,67.293,65.462,64.547,62.716,62.563,61.19,65.004,67.904,69.887,72.176,74.16,74.77,75.533,76.144,78.433,80.111,82.095,84.078,88.046,88.656,88.198,85.299,82.247,80.416,80.111,80.721,81.942,81.484,81.79,79.653,79.501,76.601,74.923,72.481,72.176,72.024,72.176,71.718,72.787,74.618,77.517,78.738,80.874,80.111,81.179,81.027,84.078,87.436,91.098,93.234,94.302,93.692,93.844,92.624,93.387,92.318,91.556,89.877,89.724,89.572,89.572,86.52,83.621,82.553,81.332,78.585,74.923,70.04,66.836,62.41,62.258,62.868,64.547,63.936,62.258,59.206,55.238,50.813,43.641,35.859,30.213,26.856,26.093,23.499,21.516,18.921,17.701,16.327,16.48,14.191,11.597,10.224,9.3081,5.7985,3.5096,0.61037,-1.0681,-3.2044,-3.9674,-6.2563,-7.3244,-9.003,-11.75,-13.581,-16.022,-19.684,-21.363,-25.788,-29.756,-34.639,-38.301,-41.047,-42.421,-45.167,-48.372,-51.118,-54.323,-58.901,-64.699,-72.939,-79.653,-86.52,-90.793,-94.15,-95.37,-96.133,-97.812,-99.49,-99.185,-99.185,-99.338,-99.796,-99.643,-99.948,-100.41,-103.92,-103.76,-102.39,-101.17,-101.17,-100.25,-98.27,-95.676,-92.624,-87.436,-86.367,-83.773,-80.264,-76.296,-75.076,-73.55,-75.381,-78.585,-79.806,-79.501,-77.975,-74.007,-71.871,-69.124,-69.124,-67.141,-69.887,-71.718,-75.228,-75.686,-75.686,-78.433,-84.384,-88.351,-88.809,-86.825,-85.452,-82.095,-81.027,-79.196,-79.501,-77.517,-75.076,-71.261,-64.089,-53.102,-41.505,-32.197,-23.652,-16.175,-13.886,-14.039,-16.327,-17.243,-17.396,-13.581,-8.3926,-1.8311,4.12,9.3081,16.327,25.178,32.655,42.268,48.372,53.865,57.222,62.563,68.972,76.296,81.484,85.757,87.588,90.487,92.776,94.455,91.556,87.436,82.247,78.585,72.634,66.378,58.596,52.797,43.794,35.401,28.84,20.753,12.36,6.2563,0.45778,-5.7985,-12.665,-18.311,-28.382,-37.996,-47.304,-53.255,-60.579,-64.547,-68.819,-73.397,-77.212,-79.043,-83.01,-86.978,-92.929,-97.507,-103.46,-105.29,-107.12,-108.04,-109.71,-110.02,-109.26,-107.58,-106.81,-105.29,-104.68,-102.39,-102.85,-101.17,-99.49,-95.065,-93.081,-90.03,-87.893,-84.078,-82.095,-81.179,-82.095,-79.348,-77.975,-72.787,-68.514,-60.121,-51.576,-41.963,-33.418,-25.33,-18.006,-9.3081,-2.8993,3.8148,8.5452,13.428,15.564,18.311,19.074,23.194,29.145,35.554,40.895,45.778,48.83,51.881,55.544,60.274,65.004,70.803,74.618,80.721,85.147,89.572,93.844,99.033,103.92,106.66,109.1,112,114.75,117.95,118.87,123.14,126.19,129.4,131.84,132.91,133.82,134.74,135.65,137.94,140.08,142.22,141.61,142.98,141.15,138.86,137.94,138.55,138.55,136.88,134.89,133.82,131.08,130.16,129.4,130.01,127.57,123.91,120.24,117.34,116.43,116.73,116.89,117.34,115.05,112.92,107.88,104.53,98.422,94.302,90.793,89.724,91.403,93.844,95.828,98.117,100.25,102.54,101.63,101.78,102.24,105.29,110.63,116.28,119.94,121.31,122.07,122.99,124.21,126.04,127.72,129.86,131.08,132.91,133.21,132.76,131.69,130.47,130.16,131.23,131.84,130.16,127.26,127.41,127.11,125.89,123.6,121.01,117.8,115.67,112,109.26,106.2,104.07,101.17,102.39,103.61,106.36,105.75,105.75,105.75,104.37,102.08,99.796,97.812,95.523,92.624,92.013,90.64,89.419,86.367,83.468,79.348,74.77,71.413,69.735,68.514,67.446,67.293,69.582,69.735,70.65,70.345,71.566,70.498,71.718,74.16,75.381,75.076,72.329,67.904,64.394,63.021,63.784,61.342,59.206,57.375,59.358,61.342,63.784,64.241,65.462,63.021,58.596,53.713,50.05,46.541,46.846,47.761,49.44,51.118,54.476,54.018,53.56,51.881,49.898,46.846,43.947,43.336,42.573,39.369,35.707,30.061,25.941,21.058,16.938,9.9185,4.12,-1.2207,-4.2726,-7.6296,-12.207,-17.396,-21.973,-25.025,-25.941,-27.467,-25.788,-25.788,-25.483,-25.483,-23.804,-24.262,-23.347,-21.058,-19.379,-18.769,-18.006,-19.99,-21.668,-25.025,-27.924,-31.739,-34.791,-39.216,-44.099,-50.05,-55.086,-59.969,-64.241,-67.446,-70.803,-76.296,-78.28,-81.179,-83.468,-85.604,-84.689,-83.316,-83.621,-86.978,-87.893,-87.436,-85.757,-84.231,-81.332,-81.637,-82.858,-84.384,-84.231,-86.52,-89.572,-93.081,-97.049,-100.86,-104.37,-107.12,-106.66,-108.95,-110.02,-112,-112.31,-114.6,-116.12,-117.8,-117.95,-118.11,-118.26,-118.41,-116.73,-116.58,-115.21,-115.97,-116.28,-119.33,-119.79,-122.07,-122.99,-124.52,-125.74,-127.26,-127.72,-129.86,-129.4,-130.01,-128.03,-126.19,-123.29,-122.23,-119.94,-117.8,-115.36,-113.22,-109.41,-106.66,-105.44,-104.98,-103.76,-101.47,-96.744,-93.539,-88.656,-87.741,-84.841,-84.384,-82.705,-83.773,-85.147,-85.757,-84.994,-83.773,-81.332,-78.585,-73.397,-68.209,-63.326,-61.8,-58.901,-58.443,-55.849,-54.323,-52.339,-51.576,-51.424,-53.407,-51.881,-51.576,-50.508,-50.356,-46.693,-45.473,-43.031,-41.2,-38.759,-37.233,-34.944,-32.96,-31.434,-30.976,-30.366,-32.502,-33.265,-34.181,-33.57,-33.113,-31.281,-32.197,-34.791,-36.927,-39.827,-45.015,-50.508,-55.696,-59.969,-65.004,-65.462,-66.53,-66.073,-66.683,-65.462,-63.478,-63.936,-66.225,-67.751,-69.43,-69.124,-70.65,-71.413,-74.465,-74.313,-75.076,-74.16,-74.465,-72.939,-71.566,-70.498,-67.598,-63.326,-62.258,-59.969,-59.511,-57.833,-57.833,-56.459,-54.018,-50.356,-46.541,-44.557,-42.879,-40.742,-40.132,-38.759,-39.979,-40.132,-42.116,-43.184,-44.862,-45.167,-46.388,-47.456,-50.966,-53.713,-56.307,-55.391,-54.933,-53.102,-52.492,-49.898,-50.813,-50.661,-51.271,-51.729,-52.187,-52.187,-52.95,-50.813,-48.677,-45.473,-44.099,-41.047,-38.606,-37.08,-37.69,-37.996,-40.284,-41.505,-41.2,-37.996,-36.775,-37.996,-40.284,-42.726,-45.93,-44.862,-46.388,-45.167,-43.336,-40.437,-38.301,-34.791,-32.655,-30.213,-28.077,-25.178,-22.889,-18.769,-16.785,-11.444,-8.24,-5.6459,-3.5096,-2.2889,-2.8993,-2.2889,0.30519,3.2044,4.7304,4.883,1.8311,1.6785,-2.1363,-5.0356,-7.0193,-6.2563,-5.0356,-5.1881,-4.883,-4.5778,-6.5615,-7.7822,-8.3926,-8.5452,-11.597,-10.987,-10.071,-8.5452,-8.3926,-7.9348,-9.3081,-10.529,-13.123,-14.344,-16.175,-17.701,-19.379,-21.21,-26.856,-32.35,-37.69,-41.505,-46.846,-49.898,-53.56,-56.459,-57.985,-59.358,-62.716,-66.836,-71.718,-75.076,-78.738,-78.585,-80.569,-81.027,-84.994,-85.91,-90.64,-96.438,-103.92,-109.56,-115.67,-122.23,-131.69,-140.08,-149.08,-156.1,-164.8,-169.07,-175.02,-179.45,-182.96,-185.09,-187.38,-188.76,-191.81,-196.23,-199.29,-199.59,-198.52,-194.1,-190.74,-187.69,-184.79,-180.67,-180.52,-182.5,-185.71,-188.6,-194.1,-197.76,-200.51,-202.49,-205.24,-205.85,-205.54,-204.78,-206.46,-206.61,-209.2,-209.51,-211.8,-213.48,-216.53,-218.05,-217.6,-215.46,-215.16,-215.31,-216.68,-216.53,-219.58,-220.5,-221.72,-221.56,-222.63,-223.85,-223.55,-224.16,-224.01,-222.94,-221.56,-219.28,-218.21,-215.61,-214.09,-208.29,-203.56,-196.69,-191.96,-186.62,-183.57,-179.75,-178.38,-176.85,-173.96,-170.29,-165.26,-157.17,-150.46,-142.67,-136.11,-129.55,-123.45,-115.21,-107.58,-100.41,-94.455,-86.062,-77.822,-68.361,-59.206,-49.287,-40.895,-28.687,-19.684,-8.5452,-0.30519,9.3081,17.701,26.704,35.859,46.846,57.527,67.751,77.059,89.114,99.796,111.24,120.4,132.76,144.51,156.71,167.7,178.69,188.45,198.07,206.31,214.7,221.56,230.41,237.59,246.89,256.51,264.9,272.07,278.18,283.67,290.23,295.72,301.37,305.8,311.29,315.1,319.07,321.97,325.94,327.92,330.21,331.43,331.58,332.04,334.79,335.86,338.15,338.45,339.37,338.15,338.3,337.53,336.62,336.16,335.25,335.25,336.16,334.94,334.79,333.57,333.57,332.35,331.74,331.74,331.58,331.13,329.6,327.77,326.4,323.95,323.04,319.83,317.85,315.41,314.95,315.71,316.02,315.56,314.65,315.26,315.71,316.17,317.85,316.93,318.92,320.6,322.58,322.58,321.67,321.36,320.9,319.99,319.53,319.22,320.29,320.14,322.58,323.19,324.11,323.65,323.34,321.67,319.99,318.16,317.39,315.41,313.58,309.92,308.24,304.88,302.74,300.45,297.1,293.59,290.99,287.33,285.35,281.69,280.01,278.33,276.19,272.99,270.55,267.65,265.05,263.07,260.17,255.13,249.95,243.84,240.18,235.76,231.18,225.68,220.95,217.75,214.24,211.49,208.29,204.47,200.96,198.68,199.13,197,194.25,190.28,187.08,183.87,180.67,175.18,169.68,164.49,161.14,158.85,156.1,151.22,147.56,142.22,138.4,134.59,131.84,129.55,125.89,123.45,122.23,120.7,119.02,117.95,119.48,120.85,122.84,123.75,124.67,125.28,125.74,126.8,127.87,128.79,129.86,129.86,130.62,130.16,131.84,130.92,131.99,132.6,132.3,132.6,132.6,132.15,131.53,129.55,128.64,126.5,123.6,121.31,120.4,119.02,118.41,119.02,120.09,119.17,117.8,118.11,119.94,118.41,117.65,116.89,117.04,116.43,114.29,112.46,110.32,108.65,108.04,106.36,105.75,102.24,100.86,97.812,95.37,92.013,89.572,87.283,85.299,83.468,82.247,81.637,81.179,80.264,79.958,77.059,75.838,73.092,70.956,69.277,68.819,67.751,66.683,66.225,65.462,63.478,62.41,61.037,59.969,56.307,53.713,51.271,47.609,44.71,42.421,40.437,41.047,40.437,40.895,39.827,40.895,40.437,40.132,39.979,39.674,39.521,39.521,40.132,41.658,41.658,42.268,41.2,40.895,39.979,40.437,39.369,38.759,37.996,36.775,35.249,33.265,30.213,27.772,24.11,22.126,18.616,16.175,13.733,11.75,8.8504,5.9511,1.9837,-0.15259,-2.1363,-4.12,-8.0874,-11.75,-14.649,-16.175,-19.074,-19.837,-21.363,-23.194,-26.399,-30.976,-36.775,-42.268,-46.236,-50.05,-54.933,-59.358,-63.936,-67.293,-72.176,-76.754,-80.874,-85.147,-90.945,-96.286,-99.948,-100.1,-101.17,-101.93,-102.85,-101.78,-100.41,-99.796,-100.56,-101.93,-103.46,-99.185,-95.828,-93.234,-93.692,-91.861,-92.318,-90.793,-87.741,-87.893,-88.961,-88.809,-88.961,-90.335,-92.471,-92.624,-93.844,-94.607,-95.981,-95.828,-97.049,-98.117,-100.1,-102.08,-103.61,-104.68,-103.76,-102.24,-102.39,-101.02,-100.41,-97.964,-93.081,-85.604,-80.569,-79.501,-72.481,-62.716,-55.544,-47.304,-40.132,-34.486,-32.044,-28.687,-27.467,-25.178,-24.72,-26.704,-30.824,-33.723,-39.216,-45.778,-51.424,-56.001,-63.478,-66.836,-70.65,-73.244,-77.975,-83.316,-90.793,-97.201,-105.44,-116.28,-127.41,-137.94,-147.56,-153.81,-158.7,-162.05,-164.65,-163.12,-164.65,-167.09,-169.99,-171.36,-174.11,-176.24,-177.31,-179.14,-184.79,-192.42,-200.96,-208.14,-218.36,-227.52,-239.57,-252.08,-267.95,-283.67,-299.84,-316.32,-333.72,-352.03,-368.05,-382.85,-399.64,-414.29,-430.16,-442.98,-455.18,-464.49,-474.87,-479.29,-483.26,-486.62,-489.67,-489.67,-489.52,-487.99,-489.97,-491.81,-495.32,-496.54,-495.16,-490.13,-484.48,-480.97,-476.85,-472.12,-469.53,-466.17,-464.64,-462.66,-462.81,-460.83,-460.22,-458.24,-457.63,-455.49,-453.66,-451.37,-448.16,-444.04,-442.52,-443.13,-445.11,-445.11,-446.49,-447.55,-449.39,-447.86,-446.03,-444.65,-442.98,-440.38,-438.7,-437.94,-436.72,-433.21,-434.13,-431.53,-429.24,-424.67,-421.77,-419.93,-419.32,-416.73,-415.51,-415.2,-415.66,-417.04,-421.16,-424.21,-427.26,-425.58,-422.68,-416.73,-411.08,-404.22,-399.18,-393.38,-387.89,-382.24,-374.77,-366.22,-358.9,-350.35,-343.79,-337.69,-334.64,-330.97,-327.31,-322.28,-318.31,-314.49,-309.61,-306.25,-305.19,-302.44,-299.39,-295.88,-294.35,-289.77,-287.48,-283.67,-279.7,-275.58,-270.85,-267.19,-263.68,-259.87,-258.34,-256.2,-255.13,-251.01,-247.2,-242.93,-238.96,-234.23,-231.48,-229.5,-227.52,-225.38,-220.8,-213.32,-207.68,-199.59,-191.96,-186.47,-183.42,-178.08,-173.96,-169.53,-165.41,-161.14,-155.8,-149.85,-144.66,-138.71,-134.13,-126.19,-119.94,-112.92,-106.05,-98.575,-91.403,-83.01,-73.55,-62.105,-52.339,-42.726,-37.996,-28.993,-21.21,-12.97,-6.1037,2.7467,10.834,18.616,25.483,33.265,38.606,43.489,45.625,49.745,51.881,52.339,51.576,51.729,54.17,55.849,57.527,59.511,61.19,63.173,64.089,65.31,65.004,64.852,65.004,64.699,65.004,65.004,63.936,62.41,60.121,59.664,60.121,61.19,59.053,56.154,53.713,52.95,50.813,48.372,45.015,41.353,38.759,40.132,39.827,39.827,36.622,37.538,37.08,36.927,37.385,39.979,43.336,46.236,46.388,48.83,47.609,46.083,42.573,41.658,37.69,34.333,29.756,25.483,22.126,22.584,23.041,22.584,21.516,23.499,21.821,20.447,17.243,16.022,13.581,12.513,9.1556,4.7304,-0.30519,-3.2044,-4.7304,-2.5941,-1.2207,1.8311,2.4415,4.5778,5.7985,8.3926,10.834,13.733,12.818,11.902,9.3081,8.6978,9.1556,10.681,10.681,11.597,10.681,11.292,12.513,14.496,15.717,19.227,21.516,22.279,20.905,20.6,19.684,20.295,19.837,23.194,24.415,27.009,28.993,33.265,37.08,41.505,44.557,48.524,54.933,62.716,69.277,76.144,79.653,81.942,83.01,86.673,91.098,95.981,98.575,99.185,100.71,102.39,103.15,102.08,101.02,104.98,107.27,109.87,110.17,111.09,110.17,109.1,107.43,107.88,107.73,106.97,105.75,105.29,101.78,99.643,97.507,99.033,99.643,104.22,108.49,111.09,112.16,113.07,113.68,116.58,117.19,119.48,119.33,122.07,123.14,123.91,123.91,123.29,124.21,126.8,127.57,128.48,126.65,126.96,125.89,124.97,120.7,116.89,112.31,109.56,106.51,105.59,103.61,103,98.575,95.676,90.793,88.351,84.994,83.316,81.332,79.196,76.449,74.618,71.413,67.751,62.868,63.326,62.868,63.021,60.579,57.68,53.255,48.83,45.473,44.099,43.947,41.81,38.911,37.843,35.554,34.181,31.129,29.756,27.314,25.941,23.347,21.058,18.311,14.496,10.987,7.3244,3.2044,-0.76296,-7.1718,-12.055,-16.633,-19.227,-22.431,-25.788,-27.314,-29.298,-32.502,-33.265,-33.265,-31.587,-31.587,-31.281,-32.044,-30.366,-30.213,-28.687,-27.314,-26.856,-25.941,-23.957,-20.142,-16.633,-13.123,-7.6296,-1.3733,5.4933,8.3926,10.987,14.344,16.785,19.532,22.889,27.619,31.434,35.096,38.606,39.979,41.353,41.047,43.184,43.336,42.573,43.489,46.236,49.287,50.813,50.966,51.118,51.118,50.966,50.661,55.849,59.206,61.037,63.173,65.462,66.683,68.209,69.735,72.176,75.228,80.111,82.553,87.13,87.283,88.656,88.809,86.215,81.942,81.637,82.705,81.79,78.28,78.585,79.958,81.942,82.553,82.095,79.043,76.601,73.244,71.718,70.345,70.345,70.65,69.124,64.852,61.495,58.443,59.969,62.41,67.904,70.345,71.413,70.65,70.345,68.972,68.056,67.141,66.53,66.836,68.819,67.446,66.988,65.615,64.241,62.41,63.021,64.089,66.225,68.056,66.836,63.326,58.29,51.424,44.252,34.181,25.636,15.717,7.1718,-0.61037,-4.5778,-8.0874,-10.681,-13.428,-15.87,-19.227,-22.889,-26.399,-30.824,-37.08,-38.606,-42.879,-46.236,-50.813,-55.086,-58.443,-61.495,-66.53,-66.53,-65.31,-61.8,-59.358,-57.527,-60.579,-64.394,-70.04,-72.787,-76.296,-78.738,-80.264,-81.484,-87.588,-94.913,-104.53,-114.6,-126.04,-132.15,-137.49,-138.55,-142.06,-146.34,-154.27,-160.53,-168.61,-176.09,-183.42,-188.76,-194.4,-197.15,-202.95,-207.53,-213.93,-218.36,-222.63,-224.31,-226.14,-227.52,-228.89,-229.8,-234.08,-236.67,-240.33,-244.15,-248.57,-251.32,-255.75,-258.03,-258.95,-258.03,-258.19,-259.25,-260.02,-260.02,-262.76,-263.68,-264.6,-262.61,-262.31,-259.25,-257.58,-255.75,-253.76,-251.63,-248.57,-245.98,-243.54,-239.42,-234.84,-228.74,-223.24,-216.07,-211.04,-204.93,-201.27,-198.83,-196.39,-191.2,-185.71,-179.6,-175.33,-170.14,-168.16,-164.34,-160.22,-153.97,-150.15,-146.34,-142.37,-137.94,-134.43,-128.64,-123.75,-119.48,-117.34,-113.38,-110.02,-105.75,-103.76,-101.47,-102.54,-102.39,-101.32,-99.643,-95.218,-89.724,-85.604,-80.569,-76.907,-72.481,-70.04,-65.462,-61.495,-55.696,-50.661,-46.388,-43.489,-41.2,-37.385,-33.418,-30.213,-27.619,-28.535,-26.551,-26.093,-24.262,-24.415,-23.041,-23.041,-22.431,-21.363,-19.532,-18.616,-17.701,-14.344,-8.8504,-4.7304,-0.61037,0.45778,3.6622,5.4933,8.8504,12.818,17.243,20.753,23.499,27.924,34.944,40.742,46.999,51.881,59.664,64.394,70.193,74.923,82.095,87.893,95.065,101.63,109.41,115.82,122.38,128.18,136.11,140.54,145.42,147.71,154.42,160.37,166.78,173.5,180.21,185.71,190.28,196.08,201.88,207.83,214.09,218.97,226.75,234.38,242.32,247.81,255.59,262.15,268.72,275.43,282.6,287.33,291.91,294.81,299.08,302.9,306.86,309,312.2,314.65,317.7,319.22,321.51,324.26,328.84,334.64,339.06,342.57,347,348.67,351.27,353.56,359.66,364.7,371.11,376.9,383.31,389.87,395.67,401.93,408.49,411.69,415.36,417.8,421.16,422.38,424.21,423.6,423.75,422.22,419.78,418.26,416.27,415.81,415.81,415.97,416.73,416.27,415.81,414.75,415.51,414.44,415.05,416.12,416.12,416.73,417.65,418.1,416.73,416.12,417.65,418.56,419.02,415.66,412.46,408.03,404.83,401.93,399.03,394.15,389.57,386.06,382.24,377.67,375.53,371.56,366.53,360.27,356.15,350.66,344.86,338.3,332.35,326.85,321.51,314.95,309.31,302.74,295.72,286.87,279.24,270.24,263.07,257.27,251.78,246.13,238.5,230.26,223.24,216.83,212.87,208.59,203.86,197.3,193.03,186.47,180.06,172.43,166.02,159.92,152.9,143.28,136.57,128.79,122.38,116.43,112.46,107.27,102.85,98.575,93.387,89.877,86.825,82.095,76.754,70.803,65.615,59.206,54.933,50.05,47.609,44.862,43.489,40.895,38.301,35.554,33.113,30.519,29.908,28.382,27.619,26.093,26.856,25.178,22.736,19.99,16.633,12.207,9.3081,8.3926,9.1556,7.9348,6.5615,3.0519,0.76296,-3.9674,-7.6296,-11.597,-16.785,-21.21,-23.652,-24.415,-24.873,-27.924,-28.993,-31.281,-33.876,-39.979,-45.32,-51.271,-56.001,-60.884,-65.767,-70.956,-72.787,-77.212,-81.332,-86.367,-90.182,-95.065,-100.1,-105.75,-111.85,-120.4,-128.03,-135.81,-141.91,-148.32,-153.66,-162.97,-171.21,-178.53,-186.01,-194.71,-201.88,-209.05,-216.07,-223.7,-231.79,-241.71,-246.28,-252.24,-259.25,-265.36,-271.61,-278.79,-285.96,-291.3,-296.33,-303.2,-308.69,-316.48,-321.67,-327.31,-333.11,-341.04,-346.54,-352.79,-361.49,-371.26,-379.35,-388.5,-396.13,-403.3,-408.49,-415.81,-422.07,-429.55,-437.03,-445.57,-454.42,-464.95,-472.58,-480.36,-486.77,-494.71,-501.11,-508.13,-515,-521.71,-527.97,-535.14,-541.4,-546.89,-549.94,-553.91,-556.2,-558.64,-560.47,-562.3,-561.24,-559.25,-557.12,-553.61,-550.71,-549.49,-546.89,-544.3,-540.79,-537.43,-532.55,-527.97,-521.87,-515.46,-508.9,-502.03,-493.18,-485.55,-476.55,-470.14,-463.73,-459.15,-453.35,-448.77,-445.72,-441.91,-436.41,-431.23,-426.8,-421.92,-415.51,-412,-411.24,-411.08,-408.8,-406.35,-404.68,-403,-400.56,-397.5,-396.13,-395.67,-395.67,-397.5,-396.13,-397.5,-399.18,-398.42,-395.83,-392.77,-386.67,-379.04,-370.95,-362.87,-353.56,-347.61,-339.06,-333.41,-328.68,-324.87,-318,-309.31,-302.13,-298.78,-296.03,-295.57,-291.3,-289.16,-288.71,-290.38,-291.3,-293.28,-297.4,-300.61,-301.83,-302.44,-300.76,-298.78,-294.35,-287.94,-280.16,-274.06,-268.87,-264.6,-264.14,-265.05,-264.75,-263.99,-262.92,-261.09,-258.34,-256.51,-252.39,-250.4,-249.79,-248.27,-246.44,-243.39,-240.18,-237.28,-232.4,-229.04,-225.84,-224.31,-220.19,-217.44,-213.78,-210.88,-206.15,-202.64,-197.3,-191.2,-186.01,-181.59,-174.57,-169.07,-162.51,-155.49,-145.88,-137.94,-127.87,-117.65,-107.88,-98.27,-88.961,-81.484,-74.465,-66.988,-57.985,-51.271,-42.268,-33.265,-23.957,-14.496,-3.6622,6.5615,16.175,25.178,31.892,36.164,41.047,44.404,47.151,48.982,52.95,55.238,59.816,66.836,74.77,81.179,84.994,86.825,88.809,87.436,86.978,84.536,83.163,82.4,81.332,81.79,85.91,90.793,96.286,98.27,99.338,96.286,93.692,89.267,86.978,83.773,81.79,79.958,78.127,76.449,75.991,71.871,68.972,65.157,63.784,61.19,58.443,55.849,54.17,52.644,54.17,53.407,54.018,52.339,50.966,48.677,45.778,42.879,41.658,40.895,40.284,37.69,35.554,30.671,29.908,29.298,30.366,32.655,37.08,40.132,41.658,41.963,45.32,48.677,52.644,54.018,56.307,58.29,61.037,62.868,67.904,73.397,80.111,83.316,87.283,89.114,92.929,95.218,97.201,101.02,104.68,108.49,113.07,116.43,121.46,123.45,125.74,127.57,129.4,131.23,133.82,135.35,139.16,140.54,143.74,143.89,145.42,147.1,150,151.83,153.51,151.68,150,145.73,146.79,148.17,148.01,146.03,143.28,139.47,138.1,137.64,140.23,143.59,148.63,152.9,155.34,156.1,157.63,157.93,162.21,165.41,168.16,169.68,173.96,175.63,176.85,177.92,179.91,180.21,181.13,178.53,177.47,176.24,176.85,178.99,182.2,182.65,183.42,181.43,182.5,184.33,183.11,180.82,178.69,175.48,173.35,169.68,169.53,168,166.33,164.34,161.6,157.63,153.66,148.17,146.49,142.52,140.54,138.1,136.57,134.13,134.74,135.04,133.98,132.6,131.23,128.03,125.74,122.23,119.94,117.04,113.53,109.71,105.75,100.25,97.812,91.708,88.198,83.163,77.822,72.024,67.751,62.41,56.764,50.05,44.71,37.233,33.723,29.756,26.856,22.736,19.837,18.616,15.564,10.681,9.3081,7.9348,10.071,11.444,14.649,16.022,17.396,18.464,18.464,19.227,22.126,20.905,20.905,19.227,18.464,16.633,13.123,9.1556,8.6978,8.6978,9.6133,9.003,10.376,10.681,10.071,10.071,10.376,7.9348,5.0356,1.3733,-1.6785,-6.2563,-11.444,-15.412,-18.006,-23.347,-27.924,-33.265,-37.233,-41.963,-45.473,-51.271,-57.375,-63.326,-66.378,-68.819,-68.514,-71.566,-71.413,-71.261,-72.024,-72.634,-73.092,-74.007,-73.702,-73.244,-70.65,-72.024,-72.787,-72.176,-70.345,-73.092,-74.465,-77.364,-76.449,-75.381,-73.244,-72.024,-70.65,-69.582,-65.004,-60.274,-51.881,-45.93,-40.59,-35.707,-32.655,-32.35,-33.265,-36.317,-36.775,-37.08,-37.538,-39.827,-42.116,-43.336,-43.031,-44.71,-44.71,-45.32,-41.2,-38.301,-36.47,-36.927,-36.47,-37.69,-36.622,-35.707,-34.486,-32.502,-30.824,-28.687,-26.856,-26.093,-22.736,-19.837,-15.564,-11.902,-7.477,-3.8148,0.45778,3.8148,8.24,10.224,12.513,13.123,14.649,15.717,18.464,22.431,26.704,29.145,32.807,33.418,34.486,33.723,32.655,29.298,26.246,23.347,21.668,20.447,22.126,24.262,27.009,26.551,28.993,28.84,27.314,24.415,22.889,19.684,18.464,15.87,15.564,14.954,16.938,16.633,17.09,16.633,16.48,16.022,16.327,13.581,13.886,13.276,15.259,15.259,15.259,12.818,12.665,13.428,16.327,18.616,20.447,19.532,18.006,15.717,16.022,15.87,18.311,18.769,20.753,23.804,29.908,35.401,41.658,47.304,54.17,60.732,68.361,73.244,77.975,81.637,87.588,92.318,96.286,97.354,99.643,100.71,102.39,102.69,101.78,100.86,100.25,98.422,97.812,94.76,93.844,92.013,91.098,87.741,85.604,82.095,79.348,75.686,72.176,68.056,64.852,62.258,61.342,57.375,54.476,49.593,46.999,44.862,45.32,43.336,44.252,43.794,45.32,47.609,48.219,51.118,56.764,64.089,71.566,78.585,84.841,87.13,86.52,82.553,77.822,75.533,75.991,77.822,80.569,82.4,82.247,80.416,77.975,77.822,78.585,77.67,78.433,76.754,74.923,72.939,72.634,70.956,71.413,74.77,77.517,77.975,75.381,71.413,69.277,65.767,63.021,61.037,60.121,55.544,54.476,53.865,56.917,59.969,61.647,62.41,63.936,64.089,63.173,59.816,57.07,53.865,49.898,44.557,40.59,35.401,31.739,27.467,23.041,20.905,19.684,18.159,14.191,9.7659,7.1718,3.8148,0.61037,-2.8993,-5.3407,-9.7659,-16.022,-22.889,-27.619,-33.113,-38.606,-41.047,-43.641,-45.167,-45.015,-43.489,-39.216,-39.674,-41.505,-45.167,-49.135,-54.781,-55.849,-56.307,-55.086,-54.628,-54.323,-56.764,-60.427,-65.157,-66.988,-69.43,-71.108,-74.618,-77.364,-80.264,-82.247,-84.536,-87.283,-90.182,-92.929,-95.828,-101.02,-105.75,-109.71,-117.19,-123.14,-127.11,-127.26,-128.18,-128.79,-131.53,-132.3,-131.38,-128.64,-122.68,-113.07,-106.05,-100.1,-93.539,-87.436,-84.078,-79.348,-77.059,-73.702,-72.329,-71.108,-70.803,-69.887,-68.056,-67.141,-66.988,-65.92,-65.157,-64.241,-64.547,-63.021,-61.953,-61.647,-63.936,-66.683,-69.277,-70.956,-74.923,-78.127,-79.501,-80.874,-82.858,-83.621,-85.147,-86.367,-87.741,-87.283,-87.741,-87.893,-89.572,-90.64,-93.081,-94.76,-93.081,-89.419,-84.536,-76.754,-68.361,-57.985,-48.83,-35.554,-23.804,-11.75,-0.45778,8.24,18.311,28.077,34.181,41.047,42.573,46.083,50.356,56.459,59.664,61.8,63.936,66.53,68.667,71.871,75.533,79.501,82.858,84.841,85.604,88.656,89.877,90.793,88.961,89.572,90.487,90.945,90.487,90.182,88.198,88.351,88.656,88.504,87.588,88.504,87.588,87.588,85.91,86.52,85.757,86.215,86.215,85.91,85.757,85.91,84.536,83.316,81.179,80.111,78.127,77.364,75.838,75.838,73.702,73.092,71.108,69.43,68.514,70.803,74.007,77.517,80.416,85.452,86.367,88.961,89.572,92.166,92.624,95.218,96.744,96.744,94.455,93.692,95.218,96.438,94.15,91.556,86.825,83.621,76.754,70.498,65.31,60.884,55.238,52.187,47.456,43.336,38.759,37.996,33.723,30.519,23.652,18.769,12.36,7.477,1.9837,-2.5941,-7.6296,-11.597,-16.022,-19.684,-24.72,-28.077,-32.197,-33.418,-36.927,-39.521,-40.284,-39.827,-40.742,-40.437,-42.573,-45.93,-49.898,-52.797,-56.917,-57.985,-59.206,-57.222,-56.001,-56.001,-56.764,-56.001,-56.154,-57.68,-60.274,-61.495,-65.004,-64.699,-67.141,-66.988,-67.293,-67.141,-68.514,-70.04,-72.787,-74.923,-79.043,-80.416,-80.874,-80.416,-80.569,-77.517,-78.127,-78.738,-79.501,-78.433,-76.144,-73.702,-72.024,-71.566,-72.176,-72.939,-75.076,-75.076,-73.702,-69.887,-66.683,-63.631,-61.953,-59.816,-56.307,-51.881,-47.456,-42.879,-39.216,-35.707,-33.265,-28.687,-23.347,-17.09,-13.428,-8.8504,-3.2044,2.5941,7.6296,13.123,16.785,21.058,24.11,27.467,30.061,34.028,36.164,37.843,37.385,37.233,38.453,38.911,37.843,37.69,37.385,35.554,31.739,28.535,22.889,20.295,17.701,17.548,16.48,18.159,20.6,24.72,28.382,31.587,35.096,39.674,44.557,51.881,54.781,57.07,58.748,63.936,69.887,77.822,85.91,95.676,102.54,108.19,112.46,115.51,115.97,117.19,118.26,117.19,115.67,114.9,111.55,109.56,103.15,96.744,89.572,85.452,79.958,78.28,74.618,71.718,67.293,62.41,57.833,54.17,49.287,44.252,39.064,34.028,29.603,28.535,26.856,26.093,24.262,21.668,18.921,19.684,18.464,19.837,19.379,20.447,19.99,21.058,20.753,23.194,25.178,27.619,27.619,29.908,31.129,33.876,35.401,38.301,37.996,39.064,36.775,36.622,31.739,27.161,21.21,15.564,8.3926,2.5941,0.91556,0.15259,-1.5259,-1.6785,-4.7304,-5.4933,-9.9185,-12.055,-15.259,-16.175,-14.954,-13.428,-12.207,-9.7659,-6.2563,-1.6785,2.5941,10.681,18.159,25.483,30.519,36.012,39.827,43.641,44.557,47.609,52.339,57.07,59.969,61.19,64.089,66.988,68.056,68.209,66.073,65.004,61.953,59.053,54.781,53.255,50.813,48.067,43.947,37.843,31.739,25.636,19.99,15.412,11.139,6.4089,-0.30519,-4.4252,-8.6978,-14.649,-22.584,-29.908,-35.554,-38.301,-37.69,-35.249,-34.791,-34.639,-36.927,-37.843,-38.148,-36.317,-36.775,-36.164,-36.317,-33.876,-32.197,-32.044,-29.756,-26.551,-21.516,-18.006,-15.87,-11.139,-4.4252,4.883,12.055,16.022,19.074,22.431,24.873,25.483,26.551,27.161,24.567,20.142,13.733,9.003,6.1037,2.5941,-2.2889,-4.5778,-3.8148,-3.8148,-7.3244,-9.003,-11.139,-12.818,-15.87,-16.633,-17.701,-18.616,-22.431,-26.093,-28.077,-28.687,-28.687,-30.519,-31.434,-32.502,-34.486,-31.434,-28.382,-21.973,-14.954,-8.8504,-5.1881,-2.7467,0.91556,4.7304,8.6978,13.733,18.921,23.957,27.619,29.756,26.551,22.736,19.99,18.311,19.074,18.769,18.616,15.717,10.834,3.6622,-7.6296,-17.548,-24.873,-28.23,-33.723,-40.59,-50.356,-59.816,-67.904,-76.296,-81.332,-85.604,-89.267,-92.013,-95.37,-97.964,-100.41,-98.575,-95.218,-93.387,-90.945,-88.656,-86.367,-85.604,-84.536,-82.247,-80.111,-77.059,-74.313,-69.735,-66.683,-62.716,-58.29,-56.917,-58.138,-60.579,-63.021,-64.852,-66.378,-65.004,-63.631,-61.19,-60.274,-61.19,-65.157,-69.124,-70.65,-71.718,-73.702,-74.465,-75.838,-75.228,-77.059,-75.381,-74.465,-73.702,-74.77,-73.092,-70.498,-67.446,-63.631,-58.901,-53.407,-49.44,-44.862,-39.216,-34.639,-30.519,-28.077,-25.025,-24.11,-24.262,-21.821,-17.243,-13.276,-9.4607,-5.9511,-1.3733,1.5259,7.6296,13.428,19.837,23.957,27.009,29.756,32.96,36.47,41.047,45.473,50.813,54.933,59.969,63.631,68.972,72.481,74.923,72.939,72.634,71.718,70.04,68.972,68.972,70.04,72.481,72.481,74.465,76.907,83.316,86.215,88.351,89.877,93.387,97.354,101.32,106.2,111.7,116.43,120.24,122.68,124.67,122.84,122.68,121.62,120.85,117.8,118.11,117.95,118.56,119.17,120.24,119.94,115.97,108.19,103.46,101.17,101.78,99.796,99.338,95.676,93.081,90.03,87.283,83.163,79.501,76.144,72.024,63.936,57.833,50.813,45.778,40.437,38.759,35.249,31.739,27.467,21.668,16.48,14.649,14.954,16.938,20.142,24.72,26.399,29.298,31.129,32.502,32.044,30.366,27.924,26.246,26.856,26.856,24.415,22.126,20.295,16.938,10.834,7.9348,6.5615,7.1718,6.8667,6.5615,3.357,-1.0681,-4.5778,-8.24,-9.4607,-12.055,-17.09,-21.363,-24.567,-25.788,-28.535,-28.687,-29.603,-28.687,-26.704,-27.161,-28.382,-30.061,-31.434,-34.028,-36.775,-37.538,-37.843,-34.944,-32.35,-29.908,-28.687,-26.399,-23.041,-19.379,-15.564,-11.902,-8.24,-5.4933,-1.6785,2.8993,5.1881,7.477,7.477,8.0874,6.4089,4.7304,0.91556,-1.8311,-3.9674,-6.7141,-9.7659,-12.97,-16.785,-22.431,-29.145,-32.807,-38.148,-44.404,-52.034,-57.68,-63.021,-63.784,-62.105,-60.884,-60.579,-61.953,-62.258,-60.579,-57.833,-56.154,-57.375,-56.154,-54.17,-51.576,-48.219,-42.268,-36.012,-31.434,-24.567,-19.837,-15.564,-10.834,-3.6622,5.4933,16.48,27.467,36.164,46.999,55.696,65.92,72.024,80.111,87.741,95.828,102.69,108.8,112.77,116.58,118.72,120.55,120.7,122.84,122.07,121.62,121.01,123.45,126.19,126.8,125.74,122.99,120.24,116.43,113.53,112.16,110.17,109.26,106.51,105.59,104.22,101.93,96.896,92.471,88.961,83.468,77.67,72.481,67.904,63.173,57.527,53.865,51.118,52.797,54.933,55.544,54.323,51.271,45.778,40.437,36.927,35.859,35.554,37.996,36.47,36.164,33.876,30.519,25.941,19.532,13.428,10.071,9.3081,7.9348,5.4933,1.9837,-2.2889,-3.5096,-3.2044,-2.1363,-2.5941,-4.12,-7.7822,-13.428,-18.921,-21.516,-24.415,-26.704,-27.924,-26.704,-27.619,-27.314,-28.535,-28.382,-31.281,-36.622,-43.947,-50.203,-55.238,-56.917,-52.492,-49.287,-47.609,-45.167,-41.963,-40.59,-42.268,-40.742,-37.08,-31.892,-30.213,-32.044,-34.791,-37.08,-39.979,-44.557,-49.593,-53.865,-58.901,-60.884,-63.173,-63.173,-64.089,-61.953,-57.985,-55.238,-54.933,-53.102,-53.102,-56.154,-60.884,-63.021,-65.462,-65.615,-67.141,-67.598,-66.683,-63.784,-61.8,-60.579,-59.206,-59.816,-63.173,-66.683,-71.108,-71.261,-69.735,-65.004,-62.868,-62.105,-58.901,-51.729,-47.456,-46.388,-44.557,-43.489,-42.726,-39.369,-37.385,-33.57,-28.535,-22.126,-18.159,-16.022,-15.564,-12.97,-12.513,-12.36,-9.4607,-5.1881,-0.91556,1.6785,5.0356,6.8667,7.6296,8.3926,9.4607,12.513,14.801,18.769,20.142,21.973,24.415,25.025,25.483,24.72,24.873,29.603,33.265,36.47,37.69,40.742,43.489,47.609,49.135,55.086,61.342,65.92,66.225,63.784,60.121,59.053,58.901,60.884,62.716,66.53,66.683,68.667,69.277,70.193,69.735,69.735,68.972,68.056,65.462,61.953,57.985,60.427,61.342,65.157,70.193,75.381,77.67,78.433,79.806,81.332,82.553,83.163,81.637,78.127,73.702,71.108,71.108,76.754,81.179,83.621,83.468,85.452,89.724,94.76,95.981,98.27,99.033,98.27,94.76,93.081,91.556,91.098,91.25,90.487,88.046,84.078,77.212,71.413,64.852,61.037,56.459,56.001,52.644,52.034,49.898,50.966,51.576,53.255,56.154,58.748,61.953,68.514,73.55,79.196,77.975,75.076,72.329,72.634,74.007,75.533,73.702,73.702,72.939,73.702,72.176,68.667,64.699,63.173,62.868,63.326,60.884,57.985,52.95,47.151,41.353,36.622,32.655,30.824,30.519,30.366,28.687,30.366,31.434,32.655,31.434,29.145,23.652,18.159,12.36,8.6978,7.3244,6.4089,5.4933,7.477,7.6296,11.597,16.633,24.873,31.739,39.979,47.456,53.407,57.527,59.969,59.664,56.459,54.018,54.018,51.729,50.356,47.914,46.693,42.573,37.69,33.113,27.314,21.516,15.717,8.3926,1.6785,-4.7304,-6.4089,-9.1556,-7.3244,-6.1037,-5.9511,-7.1718,-10.376,-14.801,-18.616,-20.295,-19.227,-16.48,-14.344,-15.107,-13.581,-11.292,-7.477,-5.1881,-2.5941,0.76296,2.1363,0.45778,-1.9837,-3.2044,-4.5778,-9.9185,-12.665,-18.159,-23.194,-30.671,-35.401,-41.505,-44.71,-49.287,-52.492,-56.154,-60.427,-67.446,-73.092,-77.67,-77.975,-78.28,-76.449,-76.907,-75.533,-76.144,-74.16,-73.397,-75.533,-77.67,-76.296,-74.313,-69.582,-63.631,-56.764,-54.17,-49.287,-46.388,-42.268,-41.81,-41.2,-40.742,-39.827,-39.064,-36.47,-34.333,-31.129,-29.603,-27.009,-27.924,-30.519,-36.164,-39.827,-45.015,-46.999,-46.999,-45.93,-46.846,-46.846,-50.05,-53.407,-57.68,-58.29,-58.596,-56.917,-58.29,-55.696,-54.323,-51.576,-50.966,-50.966,-49.898,-46.236,-45.32,-41.963,-44.557,-45.473,-47.456,-45.93,-46.083,-45.167,-44.404,-43.641,-44.404,-43.489,-41.963,-39.216,-37.996,-37.69,-39.827,-40.895,-40.284,-38.301,-35.554,-33.57,-33.876,-34.333,-34.028,-33.876,-35.554,-37.538,-39.064,-38.759,-36.927,-34.486,-34.944,-35.401,-36.775,-36.927,-38.148,-37.843,-38.759,-38.301,-38.453,-39.064,-39.521,-37.996,-36.622,-34.181,-31.892,-26.399,-23.347,-19.532,-17.243,-14.496,-11.75,-7.7822,-5.9511,-5.1881,-7.3244,-7.9348,-10.834,-13.428,-19.684,-22.584,-24.415,-24.72,-24.262,-23.804,-23.957,-22.736,-21.821,-19.379,-17.701,-15.412,-14.496,-13.276,-14.801,-17.09,-20.142,-21.21,-24.72,-30.366,-38.148,-40.895,-45.32,-48.83,-54.933,-58.596,-61.8,-62.105,-62.716,-62.41,-61.495,-59.511,-57.68,-55.086,-53.713,-51.729,-49.593,-44.71,-40.742,-38.453,-39.521,-40.132,-41.2,-42.268,-44.252,-46.236,-47.304,-46.846,-45.32,-42.421,-42.573,-41.81,-44.252,-45.473,-48.219,-50.05,-50.661,-50.966,-51.118,-49.44,-48.677,-47.304,-46.846,-45.778,-46.999,-45.625,-46.083,-47.304,-52.187,-54.17,-54.476,-51.118,-46.388,-41.047,-38.606,-37.996,-38.453,-36.622,-37.233,-35.401,-35.707,-37.233,-37.843,-34.333,-28.23,-22.279,-17.548,-12.665,-7.6296,-3.357,1.5259,9.4607,14.801,21.21,25.941,30.824,32.197,34.181,35.249,36.164,36.47,40.284,41.2,43.031,42.879,43.489,42.573,45.32,46.541,50.203,51.118,52.339,52.95,52.339,52.187,56.001,60.427,62.868,63.631,65.157,64.089,61.342,60.274,59.358,58.748,58.29,57.527,55.849,52.797,50.813,48.982,51.271,51.576,49.44,46.388,46.083,48.067,47.151,44.71,43.489,42.116,41.505,40.132,40.59,39.674,39.827,41.81,43.489,41.963,41.047,41.047,42.879,47.151,53.102,55.238,57.833,59.358,63.021,66.073,72.329,78.738,83.621,85.757,90.487,95.676,103.61,106.81,109.56,110.93,112.92,111.85,113.53,113.99,113.68,112.31,113.38,114.9,119.48,120.55,123.6,125.58,130.01,135.04,143.59,148.32,147.25,147.56,150.3,153.05,154.27,155.19,156.71,154.73,154.27,152.59,152.13,151.37,153.51,154.73,155.8,156.25,156.41,157.63,160.53,157.17,154.88,153.2,150.76,147.1,145.88,143.44,138.25,132.76,132.15,130.92,131.69,129.7,128.33,128.79,129.7,128.03,125.74,124.21,123.14,119.17,116.89,114.44,113.99,110.17,105.44,101.93,100.56,100.56,101.32,98.575,99.185,99.948,102.54,102.69,104.07,105.14,105.44,104.98,104.68,101.93,97.201,93.081,89.877,83.621,79.348,74.007,67.446,59.053,51.881,45.473,40.59,33.723,27.009,19.227,16.785,16.327,16.327,16.022,16.022,13.733,12.818,12.36,10.224,7.1718,6.4089,6.5615,5.3407,0.45778,1.0681,-0.15259,-1.2207,-3.6622,-5.1881,-9.003,-10.681,-8.5452,-5.4933,-3.8148,-0.61037,-1.0681,-0.61037,0.45778,1.5259,-1.0681,0.30519,-1.8311,-5.7985,-8.8504,-11.75,-15.87,-15.87,-14.801,-13.733,-14.191,-12.97,-14.344,-14.191,-15.717,-18.921,-21.21,-24.11,-27.772,-29.45,-28.993,-28.84,-29.603,-27.619,-27.772,-26.093,-27.009,-27.924,-27.161,-25.33,-26.399,-27.619,-24.72,-25.483,-30.976,-33.723,-34.639,-34.944,-36.012,-36.012,-37.233,-38.606,-40.284,-38.606,-36.012,-35.096,-39.674,-43.794,-48.067,-48.83,-51.424,-53.255,-58.443,-61.037,-65.462,-66.073,-65.615,-62.41,-57.985,-55.696,-57.375,-58.138,-60.427,-59.816,-60.884,-62.563,-66.988,-66.53,-63.478,-58.138,-52.187,-45.625,-42.573,-40.59,-37.843,-33.723,-30.366,-24.567,-21.21,-19.532,-17.853,-15.412,-14.649,-16.022,-17.701,-18.006,-17.396,-17.853,-22.431,-25.178,-28.077,-30.519,-36.47,-42.116,-46.846,-49.287,-52.797,-55.086,-58.901,-60.579,-61.8,-61.495,-61.8,-62.258,-63.936,-62.563,-61.8,-61.342,-62.105,-63.173,-62.868,-61.19,-59.358,-57.985,-59.511,-61.037,-64.241,-65.004,-67.141,-70.04,-72.481,-70.65,-68.514,-66.225,-65.004,-62.868,-61.342,-59.816,-58.901,-59.358,-60.732,-61.037,-59.816,-58.748,-59.816,-63.021,-66.53,-65.462,-63.936,-60.884,-62.105,-61.19,-59.511,-55.544,-57.833,-58.748,-59.206,-58.748,-59.664,-60.579,-62.716,-61.647,-61.495,-59.816,-61.19,-60.274,-62.105,-63.478,-62.258,-58.748,-56.612,-54.17,-50.661,-46.236,-43.947,-39.674,-41.505,-42.116,-43.336,-39.521,-38.148,-33.418,-27.924,-20.6,-13.733,-8.3926,-4.12,-0.61037,1.8311,5.6459,9.1556,12.36,15.107,19.074,19.837,19.074,16.633,14.344,14.801,17.09,18.921,21.668,25.636,30.366,30.976,33.113,33.876,34.791,33.265,34.028,34.181,35.096,36.927,38.759,38.911,38.606,36.164,32.502,26.399,21.668,15.412,13.123,12.36,14.801,17.853,19.837,19.837,19.074,14.801,11.597,4.883,-3.2044,-11.139,-16.175,-22.431,-24.415,-27.619,-26.856,-25.941,-25.025,-26.399,-28.077,-31.129,-32.502,-32.96,-30.366,-28.077,-24.873,-23.804,-20.295,-18.159,-14.039,-12.055,-10.529,-9.3081,-8.8504,-10.224,-11.444,-15.412,-16.633,-18.616,-17.701,-19.684,-20.6,-22.431,-19.684,-18.616,-16.633,-17.396,-18.159,-18.006,-15.87,-11.75,-4.12,2.8993,10.987,16.938,23.804,30.061,38.606,43.336,46.236,49.44,53.713,56.307,60.427,61.495,64.547,66.683,70.04,70.345,73.092,74.465,75.381,72.939,71.566,69.887,69.735,70.345,72.329,70.803,71.108,69.43,68.514,66.683,66.225,66.378,67.598,70.803,74.923,78.433,83.773,85.604,89.114,90.487,90.793,87.741,85.604,83.163,80.264,76.754,75.686,75.533,74.923,72.787,72.329,70.956,70.345,68.209,65.615,64.241,63.478,64.394,64.699,63.631,63.326,61.647,58.748,52.644,47.151,39.674,34.486,32.044,29.603,26.093,24.415,24.262,22.736,21.363,23.499,22.126,19.837,15.717,14.801,14.344,13.733,14.649,18.006,22.431,29.145,33.723,40.59,45.015,47.761,45.473,44.404,45.32,46.846,45.625,45.625,46.388,47.914,45.167,43.184,40.895,39.216,35.707,35.707,37.08,40.59,41.81,45.778,48.982,51.576,51.881,51.424,47.151,45.473,44.099,44.099,42.268,41.047,40.59,40.132,41.047,42.116,41.81,41.81,41.2,42.268,42.268,46.236,46.083,46.388,46.693,45.778,41.047,34.791,30.213,28.84,26.856,23.804,21.058,21.668,21.973,21.668,20.142,22.126,24.415,25.178,24.262,22.126,17.396,15.717,16.175,14.191,9.4607,8.0874,9.1556,13.428,16.785,18.616,20.295,21.363,22.736,24.415,25.788,27.009,26.093,26.856,28.382,31.739,32.655,31.892,32.35,32.044,28.84,22.126,15.87,12.36,10.987,10.834,11.292,12.207,11.597,12.207,12.207,9.7659,5.7985,1.5259,-0.45778,-0.45778,-3.357,-7.7822,-12.818,-17.548,-21.21,-24.873,-29.145,-27.161,-27.009,-30.519,-37.08,-41.2,-45.778,-47.456,-45.93,-44.099,-42.879,-43.031,-46.236,-45.473,-45.32,-44.099,-44.252,-42.879,-42.116,-39.827,-36.012,-31.587,-32.807,-33.265,-35.096,-37.538,-42.116,-43.641,-44.404,-44.252,-43.031,-41.81,-43.184,-44.404,-47.609,-46.846,-49.287,-48.677,-48.982,-48.524,-47.456,-47.456,-50.203,-50.203,-48.372,-45.93,-48.982,-49.135,-48.83,-47.609,-48.372,-47.761,-45.015,-43.031,-42.116,-40.895,-39.674,-37.538,-38.301,-40.59,-42.268,-40.895,-40.895,-39.064,-35.249,-30.824,-27.619,-27.772,-29.756,-32.96,-34.486,-34.791,-36.622,-36.012,-36.927,-37.233,-38.148,-38.148,-37.385,-36.622,-32.35,-30.366,-28.993,-26.704,-24.567,-21.668,-21.363,-15.107,-6.8667,-2.1363,1.5259,5.3407,7.3244,8.3926,5.9511,0.15259,-4.883,-4.883,-6.4089,-4.4252,-3.8148,-5.1881,-6.7141,-7.0193,-8.0874,-9.7659,-7.6296,-7.0193,-6.7141,-7.9348,-10.681,-12.513,-15.412,-16.327,-15.412,-15.717,-19.074,-20.142,-18.006,-18.464,-19.684,-19.684,-21.821,-26.093,-31.281,-31.434,-30.824,-28.84,-29.45,-30.213,-28.687,-27.161,-27.619,-25.025,-24.11,-23.804,-20.295,-12.513,-6.4089,-1.0681,1.8311,5.7985,10.834,13.123,13.886,19.684,26.399,31.434,33.265,35.707,42.726,49.44,49.898,51.729,53.56,54.323,53.56,54.476,55.086,55.696,57.527,56.154,55.391,52.95,49.44,43.489,36.775,37.385,38.301,37.08,32.807,32.197,31.281,26.246,20.295,20.295,22.126,21.821,24.567,28.382,25.483,23.347,25.483,30.366,29.45,23.347,21.363,19.074,15.107,9.3081,5.4933,2.4415,-1.9837,-6.7141,-12.818,-18.159,-24.873,-25.483,-27.467,-29.603,-31.281,-29.603,-30.671,-32.35,-33.723,-37.538,-43.489,-43.336,-45.93,-48.219,-50.203,-50.508,-50.05,-45.778,-47.761,-52.797,-54.476,-49.898,-48.524,-50.813,-50.203,-50.05,-52.492,-51.729,-50.813,-48.372,-47.151,-41.353,-40.742,-37.08,-35.249,-31.892,-29.756,-26.399,-20.295,-16.938,-16.938,-19.379,-20.447,-18.464,-17.396,-12.665,-9.6133,-8.24,-8.5452,-7.3244,-7.1718,-7.1718,-2.7467,0.91556,2.8993,4.5778,6.4089,8.6978,7.1718,8.24,6.8667,5.9511,1.6785,0.91556,0.76296,4.2726,7.1718,8.5452,11.902,12.055,11.75,10.376,9.3081,12.665,13.733,12.665,13.123,18.921,18.921,19.227,22.126,23.957,19.99,21.821,26.399,28.84,25.941,26.093,27.467,32.197,33.723,37.233,36.622,38.911,36.622,34.181,30.976,28.535,25.636,26.399,26.246,27.619,23.652,22.431,27.009,29.756,35.859,41.658,38.301,41.81,48.372,53.255,56.917,58.138,56.917,53.407,52.797,52.797,46.999,46.083,43.641,40.132,32.807,30.976,27.924,22.431,19.227,22.584,28.687,33.265,30.213,30.366,29.145,27.619,23.194,26.399,27.161,25.33,23.499,26.551,31.434,36.012,35.096,31.739,30.519,33.113,32.502,31.587,30.519,30.976,32.502,34.028,31.739,30.824,29.45,31.739,32.96,33.265,28.993,24.72,21.363,20.6,15.564,11.444,5.3407,3.2044,0.61037,-1.6785,-2.5941,-1.2207,-3.6622,-3.8148,-1.9837,-1.6785,-4.12,-3.5096,-4.12,-3.357,-6.4089,-7.6296,-10.681,-12.513,-12.665,-16.175,-18.769,-18.921,-15.107,-7.3244,-4.883,-4.4252,-5.4933,-10.071,-16.938,-19.074,-20.905,-20.142,-23.194,-27.619,-30.824,-32.96,-40.437,-44.557,-47.456,-49.44,-55.696,-63.478,-68.819,-69.582,-69.277,-68.819,-66.988,-63.631,-62.563,-59.206,-56.001,-55.849,-56.154,-50.661,-46.999,-42.573,-37.996,-33.876,-28.84,-24.873,-25.788,-27.009,-26.246,-28.077,-30.671,-32.655,-34.791,-35.554,-39.064,-42.421,-45.93,-47.761,-49.745,-52.492,-54.17,-57.985,-65.462,-73.397,-81.637,-85.757,-90.182,-91.098,-95.065,-98.27,-101.93,-103.46,-103.46,-100.86,-94.76,-89.267,-85.604,-81.942,-78.89,-69.124,-67.446,-64.241,-61.342,-57.68,-54.781,-55.086,-58.443,-65.615,-68.667,-66.073,-69.124,-72.024,-83.316,-93.539,-98.727,-102.85,-109.71,-113.53,-116.28,-118.41,-122.53,-123.45,-128.94,-130.16,-130.47,-130.16,-127.72,-125.43,-124.82,-124.06,-126.04,-125.89,-128.03,-126.19,-125.13,-121.46,-121.92,-115.82,-111.85,-112.77,-113.83,-112.61,-111.7,-109.1,-112.77,-111.55,-110.93,-110.32,-108.19,-105.44,-107.12,-108.49,-112,-114.9,-117.65,-118.11,-120.85,-121.92,-121.31,-117.65,-117.65,-115.82,-113.68,-113.07,-115.82,-114.6,-109.71,-109.26,-109.56,-106.81,-104.07,-105.29,-107.27,-106.81,-108.19,-108.95,-111.24,-112.61,-112.77,-113.68,-113.53,-110.17,-107.73,-106.66,-106.2,-104.22,-103.15,-97.201,-93.387,-84.689,-80.416,-78.433,-81.637,-81.484,-75.381,-75.228,-76.754,-75.381,-73.092,-70.65,-67.751,-63.631,-60.121,-53.102,-46.083,-39.369,-37.233,-36.927,-37.08,-36.775,-41.81,-45.167,-46.083,-47.914,-49.898,-54.628,-58.901,-52.644,-49.135,-46.999,-40.284,-37.08,-35.249,-35.554,-31.281,-26.093,-26.704,-27.161,-27.619,-27.619,-29.145,-30.824,-32.197,-28.535,-27.924,-31.587,-32.655,-32.044,-35.096,-37.69,-40.437,-40.132,-40.437,-38.911,-38.606,-37.843,-34.791,-29.908,-26.399,-23.804,-22.889,-19.684,-14.039,-9.7659,-9.1556,-7.0193,-5.9511,-4.4252,-0.91556,2.8993,2.4415,3.9674,5.0356,5.1881,1.0681,-3.357,-9.9185,-18.311,-29.45,-36.47,-45.32,-53.102,-59.206,-63.021,-70.345,-78.89,-86.978,-95.828,-103.61,-110.48,-115.05,-118.41,-121.16,-119.94,-119.94,-120.09,-122.07,-124.36,-130.16,-132.15,-131.08,-131.38,-129.7,-126.35,-124.52,-119.17,-115.05,-108.04,-99.796,-88.809,-75.533,-59.358,-44.557,-33.876,-23.804,-11.75,0.61037,9.9185,17.09,24.873,28.535,34.181,41.047,49.135,55.544,60.121,62.868,66.53,67.904,67.598,66.378,70.65,76.144,79.958,91.708,108.49,118.72,127.26,134.74,139.77,142.67,142.67,139.16,136.57,134.28,132.15,127.72,124.67,120.7,117.5,111.85,109.41,108.04,108.65,108.8,107.27,102.24,96.438,88.046,81.027,74.465,70.345,64.852,63.326,63.173,66.225,70.04,72.481,70.498,66.683,65.157,65.615,66.683,69.124,68.667,69.124,67.446,66.836,65.615,66.836,65.157,66.073,66.225,64.852,62.258,58.748,56.001,57.222,57.222,55.696,54.781,56.154,56.307,59.664,59.358,59.511,59.816,59.511,56.612,53.56,50.661,49.745,51.424,55.696,57.375,60.427,60.732,59.664,56.001,55.849,51.118,45.625,39.369,31.892,24.415,18.769,12.818,7.6296,3.0519,-0.45778,-8.0874,-11.902,-15.259,-17.09,-19.074,-22.279,-24.72,-29.603,-34.181,-33.265,-35.707,-38.301,-43.031,-43.641,-43.336,-41.505,-40.742,-38.911,-36.164,-33.265,-28.687,-25.178,-21.821,-16.633,-12.97,-4.883,-0.30519,3.6622,4.2726,7.0193,11.292,16.022,21.973,31.281,39.369,45.167,46.693,49.593,50.661,55.086,55.391,55.391,51.424,48.982,49.287,52.339,54.628,59.053,62.563,64.089,60.579,61.495,61.19,63.631,64.547,67.904,68.972,69.277,66.53,63.478,60.579,62.716,64.852,65.615,60.579,55.696,47.609,40.437,33.113,29.908,27.161,25.178,21.973,21.973,21.973,19.684,18.159,23.804,29.145,33.876,34.639,36.012,32.807,32.655,33.876,36.164,36.012,37.996,38.606,40.742,39.369,38.301,35.707,34.944,35.096,36.317,34.639,31.434,27.467,26.093,25.788,25.636,25.178,25.025,22.279,19.227,17.396,18.921,18.464,18.769,16.633,14.649,10.224,8.0874,3.6622,-0.15259,-1.5259,-1.5259,-3.357,-2.1363,-1.0681,-0,2.1363,7.3244,10.681,14.649,17.396,23.194,33.113,40.437,45.167,50.203,52.797,56.307,56.459,57.68,59.969,64.852,67.751,69.124,72.787,78.433,81.484,84.689,86.062,90.03,91.556,93.539,94.15,95.37,95.37,95.981,95.523,95.37,95.37,96.133,95.523,94.913,95.065,94.455,91.708,93.081,94.913,97.964,100.41,101.93,99.185,96.896,95.523,93.387,89.572,86.825,84.994,85.147,84.384,85.147,84.536,86.062,86.215,88.656,90.03,91.098,89.419,89.419,88.046,87.13,85.757,87.283,88.198,92.318,93.539,96.896,97.812,100.1,100.41,101.78,105.59,110.02,113.68,116.58,118.72,119.33,118.87,119.33,117.5,120.85,125.13,131.53,135.2,140.54,145.88,152.44,158.54,163.73,167.85,171.36,174.87,181.13,186.93,196.23,204.17,211.19,218.51,228.13,234.53,240.49,246.13,250.71,254.22,258.64,262.76,268.11,269.48,271.92,272.99,275.43,276.8,281.84,284.59,285.81,287.64,290.54,292.52,296.03,300.76,305.8,309.61,314.8,318,322.73,324.72,327.31,331.28,336.92,340.13,343.18,346.23,350.96,353.1,356.46,360.58,365.15,368.66,370.49,368.97,368.82,365.92,365.31,363.78,361.49,360.73,360.58,359.2,358.29,356.46,352.79,347.76,346.08,343.94,340.74,335.4,333.87,334.79,331.89,328.23,324.56,320.9,319.07,318.31,318.16,316.32,314.34,310.98,309.92,307.93,306.1,303.66,303.66,302.9,302.13,301.83,302.29,302.13,301.83,300.76,299.39,294.96,293.74,293.28,294.2,293.89,292.83,292.37,294.5,295.88,292.67,290.08,289.47,288.09,284.28,279.7,279.7,280.31,279.7,275.58,270.85,268.26,266.88,264.14,261.7,259.56,256.05,251.47,251.63,249.18,245.52,241.71,240.33,234.99,228.28,221.11,214.55,210.43,206.15,201.57,197.15,191.5,187.69,184.79,181.59,173.96,167.7,160.99,156.71,151.52,148.78,143.74,137.49,130.01,122.53,117.04,111.24,106.05,102.24,94.607,87.588,81.332,77.212,68.056,64.852,62.716,59.206,55.696,55.544,57.375,54.17,49.745,46.999,43.794,39.064,33.723,31.892,29.145,29.298,28.687,26.551,19.074,14.954,10.071,5.3407,-0,-4.883,-9.4607,-13.123,-16.48,-20.295,-24.873,-28.077,-28.535,-26.399,-27.619,-29.298,-31.129,-33.265,-38.301,-43.031,-48.372,-49.898,-54.628,-58.748,-59.664,-59.969,-58.748,-58.443,-60.427,-60.121,-62.41,-64.852,-66.53,-68.056,-76.144,-80.569,-79.958,-84.384,-90.03,-93.234,-91.861,-93.692,-101.02,-104.37,-109.26,-113.53,-121.46,-129.09,-133.98,-137.03,-141.15,-141.3,-141.3,-145.12,-147.25,-147.25,-149.54,-151.52,-149.08,-142.37,-141.91,-141.3,-141.45,-142.22,-145.12,-143.74,-142.83,-144.96,-144.05,-143.13,-141.61,-137.33,-135.65,-133.52,-132.6,-132.45,-136.57,-140.23,-142.37,-137.18,-134.43,-135.2,-134.28,-132.3,-131.69,-132.76,-138.25,-139.77,-143.59,-147.86,-155.64,-162.36,-168.61,-173.65,-177.47,-181.28,-186.32,-187.23,-187.99,-189.37,-190.59,-190.13,-190.74,-191.2,-191.5,-192.11,-193.95,-193.64,-192.27,-191.5,-192.57,-193.64,-198.22,-195.32,-187.99,-181.74,-181.59,-182.35,-182.35,-181.59,-179.75,-175.18,-174.41,-178.53,-184.03,-190.74,-196.39,-201.73,-206.31,-209.66,-211.65,-212.1,-217.14,-223.7,-231.03,-233.62,-235.45,-233.16,-233.77,-227.21,-222.02,-216.83,-211.04,-204.17,-199.29,-189.37,-181.28,-178.23,-176.55,-168,-164.34,-158.7,-147.4,-135.2,-127.11,-119.33,-112,-97.812,-88.961,-85.757,-81.637,-74.465,-61.342,-50.508,-43.641,-37.996,-36.317,-36.47,-36.47,-35.096,-32.044,-30.061,-33.876,-37.538,-37.385,-36.317,-35.096,-34.028,-32.655,-30.366,-30.824,-32.807,-37.538,-40.59,-46.541,-49.593,-52.644,-54.17,-57.375,-60.579,-57.375,-50.203,-52.034,-55.086,-56.917,-55.544,-56.612,-60.274,-68.514,-74.313,-81.942,-92.929,-104.22,-113.22,-114.6,-117.34,-123.45,-124.36,-127.11,-128.03,-132.3,-131.53,-125.58,-123.14,-127.57,-131.99,-136.88,-143.44,-148.47,-149.24,-150.76,-150.46,-153.81,-154.12,-150.46,-148.17,-148.78,-144.96,-145.57,-146.79,-145.42,-144.51,-142.06,-138.25,-139.47,-136.11,-136.57,-136.42,-135.35,-136.42,-139.62,-138.25,-134.59,-127.11,-123.45,-122.07,-125.43,-126.5,-124.52,-123.6,-120.4,-117.65,-119.79,-115.67,-111.39,-108.65,-105.9,-97.049,-94.455,-90.64,-87.13,-87.893,-87.588,-86.825,-88.809,-87.283,-86.367,-80.264,-77.67,-75.991,-73.702,-67.598,-70.498,-71.871,-69.887,-66.073,-65.767,-64.241,-61.8,-61.495,-60.427,-57.833,-59.053,-52.797,-48.524,-48.982,-48.219,-49.135,-48.219,-45.015,-45.93,-43.794,-42.116,-42.268,-43.031,-43.031,-48.372,-49.898,-47.609,-49.745,-52.492,-56.459,-60.579,-61.037,-65.92,-66.988,-65.462,-71.718,-73.55,-68.514,-71.413,-72.329,-70.193,-63.631,-59.511,-54.933,-53.102,-49.44,-45.167,-41.2,-38.911,-36.012,-33.723,-29.603,-21.363,-11.597,-3.0519,1.5259,5.1881,7.1718,7.9348,8.3926,10.681,10.834,6.7141,3.8148,1.9837,7.477,10.529,9.4607,10.681,12.36,18.616,22.279,25.178,23.804,25.025,29.908,27.467,26.856,29.603,30.366,27.467,29.45,36.012,36.012,30.671,27.467,31.739,39.064,34.791,32.044,30.976,31.587,33.418,41.2,40.742,43.489,43.947,48.219,50.508,50.508,45.93,47.304,50.661,49.745,47.151,46.693,43.031,38.606,33.418,31.587,33.876,30.061,24.262,18.921,15.717,11.75,16.785,16.633,9.1556,9.1556,3.0519,0.30519,-3.5096,0.15259,2.1363,4.4252,0.91556,-0.30519,2.4415,1.0681,5.0356,9.003,4.4252,4.12,6.5615,4.5778,1.2207,-0.91556,-3.2044,-7.0193,-9.7659,-9.6133,-4.5778,-3.8148,-4.7304,-3.357,-6.8667,-10.529,-18.159,-18.616,-16.785,-21.058,-27.619,-30.366,-33.113,-42.879,-49.898,-51.881,-58.748,-60.579,-60.121,-63.784,-67.293,-65.767,-66.073,-63.326,-56.307,-54.018,-54.628,-51.118,-47.761,-43.947,-41.353,-38.453,-40.742,-47.609,-50.356,-47.151,-46.236,-48.677,-48.677,-45.167,-46.693,-47.304,-50.966,-53.865,-54.628,-55.086,-55.238,-47.304,-45.473,-51.424,-54.933,-56.001,-56.154,-54.17,-50.813,-52.034,-56.764,-56.764,-53.865,-53.102,-53.255,-53.255,-55.849,-61.647,-57.527,-50.203,-45.625,-45.167,-45.93,-45.167,-41.963,-38.148,-37.385,-37.69,-44.557,-49.287,-52.187,-51.576,-45.778,-46.083,-50.966,-56.612,-57.222,-55.849,-62.41,-64.089,-66.225,-69.582,-67.446,-66.378,-69.277,-76.907,-79.348,-83.01,-91.403,-87.588,-89.419,-93.997,-95.065,-93.234,-93.692,-93.844,-93.387,-92.166,-93.387,-94.76,-94.15,-92.013,-92.013,-97.812,-102.08,-108.19,-115.05,-114.14,-112.77,-113.83,-113.07,-114.6,-119.02,-122.07,-127.11,-131.23,-133.52,-134.28,-130.62,-129.7,-127.41,-116.43,-108.19,-106.2,-101.47,-93.539,-88.961,-89.572,-90.793,-86.52,-87.588,-92.166,-95.676,-94.913,-93.844,-88.351,-81.484,-80.264,-76.449,-73.55,-71.871,-66.53,-66.073,-63.631,-58.901,-51.729,-51.576,-54.323,-56.917,-54.018,-51.271,-52.797,-60.274,-63.173,-69.735,-68.819,-67.904,-64.699,-65.31,-65.31,-68.209,-67.751,-64.547,-61.953,-59.358,-57.68,-56.612,-47.914,-43.489,-41.81,-37.843,-25.636,-20.447,-18.006,-14.801,-12.055,-11.75,-3.5096,-1.3733,-5.0356,-6.7141,0.30519,0.91556,2.2889,7.9348,8.8504,9.1556,12.36,16.785,21.363,26.093,21.516,17.548,18.616,14.039,12.513,9.3081,7.1718,4.2726,3.0519,4.12,3.9674,3.8148,6.2563,2.2889,3.2044,3.6622,2.1363,0.61037,-2.8993,-3.5096,1.0681,2.1363,0.30519,-1.3733,-3.6622,-8.3926,-12.055,-14.496,-16.633,-22.889,-26.399,-32.502,-35.096,-36.927,-39.521,-39.979,-45.778,-47.761,-49.898,-55.086,-52.95,-51.881,-53.407,-54.628,-52.339,-51.729,-51.118,-56.001,-60.884,-63.936,-63.936,-69.124,-71.108,-70.956,-74.77,-79.348,-78.28,-81.942,-80.874,-77.364,-72.329,-68.667,-64.394,-59.053,-53.102,-52.95,-52.644,-53.102,-52.187,-50.813,-49.135,-47.761,-44.099,-40.895,-45.32,-46.541,-36.927,-29.908,-28.687,-31.434,-32.197,-35.249,-33.113,-29.603,-24.72,-19.99,-12.665,-6.4089,-0.45778,4.4252,11.597,18.311,25.636,33.113,36.47,39.521,52.187,64.699,73.702,81.179,90.487,100.71,115.21,125.43,133.67,141.3,151.52,164.04,175.79,187.23,197.76,204.78,216.83,227.36,235.45,244.61,253.46,257.42,265.66,274.51,279.09,286.42,296.49,301.07,301.52,308.39,320.75,322.73,324.87,331.89,339.98,343.18,347.91,354.01,359.97,362.71,366.53,368.97,370.34,370.19,371.72,373.55,376.6,373.24,373.09,376.14,378.43,384.08,385.14,386.52,386.67,384.23,390.33,397.5,401.62,403.15,408.34,411.69,415.2,418.71,417.8,418.56,422.53,427.41,429.7,425.58,426.95,429.24,427.26,423.9,424.82,425.89,423.75,420.24,420.09,416.58,413.53,416.88,418.26,413.68,409.86,408.64,410.47,412,413.07,415.66,416.88,412.15,411.69,407.27,402.69,399.18,398.57,393.84,385.45,377.67,372.33,365.92,362.1,356.76,352.18,352.03,351.73,350.81,350.05,349.44,346.84,344.86,345.47,343.18,342.11,336.62,332.19,329.45,328.38,324.11,317.24,318,319.68,314.95,308.85,301.83,298.47,294.81,286.57,280.47,277.26,273.9,269.94,264.44,258.03,256.97,252.39,242.47,244.45,243.84,242.47,241.4,234.99,230.57,229.35,224.77,221.72,217.6,215.31,210.73,202.8,197,192.11,187.54,180.21,172.28,170.14,166.17,162.66,160.37,151.52,145.12,148.17,141,135.81,131.38,123.14,113.99,107.43,98.727,97.964,96.286,87.436,79.501,78.585,77.059,73.55,67.904,59.511,54.323,51.729,51.881,50.813,46.083,43.489,39.521,36.927,34.333,30.976,28.84,25.483,21.821,25.941,26.246,23.347,20.447,14.649,10.681,7.3244,0.45778,-6.5615,-14.496,-14.649,-18.311,-21.516,-27.772,-34.639,-36.927,-42.421,-46.693,-55.086,-59.206,-60.274,-65.157,-72.634,-76.296,-75.228,-80.416,-83.773,-83.01,-86.52,-92.929,-97.812,-102.08,-104.83,-106.66,-106.97,-110.17,-112.46,-113.53,-103.92,-94.302,-92.776,-97.964,-96.591,-94.15,-93.539,-97.964,-99.643,-97.964,-95.523,-96.744,-97.354,-96.896,-95.676,-100.71,-102.08,-100.25,-103.61,-101.93,-101.32,-102.54,-102.69,-107.73,-111.85,-113.38,-113.53,-117.95,-118.56,-122.38,-131.84,-136.27,-133.52,-133.52,-137.49,-143.44,-150.15,-156.87,-161.29,-170.29,-176.09,-178.69,-181.43,-184.94,-186.77,-185.86,-184.64,-186.32,-189.21,-191.35,-197.3,-205.24,-203.41,-193.33,-186.16,-185.55,-189.67,-190.89,-190.89,-195.47,-197,-203.71,-213.17,-218.05,-216.83,-221.11,-223.55,-226.6,-230.41,-239.27,-246.28,-250.71,-252.08,-255.59,-262.15,-267.95,-267.8,-272.99,-276.65,-280.16,-282.6,-285.35,-287.48,-284.28,-286.87,-295.11,-296.95,-301.68,-306.25,-308.85,-309.92,-312.51,-310.98,-312.81,-319.99,-320.75,-321.82,-325.17,-328.53,-328.23,-314.8,-310.07,-308.85,-307.02,-301.07,-301.37,-300.61,-295.72,-291.45,-292.67,-290.69,-284.74,-284.74,-287.33,-287.64,-290.08,-291.91,-294.05,-290.99,-293.28,-294.05,-286.87,-285.35,-287.03,-289.93,-290.84,-282.14,-278.18,-277.26,-276.96,-273.9,-273.6,-267.8,-265.05,-261.7,-258.95,-257.73,-255.44,-252.24,-251.63,-252.08,-254.37,-256.97,-255.29,-248.57,-245.22,-245.22,-238.96,-232.09,-235.3,-238.04,-242.01,-246.44,-251.63,-253.76,-257.58,-259.56,-262.92,-264.9,-269.33,-268.87,-262.61,-260.48,-260.17,-253.46,-249.49,-243.39,-238.2,-234.99,-234.53,-231.03,-227.52,-222.94,-222.48,-221.11,-217.6,-214.85,-210.12,-206.76,-200.51,-196.54,-192.42,-186.93,-182.35,-176.4,-171.21,-162.36,-155.19,-152.13,-152.29,-152.9,-151.52,-150.61,-152.59,-150,-143.89,-140.54,-141.61,-141.91,-144.05,-140.08,-137.49,-134.59,-135.2,-138.71,-139.62,-134.89,-130.92,-128.64,-126.8,-123.75,-124.06,-122.23,-122.68,-122.84,-121.16,-118.26,-120.09,-118.72,-110.78,-109.71,-112.92,-110.78,-107.88,-110.78,-112,-107.88,-105.9,-104.07,-104.98,-105.14,-105.59,-108.65,-106.97,-100.25,-94.913,-92.166,-84.841,-74.465,-71.108,-66.378,-64.241,-65.767,-68.514,-64.089,-59.969,-62.258,-66.836,-65.31,-63.326,-64.394,-57.222,-47.456,-43.489,-37.08,-31.892,-26.246,-23.652,-27.009,-25.941,-19.837,-17.548,-13.733,-12.513,-12.665,-15.564,-17.701,-20.905,-23.347,-27.314,-28.535,-30.824,-29.298,-28.84,-30.366,-26.856,-27.161,-30.824,-36.775,-41.505,-39.979,-39.216,-39.979,-34.791,-27.009,-23.652,-22.431,-20.447,-16.633,-16.938,-16.327,-12.207,-7.477,-6.4089,-4.12,1.5259,5.4933,1.3733,-1.2207,-1.6785,2.1363,3.6622,2.5941,0.45778,-3.5096,-10.834,-13.581,-12.207,-12.818,-7.477,1.8311,5.3407,7.6296,8.24,12.665,13.428,12.207,10.681,11.444,20.295,23.347,20.905,23.194,23.194,21.21,17.548,14.649,13.428,19.379,20.447,22.431,22.126,24.415,21.21,20.6,21.973,20.295,18.921,20.905,17.396,16.327,21.516,25.025,18.616,21.21,22.889,19.074,13.886,15.412,16.938,21.363,25.178,25.636,27.161,30.213,29.908,37.233,39.979,39.216,40.437,45.167,43.794,46.541,51.271,51.424,49.898,54.17,59.816,57.222,50.966,56.154,55.086,56.001,57.985,58.901,58.901,64.852,65.615,66.53,64.394,69.124,71.413,68.667,68.972,70.04,71.566,72.176,70.193,71.261,71.718,73.244,67.446,64.089,65.767,62.716,58.596,57.222,55.696,56.764,57.833,60.884,60.427,63.936,65.615,71.871,75.381,74.16,72.634,69.277,68.972,70.956,66.683,71.566,73.855,71.413,74.465,82.247,87.13,89.877,86.825,87.436,83.926,79.806,78.89,79.958,79.196,79.196,76.754,72.787,69.582,70.956,65.462,60.732,58.596,56.154,49.745,47.914,45.32,42.726,45.93,50.05,48.524,45.625,48.372,56.001,55.391,53.255,54.018,49.745,43.641,47.914,49.898,43.336,45.167,46.999,51.729,52.797,54.933,56.764,52.492,46.236,40.284,40.742,33.723,30.366,28.535,29.756,31.739,30.976,26.704,26.704,29.603,26.551,22.431,23.041,16.785,15.87,21.821,25.33,28.077,29.756,31.434,32.96,34.028,38.301,39.369,36.927,32.96,35.554,36.927,38.911,39.521,33.57,26.246,25.025,27.161,25.788,22.126,15.564,10.376,14.801,21.058,25.33,21.973,22.889,29.45,38.148,34.028,34.486,31.587,32.502,37.843,32.96,28.23,30.671,35.859,36.164,34.028,36.775,31.587,25.788,22.889,26.093,26.246,23.194,21.821,25.025,18.464,11.902,10.987,15.259,14.801,22.431,26.246,24.415,27.009,26.093,25.33,22.431,18.159,16.175,12.97,11.902,10.224,12.207,5.4933,0.76296,-1.0681,-1.9837,0.30519,1.8311,-8.0874,-9.9185,-1.0681,1.2207,-11.597,-16.022,-19.684,-20.905,-24.873,-34.944,-41.658,-37.385,-41.81,-48.677,-51.576,-54.933,-60.884,-60.427,-56.612,-54.781,-51.424,-41.047,-36.164,-32.655,-30.366,-29.45,-29.45,-29.908,-35.401,-41.963,-45.93,-49.44,-52.187,-56.001,-59.969,-55.238,-53.713,-51.118,-52.492,-59.206,-65.615,-70.803,-74.618,-77.67,-77.67,-77.364,-79.501,-84.078,-85.91,-86.215,-85.452,-86.367,-91.861,-91.25,-86.825,-79.043,-76.296,-75.838,-76.907,-75.686,-71.261,-69.887,-71.566,-71.108,-74.16,-71.718,-68.209,-72.024,-78.89,-76.601,-76.296,-78.89,-76.449,-73.397,-74.77,-78.433,-75.991,-70.65,-72.634,-67.598,-61.953,-60.274,-59.664,-52.797,-44.252,-32.197,-31.129,-34.486,-26.551,-28.535,-34.944,-34.944,-41.047,-37.996,-39.369,-43.336,-42.879,-47.151,-51.729,-53.255,-59.358,-62.41,-53.865,-52.339,-53.865,-53.865,-54.17,-51.118,-47.151,-47.761,-54.476,-53.713,-46.236,-37.538,-37.385,-34.944,-34.028,-32.197,-30.519,-30.366,-32.35,-37.69,-39.827,-41.505,-47.761,-44.099,-40.59,-45.015,-44.404,-47.609,-52.034,-58.29,-64.089,-61.647,-63.326,-68.361,-74.923,-73.397,-72.787,-74.77,-72.329,-67.293,-69.735,-73.092,-75.228,-79.043,-79.043,-81.942,-87.13,-86.825,-89.267,-87.283,-85.604,-86.673,-91.098,-93.234,-90.03,-94.76,-104.83,-109.71,-111.85,-115.05,-116.73,-118.56,-125.89,-129.86,-128.18,-128.64,-132.6,-134.43,-129.4,-129.25,-131.38,-124.67,-119.17,-123.45,-126.8,-114.75,-110.63,-108.8,-103.61,-95.065,-94.76,-91.708,-83.468,-80.569,-88.961,-90.03,-79.501,-72.481,-70.956,-70.193,-65.004,-58.901,-56.001,-53.102,-50.813,-46.236,-48.219,-51.424,-49.745,-48.677,-49.745,-47.914,-49.593,-48.219,-50.813,-52.492,-54.17,-48.524,-47.304,-48.372,-46.388,-41.963,-41.353,-39.216,-39.521,-36.622,-33.418,-27.314,-23.041,-22.584,-19.532,-18.159,-23.194,-19.837,-13.733,-10.834,-10.224,-3.8148,1.5259,1.3733,3.5096,15.412,25.788,28.077,29.45,31.129,37.538,40.895,37.843,39.979,39.979,45.625,51.424,55.238,56.154,60.884,65.92,67.141,63.021,60.732,63.173,66.988,59.511,54.781,52.187,54.628,49.287,45.625,37.843,34.028,42.573,40.284,32.044,31.892,32.96,33.418,30.824,30.366,30.824,32.502,36.927,41.047,45.93,45.625,41.81,45.32,49.593,50.966,49.898,52.797,49.287,47.456,49.287,59.053,60.579,57.07,50.661,54.781,65.615,64.547,63.326,67.598,70.193,71.108,74.77,78.738,84.384,90.945,87.893,92.776,91.708,92.471,94.76,99.033,98.27,95.523,94.913,98.727,102.39,101.47,98.422,99.033,98.117,94.302,93.387,95.523,92.929,93.387,98.117,102.85,112.16,119.48,112.31,110.02,118.11,122.07,120.55,120.85,118.11,116.43,116.12,115.97,115.21,113.83,113.68,112.46,112,115.82,113.07,115.97,118.87,119.94,122.53,126.5,127.57,129.55,133.98,137.79,139.16,140.54,141.76,143.13,144.51,143.59,139.16,140.69,136.27,130.92,127.41,129.4,131.69,134.13,128.94,126.65,126.19,127.87,126.19,121.16,118.26,122.53,122.38,125.28,123.6,123.29,122.07,119.94,116.12,115.05,111.85,110.32,101.17,102.24,99.033,93.997,90.03,82.705,78.89,80.111,74.77,69.124,66.836,68.667,63.173,56.917,49.44,44.557,41.2,41.963,40.284,32.96,34.181,42.421,48.067,48.677,48.677,49.745,51.576,59.664,66.683,70.498,72.481,75.228,77.364,83.621,87.13,90.03,94.302,97.964,97.812,99.643,102.85,104.37,103.76,104.83,103.15,98.27,95.981,101.78,106.05,103.31,101.02,99.643,95.065,95.37,94.15,89.724,84.536,86.52,84.231,81.484,81.179,79.958,75.686,75.076,73.397,69.43,65.92,63.173,53.255,50.356,47.609,40.132,37.385,34.028,35.249,33.57,26.399,28.23,28.84,27.314,27.314,29.603,26.856,22.279,21.821,26.093,27.009,29.45,31.129,31.281,33.723,37.996,35.554,35.707,35.859,37.69,38.148,41.047,39.369,39.369,38.606,37.69,37.385,39.064,42.879,46.846,47.151,47.761,49.135,47.761,46.846,51.729,55.391,58.901,62.563,68.209,69.43,72.939,76.449,73.397,65.004,73.702,81.027,81.79,84.994,92.776,99.338,103.61,108.49,117.34,124.67,131.38,137.94,144.66,145.57,154.88,162.21,164.65,167.85,173.65,180.52,183.42,185.55,193.03,200.05,203.71,206.15,208.9,210.73,215.16,215.77,216.68,222.63,222.79,222.02,225.07,226.45,228.58,228.74,227.67,227.52,226.6,225.68,229.5,231.48,233.62,234.08,234.84,233.47,227.97,227.67,234.53,233.01,231.48,230.87,234.53,240.64,238.65,233.77,235.91,237.13,237.74,238.5,243.08,246.89,248.12,246.44,250.1,250.4,250.4,247.05,247.2,245.06,243.39,243.39,242.93,243.23,242.93,244.76,245.37,243.84,245.06,245.06,244.3,242.77,244.45,240.94,233.16,226.75,224.16,225.07,226.6,222.94,220.8,219.58,215.61,209.97,208.29,208.75,206,203.41,202.03,199.44,196.39,194.86,191.96,190.74,191.2,193.33,192.88,186.62,184.03,179.45,174.26,173.35,170.45,164.34,159,152.13,143.13,143.44,140.08,133.82,136.27,134.28,131.38,127.87,126.96,123.6,121.31,119.48,112.92,106.2,104.83,103.46,97.964,91.25,86.825,80.721,72.176,62.105,63.478,63.631,62.716,56.917,48.524,44.557,41.505,35.707,32.502,21.973,14.954,9.1556,7.3244,4.2726,0.61037,-1.2207,-4.7304,-7.3244,-8.5452,-11.139,-8.6978,-9.3081,-13.276,-16.48,-16.633,-18.616,-18.311,-17.548,-16.785,-23.194,-27.161,-26.093,-26.246,-28.382,-25.636,-29.298,-35.859,-36.317,-38.301,-44.557,-46.999,-54.781,-58.748,-59.816,-68.361,-77.059,-81.942,-87.893,-93.997,-95.218,-94.15,-96.286,-97.812,-100.71,-100.41,-103.76,-102.69,-98.88,-97.201,-97.354,-91.098,-84.231,-83.01,-82.095,-77.975,-73.397,-67.904,-61.8,-54.628,-52.339,-46.999,-42.573,-38.759,-34.028,-27.924,-23.347,-21.363,-24.567,-19.99,-17.548,-20.905,-21.668,-20.447,-21.21,-18.159,-15.412,-15.87,-19.99,-17.701,-10.529,-4.4252,-5.9511,-10.071,-13.733,-14.344,-13.886,-11.597,-10.376,-12.818,-14.344,-19.074,-25.178,-28.23,-29.603,-35.554,-46.236,-52.187,-56.612,-59.816,-63.631,-66.988,-72.939,-81.79,-91.556,-99.185,-108.95,-121.01,-133.21,-140.23,-149.24,-159.61,-165.41,-169.99,-179.91,-186.47,-194.1,-199.59,-207.22,-216.68,-224.46,-231.03,-241.55,-255.13,-265.21,-270.24,-272.38,-273.29,-274.67,-274.97,-276.19,-275.73,-279.55,-287.33,-295.57,-300.45,-301.07,-301.98,-304.42,-307.02,-312.05,-310.98,-314.04,-314.65,-315.87,-321.51,-326.24,-324.41,-325.63,-329.14,-338.91,-338.91,-337.38,-338.91,-337.08,-334.03,-332.96,-330.52,-329.14,-331.58,-332.8,-332.5,-332.35,-332.8,-332.35,-329.45,-327.01,-323.65,-323.5,-316.93,-311.59,-305.64,-300.3,-296.18,-291.6,-288.4,-289.77,-283.52,-279.24,-275.89,-271,-265.82,-259.1,-253.76,-250.4,-242.93,-238.5,-231.18,-220.95,-216.22,-216.22,-206.31,-198.68,-192.42,-187.38,-178.84,-175.18,-167.7,-162.36,-153.97,-150,-146.18,-141.45,-131.38,-124.21,-118.72,-115.67,-112.31,-107.27,-101.32,-100.41,-96.438,-90.64,-81.942,-76.754,-69.124,-62.563,-56.001,-48.982,-40.132,-35.554,-33.876,-25.788,-18.769,-14.191,-6.8667,2.8993,14.496,20.753,25.33,29.603,38.301,44.404,54.018,61.647,70.65,79.501,85.299,89.572,93.387,94.15,96.133,99.796,103.15,102.85,102.08,102.54,104.07,101.78,97.049,96.286,97.812,94.455,93.997,90.335,86.825,84.689,82.858,79.196,78.738,77.975,76.601,74.77,75.228,75.991,75.076,72.939,78.127,82.247,84.841,85.757,86.062,83.163,84.231,86.062,89.419,91.403,97.812,104.37,110.02,110.63,112,112.92,113.99,111.85,108.34,106.36,110.78,113.53,113.22,115.67,118.72,119.17,118.72,116.58,118.87,120.4,118.56,112.46,108.34,101.78,95.981,95.676,92.318,85.604,79.348,73.55,68.361,63.173,63.631,63.021,65.157,63.936,64.852,61.495,52.644,51.729,54.17,52.339,50.966,49.593,51.881,51.271,52.187,52.339,50.203,46.999,41.81,37.538,35.707,30.366,24.415,21.058,19.837,13.276,5.1881,2.2889,2.2889,1.3733,-2.5941,-11.597,-18.159,-19.532,-25.636,-33.57,-42.573,-48.982,-46.388,-42.421,-46.999,-53.713,-53.865,-55.696,-57.222,-57.222,-54.018,-52.492,-51.576,-53.713,-50.05,-42.879,-41.81,-44.252,-43.031,-40.132,-40.895,-45.015,-44.404,-44.557,-43.794,-39.216,-33.876,-33.265,-35.096,-39.369,-40.59,-41.047,-41.658,-45.625,-45.625,-46.846,-43.794,-50.05,-52.797,-53.407,-53.865,-54.17,-54.933,-55.544,-55.086,-55.696,-55.544,-57.07,-57.985,-58.901,-58.29,-59.664,-59.816,-56.307,-53.56,-53.56,-52.187,-51.729,-48.982,-43.641,-39.979,-36.47,-28.535,-23.194,-16.785,-19.379,-22.584,-23.347,-25.025,-28.993,-27.619,-28.84,-27.009,-27.009,-25.941,-30.213,-32.655,-30.519,-27.009,-30.976,-33.876,-35.859,-28.077,-19.379,-18.159,-20.142,-16.633,-10.376,-4.5778,-3.0519,-0.61037,0.91556,1.8311,2.2889,13.581,20.295,18.616,12.207,13.276,16.175,18.311,23.804,26.399,25.483,28.23,25.178,22.584,24.873,26.246,20.753,17.09,14.039,12.513,12.36,11.292,7.1718,2.2889,-3.2044,-4.7304,-9.3081,-14.039,-18.616,-20.905,-24.873,-29.145,-32.502,-31.587,-33.876,-36.47,-36.775,-39.064,-40.742,-36.012,-27.467,-23.652,-27.161,-24.567,-22.279,-16.48,-10.529,-3.6622,0.30519,3.2044,4.7304,7.477,16.327,19.379,18.311,22.279,23.652,26.856,28.23,25.941,24.873,25.788,31.739,39.369,44.252,42.573,31.587,24.567,28.535,30.976,25.178,22.736,17.548,17.548,17.701,14.649,14.496,19.837,16.175,17.396,18.006,20.295,19.532,19.684,23.041,23.804,17.853,16.022,13.581,14.344,15.412,15.259,14.039,15.412,19.074,22.279,22.126,30.061,35.859,39.216,41.047,43.794,43.031,35.554,30.671,28.535,22.126,20.295,18.616,13.733,6.1037,4.12,0.45778,-9.9185,-15.259,-24.567,-34.333,-35.554,-45.473,-52.034,-57.375,-59.816,-58.596,-58.443,-60.274,-68.819,-72.787,-73.092,-68.514,-62.563,-65.462,-66.836,-68.209,-69.582,-71.261,-70.04,-70.04,-73.855,-78.89,-81.179,-82.247,-80.416,-80.569,-79.348,-77.822,-72.939,-71.413,-74.923,-76.754,-72.634,-66.988,-65.615,-66.836,-68.514,-69.582,-71.718,-71.566,-72.176,-77.212,-81.179,-84.536,-85.91,-86.215,-85.604,-84.078,-86.978,-92.929,-92.624,-94.455,-99.185,-105.29,-109.71,-110.78,-109.1,-105.59,-103,-101.02,-107.27,-102.08,-92.776,-88.961,-86.825,-84.841,-79.958,-75.838,-67.446,-62.258,-58.29,-55.086,-53.865,-52.492,-45.778,-39.979,-36.164,-33.418,-30.366,-32.35,-33.723,-37.69,-38.911,-39.064,-38.911,-37.385,-37.996,-30.519,-25.025,-25.636,-21.821,-21.973,-22.126,-25.025,-25.636,-27.009,-26.856,-27.619,-24.11,-24.11,-23.347,-19.379,-16.022,-16.48,-12.665,-11.597,-7.477,-6.8667,-6.8667,-0.91556,2.5941,10.376,16.175,16.938,20.905,26.399,33.113,37.538,36.775,34.639,33.723,35.249,35.859,34.639,33.418,31.281,31.434,30.671,28.84,25.941,25.941,22.736,20.295,20.6,22.126,22.279,22.126,22.431,22.584,17.548,16.327,16.175,16.48,18.159,17.701,15.564,23.194,28.535,26.399,25.178,30.213,34.791,40.742,40.284,43.184,49.44,46.999,42.879,44.099,41.81,38.911,32.35,28.84,24.262,21.21,14.954,10.681,7.3244,9.003,7.6296,5.1881,-1.3733,-8.24,-10.681,-12.513,-20.905,-25.941,-28.993,-30.213,-34.181,-36.164,-36.622,-32.502,-36.47,-35.401,-28.687,-25.178,-25.33,-22.736,-17.09,-9.1556,-3.8148,0.30519,3.5096,11.292,17.853,24.11,27.924,27.619,26.551,31.587,35.859,36.317,32.655,30.213,27.314,28.687,27.772,18.921,11.292,13.276,7.7822,-1.5259,-10.071,-16.022,-24.415,-27.772,-33.876,-36.927,-42.421,-52.339,-57.07,-52.339,-51.271,-48.524,-46.236,-42.268,-39.674,-36.47,-37.538,-34.791,-31.892,-26.704,-22.126,-22.126,-24.415,-19.837,-17.701,-14.801,-13.886,-12.36,-13.428,-14.649,-14.039,-13.886,-19.227,-22.431,-28.535,-32.807,-40.742,-48.067,-48.372,-50.356,-61.647,-67.751,-71.871,-77.975,-84.231,-91.861,-93.997,-94.76,-104.83,-109.56,-112.77,-113.38,-114.6,-119.48,-122.99,-122.53,-119.02,-116.43,-115.97,-113.53,-107.73,-93.844,-81.027,-73.092,-70.04,-62.716,-55.086,-46.236,-41.658,-35.554,-25.025,-13.886,-6.4089,5.4933,13.733,19.074,25.33,32.044,34.181,35.401,37.69,41.047,41.047,42.421,46.541,48.524,50.356,53.407,56.154,56.154,53.407,53.255,52.339,51.271,52.339,51.118,50.05,48.067,47.456,46.388,42.116,37.538,30.671,27.161,27.772,25.025,22.584,23.499,25.636,29.145,28.993,27.161,27.161,27.314,29.603,33.265,33.418,33.418,31.281,31.281,29.45,28.535,30.213,34.944,39.369,38.911,43.489,51.271,54.323,54.17,54.933,57.68,57.833,59.206,58.29,58.138,57.985,56.764,57.222,58.138,58.748,62.716,66.225,67.598,64.241,64.089,65.615,65.462,64.089,62.563,59.969,57.833,53.713,47.914,48.524,48.372,43.489,38.148,30.671,25.483,21.058,15.412,5.4933,-3.357,-6.8667,-7.9348,-9.1556,-11.597,-14.954,-17.243,-12.665,-5.0356,-1.2207,0.45778,3.2044,6.4089,7.7822,10.987,15.107,14.954,19.379,23.499,23.041,28.382,35.249,40.132,42.116,43.336,45.778,47.456,49.593,49.898,47.761,46.083,40.742,35.859,33.265,35.707,32.197,30.366,24.567,21.516,18.464,14.649,10.987,9.9185,11.597,8.24,3.0519,-1.8311,-7.3244,-13.428,-18.921,-20.295,-26.704,-33.418,-40.895,-42.726,-42.879,-43.031,-48.219,-53.865,-54.018,-54.17,-56.917,-53.407,-50.203,-44.252,-42.116,-38.453,-37.843,-36.927,-32.197,-23.957,-17.853,-12.665,-9.6133,-3.2044,1.5259,3.357,10.376,20.447,22.431,21.668,22.431,25.178,27.619,25.483,21.21,17.853,15.564,18.311,13.733,6.7141,3.6622,1.8311,-6.8667,-11.139,-12.055,-16.633,-20.6,-24.11,-26.551,-27.161,-29.45,-28.535,-26.551,-23.804,-22.431,-16.327,-9.9185,-4.5778,1.6785,10.529,14.191,20.753,29.908,37.69,43.489,51.576,62.105,65.462,65.31,67.446,69.277,76.754,83.01,82.4,81.79,80.416,81.332,82.095,81.027,82.095,83.926,86.367,86.825,87.588,85.452,81.79,78.28,78.585,82.858,86.062,86.52,85.147,85.757,87.436,89.114,92.166,89.724,90.945,91.25,93.997,96.438,95.676,95.218,102.08,104.98,103.61,103.76,102.85,100.86,102.69,103,104.68,106.2,108.34,108.8,108.65,106.2,103.76,102.69,103.46,104.07,103.92,99.185,96.133,92.776,95.523,96.744,97.354,96.286,96.438,92.776,89.114,87.283,84.536,81.484,79.196,75.686,74.77,71.871,68.056,61.953,58.901,58.596,59.358,56.001,48.982,45.625,47.151,44.71,40.59,35.859,33.723,32.044,31.587,27.772,23.499,17.701,11.902,9.1556,6.7141,2.4415,-2.5941,-7.0193,-7.1718,-11.597,-14.649,-14.344,-15.259,-16.633,-16.633,-17.701,-18.616,-22.889,-25.636,-26.856,-25.025,-23.957,-21.058,-21.21,-19.532,-18.159,-15.717,-10.681,-7.3244,-8.6978,-8.0874,-6.8667,-4.2726,-2.1363,2.4415,5.1881,5.4933,4.5778,9.003,13.123,16.175,17.853,18.921,19.684,21.21,20.447,19.837,17.853,14.344,9.9185,10.834,11.444,8.6978,3.357,0.91556,-1.2207,-4.883,-6.1037,-6.5615,-9.4607,-8.6978,-9.1556,-9.3081,-12.36,-12.055,-12.513,-11.597,-12.055,-12.055,-12.818,-13.428,-13.428,-13.123,-12.36,-7.7822,-3.357,-0.15259,3.6622,10.224,12.207,16.175,17.701,19.837,23.347,23.804,26.093,31.434,33.876,37.385,38.148,37.843,37.233,38.301,40.895,43.489,43.947,44.099,42.421,42.573,43.184,44.71,45.167,51.118,53.407,56.612,58.29,63.173,66.225,66.836,63.326,63.173,65.462,66.836,67.293,69.735,70.04,71.718,73.397,75.228,74.465,72.481,68.972,69.124,69.582,71.718,71.566,69.735,63.784,57.985,52.797,49.135,42.116,33.876,24.873,21.363,13.886,1.6785,-10.071,-16.48,-19.684,-25.33,-31.434,-34.333,-39.216,-41.2,-45.167,-47.761,-52.034,-53.255,-55.238,-55.086,-54.323,-54.17,-56.917,-58.29,-59.053,-59.816,-61.19,-63.021,-63.021,-59.358,-58.443,-56.917,-59.206,-61.037,-59.816,-59.053,-59.664,-59.664,-63.784,-67.598,-69.887,-66.988,-69.277,-69.124,-70.345,-70.193,-71.108,-72.787,-72.481,-70.956,-72.329,-73.855,-76.449,-74.77,-75.381,-74.465,-74.923,-75.076,-74.923,-75.076,-76.907,-80.416,-83.163,-81.942,-82.4,-82.4,-89.114,-93.997,-97.659,-94.455,-94.76,-96.591,-100.25,-104.53,-108.65,-108.34,-110.63,-116.12,-121.92,-123.6,-122.84,-126.96,-132.91,-137.18,-137.49,-145.12,-151.83,-153.66,-157.63,-157.63,-159.92,-160.07,-160.83,-159,-158.24,-158.39,-158.24,-156.56,-156.1,-155.19,-153.66,-151.07,-152.29,-149.54,-144.35,-141.91,-140.39,-134.13,-127.87,-122.38,-120.55,-120.4,-117.95,-114.14,-113.53,-112.46,-112.31,-109.87,-113.38,-117.04,-119.02,-118.41,-118.41,-115.97,-113.68,-117.34,-124.36,-123.29,-121.62,-121.46,-123.75,-124.97,-126.35,-123.29,-119.02,-114.14,-111.09,-110.93,-111.7,-107.12,-103.61,-101.02,-104.98,-103,-100.86,-100.56,-102.85,-101.17,-101.02,-98.88,-98.727,-99.033,-97.354,-95.218,-93.844,-93.387,-91.25,-84.536,-86.52,-88.351,-95.676,-98.575,-97.812,-93.997,-96.896,-94.76,-94.302,-95.676,-95.981,-96.286,-99.033,-101.47,-107.43,-110.93,-115.05,-115.36,-117.95,-119.94,-117.34,-117.65,-117.65,-114.75,-106.81,-99.796,-98.727,-96.744,-95.981,-92.929,-92.624,-87.741,-84.078,-80.721,-74.923,-69.887,-65.157,-56.001,-48.524,-41.658,-41.047,-39.369,-37.69,-32.655,-30.061,-25.636,-23.041,-21.058,-19.227,-17.243,-14.191,-12.055,-9.4607,-7.477,-8.3926,-7.477,-11.139,-14.954,-14.649,-12.055,-14.649,-13.428,-10.834,-7.3244,-6.8667,-4.7304,-0.45778,3.8148,7.1718,11.75,15.564,18.616,22.126,27.619,29.756,30.213,31.587,36.47,40.895,42.268,41.81,45.93,49.745,54.781,54.476,54.018,53.407,53.713,54.323,57.07,60.427,63.784,65.157,66.988,68.514,73.397,74.77,75.076,72.634,69.582,66.378,64.547,66.836,70.345,69.887,69.887,70.65,73.55,72.329,72.634,74.618,78.28,79.501,82.4,87.13,91.556,95.065,102.85,105.75,108.04,109.87,115.21,119.79,124.52,129.25,131.38,130.31,133.06,139.01,144.66,145.42,147.25,154.12,157.48,158.7,167.24,170.75,169.84,169.68,170.6,172.89,172.58,169.84,173.65,176.4,171.21,165.56,169.68,174.57,174.72,175.33,179.6,180.97,180.36,177.77,177.77,179.91,179.3,176.7,176.4,175.18,172.58,167.85,165.41,162.51,164.19,162.97,157.32,151.52,148.32,148.01,147.25,144.51,142.06,139.32,139.32,136.72,135.65,132.91,131.23,130.16,130.62,128.33,126.65,121.31,114.9,113.53,113.07,108.65,106.05,101.32,103,102.69,96.591,90.64,87.13,82.247,78.433,73.55,69.887,66.378,65.462,63.021,61.037,58.596,58.901,57.527,57.222,57.222,55.086,53.713,53.407,56.154,58.29,56.459,57.527,61.342,62.41,59.053,57.833,56.612,56.764,54.933,52.644,47.914,38.911,32.35,28.535,23.041,19.837,12.207,8.8504,5.7985,1.6785,-2.5941,-7.1718,-12.97,-15.87,-17.853,-25.483,-31.587,-33.57,-33.265,-34.944,-39.979,-43.489,-51.424,-53.102,-54.476,-51.576,-50.661,-51.729,-50.05,-44.099,-41.963,-41.658,-38.606,-36.775,-40.132,-41.81,-43.336,-44.557,-45.32,-46.693,-44.404,-38.453,-36.164,-34.028,-28.84,-20.142,-18.006,-14.801,-9.4607,-7.6296,-8.5452,-7.3244,-6.4089,-5.9511,-4.2726,-4.4252,-4.7304,-1.2207,2.5941,5.0356,5.7985,4.883,1.3733,1.0681,-0,-4.5778,-14.344,-22.279,-30.824,-34.944,-38.606,-42.573,-46.083,-46.388,-43.794,-42.268,-39.827,-36.47,-33.723,-30.671,-29.756,-28.23,-24.11,-21.973,-22.279,-24.72,-26.704,-32.197,-38.301,-43.794,-47.914,-50.661,-54.476,-59.053,-65.31,-70.956,-75.228,-77.364,-77.364,-79.196,-84.078,-84.536,-88.351,-93.234,-96.286,-93.997,-93.844,-92.776,-93.539,-94.15,-96.438,-99.948,-104.07,-108.04,-110.93,-114.44,-119.94,-124.06,-127.87,-131.08,-135.96,-136.88,-139.77,-144.35,-147.56,-148.93,-153.2,-156.25,-161.44,-165.41,-167.09,-169.38,-175.02,-177.92,-185.4,-196.84,-209.66,-217.29,-221.87,-225.53,-225.84,-225.38,-227.36,-229.35,-228.13,-221.11,-216.38,-211.95,-206.92,-198.22,-195.01,-193.79,-192.57,-190.59,-189.98,-192.42,-194.56,-195.47,-196.54,-199.74,-201.57,-198.68,-194.56,-187.99,-184.79,-179.45,-172.43,-163.88,-155.95,-148.63,-141,-133.21,-128.18,-123.6,-120.85,-116.89,-116.43,-114.9,-114.44,-111.85,-109.41,-105.59,-102.24,-98.575,-93.692,-88.656,-83.316,-79.806,-78.738,-74.465,-68.819,-62.258,-58.138,-53.407,-52.797,-52.339,-53.102,-51.881,-49.287,-49.593,-50.203,-52.034,-55.544,-54.933,-50.813,-42.116,-36.164,-28.23,-23.041,-16.785,-10.376,-3.2044,3.8148,12.36,17.701,19.99,18.769,19.684,18.769,24.567,32.655,44.252,54.018,65.004,70.193,75.838,79.806,80.874,77.975,73.092,67.904,63.784,55.544,47.304,35.401,28.687,24.873,22.126,16.785,10.529,3.5096,-0.91556,-3.8148,-4.2726,-3.357,1.0681,3.9674,7.9348,9.3081,11.597,9.4607,9.6133,10.987,11.75,12.513,17.853,24.567,30.366,34.639,41.658,43.794,45.473,47.609,51.576,52.034,52.492,51.729,52.187,52.339,53.102,53.56,57.527,62.105,66.836,69.735,72.634,68.209,66.378,63.784,65.157,70.04,73.244,74.618,74.465,75.686,77.67,76.601,73.55,68.361,64.547,61.19,56.764,52.644,53.56,56.001,58.138,59.206,57.68,52.797,46.999,39.979,36.012,28.687,25.178,18.769,13.276,7.477,7.3244,9.6133,11.444,11.902,14.191,12.665,12.055,12.97,14.801,13.428,13.733,13.276,15.107,17.701,22.126,24.262,24.11,23.652,24.11,21.058,19.074,17.548,17.243,16.327,16.327,13.886,14.191,14.039,14.801,11.597,9.3081,6.7141,3.6622,1.6785,1.8311,3.6622,4.2726,2.8993,3.357,1.6785,0.30519,-0.91556,-0,-1.3733,-1.2207,-0.61037,1.5259,3.8148,7.6296,9.4607,9.4607,8.8504,10.681,12.207,16.633,19.074,23.347,27.467,31.434,30.671,27.924,24.415,23.347,23.041,22.889,20.905,21.363,17.701,14.801,10.834,8.3926,3.9674,2.1363,-0.30519,0.30519,3.2044,5.7985,6.4089,7.3244,7.6296,8.6978,7.7822,8.24,8.6978,9.3081,9.7659,10.834,11.444,9.9185,8.0874,6.7141,7.7822,10.987,12.36,14.191,13.886,17.243,21.516,24.567,24.11,24.873,26.246,29.908,31.739,34.181,36.012,39.521,40.284,44.71,47.304,51.118,53.255,56.917,57.375,55.849,52.797,50.813,49.135,49.898,48.524,48.677,48.677,48.677,47.304,47.304,45.625,44.404,41.505,40.742,39.216,37.08,34.181,33.57,32.35,31.129,29.756,29.603,27.467,28.077,29.145,31.739,33.723,35.401,35.401,34.028,32.502,32.807,31.281,31.281,31.281,32.655,30.366,30.366,29.298,29.45,26.704,25.483,23.957,23.652,21.363,21.363,20.447,19.379,16.938,16.938,15.412,15.107,13.886,12.97,9.3081,8.24,7.6296,7.6296,7.477,6.8667,3.5096,0.30519,-4.5778,-6.1037,-9.7659,-11.292,-14.344,-16.938,-20.295,-19.99,-19.837,-19.532,-18.311,-16.785,-15.87,-12.513,-9.9185,-8.3926,-7.1718,-3.5096,-0.30519,4.4252,6.7141,12.665,14.954,17.09,20.753,23.041,25.178,29.603,33.418,39.521,44.71,50.05,52.034,56.612,59.816,65.157,68.209,70.345,72.024,74.465,75.838,76.907,77.059,77.517,78.433,80.111,79.501,79.196,78.433,78.127,77.364,77.212,77.975,78.28,78.585,81.027,86.062,91.861,94.455,96.438,98.575,102.08,104.37,106.66,107.58,110.17,112.61,112.31,110.32,107.27,102.69,99.033,96.133,95.981,93.844,93.539,90.793,88.504,85.604,84.841,85.452,84.231,81.942,79.653,78.89,78.89,77.517,79.501,81.637,84.078,82.705,80.721,77.975,77.364,76.449,75.076,74.77,76.296,76.144,72.787,66.378,60.427,53.102,47.609,40.59,38.453,38.453,39.369,41.963,46.999,54.323,61.495,63.173,65.92,65.615,67.446,65.615,64.547,63.021,64.852,65.462,65.615,66.225,67.446,67.751,66.988,65.004,64.089,60.427,57.527,54.018,52.187,48.83,46.999,46.083,45.93,43.947,41.658,38.301,35.859,34.944,34.791,32.502,32.96,33.113,34.944,34.791,37.233,39.369,40.895,39.979,37.996,33.418,29.603,27.314,25.941,21.821,21.516,20.753,19.684,16.175,12.665,8.6978,7.477,6.5615,6.5615,6.8667,9.7659,10.681,12.818,15.107,17.243,14.954,12.513,10.071,7.7822,6.2563,5.6459,5.1881,3.6622,-1.6785,-6.7141,-13.276,-17.548,-19.684,-19.379,-18.616,-15.412,-10.071,-3.2044,5.1881,13.276,20.447,25.788,28.687,32.35,34.181,36.164,33.876,32.35,28.535,26.704,25.178,22.736,18.006,13.581,10.529,9.9185,10.681,13.428,14.496,18.921,20.142,23.347,25.636,26.551,25.33,25.025,25.025,24.567,25.33,25.636,24.11,26.704,29.908,34.028,34.944,36.012,36.622,38.301,38.453,40.59,41.353,42.573,44.862,47.761,47.304,48.982,48.982,50.661,50.813,51.729,50.661,48.067,45.93,45.167,43.031,41.963,39.674,36.775,29.908,24.72,19.379,18.464,15.412,12.97,7.9348,2.7467,-0.30519,-1.9837,-3.6622,-3.6622,-3.8148,-2.7467,-2.5941,-0.91556,-1.0681,0.30519,1.2207,1.2207,-0,-3.8148,-7.1718,-8.5452,-9.3081,-9.4607,-11.292,-12.665,-18.464,-23.957,-28.535,-30.671,-34.639,-37.385,-40.437,-41.963,-44.252,-46.541,-50.05,-52.034,-57.375,-60.884,-65.004,-65.615,-66.988,-66.378,-66.988,-65.92,-67.751,-69.277,-71.413,-73.855,-77.67,-78.89,-79.348,-77.822,-75.533,-69.887,-65.615,-57.68,-51.576,-42.879,-36.164,-28.993,-25.636,-24.262,-23.652,-23.194,-23.804,-21.973,-20.447,-15.87,-15.412,-16.327,-19.074,-18.616,-20.295,-19.837,-20.447,-19.684,-18.921,-18.311,-19.99,-20.6,-21.821,-23.499,-26.704,-28.23,-30.366,-31.892,-34.791,-32.35,-30.671,-27.772,-25.025,-22.736,-20.6,-15.717,-9.6133,-4.12,-2.1363,-0.61037,1.0681,3.0519,1.5259,-0.30519,-1.3733,-1.8311,-2.8993,-2.4415,0.15259,5.7985,8.6978,12.513,14.191,16.938,17.09,18.464,20.142,20.6,23.194,24.262,24.567,23.957,20.6,17.09,13.428,10.376,6.5615,3.9674,-0.30519,-5.9511,-9.003,-11.902,-16.327,-19.837,-22.279,-23.804,-26.246,-28.535,-32.96,-35.401,-37.843,-39.827,-42.726,-42.726,-39.674,-38.759,-38.453,-39.521,-39.979,-40.895,-42.573,-44.099,-43.794,-40.437,-37.843,-32.655,-29.45,-26.704,-22.584,-18.769,-16.022,-15.259,-14.954,-13.733,-14.649,-14.039,-14.801,-14.344,-12.665,-10.071,-5.0356,0.76296,6.2563,10.681,15.259,18.616,19.227,20.6,20.905,21.821,20.905,22.584,23.347,24.262,26.246,29.603,30.366,31.281,30.519,27.924,22.584,19.074,14.801,14.039,13.123,11.444,10.224,8.8504,8.8504,10.529,11.902,10.376,6.7141,3.9674,2.5941,4.883,4.7304,3.9674,3.2044,5.1881,3.6622,-0.61037,-4.12,-6.1037,-5.4933,-6.2563,-6.7141,-4.5778,-3.5096,-4.12,-5.1881,-5.1881,-6.8667,-9.1556,-13.428,-14.039,-13.428,-9.4607,-4.5778,-0.15259,1.9837,3.5096,0.76296,-3.357,-6.5615,-8.0874,-11.139,-12.513,-11.902,-12.207,-13.123,-14.649,-18.616,-23.194,-31.129,-34.486,-36.164,-34.639,-33.876,-30.061,-29.45,-28.077,-28.23,-28.535,-29.756,-28.993,-28.535,-26.093,-23.347,-18.464,-18.159,-17.09,-18.464,-18.921,-22.431,-24.11,-26.551,-26.246,-25.636,-23.347,-22.889,-23.194,-23.804,-22.736,-22.431,-21.21,-24.262,-24.873,-27.009,-28.23,-31.587,-36.927,-39.369,-38.911,-39.979,-41.81,-44.862,-47.151,-50.508,-49.287,-47.914,-43.641,-41.2,-39.369,-35.859,-30.061,-24.567,-20.295,-17.548,-14.039,-12.055,-9.3081,-11.597,-11.292,-11.597,-11.597,-13.581,-13.123,-15.107,-18.464,-23.347,-27.314,-29.908,-30.824,-32.96,-32.197,-30.671,-26.093,-27.009,-29.603,-32.655,-30.976,-30.976,-31.739,-30.366,-28.993,-28.993,-31.281,-36.317,-37.233,-40.895,-44.099,-48.524,-52.492,-60.884,-68.819,-79.806,-92.166,-103.15,-107.88,-109.56,-109.56,-110.02,-110.32,-111.55,-110.48,-109.87,-109.41,-107.43,-102.24,-99.49,-96.744,-92.471,-85.452,-78.433,-69.124,-63.326,-56.001,-49.898,-45.015,-43.184,-38.301,-32.502,-26.551,-22.126,-16.022,-13.123,-11.444,-10.224,-6.1037,-4.7304,0.30519,1.8311,4.7304,6.8667,8.8504,8.5452,11.75,16.175,18.769,19.074,19.99,19.99,20.753,16.785,15.259,13.276,11.597,7.6296,4.7304,2.2889,1.0681,0.30519,0.61037,-0.45778,-1.0681,-0.91556,2.1363,4.7304,10.071,14.649,19.99,24.72,31.739,34.028,35.859,36.775,36.775,33.876,30.519,28.993,32.197,33.723,35.096,34.486,35.707,36.622,36.164,34.791,33.723,32.502,29.908,26.246,21.973,17.09,12.818,8.8504,5.9511,3.357,1.6785,-3.0519,-6.1037,-7.6296,-11.292,-17.09,-21.058,-25.33,-29.298,-30.671,-29.908,-31.739,-34.944,-37.996,-38.606,-38.453,-38.911,-40.742,-41.963,-43.489,-45.473,-46.999,-47.304,-44.71,-38.911,-34.181,-31.739,-32.35,-32.502,-30.519,-27.772,-25.636,-23.041,-17.853,-14.649,-15.564,-18.464,-22.584,-25.636,-28.077,-28.23,-28.23,-25.941,-23.957,-23.041,-25.178,-30.976,-35.096,-38.759,-43.336,-46.083,-50.966,-56.154,-63.173,-65.767,-66.988,-66.683,-67.446,-66.53,-65.157,-62.716,-60.884,-57.68,-55.544,-50.508,-48.677,-46.693,-47.151,-46.693,-46.388,-46.693,-46.846,-46.693,-47.761,-48.524,-46.846,-44.099,-44.252,-43.184,-41.353,-39.064,-37.996,-38.148,-37.385,-34.639,-31.281,-28.535,-26.246,-22.584,-18.006,-10.681,-3.8148,2.7467,8.6978,15.412,20.905,27.161,33.113,40.895,45.015,48.067,48.524,48.372,45.167,43.794,39.521,36.164,33.265,31.129,28.687,24.873,19.379,15.259,11.139,8.24,5.9511,6.1037,6.4089,7.3244,8.24,9.3081,10.987,12.818,13.428,12.97,11.292,9.6133,7.1718,7.477,8.5452,9.6133,8.24,6.2563,3.9674,-0.45778,-2.5941,-4.7304,-7.0193,-9.3081,-10.376,-11.139,-13.123,-14.649,-15.107,-14.039,-15.564,-15.564,-14.039,-12.36,-14.191,-15.412,-16.785,-18.006,-19.379,-14.496,-10.987,-6.7141,-5.4933,-2.8993,-2.4415,0.30519,0.45778,1.0681,1.0681,1.3733,0.61037,1.2207,0.76296,2.5941,2.1363,3.8148,3.9674,5.3407,6.2563,6.2563,7.1718,9.9185,10.834,9.7659,7.9348,7.7822,6.2563,6.4089,6.4089,6.5615,4.7304,4.883,5.3407,6.5615,8.0874,9.4607,11.292,13.886,15.412,17.853,17.548,18.311,18.464,22.431,24.11,25.941,26.704,28.84,31.434,33.57,33.265,34.791,36.012,40.59,45.167,51.118,54.628,58.748,61.953,69.124,75.991,81.332,82.4,80.874,77.364,74.77,71.413,68.361,63.784,60.732,56.764,56.154,55.391,57.07,60.274,64.089,67.751,72.024,76.754,81.179,85.604,89.267,93.234,97.659,101.32,105.14,106.97,110.32,113.68,117.34,118.56,120.24,121.31,123.14,123.6,125.58,124.52,125.13,121.92,120.85,117.34,115.21,113.68,111.85,108.34,105.44,102.54,99.948,97.354,98.117,98.117,96.896,91.708,88.961,85.757,84.231,81.484,79.348,76.601,74.313,71.566,68.514,64.699,61.8,56.917,54.781,53.255,53.102,52.187,53.102,51.424,49.593,48.524,47.914,46.693,44.404,39.979,38.606,37.385,40.437,40.895,40.742,40.742,42.573,43.184,41.047,35.096,32.807,30.976,30.061,26.093,23.499,18.616,14.039,6.4089,1.9837,0.61037,-0.61037,-0.15259,-0.91556,-0.61037,-1.2207,-1.3733,-2.4415,-6.4089,-9.003,-10.529,-9.9185,-9.7659,-6.8667,-3.5096,-0.30519,3.2044,6.5615,10.071,12.207,17.09,22.889,23.652,24.873,22.889,23.041,24.72,24.873,25.941,26.093,27.314,28.993,30.061,32.502,32.807,35.096,34.486,34.944,32.96,31.587,28.535,25.636,22.431,22.736,21.058,20.447,23.041,25.483,25.483,27.619,30.061,34.639,37.843,42.421,47.151,52.339,57.985,64.699,70.193,74.923,79.196,85.452,91.708,97.964,102.08,108.34,113.38,119.02,123.29,129.7,136.11,139.93,141.76,143.59,144.2,145.73,144.51,143.89,141.61,139.47,134.89,130.77,124.97,120.7,117.04,114.14,112.16,112.61,113.22,114.14,114.44,116.73,115.97,115.21,115.51,117.8,118.72,118.41,120.85,122.53,122.23,122.68,124.21,126.35,125.43,125.58,125.89,128.18,128.79,128.94,128.18,129.55,131.23,131.99,132.3,132.6,130.01,128.79,127.26,127.11,125.13,123.14,117.8,112.92,110.17,108.8,105.9,100.56,94.15,88.961,81.79,75.076,67.446,62.41,56.764,53.407,51.118,46.999,41.658,38.148,36.775,36.622,35.554,34.333,31.587,31.587,30.824,30.824,28.84,27.314,26.551,24.567,22.126,20.447,19.837,22.736,22.126,21.668,21.058,20.753,20.905,22.431,23.347,24.72,25.636,27.009,28.382,28.077,28.84,31.129,31.129,29.145,25.178,24.11,22.584,18.921,13.581,7.0193,1.6785,0.15259,1.5259,3.8148,4.2726,6.8667,6.4089,4.5778,3.6622,4.12,0.15259,-0.15259,0.15259,-0.30519,0.30519,0.61037,-3.357,-8.3926,-13.276,-16.633,-20.753,-20.295,-21.668,-20.447,-18.616,-18.616,-20.753,-23.804,-27.009,-29.908,-33.876,-33.723,-36.012,-36.012,-36.47,-35.249,-37.69,-39.064,-40.742,-40.59,-40.59,-40.895,-39.216,-36.622,-38.148,-38.606,-41.505,-43.794,-48.219,-51.424,-56.154,-59.664,-60.884,-58.901,-58.443,-60.121,-66.683,-73.397,-78.433,-79.043,-79.348,-79.196,-81.79,-80.721,-79.958,-78.89,-77.822,-76.296,-76.754,-74.465,-73.55,-71.566,-69.582,-64.699,-63.784,-63.326,-63.478,-61.953,-61.647,-59.511,-58.596,-58.443,-58.443,-58.138,-60.121,-59.664,-61.037,-59.358,-60.274,-60.427,-62.41,-61.495,-59.664,-56.154,-52.95,-51.118,-49.287,-46.236,-46.083,-45.93,-48.219,-47.914,-46.999,-46.541,-47.609,-49.135,-50.661,-52.492,-56.001,-57.375,-58.138,-58.138,-60.274,-61.342,-62.868,-61.19,-57.527,-53.713,-51.271,-49.135,-48.677,-46.236,-44.099,-40.895,-40.895,-38.759,-37.08,-34.486,-31.739,-28.687,-29.145,-28.993,-27.161,-26.551,-25.941,-19.837,-16.48,-14.496,-13.276,-12.665,-11.902,-10.834,-11.597,-13.123,-15.87,-18.464,-21.668,-21.363,-20.753,-20.447,-21.058,-22.279,-24.567,-23.957,-26.551,-30.213,-33.723,-35.707,-37.233,-40.284,-44.862,-46.541,-47.914,-47.304,-48.677,-48.83,-48.982,-49.44,-50.356,-49.44,-47.304,-42.116,-35.554,-32.807,-31.129,-29.603,-27.314,-22.889,-23.499,-23.041,-19.227,-15.564,-13.428,-11.902,-11.139,-11.902,-11.597,-11.292,-10.681,-10.834,-9.3081,-7.477,-5.3407,-2.4415,-3.2044,-4.883,-4.4252,-2.8993,-0.91556,-0.61037,-1.2207,-3.2044,-5.0356,-6.7141,-9.1556,-10.071,-13.428,-15.259,-16.938,-16.48,-12.36,-9.6133,-9.3081,-10.224,-10.529,-11.139,-11.597,-11.75,-14.191,-17.09,-20.905,-23.499,-24.72,-23.957,-25.178,-26.246,-25.483,-24.11,-22.584,-22.889,-23.041,-21.058,-19.532,-16.175,-12.818,-7.9348,-7.0193,-5.1881,-3.9674,-1.5259,-0.45778,0.61037,2.1363,4.7304,3.8148,2.8993,1.2207,0.30519,-3.6622,-4.2726,-5.9511,-7.6296,-10.224,-10.987,-10.071,-9.6133,-9.7659,-8.24,-8.5452,-7.7822,-7.6296,-5.1881,-3.5096,-0.15259,0.61037,1.6785,2.5941,3.5096,3.9674,3.8148,1.3733,-2.2889,-5.3407,-6.4089,-11.139,-15.412,-21.363,-22.584,-25.025,-26.246,-29.603,-30.671,-30.976,-30.671,-31.587,-32.655,-34.791,-30.824,-27.467,-22.584,-19.379,-14.039,-12.818,-12.36,-12.36,-11.444,-13.123,-14.649,-15.412,-13.886,-16.175,-16.938,-20.295,-22.279,-24.415,-26.093,-27.924,-28.84,-30.061,-30.824,-31.281,-32.044,-32.96,-31.587,-33.723,-35.859,-39.064,-42.573,-47.456,-52.644,-56.459,-60.884,-62.716,-64.089,-68.819,-71.718,-75.686,-76.144,-79.348,-81.484,-83.926,-83.163,-84.231,-83.621,-84.536,-84.078,-83.773,-81.637,-80.264,-76.449,-75.991,-75.076,-75.838,-75.838,-75.533,-72.634,-71.566,-67.904,-64.547,-61.8,-60.427,-57.68,-56.001,-52.95,-49.898,-45.015,-41.047,-38.911,-38.911,-38.148,-39.216,-40.742,-41.658,-42.573,-42.421,-43.336,-45.473,-49.135,-52.339,-54.476,-56.764,-59.206,-60.274,-61.342,-62.41,-64.241,-65.31,-64.089,-62.716,-62.105,-61.19,-58.138,-57.07,-55.238,-54.323,-51.576,-49.287,-46.693,-44.404,-43.031,-42.116,-41.2,-38.606,-35.249,-33.113,-30.061,-28.535,-23.804,-18.464,-11.444,-6.5615,0.30519,7.477,13.428,17.396,21.821,25.025,30.366,32.96,37.385,40.742,46.541,48.83,50.508,53.255,56.764,61.037,67.598,72.329,76.907,81.637,86.673,89.572,93.692,95.828,97.507,98.27,99.033,97.812,97.354,97.507,97.049,95.676,96.133,95.37,97.507,99.643,103.15,106.2,109.87,113.99,118.26,122.38,126.65,131.69,134.59,136.72,142.22,146.49,152.44,157.17,162.51,168.46,173.65,176.7,178.08,179.14,181.89,183.42,186.16,187.69,189.83,189.98,191.05,191.81,193.49,194.1,194.25,193.33,192.72,191.66,192.11,190.13,188.45,184.48,179.91,174.11,171.82,169.07,167.09,165.56,162.66,160.22,161.6,160.83,161.29,161.29,164.8,167.39,168.46,168.31,167.85,166.78,165.72,166.02,165.26,164.8,165.72,163.73,162.66,160.07,159.31,156.87,154.58,153.05,151.68,151.37,151.22,149.85,149.54,148.17,147.1,144.96,142.22,138.1,136.88,134.43,131.23,128.48,124.36,119.48,115.36,112.46,108.65,103.15,98.727,92.624,90.03,87.893,86.215,84.231,83.468,83.163,81.79,81.179,80.111,78.585,76.601,72.176,68.209,63.631,60.121,54.933,50.661,46.388,42.879,37.996,32.655,28.993,27.314,25.483,22.889,18.769,18.159,16.48,13.276,10.987,10.376,9.7659,8.8504,5.9511,2.7467,-1.5259,-5.3407,-7.6296,-6.4089,-7.0193,-7.9348,-6.8667,-6.2563,-11.139,-15.412,-19.837,-27.009,-33.723,-39.064,-43.794,-48.83,-52.95,-54.476,-61.647,-64.241,-67.446,-66.683,-66.836,-67.141,-69.43,-72.329,-76.144,-83.468,-91.403,-95.37,-100.25,-103,-108.04,-108.04,-107.73,-104.98,-104.98,-107.12,-111.24,-114.44,-116.73,-117.95,-117.19,-114.6,-114.6,-112.46,-110.17,-104.83,-101.63,-100.56,-100.71,-101.32,-100.86,-100.25,-100.25,-99.796,-99.796,-98.575,-100.41,-102.54,-106.51,-108.34,-110.02,-110.48,-110.78,-112.31,-113.99,-116.58,-118.87,-118.26,-114.9,-110.78,-109.26,-106.66,-105.75,-105.75,-108.04,-108.65,-109.41,-110.32,-109.87,-107.12,-103.31,-100.86,-99.948,-99.338,-100.1,-102.39,-103.92,-100.56,-97.812,-95.523,-92.776,-90.03,-88.351,-87.283,-88.046,-89.267,-91.098,-93.081,-97.201,-102.54,-108.95,-113.07,-115.36,-116.28,-117.19,-118.11,-120.55,-123.14,-126.8,-127.87,-128.18,-125.89,-125.13,-121.92,-120.7,-120.09,-119.63,-118.56,-117.19,-115.67,-114.9,-114.9,-113.53,-110.78,-109.71,-111.39,-115.67,-118.26,-118.87,-116.89,-115.21,-115.36,-112.77,-110.32,-107.73,-107.12,-107.12,-106.81,-109.26,-110.17,-110.02,-108.8,-106.66,-104.07,-101.47,-98.88,-96.133,-93.844,-91.708,-89.114,-86.673,-84.231,-82.705,-79.043,-77.212,-74.77,-73.244,-71.261,-68.819,-67.751,-67.446,-67.293,-68.667,-68.972,-72.787,-76.449,-81.637,-86.062,-88.961,-89.572,-91.556,-93.387,-94.302,-95.37,-96.744,-98.27,-101.47,-102.54,-102.24,-100.86,-101.47,-99.796,-98.88,-95.37,-92.166,-90.335,-91.403,-89.877,-87.436,-83.926,-82.705,-77.364,-74.313,-69.43,-67.751,-66.53,-65.462,-61.8,-58.901,-56.001,-53.102,-51.881,-52.644,-52.339,-53.102,-51.881,-51.271,-49.593,-50.05,-52.187,-56.612,-59.664,-63.631,-66.988,-72.176,-77.059,-84.384,-89.877,-97.201,-100.56,-106.05,-109.1,-112.31,-112.31,-110.63,-107.73,-105.44,-101.02,-95.065,-89.419,-85.91,-79.958,-75.228,-71.108,-70.956,-64.394,-57.222,-54.323,-51.271,-46.846,-44.557,-42.879,-40.895,-37.08,-35.096,-30.671,-27.467,-22.736,-17.548,-8.8504,-0.91556,6.2563,10.681,13.123,15.259,18.769,20.295,20.6,19.684,22.279,21.821,23.499,23.194,25.483,25.941,26.093,24.11,23.194,23.652,22.431,19.379,19.227,18.616,20.6,20.905,20.142,16.785,14.344,10.224,9.9185,7.6296,3.357,0.61037,0.76296,-1.9837,-3.357,-5.6459,-4.7304,-4.5778,-0.45778,-0.15259,-0.61037,-3.5096,-3.6622,-3.2044,0.76296,5.1881,9.3081,11.139,13.581,14.649,18.464,20.295,23.194,27.772,32.35,34.028,36.47,38.148,40.132,42.421,43.947,44.252,43.641,40.742,37.08,31.434,28.382,25.941,23.804,20.6,18.616,16.633,14.191,11.902,9.1556,9.1556,8.24,5.4933,4.2726,1.9837,-0,-5.9511,-9.7659,-16.175,-19.379,-21.821,-18.769,-15.87,-16.48,-19.532,-18.921,-17.396,-17.396,-18.159,-15.107,-10.681,-8.24,-7.7822,-5.4933,-3.6622,-1.3733,0.76296,2.8993,7.0193,10.834,14.039,18.159,18.159,19.379,20.295,20.295,19.074,19.227,19.99,20.753,22.889,25.33,24.873,25.33,23.194,22.584,19.074,17.853,15.87,13.733,10.529,7.7822,5.9511,5.6459,4.7304,4.5778,1.2207,-1.6785,-6.4089,-10.071,-14.954,-17.701,-19.379,-19.532,-18.159,-16.175,-17.09,-18.769,-18.159,-16.022,-17.396,-17.243,-16.327,-15.564,-12.97,-9.1556,-7.0193,-6.5615,-7.6296,-8.5452,-7.477,-3.2044,5.1881,16.48,22.126,26.399,27.009,27.924,27.467,27.314,28.077,30.061,31.587,31.281,31.587,32.807,34.639,39.674,43.184,45.473,45.32,46.083,47.456,48.372,49.593,51.118,50.966,49.287,45.32,45.625,50.356,54.018,54.17,62.258,67.904,69.582,65.004,61.342,60.121,58.443,55.391,53.407,53.407,55.086,52.644,51.881,49.287,48.982,51.118,50.203,46.693,44.862,41.2,38.453,36.164,34.333,33.113,37.233,38.301,39.064,41.505,45.015,46.388,47.914,50.661,51.576,46.693,44.862,45.93,46.999,44.404,44.252,42.573,42.268,45.625,47.304,44.099,43.794,45.167,46.236,48.219,49.593,45.015,37.843,34.791,35.096,31.892,31.587,30.671,29.908,26.856,22.279,19.379,19.684,18.159,17.243,16.175,15.717,14.039,10.376,4.12,-3.357,-9.003,-12.36,-18.464,-23.194,-26.856,-30.061,-33.113,-34.333,-32.96,-29.756,-28.23,-23.194,-19.379,-18.006,-14.496,-9.1556,-5.1881,-3.9674,-7.1718,-8.8504,-7.9348,-5.0356,-3.0519,-1.2207,-2.8993,-6.1037,-6.5615,-8.6978,-12.513,-16.022,-18.006,-20.295,-22.431,-23.499,-23.957,-21.058,-22.584,-23.347,-23.804,-24.873,-26.399,-28.687,-31.434,-36.622,-40.742,-45.625,-50.508,-53.102,-58.443,-65.615,-68.972,-68.361,-73.092,-81.179,-86.52,-93.997,-96.591,-92.929,-90.487,-88.351,-86.215,-83.926,-83.621,-81.332,-79.958,-79.806,-77.212,-73.55,-69.582,-66.378,-60.884,-54.323,-50.813,-46.541,-41.963,-39.064,-33.57,-28.535,-29.603,-30.366,-28.84,-27.009,-25.025,-24.415,-24.262,-19.99,-17.548,-15.107,-14.496,-12.207,-12.207,-14.496,-15.412,-15.87,-16.633,-14.954,-16.633,-20.753,-25.941,-30.366,-35.554,-38.606,-42.726,-45.167,-45.167,-45.93,-47.304,-48.677,-50.203,-49.287,-47.609,-44.862,-42.879,-39.216,-40.437,-40.437,-41.505,-39.216,-36.775,-32.197,-27.772,-22.584,-16.327,-12.055,-11.75,-9.7659,-9.3081,-6.7141,-5.9511,-6.2563,-7.7822,-6.8667,-5.3407,-4.5778,-5.9511,-5.7985,-4.883,-4.5778,-5.7985,-6.5615,-7.7822,-5.4933,-3.2044,0.30519,1.0681,3.0519,4.2726,5.1881,5.4933,5.6459,4.7304,5.0356,5.4933,5.1881,4.2726,6.2563,6.8667,6.7141,5.0356,6.5615,6.7141,4.7304,3.9674,3.6622,3.0519,0.45778,-2.7467,-2.8993,-3.357,-1.6785,-1.6785,-1.5259,-1.3733,-1.9837,-2.7467,-2.1363,-0.76296,-0.61037,-0.91556,0.61037,-0.15259,1.2207,3.0519,6.5615,6.4089,6.4089,5.4933,4.4252,7.1718,11.597,16.327,22.431,27.772,32.197,33.418,36.927,40.59,41.353,41.505,41.047,39.216,33.723,27.619,21.668,17.548,12.818,9.4607,7.3244,3.0519,-0.15259,-4.12,-6.8667,-9.3081,-10.529,-11.597,-11.902,-13.428,-17.09,-18.006,-17.09,-17.701,-17.396,-16.022,-13.123,-11.139,-6.2563,-2.4415,0.91556,5.3407,9.1556,11.75,14.039,13.886,13.276,11.902,12.665,13.123,16.48,18.921,21.21,24.415,26.856,26.551,25.33,24.415,26.399,28.84,32.35,33.876,37.08,38.606,40.59,38.148,36.927,34.486,30.366,23.804,18.921,14.801,11.902,8.8504,8.3926,6.2563,5.6459,5.6459,8.8504,12.97,16.022,18.921,22.584,26.704,28.382,30.213,29.145,26.246,26.856,26.399,27.009,25.636,22.431,18.769,18.159,15.717,15.717,15.87,16.938,15.87,16.327,16.938,16.022,12.97,9.7659,5.0356,3.357,2.8993,2.4415,1.8311,-1.6785,-4.7304,-6.7141,-7.0193,-8.3926,-11.75,-13.733,-15.87,-14.496,-14.191,-15.259,-18.006,-20.295,-19.074,-20.753,-22.736,-26.246,-28.23,-29.145,-33.265,-39.064,-45.32,-45.473,-50.203,-54.17,-57.222,-60.427,-64.699,-66.683,-69.735,-73.092,-78.28,-78.28,-78.89,-77.517,-78.585,-76.144,-75.533,-74.16,-74.923,-77.059,-79.043,-79.806,-78.89,-75.838,-73.55,-71.108,-69.43,-65.92,-65.31,-62.716,-60.579,-57.375,-52.644,-45.625,-39.827,-35.707,-31.281,-23.041,-19.532,-18.006,-16.938,-13.733,-12.665,-10.681,-10.376,-10.224,-12.36,-12.513,-11.444,-9.7659,-10.376,-10.224,-11.902,-9.9185,-12.665,-13.123,-14.954,-14.191,-15.259,-13.886,-13.733,-12.665,-13.123,-13.581,-13.886,-10.376,-9.3081,-7.9348,-6.8667,-5.1881,-4.883,-3.2044,-3.2044,-1.2207,2.4415,6.7141,9.9185,16.48,24.567,31.892,33.723,36.164,36.927,39.064,39.521,40.437,38.911,37.538,33.876,31.129,27.467,23.041,18.769,19.074,17.548,15.564,10.376,4.4252,1.0681,2.4415,0.91556,-1.6785,-4.883,-8.8504,-12.818,-16.022,-23.041,-25.483,-26.856,-28.23,-31.281,-32.35,-32.807,-34.028,-34.028,-32.35,-32.197,-30.519,-27.772,-23.194,-18.159,-10.529,-4.4252,3.5096,9.003,16.938,21.516,26.093,25.33,23.194,22.889,23.804,23.194,25.941,27.161,27.924,23.347,20.142,14.954,10.224,3.5096,2.4415,0.61037,-0.30519,-0.45778,0.30519,-2.7467,-2.5941,-0.30519,2.5941,3.9674,5.7985,5.9511,8.6978,14.954,21.21,24.72,27.924,29.45,29.756,32.807,38.301,40.59,42.879,43.794,46.083,44.404,40.437,37.08,36.622,36.927,32.807,27.161,21.058,14.954,11.597,6.8667,1.0681,-7.7822,-11.597,-16.633,-20.6,-23.499,-23.957,-23.652,-25.33,-23.041,-19.074,-21.821,-25.33,-27.467,-26.856,-28.23,-28.687,-30.061,-29.908,-25.178,-23.652,-23.957,-20.447,-18.616,-18.159,-16.48,-14.191,-13.276,-14.344,-18.006,-22.736,-28.382,-30.519,-32.35,-36.47,-38.453,-41.658,-42.726,-37.538,-38.148,-37.538,-35.707,-34.486,-32.502,-33.418,-30.976,-22.584,-17.853,-15.564,-14.039,-10.834,-6.2563,-0.15259,3.0519,7.9348,7.1718,8.24,11.292,12.818,13.733,14.801,16.022,18.006,16.633,15.87,18.311,23.957,27.009,28.535,25.178,22.431,17.243,11.292,6.5615,4.2726,-0.91556,-5.6459,-9.003,-11.444,-19.532,-24.415,-25.483,-24.72,-26.704,-27.924,-30.061,-29.298,-28.993,-29.756,-34.181,-32.96,-29.45,-26.093,-26.704,-19.99,-11.75,-8.0874,-5.9511,2.7467,6.2563,8.6978,11.902,19.99,29.908,32.655,35.859,43.184,47.609,55.696,66.836,71.108,72.329,75.838,79.196,85.147,85.604,81.79,79.348,80.416,81.942,85.91,83.468,79.806,76.144,73.55,67.446,64.241,60.274,54.018,48.524,44.557,38.301,31.434,26.551,25.33,25.33,26.856,30.366,34.181,34.486,33.57,31.129,27.314,26.246,27.467,24.262,19.684,17.09,16.785,12.513,10.224,6.2563,3.6622,2.7467,3.2044,2.7467,3.6622,3.2044,3.357,6.1037,9.3081,6.2563,3.9674,-0.61037,-4.883,-8.6978,-11.139,-13.428,-14.954,-18.616,-23.652,-25.636,-25.025,-24.873,-23.499,-25.941,-26.551,-24.72,-23.804,-25.178,-25.025,-22.126,-16.938,-13.886,-9.9185,-5.9511,-3.9674,-1.2207,4.12,7.7822,10.681,8.8504,6.2563,5.6459,8.24,12.513,15.259,16.48,16.633,16.633,18.769,21.058,25.483,29.603,32.197,32.35,30.976,27.009,22.736,19.837,16.327,13.428,11.444,9.003,7.477,3.8148,1.3733,-2.8993,-6.5615,-9.9185,-13.276,-17.853,-21.516,-24.415,-27.467,-29.756,-28.993,-28.687,-26.551,-25.788,-23.499,-23.041,-22.584,-24.262,-27.314,-27.619,-24.873,-22.584,-19.837,-16.938,-10.987,-6.2563,-0,4.2726,4.883,1.6785,-1.2207,-4.5778,-7.477,-9.6133,-10.529,-12.36,-11.902,-12.207,-12.36,-14.496,-13.886,-14.344,-13.428,-14.039,-13.276,-14.344,-16.48,-21.973,-28.84,-35.249,-38.606,-42.879,-45.778,-48.982,-50.356,-53.407,-56.612,-60.427,-62.258,-62.41,-60.579,-57.68,-55.696,-55.238,-53.865,-54.17,-52.187,-53.102,-51.576,-51.271,-50.813,-49.287,-45.625,-41.658,-36.47,-30.061,-22.126,-17.396,-11.75,-8.6978,-6.7141,-8.6978,-8.8504,-8.5452,-6.2563,-3.5096,2.5941,8.5452,14.191,16.175,17.853,17.396,19.379,18.006,15.87,10.529,7.9348,2.4415,-2.4415,-8.24,-13.123,-17.853,-21.973,-26.399,-28.687,-32.502,-35.859,-40.742,-42.116,-44.252,-44.099,-46.693,-47.914,-48.677,-47.151,-45.625,-43.184,-41.81,-39.979,-39.674,-36.317,-31.281,-21.821,-14.801,-6.7141,-0.30519,6.8667,12.513,16.327,19.532,22.279,23.499,26.093,26.551,29.145,29.298,31.739,31.434,34.181,32.197,32.655,32.96,33.265,32.044,30.366,29.298,27.924,23.804,22.431,19.837,19.227,17.853,18.159,15.717,14.496,13.581,12.207,9.003,7.6296,6.7141,8.0874,7.3244,11.444,13.581,18.464,21.516,26.246,30.061,34.791,39.369,44.252,48.83,53.56,57.222,62.41,68.514,78.127,87.283,97.049,102.69,107.58,112.46,115.97,117.04,116.89,115.51,113.53,112.61,115.67,116.89,117.19,114.14,111.39,107.73,104.83,101.78,97.812,94.913,90.793,86.978,84.231,81.484,78.89,76.601,75.228,72.787,71.871,71.108,71.108,68.819,64.852,61.8,60.274,57.833,55.391,52.339,50.813,46.083,41.353,34.639,32.502,29.145,28.687,28.077,27.772,28.535,30.824,31.587,31.434,29.298,30.976,30.061,29.45,25.483,24.567,22.584,22.889,22.584,24.11,25.636,27.467,26.246,25.33,23.499,21.363,16.48,12.818,7.1718,4.4252,-0.30519,-5.1881,-11.444,-15.259,-18.616,-19.684,-20.142,-21.058,-24.262,-27.467,-33.113,-38.148,-46.236,-50.203,-54.17,-54.628,-56.307,-56.917,-57.222,-56.612,-54.781,-51.118,-48.067,-44.71,-43.184,-36.927,-32.655,-27.161,-25.178,-23.347,-22.126,-20.142,-20.905,-21.973,-23.194,-19.379,-15.107,-10.681,-7.9348,-3.6622,-2.1363,0.91556,1.2207,3.2044,6.5615,8.5452,8.8504,9.6133,9.9185,12.818,14.649,17.701,19.684,24.415,29.298,33.265,32.96,32.807,33.876,35.249,35.707,36.317,36.317,35.554,33.57,32.807,31.587,33.113,35.096,39.064,42.726,43.794,44.71,45.625,47.304,48.524,47.151,46.388,45.473,46.388,47.304,48.677,47.456,45.93,46.846,47.304,48.219,48.524,48.982,48.83,44.252,37.996,32.197,28.23,23.652,21.21,19.532,18.006,15.717,14.344,14.039,10.529,5.7985,3.6622,3.0519,4.883,5.4933,6.7141,8.3926,10.224,9.7659,10.681,9.9185,7.477,4.4252,1.6785,-0,0.76296,-2.2889,-4.5778,-7.477,-10.681,-14.801,-16.48,-16.022,-17.09,-23.347,-30.519,-37.385,-43.641,-52.644,-61.8,-71.413,-79.958,-86.062,-91.098,-97.507,-103.31,-107.88,-109.1,-110.32,-113.38,-119.63,-123.29,-126.96,-129.4,-131.84,-131.69,-131.08,-132.6,-134.43,-135.2,-135.65,-136.88,-139.62,-137.49,-134.89,-132.45,-133.06,-133.06,-128.03,-121.62,-115.21,-108.95,-104.22,-98.27,-92.929,-88.656,-85.757,-81.027,-78.127,-76.601,-77.364,-77.975,-78.585,-80.264,-83.468,-83.621,-84.536,-82.247,-81.79,-78.585,-77.059,-77.059,-76.754,-78.127,-77.822,-71.718,-66.073,-64.241,-64.547,-64.394,-64.699,-62.716,-61.342,-55.544,-49.287,-44.404,-41.505,-39.521,-37.233,-33.113,-31.281,-28.077,-25.483,-22.736,-19.684,-15.717,-12.665,-10.376,-9.003,-7.477,-5.7985,-5.7985,-6.8667,-7.477,-5.9511,-0.61037,2.4415,4.4252,8.3926,16.633,23.194,26.246,28.382,32.044,33.723,33.418,36.47,42.116,44.099,46.846,49.745,55.391,58.138,58.443,58.443,63.326,65.462,65.157,64.699,68.667,69.277,67.598,62.868,59.969,55.849,54.628,54.781,55.849,54.476,52.492,48.372,45.167,42.879,43.184,39.064,36.164,29.603,21.668,13.733,10.224,7.6296,5.7985,-0.15259,-0.15259,-0,2.1363,5.7985,7.9348,9.7659,14.649,18.921,23.499,28.077,32.044,34.028,36.775,37.843,42.268,42.116,43.031,42.573,45.32,44.557,42.421,41.963,43.489,44.557,45.93,45.778,43.947,40.59,39.369,35.707,33.723,30.976,27.619,22.889,18.921,15.87,14.344,12.665,9.9185,3.357,0.45778,-0.45778,1.6785,-0,-2.8993,-5.3407,-7.0193,-7.9348,-11.292,-9.7659,-5.1881,-2.8993,1.0681,4.883,8.0874,9.7659,12.513,17.09,24.11,27.467,28.993,33.57,38.911,42.879,45.32,49.135,54.323,55.391,54.476,51.271,51.118,51.118,50.661,49.898,48.83,45.473,43.336,43.184,41.81,36.317,36.317,37.538,41.047,40.284,36.775,34.486,34.639,33.265,30.824,29.756,31.434,26.856,24.873,22.584,22.584,21.821,23.652,24.11,22.889,21.668,20.295,19.227,16.48,15.259,14.039,11.75,14.039,16.48,20.142,21.363,20.295,19.684,23.957,25.025,25.178,26.399,27.314,26.399,26.704,25.483,27.619,27.619,26.704,26.399,30.061,32.044,33.265,34.944,35.707,35.554,37.538,37.69,40.895,40.59,42.573,41.963,40.895,41.81,42.879,42.116,46.999,48.372,50.05,52.95,56.459,56.154,57.222,59.511,63.936,65.92,66.53,67.751,71.566,75.228,78.89,80.264,82.095,84.536,88.198,89.267,94.76,97.812,96.744,99.033,103.46,104.98,105.75,105.75,106.81,103.61,102.85,100.71,97.507,93.997,90.335,83.621,80.111,76.144,68.209,59.969,55.696,49.287,46.693,43.184,37.69,32.502,32.197,31.892,35.096,38.759,39.064,39.521,41.81,41.81,42.116,41.353,43.184,43.184,45.625,46.693,48.219,44.099,39.521,39.369,39.979,40.59,42.726,44.862,50.661,53.713,58.29,64.089,64.699,61.037,59.969,63.631,63.021,61.037,63.478,66.53,66.225,64.699,64.699,63.936,64.852,63.784,60.579,57.07,54.018,50.966,47.609,44.862,43.336,38.453,34.791,28.84,22.584,14.954,10.224,5.6459,3.0519,-1.8311,-4.5778,-5.4933,-5.0356,-5.4933,-5.7985,-6.1037,-7.477,-10.529,-6.4089,-5.1881,-6.1037,-8.8504,-9.3081,-6.7141,-3.8148,-2.1363,-1.3733,-3.357,-1.5259,-3.8148,-5.1881,-6.1037,-6.4089,-12.97,-16.327,-18.921,-22.584,-28.077,-28.84,-29.603,-27.009,-25.941,-25.025,-26.093,-26.551,-24.873,-22.584,-23.957,-24.873,-27.161,-27.467,-28.687,-30.824,-32.044,-34.791,-38.148,-38.453,-37.996,-37.08,-38.911,-38.148,-39.674,-41.963,-45.015,-47.609,-50.813,-54.781,-58.748,-62.105,-65.004,-67.446,-69.735,-71.413,-73.702,-75.838,-77.822,-77.517,-79.958,-82.553,-85.452,-85.452,-86.062,-85.452,-84.384,-82.247,-79.501,-70.803,-64.852,-62.258,-62.41,-59.816,-57.375,-53.865,-51.729,-49.287,-42.421,-32.197,-23.499,-21.821,-24.11,-24.262,-26.399,-30.213,-32.35,-31.129,-31.281,-32.96,-34.333,-34.944,-34.791,-36.317,-36.927,-35.096,-32.197,-28.687,-26.399,-24.72,-26.856,-29.603,-34.791,-38.606,-39.674,-38.148,-34.944,-31.587,-31.129,-31.892,-33.723,-33.876,-35.401,-36.775,-40.437,-40.132,-40.132,-41.658,-41.81,-41.81,-42.116,-42.879,-44.557,-46.083,-48.677,-47.304,-45.473,-41.658,-36.317,-29.45,-23.499,-19.379,-18.006,-18.464,-17.853,-15.564,-10.529,-4.7304,-0,3.2044,2.7467,3.0519,1.3733,-0,-1.0681,-2.2889,-1.8311,-0.15259,0.76296,0.91556,-0.76296,-2.1363,-5.7985,-6.8667,-8.6978,-10.376,-14.191,-17.853,-21.516,-25.636,-29.603,-31.434,-32.807,-34.944,-38.148,-39.064,-40.742,-40.437,-42.421,-43.794,-43.947,-42.268,-39.216,-36.164,-32.807,-28.23,-26.093,-24.72,-25.025,-25.483,-30.519,-34.791,-39.369,-41.963,-43.489,-39.064,-32.502,-30.824,-31.587,-30.824,-32.807,-34.181,-36.927,-40.437,-46.846,-49.593,-52.492,-53.407,-57.833,-61.342,-63.021,-64.394,-65.157,-64.394,-65.004,-63.936,-63.936,-61.19,-59.053,-53.865,-50.05,-46.999,-44.099,-37.843,-30.824,-21.821,-15.717,-10.376,-3.8148,3.357,9.3081,17.243,23.347,30.519,37.08,42.421,46.083,50.203,52.492,54.17,54.628,56.917,57.68,58.443,55.849,55.696,56.001,57.68,56.307,53.56,49.898,47.456,43.489,39.064,33.57,31.434,25.483,22.279,18.616,20.905,19.99,18.769,19.532,19.99,22.431,28.077,32.35,37.69,41.2,46.236,48.677,52.95,56.001,59.358,58.748,60.274,65.462,67.751,65.92,66.988,67.141,71.261,74.465,75.686,75.533,77.212,76.601,74.313,72.176,72.024,70.65,70.498,68.361,66.378,63.326,59.816,54.323,49.593,48.677,46.693,39.979,36.164,32.35,28.535,21.058,19.074,15.87,15.107,12.207,11.75,11.139,11.292,11.444,11.75,7.7822,6.4089,5.6459,5.7985,4.7304,5.4933,5.9511,9.3081,10.376,9.9185,10.987,12.665,11.75,13.886,15.412,17.701,17.09,17.09,16.175,17.396,18.464,21.363,23.804,25.33,26.551,29.45,31.739,37.538,41.81,47.456,53.407,61.495,69.124,77.822,83.163,91.556,100.1,106.66,111.55,118.56,122.07,124.82,127.41,131.23,135.04,139.62,141.91,144.51,147.86,148.93,149.85,151.98,152.44,153.36,153.66,156.87,157.78,158.39,159,159.46,158.54,158.09,157.78,157.78,158.09,159.92,159.61,160.22,159,157.48,156.1,154.12,152.59,150.76,149.08,148.17,144.35,144.96,145.57,145.57,141.91,141.91,146.03,147.1,145.27,145.42,146.03,148.01,149.39,151.07,149.69,150.76,149.85,149.08,148.63,150,150.91,149.54,147.86,148.17,145.42,144.51,144.96,146.34,145.42,144.05,142.06,138.71,132.91,126.8,121.16,115.97,110.32,105.29,99.338,94.913,88.656,83.316,77.67,72.787,68.056,63.478,59.053,57.68,54.476,52.492,48.524,45.015,39.979,37.385,36.317,37.69,38.606,41.658,45.473,50.356,52.492,57.375,59.511,63.021,64.089,68.056,73.092,75.991,75.228,72.939,68.056,65.157,62.258,62.41,59.358,55.544,51.881,49.593,46.846,44.71,42.726,40.284,37.385,36.47,32.655,27.314,19.837,13.886,12.207,8.8504,-1.0681,-8.3926,-14.039,-18.921,-22.889,-25.178,-27.467,-29.145,-29.603,-29.603,-32.96,-33.723,-35.249,-35.554,-34.639,-34.639,-37.08,-38.911,-39.369,-37.996,-39.369,-37.69,-38.301,-38.453,-41.505,-42.116,-45.015,-47.304,-46.693,-43.184,-40.895,-40.132,-43.031,-41.353,-37.843,-34.486,-33.418,-31.739,-30.976,-29.45,-27.161,-26.551,-25.941,-26.093,-27.009,-27.924,-29.298,-30.976,-33.418,-35.096,-40.742,-43.794,-47.914,-51.424,-56.459,-56.764,-57.07,-58.29,-58.901,-57.833,-60.121,-65.92,-70.04,-70.345,-76.907,-81.79,-88.351,-93.997,-99.185,-103.15,-105.29,-103.92,-103.76,-103.15,-100.71,-94.913,-91.556,-85.91,-83.163,-82.705,-85.91,-85.91,-84.689,-81.79,-78.585,-74.465,-71.566,-65.92,-62.258,-60.274,-63.784,-66.836,-72.176,-75.991,-81.332,-87.13,-92.013,-95.065,-98.727,-102.85,-108.49,-111.24,-114.29,-113.68,-113.07,-110.48,-110.63,-111.85,-115.97,-121.16,-128.33,-134.28,-137.49,-141.76,-149.39,-152.75,-156.71,-158.09,-159.31,-159.46,-160.99,-163.27,-164.65,-167.09,-170.29,-171.51,-171.67,-172.43,-174.57,-176.09,-178.38,-179.75,-180.97,-178.38,-174.72,-172.43,-169.68,-165.87,-158.85,-147.86,-140.23,-133.21,-128.03,-124.52,-122.84,-120.55,-116.28,-112,-108.65,-105.9,-105.75,-102.85,-101.78,-101.17,-102.69,-103.31,-102.39,-99.948,-102.08,-105.44,-110.48,-115.97,-120.85,-125.28,-128.94,-131.08,-135.81,-136.42,-132.91,-128.33,-125.89,-122.07,-117.95,-115.67,-115.67,-114.75,-115.51,-114.6,-112.61,-110.32,-109.41,-107.58,-104.68,-102.85,-101.47,-99.185,-96.438,-93.081,-88.351,-83.316,-80.721,-76.449,-72.481,-67.598,-63.784,-63.021,-62.563,-63.784,-63.936,-63.021,-62.563,-61.495,-62.868,-65.462,-68.514,-67.141,-68.361,-74.618,-81.179,-86.062,-89.267,-92.776,-95.981,-98.27,-98.727,-95.676,-93.692,-92.929,-93.234,-93.539,-93.081,-91.861,-88.961,-85.604,-81.332,-76.144,-72.176,-65.462,-57.985,-52.339,-49.287,-45.625,-40.895,-35.096,-33.723,-33.418,-34.791,-33.57,-33.265,-30.366,-28.84,-23.194,-18.159,-13.276,-9.003,-5.0356,-1.8311,0.76296,0.30519,0.45778,-0.30519,-0.30519,-1.3733,0.15259,0.15259,2.8993,3.8148,2.4415,-1.3733,-6.8667,-13.428,-17.853,-25.636,-32.502,-40.132,-44.252,-47.609,-49.287,-53.713,-55.849,-59.511,-64.089,-68.056,-70.498,-73.092,-73.397,-75.228,-72.176,-70.498,-71.108,-73.244,-72.939,-69.124,-64.089,-62.41,-58.748,-55.696,-50.356,-48.677,-47.456,-45.625,-40.59,-37.538,-36.622,-35.401,-32.96,-32.96,-33.265,-34.028,-34.181,-35.707,-36.927,-39.979,-44.099,-48.677,-49.745,-52.797,-55.391,-61.19,-66.073,-70.65,-70.345,-70.956,-71.566,-72.481,-70.803,-67.904,-63.173,-56.917,-47.609,-38.759,-28.535,-23.804,-18.769,-12.36,-5.7985,0.61037,6.2563,12.818,21.363,28.23,36.622,42.268,48.067,51.118,53.102,55.391,59.053,62.258,66.988,69.582,72.787,74.313,75.381,72.939,70.956,69.277,68.514,67.904,68.819,69.43,68.514,67.141,66.683,63.784,61.495,57.833,56.612,56.917,59.969,61.342,62.105,61.037,59.511,57.222,54.933,53.255,52.034,52.187,53.865,52.492,51.729,49.745,47.914,48.677,50.508,52.95,56.459,57.985,60.884,61.495,65.31,67.141,70.65,73.092,76.907,81.79,88.198,93.539,96.591,97.049,97.964,96.133,95.981,94.302,93.692,90.335,87.588,83.621,77.67,72.634,69.582,65.767,61.342,54.781,51.271,48.372,48.067,47.609,46.999,43.947,38.911,32.96,28.382,25.178,22.584,17.853,17.701,18.616,21.821,22.584,22.889,21.516,20.142,19.837,24.72,31.739,35.707,34.791,35.096,32.807,31.587,31.281,31.587,30.519,27.619,23.652,17.853,11.292,5.4933,1.2207,2.2889,2.1363,3.2044,3.2044,3.8148,2.2889,-0.30519,-1.6785,-0.45778,1.9837,5.9511,7.3244,9.6133,10.529,15.259,16.938,20.295,20.142,20.753,20.6,19.99,17.853,17.09,14.801,14.954,13.123,13.886,12.818,13.276,12.36,12.055,10.224,9.4607,9.1556,9.9185,7.7822,7.477,2.4415,-1.3733,-5.7985,-9.6133,-14.191,-15.717,-16.327,-14.801,-12.207,-10.987,-9.7659,-6.7141,-4.2726,-0.76296,0.15259,1.3733,-0.76296,-1.9837,-3.0519,-0.91556,3.5096,9.1556,12.055,15.717,19.532,24.262,26.551,30.671,32.655,35.707,36.622,38.911,41.81,43.489,43.336,43.184,38.453,34.028,29.145,27.619,24.415,20.905,15.107,9.9185,4.4252,-0.45778,-7.6296,-10.834,-12.055,-10.681,-9.9185,-8.0874,-7.7822,-8.5452,-11.75,-14.039,-16.175,-16.938,-17.701,-19.837,-23.957,-24.873,-25.788,-23.194,-21.21,-17.396,-12.97,-8.24,-6.5615,-3.9674,-0.45778,2.7467,1.0681,0.61037,0.15259,1.8311,1.9837,1.3733,-0,0.61037,0.91556,1.6785,4.12,8.0874,8.8504,11.444,12.97,16.175,18.311,21.516,22.889,25.788,28.23,31.129,32.96,32.502,29.603,28.23,27.467,29.145,25.788,23.804,21.516,19.379,18.159,16.175,14.191,12.97,10.071,8.5452,5.6459,4.12,-0.15259,-4.12,-9.4607,-11.597,-13.886,-18.159,-22.126,-23.194,-25.33,-27.467,-29.45,-28.382,-28.077,-26.551,-28.84,-30.824,-32.044,-34.028,-35.859,-36.47,-37.233,-37.996,-38.911,-38.606,-40.742,-42.421,-45.32,-45.473,-45.93,-46.693,-47.456,-48.219,-49.898,-49.287,-47.914,-44.862,-47.304,-48.067,-47.151,-44.099,-43.489,-43.794,-45.015,-45.32,-45.778,-45.93,-46.999,-45.473,-44.71,-41.2,-41.658,-42.421,-43.336,-42.116,-41.963,-41.81,-41.2,-40.437,-39.369,-34.181,-30.213,-25.941,-24.11,-21.516,-17.09,-13.428,-9.7659,-7.9348,-6.2563,-5.0356,-4.12,-0.30519,4.883,11.139,13.428,17.243,19.532,19.074,18.464,19.074,19.684,22.736,24.873,28.84,31.129,33.57,35.554,37.233,37.996,39.216,39.369,39.064,38.453,39.369,39.064,42.268,42.726,45.015,47.456,48.982,48.982,48.524,49.745,52.644,54.781,55.086,53.865,54.018,50.966,47.609,43.641,41.963,40.895,40.437,39.827,39.674,37.538,34.486,30.213,28.077,22.889,18.006,11.75,5.1881,0.15259,-3.6622,-5.3407,-5.3407,-3.9674,-3.6622,-5.4933,-7.6296,-10.987,-11.444,-13.428,-13.123,-14.344,-12.207,-8.6978,-4.7304,-1.8311,-0.30519,2.4415,5.9511,7.1718,7.0193,4.2726,1.3733,-3.357,-9.7659,-17.701,-21.973,-23.499,-24.567,-26.246,-27.924,-28.23,-27.619,-28.382,-31.281,-36.012,-38.148,-41.81,-44.099,-46.999,-48.83,-51.118,-52.95,-57.222,-63.021,-66.073,-67.141,-68.056,-67.141,-67.904,-67.751,-69.277,-66.683,-67.293,-66.225,-64.394,-59.969,-55.544,-52.187,-49.44,-46.999,-44.404,-43.489,-45.015,-44.862,-46.388,-48.524,-50.508,-52.339,-53.407,-53.255,-53.407,-55.238,-58.29,-59.664,-61.495,-62.868,-65.462,-70.65,-77.059,-81.027,-84.689,-86.52,-88.198,-93.081,-99.948,-107.73,-112.92,-115.21,-118.56,-118.41,-117.8,-113.53,-110.02,-106.66,-102.85,-99.796,-96.438,-92.776,-92.624,-91.098,-89.572,-85.757,-82.095,-78.585,-74.16,-69.735,-68.972,-68.361,-70.956,-72.176,-70.956,-66.073,-60.884,-55.544,-53.255,-52.339,-53.102,-54.018,-55.238,-54.628,-52.797,-48.83,-45.167,-39.827,-32.96,-25.178,-22.431,-18.464,-15.564,-10.071,-5.6459,-1.5259,2.2889,6.2563,8.24,8.6978,9.4607,11.597,11.292,14.801,16.633,18.006,17.396,17.396,15.717,11.75,7.7822,4.883,1.0681,-2.2889,-7.477,-10.834,-14.649,-16.633,-19.837,-19.684,-18.006,-15.259,-12.513,-9.7659,-9.1556,-9.4607,-12.513,-11.597,-11.139,-7.1718,-2.1363,2.1363,2.7467,3.2044,-0.30519,-6.1037,-8.6978,-8.6978,-10.529,-8.6978,-9.003,-7.6296,-6.1037,-5.4933,-8.3926,-9.6133,-10.681,-11.139,-10.529,-9.9185,-9.6133,-8.3926,-9.4607,-10.681,-13.123,-14.191,-16.327,-17.853,-18.006,-17.243,-15.717,-14.649,-14.191,-12.818,-11.597,-12.97,-14.801,-14.496,-16.327,-17.548,-20.295,-21.973,-24.262,-27.161,-28.535,-29.298,-30.519,-31.434,-32.655,-32.044,-31.587,-30.671,-30.976,-31.434,-29.756,-25.33,-19.837,-13.733,-10.376,-8.3926,-4.7304,-0.61037,-0.45778,2.7467,3.8148,5.0356,7.0193,10.987,12.665,15.717,16.48,17.09,17.853,20.295,20.6,22.126,19.379,19.837,18.311,18.921,18.921,21.21,23.957,26.093,26.246,29.603,30.976,34.639,35.859,39.064,40.132,40.132,37.69,36.012,34.486,34.639,34.333,35.249,35.249,36.775,37.69,40.437,38.759,37.996,36.164,34.028,32.96,32.807,29.145,25.33,21.21,18.769,17.09,19.379,19.99,22.431,23.194,25.178,26.856,28.84,28.993,28.382,25.483,25.025,23.041,20.6,15.717,13.276,8.5452,5.9511,4.12,3.2044,1.9837,3.0519,4.12,5.1881,2.5941,1.3733,-1.3733,-3.357,-7.3244,-10.224,-15.412,-23.194,-29.298,-35.707,-42.116,-48.067,-50.813,-50.05,-52.034,-52.797,-53.56,-52.492,-51.881,-49.898,-46.846,-46.846,-48.677,-50.661,-52.95,-55.086,-59.206,-60.884,-62.563,-63.326,-65.157,-63.478,-61.8,-60.121,-61.037,-61.8,-62.41,-61.953,-63.021,-64.852,-67.751,-68.361,-70.498,-71.871,-74.618,-75.686,-78.585,-81.942,-85.91,-90.64,-96.744,-101.63,-106.36,-105.14,-103.76,-102.24,-103.15,-101.93,-103.31,-104.53,-106.2,-105.14,-105.29,-105.14,-106.81,-106.97,-107.58,-105.9,-104.98,-101.63,-98.117,-92.166,-85.452,-77.517,-70.498,-61.19,-52.339,-46.541,-43.947,-39.369,-36.012,-29.603,-25.025,-18.616,-13.276,-8.24,-6.1037,-5.4933,-3.8148,-4.4252,-6.2563,-6.5615,-9.3081,-11.444,-14.496,-14.649,-14.954,-13.733,-12.665,-12.513,-12.97,-14.801,-15.87,-15.87,-16.175,-14.801,-12.97,-10.681,-12.055,-9.003,-3.2044,2.8993,6.5615,11.444,18.464,24.567,27.467,30.671,30.366,30.671,28.687,28.077,26.399,24.415,20.142,19.684,21.516,25.941,27.924,26.399,22.431,21.668,17.853,14.954,10.681,9.1556,6.4089,7.477,11.292,16.175,19.532,23.194,24.262,26.856,28.382,31.281,34.028,38.453,38.911,42.421,46.083,48.067,48.83,50.05,51.271,52.339,50.966,48.982,44.099,39.674,33.876,29.756,25.025,22.584,22.584,23.652,22.126,21.21,18.464,16.327,12.818,10.224,8.5452,8.8504,7.3244,5.1881,1.8311,0.15259,-1.5259,-4.2726,-8.3926,-10.224,-11.75,-11.902,-9.9185,-8.24,-9.4607,-8.0874,-7.0193,-5.6459,-3.0519,-0.76296,0.91556,3.6622,6.4089,9.4607,11.597,15.259,17.701,21.363,25.33,29.756,35.554,42.116,48.677,53.713,56.764,60.884,65.004,71.718,76.907,82.4,84.384,87.283,89.419,91.708,93.387,95.523,97.354,97.201,97.354,100.71,103.76,107.43,109.1,111.39,113.68,113.83,113.38,115.36,116.12,119.63,123.29,127.26,130.01,135.04,137.94,144.51,151.37,157.78,163.27,168.16,173.65,179.45,184.18,190.89,195.62,203.86,211.19,216.68,221.11,225.53,228.74,232.7,236.37,238.81,239.88,242.01,242.16,240.94,238.65,238.04,237.28,236.37,233.77,229.96,224.31,219.28,215.92,214.55,210.73,207.22,200.96,193.49,186.16,179.75,173.5,168.16,162.05,157.02,146.79,138.1,127.87,119.79,110.32,101.17,94.302,89.877,86.825,84.841,83.468,82.553,79.806,79.806,79.196,80.264,82.553,86.062,90.335,94.302,97.507,100.56,101.17,102.08,102.69,105.75,106.66,106.97,106.66,105.75,105.75,104.68,101.63,101.02,98.422,95.981,91.708,88.198,83.621,81.027,79.196,76.296,69.735,65.004,57.833,50.813,41.81,36.012,29.145,22.584,18.159,14.496,9.4607,4.2726,-1.9837,-5.3407,-9.7659,-12.818,-20.142,-23.652,-25.33,-25.178,-22.889,-19.99,-18.006,-18.616,-21.21,-21.058,-19.684,-15.412,-10.681,-2.1363,5.4933,11.75,18.006,24.567,29.298,33.57,37.233,41.505,42.116,42.116,40.437,39.521,38.759,37.996,34.791,29.756,25.483,24.72,23.652,25.025,25.33,28.077,27.772,27.924,26.704,27.314,28.077,27.161,27.009,26.856,25.025,23.041,19.684,19.99,19.684,18.464,16.633,14.801,11.444,7.477,3.6622,1.3733,-3.6622,-9.003,-13.733,-14.801,-15.87,-17.09,-20.142,-22.431,-25.941,-29.603,-34.181,-38.148,-44.099,-47.609,-50.203,-51.118,-52.492,-49.745,-45.473,-41.047,-38.606,-38.606,-43.794,-49.898,-57.833,-62.716,-66.836,-68.209,-69.124,-70.803,-73.397,-74.77,-77.67,-81.79,-87.893,-92.776,-99.185,-102.54,-104.68,-104.68,-102.69,-100.86,-100.56,-100.1,-100.56,-102.24,-102.54,-100.56,-102.69,-103.92,-106.81,-107.88,-110.78,-112.31,-114.44,-116.89,-118.72,-120.4,-122.84,-121.92,-120.4,-118.72,-117.8,-115.82,-113.22,-108.95,-103,-97.812,-92.776,-89.114,-87.283,-85.147,-82.553,-80.721,-81.027,-79.196,-79.501,-77.517,-74.007,-70.345,-69.43,-67.751,-66.836,-65.767,-66.378,-68.514,-71.413,-70.803,-72.939,-74.16,-75.686,-76.601,-76.754,-74.77,-72.634,-71.108,-70.345,-70.193,-71.413,-72.024,-73.55,-73.702,-77.059,-78.28,-78.28,-77.517,-76.449,-75.991,-75.228,-74.77,-74.465,-74.77,-74.313,-72.634,-71.871,-69.43,-66.836,-63.478,-61.647,-59.511,-58.443,-56.917,-55.544,-53.407,-52.95,-50.813,-50.356,-47.151,-44.71,-42.116,-40.132,-35.096,-32.044,-30.976,-28.993,-25.025,-21.516,-19.837,-20.905,-22.126,-25.33,-25.636,-27.467,-28.382,-30.519,-31.587,-32.655,-33.723,-35.707,-36.622,-38.301,-39.521,-41.658,-41.2,-40.895,-38.606,-37.996,-37.843,-38.606,-38.911,-37.69,-37.843,-39.827,-40.742,-43.031,-44.099,-46.693,-48.982,-53.713,-56.612,-59.816,-61.037,-61.953,-61.647,-62.41,-62.868,-62.41,-63.478,-68.209,-70.956,-75.381,-77.822,-80.569,-80.874,-81.79,-85.299,-89.114,-91.556,-92.471,-93.539,-94.607,-95.37,-95.676,-92.929,-90.945,-89.419,-87.13,-83.163,-79.348,-75.533,-73.092,-70.803,-68.972,-67.141,-69.277,-69.277,-67.904,-62.105,-57.527,-53.102,-49.135,-46.846,-43.489,-40.59,-38.301,-36.012,-33.113,-29.908,-28.993,-26.246,-25.636,-23.804,-24.415,-24.262,-25.178,-26.551,-28.535,-29.145,-31.587,-34.333,-41.353,-45.32,-49.287,-49.745,-50.356,-51.271,-54.476,-57.07,-59.511,-62.563,-66.836,-68.361,-71.566,-73.092,-75.076,-77.975,-81.942,-86.062,-89.114,-90.487,-90.182,-87.13,-84.689,-79.196,-75.838,-73.55,-75.228,-75.991,-76.601,-75.991,-77.364,-77.67,-80.721,-82.247,-84.841,-84.384,-84.994,-86.673,-88.961,-91.25,-93.539,-93.997,-97.659,-99.643,-103.61,-105.59,-108.8,-112,-115.82,-119.02,-122.53,-124.52,-129.7,-132.3,-135.2,-136.11,-137.49,-138.25,-139.47,-139.32,-139.32,-138.4,-139.01,-138.55,-138.71,-137.18,-135.35,-131.84,-128.48,-122.38,-116.58,-110.78,-108.19,-104.68,-102.69,-99.643,-97.049,-94.455,-91.708,-87.588,-83.163,-76.601,-72.329,-67.141,-63.326,-61.953,-61.495,-61.037,-60.274,-59.816,-58.748,-56.612,-56.459,-56.307,-57.07,-56.612,-57.833,-59.816,-62.105,-63.784,-65.31,-65.92,-66.225,-64.547,-63.326,-61.342,-59.511,-57.07,-56.612,-54.781,-50.966,-46.541,-42.879,-39.979,-39.827,-38.606,-37.233,-33.418,-29.908,-24.11,-18.464,-13.733,-7.7822,0.91556,7.477,15.107,20.295,25.941,29.145,32.35,35.554,37.233,38.759,39.979,40.59,42.421,42.268,43.336,41.81,41.353,37.69,34.181,30.671,30.061,32.044,34.944,34.486,36.012,36.317,36.775,34.639,35.249,36.317,41.2,45.778,49.287,51.424,52.797,53.102,54.17,53.255,54.476,53.56,52.644,51.271,51.424,50.966,50.813,50.508,54.781,58.748,62.563,62.105,63.478,65.767,70.04,72.329,74.465,75.381,76.449,77.517,82.095,85.452,88.504,91.25,94.455,96.896,96.744,96.286,93.081,89.267,83.316,77.822,77.822,77.059,77.364,74.007,71.108,68.361,64.547,60.427,59.969,61.19,63.784,66.836,70.498,71.413,72.787,70.803,67.904,62.41,58.596,53.713,50.203,46.541,44.099,43.031,44.71,45.473,47.609,47.151,48.677,49.745,52.95,54.781,54.933,54.781,55.238,56.001,57.985,59.511,62.258,60.884,60.121,58.29,54.781,49.745,45.015,40.59,36.927,34.181,33.876,32.655,33.113,29.756,26.551,24.11,23.499,21.668,19.074,16.327,16.022,14.039,14.649,12.36,13.123,13.276,15.412,17.701,19.532,20.6,22.584,23.804,26.856,28.687,32.35,34.333,38.301,42.573,47.304,50.813,52.95,56.001,59.816,61.19,65.157,65.615,66.683,66.378,68.667,68.514,68.056,65.615,63.326,61.647,59.664,55.544,52.034,45.473,39.979,31.434,23.499,17.701,14.191,11.139,9.1556,7.477,5.3407,4.2726,5.6459,7.3244,11.597,14.954,18.006,20.753,23.804,26.551,29.298,32.655,38.148,41.505,46.541,50.203,56.459,62.105,67.293,70.65,73.092,76.296,79.958,83.316,88.046,90.03,92.624,93.692,94.913,93.692,93.997,94.607,95.828,97.354,98.117,95.828,94.607,91.403,91.098,89.419,87.588,85.91,83.01,80.874,79.958,77.67,75.381,69.887,65.462,59.664,56.307,52.492,51.271,51.881,53.255,54.781,56.307,55.849,56.459,54.628,55.086,53.56,54.018,54.018,55.086,55.696,57.375,59.816,64.089,66.225,70.193,72.634,76.449,77.67,79.653,82.553,84.689,85.604,88.046,90.03,93.844,97.201,101.78,103.15,104.83,108.04,110.48,110.93,112,112.16,113.22,114.29,116.89,118.11,120.4,121.31,121.62,121.46,120.85,118.56,115.36,112,111.55,109.71,110.17,109.56,110.32,110.78,111.7,112.77,115.51,118.11,120.85,122.99,126.19,128.03,129.7,129.55,130.16,132.6,135.81,140.08,143.74,147.25,151.37,153.51,155.64,156.41,157.93,157.63,157.02,155.49,153.81,151.98,150.46,148.78,146.03,142.52,139.16,135.96,135.04,133.67,133.06,131.84,129.86,125.58,122.38,120.7,118.11,115.82,114.6,110.48,106.81,103.61,101.47,96.133,91.403,86.52,83.468,79.958,78.28,77.67,78.28,76.144,74.77,72.634,73.702,76.754,79.348,79.958,80.721,81.484,82.553,81.942,81.484,82.095,85.147,87.741,90.64,92.776,92.776,93.539,95.523,98.117,99.948,99.643,99.185,97.201,95.828,93.539,93.081,92.929,91.708,90.03,89.572,90.03,92.471,91.861,92.624,91.556,92.929,94.455,97.354,97.201,97.201,97.049,97.049,96.896,97.201,94.607,90.793,87.588,86.978,85.147,83.163,78.738,76.601,75.838,73.855,69.582,66.073,61.495,58.596,54.933,51.729,46.693,41.963,37.843,33.265,26.704,20.6,15.107,13.123,7.7822,1.6785,-6.4089,-16.022,-26.704,-36.775,-48.219,-60.121,-72.481,-81.637,-90.335,-95.065,-100.56,-104.07,-107.58,-108.49,-108.04,-107.43,-108.65,-110.02,-112.16,-112.77,-114.29,-115.67,-119.17,-122.53,-126.19,-128.79,-132.3,-137.79,-146.49,-154.73,-162.97,-169.84,-178.08,-184.03,-191.81,-197.61,-202.49,-206,-209.81,-212.56,-216.83,-217.9,-220.5,-221.26,-223.55,-223.55,-224.77,-225.07,-226.6,-227.67,-229.35,-230.11,-230.57,-228.89,-229.35,-230.41,-233.01,-232.86,-235.15,-236.21,-236.37,-235.15,-233.47,-230.41,-227.52,-224.62,-224.77,-224.77,-224.62,-222.63,-221.56,-220.8,-221.11,-221.56,-224.01,-222.63,-220.8,-217.9,-216.53,-214.24,-212.87,-211.65,-211.34,-211.34,-210.88,-208.29,-206.46,-203.86,-203.41,-204.32,-207.37,-207.53,-207.98,-207.22,-208.29,-206,-205.24,-203.56,-201.57,-198.98,-195.78,-191.2,-188.3,-183.57,-182.04,-178.38,-177.62,-175.33,-171.97,-167.24,-162.21,-155.95,-148.47,-143.74,-140.54,-135.5,-131.69,-126.65,-123.45,-120.24,-118.26,-116.12,-113.83,-112.31,-111.55,-111.39,-111.39,-109.26,-108.65,-106.05,-105.75,-102.69,-100.41,-96.744,-93.844,-90.487,-87.283,-83.01,-79.806,-76.144,-73.244,-67.904,-63.936,-57.985,-53.407,-47.151,-43.031,-38.453,-33.876,-28.993,-25.483,-20.753,-17.396,-13.276,-9.3081,-3.9674,0.76296,4.12,7.0193,9.3081,10.987,12.513,12.665,15.107,15.564,17.701,17.396,18.006,19.227,20.905,21.21,22.584,21.973,20.753,19.074,20.447,19.379,16.938,12.055,7.477,2.7467,-2.2889,-8.0874,-13.123,-17.701,-20.447,-26.093,-28.993,-33.113,-34.333,-37.08,-38.606,-41.047,-45.32,-51.576,-59.511,-66.683,-72.024,-76.754,-79.348,-81.027,-82.553,-84.231,-84.231,-85.299,-86.062,-84.994,-83.468,-83.773,-83.316,-83.926,-81.942,-81.484,-78.89,-78.89,-77.822,-77.212,-77.517,-75.381,-72.024,-66.988,-62.105,-59.511,-57.527,-56.154,-55.544,-56.917,-56.612,-57.07,-57.527,-57.527,-57.833,-57.375,-55.544,-55.849,-56.612,-59.358,-59.969,-62.716,-65.004,-69.277,-71.566,-74.16,-78.127,-82.247,-85.147,-88.504,-91.25,-94.913,-94.607,-95.218,-93.387,-94.455,-94.76,-95.523,-95.676,-98.575,-99.796,-101.78,-102.69,-105.14,-105.75,-107.73,-106.2,-106.2,-103.92,-103.76,-101.63,-98.117,-94.607,-92.776,-89.267,-88.198,-86.062,-84.689,-79.958,-77.517,-74.618,-72.481,-68.514,-67.751,-65.615,-64.089,-62.716,-62.716,-60.579,-60.427,-57.985,-55.086,-49.44,-47.304,-43.336,-39.674,-35.859,-32.655,-27.009,-21.516,-17.243,-12.207,-6.2563,-0.61037,5.3407,7.0193,9.003,7.7822,5.6459,4.7304,3.6622,3.6622,5.6459,9.003,12.055,15.259,17.243,17.548,18.769,18.616,17.853,16.327,14.954,11.75,9.3081,7.6296,7.3244,5.7985,4.7304,4.2726,5.6459,8.3926,14.191,17.701,24.262,30.824,36.164,40.437,45.32,49.287,51.881,56.154,61.953,63.936,66.073,66.836,68.972,69.735,70.498,69.124,68.209,66.988,64.547,62.105,60.427,56.001,49.287,40.132,35.096,28.993,24.262,19.074,17.396,12.97,9.003,6.1037,5.4933,4.4252,5.1881,5.7985,5.9511,4.4252,6.5615,9.1556,15.259,19.074,23.347,26.399,31.892,37.996,43.641,46.846,50.966,57.68,63.631,70.956,81.637,92.166,106.05,118.26,131.23,142.37,152.13,159.46,167.09,174.57,182.04,188.6,197.3,204.32,211.49,217.29,222.63,225.53,228.28,229.04,228.13,226.75,225.84,225.84,228.28,227.21,225.07,219.73,215.46,211.95,206.15,199.44,194.25,187.84,181.13,172.58,164.49,153.51,145.57,135.65,127.41,116.73,106.05,95.981,88.046,80.874,74.77,67.446,63.326,58.138,52.492,46.693,42.879,37.385,35.096,36.164,36.775,36.47,37.385,36.164,36.317,37.538,39.369,38.453,38.759,38.911,38.911,36.927,34.028,29.603,25.025,20.447,16.938,11.292,5.1881,-5.9511,-16.327,-25.636,-33.876,-42.726,-50.05,-56.764,-62.41,-69.43,-74.16,-79.806,-84.536,-90.182,-94.76,-99.643,-105.14,-109.56,-112.92,-115.21,-118.11,-120.09,-119.33,-121.01,-121.31,-122.07,-122.99,-123.91,-125.28,-128.03,-131.08,-134.74,-136.88,-140.69,-141.91,-141.76,-138.55,-137.64,-136.27,-136.11,-134.59,-133.82,-133.21,-135.2,-136.57,-139.32,-140.23,-141.3,-139.77,-139.62,-137.49,-136.57,-133.67,-130.31,-127.87,-127.72,-127.57,-128.48,-127.57,-128.64,-126.19,-124.67,-122.68,-122.38,-121.01,-119.33,-116.28,-113.68,-110.63,-110.17,-108.65,-111.85,-114.44,-114.29,-110.17,-106.36,-103.15,-100.86,-98.422,-96.286,-93.692,-92.776,-90.03,-89.114,-85.604,-81.942,-75.381,-70.803,-67.904,-66.836,-65.462,-62.716,-58.443,-57.527,-56.307,-54.018,-47.609,-43.489,-39.064,-34.791,-30.519,-28.382,-24.873,-22.736,-20.6,-21.668,-21.516,-23.957,-21.668,-21.668,-21.058,-21.821,-20.753,-20.142,-19.532,-19.684,-18.006,-18.311,-19.074,-22.889,-23.957,-25.941,-25.483,-24.262,-19.837,-16.327,-11.139,-5.9511,-0.30519,3.6622,9.003,11.139,13.733,14.344,17.396,19.532,21.973,21.668,21.821,22.126,22.126,21.363,19.837,16.633,16.785,14.954,16.938,16.022,15.87,14.344,14.954,15.717,15.87,16.938,19.837,21.363,24.72,28.84,36.927,41.658,49.135,52.797,58.901,60.884,61.8,62.258,62.41,62.41,61.647,61.495,59.816,55.849,54.628,54.628,56.001,56.764,56.764,56.459,56.154,55.544,55.696,55.391,54.17,54.628,54.781,53.56,54.933,56.764,58.748,60.274,61.647,62.41,62.41,61.19,58.901,56.917,55.849,52.95,50.508,46.999,46.541,46.236,45.625,44.252,42.726,41.2,41.353,41.505,42.879,43.336,43.794,43.947,45.167,43.794,44.252,45.015,46.388,48.219,49.135,49.287,47.761,44.71,42.116,39.064,37.233,32.197,28.382,23.347,19.684,13.733,8.3926,3.0519,-0.76296,-2.8993,-2.8993,-4.12,-5.9511,-10.224,-11.139,-12.818,-11.292,-9.9185,-9.1556,-9.3081,-10.834,-13.123,-12.818,-11.902,-10.834,-8.5452,-3.9674,0.76296,9.003,15.564,22.736,30.519,38.759,44.099,50.203,53.102,52.797,49.287,46.388,44.557,48.982,53.865,58.29,58.443,58.901,56.307,46.083,28.077,10.529,-1.9837,-5.0356,-2.7467,2.1363,4.4252,5.1881,1.0681,-4.4252,-15.87,-26.856,-40.132,-51.424,-63.478,-68.972,-71.261,-70.193,-69.124,-69.735,-77.517,-87.283,-97.812,-102.39,-107.12,-109.41,-112.16,-113.83,-117.04,-120.09,-120.09,-114.9,-110.32,-103.76,-98.422,-91.708,-89.572,-85.299,-81.942,-77.517,-74.618,-70.956,-65.767,-58.748,-50.966,-43.031,-36.927,-26.856,-19.837,-10.987,-0.91556,12.36,25.178,37.538,50.203,63.326,75.533,89.114,102.85,116.58,126.96,138.55,147.86,156.56,162.66,167.24,171.36,174.26,176.55,179.3,178.69,177.92,175.63,173.04,168.92,166.63,166.48,166.02,165.72,164.95,160.99,157.78,153.36,148.78,142.52,137.33,129.25,120.7,111.55,104.98,94.913,81.942,70.498,59.969,48.067,40.59,30.519,21.516,9.3081,-1.9837,-12.818,-24.262,-35.249,-46.541,-59.358,-73.55,-89.572,-103.92,-121.46,-135.81,-149.54,-159.31,-169.84,-177.92,-187.84,-197.91,-207.98,-216.53,-222.79,-225.84,-227.67,-227.52,-227.97,-228.13,-230.72,-233.92,-240.33,-244.76,-248.73,-253,-258.64,-263.68,-268.72,-272.07,-276.5,-279.85,-283.21,-285.81,-287.94,-289.01,-291.6,-295.27,-299.39,-305.8,-312.36,-316.17,-322.58,-326.85,-331.28,-334.79,-339.37,-344.1,-348.67,-352.64,-356.3,-359.97,-364.39,-366.22,-370.65,-374,-378.43,-382.85,-386.82,-388.96,-391.25,-395.06,-398.72,-401.47,-405.74,-405.13,-405.13,-402.69,-402.54,-402.23,-401.32,-400.71,-401.17,-400.56,-400.56,-399.33,-397.66,-394.91,-393.08,-390.33,-388.96,-387.59,-386.36,-383.77,-381.02,-376.75,-374.31,-370.04,-365.61,-360.88,-356.15,-348.06,-338.45,-330.21,-323.04,-313.73,-305.49,-296.18,-285.65,-275.43,-265.51,-256.51,-247.66,-238.81,-231.48,-220.95,-213.02,-204.32,-196.84,-186.93,-176.4,-164.34,-154.27,-143.28,-133.21,-123.75,-116.12,-105.59,-96.438,-85.604,-76.754,-67.141,-60.274,-52.95,-44.557,-36.47,-29.603,-21.21,-14.496,-5.9511,-0.45778,4.4252,9.1556,15.564,22.279,27.772,32.655,39.674,45.473,54.476,60.884,68.667,74.007,80.111,85.452,91.556,94.913,97.354,99.643,103.61,106.36,109.71,112.77,116.12,118.72,122.68,126.04,128.48,130.92,134.74,136.27,138.86,141.45,146.34,150.3,154.73,159.31,163.43,166.48,168.46,169.38,171.97,173.96,177.62,177.47,178.99,178.99,178.23,176.55,176.09,174.26,173.8,171.82,171.21,168.46,167.39,167.55,169.99,172.89,176.4,178.08,181.13,183.42,187.99,190.74,196.08,199.9,203.41,204.32,206.31,207.22,208.75,208.75,209.66,207.83,207.68,206.31,206.46,203.1,197.76,192.11,189.67,188.3,187.08,184.48,184.48,180.52,176.7,171.97,165.87,159.15,153.51,148.01,145.57,143.59,141.91,139.32,139.93,140.23,140.08,137.33,136.11,135.81,136.88,136.72,137.79,136.72,137.49,137.18,138.4,137.18,137.33,135.81,135.65,133.52,131.69,129.86,128.03,126.8,128.48,126.5,126.04,126.04,126.8,126.8,127.41,128.03,127.87,124.21,121.31,119.63,119.48,117.34,117.8,116.73,115.82,114.29,111.7,108.95,108.34,107.73,105.9,102.54,102.24,98.727,96.744,96.438,97.812,97.507,99.49,103,107.43,110.17,114.29,116.89,119.94,119.33,121.01,122.99,126.8,129.25,132.6,135.2,135.65,136.57,139.93,142.98,145.57,144.96,146.64,145.88,143.74,138.55,132.15,124.82,118.26,110.48,105.75,102.69,100.56,94.76,90.487,84.231,77.364,64.394,52.034,42.116,34.639,27.924,19.99,11.75,5.3407,-0.91556,-5.9511,-11.75,-13.886,-15.564,-13.581,-9.9185,-2.8993,4.2726,11.597,20.295,26.399,32.807,37.385,38.606,37.843,37.996,41.2,44.099,46.999,48.372,52.95,58.901,64.394,66.073,67.751,67.904,69.582,70.04,70.04,69.277,69.124,68.972,70.345,71.566,73.244,72.787,72.481,71.261,69.582,67.598,65.31,59.816,57.222,56.612,57.68,55.544,52.492,46.693,41.658,39.674,39.216,39.064,41.047,44.557,49.898,51.729,53.56,55.238,57.68,56.307,56.612,56.612,57.07,56.001,54.476,52.95,54.476,56.001,56.612,56.917,58.901,57.527,55.544,50.966,47.151,43.641,38.759,34.639,33.418,31.281,30.519,29.908,29.756,27.619,26.093,21.21,16.48,14.649,14.954,14.954,17.701,20.753,22.736,24.11,24.873,23.957,26.551,26.246,26.856,24.567,23.499,20.6,18.464,16.785,15.564,12.97,14.496,14.801,16.175,17.09,19.227,18.921,21.21,22.584,23.652,25.025,28.077,30.366,31.434,30.061,30.061,28.687,28.993,27.467,27.314,26.093,26.399,25.636,28.535,34.486,43.794,49.898,58.901,65.462,71.566,73.244,74.313,72.481,71.261,70.04,73.092,78.738,84.384,88.046,93.081,94.76,95.981,92.166,87.893,84.078,81.027,76.907,74.313,69.735,65.157,57.07,51.118,44.71,41.047,36.47,34.333,33.265,33.113,32.807,32.807,33.876,34.639,31.129,29.298,25.178,22.279,17.243,14.954,13.581,15.412,18.006,18.921,18.616,17.548,16.785,15.564,12.665,11.139,9.1556,10.681,10.071,9.6133,7.9348,4.7304,3.0519,1.2207,1.9837,0.15259,-4.2726,-7.477,-10.834,-11.139,-12.36,-12.513,-15.259,-19.837,-26.551,-33.57,-40.59,-48.83,-56.307,-60.427,-65.462,-66.683,-67.904,-68.361,-73.092,-76.144,-81.637,-84.994,-86.062,-86.215,-87.741,-89.724,-90.487,-90.64,-92.166,-91.098,-92.776,-93.997,-95.676,-94.913,-94.302,-90.335,-87.741,-86.367,-86.062,-83.01,-81.484,-77.975,-77.67,-76.754,-76.754,-75.228,-74.16,-72.176,-71.261,-69.43,-67.293,-64.089,-60.884,-58.138,-58.443,-56.917,-54.476,-50.05,-47.914,-42.116,-36.164,-28.535,-19.837,-9.3081,0.61037,10.071,17.243,23.957,28.077,33.113,36.164,37.385,36.317,35.401,35.707,35.249,32.655,30.213,27.467,24.873,19.837,14.649,6.4089,-1.0681,-7.1718,-10.529,-14.496,-16.327,-16.633,-14.954,-12.36,-9.1556,-5.9511,-0.15259,4.5778,9.9185,14.344,20.905,25.178,29.145,33.113,37.69,43.489,49.898,55.391,58.748,60.732,62.868,65.004,69.124,72.329,76.296,78.89,81.942,84.689,85.604,85.604,85.452,86.062,85.452,81.79,79.653,75.686,73.244,71.108,70.345,67.293,63.784,57.68,52.034,46.388,41.353,36.164,32.197,29.756,29.45,29.45,33.265,34.333,38.759,43.794,47.456,50.05,54.018,59.053,66.378,75.533,85.147,91.708,96.286,96.438,97.507,96.744,94.913,92.166,93.387,97.507,103.15,108.04,111.09,111.39,111.7,109.1,105.9,103,104.37,103.61,106.2,107.12,111.7,115.05,117.5,119.33,121.01,119.79,119.02,117.8,119.94,120.09,122.84,126.04,128.33,126.8,126.8,128.94,133.21,137.03,140.84,142.67,141.76,139.62,140.54,140.39,141.91,143.74,143.74,140.23,133.52,125.28,115.97,106.36,95.981,85.299,79.043,71.261,67.293,61.953,56.612,50.508,46.693,43.794,41.658,39.064,36.927,34.028,29.908,25.025,23.957,21.516,19.99,13.886,8.5452,4.2726,0.91556,-1.2207,-4.12,-6.5615,-10.071,-13.276,-15.412,-15.259,-11.902,-9.9185,-6.4089,-1.3733,3.8148,8.6978,10.529,10.834,11.139,11.139,9.9185,5.4933,1.3733,-1.3733,0.76296,2.8993,5.9511,5.9511,5.4933,4.12,3.8148,3.0519,2.5941,3.357,3.2044,-0.15259,-3.357,-5.9511,-7.0193,-10.681,-12.055,-16.633,-18.616,-20.447,-20.447,-19.837,-19.227,-20.753,-22.431,-25.788,-28.535,-29.756,-27.467,-26.551,-21.973,-19.227,-14.039,-10.071,-4.5778,0.91556,7.6296,13.428,18.616,24.262,29.298,33.265,38.911,44.71,51.576,54.781,57.222,56.764,54.323,47.609,41.658,38.148,35.859,34.028,31.587,27.924,26.399,22.736,20.295,16.938,15.564,14.191,13.733,13.428,14.954,15.717,20.6,23.957,29.908,33.723,39.216,42.726,48.982,52.644,56.001,57.985,59.816,61.342,65.615,68.667,71.413,69.887,71.718,73.244,72.634,70.345,70.65,70.04,66.683,62.105,57.68,52.797,46.999,39.064,32.655,23.804,16.633,8.0874,0.30519,-9.003,-18.006,-25.788,-32.502,-37.69,-42.421,-48.83,-53.255,-58.138,-61.8,-65.92,-66.073,-66.073,-65.767,-67.141,-68.056,-71.261,-75.533,-79.348,-85.757,-92.929,-96.896,-101.32,-103.76,-107.43,-106.97,-106.66,-107.27,-110.17,-109.56,-107.88,-107.73,-108.04,-105.59,-104.22,-101.78,-101.32,-97.964,-97.354,-93.387,-88.809,-80.111,-73.092,-64.241,-56.001,-46.999,-38.453,-29.756,-19.532,-7.6296,1.2207,10.376,15.412,18.921,18.311,16.175,14.496,12.97,11.597,11.75,10.834,8.6978,7.9348,7.1718,4.2726,2.2889,-0.61037,-1.0681,-3.9674,-5.1881,-3.8148,-0.61037,3.0519,6.8667,9.9185,15.107,17.853,22.736,25.636,27.619,27.467,28.382,29.45,28.993,27.161,25.636,22.736,20.447,18.464,19.379,18.311,18.921,14.496,13.886,13.123,12.818,10.071,6.8667,2.5941,-1.3733,-6.5615,-12.055,-18.769,-23.194,-28.535,-31.434,-33.876,-34.639,-36.164,-37.08,-36.622,-36.012,-34.944,-33.57,-31.281,-31.434,-33.876,-34.944,-38.911,-41.505,-44.557,-44.099,-41.658,-39.979,-36.775,-30.671,-27.314,-24.72,-23.347,-20.142,-20.142,-18.464,-15.259,-9.003,-5.4933,-1.8311,0.61037,1.6785,1.3733,3.357,5.0356,5.4933,3.5096,4.4252,5.6459,10.224,11.75,14.039,14.344,14.649,14.801,15.107,14.191,14.649,14.344,15.564,12.207,10.681,7.6296,6.4089,3.9674,4.12,4.4252,7.0193,9.9185,15.259,20.295,26.856,29.756,32.96,36.164,39.979,41.353,44.252,45.778,46.236,46.236,46.693,45.015,45.473,45.015,46.693,46.541,47.456,47.456,49.44,52.644,55.544,57.07,59.511,59.816,57.375,54.476,53.255,52.492,53.255,52.644,55.238,55.544,57.07,57.68,60.121,62.716,67.446,70.803,74.618,76.449,81.942,87.588,94.15,97.201,101.63,104.68,105.59,105.9,104.53,101.02,98.422,96.133,95.065,92.776,91.25,86.978,83.163,76.449,73.244,73.55,76.449,81.179,88.656,93.844,99.338,106.05,114.6,123.14,130.77,133.98,139.32,143.28,146.95,149.69,152.29,155.34,156.41,157.02,161.44,163.27,164.65,163.27,162.66,160.37,158.09,155.19,154.88,155.8,155.19,151.37,146.79,142.06,138.71,137.49,139.77,143.28,145.88,142.98,139.16,136.72,137.03,135.35,130.92,124.82,118.56,111.7,106.51,99.185,92.013,80.874,70.65,63.173,56.917,50.508,45.778,42.726,38.301,31.281,25.788,17.396,12.207,8.24,8.3926,7.477,7.9348,8.6978,9.003,6.7141,2.1363,-8.3926,-20.905,-33.57,-41.505,-47.304,-48.83,-52.95,-55.238,-57.833,-57.68,-56.459,-53.713,-53.407,-54.323,-55.238,-54.781,-54.933,-53.713,-52.492,-50.203,-49.44,-46.236,-42.573,-39.674,-34.791,-32.502,-32.96,-33.113,-31.892,-28.687,-27.924,-25.788,-25.33,-24.873,-28.077,-31.739,-35.707,-37.843,-38.148,-34.028,-26.856,-19.532,-17.548,-14.496,-12.97,-11.597,-12.055,-10.224,-9.4607,-9.4607,-10.529,-9.003,-8.0874,-7.477,-6.7141,-5.3407,-6.8667,-8.5452,-10.529,-11.292,-13.733,-13.428,-13.886,-12.513,-11.139,-8.8504,-7.0193,-3.5096,-1.2207,3.2044,8.8504,17.396,23.957,31.129,34.181,37.233,38.148,37.538,33.265,30.519,28.993,27.924,25.636,20.295,12.513,6.2563,-1.2207,-5.3407,-9.4607,-9.6133,-9.4607,-7.1718,-3.9674,-0.30519,0.61037,2.5941,4.5778,6.2563,6.7141,8.3926,7.477,6.4089,1.9837,-2.2889,-6.2563,-9.7659,-10.987,-9.003,-9.4607,-10.987,-15.564,-19.074,-25.33,-31.129,-36.164,-41.505,-46.083,-48.219,-49.44,-48.372,-48.677,-46.999,-47.914,-49.898,-54.628,-56.612,-54.323,-49.593,-42.116,-33.876,-24.72,-16.022,-14.039,-11.597,-10.529,-11.139,-15.412,-15.259,-12.36,-8.8504,-0.61037,5.9511,8.24,8.0874,7.3244,7.1718,2.5941,-3.9674,-11.597,-17.396,-22.584,-26.246,-30.976,-34.639,-41.2,-44.71,-47.761,-47.304,-48.677,-49.593,-51.881,-52.034,-53.865,-54.476,-54.628,-52.644,-50.05,-46.693,-47.456,-45.93,-45.167,-44.099,-45.32,-45.778,-46.236,-44.557,-41.505,-38.606,-36.317,-32.96,-31.739,-28.687,-27.467,-24.262,-23.652,-21.363,-18.464,-13.886,-10.071,-7.3244,-7.0193,-5.0356,-5.0356,-3.5096,-3.9674,-3.357,-2.7467,-2.4415,-4.883,-7.3244,-10.834,-14.649,-17.701,-17.548,-17.548,-13.123,-10.376,-7.1718,-7.1718,-5.3407,-3.5096,-1.6785,1.2207,3.6622,5.4933,10.224,14.191,19.074,22.126,25.941,27.314,27.467,27.924,27.009,24.262,23.804,21.821,20.295,18.616,18.159,16.633,17.701,18.006,17.09,14.039,12.818,13.733,15.107,14.496,15.107,13.733,14.496,13.886,13.581,12.513,12.818,10.834,7.9348,7.9348,10.224,12.055,18.006,22.736,26.704,28.382,30.366,32.96,38.759,46.999,56.459,62.716,68.972,73.702,79.501,84.689,91.403,95.065,99.948,102.54,104.53,104.98,105.29,105.9,106.36,103.46,100.56,94.455,90.64,85.604,81.942,78.28,75.991,74.465,74.313,74.77,75.838,78.28,81.179,80.416,80.874,79.653,79.958,79.653,80.264,81.027,81.79,82.858,84.841,85.604,87.13,86.978,88.046,87.436,88.198,86.825,86.52,86.673,84.231,81.637,79.043,75.991,72.939,69.277,67.904,66.225,67.446,69.735,72.787,75.076,76.907,77.67,76.296,75.076,74.007,72.634,71.718,70.345,70.04,67.751,66.073,62.868,57.68,51.271,44.252,38.148,33.418,29.603,29.145,28.077,29.908,29.298,29.298,27.772,25.025,19.379,14.649,10.681,8.24,4.5778,2.5941,-0.76296,-2.5941,-8.8504,-14.496,-20.447,-24.11,-27.467,-30.213,-32.655,-35.401,-37.538,-39.674,-42.726,-44.71,-46.846,-49.593,-55.238,-57.07,-61.342,-65.157,-69.124,-71.261,-73.855,-75.533,-77.67,-80.111,-85.147,-88.504,-92.318,-93.387,-94.913,-96.133,-98.727,-100.25,-102.08,-102.85,-104.68,-107.27,-111.7,-115.51,-120.4,-124.21,-127.57,-127.87,-126.5,-124.06,-121.92,-119.02,-115.21,-113.07,-111.39,-107.73,-106.51,-104.98,-104.83,-101.93,-99.338,-95.981,-94.15,-90.64,-87.283,-83.163,-80.874,-78.89,-79.501,-78.433,-80.111,-80.416,-82.858,-82.705,-82.858,-83.316,-85.604,-87.741,-91.556,-95.37,-99.796,-101.93,-103.15,-101.17,-101.17,-98.117,-96.438,-95.065,-94.15,-93.387,-94.455,-96.744,-99.033,-99.948,-99.796,-94.913,-92.318,-89.419,-87.741,-84.689,-83.163,-80.721,-79.043,-76.601,-76.754,-75.838,-75.381,-73.55,-72.176,-69.582,-65.92,-60.732,-56.917,-55.238,-53.865,-51.576,-52.034,-50.813,-51.118,-49.287,-47.914,-46.236,-45.473,-42.573,-42.268,-43.489,-44.099,-41.2,-39.979,-38.301,-38.606,-34.486,-28.535,-23.804,-21.363,-21.363,-22.584,-22.279,-21.973,-20.447,-19.837,-18.769,-19.227,-19.532,-22.431,-25.33,-29.756,-32.502,-35.096,-36.775,-39.521,-39.674,-40.742,-39.369,-39.674,-39.827,-40.742,-38.606,-37.843,-39.216,-40.284,-39.674,-38.301,-36.622,-34.791,-31.281,-29.145,-23.194,-18.769,-11.292,-5.0356,2.1363,7.7822,16.175,24.262,32.35,41.047,53.255,62.258,70.345,75.991,82.858,84.689,85.299,85.604,87.283,90.64,92.471,91.25,90.793,89.877,92.013,92.471,92.166,89.877,86.825,84.078,85.147,88.504,92.013,91.098,90.487,88.351,90.793,95.676,101.02,105.9,110.93,114.6,114.44,110.17,104.07,99.49,99.796,99.796,101.93,105.29,110.63,115.51,120.55,123.29,124.06,123.6,122.07,119.48,117.34,110.63,102.24,94.76,91.708,89.724,88.046,84.841,82.4,82.858,83.773,84.078,87.283,88.198,88.656,87.893,88.351,87.436,85.299,81.332,77.517,75.991,77.212,77.975,80.874,82.553,85.91,86.215,87.436,86.062,85.299,84.078,81.637,77.212,71.108,64.241,57.68,51.424,48.83,45.778,45.778,45.167,45.015,42.268,39.064,33.876,30.061,30.366,32.807,33.265,34.944,35.401,35.249,32.197,30.519,30.519,32.502,31.892,32.197,33.876,37.996,42.421,48.372,51.118,54.17,53.713,54.628,53.713,51.271,48.677,44.71,39.979,36.317,33.57,29.603,22.431,15.107,5.7985,-0.15259,-5.7985,-9.6133,-14.496,-16.633,-16.48,-16.175,-15.87,-15.564,-15.564,-12.513,-7.6296,-0.15259,1.9837,4.4252,6.1037,8.8504,11.597,13.123,14.191,18.921,21.973,23.804,25.178,29.756,31.587,32.197,28.687,22.431,14.649,7.6296,-0.76296,-7.1718,-10.834,-13.428,-16.785,-18.464,-20.142,-19.227,-18.159,-16.785,-15.87,-17.701,-21.058,-23.804,-25.33,-24.873,-26.093,-29.298,-35.707,-40.742,-46.388,-50.508,-53.865,-53.56,-51.118,-49.287,-48.83,-48.372,-50.356,-50.813,-53.102,-53.865,-54.476,-56.764,-59.969,-64.241,-67.293,-68.667,-70.65,-71.718,-74.77,-77.059,-79.653,-79.043,-79.653,-80.111,-81.332,-79.806,-79.196,-77.364,-76.907,-74.16,-71.108,-66.53,-64.699,-64.852,-66.53,-68.514,-67.141,-64.089,-61.037,-58.443,-55.391,-50.966,-47.456,-44.252,-42.421,-39.216,-37.69,-36.47,-38.453,-37.843,-35.554,-30.519,-25.788,-20.142,-18.769,-16.785,-16.785,-15.717,-15.87,-14.039,-15.412,-17.548,-20.905,-23.804,-25.178,-26.856,-27.924,-25.025,-23.804,-21.058,-23.347,-26.856,-30.671,-29.45,-27.619,-24.72,-21.973,-19.227,-16.785,-12.818,-9.1556,-3.9674,-2.4415,-0,2.2889,5.4933,8.5452,12.36,14.801,14.649,12.665,10.834,9.003,8.5452,7.7822,9.1556,9.4607,9.1556,7.3244,3.5096,-1.6785,-5.9511,-7.3244,-8.24,-10.224,-10.376,-12.818,-12.818,-12.818,-13.428,-15.717,-17.701,-19.532,-21.668,-23.499,-24.873,-25.33,-24.415,-23.347,-16.633,-12.207,-7.9348,-3.2044,0.91556,3.2044,7.1718,10.987,16.022,19.074,20.6,18.311,16.938,14.801,11.444,6.2563,2.2889,-1.5259,-4.2726,-7.0193,-9.003,-13.276,-14.801,-18.464,-24.415,-31.892,-34.944,-36.775,-37.233,-37.233,-37.385,-42.421,-47.914,-54.933,-60.732,-67.293,-69.887,-72.939,-73.397,-73.855,-74.16,-77.517,-78.738,-80.111,-80.416,-81.637,-79.043,-77.059,-73.244,-71.108,-69.277,-67.141,-61.953,-53.865,-45.473,-42.116,-36.164,-32.197,-28.077,-28.535,-29.45,-29.756,-26.399,-25.025,-25.788,-27.772,-28.687,-32.502,-35.859,-39.216,-38.759,-40.284,-41.047,-41.963,-42.116,-41.963,-41.658,-41.047,-40.284,-41.81,-40.895,-45.32,-48.219,-50.356,-48.677,-47.456,-46.083,-43.336,-38.453,-35.249,-30.366,-27.619,-24.873,-24.567,-20.753,-18.921,-18.159,-18.921,-18.464,-17.853,-18.006,-21.21,-22.889,-22.889,-20.447,-18.921,-16.633,-17.701,-18.311,-18.159,-19.227,-21.363,-21.821,-23.347,-25.178,-27.314,-27.772,-30.061,-31.281,-33.113,-31.434,-32.044,-32.044,-33.265,-33.57,-34.333,-33.876,-33.265,-30.976,-31.739,-30.213,-33.113,-36.775,-39.064,-41.963,-44.71,-46.388,-47.609,-48.524,-51.576,-52.492,-53.255,-52.339,-51.881,-47.609,-40.742,-34.486,-29.756,-25.33,-21.973,-16.785,-14.801,-11.902,-8.3926,-2.7467,2.2889,8.24,15.107,22.736,30.519,37.538,41.047,46.846,52.797,58.901,60.884,63.173,63.021,62.105,59.206,56.307,55.086,53.713,49.745,46.083,42.573,41.505,40.895,40.437,39.216,37.538,34.333,31.739,31.129,33.113,34.486,36.622,36.927,37.538,36.164,34.944,34.639,34.333,32.96,32.35,30.976,32.197,33.113,33.418,31.129,30.366,28.687,28.382,29.756,30.976,30.824,28.382,24.11,19.532,13.733,8.0874,-1.9837,-7.1718,-13.123,-18.464,-23.652,-28.077,-32.807,-36.164,-39.521,-40.895,-41.353,-36.927,-32.35,-28.382,-25.788,-21.973,-20.6,-18.464,-16.938,-14.496,-11.902,-8.3926,-6.7141,-5.1881,-5.0356,-3.2044,-0.30519,5.3407,7.9348,11.597,13.428,14.496,13.123,11.444,8.3926,5.7985,0.61037,-4.12,-12.97,-19.379,-25.788,-30.213,-34.486,-35.401,-34.181,-33.418,-33.57,-32.35,-31.129,-26.856,-23.804,-18.921,-16.175,-11.292,-8.5452,-3.357,0.76296,2.2889,2.5941,6.7141,10.224,13.733,14.649,15.87,15.564,16.785,16.327,17.701,18.921,21.973,25.788,29.603,33.876,39.979,42.268,45.473,46.083,47.914,47.761,44.862,40.284,35.096,31.281,29.298,24.873,21.973,17.701,15.412,12.207,12.055,12.207,14.344,14.954,15.564,15.87,16.48,17.09,16.327,13.581,11.75,8.3926,6.1037,3.6622,3.357,1.0681,-2.4415,-5.9511,-9.003,-13.581,-16.022,-19.837,-22.279,-26.551,-29.45,-34.486,-38.911,-42.268,-45.93,-49.44,-52.797,-56.612,-58.596,-60.427,-59.664,-60.121,-58.443,-59.053,-58.443,-58.748,-57.833,-58.901,-58.748,-57.527,-55.238,-55.696,-53.865,-54.933,-52.797,-50.203,-47.304,-45.015,-41.353,-37.69,-33.723,-31.892,-28.687,-26.856,-22.889,-18.921,-11.75,-5.6459,-0.76296,2.7467,5.4933,7.3244,9.4607,10.224,13.428,16.633,21.516,23.957,27.161,29.298,31.281,33.113,36.622,40.132,45.778,50.356,56.612,60.732,65.615,66.836,67.751,68.514,69.124,69.887,70.498,70.65,71.718,72.481,72.481,69.582,68.514,68.209,69.582,67.751,65.157,63.631,63.631,61.953,61.19,59.358,59.358,58.138,57.68,57.527,57.985,57.985,57.375,56.154,52.034,45.93,40.59,35.249,32.35,29.603,29.756,28.84,29.908,28.993,29.908,30.366,32.35,33.57,35.249,37.69,41.505,43.641,46.541,47.761,49.593,51.118,53.56,54.933,55.391,54.17,51.424,48.067,46.846,42.421,39.521,34.791,30.671,23.652,17.396,13.123,10.224,6.7141,3.8148,1.2207,-0.91556,-4.12,-6.4089,-10.071,-10.681,-12.665,-12.36,-12.36,-11.444,-12.207,-12.97,-16.022,-18.464,-19.837,-19.532,-21.363,-21.363,-23.347,-23.804,-25.33,-24.415,-24.262,-24.72,-25.025,-24.567,-24.72,-24.567,-27.009,-27.619,-32.807,-34.639,-37.233,-38.453,-40.59,-41.81,-43.489,-46.846,-49.898,-53.713,-59.206,-64.241,-71.413,-76.449,-82.858,-88.504,-94.913,-99.643,-103.92,-106.81,-109.1,-109.87,-111.09,-112.77,-115.97,-116.28,-118.87,-119.79,-123.45,-125.13,-128.18,-129.55,-130.77,-131.38,-131.99,-129.55,-128.03,-123.75,-121.77,-119.33,-118.26,-115.82,-116.43,-115.82,-115.97,-115.05,-115.05,-113.07,-110.02,-107.27,-105.9,-102.85,-101.78,-98.727,-97.507,-95.065,-93.844,-92.624,-92.166,-92.318,-93.692,-94.455,-95.676,-94.607,-95.828,-95.37,-96.744,-97.354,-99.49,-99.033,-100.41,-101.17,-103.31,-104.53,-105.59,-105.29,-106.2,-105.14,-106.36,-104.83,-104.53,-103.92,-104.98,-105.29,-106.05,-107.12,-108.34,-108.04,-108.95,-106.66,-106.36,-104.53,-106.05,-107.43,-113.53,-117.19,-121.77,-128.64,-136.88,-145.27,-153.66,-161.14,-167.39,-169.23,-170.45,-170.29,-171.51,-171.06,-172.43,-176.4,-180.67,-185.09,-193.49,-204.02,-216.07,-224.46,-229.04,-229.5,-231.64,-234.69,-241.71,-247.81,-254.52,-262.92,-272.38,-281.38,-290.08,-298.93,-307.32,-313.73,-319.53,-326.7,-336.77,-344.55,-354.32,-362.41,-370.8,-379.19,-386.97,-395.06,-401.62,-406.51,-408.8,-412.46,-416.88,-420.85,-425.89,-427.72,-429.24,-430.46,-432.45,-436.26,-441.15,-447.55,-451.52,-455.03,-456.71,-456.56,-454.88,-450.45,-448.32,-444.04,-439.47,-432.91,-428.02,-425.58,-423.6,-422.07,-418.71,-414.75,-410.02,-406.66,-404.68,-400.71,-397.2,-392.93,-389.57,-385.91,-382.85,-378.12,-372.94,-368.82,-366.07,-364.7,-361.64,-357.07,-352.18,-345.32,-339.52,-332.65,-327.62,-322.28,-318.77,-315.56,-310.98,-305.49,-300.15,-295.88,-291.15,-285.35,-280.47,-275.28,-272.99,-269.78,-267.19,-264.14,-262.31,-259.71,-256.66,-253.61,-251.63,-250.4,-249.79,-248.42,-246.44,-244,-243.84,-242.93,-241.4,-240.18,-240.33,-241.1,-243.08,-246.74,-249.64,-250.71,-244.61,-231.94,-216.53,-200.35,-189.67,-185.25,-187.08,-187.84,-184.94,-169.07,-140.69,-104.83,-60.121,-16.938,12.665,28.077,44.099,69.735,89.877,106.81,127.26,152.9,156.41,133.37,121.01,128.64,145.42,175.79,215.31,233.92,234.38,243.23,248.27,273.45,328.53,387.43,430.62,459.76,454.12,415.2,391.25,402.69,429.09,453.81,478.68,496.84,482.04,441.91,402.08,375.38,360.27,363.02,370.8,359.05,327.16,295.72,271.61,252.39,242.77,248.27,250.1,233.31,189.67,142.52,101.32,68.056,53.407,62.563,83.926,108.04,125.43,115.67,60.427,-13.886,-66.378,-69.277,-22.279,66.683,155.95,215.77,248.27,257.73,232.25,186.01,151.52,139.01,136.27,141.15,139.16,124.36,97.354,64.089,30.366,1.2207,-20.6,-24.262,-9.1556,12.207,28.84,41.353,41.81,29.756,9.3081,-6.2563,-21.973,-41.963,-67.141,-86.673,-98.575,-108.8,-121.92,-137.94,-153.81,-161.9,-165.41,-167.85,-177.77,-194.25,-215.61,-234.38,-251.78,-264.9,-274.51,-283.36,-295.88,-314.65,-334.64,-353.56,-364.7,-365.46,-361.95,-357.68,-357.52,-353.56,-335.55,-301.07,-264.29,-236.52,-229.5,-247.35,-281.38,-318.31,-356.15,-389.87,-422.22,-449.39,-464.34,-463.27,-452.74,-432.29,-405.13,-379.8,-364.54,-363.78,-377.36,-399.79,-424.51,-441.15,-441.91,-423.6,-401.93,-382.85,-371.56,-357.68,-337.99,-319.22,-308.08,-310.83,-326.85,-352.18,-383.92,-412.15,-426.5,-422.99,-412.61,-400.25,-390.18,-382.7,-381.94,-390.79,-405.59,-420.7,-430.46,-437.79,-440.69,-428.79,-409.1,-387.89,-373.24,-365.76,-364.85,-368.51,-374.16,-379.19,-378.73,-375.07,-368.36,-364.54,-366.68,-371.11,-378.73,-383.01,-387.13,-388.81,-384.38,-374,-359.2,-341.35,-318.77,-298.32,-287.03,-284.43,-288.25,-296.79,-305.49,-304.73,-300.76,-293.59,-276.96,-254.68,-233.77,-216.38,-203.71,-193.49,-186.32,-181.28,-178.08,-177.16,-176.85,-176.7,-177.77,-175.94,-169.38,-160.83,-151.22,-139.62,-128.18,-115.97,-108.04,-100.41,-94.455,-89.724,-87.283,-85.91,-84.994,-83.621,-81.79,-79.501,-75.991,-71.413,-67.598,-64.089,-64.394,-63.173,-61.495,-57.985,-53.407,-47.609,-40.284,-32.35,-25.33,-19.684,-15.107,-9.003,-4.7304,1.2207,6.1037,12.513,18.311,24.262,31.892,39.674,49.135,57.222,64.089,71.413,80.569,91.708,101.32,111.7,121.16,130.92,140.23,149.69,159.15,169.84,178.69,190.59,201.88,214.09,224.01,235.3,244.91,253.91,263.53,272.84,281.69,293.13,304.27,317.09,329.29,341.96,352.18,363.02,373.39,385.91,398.57,411.54,421.61,431.07,440.99,451.22,458.24,469.53,478.68,489.97,500.66,512.25,523.54,534.68,545.98,556.2,565.36,574.82,581.53,590.23,597.86,606.4,612.81,619.98,625.78,631.73,638.14,644.4,649.13,653.71,656.76,660.42,664.85,671.71,677.97,685.75,691.7,698.72,705.74,713.98,722.53,731.38,740.07,748.31,755.79,763.57,769.98,777.46,781.27,786.92,791.19,795.77,800.2,804.47,809.35,811.64,811.64,812.1,810.88,811.03,809.96,809.66,806.6,804.93,801.57,796.69,792.26,788.29,784.02,779.9,775.48,773.19,769.52,767.69,765.71,763.73,760.98,758.38,756.1,752.89,749.84,747.25,744.8,744.65,741.9,740.68,738.24,736.56,734.43,731.22,728.78,725.27,719.78,715.35,710.78,705.13,699.03,696.28,694.14,694.6,695.36,696.58,696.28,695.67,693.53,690.94,688.34,687.58,686.67,686.82,684.99,684.38,680.41,679.19,678.12,676.14,673.09,669.42,664.24,659.35,653.71,648.37,644.25,644.7,643.94,643.33,642.57,640.13,636.46,632.8,629.29,625.02,620.75,616.93,610.52,606.25,601.37,598.01,593.28,587.79,581.07,574.21,567.03,560.93,554.98,549.94,544.76,541.09,535.6,531.02,527.51,524.16,518.81,511.64,504.17,499.13,494.09,490.28,484.02,477.77,468.76,459.61,449.08,439.47,430.77,420.7,410.32,400.4,392.62,384.08,374.16,366.37,358.13,349.59,340.28,330.52,319.38,308.39,296.95,285.35,274.36,265.82,259.41,254.22,246.89,239.72,231.64,226.75,219.58,212.71,206.46,200.05,193.49,187.54,179.45,171.67,162.66,156.41,149.54,144.35,139.47,134.43,129.55,126.96,124.67,121.16,117.34,113.68,110.32,106.36,100.86,97.201,93.539,91.556,88.198,84.384,79.653,73.092,66.836,59.664,51.424,44.862,38.453,34.333,30.366,27.467,23.804,20.447,18.464,17.09,15.87,12.97,9.3081,4.2726,-2.5941,-7.3244,-13.733,-19.532,-26.246,-30.366,-35.249,-40.895,-45.93,-49.593,-51.424,-52.187,-53.102,-54.476,-56.764,-59.511,-62.716,-62.563,-62.41,-61.037,-58.596,-56.154,-55.238,-52.644,-50.203,-48.677,-46.846,-44.252,-43.794,-43.641,-44.862,-43.184,-41.505,-39.521,-38.453,-36.317,-34.486,-32.807,-34.791,-37.233,-40.284,-43.489,-48.219,-51.881,-57.375,-60.121,-62.716,-67.598,-73.855,-76.754,-78.585,-81.637,-84.841,-86.215,-88.504,-89.114,-92.166,-94.455,-97.507,-98.88,-99.185,-100.25,-102.08,-104.22,-106.05,-108.65,-113.22,-117.04,-120.4,-122.99,-127.72,-131.23,-133.67,-135.65,-137.94,-140.84,-143.44,-145.73,-147.56,-146.18,-147.86,-148.63,-150,-150,-153.2,-153.66,-154.73,-153.81,-152.75,-153.51,-153.97,-154.88,-154.42,-151.52,-149.85,-147.86,-147.71,-149.39,-150.76,-149.08,-148.63,-148.47,-147.71,-144.66,-142.83,-142.83,-143.89,-142.83,-143.74,-144.2,-146.95,-150.76,-156.71,-162.05,-167.85,-172.89,-177.31,-179.3,-181.59,-183.87,-186.16,-187.54,-190.28,-192.72,-196.69,-198.52,-203.1,-208.44,-217.14,-226.45,-235.45,-243.69,-249.18,-251.01,-251.63,-252.24,-257.42,-263.68,-271.46,-275.12,-277.72,-277.87,-277.41,-278.02,-280.92,-282.14,-280.47,-275.43,-273.6,-272.53,-272.07,-271.16,-272.84,-271.92,-270.7,-266.88,-265.21,-263.22,-261.09,-260.63,-262.31,-264.44,-265.97,-265.97,-265.97,-264.44,-263.99,-262.15,-262.31,-264.14,-265.05,-267.19,-271.31,-276.8,-281.84,-284.28,-290.54,-296.79,-307.78,-317.24,-327.62,-335.86,-344.4,-351.42,-360.27,-370.8,-382.24,-392.47,-401.01,-407.88,-413.22,-413.98,-417.04,-419.17,-419.93,-415.66,-412.76,-407.42,-399.95,-394.91,-393.08,-389.57,-385.45,-381.63,-378.43,-371.26,-365.46,-358.29,-351.12,-342.88,-335.25,-327.92,-322.28,-316.63,-312.51,-308.24,-304.42,-299.39,-296.03,-293.44,-293.28,-292.83,-296.49,-298.17,-296.64,-293.28,-290.99,-290.23,-293.89,-298.62,-303.81,-309.46,-317.55,-322.58,-326.85,-327.31,-327.01,-324.56,-324.72,-326.09,-329.45,-331.89,-332.5,-333.57,-337.69,-340.28,-345.77,-350.35,-356.46,-363.17,-368.97,-374.61,-378.58,-381.02,-381.63,-380.41,-379.04,-376.75,-374.31,-369.27,-366.99,-363.48,-361.03,-359.2,-358.44,-359.2,-358.59,-356.3,-353.71,-349.44,-344.25,-337.84,-335.25,-332.35,-330.52,-328.07,-324.72,-321.05,-317.39,-314.49,-311.59,-308.08,-304.73,-299.39,-296.18,-290.38,-284.74,-279.24,-272.84,-264.14,-254.98,-245.83,-235.45,-224.92,-213.63,-201.88,-191.2,-180.06,-170.29,-159.61,-151.52,-141.76,-132.91,-123.29,-114.14,-104.83,-96.133,-86.825,-80.416,-70.04,-61.19,-51.424,-45.015,-37.385,-29.908,-20.905,-13.428,-5.4933,0.61037,7.9348,12.055,18.159,22.736,28.23,30.976,36.164,39.979,43.947,46.236,50.356,53.56,58.596,60.884,63.936,65.615,69.277,71.871,75.228,78.127,80.569,82.247,83.926,86.978,91.403,94.302,98.88,102.54,107.58,110.48,113.99,117.34,120.09,122.68,126.35,129.25,130.31,129.7,129.86,126.96,124.36,119.79,117.19,117.19,120.55,125.13,127.26,125.74,121.46,112.61,96.744,75.533,55.086,38.606,31.892,34.181,39.064,29.298,3.9674,-28.077,-54.781,-64.852,-51.271,-14.039,53.407,103.61,127.57,158.24,192.72,225.84,287.18,347.61,374.46,415.2,468.46,518.97,597.55,657.06,682.7,708.33,713.83,675.53,655.23,649.13,632.5,624.71,614.64,589.92,554.22,504.32,457.17,433.06,422.83,395.98,357.68,320.9,275.58,217.6,174.87,157.32,133.21,91.708,56.764,33.113,7.3244,-26.856,-52.034,-70.803,-94.302,-120.85,-146.03,-167.55,-184.94,-205.85,-225.68,-248.57,-266.88,-284.89,-302.44,-320.44,-331.43,-340.89,-344.55,-338.91,-327.46,-316.93,-310.53,-309.31,-317.24,-337.84,-358.75,-375.53,-376.6,-354.63,-303.05,-243.54,-193.49,-154.27,-131.99,-137.79,-163.43,-196.39,-207.98,-188.3,-137.18,-71.261,-6.8667,40.437,61.8,54.628,36.012,19.379,10.071,14.801,32.96,56.001,75.381,90.945,97.049,88.046,72.329,56.764,44.557,33.57,24.11,16.633,13.733,11.444,10.376,6.1037,4.2726,1.5259,-4.883,-20.447,-39.674,-58.748,-74.77,-89.724,-95.676,-95.828,-88.961,-85.91,-91.098,-102.08,-115.51,-133.67,-151.37,-166.78,-175.48,-178.23,-179.14,-183.11,-188.3,-194.1,-201.73,-214.39,-227.67,-242.77,-256.05,-268.56,-278.63,-288.55,-295.57,-302.29,-308.54,-313.43,-316.48,-320.14,-324.87,-336.31,-348.22,-358.59,-363.32,-364.85,-363.93,-366.68,-375.53,-387.74,-400.25,-411.85,-416.88,-421.46,-423.29,-422.38,-418.56,-411.08,-399.33,-391.71,-390.79,-400.1,-412.61,-426.5,-439.47,-452.44,-464.64,-474.87,-481.43,-482.35,-477.61,-471.51,-462.36,-451.06,-443.28,-444.65,-450.45,-461.29,-472.43,-477.31,-479.6,-484.63,-482.8,-477.77,-469.99,-458.54,-443.74,-435.35,-433.06,-433.21,-437.18,-444.2,-456.86,-472.43,-478.68,-470.29,-453.51,-442.06,-437.64,-438.7,-440.53,-441.45,-439.62,-431.84,-421,-409.1,-401.62,-400.86,-403.15,-406.35,-409.1,-413.68,-417.19,-419.17,-415.05,-406.66,-399.95,-395.98,-392.16,-392.47,-392.93,-391.4,-388.04,-383.62,-377.36,-369.43,-361.19,-352.95,-345.01,-338.3,-331.74,-326.7,-321.51,-315.41,-310.07,-304.57,-300.61,-296.49,-288.55,-282.45,-274.67,-266.12,-255.29,-248.12,-241.55,-234.99,-229.96,-226.91,-225.23,-223.09,-219.12,-214.85,-210.58,-209.36,-207.22,-208.14,-206.46,-200.81,-190.74,-179.6,-171.21,-161.14,-150.15,-140.08,-130.16,-120.85,-110.32,-100.86,-90.03,-77.822,-67.293,-56.459,-46.846,-36.775,-26.093,-18.159,-8.0874,3.6622,16.785,27.467,37.538,45.625,52.339,58.443,64.089,69.735,75.381,82.095,89.419,94.913,102.54,107.88,115.21,122.07,128.94,133.98,138.71,143.59,150,155.8,164.34,173.04,183.57,191.2,201.73,210.88,220.95,230.26,238.65,246.44,256.97,267.34,275.73,279.24,285.96,292.98,301.98,309,315.87,320.44,326.09,332.04,336.16,338.6,341.04,342.57,344.4,344.4,346.69,348.06,350.05,350.2,349.59,347.45,347.76,347.91,348.67,347.61,350.05,350.66,351.27,349.13,347.76,347.76,348.06,347.15,345.77,344.55,344.71,344.86,346.08,345.62,348.37,349.28,353.1,358.29,363.02,366.53,370.49,374,379.19,384.23,391.09,395.98,400.71,404.07,411.54,418.71,424.36,429.55,434.13,438.86,446.03,453.2,461.13,466.48,471.97,474.72,478.38,482.04,487.53,493.64,499.89,504.93,508.13,510.27,516.07,521.71,526.9,529.34,530.72,527.97,523.85,520.34,516.83,514.85,514.54,513.17,511.95,509.66,508.9,507.22,506.45,502.49,498.83,495.77,493.33,490.59,488.14,485.85,484.63,484.79,484.48,481.43,479.75,475.48,471.82,465.71,461.59,458.39,455.34,451.98,448.47,445.57,443.59,440.08,438.7,438.25,439.31,438.09,438.55,439.31,439.01,438.7,437.03,433.82,432.75,432.6,432.6,431.99,432.29,431.84,432.29,431.99,432.45,432.29,431.53,429.7,428.48,429.24,430.62,430.92,433.82,434.43,434.89,433.82,435.35,436.11,436.11,435.65,437.03,439.62,441.6,443.43,445.88,446.79,448.01,447.86,448.93,449.54,451.22,454.42,456.86,459.61,460.68,460.52,459.46,458.08,458.85,458.08,457.63,454.42,452.89,448.16,443.13,437.48,430.77,423.14,415.81,408.49,401.62,395.37,389.87,380.11,372.17,364.09,358.75,352.49,348.52,345.16,341.04,335.25,329.29,322.73,317.39,310.07,303.96,297.25,293.28,288.25,284.13,280.16,276.35,272.53,268.56,264.29,259.56,253.3,248.88,242.01,236.67,230.11,225.07,219.73,213.93,206.31,198.68,191.5,185.09,178.69,173.04,164.49,154.58,144.05,136.42,127.72,121.77,114.44,105.44,97.049,88.351,78.28,66.53,56.001,46.541,36.775,28.687,18.464,10.681,2.5941,-3.357,-11.444,-17.396,-23.194,-29.603,-35.096,-39.369,-42.726,-44.557,-46.236,-46.083,-48.219,-46.846,-45.93,-44.099,-44.099,-41.81,-40.59,-38.759,-35.859,-30.213,-22.584,-15.717,-10.834,-7.1718,-6.1037,-1.8311,2.7467,7.477,10.834,14.801,18.616,22.736,25.636,29.145,32.807,36.775,39.064,40.284,40.284,41.963,41.047,41.963,42.421,42.573,43.031,41.658,40.742,39.216,36.622,35.859,35.249,38.911,41.2,42.573,44.404,48.524,52.95,57.68,62.563,68.056,74.007,79.806,82.705,84.231,84.078,85.91,86.52,86.978,86.673,86.215,86.367,86.825,87.13,87.283,84.841,84.994,82.858,82.247,81.637,83.468,81.484,78.585,76.601,76.144,74.007,70.345,67.293,64.852,62.41,59.358,54.781,53.56,51.576,50.356,52.034,52.492,50.813,47.761,48.219,51.576,51.881,52.95,54.323,55.391,55.544,55.391,55.391,55.696,54.628,52.644,50.661,48.83,47.304,46.999,45.473,44.557,43.184,43.641,43.947,43.947,43.947,44.557,45.473,46.541,46.541,45.015,39.979,34.944,29.145,27.161,25.178,23.499,21.363,18.921,16.48,13.276,11.139,10.376,7.9348,5.3407,0.15259,-5.3407,-10.529,-15.412,-18.311,-22.431,-25.025,-27.161,-33.57,-39.521,-45.778,-48.83,-52.034,-53.102,-51.271,-48.524,-45.625,-43.641,-44.404,-44.862,-48.83,-50.05,-51.424,-51.576,-55.238,-60.732,-68.667,-77.212,-85.299,-92.776,-99.643,-104.53,-108.34,-111.39,-113.99,-114.44,-116.12,-116.28,-114.14,-113.99,-115.21,-116.12,-118.56,-119.94,-121.16,-119.94,-119.33,-115.67,-114.9,-113.83,-115.05,-116.73,-118.41,-119.94,-119.63,-120.55,-122.99,-124.21,-128.33,-132.15,-138.25,-142.67,-147.4,-150,-151.37,-150.91,-146.18,-137.79,-127.26,-116.89,-109.41,-104.37,-105.9,-107.73,-109.71,-111.09,-111.85,-112.92,-117.04,-122.53,-126.65,-131.23,-137.03,-141.45,-146.18,-146.95,-148.32,-148.78,-147.25,-146.64,-148.63,-150.76,-151.37,-153.2,-156.1,-156.71,-158.09,-158.09,-159.76,-160.07,-160.83,-161.44,-160.68,-158.39,-156.41,-153.81,-150.76,-144.96,-139.93,-132.3,-125.74,-121.01,-118.41,-114.6,-111.55,-109.71,-108.49,-105.59,-105.59,-106.05,-108.34,-110.93,-116.58,-121.77,-124.97,-127.11,-129.86,-134.59,-139.93,-143.13,-148.78,-150.61,-150.3,-146.49,-142.67,-140.54,-139.62,-138.55,-140.39,-144.05,-147.4,-150.3,-157.17,-163.27,-168.16,-173.35,-177.47,-179.3,-179.6,-178.38,-177.77,-175.02,-173.35,-169.99,-167.09,-164.65,-164.49,-163.58,-162.21,-160.07,-156.56,-151.52,-147.1,-140.08,-134.59,-130.16,-128.33,-126.8,-126.65,-125.74,-122.84,-119.17,-115.36,-107.73,-101.32,-95.065,-91.403,-90.487,-91.861,-92.471,-92.929,-91.861,-92.318,-91.25,-91.708,-89.114,-87.283,-85.604,-85.452,-85.299,-86.062,-86.367,-86.825,-88.046,-86.825,-85.91,-86.978,-85.147,-84.231,-81.332,-79.348,-74.007,-69.43,-63.784,-56.154,-47.609,-40.59,-33.265,-27.467,-20.753,-16.633,-10.071,-3.8148,0.61037,3.2044,5.9511,7.6296,10.376,11.292,10.224,9.3081,9.9185,8.6978,7.6296,7.0193,11.902,17.243,24.415,29.603,33.876,37.233,39.521,42.116,41.963,39.674,39.674,39.674,40.895,38.606,37.843,34.639,32.35,29.756,28.23,29.298,31.281,33.418,38.759,45.93,52.187,55.086,60.121,62.563,63.021,63.936,65.31,65.615,67.904,68.514,66.988,63.173,61.495,59.816,58.596,54.323,50.203,46.388,43.794,40.895,37.69,34.028,29.756,25.025,22.279,21.973,22.126,19.074,15.259,10.987,5.4933,1.0681,-1.5259,-3.0519,-5.3407,-10.529,-14.649,-19.684,-23.347,-28.23,-32.35,-34.791,-33.418,-31.129,-28.687,-29.145,-30.976,-33.418,-33.418,-34.944,-35.249,-35.859,-34.181,-32.807,-29.756,-27.619,-24.11,-21.058,-16.938,-12.818,-8.5452,-5.0356,-0.61037,1.3733,3.6622,6.1037,9.1556,9.9185,11.444,12.665,14.344,14.191,13.123,10.071,9.1556,9.6133,11.292,12.36,15.107,14.801,16.48,17.548,21.058,23.194,26.093,27.314,28.535,27.467,25.788,23.957,22.889,21.21,19.684,17.09,15.717,11.444,7.477,3.2044,0.45778,-1.9837,-4.883,-10.071,-16.175,-21.973,-23.194,-23.957,-22.736,-22.736,-20.753,-21.21,-21.516,-23.041,-25.33,-26.093,-26.856,-28.077,-30.061,-33.418,-36.317,-38.606,-38.301,-41.047,-40.895,-40.742,-39.979,-40.895,-42.268,-43.184,-44.099,-45.32,-44.557,-44.252,-41.047,-36.775,-28.687,-23.041,-18.616,-16.175,-12.513,-8.5452,-4.7304,-0.91556,3.9674,7.1718,8.5452,8.3926,10.071,10.224,11.902,13.276,15.87,19.074,22.889,24.873,27.161,29.145,28.84,26.246,25.788,23.957,24.262,23.194,19.074,12.36,4.883,-2.2889,-8.0874,-13.276,-18.311,-23.194,-28.077,-35.554,-40.59,-48.982,-56.001,-62.716,-68.209,-72.024,-74.465,-74.923,-75.381,-77.67,-79.348,-83.163,-84.384,-87.283,-87.741,-89.724,-90.487,-91.403,-92.776,-95.981,-99.796,-104.37,-107.73,-111.85,-112.46,-113.83,-112.92,-112.61,-110.02,-108.49,-106.97,-106.36,-104.98,-104.53,-103,-101.63,-98.422,-95.065,-89.114,-85.452,-80.264,-77.059,-71.718,-66.53,-60.732,-55.086,-49.135,-43.184,-36.317,-29.45,-20.6,-15.412,-8.3926,-3.9674,1.0681,4.5778,8.5452,11.75,15.717,19.684,23.652,28.535,35.096,40.284,46.236,49.287,52.797,56.307,60.427,65.157,70.803,76.601,82.858,89.114,95.828,101.78,108.49,114.9,123.29,130.92,137.94,144.35,149.69,154.58,159.46,163.27,168.16,172.28,178.08,180.36,180.21,179.75,178.99,178.69,178.69,176.09,173.35,169.23,167.85,166.17,165.26,161.44,157.32,153.66,150.76,146.18,140.84,134.89,130.62,122.68,117.19,112.77,109.71,106.81,107.43,108.04,108.49,106.97,106.2,104.83,104.22,102.54,103.76,105.9,108.04,108.95,111.39,113.99,116.58,119.48,122.53,123.6,125.89,127.72,130.92,132.6,133.98,134.74,136.57,138.55,139.16,140.84,145.27,149.24,152.9,153.81,155.34,155.95,158.09,162.05,166.33,170.29,172.58,174.26,176.55,178.23,180.97,180.52,178.53,176.09,174.41,171.21,166.94,160.53,152.9,142.98,134.74,127.41,122.84,117.65,114.9,112.61,112.46,113.07,113.53,111.39,109.1,108.04,106.81,105.44,104.22,101.32,99.185,95.065,92.776,90.487,88.961,87.13,86.215,85.91,84.689,83.468,83.926,81.637,79.958,77.975,76.754,72.634,69.582,67.141,63.631,59.511,53.255,48.677,45.93,41.81,36.927,29.603,24.11,19.532,17.701,15.259,12.055,9.9185,7.9348,7.477,8.3926,8.24,7.1718,6.1037,9.1556,11.292,15.87,21.516,27.467,31.739,34.639,37.385,39.979,42.421,46.846,53.407,61.647,68.361,75.533,79.806,85.299,89.419,93.387,96.133,98.27,99.338,101.63,103.92,107.12,108.65,110.17,110.48,111.09,109.1,108.49,106.51,103.46,100.1,97.964,100.1,102.39,103.31,106.2,107.73,109.41,109.26,106.66,101.02,94.302,87.588,81.637,78.28,75.838,71.108,67.446,63.784,59.511,54.476,50.661,45.93,41.81,37.08,32.502,29.908,27.772,23.957,17.853,12.055,9.9185,5.7985,2.1363,-3.0519,-6.7141,-10.376,-12.513,-14.801,-17.853,-18.921,-17.243,-16.48,-18.006,-20.753,-22.736,-28.84,-32.807,-36.164,-38.148,-41.505,-43.031,-43.489,-43.641,-45.93,-47.304,-49.135,-47.609,-46.999,-44.099,-41.81,-38.759,-39.827,-40.132,-38.453,-37.996,-38.148,-39.827,-41.658,-44.252,-47.151,-47.914,-49.745,-49.593,-51.424,-50.966,-51.424,-51.576,-52.492,-54.476,-59.206,-64.699,-70.803,-76.296,-81.484,-82.553,-83.773,-83.163,-84.994,-86.215,-86.825,-88.198,-92.318,-98.422,-101.47,-103.46,-105.29,-103.15,-100.86,-96.286,-93.387,-87.283,-83.163,-78.28,-72.329,-66.073,-63.173,-64.241,-67.598,-70.345,-74.77,-77.364,-78.585,-77.059,-78.738,-79.501,-80.264,-78.28,-76.144,-76.296,-77.822,-81.027,-86.062,-89.724,-93.234,-94.913,-98.422,-100.25,-105.75,-109.71,-112.77,-115.51,-119.17,-124.06,-130.16,-135.65,-141.61,-146.34,-150.91,-151.98,-153.2,-151.37,-153.36,-155.64,-158.24,-160.37,-165.26,-169.68,-173.65,-175.63,-176.4,-173.04,-168.77,-161.14,-156.71,-152.13,-149.85,-148.47,-149.08,-148.32,-148.63,-151.07,-152.44,-152.13,-154.27,-153.51,-151.68,-148.01,-145.27,-140.69,-135.2,-128.33,-124.36,-121.62,-119.02,-115.82,-113.53,-110.48,-108.49,-107.43,-107.73,-106.51,-107.58,-107.12,-107.43,-106.81,-105.9,-103.76,-101.93,-99.185,-97.507,-97.964,-98.27,-97.354,-94.76,-87.893,-81.637,-72.634,-66.073,-62.716,-65.157,-67.904,-65.92,-62.258,-60.732,-60.884,-59.206,-55.086,-52.492,-47.609,-45.015,-42.421,-41.2,-39.827,-38.911,-38.453,-39.216,-38.911,-37.843,-35.707,-35.554,-35.707,-37.843,-38.759,-42.726,-44.252,-46.083,-48.372,-47.304,-45.473,-42.116,-38.606,-35.859,-30.213,-25.788,-19.379,-13.886,-8.5452,-5.6459,-1.0681,1.3733,2.4415,2.4415,2.2889,3.9674,5.1881,4.12,4.12,4.12,3.8148,1.6785,1.3733,2.7467,5.9511,11.139,16.327,20.295,25.025,28.382,34.181,37.843,37.69,33.57,32.044,29.45,27.467,23.957,18.159,12.513,6.1037,-0.61037,-8.0874,-14.496,-19.379,-23.957,-24.415,-25.788,-26.399,-28.687,-32.96,-37.385,-41.047,-43.031,-43.641,-46.999,-49.898,-53.56,-54.628,-57.527,-58.443,-60.427,-61.19,-60.579,-58.748,-55.544,-50.508,-46.846,-44.71,-43.947,-42.726,-43.794,-43.641,-42.726,-37.843,-36.622,-38.911,-42.116,-42.116,-37.69,-31.892,-28.23,-25.636,-24.567,-22.431,-22.736,-20.295,-18.921,-18.921,-19.837,-19.837,-20.447,-21.363,-20.295,-17.09,-15.412,-12.513,-12.207,-10.071,-9.1556,-9.1556,-9.003,-8.24,-8.3926,-8.6978,-8.3926,-7.0193,-6.1037,-2.2889,-0.61037,1.2207,1.5259,0.30519,-1.3733,-3.9674,-6.1037,-4.5778,-2.4415,2.4415,7.7822,11.75,13.276,14.649,14.039,14.801,16.022,17.701,18.311,18.616,17.243,17.701,17.853,21.363,24.873,28.077,31.434,33.57,32.35,30.671,25.941,21.363,15.107,9.9185,4.7304,3.0519,0.45778,-3.8148,-8.24,-10.681,-10.529,-7.9348,-5.7985,-1.3733,2.1363,6.7141,9.9185,12.513,14.496,16.938,19.379,20.753,19.684,19.227,18.006,19.379,19.074,18.769,17.243,16.022,14.496,9.6133,2.5941,-2.2889,-7.6296,-9.1556,-11.292,-12.818,-13.733,-12.665,-10.834,-8.3926,-6.4089,-4.2726,-2.8993,1.6785,5.1881,9.9185,14.039,17.396,21.21,25.483,29.298,31.739,31.434,32.96,35.249,38.301,38.606,39.369,38.148,37.538,37.69,37.69,37.233,37.843,35.859,33.876,30.671,27.161,22.584,18.921,14.039,11.75,7.9348,2.8993,-1.0681,-5.4933,-9.4607,-13.886,-19.379,-21.058,-23.347,-24.72,-28.382,-29.756,-31.434,-33.418,-36.927,-38.301,-39.064,-38.301,-38.911,-38.148,-37.385,-34.944,-35.401,-37.08,-37.843,-36.47,-33.723,-30.061,-24.72,-18.921,-14.649,-8.8504,-6.4089,-2.1363,0.91556,5.1881,6.1037,4.883,2.5941,0.76296,-1.5259,-2.5941,-4.883,-6.2563,-8.5452,-9.003,-9.6133,-9.9185,-11.597,-14.649,-18.159,-20.142,-20.905,-20.295,-21.821,-23.194,-27.467,-30.976,-35.859,-38.759,-40.742,-41.81,-42.879,-44.099,-46.693,-48.677,-51.729,-52.492,-55.391,-57.527,-59.511,-60.121,-63.936,-67.446,-70.04,-72.024,-73.092,-72.329,-71.413,-70.803,-70.345,-67.141,-61.8,-53.407,-46.999,-37.69,-29.298,-22.889,-17.548,-12.665,-8.5452,-3.8148,0.30519,5.4933,10.681,16.327,19.379,25.178,29.298,33.57,34.944,36.317,37.538,40.284,41.353,42.116,45.015,49.135,50.356,52.034,50.966,50.05,50.05,52.034,52.797,52.95,52.339,51.424,48.982,46.388,44.099,44.404,40.895,36.622,29.603,22.279,12.818,6.7141,1.3733,-3.5096,-8.8504,-17.09,-29.145,-40.895,-50.203,-56.154,-61.342,-61.953,-61.953,-61.647,-61.953,-59.511,-57.68,-56.154,-55.086,-56.154,-56.307,-55.086,-54.018,-48.524,-44.862,-40.742,-39.216,-36.927,-35.707,-31.739,-27.161,-20.753,-14.954,-10.681,-7.7822,-4.7304,-1.8311,0.30519,-0.45778,1.3733,1.3733,1.5259,-0.76296,-2.8993,-8.5452,-14.954,-20.6,-25.33,-31.739,-36.775,-40.742,-41.963,-46.236,-49.287,-52.644,-53.102,-57.07,-63.021,-67.751,-69.124,-70.956,-72.481,-75.076,-76.449,-77.67,-75.991,-75.838,-74.16,-75.686,-77.059,-77.212,-76.144,-76.754,-77.822,-79.653,-77.67,-74.16,-71.566,-71.108,-71.718,-75.686,-79.806,-84.384,-85.299,-85.91,-85.757,-86.367,-86.673,-85.452,-83.621,-81.79,-80.264,-80.874,-80.416,-82.553,-82.553,-85.604,-87.588,-91.098,-93.997,-97.659,-101.02,-104.07,-104.53,-105.9,-105.44,-104.37,-102.24,-103.61,-100.71,-99.033,-94.76,-92.013,-87.13,-83.316,-81.484,-80.111,-77.67,-75.686,-73.397,-69.277,-62.41,-59.969,-56.612,-54.781,-53.102,-53.865,-49.593,-44.557,-39.827,-37.385,-34.486,-32.197,-27.467,-23.804,-18.006,-14.649,-9.7659,-6.1037,-0.15259,4.2726,9.4607,14.954,21.821,28.23,34.486,40.284,48.982,55.391,63.326,68.667,73.244,75.991,80.416,83.163,84.384,85.299,86.215,86.825,87.741,88.351,90.335,91.25,94.15,95.523,99.643,102.54,105.14,106.66,106.66,108.65,109.56,109.26,111.55,112.92,116.58,119.02,121.77,122.07,125.28,128.64,133.21,136.72,139.77,139.93,141.45,140.84,141,140.39,142.98,145.27,148.32,150.91,152.59,155.34,158.7,160.99,164.8,165.72,167.7,169.99,173.04,175.02,177.16,177.62,178.23,178.53,178.38,177.47,178.99,179.45,178.99,175.48,171.21,167.39,163.58,161.14,159.76,157.48,156.71,156.87,156.71,153.81,152.29,149.24,145.73,142.98,141.76,141.76,142.67,143.59,146.34,146.79,147.71,146.34,146.95,146.49,146.18,146.79,148.93,150.91,151.22,151.37,153.2,154.58,156.1,155.95,156.25,155.49,156.25,156.1,155.95,153.97,151.37,146.49,143.28,139.01,135.65,130.31,126.96,121.77,115.05,107.73,99.948,92.471,85.757,81.332,80.874,81.027,80.874,80.416,80.264,77.822,73.244,67.751,62.563,58.748,55.544,52.187,49.745,46.083,42.726,36.622,31.587,25.025,21.058,16.938,13.123,8.24,4.4252,2.4415,0.45778,-2.8993,-8.24,-15.564,-21.058,-27.314,-30.061,-33.265,-37.69,-43.489,-47.609,-50.203,-50.508,-49.593,-51.271,-54.018,-59.206,-66.53,-72.329,-77.822,-81.179,-83.621,-82.705,-81.179,-79.806,-80.264,-81.79,-84.384,-84.536,-85.757,-84.841,-84.384,-84.231,-85.604,-85.299,-85.604,-84.689,-83.01,-80.569,-78.738,-76.449,-74.313,-68.819,-64.089,-58.138,-56.917,-55.696,-57.07,-60.427,-63.173,-64.852,-64.547,-64.394,-65.615,-65.157,-65.31,-67.598,-72.787,-77.517,-83.621,-90.64,-98.117,-104.98,-108.8,-110.48,-111.24,-110.32,-109.87,-109.41,-110.78,-112.77,-117.34,-121.16,-122.99,-124.97,-126.8,-129.25,-131.99,-132.91,-135.35,-136.27,-139.16,-141,-143.44,-144.51,-143.89,-141.61,-138.1,-137.03,-140.08,-143.28,-149.08,-153.05,-156.25,-157.78,-160.37,-163.12,-166.48,-169.23,-172.12,-175.48,-181.89,-186.32,-190.59,-191.05,-195.62,-199.29,-198.98,-197.3,-197,-197.15,-197.45,-196.23,-194.56,-191.5,-190.44,-185.71,-182.65,-178.69,-173.5,-166.48,-162.05,-159.46,-158.09,-153.66,-151.07,-145.57,-142.52,-138.25,-136.42,-133.37,-131.38,-128.94,-127.26,-125.43,-124.97,-124.97,-124.06,-125.89,-127.87,-127.26,-129.09,-130.77,-135.65,-140.08,-147.56,-154.42,-162.97,-171.36,-175.33,-175.48,-171.97,-167.09,-162.51,-158.85,-157.78,-156.41,-154.27,-149.39,-143.74,-137.18,-131.53,-126.35,-122.38,-116.73,-112,-105.14,-99.643,-92.318,-87.283,-80.874,-73.092,-60.579,-48.372,-37.233,-26.551,-17.243,-10.071,-2.8993,1.8311,7.477,11.597,15.564,18.921,23.041,27.161,33.265,38.453,44.252,48.524,51.881,52.797,53.713,52.95,53.713,53.407,56.764,60.121,63.784,66.073,67.141,67.904,70.193,72.481,75.076,75.533,79.806,83.621,89.419,95.523,101.32,107.73,114.6,119.48,124.06,128.79,134.74,137.79,141.15,143.13,145.73,148.63,152.29,155.8,159.15,160.99,164.04,166.17,169.53,170.29,171.82,174.26,176.4,176.85,177.01,177.62,178.69,180.82,186.01,190.13,195.32,199.29,203.25,205.85,208.14,208.59,207.53,206.15,206.61,205.69,208.9,211.65,213.93,215.31,216.07,217.75,218.97,220.19,221.72,224.16,228.58,231.94,237.74,242.93,249.49,255.59,259.56,261.85,262.61,261.09,258.34,255.75,255.29,253.61,252.85,251.17,250.25,248.27,246.44,244.3,241.86,239.42,238.35,236.98,236.67,236.06,236.21,235.76,236.21,235.3,235.91,238.65,241.1,241.4,242.47,244.15,245.22,244.15,243.08,241.1,238.35,232.86,228.43,225.99,225.07,224.92,224.77,223.09,223.24,223.09,223.24,220.8,219.89,217.29,215.31,214.55,213.93,213.93,212.1,208.14,207.37,205.24,203.1,198.98,194.4,190.59,188.45,188.6,188.45,185.71,184.94,184.33,183.72,180.82,179.45,176.55,173.65,172.12,169.53,167.7,166.02,164.49,164.04,163.43,164.19,162.51,162.51,160.99,160.37,159.31,158.85,157.63,155.19,152.29,150.91,146.03,140.69,135.04,130.77,124.82,120.09,114.6,107.73,101.32,95.37,90.945,86.978,81.484,76.449,68.514,61.8,54.476,48.067,40.59,33.265,27.009,20.753,14.649,11.139,7.477,4.2726,-2.1363,-7.6296,-15.412,-24.873,-34.944,-46.388,-57.833,-67.598,-75.991,-81.484,-86.215,-88.961,-94.455,-99.49,-105.14,-109.26,-112.16,-113.99,-114.9,-115.36,-116.43,-116.89,-118.41,-119.94,-124.06,-126.35,-129.7,-132.15,-133.21,-134.74,-135.5,-134.59,-134.74,-133.52,-131.23,-126.8,-124.36,-121.46,-120.7,-119.17,-117.5,-115.21,-110.93,-105.29,-97.964,-89.267,-81.179,-74.465,-69.43,-58.748,-51.118,-45.625,-40.132,-32.96,-24.873,-18.464,-15.412,-13.886,-14.954,-15.87,-16.633,-16.175,-16.022,-14.801,-15.564,-16.48,-17.853,-19.074,-20.142,-21.973,-27.009,-31.892,-37.385,-42.268,-49.135,-55.391,-62.563,-72.024,-80.111,-85.147,-90.64,-96.286,-101.47,-103,-107.73,-112.16,-117.95,-124.97,-133.82,-144.51,-157.78,-172.73,-187.84,-203.71,-220.19,-232.09,-242.16,-251.01,-262,-272.23,-284.13,-296.03,-303.35,-304.12,-299.69,-290.84,-279.24,-263.99,-253.46,-245.22,-238.35,-226.29,-219.12,-213.17,-208.75,-205.39,-202.49,-201.73,-202.64,-204.02,-204.63,-204.78,-209.2,-214.39,-220.34,-224.92,-228.89,-230.57,-231.79,-232.09,-231.94,-229.19,-225.23,-218.51,-212.26,-203.86,-196.54,-187.99,-183.26,-177.47,-171.51,-165.72,-160.53,-156.25,-153.05,-150.61,-148.63,-146.79,-148.47,-149.54,-151.07,-148.63,-144.96,-142.37,-140.54,-140.08,-142.06,-144.81,-146.49,-146.95,-148.01,-144.96,-141.3,-136.57,-133.67,-131.08,-130.01,-128.18,-125.74,-123.29,-123.14,-120.55,-117.34,-113.22,-111.55,-110.48,-109.1,-106.66,-103.46,-98.88,-96.591,-93.692,-90.03,-85.757,-82.553,-78.28,-75.686,-73.702,-70.498,-67.446,-64.241,-60.274,-54.628,-50.661,-49.745,-46.999,-43.336,-39.216,-36.622,-34.028,-32.044,-29.45,-27.009,-24.567,-23.194,-21.363,-23.347,-26.704,-30.519,-33.57,-38.148,-39.521,-37.385,-32.35,-25.941,-18.769,-13.123,-7.9348,-3.8148,1.9837,6.4089,10.529,14.344,20.295,26.093,30.061,31.892,34.791,37.843,43.641,49.135,57.07,60.732,64.089,64.241,65.31,66.225,64.547,62.105,60.274,58.901,59.206,57.375,57.07,56.001,55.849,54.476,54.476,54.628,54.17,52.95,52.644,53.102,53.56,53.407,54.628,54.17,55.238,56.154,57.07,57.527,59.358,61.037,64.394,69.124,73.55,77.364,83.773,87.436,92.318,96.133,98.727,100.71,103,103.76,104.68,105.14,106.2,104.53,102.39,98.27,96.438,95.37,95.828,97.507,100.25,101.78,102.69,103.76,106.2,106.36,108.49,110.17,111.09,108.65,105.59,101.32,98.88,98.422,94.607,89.267,85.147,82.095,81.79,81.637,84.231,85.757,88.351,89.419,88.198,84.841,78.738,73.092,67.598,64.394,63.936,60.884,58.138,57.222,60.579,64.241,66.073,67.293,69.43,71.413,73.855,75.228,75.381,74.465,73.092,69.887,66.988,62.41,59.206,56.154,51.576,46.693,41.047,35.401,30.976,26.551,22.279,15.717,11.597,8.8504,10.224,11.902,10.987,8.8504,8.0874,8.8504,8.5452,5.3407,0.61037,-4.5778,-6.8667,-10.224,-10.681,-12.97,-16.022,-20.753,-26.399,-29.908,-30.061,-30.213,-32.044,-36.164,-38.453,-38.911,-36.622,-36.164,-34.639,-34.028,-32.655,-29.756,-28.535,-28.382,-27.772,-28.23,-28.535,-34.791,-42.421,-52.034,-60.274,-65.462,-65.462,-63.326,-62.41,-62.105,-59.358,-57.375,-54.781,-53.255,-51.576,-52.187,-51.271,-50.661,-51.271,-52.797,-56.307,-60.884,-63.021,-67.141,-67.904,-68.972,-67.446,-66.378,-63.936,-63.631,-64.547,-65.767,-63.784,-64.394,-66.836,-72.024,-76.144,-78.738,-77.975,-76.907,-76.449,-74.618,-72.329,-72.481,-74.923,-77.517,-79.043,-80.416,-79.958,-82.095,-82.4,-82.095,-81.332,-81.637,-82.553,-84.078,-85.299,-88.961,-89.267,-91.403,-92.471,-93.387,-93.081,-94.76,-97.354,-100.41,-104.68,-111.85,-118.56,-127.57,-133.67,-138.4,-140.08,-144.51,-146.03,-144.81,-141.76,-137.94,-135.04,-136.11,-135.5,-136.11,-134.74,-134.28,-130.16,-125.89,-118.56,-110.48,-102.54,-96.591,-92.013,-86.825,-81.484,-81.179,-82.553,-87.13,-89.419,-94.607,-98.422,-99.338,-99.185,-98.727,-98.575,-96.896,-93.997,-93.539,-91.708,-91.25,-89.419,-90.487,-92.471,-93.234,-93.234,-93.997,-93.234,-94.15,-95.218,-96.286,-98.117,-101.17,-99.948,-98.88,-94.76,-91.708,-88.809,-86.215,-83.468,-81.484,-77.822,-76.144,-74.923,-75.533,-73.55,-72.634,-69.582,-70.345,-71.413,-70.193,-66.225,-63.631,-62.41,-62.716,-61.037,-60.274,-58.138,-56.917,-54.628,-56.917,-57.833,-58.443,-56.764,-55.238,-53.102,-52.339,-52.492,-52.187,-50.203,-47.914,-45.32,-43.031,-37.843,-35.401,-32.502,-29.756,-27.924,-29.603,-33.57,-36.927,-38.148,-38.759,-37.69,-37.233,-33.418,-29.756,-24.415,-20.295,-15.717,-11.444,-6.5615,-3.8148,-1.0681,0.76296,6.2563,13.123,22.126,31.892,42.879,51.424,63.173,75.991,91.25,104.98,117.8,132.3,146.95,159.46,170.45,178.53,187.99,194.71,198.68,196.84,194.4,191.35,187.08,181.43,174.57,164.95,153.2,140.84,129.86,117.5,108.95,101.63,95.37,86.825,79.958,70.04,59.816,51.424,47.914,47.304,49.287,48.83,51.271,52.034,55.086,57.07,61.037,66.073,70.193,72.787,75.838,79.043,83.773,88.504,100.1,112,120.85,122.84,121.62,119.79,118.41,115.36,110.63,104.07,97.964,90.793,84.536,75.381,68.972,63.326,57.222,52.187,50.203,50.356,50.508,47.761,45.93,43.794,40.437,34.181,29.603,24.11,16.327,7.477,-0.76296,-8.24,-14.039,-19.074,-19.532,-17.548,-13.123,-10.987,-9.4607,-8.24,-7.1718,-6.4089,-4.5778,-1.5259,1.3733,3.2044,5.6459,5.7985,7.7822,10.529,14.649,18.616,21.058,20.753,20.753,19.532,17.548,12.97,10.529,8.3926,8.6978,9.003,8.5452,5.3407,3.6622,1.8311,3.0519,3.9674,4.883,5.4933,8.0874,9.7659,9.4607,7.0193,9.003,10.529,12.97,17.09,21.21,21.668,19.074,14.039,9.6133,4.883,1.9837,-1.2207,-1.9837,-3.9674,-3.8148,-4.7304,-5.7985,-3.9674,0.45778,5.7985,9.4607,10.987,10.529,7.477,4.7304,-1.6785,-7.9348,-16.022,-20.447,-23.652,-24.262,-26.399,-28.077,-30.366,-31.129,-34.028,-37.69,-42.573,-43.184,-41.963,-37.08,-33.876,-29.908,-27.467,-27.619,-30.061,-34.639,-37.08,-35.859,-33.57,-30.061,-30.671,-32.197,-34.639,-33.418,-31.892,-28.84,-27.009,-24.415,-19.837,-15.259,-9.3081,-3.9674,-0.15259,1.2207,-0.45778,-0.61037,-1.6785,-2.4415,-4.5778,-7.477,-10.681,-14.954,-20.905,-24.72,-29.298,-33.265,-39.521,-43.489,-48.067,-52.797,-58.596,-63.478,-66.53,-67.293,-65.31,-61.495,-59.358,-56.917,-55.544,-52.339,-52.187,-51.424,-50.966,-48.677,-46.541,-45.015,-41.81,-37.538,-34.486,-30.824,-29.45,-27.924,-28.993,-26.856,-26.246,-23.804,-18.311,-15.107,-14.801,-13.428,-13.428,-13.123,-14.954,-15.107,-18.616,-20.447,-21.668,-22.584,-24.567,-27.467,-28.23,-29.45,-28.84,-28.077,-30.519,-32.502,-34.791,-34.791,-38.911,-43.489,-51.118,-59.358,-66.836,-71.871,-78.28,-85.604,-94.607,-101.93,-110.63,-116.43,-121.46,-124.21,-128.48,-130.01,-128.94,-126.35,-123.6,-120.55,-119.63,-118.11,-116.43,-112.46,-110.02,-105.59,-101.78,-93.692,-83.773,-72.939,-64.699,-55.086,-48.677,-41.505,-37.08,-35.401,-34.944,-30.824,-27.467,-21.21,-14.039,-7.7822,-3.9674,-2.1363,-0.30519,2.2889,5.6459,11.444,16.633,24.11,30.671,37.233,40.742,41.047,37.385,33.265,28.23,22.889,17.701,16.327,16.175,20.447,23.499,26.093,25.941,24.415,22.126,21.21,20.753,19.379,14.954,10.834,5.0356,1.5259,-2.5941,-4.2726,-7.0193,-8.3926,-10.376,-12.665,-12.818,-12.36,-14.496,-16.175,-16.022,-12.36,-9.9185,-7.0193,-5.9511,-5.4933,-5.9511,-6.2563,-9.6133,-10.681,-9.3081,-8.24,-10.071,-11.902,-15.259,-19.379,-26.246,-32.807,-40.742,-45.167,-48.219,-51.424,-57.527,-64.547,-70.345,-72.634,-74.16,-73.855,-74.923,-75.686,-76.907,-76.754,-76.144,-73.092,-68.667,-64.241,-62.716,-62.41,-64.699,-67.598,-70.345,-68.819,-66.988,-65.767,-66.988,-67.141,-69.735,-70.803,-72.024,-72.634,-74.465,-74.618,-73.092,-67.904,-64.089,-55.849,-46.541,-38.301,-34.181,-33.265,-34.791,-36.47,-37.08,-36.927,-38.606,-38.911,-38.606,-38.606,-41.2,-42.879,-44.404,-45.32,-44.862,-45.015,-49.135,-52.187,-54.17,-53.865,-53.56,-52.187,-55.544,-58.138,-61.8,-67.751,-75.228,-81.332,-87.588,-93.997,-99.185,-100.56,-102.39,-103,-104.83,-107.88,-110.78,-110.93,-111.09,-111.39,-111.55,-108.65,-109.56,-108.34,-107.58,-103.46,-99.033,-93.844,-89.877,-86.52,-85.757,-86.978,-85.452,-82.095,-82.4,-82.858,-82.705,-80.874,-81.027,-81.637,-81.637,-79.348,-77.517,-76.296,-75.381,-73.244,-74.923,-76.144,-78.127,-76.754,-75.076,-72.939,-70.193,-65.004,-60.579,-55.544,-52.187,-48.219,-43.794,-37.08,-33.876,-29.603,-25.941,-21.668,-18.006,-13.428,-7.1718,-2.2889,-2.8993,-5.9511,-9.9185,-10.681,-13.428,-12.665,-9.3081,-5.1881,-1.3733,3.8148,7.9348,12.055,12.818,13.733,12.36,11.292,10.834,10.224,8.8504,7.6296,6.2563,4.883,2.2889,-1.3733,-6.1037,-7.9348,-10.834,-12.207,-14.039,-14.954,-16.938,-18.616,-18.464,-17.701,-21.668,-22.126,-20.905,-15.87,-12.513,-7.1718,-1.5259,5.7985,15.259,23.804,30.213,37.233,42.726,51.576,60.732,70.65,78.28,88.198,97.049,103.61,106.97,108.8,106.97,108.19,107.12,107.12,105.75,105.59,103.46,101.47,99.49,100.1,103.46,106.66,107.43,109.1,108.04,107.12,104.37,101.63,99.49,96.591,93.539,91.098,87.741,83.773,81.179,81.179,80.874,83.621,86.367,89.724,92.166,94.302,95.981,96.591,95.828,92.929,89.114,86.978,83.621,82.4,80.264,78.28,76.601,75.686,75.838,74.007,70.498,70.04,69.735,70.65,69.277,68.972,66.53,66.53,65.004,62.868,60.121,54.628,46.388,40.59,36.622,36.012,33.876,33.723,32.044,31.739,29.756,26.093,21.973,18.311,13.428,11.444,8.3926,6.7141,4.7304,3.9674,1.3733,0.30519,-1.2207,-0.61037,-1.0681,-3.9674,-6.8667,-7.7822,-8.6978,-6.8667,-6.5615,-1.8311,0.61037,3.0519,2.8993,4.5778,5.3407,6.5615,7.6296,9.6133,12.818,16.785,20.447,25.178,29.908,37.385,42.421,46.693,48.677,49.898,51.576,53.713,55.544,56.917,57.833,60.274,61.647,64.241,66.073,68.514,68.667,68.361,66.225,61.495,58.138,56.001,52.644,48.067,42.268,38.911,30.824,23.957,16.938,13.276,11.292,11.597,12.665,12.818,12.055,11.444,10.834,12.513,15.107,19.837,23.652,31.434,38.301,43.031,46.083,51.424,55.849,58.29,56.764,54.476,54.018,55.544,54.018,53.255,53.255,55.086,54.17,53.255,47.914,43.184,36.622,28.84,21.058,12.513,3.5096,-4.7304,-13.428,-21.058,-28.687,-37.538,-50.203,-60.732,-70.65,-75.533,-78.28,-80.111,-81.332,-81.942,-81.179,-77.212,-72.634,-70.65,-70.193,-71.108,-73.855,-75.076,-77.517,-76.144,-75.076,-74.77,-74.007,-72.787,-71.261,-68.056,-65.615,-63.021,-62.105,-62.41,-64.089,-65.92,-71.871,-73.092,-73.397,-70.803,-70.193,-69.43,-68.514,-66.836,-64.852,-60.884,-61.19,-60.732,-58.138,-53.255,-52.339,-48.83,-47.761,-46.083,-48.982,-49.44,-51.729,-52.034,-53.102,-53.255,-51.576,-47.609,-45.625,-45.778,-49.135,-47.914,-45.625,-41.963,-39.979,-38.759,-43.794,-48.372,-55.086,-61.037,-63.936,-66.073,-66.988,-67.141,-68.056,-69.277,-71.871,-72.176,-70.193,-66.988,-67.904,-67.141,-67.141,-68.819,-71.261,-72.024,-72.634,-71.566,-72.481,-72.329,-74.16,-77.517,-83.163,-86.367,-89.877,-91.098,-92.166,-90.793,-91.403,-89.877,-88.809,-87.741,-88.046,-88.046,-89.419,-90.182,-89.114,-85.299,-85.452,-86.673,-90.793,-90.487,-89.114,-84.536,-80.264,-75.838,-72.634,-69.43,-67.293,-62.41,-56.307,-47.304,-40.895,-36.164,-34.181,-29.908,-27.009,-23.957,-21.363,-17.243,-14.801,-14.344,-15.717,-17.396,-19.227,-20.447,-21.21,-19.99,-19.227,-15.564,-14.954,-14.954,-17.243,-18.159,-21.973,-27.924,-33.57,-40.284,-46.693,-52.187,-57.375,-61.342,-65.767,-68.972,-71.871,-71.566,-71.261,-71.718,-68.667,-62.868,-59.969,-58.138,-57.375,-53.407,-51.576,-47.304,-45.473,-39.521,-35.554,-31.587,-28.84,-27.467,-27.772,-26.246,-25.178,-21.821,-21.21,-18.464,-17.243,-13.428,-9.9185,-4.4252,0.30519,5.3407,8.3926,9.003,6.5615,5.9511,3.0519,2.8993,2.1363,3.357,2.7467,2.1363,-0.15259,-3.0519,-5.6459,-6.8667,-8.0874,-7.477,-5.6459,-0.76296,3.9674,8.0874,7.477,6.1037,8.0874,11.75,14.496,18.769,23.194,25.788,27.314,28.993,29.45,33.723,37.233,43.336,48.219,52.339,54.628,55.696,54.323,53.255,52.644,53.407,51.881,54.628,56.764,58.443,56.612,54.17,52.797,51.729,49.287,47.151,43.031,38.453,33.265,32.96,32.807,33.113,31.281,30.976,30.213,29.145,26.246,24.415,24.11,23.347,22.736,24.567,27.009,30.366,30.671,33.265,35.401,35.859,34.791,35.096,35.096,34.791,33.876,34.486,34.486,34.028,30.671,29.145,25.636,22.431,19.379,17.243,18.159,18.616,17.853,16.785,14.496,15.412,13.581,13.733,11.902,10.834,8.5452,10.224,12.207,13.733,14.649,15.259,15.717,14.496,11.75,9.003,2.8993,0.45778,-3.357,-5.3407,-10.681,-13.886,-17.09,-20.447,-23.041,-24.262,-27.161,-30.061,-34.181,-34.028,-32.197,-28.535,-26.399,-24.262,-23.194,-19.532,-15.412,-9.9185,-5.4933,-0.45778,5.1881,10.224,10.529,10.681,7.3244,4.7304,0.76296,-2.5941,-6.4089,-8.3926,-9.7659,-10.529,-11.292,-11.292,-10.987,-8.5452,-8.3926,-8.0874,-9.6133,-10.376,-13.581,-16.327,-19.99,-21.668,-25.178,-28.23,-31.739,-35.707,-41.505,-43.641,-45.015,-45.015,-48.372,-49.44,-51.271,-51.881,-49.593,-44.862,-36.622,-25.483,-15.259,-7.9348,-4.4252,-2.1363,-1.0681,4.4252,6.7141,10.376,13.581,18.006,22.736,27.924,29.908,30.976,30.976,33.113,32.807,32.96,32.044,33.876,36.164,41.353,45.167,48.677,50.966,53.407,55.544,57.527,56.001,55.696,53.865,53.865,51.118,46.083,39.827,36.012,32.807,29.908,26.856,24.415,20.295,20.905,22.126,26.093,27.924,29.298,30.213,29.298,24.567,19.684,18.464,19.227,18.769,19.227,16.327,14.039,11.75,11.597,9.9185,7.6296,3.8148,1.5259,1.5259,6.4089,11.902,19.074,23.041,31.587,35.707,42.116,45.167,50.661,54.781,58.443,60.579,63.173,64.241,66.073,69.43,74.77,78.127,79.501,78.89,79.501,79.806,80.874,80.874,79.958,78.28,79.196,79.348,78.28,74.16,68.819,59.816,52.034,44.404,38.606,34.028,29.756,25.788,25.788,26.551,27.619,27.161,27.467,27.161,27.619,26.551,25.483,23.499,22.279,20.753,17.396,14.496,12.207,9.4607,7.1718,3.6622,0.76296,-4.4252,-4.5778,-1.8311,4.883,8.3926,10.987,12.513,12.818,11.597,11.444,10.529,7.7822,4.2726,2.2889,-0.45778,-1.6785,-4.7304,-6.2563,-9.3081,-12.36,-15.564,-17.853,-20.447,-21.058,-21.516,-20.6,-21.516,-20.142,-20.905,-19.837,-22.126,-21.21,-18.769,-16.633,-16.327,-18.006,-21.21,-21.821,-18.464,-13.428,-12.36,-12.665,-14.344,-15.412,-18.921,-21.363,-24.11,-25.025,-26.399,-26.704,-27.619,-27.619,-30.213,-33.418,-36.317,-38.148,-39.979,-39.674,-35.401,-28.077,-20.905,-18.311,-17.243,-14.954,-13.123,-11.139,-6.8667,2.4415,7.7822,12.97,16.938,19.99,18.921,17.09,14.039,10.681,6.5615,3.0519,1.2207,1.3733,1.0681,1.2207,-0.61037,-0.15259,-1.9837,-3.357,-5.9511,-8.24,-13.276,-15.412,-17.701,-19.837,-22.736,-22.126,-21.973,-20.905,-22.279,-20.6,-21.821,-23.041,-26.551,-27.467,-28.84,-28.84,-29.45,-30.061,-31.739,-32.197,-33.265,-33.265,-35.249,-36.164,-38.453,-38.606,-41.81,-43.031,-45.778,-48.83,-50.966,-50.966,-49.44,-46.236,-41.81,-34.639,-31.587,-26.856,-22.431,-16.633,-14.344,-10.681,-6.8667,-3.9674,-5.0356,-6.1037,-8.6978,-11.139,-14.039,-12.97,-13.886,-12.36,-12.97,-12.513,-12.207,-12.513,-14.496,-16.48,-16.48,-12.665,-9.3081,-3.9674,0.91556,6.8667,10.834,15.107,20.142,24.72,26.704,28.687,31.434,34.791,37.08,41.353,43.794,48.372,51.118,56.459,61.8,67.904,72.024,76.601,82.705,90.793,98.575,108.34,113.99,120.09,123.91,128.64,131.38,133.06,132.76,131.84,127.41,121.46,116.28,110.63,105.9,102.54,98.117,96.591,93.997,92.929,90.64,89.877,88.656,87.13,85.757,85.757,83.316,80.264,76.296,71.413,64.241,60.121,56.154,54.018,53.255,53.255,52.797,52.797,54.476,58.443,59.358,60.427,57.375,54.476,50.813,48.982,46.693,42.726,39.216,36.47,32.655,28.84,24.11,19.99,13.581,9.6133,4.883,3.5096,1.8311,-1.0681,-3.2044,-3.357,-3.6622,-4.4252,-6.1037,-8.8504,-12.36,-15.87,-20.295,-20.447,-18.311,-12.36,-9.003,-4.883,-3.5096,-4.4252,-7.6296,-13.123,-19.227,-23.652,-28.993,-31.434,-33.723,-34.181,-35.707,-34.333,-33.265,-30.976,-29.603,-28.84,-28.535,-25.33,-22.279,-18.769,-15.717,-11.902,-10.224,-8.24,-6.8667,-4.7304,-4.883,-5.6459,-8.6978,-12.665,-17.243,-21.058,-24.72,-25.788,-26.399,-28.23,-32.35,-35.249,-41.047,-46.083,-49.135,-48.982,-46.693,-43.031,-37.538,-30.519,-24.415,-15.87,-7.3244,-0.61037,1.8311,5.3407,6.4089,6.8667,2.8993,0.61037,-1.9837,-3.0519,-4.5778,-5.4933,-6.8667,-8.5452,-12.36,-14.649,-18.921,-20.447,-24.567,-27.924,-31.892,-33.57,-35.859,-38.148,-40.437,-42.879,-45.93,-47.761,-52.492,-54.17,-55.849,-54.628,-53.865,-53.713,-56.612,-58.901,-59.358,-57.527,-58.138,-60.579,-66.836,-72.634,-79.196,-84.078,-89.419,-93.234,-96.591,-97.659,-97.354,-96.438,-100.25,-103.46,-104.98,-104.22,-105.44,-108.19,-114.44,-114.9,-114.14,-109.26,-106.81,-102.54,-98.27,-90.945,-82.247,-75.228,-71.261,-67.446,-64.089,-58.596,-56.764,-56.001,-55.391,-51.729,-47.456,-40.284,-31.281,-23.194,-17.396,-13.123,-12.36,-11.597,-12.818,-13.123,-15.107,-17.853,-22.584,-27.314,-33.113,-39.216,-45.93,-51.576,-56.154,-57.222,-59.206,-59.206,-61.953,-62.563,-62.563,-63.631,-68.514,-72.634,-78.433,-81.484,-81.942,-79.958,-79.653,-79.196,-81.79,-82.247,-82.553,-80.264,-79.348,-79.348,-79.196,-79.501,-80.721,-81.79,-83.316,-83.468,-85.147,-87.588,-90.793,-92.776,-95.523,-96.896,-97.812,-100.1,-102.69,-103.46,-103.61,-100.71,-99.338,-96.133,-93.692,-88.809,-87.893,-85.452,-84.078,-83.468,-83.773,-83.01,-82.705,-83.163,-87.13,-88.046,-88.809,-86.062,-84.841,-81.79,-80.111,-78.28,-77.67,-76.754,-76.296,-75.076,-76.144,-77.517,-80.416,-82.095,-84.994,-85.299,-83.773,-80.111,-76.601,-72.329,-69.887,-64.394,-58.901,-50.813,-44.404,-36.164,-28.382,-20.447,-13.581,-6.5615,-0.61037,5.0356,8.3926,11.902,15.107,20.905,24.262,29.145,32.044,34.333,36.775,39.064,40.59,41.963,40.742,41.505,41.2,41.81,43.031,45.015,47.914,52.339,56.612,62.563,69.277,74.77,81.942,91.403,95.828,100.56,103.31,108.65,111.85,116.43,120.24,122.99,127.72,133.82,138.4,144.66,150.3,156.25,158.85,162.51,163.58,163.88,163.27,162.82,163.43,163.43,163.88,166.33,166.48,167.85,167.7,168.31,167.85,167.09,166.78,167.24,169.38,173.96,176.7,179.75,180.06,180.97,178.53,178.69,179.3,180.52,182.35,186.62,189.98,193.64,197.45,201.57,204.47,210.27,216.68,224.31,230.26,235.91,240.33,244.61,247.35,251.63,254.68,257.73,258.03,259.1,259.1,257.73,253.15,247.51,243.08,239.42,237.59,237.28,235.3,235.91,235.91,238.5,241.55,244.91,247.51,248.73,248.27,245.83,242.93,241.55,240.79,241.86,240.03,239.11,236.37,236.21,237.74,239.11,239.11,238.2,236.21,234.69,232.7,229.65,225.23,223.4,221.72,221.72,221.41,219.89,218.82,217.6,214.24,211.34,206.92,203.71,200.96,201.27,199.74,198.22,195.93,194.1,191.2,189.52,189.06,188.76,187.84,187.99,187.08,187.99,188.45,189.21,188.45,188.45,188.76,189.06,191.5,194.56,197.91,200.05,199.9,199.13,198.22,197.3,194.56,192.57,193.33,193.18,192.72,191.05,187.54,182.81,176.4,170.9,166.17,164.04,160.99,159.15,155.03,151.22,147.4,144.35,141.61,139.62,137.33,136.57,132.91,129.09,123.29,120.09,117.5,115.97,114.9,113.22,111.39,110.02,106.2,104.83,104.22,105.14,104.83,106.51,106.81,106.36,103.31,101.02,97.049,90.793,85.452,81.637,77.67,76.296,73.702,72.481,69.277,66.53,64.241,62.716,61.8,61.19,59.664,59.206,60.121,60.884,59.206,56.917,53.102,52.034,52.797,53.713,52.797,50.813,48.067,46.846,46.846,47.761,47.456,46.999,45.015,43.489,40.895,40.284,39.521,39.216,37.843,34.944,30.519,25.941,21.363,16.785,10.834,7.6296,3.5096,1.3733,-1.6785,-4.4252,-5.6459,-7.477,-9.003,-10.681,-13.733,-17.243,-22.279,-26.093,-29.603,-32.197,-35.554,-37.538,-40.437,-44.404,-46.999,-48.067,-51.576,-55.544,-60.427,-65.004,-72.634,-78.585,-83.468,-83.621,-82.705,-80.264,-78.433,-76.907,-76.449,-76.449,-77.975,-80.874,-85.299,-87.741,-89.419,-89.419,-91.861,-92.624,-92.776,-92.166,-91.098,-89.877,-89.877,-90.335,-91.25,-91.098,-92.776,-92.013,-93.234,-93.844,-94.607,-94.15,-93.844,-94.15,-94.607,-94.455,-95.218,-94.607,-96.591,-97.354,-99.796,-103.15,-109.26,-116.43,-123.6,-128.64,-132.45,-135.04,-137.33,-137.03,-138.25,-137.94,-139.01,-139.93,-141.91,-140.84,-142.37,-142.83,-141.91,-139.47,-136.72,-133.52,-131.53,-128.64,-128.18,-129.55,-132.6,-134.43,-134.43,-131.99,-128.18,-120.55,-114.44,-110.17,-107.43,-106.51,-105.9,-102.08,-99.643,-95.065,-92.013,-90.03,-91.556,-94.76,-98.575,-103,-108.8,-113.68,-118.56,-121.92,-125.28,-126.65,-130.16,-135.65,-143.44,-148.78,-153.97,-156.87,-159.92,-160.99,-161.6,-159.92,-159.15,-156.41,-153.81,-148.93,-146.18,-141.61,-135.2,-126.65,-122.07,-117.04,-113.83,-108.65,-104.22,-100.25,-97.659,-93.692,-90.335,-86.978,-85.604,-81.332,-79.501,-78.28,-79.806,-81.942,-86.367,-89.572,-92.471,-94.302,-95.981,-95.218,-96.744,-95.981,-98.27,-98.88,-101.63,-104.83,-109.71,-113.22,-116.12,-118.56,-122.68,-124.67,-125.74,-125.43,-128.79,-129.25,-131.38,-129.55,-128.48,-127.26,-126.65,-125.43,-124.97,-124.67,-127.26,-129.25,-135.04,-140.84,-147.4,-152.13,-156.25,-158.7,-162.05,-162.51,-163.12,-165.26,-167.7,-170.14,-171.97,-173.5,-175.63,-176.7,-177.31,-176.85,-177.31,-178.53,-180.97,-183.26,-185.09,-187.69,-190.74,-192.88,-193.03,-191.81,-191.05,-189.37,-187.84,-185.71,-184.48,-183.72,-184.33,-183.57,-183.11,-181.74,-178.99,-175.63,-173.96,-171.21,-169.53,-165.11,-161.75,-157.02,-152.75,-146.95,-140.08,-130.77,-121.31,-113.83,-108.19,-103,-97.201,-91.556,-87.436,-81.79,-76.449,-67.904,-60.732,-52.187,-46.236,-40.742,-37.08,-33.113,-30.824,-27.467,-23.652,-18.159,-14.039,-7.7822,-2.1363,5.7985,10.681,16.938,22.431,27.924,32.044,35.249,37.69,40.59,42.573,45.93,48.982,54.781,58.596,62.563,66.53,73.244,77.059,78.433,79.653,83.621,87.13,89.267,91.098,93.692,93.692,95.676,96.591,97.812,97.201,97.049,97.201,97.201,97.507,97.201,96.133,93.844,90.945,89.877,86.062,83.01,78.127,76.296,73.397,72.481,71.413,69.124,66.683,66.378,65.92,66.378,66.988,69.43,70.04,73.55,76.296,80.264,83.163,87.741,93.997,100.41,108.95,119.17,129.25,140.08,150.3,160.22,168.16,177.62,185.25,193.49,202.03,212.1,221.26,229.19,238.04,248.27,256.81,266.12,274.97,284.43,294.2,303.2,308.39,312.05,316.93,321.82,325.02,325.94,324.87,325.79,323.5,321.05,317.55,313.88,307.47,300.45,292.21,284.89,277.11,270.24,261.85,252.85,240.18,229.8,219.12,209.05,198.68,189.67,182.35,175.63,168.77,163.12,157.63,152.75,147.71,145.42,143.59,142.37,139.47,136.88,133.37,130.31,128.03,126.35,124.82,123.91,120.85,119.17,116.43,114.9,112.46,112.31,112.92,111.09,109.56,108.95,107.73,105.75,100.41,96.591,92.776,90.945,88.504,87.283,83.926,78.585,73.092,67.446,61.8,59.206,57.222,54.781,48.982,44.252,37.843,32.35,29.756,27.314,25.025,21.973,18.616,16.938,16.327,15.412,11.902,7.3244,0.91556,-3.2044,-9.3081,-14.954,-21.058,-24.873,-27.009,-30.519,-33.113,-33.418,-36.164,-39.521,-44.404,-49.135,-54.018,-56.154,-58.443,-59.816,-61.495,-63.021,-64.699,-68.667,-72.634,-76.144,-81.332,-84.384,-88.504,-91.861,-95.828,-99.338,-103.31,-107.73,-114.29,-121.62,-130.31,-137.03,-143.74,-148.17,-153.97,-156.87,-161.14,-163.88,-167.24,-169.38,-174.57,-179.3,-182.65,-184.79,-189.83,-192.27,-194.86,-195.47,-196.84,-198.37,-200.66,-198.98,-194.86,-189.37,-182.81,-173.8,-168.77,-167.39,-168.16,-167.39,-166.78,-165.41,-165.26,-162.82,-164.49,-165.41,-164.8,-162.66,-161.6,-159.92,-158.85,-158.54,-159.76,-157.93,-157.48,-155.8,-155.64,-152.13,-151.52,-151.83,-151.83,-151.07,-148.93,-146.18,-145.73,-146.34,-149.08,-150.46,-152.29,-152.9,-153.97,-151.83,-150.91,-148.47,-145.73,-141.3,-135.96,-129.7,-125.13,-120.85,-117.34,-113.83,-113.53,-112,-110.32,-105.44,-101.17,-93.692,-85.147,-74.77,-65.615,-57.68,-50.508,-44.71,-42.573,-41.047,-42.573,-44.252,-48.83,-53.56,-59.816,-67.446,-74.465,-82.247,-90.64,-97.659,-104.37,-109.71,-116.28,-120.09,-125.43,-129.09,-133.52,-135.65,-136.27,-135.81,-135.2,-134.28,-134.59,-132.76,-131.99,-129.09,-127.41,-124.21,-122.07,-119.79,-119.48,-118.41,-117.34,-114.6,-111.55,-108.49,-106.97,-105.14,-106.2,-105.75,-105.44,-102.54,-102.54,-102.39,-102.69,-104.22,-106.81,-107.88,-109.26,-108.19,-106.97,-104.53,-103.61,-99.948,-97.201,-92.318,-87.588,-85.299,-85.452,-84.384,-85.147,-85.452,-85.452,-84.689,-86.52,-88.809,-92.776,-94.15,-97.201,-98.422,-98.117,-99.185,-97.964,-95.981,-95.981,-94.607,-93.539,-90.793,-86.673,-80.874,-77.975,-77.517,-75.076,-71.871,-68.667,-62.258,-54.323,-46.693,-44.557,-43.794,-46.388,-46.541,-45.167,-42.726,-39.064,-35.401,-33.57,-31.587,-34.944,-39.064,-45.93,-50.356,-52.492,-51.576,-53.255,-56.307,-62.105,-70.803,-82.705,-92.318,-102.08,-109.26,-116.28,-118.72,-123.6,-126.5,-128.48,-129.55,-128.48,-126.96,-128.94,-127.57,-124.52,-118.11,-112.77,-107.12,-103.15,-97.659,-93.081,-91.25,-90.793,-90.487,-88.809,-84.536,-79.348,-73.244,-69.124,-62.868,-57.07,-53.255,-54.323,-55.391,-56.459,-55.391,-55.696,-56.154,-57.07,-54.781,-55.238,-55.238,-56.001,-55.238,-59.969,-64.547,-71.261,-77.059,-81.027,-83.926,-87.588,-89.419,-90.487,-89.419,-89.419,-87.741,-86.673,-84.841,-82.247,-79.501,-78.89,-77.822,-77.67,-76.601,-77.212,-78.585,-81.332,-82.247,-82.4,-81.332,-79.501,-78.585,-78.585,-77.212,-77.364,-78.433,-81.637,-83.926,-88.198,-91.556,-93.844,-94.15,-92.929,-88.961,-86.215,-81.79,-78.433,-74.16,-69.887,-64.852,-61.647,-57.222,-53.865,-49.745,-46.693,-41.658,-37.843,-34.333,-31.129,-26.551,-22.889,-16.48,-11.75,-5.0356,-0.76296,5.6459,10.224,13.886,19.227,28.535,37.385,46.541,51.271,58.596,65.615,73.092,78.585,84.841,92.013,98.575,104.83,110.17,112.77,113.83,111.55,109.41,107.88,106.97,103.15,98.88,95.37,93.539,90.487,87.893,84.536,84.384,84.841,86.978,86.367,86.673,85.452,84.994,85.147,84.689,84.689,84.689,84.994,85.91,86.062,86.52,85.91,87.283,90.182,95.828,101.32,104.68,105.9,107.88,110.02,111.85,112.61,112.31,109.56,108.95,108.34,108.04,104.53,100.71,98.727,97.354,96.133,94.455,91.25,88.504,83.163,79.958,74.313,68.514,63.631,59.969,56.001,53.56,49.745,46.999,43.947,42.879,39.521,37.843,35.707,34.181,30.671,27.619,22.736,19.227,15.717,15.412,13.886,14.344,11.444,9.7659,5.3407,1.9837,-0,-1.0681,-0.91556,-0.91556,-3.6622,-7.6296,-13.123,-16.633,-22.279,-26.856,-30.366,-31.739,-32.502,-32.044,-32.655,-33.265,-34.028,-33.57,-34.944,-32.807,-33.265,-33.265,-34.944,-34.944,-34.791,-35.859,-38.759,-40.132,-39.827,-38.301,-37.996,-34.944,-33.113,-31.281,-32.502,-32.044,-31.587,-31.281,-32.197,-32.655,-33.57,-33.723,-36.622,-39.064,-42.726,-44.252,-46.999,-50.966,-56.307,-59.511,-63.173,-66.225,-69.582,-71.413,-74.313,-75.381,-79.348,-81.79,-85.604,-89.724,-94.607,-99.033,-102.85,-107.12,-112,-114.29,-116.43,-118.72,-122.84,-124.82,-127.57,-130.47,-132.76,-134.59,-136.42,-138.4,-142.22,-144.96,-149.24,-151.52,-155.95,-158.39,-162.51,-163.88,-166.17,-167.24,-170.29,-173.04,-175.94,-177.16,-179.91,-179.75,-182.04,-182.81,-185.09,-185.86,-187.38,-188.3,-189.83,-191.66,-194.25,-195.32,-196.69,-197.15,-200.35,-201.73,-204.32,-205.39,-208.44,-209.05,-210.27,-211.19,-211.49,-211.65,-212.56,-212.71,-214.85,-214.55,-216.22,-215.92,-216.53,-215.46,-214.24,-212.26,-210.73,-209.05,-207.98,-205.69,-205.54,-202.8,-203.25,-203.25,-203.25,-203.86,-205.69,-206,-205.54,-203.56,-204.02,-203.1,-203.71,-202.19,-202.19,-200.05,-198.98,-196.84,-195.17,-193.33,-193.64,-192.11,-192.42,-189.83,-190.44,-188.45,-187.84,-185.86,-184.18,-182.2,-180.67,-178.69,-178.38,-175.63,-176.24,-174.72,-174.26,-172.73,-171.82,-169.99,-169.53,-167.85,-166.94,-164.8,-165.56,-163.27,-161.29,-158.24,-156.25,-154.27,-153.05,-149.85,-147.1,-143.13,-141.45,-138.86,-137.18,-132.15,-129.25,-125.74,-122.38,-119.79,-117.95,-115.21,-113.07,-109.87,-108.19,-104.37,-100.56,-95.981,-90.793,-86.062,-81.637,-76.754,-72.024,-67.904,-65.157,-61.953,-59.664,-56.307,-53.56,-50.813,-46.999,-42.573,-38.301,-33.723,-31.281,-26.704,-21.516,-16.022,-12.207,-7.3244,-3.0519,1.6785,6.1037,10.681,14.344,19.837,23.804,29.145,33.418,38.606,42.726,47.761,51.729,56.764,60.732,65.767,69.735,75.228,77.975,84.384,89.114,93.844,97.049,100.41,104.53,110.17,115.05,121.31,126.35,132.45,135.96,139.62,142.06,144.66,146.64,149.69,153.36,158.39,163.12,168.92,173.35,177.92,180.82,184.79,186.32,187.69,189.06,190.28,191.05,190.89,189.98,189.52,185.86,184.64,183.11,182.65,180.06,177.31,174.87,170.45,165.11,161.44,155.49,151.83,144.96,141,136.88,136.27,136.11,136.57,135.2,134.59,132.91,132.6,131.08,128.33,124.67,122.84,117.5,112.46,105.59,101.93,98.27,94.76,90.335,87.588,86.673,90.03,92.166,95.828,97.659,100.71,102.54,107.58,113.68,121.31,129.55,139.47,149.54,159.92,169.68,181.89,192.11,204.17,215.92,230.41,243.84,257.12,269.94,284.59,299.08,312.05,323.8,335.86,345.62,354.17,360.73,366.53,371.72,376.75,380.72,384.53,387.13,389.11,390.18,392.32,392.62,393.54,392.62,391.71,387.74,382.85,376.75,369.27,360.42,351.57,340.89,330.97,319.38,309.31,298.01,286.42,274.82,262.76,250.56,238.5,226.45,215.77,202.8,190.44,176.85,163.43,150.61,139.77,127.57,116.58,104.68,92.624,80.874,69.43,57.985,46.541,32.044,18.616,2.5941,-9.4607,-23.957,-38.759,-53.407,-69.735,-85.91,-99.643,-112.92,-124.06,-134.59,-142.52,-152.59,-160.53,-167.55,-169.68,-173.96,-173.65,-171.97,-170.6,-166.17,-156.41,-146.79,-142.83,-144.96,-141.3,-129.55,-109.56,-87.283,-57.222,-28.23,0.30519,33.113,70.65,92.318,97.812,104.83,120.09,136.72,155.19,171.06,186.62,197.15,203.25,198.68,185.86,166.78,147.1,120.85,91.098,63.631,40.742,17.09,-9.4607,-38.453,-62.258,-85.147,-105.9,-128.94,-149.85,-172.89,-194.56,-216.38,-235.91,-252.85,-267.49,-280.01,-290.08,-299.54,-307.78,-316.78,-324.26,-331.89,-337.69,-343.64,-349.13,-353.56,-356.91,-359.81,-361.19,-362.41,-363.02,-364.39,-364.7,-365.92,-363.48,-359.97,-355.24,-350.81,-345.32,-339.82,-334.03,-326.4,-318.61,-308.85,-299.69,-290.99,-280.62,-271.46,-261.09,-252.08,-243.08,-234.08,-225.84,-215.92,-206.61,-197.91,-188.91,-179.91,-170.6,-161.6,-150.76,-140.84,-129.4,-119.94,-109.41,-98.575,-86.52,-74.618,-64.547,-54.323,-43.336,-33.418,-23.804,-14.801,-5.4933,2.1363,10.681,16.48,24.567,32.807,41.047,50.508,59.969,68.819,76.907,83.316,90.487,97.354,105.59,112.46,121.31,128.79,137.33,143.59,150.61,157.32,163.73,170.14,176.09,179.91,183.11,185.4,189.37,193.18,197.45,200.51,203.86,207.22,211.49,215.61,218.21,220.19,221.87,222.48,223.85,225.68,228.43,230.11,231.94,232.55,233.77,234.08,233.92,234.99,235.91,236.98,237.28,236.06,236.82,234.84,234.23,232.86,234.08,233.92,234.99,234.53,235.76,236.06,236.98,236.98,237.43,236.82,239.11,239.88,243.08,245.22,248.57,250.86,253.46,256.66,260.02,261.85,264.14,265.97,268.56,270.24,273.6,275.58,277.87,279.4,282.6,286.26,289.47,292.83,297.25,301.22,304.27,305.49,308.69,309.31,311.29,314.34,317.39,318.31,320.14,320.9,320.44,319.53,319.22,317.09,313.73,310.22,307.47,303.05,299.23,295.72,293.13,288.55,284.74,279.7,273.9,269.63,268.41,267.34,265.82,263.07,260.48,255.59,252.08,247.51,245.52,243.23,242.16,241.4,241.1,239.72,237.59,235.6,235.3,234.53,234.53,231.48,231.64,229.8,228.74,227.67,227.21,224.77,222.94,220.19,217.9,216.38,216.53,214.24,213.78,210.88,209.66,206.76,204.02,200.96,197.76,195.32,192.42,187.99,184.64,180.06,176.09,171.51,170.9,171.21,171.67,169.38,164.95,160.99,159.15,155.03,152.44,148.78,144.35,139.47,135.35,131.69,128.33,125.28,122.53,118.26,115.97,110.17,103.92,99.49,97.964,97.507,96.286,93.539,92.166,90.64,87.893,84.689,83.773,79.958,76.296,74.313,72.481,70.345,71.413,74.465,76.449,77.517,78.585,75.533,73.244,69.887,66.378,62.41,59.816,57.985,56.001,52.644,49.745,45.93,42.268,35.554,30.976,25.025,19.532,14.191,10.987,8.5452,5.3407,3.357,-0.91556,-5.6459,-9.003,-13.733,-16.175,-18.921,-20.447,-23.194,-22.736,-20.6,-19.379,-16.633,-14.039,-13.428,-12.36,-9.7659,-4.2726,-1.5259,4.2726,10.224,13.886,14.649,13.123,11.444,7.9348,2.7467,-2.8993,-8.24,-14.039,-19.379,-23.804,-30.213,-36.012,-44.404,-49.287,-53.255,-57.222,-61.953,-67.751,-75.076,-82.4,-89.572,-94.76,-99.948,-103.61,-108.49,-111.09,-113.22,-113.83,-115.67,-118.41,-122.68,-127.57,-130.92,-130.77,-128.33,-127.72,-130.16,-132.6,-133.98,-135.35,-138.25,-136.88,-134.13,-131.53,-131.53,-131.38,-132.6,-134.74,-137.79,-138.4,-140.54,-140.84,-143.59,-145.42,-151.07,-158.24,-166.17,-173.04,-178.53,-183.57,-189.52,-193.18,-200.35,-204.78,-207.68,-208.14,-212.26,-212.87,-213.17,-214.7,-218.21,-223.85,-229.5,-232.09,-235.15,-234.53,-232.86,-227.67,-227.36,-232.55,-238.04,-241.86,-244.61,-245.98,-251.32,-256.05,-260.48,-261.54,-262.15,-258.03,-252.39,-248.88,-245.37,-239.72,-236.37,-233.77,-230.57,-226.45,-228.13,-232.09,-237.28,-238.81,-239.11,-237.43,-237.43,-233.92,-229.04,-221.87,-218.05,-213.48,-207.68,-200.2,-196.54,-196.08,-200.2,-204.17,-210.73,-212.1,-210.88,-202.64,-189.83,-171.67,-154.88,-140.08,-126.5,-114.75,-106.66,-99.796,-94.76,-88.961,-84.078,-77.212,-68.972,-58.748,-51.118,-47.151,-43.489,-37.233,-32.655,-25.483,-18.616,-8.3926,2.7467,12.513,20.6,23.194,21.516,19.074,13.428,11.139,9.1556,8.8504,6.2563,4.2726,3.6622,4.4252,5.0356,5.6459,5.3407,2.7467,-3.5096,-9.003,-14.954,-19.837,-27.009,-33.418,-40.132,-45.93,-51.424,-55.086,-58.138,-59.053,-61.495,-60.274,-64.394,-70.956,-78.89,-84.078,-90.64,-99.948,-109.26,-117.8,-126.04,-132.15,-140.39,-149.54,-159.76,-167.09,-176.09,-183.42,-194.1,-201.12,-209.05,-215,-218.51,-219.89,-222.94,-226.14,-229.96,-230.26,-234.69,-237.74,-243.08,-247.51,-252.54,-256.05,-259.71,-263.22,-266.73,-268.87,-269.48,-268.72,-269.02,-269.02,-269.94,-270.55,-271.77,-271.16,-270.39,-270.55,-270.55,-271.46,-272.23,-272.84,-274.06,-273.45,-273.9,-272.07,-270.39,-269.33,-269.02,-268.41,-269.17,-269.48,-269.63,-270.24,-270.39,-269.17,-268.72,-264.44,-260.32,-255.44,-251.78,-244.15,-236.67,-230.11,-221.72,-214.55,-211.65,-209.36,-205.54,-201.27,-196.23,-190.74,-187.38,-182.81,-178.84,-173.04,-170.9,-168.46,-165.11,-161.6,-158.7,-155.34,-151.07,-146.03,-142.06,-135.5,-130.16,-123.6,-118.87,-112.31,-104.98,-94.913,-85.299,-74.77,-63.326,-49.898,-38.911,-27.009,-18.769,-8.8504,-1.8311,5.9511,12.055,21.516,32.96,44.557,54.17,63.173,73.092,81.332,85.757,91.708,97.507,105.9,114.14,123.14,128.48,134.13,139.47,146.18,150.3,153.81,155.49,159.15,163.12,170.9,176.24,182.5,185.86,191.96,200.05,208.59,217.6,226.75,234.08,241.55,246.59,251.63,255.13,260.63,265.82,272.68,278.18,284.59,291.76,297.86,304.88,311.59,316.32,321.67,326.24,331.13,333.87,336.77,337.38,337.69,339.37,344.1,349.28,354.32,357.83,362.25,364.09,365.15,363.93,364.24,363.78,364.7,365.31,366.68,366.37,363.93,361.49,361.03,359.66,359.81,360.27,359.2,357.07,354.63,352.49,349.44,345.62,342.72,339.52,337.69,335.09,332.8,329.29,326.85,326.7,327.16,326.55,324.87,320.9,318,311.75,306.41,300.61,295.88,291.15,285.81,281.99,279.09,276.04,274.06,272.68,272.99,272.53,270.55,264.9,260.48,257.12,254.22,250.1,247.2,244.45,241.86,237.28,234.84,230.26,227.82,225.53,224.92,224.16,222.94,220.5,217.6,214.7,213.78,210.43,208.44,206.61,205.69,204.17,203.1,203.71,204.32,206.15,209.2,210.12,210.43,207.37,205.39,201.88,199.29,193.03,189.37,183.42,178.23,171.36,163.27,153.81,144.35,135.96,129.4,122.38,117.8,112,107.73,103.31,99.643,95.828,93.692,93.387,93.234,90.945,89.419,84.536,79.806,74.618,73.092,70.498,71.108,71.718,72.939,73.397,74.16,73.397,72.329,71.413,71.413,70.193,69.277,67.293,66.378,61.495,57.527,54.018,53.407,52.95,51.271,50.203,52.492,53.407,52.034,48.372,46.236,42.726,40.742,37.233,35.707,31.892,28.382,25.33,21.058,16.022,12.97,10.529,6.8667,0.91556,-3.9674,-11.902,-17.396,-24.72,-29.603,-34.486,-36.47,-38.911,-43.336,-49.593,-54.018,-59.816,-65.462,-72.481,-74.923,-76.449,-77.364,-80.721,-82.553,-85.452,-87.283,-87.588,-89.267,-91.556,-91.403,-89.114,-88.046,-91.708,-95.218,-99.338,-101.63,-103.46,-103.61,-105.14,-105.29,-105.14,-103.92,-103.92,-104.07,-104.83,-105.44,-108.8,-110.93,-116.28,-123.14,-130.77,-137.49,-145.73,-154.73,-162.82,-172.43,-180.82,-189.37,-195.01,-195.32,-197.3,-196.84,-197.3,-198.22,-203.25,-207.22,-208.29,-205.85,-203.56,-200.05,-198.22,-195.62,-194.25,-192.42,-193.95,-197.15,-200.66,-201.73,-205.69,-210.58,-214.09,-212.87,-209.36,-205.39,-207.07,-207.68,-209.36,-210.58,-213.63,-213.63,-213.93,-212.26,-211.65,-210.73,-213.48,-216.83,-222.33,-224.92,-228.89,-231.94,-234.84,-236.67,-237.59,-238.04,-238.96,-238.35,-238.5,-240.33,-243.69,-245.98,-252.39,-257.27,-263.37,-267.19,-271.16,-273.75,-277.11,-281.53,-286.42,-288.4,-293.89,-296.03,-298.32,-298.93,-299.08,-298.62,-301.83,-307.78,-315.1,-321.36,-327.62,-332.5,-338.76,-343.18,-348.52,-350.05,-353.71,-357.98,-365.61,-371.72,-375.07,-374,-369.58,-366.83,-368.36,-369.73,-373.24,-375.53,-378.58,-379.65,-382.24,-381.48,-378.12,-372.63,-367.44,-363.02,-360.12,-355.39,-352.49,-348.22,-344.71,-339.98,-336.92,-332.96,-329.45,-326.09,-323.04,-321.05,-319.99,-321.21,-323.5,-323.19,-321.51,-316.17,-312.36,-307.32,-300.76,-294.2,-288.71,-282.14,-274.67,-267.65,-261.54,-253.91,-248.42,-244.3,-242.77,-237.28,-230.41,-221.41,-213.48,-204.17,-199.59,-197.61,-196.39,-195.01,-191.96,-185.09,-179.91,-172.89,-168.16,-162.97,-157.93,-152.9,-149.39,-143.74,-137.79,-130.77,-126.04,-119.94,-117.19,-114.6,-114.14,-113.68,-116.73,-121.01,-126.19,-127.41,-126.04,-123.75,-122.38,-120.24,-116.28,-111.09,-109.87,-108.04,-109.26,-109.87,-110.17,-107.27,-101.78,-96.896,-90.182,-80.416,-71.566,-63.936,-59.206,-53.865,-52.492,-50.813,-50.966,-49.135,-49.44,-50.05,-52.95,-57.375,-62.41,-63.021,-60.579,-54.018,-50.203,-46.846,-46.999,-48.067,-52.644,-57.07,-61.495,-63.784,-66.378,-66.073,-63.478,-59.816,-57.375,-53.255,-49.593,-45.015,-40.284,-32.044,-23.041,-10.376,-0.76296,8.3926,15.87,23.957,30.061,36.927,46.083,55.696,62.41,71.566,78.28,85.452,87.283,90.945,93.081,98.88,105.9,112.46,118.56,124.21,124.97,125.58,126.8,131.84,136.42,139.77,138.55,138.55,136.42,136.88,134.28,132.15,127.72,125.13,123.75,121.16,114.6,109.71,106.51,105.14,102.08,101.78,102.24,103.15,100.71,103.76,105.44,106.97,107.58,111.24,114.14,117.04,119.17,119.17,112.61,106.66,99.033,97.049,94.913,93.997,92.471,90.182,89.572,89.724,89.724,90.335,89.267,87.588,83.926,79.958,73.702,70.803,68.209,66.836,65.615,63.936,63.173,63.478,65.31,67.446,68.514,71.566,73.55,75.533,75.838,77.975,78.127,78.127,77.975,76.601,73.244,69.124,66.378,63.478,59.969,56.917,53.255,50.966,48.677,47.761,45.778,42.879,39.827,36.927,34.791,33.876,34.791,35.249,34.486,34.486,32.35,30.061,28.382,26.551,25.178,26.093,26.856,27.772,29.298,30.366,31.129,30.519,27.772,27.924,28.535,29.908,30.824,35.096,38.301,41.505,41.505,44.404,46.846,49.287,47.304,48.677,48.067,49.44,49.898,51.881,52.339,56.764,62.105,66.836,70.04,76.144,80.569,86.673,89.114,91.861,90.793,92.013,94.455,96.438,95.981,96.896,97.201,101.02,104.53,110.78,115.82,122.99,129.4,135.04,141,148.47,153.97,158.39,161.6,165.72,166.78,167.85,165.72,164.19,160.22,159.15,157.17,154.58,150.91,147.56,144.66,145.57,145.12,144.81,143.13,142.52,138.55,135.81,134.13,133.67,133.37,133.21,131.53,131.69,130.77,130.47,126.8,124.67,121.62,120.09,117.65,115.97,113.38,109.71,105.14,101.17,96.286,92.318,87.893,86.52,83.163,81.79,80.721,82.858,83.926,84.078,82.705,79.958,77.822,78.127,76.449,74.923,72.329,71.566,69.582,67.904,67.141,66.225,66.53,69.735,72.176,72.787,70.956,70.345,69.43,69.735,68.209,69.277,72.176,74.923,75.076,74.77,77.822,82.4,84.689,87.13,86.215,85.147,80.111,75.991,72.634,68.972,64.699,61.342,57.222,52.492,46.846,42.116,35.707,32.35,27.161,25.636,22.584,21.973,20.295,18.159,15.564,13.123,11.292,11.444,9.4607,9.7659,9.9185,10.071,7.6296,6.2563,6.1037,6.8667,5.9511,6.8667,7.3244,9.4607,10.987,11.597,9.4607,8.5452,6.8667,7.1718,6.1037,5.7985,4.2726,3.5096,1.8311,-0.45778,-4.7304,-7.0193,-10.376,-11.139,-11.139,-9.7659,-10.529,-10.529,-11.902,-14.191,-17.09,-19.99,-22.889,-23.041,-25.483,-24.415,-26.399,-28.687,-32.197,-31.892,-31.281,-29.145,-27.924,-26.856,-26.704,-23.652,-22.584,-18.616,-17.243,-14.649,-13.428,-11.444,-10.071,-7.9348,-7.477,-7.7822,-8.6978,-5.4933,-4.12,-2.4415,-2.8993,-1.6785,-2.4415,-2.1363,-0.61037,3.357,7.0193,9.7659,12.055,13.428,11.75,13.886,14.954,18.464,19.379,22.279,24.72,28.23,32.807,36.927,38.453,40.742,41.81,43.489,40.742,38.453,35.401,33.265,31.739,31.587,31.434,31.281,32.35,33.113,32.197,33.723,34.181,35.401,35.096,34.944,33.418,30.671,27.924,25.636,25.788,24.873,22.584,21.973,21.058,21.058,19.379,20.447,20.753,19.684,19.684,17.853,14.954,13.123,12.665,15.107,15.717,15.107,14.344,16.327,18.769,20.753,21.363,23.499,25.33,29.298,32.502,35.554,35.707,36.317,36.164,35.707,33.876,31.281,28.687,27.314,26.093,28.84,32.197,38.453,42.116,46.388,49.135,52.034,52.95,51.118,46.846,41.963,34.333,27.772,18.464,12.97,5.9511,-0.45778,-4.2726,-6.2563,-6.1037,-5.1881,-6.1037,-5.6459,-9.9185,-13.123,-14.954,-14.649,-13.276,-11.139,-8.24,-4.2726,0.15259,3.9674,6.4089,7.6296,6.1037,5.6459,5.4933,5.1881,2.2889,-1.5259,-5.6459,-9.9185,-14.954,-20.295,-27.467,-32.35,-40.132,-45.473,-51.729,-54.323,-60.121,-66.225,-73.702,-81.942,-92.776,-103.61,-113.53,-121.77,-128.94,-133.67,-139.16,-142.83,-148.01,-152.13,-157.02,-160.07,-164.19,-168.77,-174.26,-179.3,-185.86,-189.21,-192.88,-193.79,-195.62,-196.69,-198.68,-199.13,-200.51,-199.9,-200.05,-199.74,-198.98,-195.32,-192.72,-188.6,-182.96,-175.48,-171.51,-167.09,-162.82,-157.32,-150.15,-141.61,-133.52,-124.36,-115.82,-107.27,-99.643,-90.182,-83.468,-73.702,-65.767,-56.154,-47.151,-37.08,-26.093,-15.564,-4.7304,8.5452,20.295,30.824,40.284,51.118,58.596,68.514,78.89,90.335,99.185,108.04,116.28,124.82,132.45,140.54,145.88,151.98,156.56,163.43,168.16,173.65,176.09,178.38,181.13,184.18,187.38,191.05,194.86,198.52,200.35,202.49,203.25,205.08,206.31,208.44,208.59,210.88,212.87,213.93,216.07,219.12,221.41,223.7,224.31,227.67,230.11,234.69,235.91,238.04,239.42,240.64,242.62,246.13,251.01,256.66,260.32,264.14,268.56,273.6,276.96,281.84,284.74,287.79,289.62,291.76,293.28,293.44,291.91,291.45,289.77,288.71,286.26,284.13,281.69,281.08,280.16,278.48,277.57,275.28,272.07,269.78,267.19,266.12,262.92,260.17,256.2,254.22,251.47,249.03,248.12,246.13,242.16,238.35,233.77,229.65,225.99,224.92,222.63,222.02,219.73,216.83,211.34,206.76,202.34,199.9,197.3,194.1,190.74,188.45,185.25,184.03,181.43,180.06,176.7,174.57,172.12,169.38,167.85,168.61,169.38,169.07,168.46,167.85,166.02,166.33,166.17,165.41,165.26,167.09,167.85,167.55,166.17,165.26,164.49,166.63,168.46,169.99,169.23,169.99,168.77,169.68,169.68,170.29,170.9,171.82,170.45,166.78,162.82,160.83,157.48,155.34,152.9,152.59,150.15,148.93,147.1,145.42,144.05,141.45,136.88,131.84,126.96,123.91,118.41,113.07,107.27,102.69,98.575,93.387,88.198,82.553,74.618,65.31,55.696,48.372,39.369,33.113,26.856,23.499,20.142,15.564,10.987,5.6459,0.76296,-4.12,-10.071,-13.123,-14.801,-15.412,-16.48,-16.175,-17.09,-18.769,-19.99,-18.311,-14.649,-9.7659,-5.0356,-0.91556,1.3733,6.5615,10.224,13.123,14.344,17.396,22.889,25.788,27.467,28.077,28.23,26.399,25.025,26.856,28.84,28.84,22.889,18.311,13.428,10.224,6.5615,2.4415,-0.45778,-2.2889,-3.9674,-4.12,-7.9348,-10.834,-15.412,-20.295,-26.093,-34.944,-45.167,-53.865,-61.342,-68.514,-75.991,-82.858,-89.724,-93.387,-100.71,-108.19,-116.89,-124.67,-130.31,-131.69,-131.69,-131.08,-129.55,-127.72,-127.87,-126.5,-126.04,-126.35,-130.31,-134.43,-139.62,-144.66,-151.52,-157.78,-163.27,-165.26,-167.24,-168.92,-170.45,-169.68,-173.19,-176.85,-182.65,-186.77,-190.44,-192.88,-197.3,-200.66,-203.41,-205.24,-209.66,-211.49,-214.7,-217.29,-220.65,-219.73,-219.28,-219.43,-220.95,-221.41,-221.87,-223.09,-224.46,-225.99,-229.04,-232.25,-236.98,-238.81,-239.57,-237.28,-233.77,-231.48,-231.48,-233.01,-234.38,-233.92,-233.31,-231.79,-232.09,-231.64,-232.25,-231.03,-231.18,-230.41,-230.72,-230.41,-229.5,-227.97,-227.67,-226.75,-228.28,-227.21,-225.99,-220.19,-216.07,-211.19,-207.68,-205.08,-201.88,-197.45,-194.1,-189.98,-186.01,-180.82,-176.4,-169.53,-162.97,-157.48,-154.42,-151.52,-148.93,-148.01,-146.49,-146.34,-146.49,-143.74,-141.76,-138.86,-136.42,-132.6,-129.86,-127.26,-125.43,-123.91,-122.23,-121.46,-119.48,-117.04,-114.44,-112,-110.93,-107.58,-105.29,-103.15,-102.69,-101.93,-101.63,-102.08,-100.56,-98.575,-95.37,-92.318,-90.487,-89.877,-90.335,-88.504,-88.198,-87.283,-86.215,-83.926,-82.4,-82.858,-84.994,-85.757,-86.978,-88.351,-91.25,-93.081,-95.676,-94.913,-94.15,-92.929,-92.624,-92.929,-93.539,-94.607,-93.387,-92.166,-90.793,-89.877,-91.556,-92.166,-92.166,-91.403,-91.556,-88.656,-83.926,-80.264,-76.907,-72.176,-66.988,-60.732,-52.95,-46.236,-39.827,-30.976,-23.347,-13.581,-3.8148,5.3407,11.292,14.496,15.717,18.006,20.905,24.415,23.347,21.973,17.853,14.039,9.4607,7.6296,8.0874,9.7659,11.139,12.055,9.003,5.0356,-1.3733,-3.9674,-5.4933,-5.6459,-6.8667,-4.4252,-4.12,-2.5941,-0.61037,1.8311,7.1718,12.207,16.48,21.363,21.973,17.09,7.477,-0.45778,-9.003,-15.87,-24.415,-29.45,-32.197,-36.164,-39.674,-41.963,-41.047,-40.132,-40.742,-43.031,-47.609,-50.813,-58.138,-64.852,-72.481,-77.212,-82.095,-86.215,-90.64,-95.218,-101.93,-108.8,-116.43,-124.82,-133.98,-140.08,-146.95,-151.22,-155.8,-158.54,-160.53,-161.29,-162.05,-162.97,-164.49,-164.8,-167.39,-168.46,-169.99,-169.99,-171.51,-170.9,-171.97,-172.12,-172.43,-171.06,-168,-164.19,-161.14,-157.02,-154.12,-149.39,-145.57,-138.55,-133.67,-128.18,-123.45,-118.56,-114.14,-110.63,-107.88,-103.61,-97.659,-89.267,-81.027,-68.514,-59.053,-48.524,-40.742,-30.519,-20.753,-10.529,-0.61037,7.7822,14.344,22.279,27.772,32.807,37.385,44.71,50.05,57.833,62.41,64.547,65.92,68.972,72.481,76.907,81.027,84.231,86.52,89.267,89.724,92.624,95.828,99.948,101.02,102.54,104.98,108.19,111.55,115.36,118.56,123.6,128.48,136.57,144.66,153.51,158.39,164.8,170.75,175.79,178.84,180.52,180.82,181.74,181.59,181.89,180.82,181.59,181.74,181.59,178.23,172.43,164.95,156.87,146.79,139.16,131.84,126.8,119.63,111.7,101.02,92.624,84.689,76.296,67.446,59.358,51.576,44.71,37.385,33.113,27.924,25.788,23.957,24.873,27.467,28.535,26.704,23.194,18.769,15.107,10.376,6.4089,2.2889,0.45778,-3.5096,-6.4089,-8.8504,-9.3081,-8.24,-7.6296,-7.3244,-5.1881,-4.2726,-3.2044,-5.7985,-8.24,-10.987,-12.055,-15.564,-16.48,-18.006,-18.464,-19.99,-21.516,-22.431,-22.126,-24.11,-24.262,-25.178,-24.11,-23.957,-23.347,-24.415,-25.941,-27.924,-31.129,-33.113,-34.181,-33.418,-32.044,-28.993,-24.72,-23.652,-23.499,-22.584,-19.99,-19.379,-18.464,-15.107,-13.733,-15.412,-18.159,-22.126,-26.704,-30.976,-33.57,-37.385,-40.742,-43.794,-44.557,-46.999,-50.356,-54.476,-58.443,-64.699,-72.329,-79.806,-87.13,-93.692,-96.744,-99.033,-100.41,-103.15,-104.07,-104.22,-104.53,-103.61,-103.46,-103.61,-101.93,-99.643,-98.422,-98.117,-95.676,-94.607,-91.556,-89.877,-88.198,-85.452,-82.858,-80.569,-80.569,-83.01,-85.299,-87.893,-88.656,-91.098,-92.166,-92.318,-92.013,-90.64,-88.046,-86.062,-85.604,-85.91,-86.978,-89.877,-90.945,-93.844,-96.591,-99.49,-100.56,-100.41,-100.1,-103.31,-106.81,-108.65,-109.1,-112,-111.7,-110.63,-106.97,-105.9,-103.31,-101.63,-100.41,-100.56,-100.56,-102.69,-102.69,-103.15,-101.02,-100.71,-97.812,-95.828,-91.403,-89.572,-88.809,-89.114,-88.809,-87.436,-84.536,-82.095,-79.653,-79.958,-77.212,-75.991,-72.481,-70.956,-69.582,-69.735,-68.056,-66.073,-61.037,-55.391,-48.982,-45.473,-40.437,-37.843,-33.876,-31.739,-27.772,-27.619,-27.161,-27.619,-26.551,-25.941,-24.262,-22.584,-18.921,-15.87,-11.597,-9.7659,-4.4252,-0.15259,4.883,8.24,13.428,17.853,20.6,20.905,23.957,25.178,26.856,28.84,33.876,37.996,45.167,48.219,52.797,56.764,64.089,73.855,85.147,95.37,106.05,115.51,123.75,131.08,138.25,144.05,151.22,158.85,169.07,177.31,186.01,193.03,201.27,207.83,213.17,217.44,222.48,225.68,230.72,234.69,240.33,242.77,247.35,250.86,255.44,259.71,263.37,265.21,266.27,266.73,267.95,268.56,270.55,270.85,272.38,270.09,268.56,265.51,264.44,264.75,265.05,266.88,267.19,266.12,263.68,261.09,260.32,258.19,257.88,256.66,254.37,249.95,247.81,245.22,243.54,242.01,240.79,240.49,240.94,240.94,242.77,244.3,247.2,249.34,251.17,252.39,250.86,251.78,255.13,258.64,263.83,269.48,274.51,274.51,273.9,272.07,271.77,269.48,266.58,262.61,256.97,250.86,245.52,239.88,235.6,229.8,225.23,218.97,214.55,209.51,202.34,193.64,183.57,173.04,163.88,154.73,150.15,149.54,150.76,148.93,147.4,143.59,137.94,132.15,127.57,122.38,119.17,116.28,114.44,112.61,113.07,111.55,109.26,107.27,106.51,106.81,104.98,101.78,100.41,99.338,99.338,99.185,98.88,97.049,96.896,96.591,93.997,91.25,86.52,80.264,73.855,65.615,59.358,53.255,49.593,44.557,42.879,40.132,37.843,35.249,32.807,29.756,26.856,20.905,16.785,10.681,5.1881,-1.5259,-8.3926,-13.428,-16.938,-18.464,-20.6,-23.804,-24.262,-26.399,-27.619,-27.009,-25.636,-24.72,-25.025,-25.788,-28.84,-33.57,-34.944,-35.401,-37.385,-39.979,-42.726,-43.031,-43.489,-45.015,-46.999,-48.677,-51.118,-54.476,-59.358,-66.073,-71.413,-78.28,-83.468,-90.03,-97.049,-104.53,-109.56,-113.99,-116.73,-121.92,-125.74,-129.09,-130.62,-130.47,-132.15,-136.57,-141,-147.86,-152.59,-156.25,-158.09,-162.05,-164.65,-168.31,-175.02,-183.87,-191.96,-200.05,-206,-211.65,-215.31,-220.95,-225.53,-231.79,-237.74,-243.84,-248.57,-255.13,-259.71,-262.46,-262.15,-265.05,-267.04,-272.38,-280.16,-288.86,-297.25,-304.42,-309.76,-317.55,-325.02,-332.8,-338.91,-346.23,-354.17,-363.17,-370.19,-376.6,-382.7,-389.57,-393.69,-398.72,-400.1,-404.68,-407.73,-412.61,-418.41,-424.05,-428.33,-431.68,-436.11,-441.91,-445.88,-451.83,-457.32,-464.34,-470.9,-479.14,-483.72,-486.31,-487.84,-487.69,-485.55,-483.11,-481.43,-480.51,-479.29,-483.87,-487.08,-489.67,-486.77,-483.11,-478.84,-473.8,-468.46,-465.71,-462.97,-461.59,-459.3,-455.64,-450.61,-447.86,-444.04,-440.23,-435.65,-431.38,-426.04,-423.9,-420.85,-418.1,-416.73,-414.29,-411.24,-405.59,-397.66,-390.48,-382.55,-375.84,-368.51,-363.48,-359.81,-356.91,-354.63,-350.81,-346.69,-342.88,-337.69,-330.06,-321.51,-315.1,-307.32,-299.23,-289.47,-282.45,-275.89,-269.33,-261.09,-252.69,-244.61,-234.53,-224.01,-216.07,-207.98,-201.12,-193.03,-185.71,-178.08,-172.12,-164.49,-155.95,-148.32,-141.45,-134.28,-126.96,-119.17,-113.38,-105.9,-100.86,-94.913,-90.64,-84.384,-77.212,-70.345,-65.31,-58.443,-52.797,-46.999,-41.505,-33.876,-27.467,-19.227,-11.902,-2.8993,5.6459,15.412,24.262,32.96,42.268,51.118,57.68,65.31,69.277,74.16,77.059,81.79,84.994,91.098,96.286,101.02,104.98,110.78,115.36,120.09,121.31,123.45,123.45,124.21,124.21,125.28,126.5,128.03,130.77,134.89,139.16,143.89,148.17,152.44,154.27,155.95,157.32,159,161.14,162.51,162.36,161.44,157.93,158.09,156.87,157.63,156.56,156.41,155.34,153.97,151.68,150.76,149.39,150.3,150.3,152.59,153.05,153.97,153.05,150.91,148.01,146.03,144.51,146.18,148.01,151.68,155.03,158.54,159.31,159.46,159.15,160.99,162.82,166.17,167.24,168.77,168.46,168.77,166.78,166.78,167.39,167.39,166.63,166.33,166.02,166.94,166.63,168.16,169.68,175.33,180.82,187.69,193.18,197.61,200.2,204.47,207.37,211.49,214.09,216.38,215,214.09,212.56,211.04,210.12,209.97,209.66,209.81,207.83,206.76,203.56,201.42,198.52,198.07,197.15,195.32,193.95,194.25,194.4,197.3,198.83,201.57,200.96,199.74,197.3,195.93,195.93,194.86,192.88,190.28,185.86,182.81,179.75,177.92,173.96,170.29,164.95,159.76,155.03,151.07,146.79,143.59,139.93,139.62,136.57,134.43,130.01,126.04,121.92,118.56,116.12,115.05,114.9,116.73,117.34,119.17,118.41,119.63,121.16,123.45,124.67,123.75,121.62,119.02,114.9,113.07,111.85,113.22,114.29,116.73,119.02,121.92,122.38,123.6,122.99,120.85,115.97,110.63,104.07,101.32,99.948,100.41,101.47,102.54,102.85,101.78,99.948,98.422,95.37,93.234,89.419,86.978,82.247,77.67,74.77,73.092,71.718,73.244,73.244,72.481,69.582,68.056,66.988,70.65,72.939,75.533,77.059,75.381,69.277,62.716,54.476,50.203,45.015,41.2,34.028,25.788,15.107,2.8993,-9.3081,-19.532,-30.366,-37.843,-45.93,-51.881,-59.816,-67.141,-75.838,-84.536,-91.403,-98.575,-106.97,-115.21,-123.75,-129.4,-137.18,-141.61,-146.79,-152.29,-158.39,-164.04,-170.75,-175.79,-179.6,-182.81,-187.23,-189.37,-193.64,-196.23,-201.12,-203.56,-205.24,-205.39,-204.02,-202.64,-202.64,-202.49,-202.03,-200.66,-201.12,-197.45,-193.95,-190.59,-190.44,-190.59,-189.67,-185.25,-179.91,-175.02,-171.67,-164.49,-160.83,-157.17,-154.27,-146.79,-140.69,-134.59,-132.91,-131.38,-133.06,-137.79,-143.74,-147.4,-152.29,-154.58,-159.76,-163.58,-168.77,-170.9,-173.19,-174.87,-179.3,-187.38,-199.29,-209.51,-220.95,-228.89,-236.06,-238.96,-241.25,-243.54,-246.59,-249.34,-253.61,-257.27,-259.25,-257.58,-257.73,-256.97,-255.75,-254.83,-254.52,-251.47,-249.95,-247.96,-244.61,-240.03,-237.13,-235.91,-241.86,-248.42,-255.44,-257.58,-252.54,-243.69,-233.77,-225.99,-221.26,-215.31,-213.17,-210.88,-208.75,-205.08,-200.66,-193.79,-187.69,-183.87,-184.18,-183.87,-185.55,-184.94,-183.42,-180.21,-176.85,-172.58,-169.68,-168,-168.31,-168,-169.99,-172.12,-177.16,-180.52,-182.81,-185.09,-190.44,-193.64,-194.86,-190.44,-186.32,-182.81,-180.97,-178.99,-175.33,-170.75,-167.24,-164.65,-164.65,-164.34,-165.87,-163.43,-160.53,-158.39,-156.71,-155.34,-154.73,-154.58,-155.8,-155.34,-154.27,-150.91,-150,-148.93,-149.24,-149.54,-149.24,-147.56,-145.88,-141,-139.32,-137.18,-136.27,-135.35,-133.06,-128.48,-124.21,-117.8,-111.7,-104.53,-99.49,-93.234,-87.283,-81.79,-75.381,-68.209,-61.953,-53.865,-48.524,-38.606,-30.213,-21.516,-12.513,-3.9674,3.357,10.529,16.48,24.415,30.671,39.979,48.372,57.985,67.293,77.212,86.52,95.218,102.54,109.87,116.58,124.52,132.76,141.45,149.39,157.32,163.43,172.89,178.99,186.62,192.42,200.05,206.46,212.1,218.05,223.85,228.74,234.99,239.27,243.54,247.05,250.4,253.46,256.05,258.8,261.39,264.14,267.49,268.26,270.55,271.16,272.38,273.29,274.67,275.73,276.65,277.41,278.94,280.31,283.67,285.96,287.94,288.4,290.54,292.06,294.5,297.71,300.61,300.61,302.29,301.22,300.45,299.08,300.3,299.39,299.69,299.54,300.45,300.45,300.61,300,300.15,298.93,298.47,296.95,296.18,293.89,292.98,292.67,292.52,292.37,292.67,292.06,290.54,289.47,289.32,288.4,287.79,286.26,286.72,287.18,287.33,285.81,285.2,283.67,281.84,279.24,277.87,273.75,269.48,264.75,260.93,255.9,252.39,248.42,244.91,243.23,242.16,239.42,237.43,234.69,234.08,233.62,234.99,236.21,239.42,240.49,241.86,243.54,245.06,247.05,247.51,246.74,248.42,247.51,247.2,245.37,245.67,245.22,245.06,245.06,244.61,243.08,243.39,243.08,242.32,241.25,241.55,240.33,240.94,239.11,238.5,236.06,234.23,232.4,231.03,230.26,231.03,230.11,229.65,230.26,232.7,233.31,234.23,233.92,233.47,231.94,230.41,229.65,229.19,228.43,229.04,229.65,229.35,227.52,227.06,224.01,221.72,216.99,215.31,213.32,209.36,205.39,200.96,196.54,192.57,188.91,186.93,185.09,183.72,180.97,178.69,174.72,172.58,169.23,167.55,166.94,166.02,165.41,164.34,164.04,165.56,166.17,167.55,167.39,168.16,166.33,166.48,164.04,162.97,160.99,160.68,160.99,158.7,154.27,149.85,146.03,143.28,140.54,139.62,136.42,134.13,130.16,128.64,126.5,124.67,121.77,119.02,117.5,117.8,116.58,114.6,111.55,110.17,107.88,106.66,104.22,102.85,99.796,98.575,97.354,98.422,98.575,98.422,99.185,99.643,99.338,100.1,99.49,99.948,98.727,99.948,99.948,100.86,100.25,100.1,99.338,98.727,97.812,96.744,95.065,93.387,90.182,86.673,81.484,77.822,73.244,70.193,66.225,62.105,57.985,53.713,48.524,45.167,38.911,29.145,17.396,5.0356,-7.9348,-16.022,-25.178,-32.96,-41.353,-49.135,-58.748,-67.293,-75.228,-81.484,-84.536,-86.367,-90.64,-93.844,-99.033,-101.47,-101.93,-100.1,-99.948,-97.964,-97.659,-99.033,-101.02,-100.71,-99.643,-94.76,-90.182,-88.961,-93.234,-98.117,-101.93,-102.08,-103.46,-101.78,-99.49,-98.422,-98.422,-99.49,-104.68,-107.27,-110.32,-113.53,-121.62,-128.64,-134.89,-139.77,-147.71,-155.19,-161.75,-168.61,-175.48,-182.81,-191.96,-203.1,-213.32,-220.5,-228.43,-231.48,-236.98,-241.55,-247.81,-252.85,-256.66,-260.32,-265.97,-270.09,-274.82,-277.87,-278.02,-272.53,-268.72,-263.37,-261.39,-257.88,-255.44,-248.73,-241.4,-230.72,-214.7,-196.23,-178.84,-161.75,-143.44,-125.89,-113.53,-96.438,-70.345,-27.314,23.652,80.111,127.72,161.14,179.3,189.83,192.11,186.93,172.43,159.76,147.4,134.13,117.8,106.66,97.964,84.078,65.615,45.625,30.671,19.074,6.1037,-3.0519,-9.3081,-13.428,-17.548,-22.126,-27.772,-33.723,-40.132,-42.726,-48.219,-53.255,-60.579,-68.514,-79.501,-94.15,-108.95,-120.85,-129.86,-138.1,-148.17,-157.48,-169.38,-179.75,-193.03,-205.39,-216.83,-226.91,-234.53,-240.18,-246.74,-252.08,-263.68,-274.67,-286.26,-293.74,-301.22,-304.42,-306.56,-309.46,-313.88,-318.77,-327.16,-337.69,-350.35,-361.34,-374.92,-386.67,-397.81,-404.98,-411.24,-413.53,-415.97,-420.85,-426.5,-434.74,-442.82,-450.45,-455.79,-457.63,-461.13,-465.25,-474.72,-483.72,-493.18,-501.27,-510.42,-518.05,-523.09,-527.05,-530.72,-533.01,-534.68,-537.43,-538.8,-539.41,-540.48,-539.57,-539.41,-538.19,-538.96,-539.11,-538.35,-538.5,-537.13,-533.92,-529.5,-526.14,-520.65,-514.24,-508.74,-500.81,-494.71,-487.53,-480.51,-471.21,-460.98,-450,-439.31,-430.01,-420.7,-411.85,-402.54,-392.62,-382.7,-372.17,-361.19,-348.83,-338.76,-327.31,-317.39,-307.78,-297.86,-288.55,-278.79,-267.95,-255.44,-243.39,-232.4,-220.65,-210.58,-199.44,-189.37,-178.84,-168.31,-158.24,-148.32,-138.55,-128.33,-117.19,-106.97,-96.591,-87.283,-77.364,-67.598,-56.459,-47.609,-38.453,-30.061,-22.431,-15.717,-8.3926,-1.2207,7.1718,13.428,20.905,27.772,36.317,42.116,49.135,55.238,61.953,68.514,75.533,80.874,86.52,92.929,101.02,105.9,112.92,117.19,122.38,125.74,129.7,132.15,135.35,138.1,141.61,144.66,149.69,151.52,155.49,157.17,160.83,163.73,166.48,167.85,168.46,169.53,172.12,173.19,176.4,178.38,180.52,181.43,184.03,184.94,185.55,187.23,188.91,190.89,192.88,193.79,194.86,195.17,197,197.61,200.66,201.88,202.34,201.73,200.96,200.96,201.73,203.25,206,207.22,209.81,211.49,213.02,212.87,213.93,216.07,218.67,221.72,225.68,228.13,231.79,234.38,238.65,240.03,241.1,241.25,241.4,241.1,240.33,239.27,236.98,234.23,231.18,227.52,227.21,224.92,224.16,221.87,220.19,218.36,218.97,219.43,219.89,219.58,219.28,218.51,215.92,215,214.7,213.48,213.78,211.19,207.68,202.8,199.44,194.86,190.28,183.57,178.84,173.8,170.45,166.94,164.65,160.83,159,155.64,157.02,156.25,158.24,157.93,158.85,159.76,160.07,160.68,161.75,162.66,165.11,168.46,173.35,175.63,178.23,177.31,177.92,176.24,176.55,175.18,175.48,173.19,170.45,165.87,159.76,151.37,143.59,133.21,125.28,117.19,110.78,106.51,104.37,102.24,99.796,95.981,89.877,81.79,76.296,69.582,68.361,65.767,56.001,36.927,16.022,-0.61037,6.2563,41.658,100.86,177.77,251.01,311.44,388.96,460.37,534.84,628.53,721.3,799.58,835.6,803.09,774.71,753.04,749.99,794.7,806.15,749.99,664.24,573.9,521.26,532.85,580.61,603.05,591.45,554.22,503.25,469.99,479.45,496.08,486.01,476.24,480.06,463.12,420.24,383.77,370.34,351.57,316.93,280.31,254.52,235.45,212.56,178.38,140.39,105.29,81.637,69.124,67.446,69.277,71.261,66.378,45.015,7.3244,-31.739,-55.696,-55.238,-36.47,-9.6133,7.9348,7.477,-23.804,-85.299,-164.95,-210.12,-196.39,-125.28,-39.521,23.347,49.745,56.154,47.456,30.061,12.665,-3.2044,-21.973,-42.726,-69.124,-104.22,-140.08,-164.65,-178.53,-184.48,-195.17,-209.2,-230.41,-257.88,-287.03,-315.71,-340.43,-350.51,-349.89,-340.74,-338.76,-357.52,-394.76,-435.04,-474.26,-504.32,-530.41,-546.13,-554.22,-563.07,-575.58,-591.3,-610.22,-631.73,-656.91,-687.43,-718.71,-734.89,-740.23,-738.55,-732.14,-729.54,-737.63,-755.64,-779.29,-803.55,-825.83,-847.35,-860.47,-862.91,-857.88,-848.57,-841.09,-836.05,-835.14,-836.82,-841.85,-845.82,-846.74,-847.35,-843.99,-834.99,-823.69,-809.96,-801.26,-795.16,-786.92,-772.58,-758.38,-751.52,-747.09,-741.75,-735.5,-727.56,-716.88,-703.76,-695.97,-692.77,-693.99,-694.45,-695.52,-692.46,-685.45,-672.93,-651.57,-628.83,-615.86,-609.91,-608.08,-610.83,-612.81,-604.27,-590.23,-574.66,-560.93,-555.28,-558.18,-564.44,-569.93,-569.63,-563.68,-546.13,-518.81,-489.97,-470.29,-458.69,-446.49,-437.48,-431.68,-426.04,-422.99,-420.7,-420.55,-424.67,-431.38,-434.13,-426.19,-414.59,-403.61,-394.6,-387.74,-381.79,-377.67,-368.97,-354.01,-333.57,-316.48,-306.41,-304.12,-309,-316.48,-323.34,-330.97,-334.03,-332.96,-327.01,-321.36,-316.63,-312.66,-306.41,-299.08,-292.67,-288.55,-285.35,-282.45,-277.11,-272.07,-264.6,-260.93,-260.02,-258.34,-256.2,-255.44,-255.29,-251.63,-242.32,-232.86,-218.21,-204.17,-190.59,-177.47,-165.56,-154.27,-144.96,-135.2,-124.21,-116.43,-110.78,-107.12,-105.59,-109.71,-114.14,-116.89,-120.09,-122.84,-122.84,-120.4,-115.51,-111.7,-107.58,-103.46,-94.607,-84.841,-70.803,-56.917,-45.32,-35.554,-27.314,-20.295,-13.733,-8.5452,-3.357,-0.15259,3.2044,7.3244,15.717,23.957,29.298,32.197,37.385,46.693,53.255,61.037,72.481,81.637,85.91,88.351,96.438,99.796,97.659,95.676,97.507,97.201,95.828,97.964,101.17,101.17,101.93,103.31,102.54,102.08,103.92,108.19,112.77,117.04,122.84,127.72,130.47,131.38,133.98,137.94,144.2,149.08,154.88,159.31,164.8,168.77,170.75,170.9,172.89,176.24,182.5,184.94,186.62,188.15,193.33,199.13,205.08,207.98,208.29,206.92,207.68,208.59,211.8,215.16,219.12,220.19,223.55,224.46,225.84,227.82,229.04,228.89,230.72,232.4,234.99,233.16,232.4,232.55,235.45,239.72,245.83,251.32,255.9,259.1,262,263.07,267.04,269.78,276.5,285.5,297.1,305.19,313.43,319.38,326.09,331.43,337.99,344.71,349.89,352.03,354.78,356,357.22,356.46,356.91,359.97,362.25,359.97,359.66,361.03,364.24,366.07,367.29,367.14,369.88,371.41,371.56,369.88,368.05,368.21,368.82,368.97,370.65,372.02,374.31,375.68,378.43,379.96,383.31,384.08,381.94,378.43,375.68,374.16,375.53,374.92,379.19,382.55,385.75,384.84,384.08,381.48,379.35,378.28,376.6,372.17,367.44,364.09,362.41,359.97,358.29,355.08,353.25,349.44,345.93,341.81,339.67,338.45,339.06,340.28,341.35,341.35,340.59,339.37,339.06,337.69,337.69,337.53,339.37,340.28,342.57,344.55,346.69,346.39,344.1,340.89,338.3,335.09,334.18,333.26,332.5,330.21,328.99,324.41,321.05,318,316.02,315.1,314.65,314.65,315.71,313.73,310.83,306.56,304.27,300.3,299.39,298.93,298.93,298.01,297.4,297.25,297.71,297.86,296.79,294.96,294.35,294.2,296.64,296.95,296.95,293.74,293.28,292.37,290.84,290.84,292.83,295.11,296.64,297.71,298.93,299.84,302.44,302.59,304.42,305.03,307.47,308.39,308.69,307.63,307.02,307.17,305.95,301.68,298.17,293.89,291.3,289.77,288.86,287.64,287.03,286.11,286.26,286.57,287.48,286.72,285.81,283.36,281.08,277.41,276.04,273.6,272.23,270.24,269.33,269.33,269.17,269.33,266.88,263.53,261.54,258.95,258.64,257.12,256.66,254.68,254.37,253.61,253.46,254.68,258.19,261.7,265.21,267.04,271,273.9,275.73,275.28,275.73,273.6,270.85,268.11,267.19,266.43,264.44,262,259.56,257.12,254.68,251.78,249.64,245.37,240.64,234.84,230.11,223.55,216.83,209.97,203.71,198.68,195.78,192.88,188.3,181.89,176.09,168.46,163.88,160.53,156.87,154.58,152.29,149.08,145.27,142.98,141.45,139.16,137.03,132.76,131.23,129.55,130.47,131.08,131.38,130.16,128.33,127.72,127.72,126.96,126.96,127.87,129.09,128.94,130.31,131.38,132.45,131.23,129.55,126.96,125.89,126.65,127.41,126.35,124.67,122.07,121.31,121.01,121.62,120.09,118.56,117.5,117.5,116.28,115.97,116.28,119.02,122.84,126.8,131.53,135.96,138.86,141.45,141.91,142.83,141.15,141.3,140.69,143.28,146.03,147.25,147.86,149.39,150.15,150.76,149.69,149.39,148.93,151.22,154.58,159.31,162.66,166.48,169.23,171.21,171.06,169.68,167.85,164.8,161.44,159,156.1,152.44,145.57,141.76,138.25,134.43,129.86,126.19,122.07,117.04,112.46,109.1,104.37,99.948,94.913,89.114,81.637,76.296,70.04,65.462,61.953,56.917,50.966,45.778,41.353,37.385,35.554,34.181,29.603,25.636,21.21,18.464,15.717,12.513,7.477,2.4415,-1.9837,-6.2563,-11.902,-16.633,-23.499,-29.145,-36.47,-43.184,-49.593,-55.238,-61.8,-68.361,-74.007,-79.806,-87.436,-93.081,-99.338,-103.15,-107.27,-108.65,-110.32,-110.63,-111.85,-112,-112.92,-112.77,-112.46,-110.32,-109.71,-107.58,-106.66,-104.53,-102.39,-98.727,-94.607,-92.318,-90.793,-91.098,-92.929,-94.607,-98.117,-101.47,-105.29,-109.26,-116.12,-120.09,-122.99,-124.21,-124.21,-121.77,-120.7,-120.24,-121.16,-121.31,-123.45,-126.04,-128.94,-127.41,-126.8,-125.89,-123.45,-119.79,-116.89,-114.14,-112,-107.27,-104.53,-102.85,-102.39,-99.948,-100.71,-100.1,-101.93,-104.37,-106.66,-107.73,-110.17,-113.68,-118.41,-120.55,-122.07,-121.16,-122.99,-124.52,-125.58,-126.5,-126.65,-124.97,-124.67,-123.75,-120.7,-116.58,-115.05,-111.55,-106.36,-98.117,-89.724,-81.637,-74.77,-69.124,-64.547,-60.121,-57.07,-52.95,-49.745,-45.778,-41.81,-38.911,-35.554,-30.213,-26.399,-24.11,-24.873,-24.873,-24.262,-22.431,-21.973,-18.921,-15.412,-11.292,-6.8667,-5.4933,-5.6459,-5.0356,-5.0356,-3.6622,-5.0356,-5.7985,-8.5452,-11.292,-13.276,-14.496,-14.954,-12.36,-10.681,-9.003,-9.7659,-7.9348,-6.1037,-5.7985,-9.4607,-12.513,-13.581,-11.902,-11.902,-10.987,-12.665,-13.581,-17.09,-19.379,-21.058,-23.957,-28.23,-30.671,-34.486,-37.385,-41.81,-44.862,-50.05,-52.95,-58.29,-62.41,-67.598,-72.481,-76.754,-79.806,-84.078,-87.741,-93.234,-97.354,-104.53,-110.17,-116.12,-121.16,-125.13,-126.19,-129.55,-131.84,-135.04,-139.01,-142.83,-145.12,-150,-151.83,-152.13,-149.85,-150,-149.54,-150.15,-151.98,-152.9,-153.05,-152.29,-151.68,-150.46,-146.64,-144.66,-141.91,-140.23,-138.1,-137.03,-133.98,-133.67,-133.67,-133.06,-130.31,-127.87,-122.23,-117.95,-112.46,-110.63,-108.19,-106.81,-103,-99.796,-94.76,-91.708,-87.13,-83.621,-78.28,-74.77,-72.329,-71.871,-70.498,-69.582,-67.141,-66.073,-64.852,-64.241,-62.105,-60.274,-58.138,-58.138,-56.917,-59.053,-58.443,-59.664,-59.511,-59.053,-58.443,-59.358,-59.816,-59.053,-55.696,-53.407,-48.219,-44.099,-40.895,-40.742,-39.064,-37.233,-35.096,-33.876,-31.129,-28.077,-23.041,-19.379,-14.344,-11.292,-9.9185,-10.834,-9.003,-5.9511,-2.4415,1.8311,7.3244,10.529,13.733,15.717,18.311,17.396,16.938,16.785,16.633,18.311,21.058,23.041,25.33,28.23,33.418,37.08,40.895,43.031,45.93,48.83,50.508,50.813,51.271,52.95,55.696,58.29,62.105,62.716,63.021,61.8,62.258,63.936,67.293,73.244,78.28,82.095,85.757,88.656,92.624,96.286,100.71,103.31,106.97,110.78,114.75,118.26,119.63,119.63,118.72,117.65,117.19,113.53,111.7,110.32,110.17,108.95,106.66,103.31,100.1,97.659,96.133,94.607,93.844,93.539,94.607,95.065,97.354,99.796,102.24,103.92,105.59,104.83,104.68,101.78,100.41,100.1,102.69,103.76,104.98,105.44,106.05,106.05,104.53,102.54,101.32,100.86,100.71,99.948,99.796,99.948,98.117,96.133,95.065,95.065,97.049,96.286,97.354,98.88,102.69,103.61,104.98,106.05,105.75,102.85,99.796,97.354,96.438,95.37,95.065,93.081,91.25,87.588,85.757,84.994,84.994,83.621,85.604,88.351,90.03,90.335,91.403,89.877,88.809,86.978,86.673,84.841,83.621,83.316,83.316,82.705,82.247,80.416,79.653,78.28,78.585,76.754,75.533,74.923,74.77,74.313,72.939,71.108,70.498,68.667,68.361,67.446,68.209,68.514,69.277,70.956,72.787,74.923,77.212,78.433,78.585,76.144,72.481,66.988,63.784,60.732,58.901,55.849,52.644,47.456,41.81,38.301,35.859,32.96,30.519,26.246,21.973,16.327,13.276,10.681,8.5452,6.4089,4.12,1.9837,0.45778,-0.61037,-2.8993,-7.9348,-10.681,-14.954,-18.921,-24.262,-27.161,-28.84,-28.077,-28.077,-28.077,-32.197,-39.216,-45.473,-49.745,-54.323,-57.222,-59.511,-60.121,-61.19,-60.274,-58.29,-54.323,-50.356,-44.71,-38.606,-30.976,-28.535,-26.246,-23.957,-20.295,-19.532,-17.701,-15.717,-14.649,-14.191,-14.496,-14.954,-16.633,-19.227,-21.821,-24.873,-24.873,-25.636,-26.093,-28.84,-31.739,-34.486,-37.233,-40.284,-42.726,-47.304,-50.356,-55.086,-60.121,-67.751,-72.634,-77.364,-79.501,-81.179,-85.452,-91.708,-96.591,-100.41,-105.75,-110.32,-112.31,-116.28,-118.41,-121.62,-122.68,-125.28,-125.58,-125.58,-126.65,-127.87,-126.04,-126.04,-126.5,-127.11,-124.06,-121.77,-116.73,-112.92,-108.65,-106.81,-104.68,-102.54,-100.1,-98.575,-96.133,-93.234,-93.539,-95.828,-96.286,-96.591,-95.828,-95.981,-94.302,-93.692,-92.013,-91.25,-89.572,-89.267,-87.741,-86.215,-84.078,-82.247,-77.975,-74.313,-68.209,-61.342,-52.034,-44.862,-40.895,-37.69,-34.639,-32.044,-28.84,-25.33,-19.99,-15.87,-10.834,-8.24,-5.1881,-3.357,0.45778,4.4252,8.0874,10.376,10.376,7.9348,4.883,-0.61037,-3.2044,-5.3407,-5.1881,-5.6459,-4.5778,-1.9837,2.1363,5.0356,7.3244,7.3244,8.24,8.24,6.2563,2.4415,-1.6785,-7.477,-12.513,-16.633,-19.532,-21.21,-22.279,-23.041,-21.973,-18.769,-16.327,-15.412,-14.344,-14.954,-14.954,-16.938,-18.921,-20.447,-19.532,-18.311,-15.564,-13.733,-11.139,-7.9348,-1.5259,4.4252,9.003,11.292,13.123,14.649,15.87,15.107,15.412,15.87,15.259,13.276,10.376,4.7304,0.76296,-2.8993,-4.7304,-6.5615,-7.3244,-8.3926,-9.4607,-11.444,-15.107,-19.227,-23.194,-27.924,-31.434,-36.622,-40.132,-43.184,-41.2,-39.827,-37.08,-34.639,-30.976,-26.856,-23.957,-23.652,-26.093,-29.298,-30.671,-31.739,-30.366,-29.298,-28.382,-28.077,-26.399,-24.567,-22.584,-22.279,-23.041,-25.178,-25.33,-27.161,-28.077,-31.739,-33.265,-34.791,-36.622,-39.827,-46.083,-53.56,-61.19,-67.598,-71.566,-74.007,-76.144,-78.585,-78.89,-80.569,-80.721,-83.01,-83.773,-83.316,-81.942,-81.332,-81.79,-83.01,-83.163,-87.436,-89.877,-93.387,-94.913,-98.117,-98.88,-99.796,-99.796,-98.727,-96.133,-93.234,-88.046,-82.095,-74.618,-69.124,-63.021,-59.816,-55.086,-52.034,-50.813,-50.356,-48.524,-48.219,-47.914,-49.135,-49.898,-50.508,-49.898,-51.424,-50.661,-53.56,-55.849,-59.969,-62.41,-64.547,-65.004,-66.073,-63.478,-60.732,-57.222,-56.612,-55.238,-55.696,-55.544,-56.307,-54.476,-50.813,-47.304,-44.557,-44.404,-44.71,-43.184,-42.268,-38.148,-33.57,-27.161,-21.973,-15.259,-10.071,-5.3407,-2.8993,-4.7304,-6.8667,-3.2044,4.12,10.529,13.428,15.564,15.412,16.785,16.175,14.954,10.071,4.12,-3.8148,-10.224,-15.107,-16.785,-16.022,-13.276,-12.513,-11.139,-15.107,-17.548,-18.921,-15.107,-15.107,-13.733,-10.376,-7.3244,-4.883,-0.30519,3.8148,7.477,10.071,14.039,15.87,19.379,21.21,24.72,24.873,26.704,27.467,27.467,24.415,22.279,20.753,20.447,21.973,25.788,27.467,31.281,32.96,33.57,32.96,34.791,34.333,32.044,27.467,21.821,13.733,5.6459,-2.1363,-8.3926,-15.87,-22.126,-28.84,-32.807,-37.538,-41.2,-43.641,-43.947,-45.167,-43.489,-36.317,-27.161,-22.889,-22.431,-25.788,-27.924,-29.145,-27.924,-24.72,-19.837,-13.581,-7.1718,-1.0681,4.5778,9.1556,16.175,23.499,33.113,40.742,47.914,52.034,56.612,57.833,63.173,66.836,71.261,73.092,74.618,74.465,77.364,80.874,83.773,84.689,84.689,80.416,76.449,71.108,68.361,65.157,61.8,56.764,55.696,54.17,54.17,55.544,56.001,53.407,51.576,47.761,46.083,44.557,43.641,40.895,37.843,31.129,23.957,15.259,7.0193,1.9837,-0,-1.2207,-1.8311,-3.2044,-3.8148,-9.6133,-14.496,-21.973,-26.551,-30.976,-30.061,-28.687,-25.788,-25.483,-25.483,-25.941,-26.856,-28.382,-28.687,-29.45,-30.671,-33.723,-36.47,-40.742,-43.489,-45.778,-46.846,-49.593,-53.255,-57.985,-61.495,-65.767,-67.141,-73.244,-76.296,-78.28,-76.907,-76.144,-74.465,-75.533,-78.738,-83.163,-87.436,-90.945,-94.76,-98.727,-100.1,-100.56,-99.796,-98.88,-97.354,-97.201,-95.676,-92.776,-89.877,-87.436,-86.52,-85.757,-85.452,-84.231,-81.484,-80.111,-78.28,-74.923,-69.43,-64.699,-60.121,-57.375,-56.307,-56.154,-57.07,-58.443,-60.121,-61.8,-61.342,-60.121,-56.459,-53.407,-50.508,-47.609,-44.862,-44.252,-44.71,-45.32,-45.93,-43.641,-40.59,-40.895,-41.658,-42.726,-42.726,-46.693,-50.203,-54.17,-56.154,-56.764,-57.833,-57.07,-57.375,-58.29,-59.053,-60.732,-59.664,-60.732,-59.664,-59.358,-56.307,-54.476,-51.118,-49.135,-46.236,-43.947,-41.047,-39.064,-36.012,-34.028,-32.197,-33.113,-33.723,-35.859,-38.453,-41.963,-43.031,-43.184,-42.879,-41.047,-39.369,-39.521,-39.979,-41.81,-41.505,-42.879,-44.099,-47.304,-48.982,-48.677,-46.541,-43.641,-39.827,-37.08,-33.113,-31.587,-29.298,-26.551,-22.736,-19.684,-15.564,-13.123,-9.6133,-5.0356,-0.61037,5.6459,12.513,15.87,21.363,24.873,29.908,34.181,39.827,42.879,44.71,43.641,43.031,42.573,42.268,40.742,42.421,44.404,47.151,48.83,50.813,50.661,49.898,49.898,50.661,51.576,53.102,53.407,54.323,54.781,55.391,53.102,52.95,51.881,52.492,52.95,54.323,54.933,56.459,57.68,57.375,56.001,53.407,47.914,47.151,47.151,48.677,47.914,49.287,52.187,56.612,61.495,65.157,66.073,66.836,64.547,64.241,61.647,61.8,61.647,61.647,61.037,58.138,52.034,47.761,44.557,42.879,40.59,41.047,40.437,40.437,36.622,33.265,28.382,26.093,27.924,31.281,35.401,37.385,38.301,39.369,38.606,40.59,43.641,48.067,50.508,53.713,57.527,61.037,63.021,63.173,62.563,63.021,60.427,57.07,53.56,54.018,52.187,52.797,52.187,51.118,49.745,48.067,45.93,45.015,40.59,37.385,35.401,37.69,38.148,40.132,42.573,45.167,42.573,37.385,30.213,25.636,21.973,20.142,18.006,18.464,18.616,21.21,21.516,22.126,21.821,22.279,21.363,23.347,25.941,33.265,39.521,44.862,47.761,50.356,52.187,55.086,55.391,58.443,57.833,59.053,60.884,63.784,63.478,64.394,65.31,66.073,65.615,64.699,63.631,62.41,59.053,56.307,54.17,53.407,48.067,43.794,35.554,28.535,20.6,17.09,14.954,15.87,17.396,19.837,22.736,25.025,24.873,27.161,26.704,27.314,25.025,22.431,16.633,12.97,12.818,15.107,16.48,14.801,11.75,10.987,10.834,12.36,10.681,9.1556,7.477,9.4607,8.6978,8.8504,8.5452,10.376,12.055,12.97,13.428,13.428,13.428,13.733,12.055,11.444,9.4607,10.529,10.071,8.8504,7.6296,5.4933,1.5259,-1.9837,-5.7985,-7.3244,-7.0193,-6.2563,-9.6133,-12.36,-17.09,-20.447,-24.415,-28.993,-35.707,-39.979,-45.015,-50.356,-55.238,-56.307,-58.29,-57.985,-57.68,-57.527,-58.748,-57.68,-55.086,-50.05,-44.71,-38.911,-37.233,-36.622,-38.759,-38.606,-39.979,-41.047,-43.489,-41.963,-41.2,-38.148,-34.791,-34.028,-33.113,-30.671,-29.756,-28.687,-31.129,-32.044,-36.164,-39.827,-46.236,-49.898,-54.781,-60.732,-64.547,-63.784,-64.241,-67.904,-74.007,-78.28,-83.468,-86.673,-90.793,-90.793,-91.25,-92.166,-93.081,-94.302,-93.997,-92.471,-89.419,-88.656,-88.809,-88.198,-89.724,-91.861,-91.25,-85.757,-75.991,-61.953,-50.356,-40.59,-31.434,-23.499,-17.09,-13.276,-9.4607,-4.7304,1.3733,7.0193,8.3926,9.4607,6.8667,7.3244,7.7822,8.0874,10.681,12.818,12.818,10.681,7.3244,4.2726,1.5259,1.3733,0.76296,2.4415,3.9674,4.2726,0.91556,-1.0681,-0.76296,1.0681,3.6622,6.5615,5.6459,5.3407,6.4089,9.003,10.834,13.886,12.665,12.97,12.97,14.649,14.496,16.633,20.142,22.889,25.483,27.772,28.382,27.467,24.567,21.516,17.09,15.412,14.649,15.259,16.938,19.532,21.21,22.736,23.652,23.194,23.041,24.873,30.366,34.639,36.47,37.385,35.707,36.164,33.876,31.129,28.535,28.077,29.756,32.35,35.554,39.521,41.2,41.81,42.268,45.167,48.372,52.034,52.339,52.644,51.881,51.271,49.593,50.661,53.713,56.001,56.154,55.238,52.95,51.424,49.593,48.219,45.625,45.167,44.557,46.541,47.151,49.593,50.203,51.424,50.813,50.966,53.255,57.222,58.901,63.021,66.836,72.176,73.855,75.076,72.634,71.871,69.735,70.498,72.176,75.838,79.806,86.367,92.929,99.338,104.53,110.48,114.29,118.56,122.84,127.72,130.92,131.08,129.55,128.03,128.33,129.86,131.99,132.91,130.16,130.01,127.72,126.96,125.28,124.21,124.82,127.57,130.16,132.91,134.74,137.94,141,144.66,146.34,146.49,146.64,148.01,151.22,155.34,159.76,165.56,170.75,175.02,177.62,179.45,180.06,182.04,185.55,189.37,194.56,201.12,207.83,216.07,223.24,231.94,238.96,246.59,252.54,256.81,261.7,267.04,272.53,279.85,285.96,290.69,292.06,292.83,291.3,290.08,287.18,285.2,283.06,280.01,274.97,269.48,264.14,260.48,255.9,254.07,253.46,254.98,254.83,254.83,254.68,256.05,258.19,261.09,263.53,268.56,272.23,277.57,282.45,288.55,293.89,299.84,305.64,311.9,318.77,326.4,333.26,337.99,340.89,345.62,346.08,346.69,346.08,345.47,342.57,338.45,333.87,328.53,322.89,317.55,312.05,307.32,300.3,294.5,287.18,282.91,277.87,273.45,270.24,267.65,265.66,263.53,260.93,258.95,256.81,255.44,253.15,251.63,250.4,251.93,253,254.98,256.81,258.03,259.71,261.39,262.31,263.83,262.61,260.63,255.13,250.25,243.39,237.28,232.25,225.84,220.8,215.16,209.36,203.71,196.84,191.05,181.28,174.26,166.48,160.37,154.58,149.39,144.96,139.93,134.43,129.09,123.75,118.56,114.75,112.77,110.17,109.87,108.65,108.34,104.83,101.78,99.643,98.117,96.133,93.539,91.861,89.419,85.604,82.705,77.517,73.092,67.141,61.8,56.154,51.881,49.745,45.778,41.81,37.08,31.434,26.093,20.6,14.039,7.3244,3.0519,-3.0519,-7.477,-12.818,-16.633,-19.99,-24.11,-26.856,-30.213,-35.096,-40.59,-46.693,-51.271,-56.307,-58.138,-61.037,-64.699,-70.803,-76.449,-82.247,-88.198,-93.234,-97.507,-102.39,-104.98,-106.2,-105.44,-107.43,-110.17,-115.21,-118.41,-123.29,-126.04,-129.25,-129.55,-130.92,-133.06,-135.35,-137.18,-139.01,-142.06,-145.12,-146.64,-150,-152.29,-158.54,-162.82,-166.78,-169.07,-174.11,-179.45,-184.18,-187.69,-191.96,-195.47,-198.52,-202.34,-207.07,-206.92,-206.61,-204.17,-204.17,-203.71,-204.02,-202.8,-201.27,-200.51,-198.68,-197.76,-197.15,-194.4,-190.89,-187.54,-186.93,-184.03,-182.04,-179.14,-177.47,-175.63,-175.94,-177.92,-179.91,-181.13,-182.96,-181.59,-181.74,-179.45,-178.23,-177.16,-178.23,-176.7,-178.23,-178.84,-181.43,-180.97,-182.65,-184.03,-185.71,-186.32,-186.47,-185.71,-185.09,-182.2,-180.52,-177.47,-176.4,-173.19,-171.51,-167.7,-168.16,-169.23,-170.6,-171.51,-173.65,-176.24,-179.75,-182.5,-186.47,-187.69,-189.06,-186.47,-184.03,-179.45,-177.92,-174.72,-173.35,-171.21,-166.17,-160.83,-157.63,-153.2,-148.32,-143.13,-137.18,-128.64,-123.91,-119.02,-116.89,-112.31,-108.65,-104.98,-101.78,-95.981,-93.844,-91.25,-88.961,-86.673,-85.452,-83.926,-83.621,-81.637,-83.163,-84.994,-88.046,-88.198,-91.403,-93.387,-95.828,-98.575,-102.08,-106.05,-112.16,-116.28,-119.17,-120.09,-122.53,-124.06,-127.41,-125.74,-124.67,-121.16,-116.89,-112.77,-111.39,-110.17,-111.24,-110.63,-113.07,-115.05,-118.11,-120.55,-125.74,-131.99,-138.86,-142.52,-146.34,-149.85,-155.03,-160.22,-165.26,-170.9,-175.48,-178.38,-180.21,-180.97,-183.26,-182.5,-183.26,-183.11,-186.16,-186.93,-186.93,-186.62,-186.77,-186.01,-184.64,-182.65,-182.81,-182.2,-183.42,-183.26,-183.72,-182.2,-182.04,-179.3,-176.4,-174.87,-173.8,-170.14,-167.24,-163.43,-159.92,-153.81,-150.46,-146.34,-144.81,-141.15,-141,-140.08,-142.06,-142.22,-143.13,-142.22,-142.37,-142.06,-143.13,-142.06,-139.77,-136.27,-137.49,-138.25,-140.08,-141.3,-143.89,-144.81,-144.66,-144.35,-143.74,-142.22,-140.84,-138.55,-137.49,-137.49,-139.32,-139.93,-140.39,-139.62,-138.71,-138.1,-137.03,-136.57,-135.35,-132.15,-130.31,-126.35,-124.06,-123.29,-122.99,-120.7,-120.7,-118.56,-116.89,-115.36,-116.43,-119.33,-122.23,-126.04,-132.15,-136.11,-138.71,-137.49,-137.49,-136.42,-137.33,-138.55,-139.32,-140.23,-141.76,-140.54,-139.16,-137.64,-139.62,-139.01,-141.76,-139.77,-138.25,-134.59,-132.76,-130.01,-129.25,-126.8,-126.35,-124.97,-125.28,-121.62,-116.28,-108.8,-103,-93.997,-86.215,-78.738,-71.718,-65.157,-59.053,-52.644,-46.388,-39.674,-33.265,-27.009,-22.736,-16.633,-12.055,-6.4089,-1.2207,8.5452,18.311,27.314,34.181,41.658,47.761,53.407,54.781,55.391,55.391,55.849,53.713,51.729,50.05,49.745,49.135,46.999,45.167,44.099,45.015,48.524,49.287,49.135,45.778,41.963,38.453,35.554,33.113,32.807,32.35,32.197,28.535,26.856,24.873,23.957,23.194,23.652,24.72,25.636,26.246,26.246,24.873,23.347,21.516,20.447,17.853,16.327,14.344,13.886,13.276,13.733,13.581,10.681,9.6133,9.4607,6.8667,4.5778,-0.30519,-3.5096,-8.8504,-13.581,-18.159,-20.142,-21.21,-20.905,-21.058,-20.6,-22.736,-24.262,-28.687,-28.687,-29.756,-30.213,-33.265,-35.401,-37.996,-43.336,-45.32,-43.947,-44.099,-43.947,-43.489,-42.879,-43.947,-43.794,-44.557,-45.167,-46.083,-45.473,-41.047,-37.233,-34.181,-30.671,-27.161,-23.194,-21.058,-17.548,-15.717,-11.75,-9.3081,-7.3244,-5.4933,-3.357,-3.8148,-3.8148,-5.3407,-3.9674,-2.8993,2.2889,5.4933,9.9185,14.191,18.769,22.279,27.161,31.587,35.249,38.606,41.658,44.252,49.135,54.323,59.664,62.716,67.141,71.413,76.601,78.738,81.179,80.874,82.095,82.705,86.062,88.046,91.098,93.387,96.591,100.41,103.46,106.05,108.49,110.02,112.46,115.67,120.85,124.36,126.65,127.41,127.87,128.79,130.92,132.6,134.59,134.89,133.98,130.62,129.55,126.5,125.58,121.46,116.58,111.39,106.2,102.39,100.41,100.86,102.54,103.76,107.43,110.17,111.7,111.09,111.85,112.31,114.14,116.89,119.79,122.23,125.74,129.4,132.76,134.89,137.94,138.71,140.84,142.06,144.96,148.01,151.68,155.03,157.02,158.09,157.17,152.59,149.08,145.27,143.74,142.06,142.22,142.06,143.74,143.89,142.37,140.69,139.62,138.4,137.03,134.43,132.91,130.31,128.94,126.8,126.35,124.82,122.68,119.94,115.97,111.55,107.73,104.83,103.46,103.61,103.61,101.78,100.41,97.964,97.354,96.744,95.218,94.15,93.692,94.455,96.896,96.896,97.201,94.302,90.182,84.841,81.484,77.212,72.481,69.277,65.767,58.901,53.407,46.236,39.369,30.519,24.415,17.243,11.292,5.3407,-1.3733,-10.529,-19.532,-27.619,-35.707,-45.625,-50.966,-57.985,-63.478,-70.956,-75.991,-79.806,-82.858,-85.604,-87.283,-89.724,-92.013,-94.913,-95.676,-95.218,-91.25,-87.893,-83.468,-79.196,-72.634,-66.683,-61.953,-60.427,-60.427,-60.274,-59.053,-57.985,-56.154,-58.596,-61.037,-63.173,-63.326,-64.852,-64.089,-63.631,-63.173,-63.478,-63.784,-65.615,-66.836,-70.04,-71.566,-74.465,-74.923,-75.838,-73.244,-72.634,-71.871,-73.397,-74.77,-75.991,-74.465,-72.634,-69.277,-69.277,-68.514,-70.803,-72.176,-75.991,-79.806,-84.841,-91.25,-98.27,-102.69,-104.68,-106.2,-107.88,-109.41,-113.22,-115.82,-120.55,-122.07,-123.29,-123.45,-126.65,-127.41,-128.33,-130.01,-132.91,-133.67,-135.65,-136.57,-143.13,-147.71,-152.13,-153.66,-155.64,-155.95,-155.49,-155.49,-155.34,-155.49,-156.56,-157.48,-160.22,-163.43,-167.39,-169.53,-169.84,-169.84,-171.36,-173.19,-174.72,-175.63,-174.41,-171.21,-166.78,-159.15,-153.05,-148.01,-143.74,-139.16,-135.2,-131.38,-128.18,-128.64,-128.18,-125.28,-120.09,-115.21,-112.61,-111.55,-111.55,-110.93,-112.31,-113.38,-114.14,-112.77,-108.65,-105.29,-101.02,-97.354,-97.049,-97.049,-96.438,-95.828,-94.76,-92.166,-91.25,-88.046,-85.147,-81.027,-78.585,-79.043,-79.958,-81.79,-83.163,-86.215,-90.335,-93.539,-97.507,-99.948,-102.39,-102.85,-104.83,-103.92,-101.63,-98.575,-95.523,-90.487,-85.604,-80.874,-77.364,-71.871,-66.988,-60.884,-56.917,-51.118,-46.388,-41.81,-36.622,-32.197,-28.687,-24.72,-20.753,-14.954,-8.5452,-1.8311,2.1363,4.7304,4.12,3.6622,2.2889,4.4252,6.1037,7.477,9.7659,13.428,16.022,19.227,23.347,26.856,29.603,32.807,33.723,34.028,32.655,33.723,33.876,33.876,34.181,35.096,34.791,35.096,36.164,38.301,40.437,44.404,45.778,48.067,47.914,46.541,43.184,42.421,38.606,35.859,34.333,34.639,36.012,36.164,34.639,33.418,29.756,27.619,23.804,22.736,19.99,19.379,16.48,16.327,16.022,16.785,15.717,15.717,14.039,13.733,13.581,17.396,22.584,29.756,34.639,39.064,40.895,43.031,43.184,41.658,38.148,34.639,31.587,30.213,30.976,34.486,37.08,39.521,39.064,38.911,36.927,36.927,36.164,34.639,32.96,30.976,29.603,28.687,27.772,26.856,26.704,28.382,29.45,32.044,32.502,32.655,30.213,30.213,29.908,29.45,28.84,27.467,24.262,21.516,19.99,19.99,18.616,18.159,16.938,16.48,14.344,12.818,10.681,8.6978,8.3926,7.7822,6.4089,3.2044,-1.5259,-4.5778,-8.24,-10.834,-15.564,-20.142,-25.788,-30.366,-36.317,-41.047,-46.693,-50.05,-51.881,-51.881,-51.424,-49.44,-50.05,-47.609,-46.999,-43.947,-41.81,-37.996,-35.401,-32.655,-31.587,-30.824,-33.113,-34.181,-37.233,-37.385,-37.843,-33.723,-32.655,-29.45,-27.619,-25.33,-23.499,-22.584,-21.973,-21.058,-19.684,-19.074,-18.769,-17.548,-17.853,-16.022,-14.496,-12.818,-12.97,-11.597,-9.1556,-5.3407,-1.3733,1.0681,4.5778,9.3081,16.48,23.957,28.535,35.707,40.437,45.93,50.05,54.628,57.375,60.274,65.615,74.313,81.79,88.809,95.828,102.69,107.58,113.38,117.34,121.31,122.53,123.91,125.74,128.79,128.94,128.03,125.74,123.6,118.56,112.61,102.85,95.523,88.046,82.705,76.754,70.345,65.615,63.021,63.021,65.615,66.683,66.683,62.716,61.342,59.358,60.121,59.969,61.342,60.732,59.816,58.748,59.053,57.375,56.307,53.102,52.034,49.745,50.661,51.729,55.391,55.544,55.849,56.764,57.07,57.527,56.917,56.001,54.933,50.966,47.304,41.658,37.69,32.197,28.077,20.753,12.97,5.1881,-0,-6.5615,-13.733,-22.126,-32.807,-42.116,-46.846,-50.966,-54.476,-59.969,-64.699,-68.667,-70.193,-72.481,-75.686,-78.28,-80.111,-80.111,-77.212,-73.397,-69.277,-67.904,-64.241,-61.037,-56.154,-50.661,-43.641,-39.521,-35.707,-32.655,-29.145,-26.399,-26.551,-31.129,-37.69,-48.677,-59.816,-71.108,-79.806,-87.588,-95.676,-102.39,-107.88,-111.55,-116.73,-124.21,-129.7,-136.88,-142.06,-148.93,-153.51,-157.78,-157.48,-158.24,-159.15,-160.22,-159.61,-157.17,-153.51,-151.52,-146.64,-145.42,-140.84,-137.94,-132.76,-128.94,-123.91,-119.79,-116.12,-113.38,-108.8,-104.98,-101.17,-100.41,-99.796,-104.68,-108.04,-114.9,-116.43,-117.34,-118.26,-123.14,-127.41,-131.38,-134.43,-140.08,-144.35,-146.95,-145.88,-146.18,-142.98,-140.54,-135.65,-133.06,-129.4,-125.74,-120.85,-115.21,-108.34,-101.63,-93.387,-85.452,-76.907,-72.176,-66.683,-62.563,-55.391,-49.135,-43.184,-39.674,-37.385,-37.08,-36.317,-35.707,-35.554,-34.791,-36.317,-41.353,-44.557,-47.761,-49.287,-51.576,-53.102,-53.865,-53.865,-56.001,-55.238,-53.102,-52.034,-51.881,-47.761,-46.388,-41.047,-38.606,-35.554,-32.35,-27.924,-25.483,-25.33,-23.957,-20.295,-15.107,-6.8667,1.6785,10.224,15.412,20.447,23.957,27.009,28.687,30.976,33.57,38.301,40.59,42.879,43.184,43.794,43.336,45.167,46.388,49.44,52.492,54.781,57.527,59.206,59.816,59.816,57.527,56.764,51.271,46.999,41.353,37.996,36.164,37.385,39.827,43.031,46.388,49.898,52.034,53.865,53.865,54.476,55.544,58.29,60.732,64.394,67.293,69.43,70.498,72.481,75.991,81.942,86.978,92.929,94.302,97.354,99.643,100.41,100.25,101.17,101.02,100.41,99.49,100.71,99.033,97.049,94.607,93.081,89.419,87.893,88.351,88.198,87.588,86.825,85.147,81.942,78.89,78.127,76.296,76.144,74.465,74.923,74.465,75.686,74.923,75.533,75.381,72.787,68.819,68.209,65.31,64.241,61.19,60.884,61.037,60.732,60.427,59.053,55.238,52.187,48.677,43.184,36.012,32.044,28.535,24.415,17.396,14.954,10.834,7.477,3.8148,2.1363,-1.0681,-5.3407,-12.513,-18.006,-25.941,-30.824,-35.707,-36.622,-37.233,-33.876,-30.519,-26.856,-22.736,-18.769,-16.633,-14.191,-12.818,-10.376,-10.071,-6.2563,-0,6.2563,8.8504,11.902,15.564,20.905,22.736,23.499,23.194,24.72,25.33,28.535,27.009,25.025,20.295,18.006,18.311,20.905,24.415,26.856,27.467,24.873,19.837,16.938,13.428,11.444,8.8504,9.4607,9.4607,7.0193,6.7141,7.3244,5.6459,3.9674,4.7304,5.3407,4.4252,3.0519,2.2889,3.0519,3.2044,4.883,5.4933,7.1718,10.529,15.107,18.769,20.447,21.058,20.295,16.48,13.428,11.444,11.597,12.665,16.327,18.616,20.753,21.668,22.889,24.415,26.246,27.314,28.23,30.061,34.639,36.317,39.064,40.437,44.252,46.541,49.898,49.593,49.898,48.982,46.846,44.252,43.031,42.879,46.083,46.236,49.287,48.982,49.745,49.898,52.644,54.17,55.849,57.527,60.884,65.92,72.481,77.059,81.637,83.316,85.452,85.757,86.825,84.689,84.536,84.536,84.841,85.147,85.604,82.858,79.653,76.601,76.449,73.244,72.634,69.735,66.53,60.884,56.612,54.018,52.644,50.356,49.135,48.982,50.813,51.271,51.881,47.609,43.947,37.996,34.181,29.603,27.467,25.483,23.652,19.227,15.564,12.513,10.071,7.3244,6.8667,6.4089,7.3244,7.7822,10.224,13.123,17.548,22.889,29.45,35.096,39.674,45.625,53.865,61.8,68.209,71.718,75.686,76.907,80.416,83.01,87.893,93.081,98.422,105.14,110.63,115.36,118.87,118.87,120.24,121.77,125.58,126.65,127.87,129.4,131.84,132.76,131.84,128.79,125.89,122.07,118.41,112.92,108.49,101.47,95.218,86.825,80.264,73.397,67.598,61.953,58.29,53.56,49.745,45.015,43.031,40.59,41.505,38.911,38.606,39.521,41.81,44.557,46.541,46.846,46.236,45.015,43.794,40.437,40.284,39.369,41.2,42.879,47.609,49.898,53.255,54.323,55.544,55.696,56.307,57.07,57.527,56.612,56.917,56.459,56.459,55.238,57.07,57.833,58.748,58.443,55.238,50.661,46.541,42.116,40.895,39.827,38.453,37.233,37.843,35.859,34.639,32.96,30.061,25.483,21.21,16.022,13.123,9.1556,7.0193,4.12,4.4252,2.2889,-0,-5.6459,-10.071,-15.564,-18.006,-18.921,-19.99,-21.973,-22.126,-19.227,-13.581,-11.444,-9.7659,-11.902,-13.428,-14.954,-13.581,-13.428,-14.496,-15.259,-16.633,-19.379,-20.447,-21.516,-22.736,-28.077,-32.502,-37.385,-40.284,-44.71,-47.609,-51.576,-54.476,-57.985,-62.105,-67.598,-70.956,-75.686,-78.433,-80.874,-78.738,-77.364,-74.465,-70.498,-64.547,-61.647,-59.511,-57.375,-52.95,-49.135,-47.304,-49.287,-49.287,-48.982,-46.541,-45.93,-41.658,-38.911,-37.843,-36.47,-36.012,-35.249,-33.876,-32.807,-29.603,-27.772,-25.178,-25.788,-28.23,-32.807,-36.775,-42.421,-46.693,-50.203,-52.034,-54.476,-57.07,-59.511,-60.427,-63.021,-63.631,-66.53,-67.904,-70.65,-72.787,-74.313,-74.313,-74.313,-74.923,-75.381,-74.465,-72.787,-69.124,-68.361,-69.124,-72.024,-73.855,-75.686,-77.212,-77.67,-76.754,-75.686,-73.855,-72.176,-71.566,-72.329,-72.939,-75.838,-74.618,-74.465,-73.397,-77.67,-82.095,-86.062,-87.13,-90.64,-93.387,-97.659,-100.25,-101.63,-95.523,-89.114,-84.994,-84.536,-83.621,-78.127,-71.413,-68.056,-66.53,-66.836,-66.836,-64.241,-61.037,-60.274,-58.596,-57.833,-56.307,-57.222,-58.596,-59.511,-58.596,-58.29,-58.443,-58.29,-58.596,-58.443,-57.68,-57.07,-54.17,-51.424,-48.982,-48.524,-46.388,-46.083,-45.015,-45.167,-46.846,-50.508,-51.576,-53.255,-54.781,-57.07,-59.053,-63.326,-64.547,-64.394,-63.173,-65.004,-65.92,-66.225,-65.004,-63.631,-64.547,-66.378,-69.43,-73.244,-77.517,-83.163,-87.283,-92.166,-95.523,-96.744,-99.49,-103.92,-107.73,-111.55,-112.16,-112.46,-108.49,-107.73,-104.22,-101.02,-97.507,-98.117,-96.744,-97.354,-98.27,-99.948,-100.86,-102.24,-103.76,-107.58,-110.17,-112.31,-109.1,-107.43,-103.31,-101.93,-97.964,-93.692,-90.945,-93.081,-95.065,-96.591,-96.591,-97.964,-97.201,-101.78,-104.98,-106.97,-105.75,-105.9,-103.76,-101.93,-100.1,-100.25,-101.63,-101.63,-101.93,-103.76,-100.41,-96.744,-92.013,-90.64,-89.267,-91.25,-92.624,-92.929,-93.539,-94.455,-95.37,-96.286,-93.234,-90.64,-83.926,-80.111,-78.28,-79.043,-76.449,-75.991,-75.991,-76.449,-75.381,-73.855,-70.803,-70.04,-70.956,-74.465,-74.007,-74.007,-71.871,-70.956,-70.345,-70.65,-69.277,-69.277,-69.887,-71.871,-72.939,-75.686,-75.991,-77.517,-78.738,-82.705,-84.384,-86.978,-86.978,-86.52,-84.841,-82.858,-78.738,-74.77,-70.803,-65.462,-58.596,-55.391,-51.271,-48.83,-44.404,-42.268,-38.301,-36.012,-31.281,-24.11,-15.717,-10.224,-5.4933,-5.0356,-4.883,-6.5615,-8.0874,-12.513,-15.259,-17.701,-18.159,-18.311,-15.412,-14.344,-13.428,-15.107,-16.938,-21.516,-24.873,-31.434,-34.944,-39.979,-43.184,-49.287,-54.323,-58.596,-59.664,-60.732,-63.478,-67.141,-70.65,-76.601,-81.332,-86.673,-88.961,-93.692,-95.523,-100.25,-101.93,-99.643,-94.15,-89.877,-83.621,-77.975,-71.108,-68.209,-64.699,-63.784,-61.953,-62.105,-59.358,-57.833,-57.222,-58.901,-60.427,-62.716,-65.004,-68.514,-71.413,-77.517,-83.621,-92.166,-96.744,-104.83,-108.95,-110.48,-112.46,-117.5,-121.31,-124.97,-125.28,-125.43,-123.14,-124.36,-126.04,-127.87,-126.96,-124.36,-120.24,-116.73,-112,-106.81,-99.796,-93.539,-82.4,-75.076,-67.293,-63.326,-59.664,-55.849,-50.813,-45.167,-39.521,-36.317,-36.622,-39.674,-43.489,-48.83,-51.271,-52.034,-53.255,-54.628,-55.696,-57.985,-62.868,-67.446,-68.056,-69.43,-71.718,-77.059,-83.01,-85.147,-85.91,-85.147,-82.705,-81.484,-80.569,-81.942,-81.484,-83.926,-82.4,-80.416,-75.686,-71.108,-67.446,-66.988,-65.004,-62.258,-59.511,-56.307,-45.625,-33.418,-19.379,-9.9185,-2.5941,5.9511,12.97,16.48,19.379,23.347,30.519,37.538,41.353,43.184,45.625,46.999,50.661,53.713,55.391,57.07,58.443,60.427,60.884,60.121,59.664,57.222,55.391,52.797,50.05,45.93,43.184,42.421,41.505,39.674,37.996,35.859,33.723,29.908,27.467,24.567,22.126,15.87,10.224,5.6459,-0.45778,-8.5452,-13.733,-18.464,-19.837,-22.889,-22.584,-21.973,-15.564,-10.681,-4.7304,1.9837,6.8667,11.139,15.717,22.126,29.145,36.775,45.32,50.813,55.849,59.358,64.394,69.43,77.059,85.299,93.844,101.17,107.58,110.02,114.44,118.41,121.16,122.53,125.58,126.8,129.86,131.69,133.06,135.35,142.52,150.91,159.46,165.11,168,168.77,170.45,167.85,167.39,165.56,163.12,160.37,159,159.15,159,158.24,156.87,155.95,156.25,153.2,149.24,144.51,142.52,139.32,136.27,133.21,130.31,127.87,124.82,122.23,121.16,117.95,118.41,117.65,116.58,114.9,113.53,111.55,110.02,109.56,110.32,109.71,110.93,112.46,116.89,119.79,123.6,125.89,128.48,130.62,131.84,133.06,134.28,134.59,133.67,130.92,130.62,129.7,128.33,125.13,125.89,126.8,128.64,130.16,130.01,128.33,123.91,119.48,118.11,116.58,116.89,114.6,113.07,108.49,104.83,98.727,93.844,87.13,80.416,75.076,70.956,66.53,62.563,57.833,54.323,50.203,50.203,47.914,46.693,42.421,37.233,32.655,29.145,24.72,20.295,19.684,18.464,14.954,11.597,3.6622,-2.1363,-7.1718,-10.071,-13.581,-16.633,-19.379,-21.363,-23.347,-26.551,-29.298,-30.519,-33.723,-36.775,-39.064,-38.148,-37.538,-36.927,-37.08,-36.47,-35.859,-35.707,-36.317,-37.843,-39.064,-37.538,-34.181,-30.976,-30.976,-31.739,-34.944,-37.843,-40.132,-42.573,-46.083,-50.05,-53.102,-51.729,-48.067,-43.794,-42.268,-40.742,-40.742,-39.674,-40.742,-41.658,-43.641,-44.099,-43.031,-41.963,-39.979,-36.775,-33.723,-28.84,-26.399,-24.873,-25.33,-25.33,-25.025,-23.957,-23.652,-23.957,-23.194,-22.279,-20.6,-17.853,-16.022,-13.123,-13.123,-12.207,-11.292,-9.1556,-8.6978,-10.224,-12.665,-13.733,-13.581,-14.496,-15.717,-15.87,-18.311,-20.447,-23.194,-24.72,-27.619,-27.924,-26.399,-25.636,-25.483,-23.347,-20.905,-18.769,-17.701,-16.633,-18.311,-18.921,-19.227,-17.09,-16.022,-15.87,-16.022,-13.428,-9.7659,-5.1881,-2.8993,0.61037,2.8993,6.7141,8.6978,10.681,12.36,15.412,15.87,15.412,16.48,16.48,15.717,14.954,15.87,18.311,18.769,20.447,20.6,23.194,25.178,25.33,24.72,21.821,18.769,14.801,8.0874,0.76296,-7.0193,-13.428,-20.753,-24.262,-27.314,-26.856,-26.093,-25.33,-26.093,-27.924,-30.366,-33.57,-38.606,-40.132,-39.674,-36.927,-34.791,-33.876,-34.639,-33.876,-33.265,-34.028,-36.47,-39.369,-40.437,-39.979,-40.132,-38.148,-38.759,-37.538,-38.301,-36.012,-33.265,-29.45,-27.161,-25.178,-25.788,-24.567,-24.262,-24.72,-26.856,-25.941,-26.551,-25.178,-24.262,-22.431,-24.567,-25.025,-24.873,-25.483,-26.246,-25.483,-26.551,-25.941,-24.567,-20.447,-18.769,-15.87,-16.175,-14.191,-10.376,-6.1037,-3.0519,-2.2889,-1.6785,-0.15259,2.1363,3.6622,4.5778,4.883,3.5096,2.8993,0.91556,1.3733,1.8311,3.0519,1.8311,1.0681,-1.6785,-5.3407,-12.207,-16.175,-19.379,-21.21,-25.178,-27.772,-33.113,-34.028,-36.164,-37.385,-40.59,-41.2,-41.505,-41.353,-38.759,-35.859,-35.096,-35.249,-38.606,-41.047,-43.031,-39.369,-35.859,-30.366,-24.262,-18.006,-13.428,-10.224,-5.4933,-1.8311,1.0681,4.4252,6.4089,8.24,10.224,14.344,19.379,22.736,25.33,25.941,25.636,24.72,23.194,22.736,20.142,19.532,17.701,17.548,17.396,19.379,18.464,16.022,11.597,7.6296,1.9837,-4.4252,-12.36,-16.327,-21.973,-23.194,-26.399,-28.23,-31.281,-32.655,-33.57,-35.249,-38.148,-41.81,-44.71,-45.625,-45.473,-41.81,-37.996,-33.57,-32.502,-30.976,-32.807,-31.739,-31.739,-29.908,-28.687,-27.161,-25.33,-23.347,-20.905,-16.48,-11.75,-6.4089,-3.357,2.1363,6.5615,15.717,23.041,29.603,34.791,39.064,39.827,39.827,39.064,37.69,32.807,29.603,25.025,21.058,13.733,9.003,4.12,2.1363,-0.15259,-1.6785,-3.357,-2.1363,-0,0.76296,0.76296,3.2044,4.12,6.8667,7.1718,7.9348,5.7985,3.2044,-0.76296,-5.9511,-11.597,-14.344,-17.548,-17.396,-17.243,-14.954,-14.191,-11.597,-10.681,-9.3081,-9.1556,-9.1556,-11.139,-14.496,-19.837,-24.262,-27.924,-31.434,-35.707,-37.69,-41.2,-43.031,-46.846,-49.135,-54.476,-60.427,-66.683,-71.566,-77.212,-83.316,-88.809,-93.539,-99.796,-103.61,-108.04,-112.16,-115.05,-117.5,-122.23,-125.89,-127.57,-126.19,-122.68,-120.85,-123.91,-128.64,-132.91,-135.65,-138.1,-137.33,-135.65,-134.13,-133.98,-133.37,-134.59,-133.82,-132.6,-130.92,-129.7,-126.8,-122.84,-119.63,-115.36,-109.56,-106.05,-101.47,-97.354,-90.03,-83.468,-75.686,-67.446,-58.138,-50.508,-42.726,-35.401,-28.382,-22.431,-16.022,-11.292,-6.1037,-1.8311,2.8993,5.9511,9.7659,11.902,13.581,14.191,15.412,15.412,15.564,12.97,13.886,12.665,14.496,13.886,15.564,16.022,17.548,16.938,17.396,17.701,21.363,25.025,27.009,26.093,27.314,28.382,30.213,31.587,35.096,38.453,44.099,48.219,52.797,56.154,61.19,66.225,70.956,72.634,73.244,73.092,75.228,74.465,75.228,73.855,74.923,74.313,76.296,75.533,76.601,76.601,76.754,75.381,74.16,73.55,74.77,73.55,75.381,75.686,77.67,74.923,72.939,69.43,67.598,65.92,65.615,66.225,68.819,69.735,70.193,69.887,72.329,72.481,74.77,75.381,79.806,84.384,92.166,99.338,106.2,113.83,121.62,128.79,135.04,139.62,145.27,149.69,155.49,158.24,159.76,159.31,158.85,158.7,157.78,156.25,154.27,150.76,144.05,136.72,130.47,124.52,120.09,114.9,112,108.8,106.51,104.37,102.69,101.32,99.643,96.591,93.844,90.793,91.098,90.64,91.708,91.708,93.997,95.065,95.37,95.523,97.964,102.69,105.75,107.43,109.71,113.22,117.5,120.09,122.53,122.38,121.92,120.09,119.79,121.62,123.14,124.67,125.28,124.52,120.85,116.58,112.77,107.58,103.76,98.88,95.065,90.487,85.604,77.822,69.582,59.969,50.356,40.895,31.281,21.973,17.548,11.444,7.3244,2.2889,-1.0681,-4.5778,-5.7985,-10.224,-13.428,-13.428,-7.9348,-4.2726,-0.61037,1.8311,7.0193,10.376,16.785,19.532,23.041,24.72,30.671,35.859,41.505,47.456,52.95,55.849,58.138,59.511,62.105,62.563,62.258,58.596,54.933,47.304,42.116,34.791,29.908,23.957,16.327,9.4607,4.2726,-0.76296,-3.6622,-5.6459,-7.6296,-11.139,-12.055,-15.259,-16.633,-20.6,-23.804,-29.756,-35.249,-42.116,-47.761,-53.713,-58.443,-62.868,-65.462,-67.141,-66.988,-67.446,-61.647,-55.544,-50.356,-46.083,-42.421,-41.353,-39.216,-37.385,-34.181,-30.519,-25.483,-23.041,-19.532,-19.379,-16.327,-16.48,-15.412,-17.701,-19.379,-20.753,-22.889,-26.093,-28.077,-31.739,-35.554,-39.369,-41.353,-44.862,-48.372,-53.102,-56.459,-61.495,-64.394,-65.004,-64.394,-65.615,-66.683,-68.361,-69.582,-71.871,-74.007,-79.501,-83.926,-87.741,-88.961,-91.403,-91.098,-89.724,-86.367,-84.994,-84.536,-83.926,-82.4,-79.196,-72.939,-65.31,-56.612,-51.271,-47.914,-46.693,-43.336,-41.2,-37.08,-33.265,-29.45,-28.382,-27.467,-28.535,-29.756,-32.807,-35.096,-39.064,-43.489,-51.271,-55.391,-60.274,-65.004,-69.277,-72.329,-77.364,-81.637,-85.147,-87.893,-91.556,-94.302,-99.643,-103.46,-106.2,-105.9,-107.58,-107.73,-108.65,-105.75,-102.39,-97.201,-93.234,-87.436,-81.179,-74.923,-71.871,-68.819,-67.293,-62.563,-57.222,-47.456,-39.064,-31.892,-28.535,-26.093,-24.873,-23.347,-22.736,-20.447,-19.074,-14.649,-11.139,-7.6296,-5.3407,-0.61037,1.3733,3.9674,2.8993,0.61037,-3.8148,-6.7141,-9.1556,-10.834,-13.123,-12.665,-14.649,-16.327,-20.6,-22.889,-26.704,-29.756,-32.96,-32.807,-33.265,-35.859,-41.2,-45.473,-49.745,-50.203,-49.593,-47.151,-44.71,-41.047,-38.759,-35.096,-32.807,-31.281,-30.213,-27.161,-25.941,-22.126,-20.6,-18.159,-18.464,-16.938,-15.412,-8.8504,-3.8148,-0.30519,-0.61037,-0.61037,-1.8311,-2.2889,-3.357,-2.7467,-2.4415,-0.45778,-0,1.8311,2.1363,3.5096,0.91556,-0.91556,-4.7304,-7.7822,-12.055,-15.564,-21.058,-24.262,-26.704,-26.399,-28.993,-28.84,-31.281,-30.366,-30.061,-28.382,-25.636,-22.736,-20.6,-19.532,-19.532,-19.227,-20.753,-19.99,-20.295,-17.548,-18.769,-21.21,-27.467,-31.892,-36.927,-40.742,-42.268,-40.59,-39.216,-37.538,-40.437,-41.047,-39.979,-36.47,-35.859,-34.639,-35.859,-33.418,-29.145,-23.041,-19.532,-16.785,-16.175,-13.733,-10.376,-5.0356,-1.3733,5.6459,9.003,11.292,11.292,11.75,10.987,12.818,15.107,16.633,16.327,16.022,13.123,13.276,11.292,10.376,6.5615,3.9674,-1.5259,-7.477,-11.902,-14.344,-16.327,-16.785,-16.175,-12.513,-9.4607,-3.357,0.15259,3.6622,5.4933,8.5452,9.6133,11.292,12.055,13.276,13.123,12.055,10.834,11.597,11.292,13.733,12.97,13.428,12.055,12.513,11.292,10.376,8.6978,10.071,10.376,10.987,10.834,12.665,13.276,13.276,8.6978,7.3244,6.4089,5.6459,3.0519,1.9837,1.8311,0.76296,-1.3733,-2.1363,-2.2889,-0.76296,-0.45778,1.3733,0.76296,0.76296,-2.5941,-4.2726,-8.24,-10.376,-11.444,-10.834,-10.529,-10.224,-11.902,-13.123,-18.159,-24.262,-32.044,-38.148,-43.794,-45.625,-47.304,-46.541,-44.557,-41.047,-38.911,-35.249,-30.671,-28.077,-28.535,-27.924,-27.467,-23.499,-19.837,-14.496,-8.5452,-2.2889,0.45778,1.5259,1.6785,1.0681,-1.0681,-2.5941,-5.1881,-6.8667,-9.4607,-8.24,-7.0193,-3.2044,-2.4415,0.45778,1.9837,1.2207,-0.61037,-0.45778,0.76296,2.4415,2.2889,4.4252,4.5778,4.4252,2.1363,1.5259,-0.45778,0.15259,-0.15259,1.2207,2.2889,2.5941,3.357,5.1881,6.1037,8.24,8.3926,8.8504,7.9348,10.529,11.75,13.276,13.123,13.581,14.954,18.159,18.464,16.327,13.276,10.376,6.8667,4.5778,0.61037,-1.6785,-4.12,-3.357,-3.9674,-2.1363,0.15259,3.8148,8.24,12.513,14.191,16.48,18.159,19.227,15.107,8.6978,1.2207,-3.0519,-9.3081,-13.581,-16.48,-18.464,-19.532,-19.99,-20.295,-20.753,-22.889,-23.347,-24.415,-23.194,-24.72,-26.093,-28.84,-28.687,-28.993,-27.161,-24.567,-21.363,-20.6,-20.295,-22.126,-25.178,-29.756,-33.723,-39.369,-41.505,-42.726,-43.947,-47.609,-50.661,-54.17,-57.985,-60.579,-61.647,-62.563,-63.478,-64.547,-65.004,-67.446,-67.446,-66.378,-65.615,-67.141,-66.988,-65.92,-61.647,-57.833,-54.933,-51.576,-48.524,-45.015,-41.81,-38.606,-33.876,-30.824,-25.178,-20.753,-16.48,-14.954,-11.75,-9.3081,-7.1718,-5.9511,-4.883,-4.2726,-2.5941,-2.1363,0.15259,-0.15259,0.91556,-0.15259,-1.3733,-2.8993,-2.8993,-5.6459,-11.139,-14.649,-16.48,-19.684,-20.905,-20.753,-19.532,-17.243,-15.107,-14.191,-10.681,-7.9348,-4.4252,-1.3733,1.2207,3.2044,5.6459,7.1718,9.6133,11.75,12.818,12.207,13.276,12.818,14.344,15.564,18.006,18.311,20.753,21.516,21.821,22.431,23.499,23.652,24.415,24.262,24.11,21.821,19.837,17.396,18.616,17.701,16.022,9.9185,1.0681,-7.9348,-18.159,-27.619,-36.927,-47.609,-58.29,-69.124,-77.67,-89.724,-102.08,-117.8,-131.23,-146.03,-157.48,-166.02,-173.35,-177.47,-178.08,-175.02,-169.99,-165.26,-159.15,-154.58,-150.3,-146.34,-139.01,-131.99,-125.43,-117.8,-110.93,-102.39,-91.403,-81.027,-73.397,-66.53,-56.917,-49.745,-43.336,-39.064,-33.418,-28.993,-24.873,-21.973,-18.464,-17.548,-16.175,-10.376,-3.8148,1.0681,5.1881,7.7822,10.834,10.529,10.987,7.477,3.6622,-0.91556,-3.6622,-5.9511,-8.3926,-10.224,-11.444,-13.886,-16.785,-19.99,-21.973,-24.11,-21.973,-20.295,-18.464,-18.464,-19.227,-21.058,-23.499,-26.551,-26.856,-25.636,-24.873,-23.652,-18.769,-17.853,-17.396,-18.311,-16.022,-12.513,-6.8667,-3.0519,-0.45778,-0.30519,-1.0681,-4.4252,-9.7659,-15.259,-17.548,-20.905,-20.295,-20.905,-17.548,-16.785,-15.717,-14.496,-13.428,-14.191,-14.496,-14.649,-14.954,-17.853,-19.837,-22.889,-25.33,-31.281,-37.233,-42.879,-47.456,-52.187,-56.764,-60.884,-64.547,-70.193,-72.634,-74.923,-76.754,-79.958,-79.958,-81.332,-81.484,-81.942,-81.332,-82.858,-84.689,-85.452,-85.757,-85.299,-83.773,-82.247,-77.212,-70.956,-62.868,-57.985,-52.95,-52.339,-52.187,-52.034,-50.356,-49.44,-52.95,-58.901,-63.631,-68.361,-72.787,-76.296,-76.601,-77.67,-77.67,-81.332,-81.332,-80.569,-79.196,-79.806,-81.027,-84.231,-86.825,-90.487,-91.25,-92.471,-91.556,-90.487,-86.367,-81.027,-75.076,-68.361,-64.547,-62.41,-61.953,-61.037,-56.459,-54.628,-53.865,-55.238,-53.407,-51.118,-47.304,-45.167,-43.641,-42.116,-39.064,-38.148,-36.622,-35.554,-33.418,-32.35,-29.298,-28.535,-27.619,-28.23,-27.314,-23.652,-19.532,-18.159,-19.379,-22.431,-24.262,-26.551,-27.009,-27.161,-26.246,-28.077,-26.551,-26.246,-24.415,-21.821,-19.379,-17.09,-15.107,-10.071,-3.6622,1.6785,7.0193,11.75,17.09,21.668,27.619,31.129,36.927,41.353,43.794,45.32,45.473,45.473,47.304,48.982,51.881,53.56,55.696,54.323,53.865,51.881,52.339,53.407,53.102,54.628,57.68,59.358,60.732,62.41,64.394,63.784,68.361,71.108,74.313,75.838,79.196,81.179,83.163,84.841,87.436,88.961,91.861,93.234,93.844,91.861,91.861,89.572,88.656,84.994,81.637,75.991,71.871,68.667,66.988,64.241,63.936,64.089,65.31,64.394,63.631,61.647,62.258,59.969,59.206,58.29,57.68,57.68,58.596,59.358,60.732,60.274,59.358,56.612,56.917,56.917,57.375,56.154,54.476,52.339,52.492,52.187,53.713,53.865,54.476,54.476,51.881,47.761,44.557,41.353,41.658,41.353,43.184,42.268,39.521,36.012,33.876,32.655,34.028,36.47,40.895,45.473,50.966,54.933,61.037,64.089,68.209,71.566,77.364,81.637,84.689,88.809,94.302,98.575,102.54,104.07,105.44,104.53,106.2,106.36,108.19,110.78,113.22,113.38,114.75,114.44,113.68,113.22,113.68,111.55,108.04,104.98,105.59,103.46,103.31,100.86,100.1,100.41,102.85,105.29,108.49,109.71,110.93,112.61,114.75,118.41,124.36,125.43,127.57,128.33,132.3,135.96,140.54,143.59,145.57,146.03,147.25,147.56,147.71,148.01,149.85,150.61,150.3,146.34,144.05,141,139.16,137.79,135.81,133.37,129.7,124.97,118.26,110.93,106.2,101.78,98.422,92.166,88.351,83.621,82.095,79.806,79.196,78.127,77.364,74.77,73.244,69.277,65.004,60.884,58.596,56.001,54.933,54.018,54.018,53.255,55.849,56.307,57.07,57.833,59.053,58.901,59.816,59.511,62.41,64.089,67.141,69.43,74.313,76.144,80.569,83.468,87.13,89.114,90.64,92.013,93.539,94.455,96.744,97.659,99.185,98.27,97.201,95.523,95.218,95.065,94.15,93.081,91.708,90.945,91.556,91.708,93.234,93.997,97.354,98.727,100.41,101.47,102.85,105.14,106.66,109.71,111.55,112.46,113.38,113.68,115.51,115.67,115.97,114.9,114.9,112.92,114.29,116.73,118.56,120.4,120.4,119.48,117.04,113.07,108.95,102.85,96.133,88.809,83.773,77.364,71.718,64.394,59.358,52.644,48.677,41.658,34.944,26.856,20.447,13.581,10.987,9.3081,10.071,9.4607,10.681,11.75,12.055,9.7659,7.7822,2.4415,-2.1363,-5.3407,-5.1881,-8.6978,-11.75,-16.633,-18.464,-19.99,-20.905,-21.973,-22.431,-22.584,-21.821,-21.363,-19.837,-20.295,-20.447,-19.684,-16.785,-17.396,-16.785,-16.938,-15.717,-15.87,-14.344,-14.039,-12.055,-12.36,-13.886,-15.564,-16.785,-19.379,-20.447,-21.973,-23.499,-27.314,-27.619,-27.924,-28.382,-29.908,-31.892,-32.807,-30.671,-28.84,-27.314,-28.23,-26.551,-27.161,-28.077,-32.655,-35.401,-36.927,-36.775,-37.538,-37.385,-36.775,-36.164,-36.622,-36.012,-34.791,-31.281,-29.45,-28.535,-32.502,-34.028,-33.113,-31.739,-32.197,-32.96,-34.333,-33.57,-34.486,-34.333,-40.895,-44.862,-48.524,-49.593,-51.576,-53.407,-57.07,-63.173,-68.514,-71.566,-73.855,-75.076,-76.907,-75.228,-72.939,-69.277,-67.904,-63.021,-59.664,-55.696,-52.339,-48.982,-45.167,-42.421,-41.963,-40.895,-40.437,-37.385,-35.707,-32.655,-30.976,-29.145,-29.756,-28.84,-27.619,-26.704,-26.551,-25.483,-24.262,-22.126,-25.33,-27.772,-32.655,-35.707,-40.59,-42.268,-43.031,-42.421,-44.557,-45.93,-45.778,-44.099,-43.947,-40.59,-35.401,-26.399,-19.684,-13.733,-9.3081,-4.883,-1.9837,1.6785,3.8148,4.883,3.357,1.3733,0.30519,-0.76296,-3.2044,-4.2726,-8.5452,-14.039,-22.431,-28.23,-35.707,-41.2,-46.236,-52.339,-57.375,-61.19,-66.683,-72.176,-77.975,-81.79,-88.198,-93.692,-99.338,-103.76,-107.58,-107.58,-106.2,-105.14,-106.05,-105.29,-104.83,-102.69,-100.86,-98.27,-95.828,-91.403,-88.809,-84.841,-81.179,-75.991,-71.413,-67.446,-64.699,-61.342,-57.985,-53.865,-50.203,-46.236,-45.625,-43.947,-44.252,-43.031,-45.93,-48.372,-51.576,-54.933,-60.121,-66.378,-73.244,-78.738,-86.52,-92.624,-100.1,-102.69,-105.14,-106.81,-110.17,-114.44,-119.02,-121.77,-122.84,-124.21,-126.04,-124.06,-123.29,-119.94,-118.26,-115.67,-116.12,-112.16,-107.58,-103.76,-102.54,-102.08,-102.08,-100.71,-99.033,-97.964,-100.1,-100.86,-103.61,-105.29,-107.73,-108.04,-110.63,-113.99,-117.04,-120.24,-123.91,-128.18,-133.82,-137.79,-141.61,-143.44,-146.18,-147.71,-150.3,-152.44,-154.88,-157.78,-160.68,-162.97,-165.26,-167.85,-171.36,-172.73,-174.87,-175.18,-176.85,-176.24,-174.72,-171.97,-167.09,-160.07,-152.13,-144.35,-137.18,-128.33,-117.04,-103.92,-94.913,-85.299,-76.907,-65.462,-56.764,-47.761,-39.216,-29.45,-19.684,-8.3926,1.2207,12.513,20.447,30.519,37.996,46.388,51.729,58.29,64.394,70.193,74.465,79.653,84.536,89.572,93.692,100.71,104.98,109.71,112.92,118.26,119.17,121.01,122.38,125.74,126.8,127.41,128.33,129.25,128.79,130.31,130.01,130.47,129.7,130.92,128.64,129.55,131.84,135.2,137.94,140.39,142.52,146.95,152.29,158.24,160.99,164.04,164.65,166.78,167.55,168.61,168.46,165.56,161.14,157.48,155.64,153.81,152.29,150.3,144.35,140.08,135.65,132.6,128.48,124.97,120.55,114.9,108.34,103.76,98.422,91.708,83.773,75.991,65.615,55.849,44.71,36.775,28.535,23.499,19.532,15.259,8.6978,4.4252,2.7467,1.2207,-1.8311,-3.2044,-6.1037,-6.7141,-7.3244,-4.12,-2.1363,0.91556,3.9674,8.0874,7.9348,9.003,10.529,13.123,14.801,16.327,16.327,18.159,18.464,23.041,26.856,30.061,31.434,33.265,34.486,34.944,31.587,28.23,23.804,19.684,13.276,10.224,4.883,2.7467,-0.45778,-3.2044,-7.0193,-11.597,-17.243,-21.516,-24.72,-26.704,-29.908,-31.587,-38.301,-44.404,-49.898,-47.914,-44.557,-40.895,-39.369,-34.944,-32.044,-34.791,-40.895,-46.541,-54.628,-64.241,-75.228,-81.027,-86.062,-89.419,-93.539,-96.133,-99.643,-104.98,-109.56,-111.55,-110.93,-108.95,-108.95,-108.19,-105.59,-101.02,-99.338,-98.27,-97.507,-93.539,-88.656,-85.604,-84.994,-86.52,-89.267,-90.487,-93.387,-92.776,-93.997,-93.997,-92.013,-87.13,-84.231,-80.264,-77.822,-78.28,-83.926,-86.978,-86.673,-84.689,-82.858,-82.247,-82.858,-81.484,-79.348,-75.228,-73.855,-71.108,-67.904,-61.19,-55.391,-51.729,-49.287,-45.167,-41.658,-39.827,-37.538,-33.876,-32.655,-29.603,-28.84,-27.772,-28.993,-30.061,-33.57,-34.486,-35.096,-33.876,-32.96,-29.908,-28.077,-25.941,-27.924,-29.603,-31.892,-31.129,-31.739,-30.213,-27.924,-26.856,-26.551,-24.567,-24.262,-24.72,-26.856,-28.993,-35.707,-42.421,-48.982,-53.713,-59.206,-63.173,-65.462,-67.141,-67.904,-66.53,-63.936,-61.037,-58.29,-54.476,-52.187,-49.745,-47.761,-46.083,-48.067,-47.914,-48.067,-45.93,-43.031,-41.353,-39.827,-37.843,-38.911,-41.658,-43.947,-45.167,-47.761,-49.593,-50.966,-50.966,-51.576,-48.219,-42.879,-37.843,-34.181,-31.281,-30.061,-29.45,-30.976,-30.366,-34.791,-37.69,-41.047,-41.81,-41.81,-38.911,-33.113,-27.772,-24.72,-21.668,-18.464,-15.107,-11.902,-7.6296,-4.7304,-1.8311,-1.6785,-0.15259,-0.15259,1.6785,3.9674,10.224,18.464,25.178,28.993,30.976,28.077,27.314,28.077,31.434,32.35,31.434,27.314,23.804,18.006,12.818,6.2563,0.61037,-5.7985,-10.224,-14.344,-18.006,-23.041,-25.483,-27.314,-28.993,-32.044,-34.944,-37.538,-38.453,-36.927,-35.401,-33.876,-30.061,-28.382,-27.924,-30.519,-32.044,-36.164,-38.911,-40.742,-41.2,-42.726,-43.794,-43.794,-44.252,-46.388,-45.473,-45.778,-45.015,-46.236,-47.761,-50.203,-51.271,-50.05,-47.456,-44.557,-41.658,-40.895,-37.69,-34.486,-30.824,-29.298,-26.246,-25.941,-25.025,-24.415,-21.516,-19.684,-19.227,-17.853,-16.175,-14.954,-11.444,-10.376,-6.7141,-3.6622,-0,2.7467,5.6459,6.2563,7.1718,7.6296,7.1718,5.7985,3.6622,-0.45778,-2.7467,-7.0193,-5.7985,-5.3407,-3.8148,-3.8148,-4.12,-5.1881,-5.3407,-5.1881,-4.7304,-6.7141,-10.834,-16.022,-20.295,-26.399,-29.908,-34.639,-37.385,-42.268,-45.473,-47.761,-49.44,-51.271,-52.95,-54.933,-55.849,-55.696,-54.17,-54.933,-51.576,-47.304,-41.963,-38.911,-33.418,-27.924,-24.415,-23.957,-23.652,-23.194,-20.905,-18.616,-14.191,-12.055,-7.7822,-6.5615,-5.7985,-7.7822,-8.5452,-9.7659,-10.834,-12.055,-13.123,-15.87,-14.801,-17.396,-18.311,-19.227,-18.311,-19.684,-19.532,-19.074,-16.48,-11.75,-6.7141,-2.7467,2.7467,5.1881,9.003,10.529,13.581,15.564,20.295,24.11,28.84,33.723,39.827,43.031,45.93,46.999,48.677,45.93,43.184,43.184,47.914,52.644,59.206,62.105,64.241,64.089,62.868,60.121,57.68,54.628,56.764,58.138,62.41,63.021,61.19,56.612,53.56,51.118,50.661,48.677,48.219,48.677,50.356,50.05,52.187,52.95,56.154,57.985,61.342,62.105,63.631,65.004,67.446,70.345,73.397,72.481,70.04,63.173,58.29,52.95,51.576,49.745,50.661,50.661,50.966,50.661,50.966,51.424,50.813,49.745,49.745,45.625,42.573,38.911,36.317,32.655,30.671,28.382,24.415,21.821,20.753,19.837,23.499,26.551,32.502,34.639,36.47,34.944,33.723,32.502,32.96,32.35,32.655,30.824,28.382,25.636,23.804,17.548,13.581,9.7659,7.7822,4.2726,0.30519,-5.7985,-9.003,-10.376,-7.9348,-5.9511,-2.4415,-1.6785,0.76296,0.30519,-0.15259,-1.6785,-0.45778,0.76296,0.61037,-1.0681,-1.3733,-0.61037,2.4415,5.6459,8.3926,7.477,8.6978,8.3926,10.376,13.581,15.259,16.022,18.769,20.447,23.194,23.804,23.194,20.447,21.516,23.499,27.467,29.145,31.129,29.756,29.908,28.687,25.636,22.431,20.905,17.701,17.396,16.175,15.564,12.513,12.36,11.597,13.581,14.191,16.938,19.837,23.347,26.399,30.366,31.892,35.096,38.148,43.031,44.557,43.947,40.742,39.674,43.031,49.135,56.154,64.394,69.582,72.787,73.55,74.618,72.481,71.108,69.735,71.718,70.193,67.141,61.8,56.459,52.797,51.424,48.524,44.252,37.843,32.96,25.788,21.058,14.344,9.7659,6.2563,6.4089,6.7141,6.5615,5.6459,3.2044,0.61037,-0.45778,-0,2.5941,4.2726,10.224,15.412,21.821,26.856,33.723,36.317,36.927,37.538,39.216,39.216,41.2,42.421,43.336,41.047,42.421,42.421,44.71,45.015,45.93,45.015,45.015,43.489,43.031,40.59,39.216,36.317,32.96,26.704,21.516,14.954,10.529,3.6622,-1.3733,-8.3926,-13.733,-17.701,-20.142,-22.126,-19.532,-16.633,-12.055,-9.003,-3.6622,2.5941,9.3081,14.954,22.431,30.671,39.827,46.999,55.238,62.563,72.634,80.416,89.724,96.591,102.54,107.27,111.85,116.43,120.09,122.68,124.67,127.57,130.01,129.86,130.92,129.4,128.64,127.41,126.96,126.65,124.06,121.46,119.48,117.19,115.36,113.99,113.07,112,112.61,111.39,111.7,111.09,112.31,113.38,114.9,116.73,119.02,121.31,125.13,127.11,130.01,130.92,134.43,138.1,141.91,145.57,148.47,150.46,152.29,152.44,152.44,152.29,153.51,152.59,153.81,153.36,152.9,149.39,147.1,142.83,137.64,132.91,130.16,127.87,126.8,126.04,125.89,121.31,116.89,110.78,104.68,97.049,93.081,89.724,86.673,84.689,85.452,84.384,83.468,81.179,82.553,81.79,81.637,78.28,78.127,77.059,76.296,77.212,78.89,81.332,83.621,82.858,82.705,79.806,77.67,74.16,72.024,67.446,63.173,60.121,56.154,52.644,50.966,50.356,50.508,50.661,50.05,49.135,50.661,49.44,49.135,48.524,47.456,43.641,39.827,36.622,32.807,28.687,26.246,23.347,20.447,15.564,12.207,7.9348,3.8148,-1.6785,-7.477,-12.818,-16.785,-21.21,-24.72,-30.213,-36.47,-44.404,-49.593,-57.68,-62.105,-66.225,-68.209,-71.871,-73.702,-75.686,-78.738,-82.095,-83.163,-85.299,-86.673,-87.13,-85.147,-83.926,-79.501,-73.702,-67.141,-63.631,-59.664,-56.154,-52.492,-51.576,-50.966,-50.813,-49.745,-48.219,-44.099,-43.489,-41.505,-41.2,-38.301,-36.927,-35.096,-35.707,-37.08,-37.996,-35.401,-34.486,-34.028,-35.401,-34.639,-33.418,-28.687,-27.924,-25.788,-25.33,-24.72,-27.009,-28.993,-30.976,-31.892,-34.181,-35.249,-38.606,-39.674,-42.573,-43.641,-47.456,-52.034,-56.764,-59.053,-61.8,-63.784,-66.225,-65.767,-66.53,-65.92,-67.446,-65.767,-65.767,-64.394,-64.394,-62.563,-62.105,-61.19,-60.884,-59.511,-59.053,-56.764,-54.476,-50.661,-49.898,-47.609,-47.304,-44.862,-43.489,-42.268,-41.963,-40.437,-39.369,-39.369,-41.353,-44.862,-50.203,-52.95,-58.29,-63.021,-69.887,-74.313,-80.416,-86.062,-92.929,-97.964,-103.92,-108.95,-113.99,-117.04,-116.58,-113.53,-111.7,-108.49,-106.81,-103,-99.948,-95.065,-90.03,-85.299,-81.79,-77.517,-76.144,-77.67,-81.942,-84.384,-87.741,-87.436,-87.13,-82.858,-79.043,-75.991,-77.059,-77.212,-77.364,-75.686,-73.092,-69.277,-67.446,-63.173,-62.258,-59.358,-58.901,-55.544,-54.628,-54.628,-54.17,-51.576,-48.067,-44.71,-42.421,-39.369,-40.284,-40.437,-42.573,-42.573,-43.794,-44.099,-45.778,-45.625,-45.625,-44.252,-43.184,-40.895,-37.996,-30.519,-23.041,-14.191,-8.24,-1.6785,2.4415,4.883,4.4252,5.6459,7.6296,10.681,13.733,17.09,19.227,22.889,23.804,27.924,29.756,32.96,36.775,43.489,46.999,49.898,52.492,57.222,61.647,65.615,67.598,68.361,65.767,64.547,61.342,61.037,61.19,60.884,59.511,56.154,52.644,48.219,43.031,36.47,27.619,20.142,12.36,6.5615,-0.91556,-6.8667,-12.818,-17.701,-22.279,-28.23,-33.57,-38.606,-43.641,-48.067,-52.95,-52.797,-49.898,-45.473,-43.184,-38.453,-36.012,-35.401,-34.639,-31.892,-29.298,-27.009,-27.467,-25.178,-22.584,-18.464,-14.649,-9.9185,-5.4933,-3.2044,-1.5259,-0,1.3733,1.0681,1.9837,2.5941,1.2207,1.8311,0.91556,2.8993,1.5259,-0.15259,-4.883,-9.4607,-15.412,-19.532,-22.584,-25.178,-28.23,-28.84,-31.281,-32.655,-36.012,-37.996,-42.726,-45.32,-45.778,-44.71,-45.93,-45.473,-45.625,-43.794,-39.979,-33.876,-29.908,-24.262,-19.074,-12.055,-6.1037,-1.2207,-0.15259,1.6785,4.4252,7.7822,9.9185,12.818,14.496,18.769,20.295,22.279,21.973,24.72,23.347,22.431,19.532,18.769,16.327,16.022,15.259,15.259,14.496,14.344,13.733,14.344,14.039,13.123,10.834,10.834,12.207,13.733,15.87,19.379,21.821,23.347,22.889,25.025,27.161,29.908,32.044,36.164,40.284,43.336,44.862,46.541,48.677,51.881,54.323,58.443,61.495,66.073,68.514,73.092,77.364,82.705,86.215,90.182,93.844,96.438,96.744,98.27,99.796,102.24,102.24,100.25,96.286,94.302,92.166,89.724,87.893,86.673,82.705,77.975,73.55,69.582,63.784,59.664,54.323,49.593,44.71,39.369,32.197,26.704,20.905,15.259,10.071,7.477,3.9674,2.7467,1.6785,2.1363,1.5259,4.4252,7.9348,12.665,17.701,24.11,28.687,32.96,36.927,40.284,43.641,46.846,49.135,52.644,55.544,59.358,61.495,63.326,65.157,68.361,72.176,75.686,77.059,79.653,82.095,84.994,85.147,84.384,80.264,75.838,71.108,66.836,61.953,55.849,48.219,40.742,31.281,24.415,19.074,14.954,9.7659,6.2563,1.3733,-3.357,-5.7985,-8.3926,-11.444,-12.818,-10.987,-6.4089,-2.7467,0.15259,-0.15259,-1.8311,-3.6622,-3.5096,-4.883,-4.12,-1.3733,0.61037,1.0681,3.9674,7.3244,8.6978,9.3081,11.597,12.97,14.649,13.733,13.123,11.902,8.0874,2.5941,-2.4415,-7.0193,-12.818,-21.21,-28.077,-36.775,-44.557,-56.154,-64.699,-74.16,-78.433,-83.926,-89.877,-95.523,-99.49,-105.59,-111.39,-116.58,-120.85,-124.52,-124.82,-127.87,-128.03,-130.31,-131.38,-133.37,-131.38,-130.31,-129.55,-126.35,-117.95,-109.26,-100.1,-91.556,-81.332,-74.16,-66.53,-60.427,-51.881,-45.625,-37.385,-28.993,-20.295,-12.818,-5.7985,0.15259,5.3407,9.6133,14.496,17.548,21.21,23.041,24.873,26.551,30.824,35.249,39.216,42.879,44.862,44.71,45.015,43.794,43.794,41.2,38.606,36.775,38.301,38.453,34.791,26.399,18.464,11.139,4.7304,1.6785,3.0519,0.76296,-0.61037,-4.12,-4.883,-7.0193,-10.376,-17.548,-21.363,-24.262,-26.093,-26.856,-26.399,-27.619,-28.687,-31.587,-32.502,-34.639,-32.044,-27.924,-21.21,-16.938,-10.987,-5.3407,-0.76296,4.12,8.5452,11.139,14.954,17.701,21.973,25.788,28.993,28.535,26.399,24.873,25.025,25.178,24.873,20.753,15.107,9.003,3.8148,-4.7304,-9.3081,-14.954,-18.921,-24.415,-27.161,-30.519,-33.113,-37.233,-41.81,-46.693,-49.898,-55.086,-60.274,-68.972,-76.296,-84.231,-90.335,-99.185,-106.81,-116.28,-124.97,-131.69,-138.1,-144.51,-149.69,-153.2,-153.36,-155.49,-155.8,-155.19,-152.9,-150.91,-146.49,-142.67,-137.94,-133.82,-129.4,-126.19,-124.36,-122.99,-120.7,-120.85,-118.87,-117.65,-113.38,-109.41,-102.85,-96.133,-88.351,-81.942,-74.923,-68.056,-59.664,-52.187,-43.184,-36.622,-28.535,-24.262,-19.379,-16.633,-10.987,-6.1037,-0.45778,3.9674,8.8504,11.902,15.717,18.616,23.347,25.025,27.924,29.298,32.35,32.197,33.418,33.57,36.164,37.69,38.301,38.301,38.911,38.453,38.911,37.996,39.521,39.674,40.895,40.895,44.252,47.761,51.881,55.544,58.901,60.274,64.241,65.92,68.972,72.176,77.364,78.89,81.027,79.806,80.569,80.721,81.637,83.926,87.893,89.724,90.487,88.198,88.504,87.283,89.419,90.03,92.624,93.997,96.896,97.659,97.354,95.523,94.76,92.776,89.877,85.91,84.841,82.858,82.705,80.721,80.569,77.975,76.754,73.397,70.498,66.836,65.31,64.089,65.767,66.378,66.836,66.53,69.124,70.193,73.855,77.364,81.484,84.841,86.673,86.52,84.536,82.858,81.79,80.721,82.095,82.247,82.705,81.179,79.043,77.975,77.67,78.127,77.517,76.601,76.296,73.702,70.345,65.767,62.716,59.511,57.222,52.95,48.067,43.489,39.216,34.791,32.502,31.892,32.96,32.96,34.333,35.859,39.216,42.268,44.862,46.541,46.846,47.609,48.219,50.05,50.508,49.135,48.982,48.372,48.83,48.982,49.135,47.609,47.456,47.761,46.846,46.846,47.304,47.761,48.067,47.456,47.304,46.541,45.93,44.099,42.879,41.658,39.827,36.927,34.181,31.129,28.077,25.941,24.72,22.889,21.668,19.837,20.753,21.973,24.567,27.161,27.772,26.704,24.415,21.21,16.785,13.733,10.681,7.477,5.3407,4.5778,6.4089,7.7822,11.444,14.344,14.649,15.259,16.938,18.921,21.21,24.873,31.892,37.843,44.404,48.372,54.018,57.222,57.985,57.222,56.917,53.865,49.135,41.963,35.859,30.061,25.941,22.279,19.837,16.48,13.886,10.834,7.3244,2.7467,-3.2044,-8.0874,-10.987,-12.207,-10.681,-10.224,-10.224,-12.055,-13.886,-19.074,-19.99,-19.074,-17.09,-18.311,-19.99,-21.058,-19.532,-19.227,-17.396,-18.464,-18.464,-22.279,-25.178,-30.213,-33.265,-36.164,-38.453,-44.71,-51.576,-59.206,-65.462,-72.787,-78.127,-82.705,-86.825,-92.776,-96.286,-98.727,-99.033,-98.727,-98.727,-98.422,-96.591,-96.744,-97.201,-96.896,-95.523,-97.049,-98.727,-101.93,-102.54,-106.2,-108.8,-112.46,-114.9,-115.97,-116.58,-119.02,-119.94,-120.55,-117.5,-114.6,-112.46,-111.85,-111.55,-111.7,-111.7,-112.77,-114.75,-119.63,-123.6,-126.35,-128.48,-132.45,-134.89,-137.94,-136.57,-135.65,-133.06,-132.45,-132.45,-135.65,-139.93,-145.42,-151.22,-155.34,-159.46,-164.95,-168,-171.21,-172.58,-174.57,-172.89,-169.38,-168,-169.07,-169.68,-173.35,-177.31,-182.5,-184.03,-186.62,-187.38,-189.21,-190.74,-193.33,-192.72,-191.66,-189.98,-189.06,-188.76,-188.15,-187.38,-187.38,-187.38,-188.76,-185.71,-180.82,-175.79,-175.48,-172.43,-168.77,-163.12,-157.63,-150,-142.83,-136.11,-134.28,-133.06,-134.74,-135.65,-138.25,-139.93,-142.06,-145.42,-147.71,-147.71,-146.03,-144.05,-141.76,-138.86,-137.33,-131.84,-126.35,-118.26,-111.85,-103.92,-96.438,-88.656,-81.332,-73.702,-66.683,-56.764,-48.982,-38.453,-29.908,-19.227,-9.3081,1.5259,8.6978,14.801,19.684,25.178,30.824,38.148,44.252,52.644,59.358,66.988,70.04,75.228,77.67,80.416,81.484,82.247,82.705,84.994,85.604,88.046,89.419,93.539,95.065,99.49,102.69,107.73,110.32,111.24,110.17,110.63,112,114.29,115.05,118.11,119.63,123.6,125.28,129.25,131.23,134.43,135.81,138.4,141.3,145.88,149.39,153.81,155.95,158.09,159.15,163.43,165.87,169.23,169.53,172.43,175.48,177.01,175.94,177.16,177.62,178.69,178.53,179.6,178.23,178.23,175.79,176.09,176.24,177.77,178.23,178.99,178.38,177.31,173.65,170.14,165.87,160.37,152.59,149.39,144.66,141.91,138.1,136.72,134.59,134.43,131.69,128.64,124.67,120.24,113.83,107.43,100.1,95.065,88.198,83.163,75.838,70.345,64.241,59.358,54.018,48.219,41.963,36.317,31.587,28.077,24.72,23.347,19.227,17.548,16.022,17.396,18.311,20.447,24.11,27.467,31.281,36.164,41.047,45.778,49.593,55.238,57.68,62.716,65.615,68.972,69.887,68.514,64.089,61.037,57.527,57.375,57.527,59.053,59.816,61.8,59.053,59.358,55.849,54.17,52.339,53.102,54.933,59.511,61.8,63.326,62.41,62.868,60.427,57.833,53.713,53.56,54.476,59.053,59.511,61.8,63.173,62.868,59.816,58.596,61.342,69.887,79.196,86.062,86.215,82.4,74.007,64.699,54.323,43.184,31.434,24.72,22.279,20.905,16.022,13.886,8.5452,3.357,-5.7985,-13.886,-23.194,-31.739,-40.437,-46.846,-54.018,-59.664,-65.004,-67.751,-69.43,-69.887,-72.481,-73.55,-76.449,-78.433,-83.468,-87.588,-90.64,-93.997,-96.591,-97.049,-97.812,-97.812,-99.185,-101.93,-106.97,-109.26,-111.7,-112.16,-114.14,-114.29,-113.38,-112.31,-111.85,-110.78,-108.95,-108.8,-111.09,-113.07,-115.82,-113.22,-109.56,-104.68,-99.338,-91.861,-84.689,-76.907,-72.634,-69.124,-66.378,-63.173,-59.358,-56.612,-55.849,-52.187,-49.745,-46.541,-44.099,-40.742,-36.47,-30.519,-23.804,-17.243,-12.055,-5.3407,2.2889,10.834,16.327,21.058,23.194,27.467,30.366,33.876,34.639,35.554,36.012,37.996,40.437,42.116,40.742,40.284,40.132,45.015,47.456,46.693,42.268,38.301,33.57,32.502,31.892,32.197,30.976,31.434,30.671,31.434,31.129,33.876,34.486,36.012,39.064,42.879,44.71,45.015,45.015,46.693,49.135,54.476,57.375,60.732,61.342,64.241,66.53,70.345,72.481,75.991,78.89,81.637,85.147,89.572,93.539,97.812,101.02,104.68,105.75,109.56,112,113.99,113.38,111.7,110.17,108.65,103.92,98.422,91.556,86.825,82.858,83.163,82.247,80.874,78.127,75.076,71.413,68.209,64.241,61.953,60.427,61.953,62.868,63.936,63.326,62.716,59.969,59.206,61.647,61.8,60.579,63.478,66.073,67.293,66.53,68.819,70.345,73.702,74.465,78.28,80.721,85.147,88.809,92.166,97.507,101.02,102.85,106.81,109.26,112.77,112.46,113.38,112.77,112.46,111.24,109.71,104.37,98.422,92.013,88.198,83.163,81.332,81.027,82.705,83.163,84.078,84.231,84.384,82.858,81.332,78.28,74.77,72.176,67.904,65.157,62.563,59.511,57.985,57.375,58.596,57.985,58.138,58.901,59.206,58.138,57.985,59.816,57.68,51.271,45.778,40.132,36.622,32.655,30.213,28.687,25.33,23.804,23.957,23.804,21.973,18.616,16.48,14.649,15.107,10.376,6.2563,4.2726,5.1881,-0,-5.1881,-10.529,-15.107,-18.464,-22.279,-26.856,-32.044,-38.759,-43.184,-46.236,-47.914,-53.56,-57.833,-59.206,-59.206,-58.138,-58.443,-59.511,-60.579,-62.716,-63.784,-63.784,-61.19,-61.19,-62.105,-65.462,-68.972,-72.481,-73.855,-75.533,-75.533,-76.754,-74.465,-74.313,-71.413,-71.108,-69.124,-69.735,-69.887,-69.887,-70.193,-69.582,-68.819,-68.667,-68.819,-70.65,-72.176,-76.296,-80.721,-86.062,-88.504,-94.455,-99.643,-105.29,-107.12,-108.95,-111.09,-114.14,-115.36,-119.79,-122.23,-123.14,-120.09,-121.46,-121.77,-122.84,-121.62,-119.63,-116.43,-116.12,-117.19,-117.95,-112.92,-109.87,-107.27,-106.36,-101.47,-99.49,-99.033,-101.17,-102.85,-104.98,-106.81,-108.65,-108.95,-109.41,-108.19,-108.8,-107.43,-109.87,-112.46,-116.28,-119.02,-122.38,-126.65,-128.94,-129.25,-129.7,-129.86,-131.08,-130.16,-129.25,-124.67,-122.07,-119.63,-119.33,-119.63,-119.79,-118.41,-114.9,-109.87,-105.29,-101.02,-98.88,-96.744,-95.37,-90.945,-86.978,-81.027,-76.449,-71.261,-66.53,-60.884,-58.138,-57.07,-56.612,-54.323,-52.644,-50.813,-50.661,-48.372,-48.677,-48.83,-52.339,-54.018,-56.612,-57.68,-59.816,-60.274,-59.206,-56.612,-54.018,-50.203,-48.524,-46.999,-48.524,-47.609,-46.388,-44.862,-44.099,-41.047,-41.353,-40.895,-39.369,-37.08,-37.08,-38.301,-41.2,-42.116,-44.404,-44.557,-46.388,-44.862,-43.184,-42.116,-42.573,-43.641,-44.252,-42.879,-40.284,-35.401,-34.486,-33.265,-33.876,-31.434,-30.671,-30.213,-30.213,-30.976,-33.265,-36.012,-38.911,-39.521,-40.742,-40.895,-42.573,-41.81,-41.505,-37.69,-34.181,-30.976,-29.298,-28.687,-28.687,-30.366,-33.57,-36.012,-38.148,-38.606,-42.573,-44.404,-46.388,-43.489,-43.641,-42.726,-39.064,-34.944,-33.113,-29.145,-26.704,-26.093,-26.551,-24.72,-24.567,-24.72,-28.382,-31.587,-35.401,-36.317,-37.233,-37.996,-38.301,-38.911,-41.047,-41.2,-42.116,-43.184,-47.304,-47.914,-47.609,-45.93,-44.404,-40.437,-39.674,-39.827,-39.521,-40.132,-43.336,-45.625,-50.203,-52.034,-52.644,-53.102,-56.917,-58.443,-63.173,-66.683,-71.261,-75.533,-79.196,-80.569,-82.705,-84.994,-89.114,-90.64,-93.692,-96.133,-99.338,-102.08,-105.14,-107.12,-108.34,-109.1,-106.2,-100.86,-96.896,-91.861,-87.741,-81.332,-77.212,-71.871,-65.92,-59.206,-53.102,-46.083,-39.979,-31.739,-25.788,-18.616,-11.75,-4.5778,-0.30519,3.2044,4.883,6.4089,6.1037,5.7985,5.6459,6.7141,5.0356,1.5259,-3.8148,-5.3407,-5.6459,-3.9674,-6.2563,-7.9348,-12.97,-17.09,-23.499,-31.434,-39.369,-44.404,-50.966,-59.206,-65.92,-69.887,-74.618,-77.67,-83.316,-87.13,-88.809,-92.013,-97.507,-101.93,-103.31,-101.78,-98.727,-97.049,-96.896,-94.76,-95.37,-95.218,-95.676,-94.302,-95.981,-94.455,-92.013,-88.656,-86.062,-83.316,-79.653,-77.822,-78.127,-77.975,-77.822,-76.144,-75.533,-73.855,-72.939,-70.498,-68.056,-65.462,-63.936,-62.563,-62.41,-61.8,-62.563,-62.41,-64.852,-67.141,-70.193,-70.65,-71.566,-72.176,-71.566,-71.261,-72.481,-74.618,-76.601,-78.89,-85.452,-92.471,-100.86,-107.73,-117.5,-125.58,-133.52,-137.49,-140.54,-142.06,-143.74,-143.89,-141.76,-139.01,-137.49,-134.89,-131.23,-124.52,-119.33,-115.51,-111.7,-106.36,-102.08,-99.338,-95.828,-91.098,-84.078,-74.313,-65.31,-54.933,-46.693,-37.233,-29.756,-21.821,-16.175,-10.071,-4.7304,1.5259,8.8504,18.006,27.161,34.791,40.59,48.219,54.476,61.037,63.173,67.751,70.345,73.092,74.923,76.907,78.89,81.484,83.163,82.095,80.569,81.942,80.569,79.958,77.822,77.822,76.449,75.381,76.449,77.975,77.975,79.043,80.111,82.247,83.773,89.877,95.37,101.93,106.81,114.14,119.02,125.58,133.37,142.22,150.3,158.7,164.95,171.97,178.38,186.62,194.25,203.25,209.97,216.68,221.72,226.6,232.09,236.37,240.49,244,245.22,246.74,247.96,249.79,249.03,247.96,245.06,243.84,242.01,236.98,233.01,229.04,224.16,218.05,210.88,205.08,198.52,194.25,191.35,190.59,188.76,188.45,187.99,186.32,184.48,182.96,181.74,180.06,178.69,178.84,177.77,180.52,180.36,180.82,180.21,181.89,183.11,184.18,184.33,184.48,184.33,185.25,185.4,187.08,187.08,188.15,185.71,185.09,183.26,182.2,180.36,179.3,179.6,180.06,179.14,178.69,177.01,177.16,175.02,173.5,169.84,168.46,167.09,167.09,167.24,168.46,166.94,164.34,163.58,162.36,159.31,159.76,158.09,159.46,158.7,159.76,158.7,156.56,153.97,152.59,151.37,148.93,144.66,140.54,134.43,132.15,129.86,129.4,125.89,124.06,119.17,115.21,113.38,113.07,112.61,112.31,112.16,115.67,117.04,119.79,121.16,124.21,125.43,127.11,129.86,135.04,138.86,142.52,142.67,142.98,140.54,140.08,139.77,139.01,135.96,136.11,131.38,127.87,123.14,119.48,115.67,114.75,112.31,108.49,101.78,95.065,86.062,80.874,74.77,70.65,64.852,57.68,46.999,38.148,32.655,29.756,27.467,23.804,19.684,14.801,7.9348,3.2044,-1.8311,-6.4089,-12.055,-17.701,-21.973,-26.246,-29.603,-31.434,-34.639,-36.775,-38.148,-37.385,-40.895,-43.947,-50.203,-54.781,-60.732,-64.852,-68.056,-71.566,-75.991,-79.806,-81.484,-78.433,-77.212,-77.212,-79.501,-81.942,-87.741,-89.724,-89.724,-87.741,-85.91,-83.01,-80.416,-78.585,-77.975,-76.144,-76.449,-75.991,-76.449,-76.449,-81.027,-83.316,-86.062,-88.351,-92.013,-96.438,-100.86,-105.59,-112.92,-118.87,-124.67,-126.8,-130.31,-133.67,-136.88,-137.79,-138.55,-137.33,-137.64,-138.25,-139.47,-139.93,-141.76,-139.47,-136.42,-130.16,-127.57,-125.13,-124.52,-124.06,-122.68,-119.02,-117.5,-116.73,-118.72,-119.94,-121.46,-120.7,-122.99,-125.13,-128.94,-133.98,-141.3,-149.54,-157.93,-164.34,-169.68,-173.65,-179.3,-182.96,-186.93,-188.91,-191.35,-191.05,-191.96,-190.89,-191.05,-191.35,-190.74,-186.32,-179.45,-172.28,-165.72,-158.39,-152.75,-148.01,-145.73,-142.67,-139.77,-135.65,-131.99,-128.64,-122.53,-115.82,-110.17,-106.05,-103.15,-99.033,-96.896,-93.692,-93.387,-91.708,-92.776,-93.234,-92.624,-91.708,-91.403,-91.098,-90.335,-87.436,-84.994,-82.4,-83.621,-83.773,-85.757,-86.52,-89.267,-89.572,-89.877,-89.267,-90.03,-88.961,-86.978,-84.231,-80.416,-74.923,-69.43,-60.884,-54.018,-46.693,-40.895,-32.96,-24.262,-16.327,-10.529,-3.357,3.5096,11.444,17.243,22.431,25.788,30.366,32.655,37.233,42.421,49.593,54.476,59.053,63.326,67.446,70.498,74.16,74.007,73.702,72.024,72.481,68.819,67.751,65.31,62.868,58.901,53.865,48.219,43.641,39.674,37.08,33.876,34.333,34.028,34.944,32.655,30.976,27.772,23.804,15.412,8.5452,3.2044,0.15259,-3.6622,-6.8667,-10.071,-11.292,-12.665,-11.902,-13.276,-10.071,-6.1037,-1.9837,3.357,9.1556,14.801,15.87,12.665,10.071,7.7822,9.1556,9.4607,10.834,11.75,13.276,10.834,10.071,7.3244,3.2044,0.61037,-0.61037,-1.5259,-5.4933,-13.123,-17.548,-20.295,-21.973,-24.873,-28.687,-37.385,-48.067,-59.511,-69.124,-77.364,-87.13,-98.422,-108.19,-114.9,-122.07,-129.4,-132.76,-136.57,-137.94,-138.25,-139.32,-142.67,-144.96,-146.49,-145.42,-142.98,-141.3,-139.93,-137.03,-136.72,-135.65,-134.13,-129.7,-127.26,-123.6,-119.33,-112.61,-105.14,-96.591,-89.114,-81.79,-75.533,-69.277,-67.751,-66.836,-67.293,-65.31,-65.157,-61.495,-57.985,-53.56,-48.677,-45.625,-43.031,-40.284,-40.437,-41.353,-41.658,-39.521,-39.369,-40.437,-44.099,-41.658,-36.927,-32.197,-27.467,-21.516,-15.564,-10.987,-9.3081,-7.9348,-7.3244,-5.4933,-5.6459,-3.0519,-2.8993,-2.5941,-5.0356,-5.9511,-3.9674,0.45778,5.1881,9.3081,9.9185,11.75,14.039,17.853,18.311,19.227,18.159,16.785,16.175,17.09,19.379,21.516,23.499,26.704,30.824,34.639,35.401,34.639,33.723,36.927,39.216,42.268,43.489,46.693,48.982,51.424,52.034,52.034,50.356,48.219,43.794,42.116,39.369,37.538,35.096,35.554,34.944,37.538,39.369,41.047,40.742,39.521,37.385,36.927,34.791,35.707,36.622,38.606,37.385,36.012,33.418,33.265,31.892,30.061,29.45,32.044,34.333,36.47,38.453,41.658,41.81,44.099,45.93,48.067,46.693,44.71,44.252,46.083,49.135,52.644,53.255,53.407,52.644,51.576,46.999,43.641,40.284,37.843,34.028,31.281,27.619,23.652,18.769,14.496,8.5452,3.357,-3.2044,-9.1556,-15.259,-19.227,-22.279,-22.736,-24.415,-23.499,-23.194,-21.058,-18.311,-10.529,-3.0519,1.6785,3.9674,8.5452,11.597,16.022,16.633,17.853,19.99,22.889,25.178,29.145,32.96,37.538,41.81,45.473,47.761,49.287,45.167,43.336,39.827,39.521,36.47,33.876,30.213,26.246,24.11,24.11,22.889,22.126,19.684,19.837,19.99,20.905,19.684,18.464,13.276,8.3926,4.7304,1.9837,-0.76296,-3.0519,-3.6622,-2.1363,-3.9674,-5.1881,-7.1718,-9.4607,-13.581,-15.107,-14.954,-11.292,-8.5452,-5.7985,-4.12,-2.4415,-2.5941,-3.9674,-8.5452,-12.665,-17.701,-19.837,-22.736,-23.194,-24.567,-24.262,-25.788,-27.009,-27.161,-25.483,-21.821,-18.464,-19.074,-19.99,-21.821,-21.516,-21.516,-20.6,-21.21,-21.821,-22.431,-24.262,-28.993,-35.401,-40.132,-41.81,-44.099,-44.71,-45.32,-42.879,-41.81,-39.827,-35.096,-30.061,-25.33,-20.142,-14.039,-6.1037,2.4415,10.987,16.785,24.72,29.603,35.859,41.047,48.372,53.255,58.443,63.173,68.056,70.193,72.634,74.313,76.296,77.212,80.264,81.637,84.231,82.553,81.179,75.533,72.024,68.667,67.446,65.157,62.716,59.816,56.307,50.966,47.304,42.879,40.59,36.164,31.739,25.483,21.668,18.006,15.107,13.733,15.107,17.548,21.821,25.025,28.535,31.739,35.554,36.164,38.911,39.521,39.064,37.08,35.859,34.639,34.639,33.57,31.434,25.636,20.447,14.649,10.834,4.4252,-0.61037,-7.1718,-11.597,-15.564,-19.99,-23.957,-27.161,-28.84,-29.145,-28.687,-26.704,-28.382,-30.366,-32.044,-30.824,-30.519,-30.061,-29.908,-33.113,-35.554,-36.775,-38.301,-39.827,-39.369,-37.538,-37.08,-38.301,-40.59,-41.81,-42.879,-40.895,-38.453,-36.775,-36.317,-38.606,-42.726,-47.609,-50.966,-51.271,-52.034,-52.187,-54.781,-55.544,-56.307,-55.086,-54.933,-55.086,-55.849,-56.764,-56.764,-56.917,-58.138,-58.596,-60.121,-59.816,-60.427,-59.816,-61.19,-61.953,-61.647,-60.121,-57.222,-53.102,-49.593,-44.862,-40.284,-35.096,-31.739,-28.993,-26.856,-23.041,-21.668,-20.295,-19.379,-20.447,-23.194,-26.704,-30.213,-32.655,-34.486,-36.317,-39.064,-40.132,-42.879,-42.879,-43.031,-43.031,-43.794,-43.336,-44.404,-46.083,-48.219,-49.593,-51.118,-52.187,-53.713,-55.238,-58.901,-60.579,-62.563,-62.716,-63.021,-61.8,-60.732,-58.748,-56.307,-53.713,-51.271,-49.287,-46.083,-42.573,-40.284,-36.47,-31.739,-25.025,-19.99,-16.022,-14.344,-15.259,-17.09,-19.074,-19.837,-20.295,-23.041,-26.704,-32.807,-37.08,-41.658,-42.726,-44.862,-47.151,-48.677,-47.609,-45.473,-45.015,-44.71,-43.031,-41.658,-40.437,-40.437,-40.284,-41.505,-43.031,-46.236,-48.219,-49.745,-51.271,-52.339,-53.407,-53.407,-53.102,-55.391,-55.696,-56.307,-55.544,-56.307,-57.222,-60.274,-61.342,-59.511,-56.307,-52.339,-48.372,-45.625,-45.32,-47.456,-46.846,-46.236,-42.573,-41.353,-39.521,-37.996,-34.333,-28.84,-23.957,-20.6,-16.785,-13.276,-11.292,-11.292,-9.7659,-9.6133,-8.6978,-8.6978,-6.5615,-5.1881,-3.6622,-1.5259,0.15259,0.61037,0.61037,0.45778,1.3733,2.4415,5.6459,7.9348,10.987,10.834,9.4607,5.3407,1.0681,-4.2726,-7.6296,-9.9185,-12.055,-12.818,-11.597,-12.513,-12.36,-15.259,-17.853,-20.142,-21.058,-21.973,-23.194,-24.873,-26.704,-25.941,-23.041,-21.516,-19.227,-18.464,-14.954,-12.665,-8.6978,-5.0356,0.76296,5.6459,9.4607,10.071,9.7659,8.6978,7.6296,8.0874,9.9185,10.681,14.191,17.09,20.753,22.126,23.957,24.262,25.33,26.246,24.873,21.821,19.837,18.311,21.516,25.178,29.45,31.434,34.181,36.012,37.08,36.317,34.944,33.57,35.401,39.674,45.473,47.761,48.83,47.456,47.304,44.404,41.2,35.554,30.519,24.415,20.142,16.327,13.581,11.444,10.376,7.0193,7.6296,4.5778,1.0681,-4.4252,-6.4089,-6.7141,-7.6296,-8.6978,-11.139,-18.616,-27.619,-36.775,-44.404,-52.95,-58.596,-62.563,-63.173,-65.767,-69.124,-70.803,-71.413,-72.939,-75.076,-78.738,-83.621,-88.504,-91.708,-93.844,-95.37,-101.63,-106.05,-109.71,-111.09,-111.7,-115.05,-119.79,-125.43,-129.09,-129.86,-133.98,-135.81,-137.64,-135.96,-132.45,-128.64,-128.33,-125.58,-122.23,-118.41,-114.9,-111.55,-109.56,-109.71,-109.56,-107.73,-107.27,-107.58,-107.88,-105.9,-105.59,-105.59,-106.05,-106.2,-105.75,-103.31,-99.948,-95.37,-89.114,-81.637,-78.433,-74.007,-71.566,-67.904,-63.631,-59.511,-55.544,-48.982,-44.557,-40.59,-38.301,-34.639,-31.739,-29.45,-28.993,-27.314,-25.788,-22.584,-18.921,-15.717,-12.818,-10.529,-9.4607,-9.7659,-10.834,-12.36,-15.87,-17.243,-21.058,-25.178,-32.197,-37.385,-41.658,-45.625,-48.219,-48.83,-51.118,-54.323,-57.07,-59.816,-66.988,-72.176,-77.517,-83.163,-91.25,-99.49,-106.97,-113.07,-118.26,-121.62,-123.6,-126.35,-129.7,-132.45,-135.96,-138.71,-142.67,-145.27,-147.56,-146.18,-145.27,-144.35,-144.66,-144.81,-144.96,-145.73,-147.1,-146.34,-147.1,-146.49,-147.56,-148.47,-149.85,-151.37,-152.13,-151.22,-150,-148.63,-148.63,-148.47,-150.3,-152.44,-155.8,-156.41,-157.32,-154.88,-150.91,-145.73,-141.76,-137.33,-132.3,-126.04,-120.55,-113.22,-106.05,-97.201,-89.419,-81.637,-74.007,-64.699,-56.154,-47.151,-38.759,-28.84,-19.074,-8.3926,0.45778,11.444,21.363,31.739,41.353,51.881,62.868,74.77,85.91,97.201,106.2,116.12,121.62,129.09,135.2,142.37,147.86,154.42,159.92,165.87,169.23,173.04,175.18,178.23,178.69,180.67,181.13,184.33,184.94,186.16,186.62,186.93,186.32,186.32,187.38,191.66,195.47,200.66,203.1,206.76,208.29,211.65,213.02,214.55,214.7,215.92,217.44,221.26,224.46,228.89,231.48,236.06,238.04,240.33,239.72,241.25,240.94,240.94,241.4,243.54,245.06,247.96,248.57,250.25,249.34,252.54,253,252.54,250.86,249.18,246.13,244,242.47,240.49,237.13,237.13,235.91,236.37,236.06,237.43,236.98,236.67,236.67,236.98,238.35,239.42,240.49,241.71,244,246.28,248.42,251.93,253.3,255.75,256.36,259.41,260.17,260.48,262.46,265.82,266.88,268.56,268.56,270.39,270.55,272.68,273.9,277.26,278.48,277.72,275.12,273.45,270.85,267.95,264.75,264.29,262.76,262,259.25,258.34,255.75,253.3,249.49,244.91,239.72,233.92,226.45,220.5,213.48,209.66,204.02,200.66,196.08,191.96,186.62,183.26,179.6,176.7,173.5,170.75,167.24,166.63,164.34,163.12,159.31,157.17,153.97,154.88,156.1,156.41,154.88,154.58,155.34,157.17,159.46,163.73,166.63,169.99,171.21,174.11,175.33,178.08,180.52,183.26,183.42,183.42,182.35,180.36,174.87,170.9,165.26,161.6,156.71,154.58,151.83,150,146.64,143.89,140.23,136.88,132.91,132.3,130.92,131.69,130.77,132.6,132.6,133.37,133.52,132.15,128.03,125.89,122.07,118.87,116.12,117.65,118.11,120.24,121.62,124.67,123.6,121.77,118.72,117.19,115.67,113.83,112.46,113.07,112.61,112.77,108.65,103.76,99.643,98.422,97.964,98.88,98.88,98.575,97.507,97.201,96.896,96.591,94.15,92.318,89.877,90.64,90.487,89.267,85.299,81.484,81.179,82.705,82.095,81.79,81.027,81.637,81.484,83.01,83.01,82.858,80.416,79.958,80.569,82.705,84.689,86.215,86.978,88.504,86.673,86.215,83.621,82.705,78.89,76.907,73.855,72.024,69.43,66.225,62.716,57.985,54.17,51.729,48.83,46.236,42.573,40.284,35.707,30.976,23.957,15.717,7.1718,1.3733,-6.2563,-12.36,-18.006,-21.21,-26.551,-29.756,-34.639,-35.859,-39.979,-43.184,-45.473,-46.083,-48.219,-50.813,-54.781,-60.579,-66.073,-70.193,-72.939,-72.329,-73.244,-74.465,-77.212,-79.958,-84.384,-87.436,-88.656,-87.741,-87.13,-85.757,-85.299,-84.384,-88.504,-93.387,-100.71,-104.22,-105.44,-105.44,-106.81,-110.02,-114.6,-117.34,-118.26,-116.12,-114.6,-113.38,-117.5,-122.23,-126.8,-128.94,-129.7,-129.7,-130.01,-130.31,-131.69,-133.52,-134.59,-134.59,-135.2,-135.96,-137.49,-135.96,-133.37,-129.4,-127.26,-124.06,-123.29,-124.97,-128.33,-129.25,-127.41,-125.43,-125.28,-125.58,-128.79,-130.16,-131.38,-130.47,-131.69,-132.6,-133.98,-135.81,-138.86,-141,-144.51,-146.49,-146.34,-147.71,-150.15,-151.68,-155.03,-157.63,-160.37,-162.66,-163.73,-164.04,-166.17,-167.7,-170.29,-172.28,-175.63,-175.02,-176.24,-175.02,-172.73,-170.9,-172.28,-173.04,-174.87,-176.24,-178.53,-182.35,-185.09,-182.81,-181.59,-180.06,-178.84,-176.24,-175.94,-176.7,-177.31,-178.53,-182.04,-183.87,-189.37,-198.52,-209.36,-218.82,-228.74,-237.89,-245.22,-250.86,-256.97,-260.48,-258.95,-258.19,-257.42,-254.07,-251.17,-248.88,-250.25,-251.47,-253.61,-253,-252.39,-253,-255.75,-257.12,-257.88,-256.81,-255.75,-255.9,-257.58,-256.2,-252.08,-246.59,-243.69,-239.11,-236.82,-233.31,-228.43,-223.7,-218.51,-211.8,-207.22,-203.71,-200.05,-196.08,-193.33,-186.93,-181.59,-174.87,-170.75,-165.56,-160.99,-154.88,-148.63,-142.37,-135.96,-130.16,-127.26,-123.91,-122.84,-122.07,-123.45,-123.91,-124.82,-126.8,-128.79,-128.79,-128.18,-126.8,-126.35,-125.74,-127.87,-128.94,-131.53,-133.21,-134.43,-130.92,-126.35,-124.97,-124.06,-123.6,-124.36,-125.13,-125.89,-123.6,-122.68,-120.09,-117.95,-114.75,-110.32,-106.97,-104.22,-101.63,-97.049,-92.776,-87.588,-81.79,-77.975,-71.871,-67.446,-61.495,-57.985,-52.95,-48.524,-42.268,-37.69,-34.333,-30.366,-25.636,-21.973,-17.396,-13.428,-8.8504,-6.2563,-3.6622,-2.1363,0.30519,2.7467,6.2563,7.9348,8.8504,7.477,6.4089,3.5096,1.3733,-3.2044,-5.9511,-8.5452,-10.224,-11.292,-10.529,-10.376,-9.6133,-9.6133,-8.3926,-9.003,-8.24,-7.1718,-1.5259,1.9837,5.1881,6.5615,8.0874,8.3926,9.1556,8.6978,12.055,14.649,19.532,22.584,27.924,32.044,35.554,39.979,45.015,48.677,52.797,55.391,60.121,62.258,65.92,66.836,69.43,72.329,76.754,80.416,85.757,89.724,94.302,97.507,101.17,104.22,108.49,110.48,113.68,117.04,120.24,123.14,124.67,125.74,128.94,133.37,139.01,143.44,149.85,155.64,162.82,169.53,176.24,182.81,187.69,192.57,197,200.05,204.78,207.68,212.26,217.44,223.09,226.14,231.48,236.21,240.18,243.84,247.66,251.17,255.29,258.95,264.44,267.49,270.55,271.77,273.14,274.67,274.97,273.45,271.16,267.95,263.83,261.54,262.15,260.93,260.17,258.49,257.73,256.36,254.07,251.78,250.86,250.25,249.64,248.27,248.27,247.35,247.51,246.59,247.96,249.49,250.86,251.17,251.32,251.47,251.17,249.64,248.42,245.22,242.47,239.72,239.42,238.5,236.06,232.25,229.35,225.68,222.33,219.28,218.51,216.53,215.16,213.48,212.56,210.88,209.2,208.29,208.75,210.58,211.65,211.8,211.04,208.29,207.83,207.98,209.36,208.59,208.9,208.59,208.75,209.97,209.36,208.14,207.07,206.31,207.37,206.31,205.85,203.56,202.49,201.27,199.74,198.22,198.07,197.61,195.47,192.88,189.98,185.55,183.26,180.36,178.23,172.89,168.92,165.11,162.97,160.99,158.7,156.1,153.81,152.29,152.29,152.59,152.75,150.46,146.49,141.45,138.4,134.89,133.21,132.3,132.3,130.01,126.04,123.14,121.31,118.41,118.11,116.89,117.19,115.67,114.29,111.09,106.97,101.47,95.828,92.166,88.198,83.316,79.043,72.024,66.225,60.732,57.68,52.797,49.44,43.794,39.521,35.554,31.892,26.856,22.431,15.87,11.444,3.2044,-5.7985,-16.175,-23.957,-32.35,-42.421,-52.187,-61.495,-70.193,-79.653,-87.436,-91.861,-94.607,-96.896,-101.47,-104.68,-109.87,-114.14,-119.02,-122.23,-125.28,-126.96,-128.18,-125.89,-124.06,-119.02,-117.34,-115.82,-115.36,-113.07,-111.39,-106.36,-102.69,-101.78,-101.93,-102.39,-101.93,-101.02,-101.93,-101.63,-103.92,-104.07,-105.29,-104.07,-105.29,-105.29,-108.65,-111.7,-113.38,-113.38,-111.85,-109.71,-108.65,-106.2,-107.27,-107.43,-108.49,-105.59,-102.85,-98.422,-93.387,-90.487,-93.387,-96.591,-98.117,-99.185,-100.41,-97.507,-99.796,-106.51,-111.55,-108.04,-105.59,-107.12,-108.95,-99.643,-81.332,-54.781,-25.33,2.1363,25.483,49.898,69.582,86.978,103.76,124.21,139.62,145.12,142.37,140.39,145.27,150.76,151.98,150.3,138.71,122.23,102.39,85.452,71.261,65.157,59.664,58.748,54.781,42.573,25.941,7.6296,-12.36,-31.892,-50.813,-68.819,-87.741,-105.59,-126.8,-144.51,-164.04,-182.5,-202.03,-219.89,-236.37,-250.1,-262,-272.53,-282.91,-290.84,-300.91,-309.76,-318.31,-325.17,-333.11,-337.69,-341.35,-344.25,-348.06,-352.34,-355.24,-356.61,-358.9,-359.81,-361.03,-360.27,-359.81,-358.13,-355.69,-352.49,-349.89,-347.45,-346.54,-344.4,-341.65,-336.92,-333.72,-329.45,-324.56,-319.07,-315.56,-310.53,-305.64,-299.84,-293.44,-286.72,-280.01,-273.14,-266.43,-258.49,-252.54,-245.83,-239.57,-232.09,-225.07,-217.14,-209.05,-201.12,-191.96,-182.04,-173.35,-163.12,-155.34,-147.1,-140.39,-132.15,-125.13,-116.73,-108.8,-100.25,-91.098,-82.553,-74.313,-66.683,-59.969,-52.187,-46.236,-38.301,-31.434,-22.279,-15.717,-7.477,0.30519,8.5452,15.412,22.736,29.908,37.69,45.473,54.323,61.647,71.108,78.89,88.656,95.981,104.68,111.24,116.73,121.92,127.26,132.3,136.11,139.62,142.98,145.73,150.76,154.42,158.54,161.6,164.8,168.31,171.21,174.72,178.23,180.67,183.11,184.48,186.93,186.93,188.3,188.15,189.83,191.2,191.96,192.57,194.86,196.69,198.83,199.59,201.42,201.88,204.63,206.61,211.34,213.93,217.6,220.34,222.94,227.36,231.94,234.08,237.13,239.57,243.08,245.83,250.4,253.91,257.58,261.39,264.29,265.82,266.88,268.72,272.23,274.51,278.33,281.38,285.5,287.79,288.55,289.77,290.99,292.37,294.05,296.03,300.3,302.29,305.49,305.95,307.02,306.71,305.64,304.88,305.19,303.81,303.81,303.66,304.88,304.42,305.03,303.81,303.51,303.35,302.74,300.61,299.23,298.17,299.08,298.32,298.17,296.33,294.2,290.99,289.01,287.03,285.65,285.35,283.67,281.08,279.55,275.73,274.06,270.09,266.12,263.68,261.39,259.71,258.34,257.42,258.49,258.03,257.58,254.37,253,249.34,245.98,241.71,238.35,235.91,232.55,229.5,225.38,220.8,216.99,212.56,209.97,204.78,199.44,193.33,187.99,181.89,173.8,167.09,160.07,151.98,144.05,135.04,127.26,120.55,115.05,108.65,103.31,96.896,91.861,86.52,82.095,78.585,76.907,75.381,73.092,69.735,66.988,64.089,63.478,63.326,65.767,66.836,67.446,67.141,67.598,66.53,66.073,66.988,69.735,72.939,75.686,76.907,79.043,79.043,81.942,85.147,89.267,91.098,94.455,98.88,102.39,105.29,109.71,111.09,112,112.92,115.36,115.51,117.04,119.17,120.7,119.79,119.79,121.16,126.04,132.3,136.57,139.47,145.42,151.22,156.56,158.24,161.9,165.87,167.55,165.72,163.88,163.88,164.49,163.12,162.21,159.46,156.1,150.3,143.44,133.21,123.14,114.14,106.51,100.71,92.624,81.179,68.056,54.628,43.031,29.298,17.548,5.0356,-5.7985,-16.633,-25.483,-33.265,-41.047,-54.933,-72.939,-91.708,-108.95,-125.58,-138.25,-152.29,-168.31,-186.62,-205.85,-223.85,-240.33,-257.27,-272.99,-287.33,-297.4,-307.02,-316.48,-325.02,-332.96,-341.04,-347.15,-354.47,-359.81,-366.37,-370.49,-374,-374.61,-374.92,-375.07,-376.6,-377.06,-376.14,-377.21,-381.63,-385.14,-389.42,-391.09,-391.71,-392.32,-397.2,-399.33,-401.01,-401.32,-399.03,-394.91,-392.16,-389.57,-387.74,-385.45,-387.43,-390.03,-393.54,-389.72,-384.69,-381.02,-376.9,-372.48,-366.37,-356,-345.93,-338.45,-330.82,-316.93,-300.45,-283.36,-267.19,-250.56,-237.43,-226.29,-216.53,-205.39,-195.78,-185.71,-174.41,-162.82,-155.64,-148.78,-140.23,-129.55,-123.75,-117.5,-111.39,-101.78,-97.659,-95.981,-95.523,-93.692,-94.76,-96.591,-99.796,-101.78,-106.81,-113.83,-124.82,-132.6,-140.84,-146.79,-154.27,-160.83,-168.77,-176.55,-183.87,-191.05,-195.32,-198.22,-202.03,-204.63,-210.73,-218.51,-227.06,-237.74,-250.86,-260.48,-267.49,-271.46,-274.67,-276.8,-280.01,-282.75,-285.5,-288.25,-292.37,-290.23,-287.48,-280.77,-273.14,-265.51,-258.95,-252.54,-246.28,-240.64,-235.76,-230.11,-224.92,-219.28,-216.68,-214.09,-212.87,-211.49,-214.55,-217.29,-219.43,-220.19,-220.19,-220.34,-218.97,-218.21,-219.58,-220.8,-223.85,-226.45,-230.11,-232.09,-235.45,-239.42,-242.93,-245.83,-248.42,-250.56,-251.93,-253.3,-255.13,-255.44,-256.05,-256.66,-259.25,-262.76,-266.73,-271,-276.96,-279.7,-278.79,-276.19,-272.53,-266.43,-262,-260.32,-260.32,-259.25,-256.36,-253.15,-252.24,-253,-252.39,-252.24,-254.07,-253.3,-249.64,-245.83,-244,-244,-243.69,-242.32,-239.88,-236.67,-234.84,-234.53,-235.3,-234.84,-234.08,-233.77,-232.7,-231.03,-232.25,-233.77,-234.38,-234.53,-233.77,-230.57,-226.75,-220.8,-215.46,-209.05,-204.32,-198.98,-197.61,-196.69,-197.45,-199.29,-200.66,-201.27,-202.03,-200.35,-201.12,-201.27,-202.8,-203.56,-204.47,-207.98,-213.93,-215.92,-214.09,-214.39,-218.36,-220.8,-221.26,-216.99,-214.09,-211.19,-207.53,-202.49,-198.07,-193.95,-187.69,-179.6,-172.58,-166.78,-165.87,-165.87,-168,-169.53,-172.73,-175.48,-174.57,-171.82,-168.61,-166.78,-165.56,-164.19,-165.11,-164.95,-166.94,-169.38,-171.97,-174.11,-176.55,-179.6,-182.96,-184.18,-184.18,-182.81,-183.57,-183.42,-181.59,-178.69,-177.62,-175.63,-172.28,-169.84,-167.7,-166.33,-165.11,-164.8,-164.8,-162.36,-160.83,-159.92,-161.44,-161.75,-162.36,-162.51,-162.36,-159.61,-155.49,-150.15,-147.25,-144.96,-143.44,-143.89,-146.64,-147.1,-146.95,-144.2,-140.69,-137.64,-135.04,-132.15,-131.08,-129.09,-126.96,-124.52,-124.52,-124.52,-127.57,-130.47,-134.89,-137.64,-141.61,-146.34,-150.3,-153.51,-155.8,-155.95,-155.64,-153.66,-151.07,-145.88,-145.27,-144.05,-143.74,-144.05,-142.83,-141.15,-139.32,-138.86,-137.49,-134.28,-130.92,-125.89,-122.23,-118.11,-114.9,-110.93,-106.66,-103.92,-101.32,-99.643,-98.117,-97.964,-98.575,-98.88,-101.63,-103.15,-104.37,-104.53,-107.43,-109.26,-110.32,-112.16,-113.99,-115.36,-115.36,-114.75,-114.14,-113.07,-112.31,-109.71,-108.04,-105.75,-103,-100.1,-96.591,-91.861,-86.978,-82.553,-77.975,-71.566,-64.852,-57.985,-53.865,-48.677,-43.794,-37.385,-32.044,-27.772,-23.957,-20.6,-15.87,-10.834,-4.883,2.4415,7.477,12.97,16.327,20.6,23.652,26.856,29.45,32.502,35.859,38.453,39.827,40.59,39.674,40.284,41.658,43.794,43.336,44.557,47.456,49.898,51.118,52.034,53.102,53.865,54.476,56.764,57.985,59.969,61.647,65.157,68.819,74.007,78.127,80.721,83.163,87.13,89.419,90.03,90.793,93.081,95.218,97.812,99.948,102.08,105.75,108.8,111.09,111.85,111.39,110.17,108.49,109.87,109.56,109.1,106.97,106.97,106.66,106.81,107.88,108.34,107.88,107.73,107.27,108.04,107.58,108.49,108.49,109.26,108.49,108.49,107.73,106.51,104.22,102.24,100.41,97.812,95.37,93.539,91.861,91.708,90.487,91.403,90.793,90.64,91.25,92.013,92.166,92.318,92.471,93.997,93.539,94.302,93.844,94.15,93.844,95.065,96.438,97.201,97.507,98.117,99.185,99.643,99.338,100.86,100.25,101.47,101.93,104.37,104.98,104.53,104.68,105.14,106.66,107.73,108.34,109.87,109.87,111.55,112,113.83,114.14,115.97,117.34,118.11,118.26,118.41,118.87,119.94,118.72,119.94,119.63,119.63,116.28,112.92,110.17,107.27,105.44,103.92,101.32,99.49,97.659,97.354,95.676,95.218,93.692,92.471,91.098,88.656,86.367,84.841,84.078,83.773,82.705,82.4,80.264,79.196,78.127,78.585,78.433,78.738,78.28,76.144,74.007,72.329,70.956,70.193,68.667,68.972,68.972,69.277,68.361,66.988,66.225,65.615,66.988,67.751,68.361,68.361,68.361,71.108,74.007,77.67,81.179,85.452,88.504,92.776,96.286,100.86,105.75,110.93,115.05,118.87,121.16,123.75,126.04,130.16,131.53,132.45,132.91,133.82,135.35,137.49,139.47,142.52,143.74,144.51,142.98,144.96,145.27,147.56,147.25,147.56,145.12,142.52,139.62,137.03,133.98,129.86,124.21,119.94,115.05,112.92,108.04,104.53,99.033,93.387,86.367,80.416,73.855,69.124,62.563,59.053,54.17,48.372,40.742,34.028,26.093,19.99,14.801,10.987,7.9348,5.1881,0.76296,-3.5096,-5.3407,-3.0519,-3.0519,-1.8311,-0,3.6622,7.9348,14.344,20.6,29.298,36.622,45.015,52.339,61.953,70.345,82.095,91.708,102.24,112,123.29,133.06,142.06,151.22,162.82,172.43,182.5,191.5,201.88,209.97,219.28,227.06,236.37,241.86,247.81,253.15,259.25,264.6,271.16,276.19,281.69,284.59,288.25,290.08,293.13,292.83,294.35,294.66,294.2,293.59,293.74,294.5,296.03,295.11,293.44,290.23,287.94,282.45,279.4,274.36,272.07,268.41,265.82,262,259.25,255.59,251.78,247.35,244.15,238.65,233.92,226.91,222.48,214.7,208.75,201.27,195.01,188.6,181.74,175.48,170.6,164.95,160.99,154.58,149.24,142.83,138.4,131.99,127.72,122.53,117.19,112.16,110.48,108.49,107.12,106.81,108.34,110.02,111.39,112.92,118.26,122.38,127.57,130.47,131.23,129.25,124.21,117.19,112.46,111.24,114.44,117.04,120.85,122.68,122.53,114.29,104.98,98.27,92.929,95.065,103.76,108.8,108.34,105.59,99.033,88.961,82.095,74.007,71.871,73.855,73.092,66.988,57.985,49.287,40.742,31.434,25.178,16.327,7.3244,-5.3407,-18.311,-32.502,-42.726,-51.118,-58.138,-66.378,-74.923,-83.316,-86.673,-88.961,-88.809,-89.114,-85.757,-82.095,-75.991,-71.413,-68.819,-67.751,-66.073,-65.004,-64.089,-63.631,-59.969,-57.68,-54.476,-53.865,-49.745,-48.524,-48.219,-47.304,-46.236,-47.761,-49.898,-51.881,-54.17,-57.833,-58.596,-59.511,-55.544,-52.187,-49.44,-50.356,-51.271,-52.187,-52.339,-53.102,-52.492,-51.881,-48.83,-49.287,-52.644,-58.138,-59.358,-60.884,-63.631,-67.141,-71.108,-74.77,-80.721,-87.436,-92.471,-98.27,-103.61,-112.92,-122.23,-134.59,-144.66,-152.44,-155.03,-158.54,-162.36,-164.34,-164.8,-165.26,-165.72,-170.6,-176.24,-184.18,-193.03,-204.78,-216.53,-227.97,-234.08,-236.82,-236.98,-235.3,-229.96,-226.14,-226.14,-231.33,-239.27,-247.2,-251.32,-255.75,-257.42,-256.36,-253,-248.88,-246.74,-246.44,-245.37,-241.86,-234.99,-228.58,-221.56,-218.36,-215.46,-214.85,-215,-215.77,-216.38,-216.38,-214.55,-212.1,-208.9,-206,-202.64,-201.12,-197.76,-195.17,-193.03,-191.2,-188.45,-185.4,-182.81,-181.13,-180.97,-179.91,-177.16,-173.35,-168,-166.02,-164.49,-163.73,-162.05,-161.29,-159.46,-158.39,-158.54,-158.09,-155.49,-152.13,-147.1,-142.52,-137.49,-132.6,-124.52,-118.87,-112.46,-105.59,-99.49,-93.539,-87.436,-81.332,-74.465,-66.378,-56.917,-47.914,-37.69,-30.213,-23.041,-18.159,-10.681,-3.0519,5.1881,11.597,18.159,24.567,32.044,41.047,50.203,58.443,68.209,74.77,82.095,88.656,96.591,102.69,109.1,115.05,121.31,126.35,131.38,135.04,138.25,141.45,147.1,151.22,156.41,159.76,165.56,169.07,173.96,178.08,181.59,183.42,187.38,190.44,192.27,192.11,193.79,192.72,195.17,196.23,199.13,198.98,201.12,202.03,203.71,204.78,207.53,208.59,211.04,212.56,215.77,216.07,217.75,217.14,216.99,214.85,211.04,206,202.64,198.37,196.54,196.54,197.3,198.22,199.44,199.29,199.9,198.07,196.84,194.1,193.33,194.25,192.57,190.59,190.59,191.5,191.96,190.59,189.98,187.54,186.32,184.48,183.57,180.97,177.92,174.87,171.82,168.92,167.39,167.24,166.48,166.02,166.78,166.48,167.39,168.16,170.29,170.9,171.36,171.97,173.04,173.96,174.41,175.48,176.85,178.08,180.21,181.74,183.57,183.87,183.57,182.35,180.82,177.77,174.57,171.21,169.53,168.92,167.85,165.56,164.65,163.12,163.58,161.9,160.83,158.39,158.7,157.32,155.03,153.66,151.07,147.4,142.98,137.03,133.06,126.19,119.02,112.31,108.34,103.15,98.117,92.624,88.198,84.231,81.332,77.517,72.329,64.394,58.901,51.424,45.32,39.521,34.639,28.84,26.093,21.363,17.396,10.376,3.9674,-4.12,-12.665,-20.142,-23.652,-28.687,-32.807,-37.996,-41.047,-46.693,-51.729,-56.154,-60.274,-64.699,-68.209,-73.397,-76.907,-79.806,-82.553,-85.757,-86.978,-90.945,-96.286,-103.76,-109.87,-116.43,-120.55,-120.09,-119.02,-119.17,-118.26,-118.41,-116.89,-116.89,-116.12,-118.11,-117.8,-117.8,-117.34,-117.19,-117.34,-119.33,-121.31,-125.28,-128.79,-133.98,-134.43,-134.74,-132.15,-130.01,-125.58,-119.17,-115.05,-113.53,-115.97,-121.31,-122.99,-121.16,-117.95,-117.34,-113.53,-114.14,-115.36,-118.87,-121.62,-128.18,-134.13,-138.71,-135.35,-126.04,-113.83,-105.29,-98.422,-96.438,-96.896,-101.32,-105.14,-108.34,-107.27,-102.85,-98.422,-95.676,-92.166,-90.64,-92.624,-93.539,-90.487,-88.504,-86.367,-83.773,-74.16,-64.394,-57.222,-51.881,-48.219,-47.456,-45.167,-43.947,-42.879,-42.573,-40.895,-40.742,-37.996,-36.164,-31.281,-27.772,-22.126,-15.87,-10.529,-3.9674,1.5259,4.4252,8.3926,8.24,9.7659,9.6133,12.97,14.649,17.09,17.853,19.99,23.499,27.314,30.213,32.807,34.486,35.859,34.333,34.639,33.876,36.47,37.996,41.353,44.099,46.388,46.541,45.32,41.2,37.233,34.028,34.944,35.401,37.996,39.064,42.116,43.031,43.031,41.963,38.606,32.044,26.093,20.447,17.243,13.276,11.75,8.0874,6.5615,3.5096,0.15259,-5.7985,-11.139,-16.175,-19.684,-22.889,-25.636,-29.145,-31.281,-34.333,-35.401,-37.385,-37.233,-39.369,-39.064,-37.996,-37.08,-38.148,-36.622,-33.876,-32.044,-30.671,-25.788,-22.279,-15.717,-10.529,-3.2044,4.12,13.123,21.363,29.756,37.538,46.388,52.644,59.969,64.394,71.566,75.991,81.79,86.367,92.166,98.27,102.39,106.66,110.93,115.51,119.94,122.38,126.19,130.47,135.04,137.18,139.77,140.84,142.06,142.83,143.89,145.73,145.88,144.81,144.66,145.57,148.32,148.78,148.01,147.1,148.93,149.39,149.24,149.24,150.46,150.61,150.46,148.17,146.64,146.64,148.78,148.78,151.52,152.59,156.1,156.25,157.78,157.48,156.41,155.03,155.03,154.12,154.88,155.49,158.54,160.83,165.26,167.24,169.07,168.92,170.75,172.43,174.72,176.85,175.94,173.19,173.5,172.43,172.89,173.04,175.94,176.7,176.7,176.55,175.63,173.35,170.75,166.94,163.43,158.09,153.97,148.78,147.25,143.89,141.15,134.59,128.18,120.4,115.67,110.93,106.51,100.71,95.523,90.03,85.299,77.67,70.498,62.716,56.154,48.067,40.59,32.197,25.025,20.142,14.649,7.9348,3.357,-0.15259,-5.3407,-14.039,-20.295,-27.161,-33.418,-41.353,-48.219,-54.628,-60.732,-66.683,-71.566,-77.517,-80.721,-86.367,-88.961,-92.929,-94.455,-95.676,-95.828,-98.88,-101.47,-106.36,-108.95,-109.41,-109.1,-111.09,-111.55,-114.9,-116.89,-122.07,-124.67,-127.87,-128.18,-127.72,-124.67,-122.38,-121.62,-122.38,-122.53,-123.75,-124.52,-127.11,-129.25,-131.69,-129.86,-129.09,-126.96,-127.26,-127.87,-129.4,-130.62,-132.45,-132.76,-132.91,-130.31,-130.16,-127.72,-125.89,-124.21,-126.65,-129.7,-132.45,-133.37,-133.06,-131.08,-127.72,-124.21,-124.52,-122.84,-122.23,-120.55,-120.55,-119.02,-119.33,-119.33,-122.23,-126.19,-131.23,-134.74,-136.72,-137.49,-138.86,-138.86,-139.16,-138.25,-139.93,-141.15,-145.73,-149.08,-151.98,-154.73,-158.54,-162.36,-165.26,-167.85,-170.6,-170.29,-169.53,-167.39,-168.61,-169.53,-169.68,-169.23,-169.84,-171.21,-173.04,-173.96,-174.41,-172.28,-172.12,-172.43,-176.09,-178.08,-180.52,-184.48,-187.84,-189.21,-189.98,-191.66,-195.17,-199.29,-203.56,-206.92,-210.27,-211.34,-216.07,-220.65,-224.62,-225.99,-230.11,-235.6,-241.55,-244.15,-244.76,-242.62,-240.64,-236.37,-233.92,-229.96,-221.56,-205.85,-187.38,-170.14,-156.41,-147.1,-139.62,-133.06,-126.19,-120.85,-119.17,-119.17,-123.91,-128.79,-135.81,-143.44,-151.22,-161.44,-173.19,-181.89,-190.89,-197.61,-203.25,-207.22,-212.87,-220.34,-230.11,-240.03,-248.88,-254.68,-258.49,-260.02,-260.78,-260.63,-260.78,-259.87,-257.88,-251.17,-243.23,-232.7,-223.7,-212.71,-201.27,-189.98,-180.06,-170.6,-161.75,-155.49,-153.51,-152.29,-150.76,-147.86,-146.34,-142.37,-138.71,-135.04,-131.53,-128.79,-124.67,-120.24,-116.73,-112.16,-106.05,-98.117,-90.487,-81.637,-75.838,-71.566,-71.108,-71.566,-72.024,-74.16,-75.838,-75.381,-70.65,-64.394,-59.511,-54.628,-49.593,-44.404,-40.284,-34.944,-30.671,-27.924,-29.145,-35.096,-39.674,-40.437,-40.437,-37.996,-35.249,-30.519,-27.314,-25.483,-27.161,-29.145,-30.061,-30.976,-35.554,-45.625,-55.849,-61.495,-63.326,-60.274,-59.511,-55.544,-53.713,-53.865,-55.238,-55.696,-57.375,-58.901,-60.274,-60.274,-58.29,-55.544,-57.222,-57.985,-61.8,-63.784,-67.751,-68.972,-66.988,-61.037,-56.001,-51.881,-49.287,-47.304,-45.473,-45.32,-47.304,-45.93,-45.93,-45.93,-48.677,-51.271,-54.018,-57.07,-60.121,-63.631,-64.089,-59.816,-54.476,-48.677,-44.862,-40.132,-39.216,-39.521,-40.132,-35.249,-28.382,-22.126,-18.464,-16.48,-16.785,-17.243,-18.159,-17.701,-15.717,-10.681,-7.1718,-2.8993,-0.15259,5.6459,10.681,15.412,19.99,24.262,27.009,30.366,32.197,34.944,36.927,40.742,42.268,43.641,43.336,42.573,43.794,45.32,45.473,45.015,43.336,42.421,39.979,41.047,40.284,40.59,41.047,43.031,43.947,43.947,42.879,42.421,43.031,47.456,49.745,50.05,49.135,50.05,48.83,48.524,48.524,48.677,51.881,56.154,59.511,61.19,62.41,64.241,63.021,64.089,64.852,65.615,63.021,61.037,60.427,61.342,61.647,64.394,66.988,65.615,63.021,62.868,60.274,59.816,57.833,56.764,54.476,52.492,50.05,47.914,46.541,45.32,45.015,45.167,44.557,47.456,50.05,53.102,55.391,58.748,58.748,58.748,59.816,61.19,61.953,63.631,65.004,64.852,63.784,63.784,61.037,60.121,58.596,57.985,58.596,57.375,53.255,48.83,45.778,44.099,44.252,44.099,42.726,41.963,41.658,43.947,44.71,46.693,46.236,47.304,50.508,55.086,58.596,62.563,65.462,66.378,65.004,65.31,65.767,66.378,67.751,71.718,75.686,80.264,83.01,85.147,86.062,87.741,87.436,89.419,88.504,90.182,88.198,86.52,84.078,83.773,83.621,82.553,78.738,74.465,70.956,68.819,65.92,65.767,63.326,62.563,58.748,54.933,50.661,47.304,45.32,46.693,49.898,56.154,60.732,63.173,59.511,58.138,57.833,59.816,61.495,64.852,66.53,67.598,70.193,75.381,83.01,91.861,98.727,104.22,107.12,112.31,114.6,115.67,112.31,108.65,106.97,107.12,106.66,106.97,107.88,108.95,109.71,113.53,115.05,118.72,121.62,127.87,134.28,138.71,140.54,142.37,143.74,145.12,144.66,143.44,138.25,135.81,132.76,133.06,132.91,131.53,128.03,126.65,125.89,128.33,129.25,130.47,130.16,128.18,124.52,123.45,122.38,122.99,124.36,131.38,139.93,149.54,156.41,160.83,163.12,165.56,167.55,169.38,168.46,170.75,171.67,175.63,173.65,171.06,165.72,160.83,152.29,144.51,135.2,126.65,116.43,105.9,95.981,89.419,81.484,74.923,66.378,57.985,47.914,37.996,30.061,24.72,20.447,17.548,12.97,10.834,8.3926,8.3926,8.3926,9.1556,10.376,13.428,15.412,18.006,19.837,20.753,20.142,19.532,19.379,21.821,23.804,26.856,26.856,26.856,26.246,26.551,24.415,22.889,20.753,20.6,21.21,21.668,19.684,18.921,18.159,18.921,17.396,15.564,12.513,12.207,11.75,10.834,9.003,7.3244,3.357,-0.76296,-3.9674,-2.8993,-2.4415,-1.0681,-0.91556,0.30519,-0.91556,-0.91556,-0.30519,0.91556,2.1363,3.6622,4.4252,4.4252,2.8993,2.7467,1.3733,-0.45778,-3.6622,-5.4933,-7.9348,-8.5452,-8.8504,-6.5615,-3.8148,-1.8311,0.30519,1.9837,3.8148,3.357,-1.0681,-5.3407,-11.444,-15.564,-21.516,-24.11,-25.636,-25.941,-25.636,-26.093,-28.535,-30.671,-31.892,-32.197,-33.57,-32.35,-30.824,-28.535,-28.687,-28.23,-29.298,-29.298,-28.535,-26.093,-21.821,-16.48,-12.818,-9.7659,-8.6978,-6.5615,-5.1881,-2.5941,-1.6785,-0,0.15259,-0.61037,-1.2207,-2.7467,-5.6459,-8.6978,-12.665,-16.938,-22.126,-26.093,-31.281,-34.333,-37.08,-34.639,-30.519,-25.178,-22.431,-21.21,-22.279,-23.652,-23.499,-21.821,-21.668,-21.668,-22.889,-21.516,-19.837,-13.886,-11.139,-9.003,-9.3081,-10.071,-11.902,-12.665,-10.224,-7.477,-6.4089,-4.4252,-6.5615,-7.7822,-9.6133,-6.7141,-3.2044,-1.3733,-0.45778,-0.61037,-2.2889,-5.0356,-7.7822,-10.224,-14.496,-17.09,-20.447,-24.415,-30.824,-36.317,-40.59,-43.641,-47.609,-53.407,-57.222,-57.527,-59.206,-59.206,-61.342,-62.41,-64.089,-65.92,-69.582,-71.566,-75.381,-79.043,-82.553,-81.027,-76.601,-73.092,-70.193,-65.615,-58.901,-51.881,-46.999,-41.2,-36.164,-30.061,-25.33,-22.279,-19.837,-17.396,-15.717,-13.428,-12.36,-12.207,-13.886,-14.954,-17.09,-17.548,-19.837,-19.074,-17.548,-16.327,-15.259,-16.022,-17.548,-18.311,-19.532,-21.516,-25.941,-28.84,-30.976,-32.502,-35.401,-37.69,-42.116,-45.167,-47.609,-46.541,-39.521,-28.687,-16.633,-5.0356,3.9674,12.818,16.022,17.548,16.175,16.785,19.227,23.957,26.093,26.093,25.178,22.736,19.99,20.142,18.616,15.717,11.902,12.513,12.97,12.818,11.292,9.3081,6.5615,2.8993,0.76296,-0.30519,-2.7467,-5.9511,-8.8504,-11.139,-19.379,-28.077,-38.301,-44.252,-47.914,-50.661,-52.339,-53.56,-53.255,-52.034,-49.745,-43.489,-39.827,-35.554,-36.47,-34.181,-26.704,-13.581,-1.2207,7.6296,14.649,23.957,33.876,40.742,46.999,58.138,68.209,76.296,78.585,79.958,80.569,83.621,89.114,95.981,100.25,102.85,100.56,97.964,95.218,92.471,86.673,81.79,75.838,72.024,68.667,67.751,66.073,63.478,61.495,58.748,55.086,50.966,47.151,45.778,44.252,44.252,41.353,40.284,35.859,33.876,31.434,29.908,29.756,30.213,31.281,33.876,36.47,39.064,38.453,37.69,34.944,32.96,30.213,30.824,33.265,36.927,40.437,41.963,44.404,49.135,55.544,65.31,70.345,75.228,77.059,78.585,76.601,75.991,75.381,77.059,79.043,79.806,78.738,77.67,75.076,73.55,70.956,73.244,75.228,78.433,79.348,80.569,80.874,81.027,80.874,82.4,82.4,79.958,74.16,67.751,57.68,52.034,47.761,47.456,45.93,44.099,40.742,36.47,34.639,32.197,30.061,29.603,28.077,24.262,19.684,16.785,11.75,9.003,5.9511,6.1037,6.4089,7.9348,12.36,19.99,28.687,36.775,41.81,46.846,48.677,53.255,56.001,62.258,66.225,70.498,73.092,76.601,78.433,78.738,77.822,76.907,75.076,75.076,73.855,73.397,70.803,70.65,68.972,65.615,61.342,58.138,56.459,55.238,52.644,50.356,47.151,45.778,44.099,44.71,43.489,42.879,40.59,38.759,34.486,29.908,27.314,27.619,28.687,32.044,34.486,37.996,39.521,43.489,45.473,46.541,45.473,44.71,42.726,42.116,41.505,41.047,39.216,39.216,39.216,40.59,37.08,33.265,26.551,19.837,12.818,7.0193,2.7467,-1.3733,-6.8667,-12.36,-18.311,-20.905,-24.11,-24.873,-27.009,-25.483,-24.262,-22.279,-20.6,-17.09,-15.717,-15.564,-13.428,-9.9185,-6.8667,-3.9674,-3.357,0.30519,0.91556,1.2207,2.7467,4.883,3.2044,1.3733,-0.61037,-1.6785,-4.5778,-6.4089,-6.2563,-5.3407,-4.7304,-2.4415,-1.5259,-0.45778,1.2207,2.5941,4.7304,8.3926,8.6978,9.6133,9.3081,8.5452,5.7985,2.8993,-3.0519,-7.1718,-10.987,-11.75,-12.36,-10.529,-6.7141,-2.4415,0.76296,3.5096,5.0356,7.7822,7.6296,8.6978,7.9348,8.5452,7.477,7.3244,5.3407,4.7304,5.7985,5.3407,3.8148,3.8148,3.8148,6.8667,9.1556,13.581,17.853,21.668,22.431,24.415,26.246,26.704,26.856,26.551,24.72,24.11,23.194,25.178,26.246,27.619,25.483,23.347,19.227,14.191,9.9185,6.2563,3.0519,0.91556,-0.76296,-2.8993,-4.5778,-6.2563,-10.987,-13.733,-17.09,-17.396,-19.227,-20.447,-22.126,-22.279,-19.532,-13.886,-8.6978,-3.2044,-0.15259,2.2889,1.6785,1.9837,0.45778,-0,-0.91556,-0.30519,0.76296,1.0681,0.30519,-1.3733,-3.2044,-3.6622,-6.5615,-7.1718,-8.6978,-9.1556,-10.071,-8.3926,-8.8504,-9.003,-9.1556,-9.1556,-9.1556,-9.7659,-11.292,-13.733,-15.717,-14.801,-14.039,-12.36,-12.207,-10.987,-11.597,-11.292,-10.834,-10.529,-10.071,-7.9348,-3.6622,2.1363,4.12,5.7985,5.6459,7.7822,6.4089,8.0874,9.6133,10.376,10.529,10.224,10.224,8.24,7.3244,7.1718,6.7141,8.0874,9.003,11.444,12.513,13.581,10.834,9.3081,8.3926,5.0356,2.2889,1.2207,0.30519,2.1363,1.8311,0.45778,-3.357,-6.5615,-10.681,-12.513,-14.344,-12.055,-10.834,-11.139,-13.276,-16.175,-20.6,-23.194,-25.483,-28.23,-30.671,-29.756,-31.281,-31.587,-33.418,-33.723,-33.876,-32.35,-29.756,-27.772,-25.33,-22.126,-21.363,-21.21,-25.178,-28.687,-33.57,-37.233,-41.353,-46.388,-52.95,-60.121,-65.615,-69.43,-73.397,-76.907,-80.874,-83.01,-84.994,-85.604,-87.588,-88.656,-90.03,-88.961,-85.147,-81.484,-81.179,-80.569,-79.501,-78.433,-76.754,-74.923,-72.024,-64.699,-57.833,-50.661,-46.236,-43.489,-41.505,-38.606,-36.927,-33.876,-32.655,-31.739,-31.434,-28.687,-28.687,-28.382,-29.145,-29.603,-30.061,-29.45,-32.807,-35.401,-40.895,-47.151,-54.018,-59.664,-63.326,-62.868,-63.021,-61.342,-61.342,-62.258,-64.699,-65.767,-66.53,-66.073,-66.683,-67.293,-68.514,-69.43,-70.04,-69.582,-71.718,-71.566,-71.261,-66.53,-62.105,-56.612,-51.576,-45.015,-39.674,-37.385,-36.775,-33.723,-34.944,-34.944,-36.164,-35.707,-35.096,-32.502,-31.281,-30.671,-30.976,-29.756,-29.298,-25.636,-23.804,-21.516,-20.905,-18.616,-16.633,-13.123,-11.444,-8.6978,-5.1881,-2.4415,-0.30519,5.3407,11.444,18.921,22.431,27.161,29.603,31.892,30.824,32.197,33.265,32.807,31.129,30.824,31.434,33.57,32.35,32.044,29.603,28.687,25.178,21.21,18.311,16.48,15.412,17.396,18.616,18.769,17.396,19.379,19.074,18.769,17.396,18.006,16.022,13.886,12.055,11.292,10.987,10.834,10.987,13.581,16.022,19.837,22.279,25.178,28.382,34.486,40.895,48.982,54.476,59.358,64.241,69.582,73.397,74.618,74.007,74.923,73.702,74.77,75.991,81.637,84.689,86.215,87.893,92.776,95.37,95.981,94.15,93.234,89.724,89.267,87.283,88.046,84.994,81.332,75.686,71.718,66.988,61.037,55.391,52.797,48.982,46.541,40.895,37.843,33.876,31.129,25.483,21.21,17.548,13.886,10.224,8.8504,6.4089,4.2726,0.76296,-0.30519,-0.61037,1.8311,3.0519,5.4933,6.5615,7.0193,6.4089,6.2563,4.7304,5.0356,4.883,2.5941,-0,-0,2.1363,8.0874,12.207,14.039,12.36,11.75,10.529,10.681,14.191,15.87,15.107,13.123,11.444,12.207,10.681,10.376,7.6296,7.7822,6.2563,5.7985,4.4252,3.9674,2.7467,1.0681,-0.45778,-1.2207,-4.883,-7.3244,-10.987,-12.665,-12.97,-8.5452,-6.1037,-4.2726,-3.0519,-2.1363,-2.8993,-5.0356,-9.1556,-11.292,-13.581,-11.139,-7.477,-1.8311,0.45778,3.5096,4.883,6.8667,8.8504,11.75,12.818,12.818,13.733,18.159,19.837,18.921,15.107,14.649,12.207,10.987,8.6978,7.3244,4.12,1.5259,-1.0681,-1.9837,-4.12,-5.3407,-8.0874,-7.0193,-9.4607,-11.292,-12.818,-11.292,-8.8504,-6.5615,-5.4933,-5.1881,-4.12,-1.6785,-1.0681,0.15259,-0.45778,-0.15259,-0.91556,-0.45778,-2.2889,-2.7467,-5.9511,-7.3244,-7.3244,-6.4089,-5.0356,-2.5941,-0.76296,2.8993,2.1363,1.2207,-1.0681,-1.8311,0.45778,4.4252,8.5452,12.513,15.564,20.447,23.041,26.093,24.415,21.21,14.801,10.834,7.477,7.0193,7.1718,8.5452,7.9348,7.7822,7.1718,7.7822,7.0193,9.6133,10.376,12.818,12.513,14.801,15.107,17.09,19.379,22.126,25.025,28.077,28.077,27.619,25.483,23.652,19.074,15.87,10.224,7.477,6.4089,6.7141,4.12,1.2207,-2.2889,-4.12,-6.7141,-9.003,-12.36,-13.276,-12.97,-10.071,-10.071,-10.071,-11.75,-12.207,-11.292,-9.7659,-8.0874,-5.9511,-6.1037,-7.0193,-8.6978,-11.139,-16.022,-18.464,-23.194,-25.788,-27.467,-26.856,-26.246,-25.788,-27.161,-28.23,-29.908,-31.129,-34.333,-35.554,-36.775,-36.622,-36.622,-35.707,-36.47,-37.233,-37.996,-36.775,-36.775,-37.08,-38.606,-38.606,-40.132,-39.674,-40.284,-41.047,-42.879,-43.947,-45.625,-46.693,-47.456,-48.524,-50.05,-51.118,-52.797,-53.713,-56.459,-57.375,-58.29,-57.527,-57.985,-58.138,-60.732,-63.478,-65.615,-67.293,-71.261,-74.923,-80.874,-83.621,-88.046,-90.335,-94.302,-95.828,-100.1,-104.83,-109.87,-114.9,-120.09,-123.14,-124.36,-124.06,-124.97,-125.58,-128.94,-130.62,-131.08,-130.92,-132.15,-130.92,-128.94,-124.36,-119.79,-115.97,-111.85,-106.05,-102.54,-95.828,-90.793,-85.757,-82.705,-76.754,-66.53,-58.29,-54.476,-52.034,-50.966,-49.44,-48.372,-45.473,-47.456,-48.524,-49.593,-47.609,-46.846,-46.083,-46.693,-47.151,-46.693,-44.404,-43.641,-40.742,-36.317,-29.145,-23.041,-17.701,-15.259,-10.071,-6.8667,-5.4933,-3.5096,2.1363,10.529,20.905,28.077,35.401,41.963,50.661,53.865,54.323,55.238,56.612,56.459,56.612,56.612,58.138,61.8,66.683,69.43,70.345,68.209,68.361,65.92,65.31,62.716,61.495,61.647,63.326,64.852,63.631,61.19,59.969,57.375,56.001,55.086,56.154,55.696,55.849,53.102,50.356,45.015,39.674,34.181,31.281,28.993,27.314,23.652,22.889,19.99,14.801,8.24,3.8148,-3.5096,-8.0874,-11.902,-15.412,-19.837,-24.873,-30.213,-33.723,-36.317,-35.859,-36.164,-34.944,-34.944,-33.265,-32.502,-30.824,-29.908,-27.924,-25.178,-21.363,-18.921,-16.175,-14.954,-12.97,-9.9185,-6.4089,-3.8148,0.45778,2.7467,4.5778,5.6459,7.1718,7.1718,7.6296,7.7822,8.6978,9.4607,10.834,10.529,12.97,14.344,17.701,19.684,25.178,31.281,36.775,42.726,51.576,60.427,67.904,74.007,76.907,77.975,77.67,74.77,74.16,69.887,65.615,59.664,56.001,54.476,55.544,57.527,60.427,63.936,67.293,66.683,66.53,68.361,72.634,74.923,76.907,75.533,72.787,69.43,66.836,64.699,62.716,59.206,55.544,50.508,47.304,45.015,43.641,39.979,38.148,34.028,30.213,26.399,23.041,19.837,18.311,15.87,14.649,12.36,10.224,7.7822,8.0874,7.7822,8.6978,10.224,12.207,14.191,16.938,18.006,17.09,15.259,13.886,11.139,11.444,11.444,13.123,14.649,17.701,21.363,23.652,23.499,21.668,19.99,21.058,23.194,25.788,25.941,27.314,26.856,27.467,25.636,25.025,23.194,20.753,18.769,17.396,15.87,16.48,17.701,20.753,22.736,27.161,29.908,33.113,34.028,35.096,36.775,38.606,41.047,44.252,47.304,50.661,53.713,56.612,54.17,51.729,46.083,42.573,37.08,32.35,26.856,21.363,14.039,6.7141,-0.15259,-6.7141,-15.107,-21.058,-24.567,-24.72,-26.856,-28.535,-30.213,-31.739,-34.944,-37.538,-38.911,-40.284,-43.641,-45.32,-49.44,-53.102,-59.358,-64.547,-68.209,-66.53,-64.852,-59.969,-56.154,-53.865,-52.95,-51.118,-49.135,-44.099,-41.81,-37.385,-34.028,-29.756,-26.093,-21.21,-14.496,-6.2563,-0.30519,4.7304,8.5452,12.665,14.496,16.327,16.022,17.243,16.022,16.022,15.259,14.801,17.548,21.668,24.567,25.788,26.704,28.382,25.941,25.33,23.957,23.347,20.753,18.769,16.175,12.36,9.3081,4.883,-0.76296,-4.883,-7.3244,-6.2563,-7.1718,-6.2563,-6.7141,-5.7985,-5.4933,-1.0681,2.5941,8.0874,13.581,19.379,21.821,23.194,22.889,25.178,26.093,27.314,28.077,28.687,27.619,28.84,29.298,29.908,31.587,32.35,31.739,30.519,25.33,21.516,14.954,9.7659,4.12,1.2207,-0,-0.91556,-2.2889,-3.0519,-3.0519,-3.5096,-6.4089,-6.1037,-6.2563,-5.9511,-7.7822,-8.6978,-12.055,-13.581,-13.581,-14.649,-17.548,-20.142,-24.72,-27.161,-29.908,-31.892,-33.876,-33.876,-34.486,-33.876,-33.723,-32.044,-30.061,-26.856,-23.957,-23.499,-24.415,-24.415,-25.33,-23.804,-21.668,-15.259,-10.376,-4.883,-1.3733,2.2889,4.7304,8.0874,11.597,15.412,19.227,25.788,30.519,37.233,41.2,43.947,47.304,49.593,50.356,50.508,51.729,53.865,54.781,59.206,61.495,63.936,62.563,62.716,61.342,60.274,58.901,59.358,59.358,60.274,60.121,60.732,58.901,59.358,59.816,61.953,62.716,66.836,68.361,70.498,72.024,74.618,78.127,82.095,84.994,91.25,94.455,98.88,100.71,103.76,104.53,107.43,109.71,112,112.31,112.16,111.24,111.85,112.77,115.05,115.82,117.34,117.04,117.34,119.48,122.07,123.6,124.36,122.68,121.31,119.63,119.79,119.63,120.4,120.4,122.68,124.82,126.5,127.11,128.18,129.4,129.7,129.86,131.69,133.06,133.21,133.06,134.43,134.89,135.5,134.43,134.28,134.43,135.35,135.35,135.65,134.89,135.35,134.28,133.21,129.4,126.96,124.21,125.74,126.5,126.19,124.67,124.06,122.99,122.38,122.23,122.84,121.16,122.53,122.53,125.58,129.09,133.98,139.47,145.42,149.54,151.68,153.05,155.8,158.24,162.21,164.65,168.77,171.06,173.65,175.94,178.23,180.97,182.96,183.11,183.11,182.65,182.96,180.21,177.62,173.35,169.23,162.51,158.39,154.27,150.76,148.32,146.34,143.44,140.39,133.52,127.72,121.16,116.58,110.48,107.73,104.53,102.24,100.71,99.948,100.1,100.71,101.47,103,102.85,104.37,106.05,110.02,111.85,114.14,115.67,118.72,119.63,120.55,121.31,121.77,121.01,120.4,115.67,111.39,105.44,99.796,92.166,83.773,72.939,64.547,55.849,46.846,39.216,33.876,30.976,26.399,19.837,13.581,5.4933,0.91556,-3.0519,-4.883,-7.1718,-10.224,-11.139,-9.7659,-8.0874,-5.4933,-4.883,-6.8667,-9.6133,-10.681,-12.36,-11.75,-11.902,-12.97,-17.243,-22.584,-28.84,-33.113,-37.69,-41.658,-47.304,-49.898,-54.17,-57.07,-61.495,-64.089,-70.956,-75.228,-79.348,-80.721,-83.01,-88.046,-97.201,-103.76,-109.71,-112.16,-114.14,-114.44,-117.04,-115.51,-113.99,-111.09,-110.02,-108.49,-107.73,-108.34,-112.31,-114.9,-116.43,-117.95,-119.63,-122.07,-126.8,-127.41,-127.11,-125.43,-126.35,-127.11,-128.18,-127.41,-127.72,-125.13,-121.77,-116.43,-112.16,-108.8,-108.34,-108.95,-117.04,-126.35,-134.13,-140.08,-144.2,-144.35,-141.45,-137.79,-135.65,-132.45,-130.31,-129.25,-130.01,-129.25,-129.4,-128.48,-128.64,-128.03,-127.87,-125.74,-122.07,-119.63,-117.8,-114.9,-111.55,-106.81,-102.54,-98.422,-96.133,-91.403,-87.588,-81.942,-77.059,-71.413,-67.751,-62.41,-57.527,-52.339,-48.372,-42.879,-39.521,-33.57,-29.756,-23.499,-20.447,-16.175,-11.597,-5.6459,-0.15259,5.9511,10.529,14.649,15.564,17.548,17.548,18.311,18.464,20.753,20.6,23.347,26.551,30.976,34.944,40.284,46.083,54.933,60.274,66.225,70.345,75.686,80.264,85.91,90.487,95.676,100.71,103.15,104.83,107.58,110.63,113.07,113.83,115.21,113.53,113.38,112.31,113.07,116.58,122.07,126.65,130.77,134.43,139.62,143.59,147.25,148.47,151.52,152.59,155.49,156.1,158.09,159.76,161.6,160.37,158.09,155.8,156.1,155.64,157.17,157.02,158.54,157.17,156.41,155.19,153.81,153.51,154.42,153.81,154.27,154.42,156.1,156.71,157.32,155.64,155.34,153.2,151.07,148.93,147.86,145.12,141.76,139.32,139.16,140.54,142.67,142.06,142.98,144.2,147.25,147.56,148.01,146.79,144.35,142.67,139.32,132.91,125.13,116.12,109.41,102.39,98.117,93.387,90.182,86.062,84.078,82.858,81.637,80.721,81.027,79.806,79.196,77.975,76.144,70.193,65.92,59.511,56.459,52.797,51.576,50.05,49.44,48.372,46.541,44.404,42.421,38.759,36.47,34.333,33.265,31.129,29.756,27.619,26.856,23.957,21.363,19.379,17.396,15.87,16.022,14.496,13.428,10.224,6.5615,0.30519,-5.6459,-12.665,-21.973,-30.213,-36.622,-41.2,-46.236,-52.797,-57.833,-63.173,-66.53,-70.956,-74.77,-79.043,-80.111,-82.4,-83.926,-85.757,-88.504,-93.692,-96.438,-98.88,-101.47,-106.66,-108.8,-113.68,-116.73,-120.7,-124.21,-128.03,-129.55,-131.23,-130.47,-131.53,-130.16,-132.3,-133.98,-139.01,-142.67,-148.32,-152.59,-159.15,-164.49,-169.23,-171.67,-175.79,-178.69,-182.81,-184.18,-185.86,-184.18,-183.42,-182.65,-182.81,-181.74,-182.04,-181.43,-181.59,-182.65,-185.55,-186.01,-187.69,-185.86,-185.09,-180.67,-178.08,-176.09,-173.96,-171.51,-170.75,-170.9,-170.9,-167.24,-165.26,-162.66,-162.36,-159.92,-159.46,-157.17,-155.64,-153.97,-152.59,-149.85,-146.49,-142.52,-140.39,-137.18,-136.88,-135.65,-135.2,-131.23,-128.94,-125.43,-123.91,-121.77,-119.63,-115.82,-112.16,-106.66,-103,-95.065,-89.572,-82.705,-79.196,-74.007,-70.803,-66.836,-63.173,-59.664,-58.29,-56.001,-55.238,-53.865,-56.459,-59.816,-66.53,-71.108,-75.686,-77.212,-78.127,-74.923,-72.176,-70.345,-70.956,-70.65,-72.939,-70.956,-69.887,-66.073,-62.258,-55.238,-50.661,-45.625,-41.81,-37.233,-33.876,-30.213,-28.84,-26.704,-27.772,-28.84,-31.739,-32.655,-32.044,-31.129,-30.976,-31.129,-31.129,-33.723,-38.911,-41.047,-42.268,-43.336,-47.914,-52.187,-57.07,-59.053,-60.579,-59.511,-57.07,-53.56,-49.898,-45.167,-43.947,-42.116,-41.2,-40.132,-41.505,-43.794,-45.778,-46.388,-48.219,-49.135,-50.508,-48.83,-50.813,-51.729,-55.086,-55.849,-58.596,-59.053,-58.901,-57.375,-55.696,-52.95,-53.407,-54.018,-55.238,-54.018,-56.612,-55.696,-56.612,-53.865,-50.508,-45.625,-43.794,-41.81,-41.353,-42.879,-46.541,-46.083,-46.999,-46.846,-48.219,-48.524,-52.644,-56.764,-60.884,-63.326,-65.767,-69.277,-74.923,-77.822,-82.247,-85.604,-91.403,-93.692,-98.117,-101.78,-105.14,-106.2,-107.12,-106.97,-108.19,-109.26,-111.09,-110.48,-110.32,-108.65,-111.09,-112.31,-113.22,-112.92,-111.24,-108.19,-103.76,-97.507,-93.234,-87.893,-84.994,-81.79,-81.79,-80.569,-80.569,-78.738,-78.585,-78.127,-77.059,-76.754,-76.754,-75.991,-75.533,-73.092,-73.702,-74.618,-77.67,-79.348,-80.111,-82.247,-85.452,-88.198,-92.318,-97.659,-104.68,-111.24,-117.34,-119.33,-122.68,-126.04,-130.31,-132.3,-134.59,-135.35,-133.82,-133.37,-134.89,-135.2,-135.5,-133.82,-133.67,-131.38,-128.03,-122.68,-118.41,-113.38,-110.78,-109.71,-109.56,-109.1,-107.43,-106.2,-108.8,-109.56,-109.71,-107.58,-106.51,-104.07,-101.32,-99.796,-102.24,-104.83,-106.05,-104.83,-104.53,-103.31,-104.22,-105.14,-106.81,-107.43,-109.41,-110.63,-110.32,-106.97,-102.08,-96.133,-89.724,-80.874,-73.397,-64.394,-56.154,-47.609,-42.268,-34.791,-30.213,-26.399,-21.668,-17.243,-13.428,-11.597,-10.987,-10.681,-10.834,-9.9185,-10.376,-10.681,-14.649,-16.938,-21.058,-26.399,-32.502,-35.401,-37.843,-41.81,-47.151,-50.203,-54.933,-62.105,-69.277,-72.024,-73.855,-72.939,-70.803,-70.345,-68.972,-68.514,-67.293,-63.173,-59.358,-54.17,-52.644,-51.118,-51.118,-48.372,-45.778,-45.32,-45.473,-44.404,-42.726,-39.827,-36.317,-28.993,-20.295,-10.834,-4.5778,1.5259,2.4415,2.2889,1.9837,0.61037,-0,-1.3733,-3.5096,-3.357,-1.8311,0.76296,1.5259,4.4252,4.12,5.4933,5.0356,5.6459,4.12,2.1363,1.6785,2.7467,1.3733,-0.61037,-2.4415,-3.357,-6.8667,-9.3081,-13.276,-16.327,-21.668,-24.873,-27.314,-27.924,-28.84,-27.161,-24.873,-24.72,-24.72,-21.973,-22.736,-22.431,-23.652,-23.347,-23.804,-21.516,-18.159,-12.97,-7.3244,-0.61037,5.0356,12.207,17.548,24.567,29.756,36.47,40.59,45.167,47.151,48.677,49.898,52.95,55.238,58.748,63.478,70.345,75.228,81.637,86.062,91.861,94.76,99.948,105.29,111.7,117.95,125.43,131.99,139.16,145.42,153.66,159.76,168,173.04,179.3,184.03,189.67,194.25,198.22,203.25,209.2,215.92,224.01,231.64,239.72,245.83,251.78,256.66,263.07,268.26,273.9,278.02,282.14,285.65,290.08,293.44,299.23,303.66,310.22,315.1,322.12,327.77,333.87,337.69,341.5,344.55,348.67,351.88,355.08,356.91,359.51,359.66,361.03,360.88,361.95,361.49,361.8,361.03,360.27,358.9,358.29,358.29,359.2,358.29,358.29,356.76,356.91,354.47,352.49,348.98,347.45,344.55,343.18,341.96,340.74,339.21,336.92,333.41,332.19,329.91,330.06,328.99,328.53,328.23,328.53,328.68,327.46,325.94,323.65,319.53,316.48,309.31,302.9,295.72,289.62,282.91,277.72,273.14,268.56,263.53,258.64,253.46,247.81,242.47,239.57,237.59,237.13,234.99,233.01,228.28,223.24,218.21,213.78,210.43,206,201.57,198.98,195.62,194.1,191.2,189.83,185.4,182.96,180.52,178.08,177.01,175.63,171.97,166.78,160.37,154.42,148.17,144.05,139.01,135.96,131.08,126.65,118.72,112,105.75,101.02,96.286,91.861,86.978,83.163,77.059,73.55,65.92,60.427,55.391,51.424,47.151,44.71,40.132,36.317,31.434,27.467,22.584,18.311,12.207,8.5452,5.9511,5.9511,4.2726,4.2726,1.6785,-2.5941,-7.477,-11.444,-14.954,-16.022,-20.295,-23.194,-27.772,-30.824,-36.164,-41.353,-46.388,-51.424,-54.781,-56.154,-57.07,-58.138,-59.358,-58.596,-59.511,-59.969,-62.563,-64.547,-68.209,-71.871,-75.838,-79.501,-83.621,-87.741,-93.081,-94.607,-97.049,-98.575,-103.31,-106.66,-110.93,-113.22,-116.12,-117.95,-120.7,-123.75,-128.33,-129.7,-135.35,-139.47,-145.27,-151.22,-156.56,-160.83,-164.65,-168.92,-174.57,-178.23,-181.43,-181.74,-184.18,-185.86,-187.54,-189.98,-192.88,-196.54,-200.2,-204.47,-209.36,-211.04,-215,-218.21,-222.79,-225.38,-228.58,-230.11,-232.86,-233.62,-236.21,-236.67,-238.2,-238.04,-239.27,-238.35,-239.27,-238.81,-238.5,-237.43,-237.59,-237.13,-239.27,-240.33,-244.3,-244.91,-245.83,-244.45,-242.93,-241.71,-242.47,-241.55,-242.01,-241.86,-242.32,-240.18,-238.5,-235.91,-234.69,-232.86,-232.55,-231.94,-231.79,-230.26,-229.65,-226.91,-223.09,-218.21,-214.85,-210.58,-208.14,-202.95,-199.59,-196.08,-194.1,-191.81,-188.6,-184.33,-182.2,-178.23,-175.63,-170.14,-164.95,-158.39,-154.73,-150.91,-148.93,-148.47,-148.17,-147.4,-147.86,-148.01,-147.4,-144.81,-143.28,-141.45,-140.54,-138.71,-138.55,-136.72,-135.65,-134.43,-134.13,-132.6,-131.38,-129.7,-128.79,-126.04,-124.36,-120.24,-117.04,-113.68,-111.24,-108.65,-106.51,-104.07,-101.47,-98.27,-97.049,-95.37,-94.455,-91.708,-90.03,-87.13,-85.452,-82.247,-79.196,-76.296,-74.007,-71.261,-69.277,-65.92,-63.021,-58.596,-56.459,-53.255,-52.492,-50.356,-48.524,-45.93,-42.726,-38.759,-36.012,-33.57,-32.197,-30.061,-29.145,-26.856,-26.093,-25.33,-27.161,-27.314,-28.993,-30.366,-32.502,-34.486,-37.08,-39.521,-41.505,-41.963,-43.031,-42.268,-43.794,-44.099,-46.846,-47.151,-46.999,-46.999,-46.693,-45.625,-44.71,-44.557,-45.32,-44.557,-45.32,-45.015,-45.32,-43.031,-44.252,-45.167,-46.693,-46.999,-47.914,-48.677,-48.982,-48.372,-50.508,-52.644,-57.07,-60.579,-66.378,-69.735,-72.939,-76.144,-78.585,-82.095,-88.656,-94.302,-101.32,-105.59,-110.78,-113.53,-118.26,-121.46,-123.6,-123.14,-122.53,-121.31,-120.55,-118.72,-117.95,-115.51,-113.99,-110.78,-108.19,-104.37,-99.185,-92.929,-86.825,-79.806,-71.108,-62.105,-52.95,-43.641,-37.538,-30.519,-25.788,-19.532,-15.87,-11.902,-7.9348,-4.4252,-0.30519,3.2044,5.1881,9.7659,14.954,23.041,28.687,34.028,35.707,39.064,40.284,40.284,37.385,33.723,29.145,25.025,19.074,15.259,11.75,7.7822,0.30519,-4.4252,-10.681,-15.87,-21.973,-27.772,-37.233,-44.862,-51.118,-53.255,-52.187,-50.813,-49.593,-48.219,-52.492,-57.375,-62.105,-61.647,-57.222,-47.151,-40.59,-36.927,-36.012,-35.554,-37.69,-42.268,-48.524,-51.881,-58.138,-61.8,-65.31,-66.53,-70.345,-74.618,-80.721,-86.673,-92.929,-98.27,-104.98,-110.32,-118.87,-126.8,-134.13,-137.64,-142.52,-147.4,-150.3,-151.98,-154.27,-156.1,-156.1,-154.73,-152.13,-146.95,-142.98,-136.88,-129.86,-122.99,-119.33,-112.92,-104.22,-95.37,-86.825,-77.517,-67.904,-57.985,-48.982,-38.148,-28.535,-16.175,-5.4933,8.5452,21.058,32.807,43.641,52.034,59.206,67.141,73.702,81.027,89.114,99.643,106.66,114.44,121.62,127.87,134.89,146.18,156.87,164.04,164.04,162.21,160.07,161.9,165.11,170.6,174.87,176.4,172.89,164.8,151.98,143.44,137.94,134.59,130.47,128.03,124.06,115.51,102.24,86.825,70.956,56.459,42.421,31.129,17.548,5.3407,-10.376,-26.093,-43.489,-59.969,-76.754,-92.624,-109.71,-125.89,-143.13,-159.92,-178.23,-195.01,-213.17,-227.97,-241.25,-251.93,-261.85,-272.99,-283.52,-294.2,-304.42,-315.1,-326.09,-336.01,-345.16,-352.79,-361.95,-369.27,-376.14,-380.41,-384.99,-389.26,-394.6,-401.17,-408.03,-414.29,-421.31,-426.04,-431.84,-436.11,-440.99,-444.96,-448.16,-451.06,-453.51,-455.18,-457.17,-457.93,-459.61,-460.37,-463.12,-464.95,-466.48,-466.02,-465.71,-465.71,-464.95,-463.58,-462.81,-463.12,-463.88,-464.34,-465.71,-464.8,-465.41,-464.03,-465.1,-465.71,-466.78,-467.7,-466.93,-465.56,-463.73,-461.29,-459.3,-457.01,-456.86,-455.49,-454.73,-453.35,-452.74,-451.98,-450.61,-450.91,-451.06,-451.98,-451.98,-450.76,-451.37,-450.45,-450.15,-449.39,-446.79,-444.35,-442.06,-440.99,-438.86,-436.57,-434.74,-430.62,-426.65,-421,-416.27,-411.39,-406.66,-402.08,-397.2,-391.55,-384.69,-377.21,-368.51,-359.81,-353.71,-344.71,-336.01,-326.55,-316.93,-308.24,-299.23,-289.32,-280.01,-271.61,-263.37,-253.91,-245.22,-236.52,-228.89,-220.19,-212.1,-203.71,-195.32,-187.38,-179.75,-172.43,-165.56,-157.17,-150,-140.23,-132.3,-124.06,-116.73,-108.8,-100.86,-92.929,-86.52,-79.958,-72.939,-65.004,-56.459,-48.067,-41.963,-34.791,-28.23,-21.363,-14.191,-6.4089,1.3733,8.3926,16.175,23.804,30.824,37.996,43.184,50.356,56.917,63.936,70.345,75.228,79.958,84.231,88.656,90.945,92.166,94.302,95.828,98.27,99.033,101.93,103.92,106.66,109.41,111.55,115.05,117.95,119.17,121.31,121.31,121.01,120.85,121.31,121.77,122.84,124.82,128.48,132.15,135.65,139.77,145.57,151.07,157.63,164.49,171.82,178.23,184.64,188.76,192.27,195.93,198.52,200.2,202.34,202.95,205.54,205.85,207.37,207.22,209.05,209.97,210.43,210.58,208.9,206.15,205.85,202.8,200.81,198.83,198.68,197.76,198.52,198.83,200.35,203.1,206.31,208.9,210.12,208.59,209.2,209.66,211.95,213.02,215.92,218.51,219.73,220.34,221.41,223.55,225.99,228.43,233.31,235.6,239.27,240.94,242.93,244.3,245.06,245.52,246.59,249.03,252.85,255.59,260.17,262.15,265.97,267.65,272.38,275.89,278.94,280.77,282.75,284.74,288.71,292.06,297.71,299.84,303.05,305.34,307.47,308.24,309.31,311.44,314.34,319.53,326.24,330.67,335.09,336.31,340.74,344.71,351.73,357.52,364.7,370.65,376.29,381.02,387.89,395.21,404.37,411.54,417.95,422.83,425.12,428.79,434.43,439.62,445.88,448.47,449.84,449.39,447.71,446.94,447.71,446.33,446.33,444.35,442.21,440.69,439.77,439.16,439.16,438.4,438.86,437.64,437.64,436.87,437.94,437.48,435.04,432.91,428.94,422.07,417.04,410.78,406.05,398.11,388.96,380.87,374.61,368.82,362.25,355.85,349.13,335.4,321.97,312.2,305.34,297.25,289.47,282.75,277.72,271.77,266.43,260.32,255.9,250.25,245.37,239.27,233.77,228.74,223.55,216.53,211.04,208.29,207.07,203.25,199.44,195.01,192.11,186.47,181.59,175.63,167.24,159.92,152.44,142.06,132.15,122.68,113.83,104.83,96.896,86.825,78.738,70.956,65.004,57.68,53.865,50.966,48.219,42.421,38.301,30.061,23.041,17.243,10.376,-0,-11.75,-22.279,-33.113,-40.895,-44.557,-48.219,-52.034,-56.001,-58.901,-63.936,-70.193,-77.364,-78.89,-78.738,-74.618,-73.397,-73.702,-78.433,-81.332,-87.588,-91.403,-96.591,-100.25,-106.05,-111.7,-118.41,-125.74,-133.21,-136.57,-142.67,-148.01,-157.78,-165.56,-172.12,-179.3,-185.86,-192.57,-198.22,-202.19,-206.46,-210.88,-217.29,-221.56,-225.68,-230.41,-238.5,-245.67,-253.61,-262.61,-273.6,-286.11,-300,-312.36,-326.4,-338.6,-350.51,-359.81,-370.95,-382.24,-391.86,-402.23,-413.22,-422.22,-430.77,-439.47,-450,-457.93,-466.93,-474.87,-485.85,-493.18,-498.06,-502.64,-508.59,-512.25,-517.59,-524.92,-526.29,-522.78,-518.66,-509.96,-502.03,-495.32,-491.2,-483.11,-468.61,-448.62,-430.01,-416.88,-410.93,-406.2,-402.39,-396.28,-389.26,-379.35,-368.51,-357.22,-347.3,-336.92,-324.26,-312.97,-301.22,-287.33,-273.6,-258.49,-245.67,-234.84,-225.68,-218.51,-216.99,-221.56,-223.09,-215.46,-195.78,-165.87,-135.81,-109.41,-91.403,-84.231,-88.504,-105.44,-127.41,-140.23,-142.37,-136.11,-126.8,-119.63,-123.45,-137.03,-158.39,-180.67,-199.44,-211.04,-214.7,-212.71,-209.66,-208.44,-209.97,-214.55,-221.72,-227.97,-233.31,-240.18,-248.73,-258.03,-266.73,-271.61,-275.89,-276.35,-276.8,-276.8,-278.63,-280.77,-281.99,-283.36,-283.36,-282.3,-283.67,-285.35,-288.86,-291.15,-295.88,-299.54,-303.2,-307.47,-310.53,-312.66,-314.65,-314.65,-315.87,-314.49,-314.19,-312.81,-312.36,-312.2,-312.97,-313.58,-314.8,-315.71,-314.95,-312.66,-308.54,-301.37,-297.71,-294.66,-290.99,-286.57,-282.3,-279.4,-274.97,-271.92,-267.95,-263.07,-259.71,-253.76,-246.13,-235.45,-224.77,-214.7,-203.56,-193.33,-185.09,-176.85,-169.53,-162.66,-158.85,-156.87,-158.85,-160.22,-158.24,-155.49,-151.83,-148.47,-144.2,-140.23,-138.4,-136.57,-134.43,-132.15,-129.25,-125.74,-120.09,-115.97,-114.14,-111.39,-108.95,-105.75,-103.76,-99.948,-97.812,-94.302,-91.098,-89.724,-87.741,-85.147,-81.942,-77.212,-74.923,-70.498,-65.767,-59.206,-52.492,-45.015,-37.385,-31.129,-26.704,-22.126,-16.785,-9.9185,-1.9837,6.1037,13.123,20.6,26.704,33.418,40.284,47.914,56.154,63.478,71.261,80.264,87.436,93.692,98.88,104.07,107.58,111.55,116.12,121.92,128.18,133.82,138.1,142.22,147.56,152.9,156.87,161.29,165.72,172.43,176.85,181.59,186.47,191.5,197.91,203.71,208.9,213.17,217.29,222.02,226.45,231.64,233.77,236.06,235.45,235.6,235.3,235.76,235.3,236.52,239.11,241.25,241.86,241.55,241.55,242.93,241.25,239.72,239.42,238.2,236.52,234.38,232.4,231.48,230.72,229.96,228.74,229.04,228.28,228.74,227.97,228.89,229.35,233.01,236.37,237.43,239.42,241.25,240.94,240.18,237.59,234.84,231.64,228.43,224.62,223.4,223.4,223.7,223.7,225.07,226.91,228.43,228.43,229.5,229.5,231.94,233.47,235.91,237.74,241.71,244,246.28,249.34,251.01,252.39,252.85,252.39,253.15,253.15,254.68,255.13,257.58,260.17,260.93,260.63,260.63,263.22,267.8,270.7,275.12,278.48,282.6,284.74,285.96,284.74,284.74,283.97,282.45,282.6,284.89,285.96,287.18,286.57,287.94,287.94,290.54,290.69,291.76,293.28,295.42,298.17,300.15,301.83,304.27,306.1,309.61,312.05,314.19,314.65,318,323.04,327.31,332.04,336.01,339.82,345.16,347.61,350.51,352.34,354.93,356.3,359.81,363.02,364.39,365.31,367.6,367.9,368.36,368.97,373.55,377.36,381.48,383.31,384.84,382.85,379.35,373.39,366.22,358.59,352.18,344.71,339.82,334.03,329.29,322.43,317.39,313.43,310.68,308.69,307.93,304.88,304.12,302.13,300.61,299.08,298.78,296.03,293.13,288.09,282.75,276.35,269.17,263.99,260.63,258.19,254.83,248.42,243.23,234.69,229.8,226.14,225.53,221.56,216.38,209.66,205.39,199.9,196.69,192.11,189.52,184.48,179.45,171.06,164.34,156.41,151.07,146.18,140.69,134.59,129.25,123.29,118.11,111.85,107.12,101.17,96.896,90.335,85.452,78.89,73.397,68.209,62.716,56.001,49.593,43.489,36.164,28.84,23.957,18.616,16.175,11.75,7.3244,3.9674,1.3733,-0.45778,-2.2889,-5.3407,-9.1556,-13.886,-16.938,-20.753,-25.025,-29.603,-33.418,-38.911,-41.353,-41.81,-42.573,-43.031,-43.031,-44.252,-45.32,-47.456,-48.83,-51.881,-53.407,-54.17,-53.102,-52.187,-51.729,-52.187,-53.255,-53.56,-52.644,-52.644,-51.881,-51.729,-52.034,-53.407,-52.95,-51.881,-49.593,-47.761,-47.761,-48.067,-50.05,-51.881,-50.356,-48.067,-43.031,-40.895,-38.453,-37.233,-37.233,-39.369,-42.573,-46.388,-49.287,-51.576,-50.966,-51.576,-51.424,-52.644,-52.492,-54.323,-56.612,-60.579,-66.073,-72.634,-76.907,-77.059,-74.313,-72.939,-69.124,-64.699,-58.596,-54.17,-48.372,-40.742,-29.756,-18.464,-11.444,-8.3926,-2.7467,8.6978,25.483,38.606,48.372,51.271,50.203,45.778,35.401,19.837,0.15259,-22.431,-46.693,-73.55,-97.659,-122.07,-140.39,-151.68,-154.73,-155.49,-159,-166.33,-172.12,-175.94,-177.92,-177.47,-171.51,-164.04,-153.05,-142.37,-133.37,-124.67,-117.5,-111.55,-103.92,-93.844,-82.247,-70.803,-58.901,-49.593,-45.32,-44.404,-42.268,-42.573,-45.778,-48.524,-51.729,-54.323,-56.612,-58.596,-59.206,-60.732,-61.953,-66.073,-71.718,-78.127,-86.52,-93.387,-98.117,-101.32,-101.93,-105.14,-108.65,-113.22,-118.56,-124.67,-129.4,-132.15,-135.81,-138.86,-140.84,-144.05,-146.18,-149.54,-152.44,-155.95,-156.56,-158.7,-157.48,-152.13,-149.24,-147.25,-146.79,-148.01,-149.85,-153.66,-155.34,-155.95,-152.29,-147.4,-139.93,-132.45,-126.19,-121.16,-116.58,-113.99,-115.67,-121.01,-124.97,-128.18,-129.4,-128.33,-123.14,-116.43,-110.48,-106.05,-103.15,-102.39,-99.948,-96.133,-89.572,-84.536,-79.653,-75.991,-73.397,-73.092,-71.871,-69.735,-66.683,-64.852,-62.868,-60.884,-55.086,-51.881,-47.609,-44.71,-41.047,-39.369,-35.401,-29.756,-23.499,-17.243,-10.376,-7.0193,-1.3733,1.5259,5.0356,4.883,5.6459,4.4252,2.8993,0.76296,-1.0681,-2.8993,-3.8148,-5.0356,-5.7985,-9.4607,-12.36,-17.243,-20.905,-23.499,-25.178,-26.093,-25.941,-25.941,-25.025,-25.483,-23.957,-22.584,-18.616,-14.801,-7.7822,-0.30519,5.1881,9.3081,14.954,21.058,27.619,32.502,39.979,44.862,51.424,57.375,64.394,68.667,75.381,82.4,89.114,95.37,101.32,105.75,111.39,116.73,124.52,131.53,139.93,146.18,154.88,162.05,170.45,176.7,182.96,187.84,193.95,202.49,212.71,223.24,233.77,244,255.29,262.92,271,279.09,288.25,296.03,303.05,310.07,316.32,321.67,328.84,333.41,340.28,345.93,350.35,350.66,351.57,353.25,355.24,357.22,361.03,363.78,365,364.85,366.99,367.44,370.65,371.41,375.07,375.07,376.45,377.67,377.97,376.6,376.9,376.6,377.82,380.11,384.08,385.6,388.35,387.59,387.28,385.45,386.06,385.3,386.52,388.65,390.18,391.09,392.93,393.38,393.23,393.69,395.21,396.59,398.88,399.33,399.79,399.95,401.01,403.45,405.59,406.51,407.57,407.42,408.03,409.1,411.08,411.39,413.83,415.81,418.41,418.1,416.27,413.22,409.86,406.05,401.78,397.35,393.54,388.96,386.52,383.62,381.79,378.43,374.61,368.82,364.39,359.51,355.39,350.81,344.71,338.15,330.82,322.73,316.17,308.85,303.2,297.86,292.83,285.96,280.47,272.99,266.27,258.49,250.1,240.64,231.64,223.55,214.85,205.85,199.29,191.96,186.47,179.91,175.79,169.84,163.73,156.56,149.39,142.83,138.1,133.06,126.96,120.24,116.43,111.39,107.27,101.02,95.981,88.961,82.705,76.144,70.345,63.326,57.985,52.187,46.999,41.658,38.759,34.944,32.35,28.993,27.619,23.194,20.447,18.006,14.954,12.36,9.7659,7.7822,4.2726,1.2207,-1.2207,-4.12,-5.4933,-7.9348,-9.6133,-13.886,-14.954,-17.701,-19.379,-20.753,-21.21,-22.889,-24.72,-27.314,-29.45,-34.028,-37.385,-43.794,-48.067,-53.102,-57.375,-61.037,-65.767,-71.566,-76.144,-81.332,-85.757,-90.487,-93.692,-95.981,-95.981,-97.812,-98.117,-99.796,-99.338,-97.049,-94.15,-93.997,-94.302,-93.997,-94.15,-94.76,-95.523,-98.422,-100.71,-102.24,-99.49,-96.133,-92.471,-90.487,-89.724,-89.572,-89.724,-91.403,-94.455,-99.49,-102.08,-105.59,-105.59,-106.97,-107.88,-108.19,-106.51,-107.73,-108.34,-110.32,-113.99,-117.34,-117.8,-120.09,-120.4,-123.75,-126.96,-130.92,-134.59,-138.1,-139.47,-141.61,-142.22,-143.89,-146.95,-152.75,-155.34,-159.15,-160.37,-161.75,-162.21,-162.97,-163.12,-164.65,-164.49,-164.04,-163.27,-164.04,-161.14,-158.7,-155.64,-155.19,-153.97,-153.97,-154.88,-154.88,-154.42,-155.03,-157.63,-160.99,-162.97,-165.87,-169.23,-173.8,-176.7,-178.38,-180.67,-183.42,-185.09,-187.54,-187.08,-187.69,-187.38,-189.06,-187.69,-187.69,-183.26,-180.06,-175.18,-170.9,-166.33,-163.88,-161.75,-159.15,-155.19,-152.13,-145.73,-140.69,-134.59,-130.16,-126.8,-124.97,-123.14,-122.53,-120.85,-119.48,-117.04,-115.05,-112,-110.02,-107.12,-103.61,-99.643,-95.523,-92.624,-90.182,-86.062,-84.078,-81.484,-80.264,-75.991,-75.533,-73.55,-74.313,-72.176,-71.871,-71.261,-72.329,-71.261,-70.956,-67.446,-67.904,-67.904,-71.566,-74.313,-78.89,-82.247,-85.604,-86.825,-85.452,-86.673,-88.961,-90.03,-91.556,-93.387,-97.354,-100.86,-108.04,-112.92,-118.11,-123.91,-132.3,-136.57,-137.03,-128.33,-117.5,-101.32,-84.536,-60.884,-41.658,-26.551,-18.921,-16.175,-18.769,-19.684,-17.243,-10.681,-4.7304,2.4415,0.15259,-9.7659,-27.009,-42.573,-55.391,-64.852,-72.481,-77.212,-83.926,-93.844,-103.92,-106.36,-106.97,-104.83,-102.85,-97.201,-95.523,-98.575,-106.36,-111.85,-114.29,-112.92,-110.63,-106.2,-102.08,-96.438,-96.133,-100.56,-111.39,-119.17,-119.17,-108.95,-93.997,-79.043,-68.514,-65.767,-72.024,-81.179,-93.081,-97.507,-95.218,-91.861,-92.471,-92.013,-98.727,-111.09,-125.74,-139.62,-148.01,-151.22,-150.76,-151.68,-156.25,-164.8,-177.01,-190.74,-208.75,-227.06,-245.67,-263.83,-278.94,-290.08,-298.32,-307.17,-316.78,-324.56,-332.5,-339.37,-345.01,-351.73,-359.66,-368.05,-378.73,-389.26,-399.95,-412.76,-422.22,-423.6,-421.77,-419.48,-420.39,-421.61,-422.68,-423.75,-425.43,-425.28,-426.19,-430.46,-437.48,-444.65,-453.96,-462.66,-470.75,-476.55,-480.97,-482.96,-482.35,-480.67,-480.82,-483.26,-487.08,-487.84,-485.4,-478.68,-473.04,-466.93,-461.9,-454.12,-447.55,-441.3,-433.52,-424.51,-415.36,-406.35,-399.49,-393.08,-390.18,-386.21,-381.33,-375.53,-366.37,-356.76,-348.06,-337.99,-329.29,-323.04,-319.38,-313.43,-309.46,-303.35,-295.57,-287.79,-281.38,-277.87,-276.65,-272.38,-266.43,-255.59,-246.74,-237.43,-230.72,-227.97,-226.29,-224.77,-222.02,-219.89,-218.51,-216.38,-214.55,-211.65,-209.81,-206.76,-202.34,-200.05,-197.76,-193.03,-186.32,-175.94,-167.09,-159.46,-153.51,-146.18,-138.86,-131.99,-128.33,-125.74,-125.13,-124.06,-122.23,-120.85,-122.38,-123.14,-126.19,-127.11,-128.48,-126.96,-124.97,-124.52,-124.67,-124.52,-125.13,-125.74,-128.33,-131.53,-135.04,-138.4,-143.89,-148.32,-150.15,-151.98,-150.76,-148.32,-143.59,-137.94,-131.53,-122.53,-113.99,-103,-92.624,-81.179,-68.667,-56.612,-45.778,-35.859,-26.551,-13.886,-4.5778,7.1718,16.633,24.262,29.603,36.317,43.794,52.797,59.206,66.073,71.261,77.822,83.468,87.588,90.64,93.234,97.049,102.85,108.8,115.82,120.09,126.35,132.91,142.06,149.24,153.81,155.19,154.27,151.98,148.93,146.03,144.05,142.52,144.96,145.42,145.42,145.73,146.34,143.74,141.45,141.61,143.89,143.44,142.22,138.86,136.57,133.37,133.06,136.88,136.72,132.76,126.04,121.16,118.41,117.19,116.58,114.14,112.16,109.71,108.19,105.14,104.53,104.83,105.14,104.22,101.02,96.591,93.844,90.487,88.046,83.773,78.28,70.498,63.478,52.187,40.284,28.84,15.564,0.76296,-13.886,-27.467,-40.284,-56.154,-70.345,-82.247,-90.945,-101.17,-109.56,-115.36,-121.31,-127.11,-130.16,-129.09,-127.26,-124.52,-118.11,-110.63,-100.1,-89.114,-75.838,-62.716,-46.083,-29.145,-13.581,2.7467,21.973,40.437,60.274,77.364,95.981,112.16,128.03,142.37,158.85,175.18,190.13,200.35,208.9,215,222.79,230.87,240.64,248.42,256.05,260.32,262.92,265.66,267.95,270.55,271.46,266.27,261.39,254.37,249.03,242.47,236.82,229.04,220.65,209.36,199.13,189.52,181.13,171.36,161.14,147.71,135.35,121.92,112.31,100.56,89.267,78.738,68.209,56.917,44.099,30.366,16.938,2.7467,-10.071,-23.499,-39.521,-56.764,-74.16,-90.945,-106.2,-120.7,-136.57,-153.36,-171.36,-190.74,-210.43,-229.04,-246.28,-264.44,-278.63,-293.44,-308.39,-321.82,-334.03,-347,-361.19,-373.55,-385.45,-400.25,-412.76,-422.53,-431.07,-441.3,-449.84,-457.78,-463.73,-468.76,-473.49,-478.84,-485.85,-493.03,-498.98,-505.84,-512.25,-520.19,-525.68,-533.31,-539.41,-545.52,-550.55,-555.44,-560.78,-565.51,-568.41,-570.54,-574.05,-577.87,-579.55,-581.84,-583.06,-586.87,-591.75,-595.42,-598.93,-602.89,-606.4,-609,-611.13,-614.18,-616.78,-620.14,-621.66,-623.8,-623.34,-620.44,-615.41,-608.08,-601.37,-596.03,-591.14,-589.46,-591.6,-597.86,-603.66,-607.93,-605.18,-597.4,-587.02,-574.82,-565.36,-561.54,-563.22,-568.56,-577.72,-588.4,-596.33,-601.06,-601.37,-598.93,-595.87,-592.82,-590.23,-589.46,-591.75,-595.57,-598.77,-602.89,-602.59,-601.98,-598.47,-593.89,-587.63,-583.82,-578.33,-572.22,-567.64,-563.37,-560.01,-556.81,-553.45,-550.25,-546.13,-542.01,-536.52,-530.56,-525.22,-520.8,-515.92,-510.42,-502.49,-492.26,-482.5,-472.73,-461.29,-449.08,-434.89,-421.92,-408.19,-396.59,-383.92,-370.95,-359.36,-347.15,-335.09,-323.19,-310.53,-296.18,-281.53,-268.11,-253.61,-239.42,-226.75,-217.6,-211.04,-204.93,-200.2,-196.23,-189.67,-180.82,-166.33,-154.42,-144.51,-138.86,-133.37,-129.25,-125.13,-119.79,-112.61,-104.37,-94.607,-85.604,-76.754,-69.277,-61.953,-56.154,-48.372,-42.421,-36.622,-32.807,-31.129,-29.603,-27.619,-25.788,-22.584,-19.99,-15.717,-12.818,-9.4607,-8.8504,-10.529,-12.818,-16.48,-20.142,-20.905,-20.295,-20.295,-20.295,-19.532,-20.905,-21.058,-22.736,-23.652,-25.636,-26.551,-26.399,-26.246,-25.636,-23.194,-21.363,-19.074,-16.48,-14.039,-13.123,-10.681,-8.3926,-4.883,-2.5941,0.15259,1.8311,3.357,5.3407,6.1037,5.0356,5.4933,5.0356,6.4089,7.6296,9.1556,10.224,13.276,17.853,21.821,25.636,31.129,35.707,41.658,46.236,52.492,58.443,66.225,72.634,78.738,83.926,87.283,90.335,93.539,97.964,102.08,105.75,111.7,115.51,122.07,127.87,135.04,142.67,149.54,155.49,161.14,168.16,177.16,184.18,190.28,197,205.24,211.95,219.43,225.23,229.96,231.03,232.4,236.06,243.08,251.32,260.48,267.34,273.9,278.48,283.67,285.96,286.26,286.11,287.33,289.32,292.21,296.18,299.39,300.91,303.51,304.12,305.03,305.34,307.02,306.56,306.25,307.47,309.76,314.34,320.29,328.84,335.09,340.28,346.39,350.35,357.22,362.87,368.51,375.38,384.38,391.25,397.81,404.07,409.41,414.44,421.46,428.17,435.19,439.92,443.89,448.62,455.79,460.07,464.03,467.09,469.37,471.82,479.29,490.74,502.33,507.07,509.81,510.12,509.81,507.07,505.08,502.79,502.79,503.25,505.39,504.17,500.81,495.47,495.32,495.77,500.05,500.2,499.44,497.15,496.69,494.86,492.42,489.67,486.62,483.11,482.35,482.04,482.96,484.48,484.33,482.35,479.6,475.94,472.88,468.92,465.41,460.07,454.57,448.16,443.13,440.69,440.84,441.45,442.37,441.6,441.45,440.08,440.53,441.15,440.69,436.87,432.6,427.87,427.72,426.04,426.5,425.73,426.04,425.28,423.9,422.07,420.39,418.1,418.26,418.1,421.16,420.85,420.24,418.87,416.12,412.92,412.31,411.54,412.46,410.63,410.78,409.1,408.64,407.42,404.22,400.25,394.91,388.2,382.85,375.68,370.65,363.93,357.98,352.18,348.83,346.08,343.94,340.28,338.15,334.64,331.58,328.38,325.17,318.46,312.97,306.56,303.05,299.69,298.01,294.05,292.06,290.08,288.4,287.48,287.64,285.81,284.13,280.62,279.24,276.65,276.04,272.99,271.77,268.72,267.19,264.9,262.76,260.02,258.34,254.68,252.24,247.66,244.3,236.98,230.87,225.84,220.19,215,209.66,203.86,197.61,191.2,187.69,181.74,177.01,169.99,166.02,160.53,153.97,146.34,138.55,128.18,119.48,114.14,111.39,106.05,103.15,98.727,96.286,92.929,90.182,85.147,80.721,75.381,70.65,66.836,62.563,60.732,58.138,56.001,55.391,53.102,51.576,48.067,48.219,47.761,48.677,51.118,54.323,55.849,58.596,62.105,66.988,69.582,73.855,76.601,79.653,82.705,89.877,92.471,97.049,99.796,103.31,106.36,110.93,115.51,123.14,130.31,136.42,139.62,144.05,146.95,151.22,152.13,151.83,150.91,151.22,151.07,153.05,153.05,155.49,157.48,160.07,161.29,164.65,164.8,164.04,162.66,160.37,159.15,159.15,160.53,164.19,167.55,172.73,175.79,178.84,180.06,181.28,180.67,181.13,183.11,187.69,192.27,196.23,197.91,197,194.4,191.81,188.15,186.32,183.42,184.03,184.33,184.48,185.09,186.47,186.32,184.94,184.64,188.15,190.28,193.18,192.57,194.1,192.27,192.72,193.03,197.91,202.64,208.29,213.48,218.05,219.89,222.63,222.63,224.16,224.31,227.97,229.5,229.8,227.97,227.06,224.01,220.95,217.6,214.09,209.36,206.46,202.64,202.19,201.73,202.8,198.83,193.79,184.33,176.85,168.16,162.05,156.1,148.63,140.69,135.2,129.09,125.13,119.33,116.58,111.85,108.34,103,98.117,91.556,86.215,82.553,80.874,78.89,76.601,74.313,72.787,65.92,61.037,56.001,55.391,53.255,53.56,52.95,49.287,46.083,42.116,38.759,36.164,33.265,32.35,32.502,36.012,35.401,36.317,36.927,39.216,39.674,39.827,39.521,39.674,39.064,41.2,43.184,48.372,50.508,52.187,51.118,50.661,52.492,57.07,63.326,68.056,70.345,75.228,79.653,84.841,89.419,93.539,95.065,96.438,97.964,98.727,99.033,99.796,98.727,100.1,98.27,97.659,97.354,95.218,92.166,89.267,87.741,86.062,82.095,79.501,77.517,74.923,70.345,66.378,61.037,58.443,56.612,55.238,52.95,50.661,47.914,47.456,44.71,42.726,39.369,37.385,33.113,29.145,23.652,19.684,17.396,18.311,17.853,18.921,18.006,18.769,18.159,18.159,16.633,15.259,13.123,12.055,11.902,10.071,8.0874,7.0193,4.7304,0.76296,-3.8148,-6.4089,-10.224,-12.665,-15.564,-16.633,-18.159,-19.99,-23.499,-26.704,-31.281,-33.265,-35.401,-35.859,-38.301,-37.08,-37.538,-37.233,-40.437,-43.489,-48.982,-53.865,-58.29,-60.579,-63.784,-66.378,-69.124,-70.345,-73.702,-75.533,-77.67,-76.754,-77.517,-77.059,-81.942,-85.757,-85.299,-80.416,-74.77,-68.972,-66.073,-63.936,-64.852,-64.394,-62.716,-57.68,-52.95,-45.778,-38.606,-32.807,-27.924,-21.821,-16.175,-12.36,-11.139,-8.5452,-5.0356,-1.8311,-0,2.1363,2.5941,3.5096,5.1881,5.3407,5.3407,6.8667,9.6133,11.139,11.292,14.649,16.48,18.311,16.022,14.954,14.039,14.344,13.886,14.801,12.97,13.581,15.107,18.616,19.379,22.889,23.347,23.652,21.973,20.6,17.701,12.055,8.5452,9.003,10.376,9.6133,7.0193,7.3244,7.7822,11.75,14.039,16.48,17.243,18.006,19.379,22.279,23.652,24.11,22.584,25.636,28.382,33.57,38.148,41.658,42.726,43.489,46.083,49.44,52.644,57.985,62.868,68.209,72.634,81.637,90.03,97.812,104.22,108.8,110.17,110.93,108.19,107.88,106.81,106.97,103.76,99.49,94.455,89.572,84.689,80.264,74.923,73.397,71.413,69.124,64.547,61.495,55.544,51.424,47.151,43.947,40.895,39.674,37.843,37.538,38.453,41.658,40.895,41.353,41.047,41.81,39.979,35.859,29.603,24.873,21.058,18.159,16.327,15.717,14.954,16.022,14.801,14.649,15.412,17.548,17.701,19.379,20.753,22.126,21.058,21.668,18.616,17.853,17.701,19.074,19.074,21.821,25.636,28.993,29.298,29.603,30.671,32.197,31.892,32.502,32.502,34.486,34.028,35.859,36.164,38.453,37.08,35.554,33.418,33.113,30.519,28.687,26.246,25.483,24.567,22.736,17.853,14.191,9.003,4.5778,1.5259,-3.357,-7.1718,-12.36,-17.243,-18.769,-20.753,-21.668,-22.584,-20.447,-17.853,-14.649,-12.97,-10.071,-7.9348,-6.7141,-4.883,-3.6622,-1.2207,1.6785,5.6459,9.003,9.7659,11.444,13.886,17.243,19.074,22.279,24.11,25.788,26.246,26.551,24.873,22.736,18.769,15.717,11.139,8.3926,5.4933,3.9674,2.1363,1.9837,1.3733,-0.30519,-1.6785,-4.883,-10.071,-15.412,-21.363,-27.009,-34.028,-40.437,-47.914,-54.323,-61.647,-66.225,-70.65,-74.313,-79.958,-84.231,-87.741,-90.64,-94.607,-96.133,-99.49,-100.86,-103.15,-102.69,-102.08,-100.86,-99.185,-97.659,-96.286,-92.624,-88.961,-85.757,-81.332,-75.076,-72.634,-69.582,-68.819,-66.378,-66.53,-64.547,-63.326,-58.596,-53.407,-48.982,-46.846,-43.336,-42.726,-39.674,-36.622,-30.519,-26.551,-20.6,-15.717,-8.3926,-4.4252,-5.4933,-10.224,-17.701,-25.178,-31.129,-38.606,-44.099,-50.508,-51.729,-55.238,-54.476,-49.593,-39.369,-30.976,-21.973,-16.175,-16.327,-19.684,-23.804,-30.213,-36.47,-43.184,-46.541,-48.677,-46.236,-42.116,-35.249,-29.298,-26.856,-26.704,-27.161,-27.009,-25.178,-25.636,-25.483,-27.161,-28.23,-32.96,-37.69,-45.473,-52.339,-61.19,-69.582,-72.634,-71.871,-71.108,-71.413,-75.381,-79.043,-86.215,-89.114,-92.929,-94.607,-95.523,-94.76,-93.234,-88.351,-85.147,-83.01,-83.163,-84.078,-86.673,-85.91,-88.809,-92.318,-96.286,-96.438,-94.455,-90.335,-86.673,-84.384,-83.468,-83.926,-86.215,-84.689,-83.468,-77.364,-72.176,-63.326,-56.612,-50.966,-48.677,-46.541,-44.71,-39.979,-34.181,-28.535,-23.957,-17.701,-12.207,-5.9511,-1.0681,5.0356,11.902,18.464,22.736,25.636,29.756,36.927,41.505,48.524,53.865,58.596,60.579,65.157,69.735,75.228,75.381,73.855,73.397,76.144,79.043,83.468,86.062,87.741,86.978,86.215,85.147,85.757,85.91,86.52,85.299,84.231,81.484,81.637,81.179,82.247,83.316,84.994,85.147,86.52,87.283,87.741,85.452,85.91,87.588,92.929,96.133,98.88,100.56,100.41,99.033,97.812,95.37,94.607,95.676,98.88,99.49,99.033,98.575,95.676,91.098,88.198,86.215,83.621,83.926,84.994,81.637,75.991,65.462,57.07,47.761,42.726,36.927,29.908,23.499,19.532,16.022,12.97,8.0874,2.4415,-5.0356,-10.224,-16.327,-20.142,-25.33,-31.281,-37.385,-40.284,-39.064,-38.148,-37.233,-34.486,-31.587,-26.856,-23.499,-18.769,-14.496,-12.818,-10.224,-3.2044,6.4089,18.311,29.298,38.911,44.404,49.745,49.287,48.83,47.304,49.135,48.982,49.898,47.914,46.693,45.32,44.099,42.421,40.437,38.911,39.064,38.606,39.827,38.453,36.012,30.824,27.009,24.11,20.753,16.938,12.818,6.5615,1.2207,-7.0193,-15.87,-25.483,-32.35,-37.843,-41.353,-43.031,-45.625,-49.898,-53.56,-56.917,-56.307,-55.544,-52.797,-51.118,-48.524,-46.388,-41.81,-38.911,-36.164,-36.622,-34.791,-32.35,-27.467,-22.736,-18.006,-16.938,-15.259,-14.954,-12.36,-11.444,-10.834,-10.834,-9.3081,-7.6296,-6.1037,-6.5615,-8.5452,-10.376,-9.003,-9.6133,-7.9348,-8.3926,-6.2563,-8.3926,-10.376,-16.48,-21.821,-27.772,-31.434,-35.096,-37.69,-42.268,-44.557,-46.236,-46.999,-49.898,-49.745,-51.881,-52.492,-55.238,-55.544,-58.443,-59.664,-61.19,-61.953,-62.41,-62.868,-63.784,-60.427,-58.443,-56.001,-56.612,-56.612,-58.596,-58.596,-58.443,-57.07,-56.307,-55.086,-54.323,-52.797,-52.644,-49.898,-47.914,-44.099,-42.573,-40.132,-39.979,-38.606,-37.996,-37.08,-37.385,-35.554,-33.418,-27.009,-22.126,-19.074,-19.99,-19.684,-20.447,-19.684,-16.327,-13.276,-11.444,-10.376,-11.139,-13.428,-18.616,-22.279,-25.636,-28.535,-31.892,-32.807,-34.944,-37.385,-38.453,-37.843,-37.843,-38.911,-41.2,-43.489,-47.456,-49.745,-56.307,-62.868,-70.04,-77.364,-81.637,-83.773,-86.52,-88.961,-92.013,-94.913,-96.591,-95.37,-94.15,-93.844,-94.607,-95.37,-96.286,-95.218,-95.676,-93.234,-90.945,-88.961,-90.335,-88.046,-87.436,-84.536,-83.316,-81.484,-80.874,-80.264,-80.111,-78.738,-78.738,-76.449,-75.838,-73.244,-72.634,-72.176,-72.939,-71.566,-70.65,-68.819,-66.073,-64.089,-64.241,-61.19,-58.443,-54.17,-51.576,-47.456,-44.71,-40.284,-37.08,-35.249,-34.944,-33.113,-30.519,-27.314,-24.72,-21.516,-19.074,-14.954,-9.4607,-2.7467,3.2044,7.7822,10.681,13.276,16.48,21.363,25.941,33.57,40.59,48.067,56.612,68.667,78.127,88.046,95.37,101.17,106.05,111.24,115.97,119.94,121.16,121.46,120.09,122.23,122.38,124.52,125.43,128.64,131.53,135.2,133.82,131.38,128.03,126.8,124.52,123.75,121.01,119.94,116.73,114.29,110.63,107.27,103.31,97.812,93.844,90.945,86.825,83.01,76.601,70.04,63.936,61.495,58.901,56.764,54.018,49.593,46.388,44.862,43.336,40.284,36.927,33.265,27.161,23.499,20.295,17.243,13.733,12.818,13.428,14.496,15.87,16.785,16.175,16.48,17.701,19.837,19.99,21.058,18.921,19.074,18.311,18.006,17.853,18.921,18.769,18.006,17.701,16.48,14.954,14.801,11.444,7.6296,3.8148,2.2889,0.61037,-0.15259,-2.5941,-4.7304,-6.5615,-6.2563,-4.7304,-2.8993,-3.6622,-5.4933,-9.003,-10.529,-11.597,-9.6133,-6.5615,-2.7467,0.45778,1.9837,0.76296,-1.9837,-4.7304,-5.4933,-5.9511,-3.357,-1.0681,2.8993,4.2726,5.6459,6.2563,6.2563,3.6622,2.5941,1.0681,0.61037,3.2044,8.5452,12.36,18.769,25.025,29.145,29.756,30.061,29.45,29.603,30.061,31.739,31.892,31.739,28.535,25.636,21.668,21.363,18.311,16.48,13.428,10.071,4.7304,2.5941,3.5096,5.0356,6.2563,7.6296,4.883,4.12,2.4415,2.4415,2.5941,3.8148,3.9674,2.2889,1.9837,0.45778,-0.15259,0.45778,2.8993,7.477,12.36,16.938,18.159,19.227,19.684,22.584,26.856,31.434,35.096,38.148,39.674,42.573,44.862,47.914,49.287,52.644,53.102,51.576,49.135,45.625,44.404,44.404,43.641,44.099,46.236,49.135,49.135,49.287,49.287,49.287,48.067,45.473,40.895,35.554,32.655,30.671,29.908,30.061,29.45,28.993,26.704,25.636,25.483,25.025,22.126,20.142,18.769,18.159,19.837,21.973,21.821,22.584,22.431,23.041,20.447,20.447,17.853,16.327,13.123,9.9185,4.7304,-0.15259,-5.3407,-8.6978,-13.581,-16.938,-21.058,-23.804,-25.941,-26.704,-27.924,-28.23,-29.603,-30.213,-31.739,-33.113,-34.028,-33.418,-33.876,-32.044,-31.587,-28.993,-29.145,-29.603,-31.129,-28.993,-28.23,-25.788,-24.262,-21.668,-21.516,-23.499,-27.161,-28.535,-27.314,-25.025,-23.499,-18.616,-15.564,-12.055,-9.4607,-8.6978,-10.224,-12.055,-13.581,-14.954,-17.396,-17.548,-21.21,-23.347,-26.093,-25.483,-25.941,-25.941,-23.499,-18.311,-13.276,-8.0874,-6.2563,-3.0519,-1.9837,0.91556,3.5096,5.1881,3.8148,1.8311,-1.5259,-3.6622,-8.0874,-12.97,-18.616,-20.753,-22.126,-20.6,-20.447,-20.295,-21.058,-21.058,-21.668,-21.821,-21.516,-21.973,-23.652,-27.314,-31.587,-34.791,-37.843,-40.59,-43.031,-44.252,-44.862,-43.641,-42.573,-39.979,-37.385,-36.164,-36.927,-38.301,-41.658,-41.353,-40.437,-38.301,-35.401,-30.519,-24.415,-19.074,-16.48,-12.513,-10.834,-7.6296,-4.883,-2.2889,-3.357,-6.1037,-10.681,-14.496,-16.785,-19.532,-22.431,-21.516,-21.821,-22.279,-24.415,-23.804,-21.973,-20.6,-19.99,-19.074,-18.921,-19.532,-22.584,-23.194,-22.431,-21.668,-24.873,-28.84,-34.028,-36.317,-39.216,-42.879,-46.999,-48.677,-49.898,-51.576,-52.034,-49.135,-47.609,-47.151,-46.999,-42.421,-40.59,-39.674,-39.674,-39.674,-37.843,-31.892,-23.347,-14.039,-7.477,-1.0681,3.5096,10.071,15.87,23.194,30.213,36.927,40.284,43.489,45.778,48.067,48.83,49.44,47.914,49.287,47.609,46.693,45.625,47.456,48.372,49.898,54.476,63.784,72.787,82.553,88.046,95.981,102.69,109.1,111.39,111.24,108.04,103.61,99.338,96.896,91.708,88.046,84.384,82.553,79.653,75.991,70.498,67.293,64.852,64.547,65.004,63.478,63.021,64.394,62.41,61.495,59.206,57.527,52.492,48.677,43.031,37.08,31.129,26.246,18.006,12.97,9.4607,9.1556,9.003,10.987,12.055,15.107,18.616,20.142,20.753,25.025,29.603,37.08,41.505,46.846,51.729,56.612,57.985,58.596,60.121,60.121,57.527,55.544,51.881,51.424,50.508,49.44,46.846,43.336,40.59,37.08,32.655,28.687,25.178,22.431,16.633,12.513,8.24,5.9511,4.2726,5.3407,7.9348,12.36,12.207,12.665,9.4607,6.7141,5.3407,7.1718,11.902,19.379,24.415,28.535,33.113,39.216,43.489,46.083,45.93,46.693,47.456,46.846,43.336,38.759,32.655,28.687,20.753,11.139,0.45778,-7.3244,-15.87,-27.009,-41.2,-53.865,-64.089,-69.43,-76.296,-79.196,-81.027,-77.975,-73.702,-67.446,-62.258,-54.323,-42.268,-28.535,-15.564,-1.9837,9.3081,24.415,37.996,52.492,66.225,77.517,85.757,93.387,101.02,111.55,118.26,126.04,132.76,139.47,143.44,147.25,149.24,149.08,146.34,141.61,133.52,126.04,118.72,111.85,103.46,96.896,90.182,83.163,75.838,68.972,62.868,57.68,55.544,54.781,50.05,46.236,41.353,39.827,40.59,43.336,45.778,49.287,51.576,53.865,52.644,54.781,55.544,56.307,57.833,61.19,67.293,76.754,87.893,96.591,101.63,105.9,106.36,107.27,106.97,107.12,108.19,110.93,112.77,112.61,110.48,108.34,105.29,101.78,95.676,91.556,87.741,83.773,79.806,74.618,67.446,60.274,52.95,47.456,42.116,39.369,36.775,36.927,35.096,34.028,34.791,35.554,36.775,37.08,36.317,37.233,36.775,37.69,36.317,37.69,38.453,39.674,41.047,41.658,40.437,39.064,36.47,34.639,30.366,28.23,25.636,23.804,21.21,18.159,13.886,11.444,7.3244,2.4415,-2.4415,-6.8667,-13.276,-18.311,-25.025,-28.535,-32.502,-32.197,-31.434,-28.84,-27.314,-24.567,-22.126,-18.616,-14.954,-12.055,-11.444,-8.6978,-5.3407,-0,4.4252,10.071,12.055,14.801,14.344,14.191,12.665,12.513,12.665,14.649,15.564,16.785,14.344,10.987,5.4933,3.8148,2.5941,4.12,5.0356,7.7822,9.9185,9.3081,5.4933,1.2207,-2.7467,-6.7141,-11.597,-14.039,-16.938,-17.701,-17.243,-14.954,-11.444,-4.883,1.0681,4.12,5.7985,8.6978,13.276,18.159,24.11,28.382,30.061,34.639,37.385,41.047,41.963,43.336,41.353,40.132,38.911,38.759,37.385,36.622,34.028,32.044,29.298,27.009,22.584,18.464,13.428,9.3081,4.5778,1.8311,-0,-0.76296,-2.1363,-2.8993,-5.6459,-6.5615,-10.376,-12.36,-16.327,-18.006,-20.905,-21.668,-21.973,-21.21,-20.6,-19.227,-19.227,-16.327,-14.344,-11.292,-9.6133,-5.7985,-5.4933,-3.8148,-1.5259,-0.61037,-1.9837,-4.7304,-8.5452,-11.75,-14.649,-15.412,-17.09,-16.175,-17.853,-20.295,-23.041,-24.873,-26.856,-25.788,-27.161,-26.856,-25.025,-21.363,-21.363,-21.21,-21.973,-19.532,-17.396,-11.902,-6.4089,-1.8311,1.0681,3.6622,6.5615,10.834,13.276,16.327,16.022,15.87,15.107,15.412,14.649,13.733,10.224,4.5778,-1.8311,-8.6978,-13.886,-19.837,-29.298,-38.301,-43.641,-46.083,-49.745,-54.018,-57.375,-58.29,-57.833,-56.764,-56.307,-55.544,-54.018,-48.524,-43.947,-39.521,-37.385,-33.876,-30.519,-26.856,-24.262,-22.279,-22.584,-24.567,-26.704,-31.434,-36.164,-40.132,-45.015,-45.93,-46.541,-44.71,-43.184,-40.895,-39.521,-37.996,-34.944,-29.45,-21.973,-16.633,-12.97,-7.0193,-3.2044,-0.30519,0.15259,1.6785,1.0681,0.45778,1.0681,4.4252,8.6978,11.902,12.97,15.107,18.006,22.431,25.33,29.45,30.213,30.519,27.772,21.668,12.055,4.4252,-0,-0.15259,-0.76296,-0,-0.15259,3.357,4.7304,5.6459,5.6459,5.3407,3.357,0.30519,-1.8311,-1.2207,1.8311,8.24,13.886,20.447,21.973,22.889,21.973,20.295,15.717,10.987,5.3407,1.3733,-3.357,-8.24,-15.259,-18.311,-22.584,-23.041,-23.499,-23.652,-24.72,-24.262,-24.873,-25.025,-27.009,-27.314,-29.756,-28.535,-29.298,-29.145,-31.434,-33.265,-34.028,-31.739,-28.84,-24.262,-20.295,-17.243,-19.532,-20.753,-24.415,-26.399,-29.603,-30.671,-29.756,-29.145,-33.265,-39.979,-47.761,-54.17,-61.495,-65.767,-71.413,-74.16,-77.059,-75.076,-75.228,-77.059,-77.975,-76.754,-75.686,-73.092,-73.55,-70.65,-67.293,-62.258,-59.358,-54.323,-49.898,-45.473,-41.81,-36.927,-31.587,-26.704,-22.736,-18.311,-14.496,-10.071,-6.4089,-1.2207,0.91556,1.8311,2.7467,2.7467,0.91556,-2.1363,-8.5452,-14.496,-20.142,-24.567,-30.671,-34.944,-39.979,-44.557,-49.44,-53.102,-55.391,-54.018,-51.118,-46.236,-43.794,-39.064,-35.096,-28.382,-23.957,-21.516,-20.447,-19.227,-18.464,-14.954,-13.428,-11.444,-9.7659,-4.4252,-2.5941,0.30519,1.6785,1.2207,-0.61037,-1.6785,-4.12,-5.6459,-8.24,-10.376,-15.259,-18.159,-21.973,-23.804,-23.957,-25.33,-29.603,-33.876,-39.369,-44.099,-50.813,-55.238,-58.138,-57.375,-57.222,-56.001,-56.307,-55.391,-54.476,-53.713,-52.644,-51.118,-50.813,-49.287,-48.067,-45.167,-43.184,-40.284,-40.132,-39.064,-37.843,-37.233,-39.369,-41.81,-43.947,-44.404,-46.083,-45.778,-44.71,-41.505,-40.132,-37.996,-36.622,-36.012,-34.944,-33.113,-31.129,-29.298,-29.603,-27.619,-24.873,-21.058,-20.753,-16.48,-12.818,-9.1556,-5.7985,-3.2044,-1.8311,-0.30519,0.61037,1.0681,-0.30519,1.5259,1.5259,3.357,2.5941,3.0519,2.5941,4.4252,6.5615,8.8504,9.9185,13.886,18.464,22.431,24.72,27.009,27.467,30.671,31.587,33.265,31.434,29.756,28.23,27.924,27.619,28.382,29.145,30.824,33.265,36.775,38.148,40.895,41.658,42.116,41.2,41.505,39.216,35.401,30.366,27.772,25.941,25.636,23.957,24.72,23.957,25.33,23.347,21.516,18.616,15.259,10.987,8.6978,6.7141,6.1037,5.4933,7.9348,8.8504,12.513,14.344,17.396,18.616,22.736,26.093,29.145,30.213,30.824,30.366,31.587,32.807,37.233,41.505,48.372,53.713,58.443,60.732,62.563,65.31,66.225,64.241,62.563,59.664,59.053,55.391,54.17,53.713,57.375,59.053,61.8,64.547,67.141,67.904,69.43,69.582,67.446,63.021,58.901,53.102,51.729,50.356,52.187,50.508,50.05,49.287,49.593,49.44,52.644,58.443,65.004,69.124,70.956,70.498,72.176,70.498,69.735,68.514,68.514,67.598,67.141,65.92,63.326,59.358,54.781,47.609,40.742,34.181,30.061,23.957,18.921,12.97,9.1556,5.6459,3.357,2.1363,3.0519,3.6622,5.3407,5.4933,7.6296,8.24,10.376,10.529,10.987,9.1556,8.24,7.1718,7.1718,6.2563,4.12,3.0519,4.2726,3.0519,3.0519,0.76296,0.45778,-2.1363,-4.4252,-7.3244,-9.4607,-9.3081,-9.1556,-11.902,-13.581,-15.87,-16.48,-18.006,-18.311,-19.837,-19.837,-20.447,-22.584,-26.093,-26.551,-30.519,-32.96,-34.944,-34.791,-36.164,-36.775,-36.927,-36.317,-35.859,-34.181,-33.418,-32.197,-31.587,-28.84,-28.077,-24.567,-23.499,-21.973,-22.431,-20.295,-16.327,-12.055,-8.5452,-5.0356,-2.8993,-0.15259,-0,2.5941,4.2726,6.7141,7.7822,9.3081,9.9185,10.224,9.1556,7.1718,1.3733,-5.6459,-14.191,-20.753,-29.45,-33.723,-37.233,-39.216,-40.742,-37.385,-34.791,-33.418,-34.944,-35.707,-36.47,-34.181,-31.281,-26.704,-25.178,-21.668,-18.464,-13.733,-9.7659,-4.12,1.9837,7.0193,11.902,19.837,26.551,34.333,38.606,42.268,41.658,40.437,38.911,37.08,33.57,29.298,24.415,19.99,13.428,11.139,9.6133,10.681,11.444,14.496,14.649,13.886,12.513,12.97,13.886,14.954,16.175,19.99,23.194,27.467,28.993,31.587,31.434,33.418,34.333,34.791,35.707,39.064,42.116,43.031,41.353,40.437,38.148,35.707,32.807,31.434,28.23,24.262,19.074,16.327,12.97,8.5452,2.1363,-3.8148,-14.039,-23.041,-33.113,-40.742,-51.118,-59.664,-69.43,-77.822,-85.299,-91.708,-97.354,-99.49,-102.39,-101.47,-102.08,-100.41,-100.1,-100.86,-101.47,-101.63,-102.54,-101.78,-101.17,-98.727,-97.201,-93.844,-93.081,-90.64,-89.419,-88.504,-88.504,-88.046,-89.114,-89.724,-90.945,-90.03,-90.335,-88.961,-91.403,-94.455,-97.659,-100.56,-101.93,-99.796,-95.676,-91.708,-91.861,-90.793,-92.166,-94.455,-96.438,-99.185,-102.85,-104.98,-106.81,-102.85,-99.033,-93.234,-88.198,-81.179,-77.822,-76.296,-74.77,-71.413,-69.735,-68.667,-69.582,-70.345,-72.329,-70.956,-70.193,-69.887,-68.667,-64.699,-61.495,-58.138,-55.086,-48.677,-43.336,-35.859,-30.824,-24.567,-20.905,-16.175,-12.055,-9.3081,-8.24,-5.6459,-2.1363,1.8311,0.30519,-0.30519,-1.2207,-1.0681,-1.6785,-2.4415,-4.4252,-8.6978,-13.886,-18.616,-25.636,-30.519,-37.385,-41.81,-46.388,-51.729,-56.917,-59.358,-61.495,-63.173,-64.852,-62.868,-63.173,-62.868,-63.936,-63.784,-65.004,-65.31,-64.394,-61.953,-60.427,-57.375,-54.628,-50.356,-48.677,-48.677,-49.287,-48.372,-48.219,-46.846,-47.914,-48.524,-50.508,-49.745,-52.187,-55.849,-62.105,-68.361,-72.634,-75.838,-78.738,-83.01,-90.487,-94.15,-98.575,-101.93,-106.36,-108.65,-112.46,-114.44,-115.36,-116.43,-119.63,-121.46,-122.84,-120.24,-117.95,-112.61,-109.87,-106.51,-104.37,-101.63,-97.507,-91.403,-86.215,-80.264,-76.907,-73.55,-71.871,-66.836,-60.732,-53.713,-48.067,-42.879,-39.521,-34.791,-31.129,-25.483,-23.652,-23.804,-24.873,-28.23,-33.113,-37.233,-40.437,-40.895,-43.336,-45.015,-48.524,-50.356,-51.729,-49.898,-48.524,-47.609,-47.456,-44.71,-44.099,-40.895,-37.385,-32.502,-27.772,-21.058,-14.649,-9.1556,-5.1881,-0,4.7304,13.733,19.837,27.467,32.35,36.622,40.59,45.625,48.83,52.797,54.323,54.17,51.881,52.95,54.781,55.544,54.17,53.102,52.492,53.407,52.492,52.034,51.424,53.255,52.797,50.966,48.524,44.71,42.573,45.473,49.44,55.086,57.222,59.816,60.884,61.495,62.716,65.462,65.767,67.141,70.193,76.144,77.975,78.433,77.364,73.092,67.751,60.884,53.713,50.661,45.167,41.047,35.554,33.265,31.434,28.993,26.093,24.415,23.347,23.957,22.736,22.736,21.973,22.279,20.142,16.633,12.36,7.477,3.5096,-0.15259,-6.4089,-11.597,-16.48,-19.227,-22.431,-26.399,-31.739,-38.301,-43.641,-45.93,-51.271,-54.781,-58.596,-59.511,-59.511,-58.748,-58.748,-58.29,-57.68,-54.323,-52.034,-46.541,-44.099,-42.879,-42.421,-41.047,-39.674,-38.911,-39.064,-38.911,-40.895,-41.047,-42.726,-43.794,-45.625,-47.456,-50.203,-53.407,-57.833,-62.716,-70.498,-76.144,-80.111,-80.721,-81.332,-79.043,-77.822,-76.296,-74.923,-72.481,-72.634,-72.634,-75.533,-77.364,-79.196,-77.67,-75.838,-71.108,-66.073,-60.884,-56.154,-48.982,-45.015,-37.996,-31.434,-21.821,-14.191,-8.3926,-4.2726,-0.15259,3.2044,5.3407,5.0356,5.0356,3.357,3.2044,-0.91556,-6.4089,-13.886,-20.753,-28.382,-34.639,-42.116,-48.524,-56.154,-61.19,-66.683,-68.056,-68.972,-65.462,-63.021,-59.969,-59.206,-56.154,-51.729,-45.167,-41.2,-34.486,-30.366,-24.262,-20.753,-18.159,-16.785,-15.412,-12.055,-6.8667,-3.9674,-0.76296,-0.15259,0.91556,-0.30519,0.30519,0.76296,0.45778,0.61037,0.91556,0.45778,1.2207,-0.61037,-2.2889,-5.3407,-8.5452,-13.123,-17.243,-23.347,-28.535,-31.434,-32.197,-35.096,-38.453,-44.557,-48.982,-54.628,-58.138,-62.105,-64.547,-66.988,-67.904,-68.667,-67.293,-69.43,-73.55,-79.043,-81.942,-85.604,-88.198,-90.945,-92.929,-94.455,-95.523,-97.964,-98.117,-98.575,-95.37,-94.913,-92.624,-92.471,-92.471,-93.081,-93.081,-91.861,-88.351,-88.351,-88.504,-89.724,-89.724,-88.504,-87.13,-85.452,-83.01,-82.858,-81.637,-80.874,-76.296,-74.16,-70.65,-69.887,-70.193,-71.718,-72.024,-74.77,-77.975,-82.4,-83.01,-83.468,-81.637,-82.705,-82.705,-83.163,-83.163,-84.384,-85.604,-85.91,-82.4,-79.653,-75.076,-71.871,-66.683,-63.478,-59.816,-56.307,-52.187,-49.593,-45.778,-43.336,-40.59,-39.369,-37.538,-37.233,-36.622,-36.775,-37.233,-39.369,-41.505,-43.641,-44.252,-46.388,-48.067,-50.966,-52.187,-52.034,-51.729,-49.745,-45.32,-42.726,-37.69,-34.181,-30.671,-28.993,-27.619,-28.23,-29.298,-30.213,-29.45,-28.687,-26.093,-27.467,-27.161,-27.772,-29.145,-30.824,-33.723,-35.707,-34.181,-33.113,-31.587,-31.892,-32.96,-33.418,-32.502,-31.739,-31.587,-35.096,-39.979,-46.541,-49.44,-52.339,-52.187,-52.95,-51.271,-48.219,-46.999,-47.609,-46.541,-44.404,-40.742,-39.369,-36.927,-37.538,-34.333,-29.908,-24.567,-18.769,-12.055,-4.4252,3.8148,12.055,22.126,28.077,34.639,39.064,45.778,50.356,54.781,56.459,59.053,60.274,61.342,61.037,59.511,55.391,53.102,48.677,48.067,46.236,44.71,41.505,39.674,38.606,37.233,35.401,32.044,28.535,25.483,20.142,17.243,15.107,14.649,13.276,12.513,12.97,11.597,11.292,13.428,14.496,14.649,12.513,11.75,10.071,9.9185,8.5452,6.2563,4.883,2.7467,0.61037,-0.30519,-0.76296,0.45778,0.91556,-0,-4.4252,-8.5452,-14.496,-17.701,-22.889,-26.246,-30.824,-33.723,-36.927,-36.622,-38.301,-38.301,-39.216,-35.554,-30.824,-24.567,-19.684,-15.107,-9.1556,-3.6622,1.5259,5.7985,7.9348,11.902,16.785,24.11,28.535,32.96,35.554,36.47,35.707,35.401,32.197,31.129,31.129,34.181,32.044,30.213,24.873,22.126,20.905,18.464,16.022,15.87,15.87,15.564,10.987,6.2563,-1.6785,-7.0193,-11.444,-14.496,-20.142,-25.025,-29.603,-28.993,-30.671,-30.519,-31.739,-33.265,-34.639,-35.554,-36.012,-37.996,-40.437,-41.505,-41.2,-38.759,-35.859,-32.044,-29.45,-28.23,-27.161,-28.077,-28.687,-30.824,-32.96,-33.876,-34.333,-33.418,-31.892,-28.23,-23.957,-19.532,-16.327,-13.276,-10.834,-10.224,-10.529,-12.513,-16.633,-17.548,-20.295,-21.058,-23.347,-24.567,-25.788,-27.467,-29.603,-32.197,-36.927,-39.979,-41.047,-37.996,-35.707,-31.129,-28.077,-23.499,-19.684,-16.938,-15.564,-13.428,-8.24,2.5941,13.123,21.973,26.093,30.366,34.639,38.301,41.353,44.252,47.151,49.287,50.356,52.339,53.102,54.476,55.086,55.696,54.018,52.339,49.593,45.167,39.979,35.554,32.502,30.519,26.551,23.499,18.159,13.733,9.003,6.4089,5.6459,6.8667,9.4607,10.529,12.665,16.48,18.921,23.041,25.178,27.314,28.535,32.502,38.606,45.778,53.713,60.884,65.615,70.65,72.481,75.686,78.127,83.926,86.673,91.098,93.692,96.896,99.033,101.93,104.68,108.65,111.85,114.75,115.97,118.41,118.72,118.26,117.95,116.28,113.22,109.87,106.2,105.9,105.14,107.58,108.19,109.87,110.78,114.75,118.87,121.77,123.75,126.65,128.64,133.82,138.86,146.03,153.36,161.44,166.17,170.9,174.26,178.53,182.96,187.69,189.67,191.66,193.79,197.3,199.13,203.41,206,208.59,210.58,213.32,215.61,216.53,215.16,212.71,206.92,202.03,194.25,189.67,182.81,176.09,167.85,158.09,150,145.73,142.06,139.77,137.64,135.96,133.52,133.52,133.37,135.65,133.82,132.3,130.31,128.79,126.04,124.06,121.16,119.33,117.19,118.41,119.94,124.82,128.03,131.69,132.91,131.99,131.84,132.45,134.43,138.1,140.54,143.74,143.59,141.3,134.89,130.77,126.04,124.21,121.46,119.79,117.19,112,103,93.997,86.52,81.942,77.822,77.822,76.296,80.264,88.351,98.422,106.05,110.32,115.67,121.16,125.74,132.6,136.88,141,143.74,151.07,155.8,158.09,163.43,170.6,175.18,177.47,175.94,175.94,174.11,170.6,162.51,154.58,142.37,128.33,113.22,101.63,93.081,82.4,67.141,52.797,37.538,25.483,14.496,10.376,6.1037,4.5778,5.3407,5.9511,5.7985,4.883,1.0681,-1.9837,-6.1037,-8.0874,-9.3081,-6.8667,-2.7467,3.357,6.5615,6.1037,3.5096,0.61037,-3.8148,-7.0193,-8.5452,-8.5452,-10.224,-8.8504,-7.6296,-5.0356,-5.4933,-9.9185,-15.107,-21.821,-31.129,-39.827,-50.661,-59.664,-71.108,-81.179,-92.929,-104.68,-119.02,-131.99,-142.67,-151.98,-161.75,-169.99,-179.3,-186.93,-194.56,-200.05,-207.37,-213.02,-218.82,-223.09,-225.38,-225.38,-224.62,-221.87,-221.41,-219.43,-219.73,-220.8,-223.85,-225.84,-228.74,-230.11,-232.4,-232.7,-234.84,-237.28,-241.86,-244.45,-248.12,-248.57,-248.73,-248.42,-246.44,-242.16,-239.72,-237.74,-236.82,-235.15,-233.16,-229.19,-226.91,-222.17,-215.61,-207.83,-202.34,-197.61,-192.42,-185.55,-180.97,-174.26,-168.61,-161.29,-155.03,-147.1,-140.39,-133.06,-127.26,-121.01,-115.51,-108.34,-102.85,-95.218,-89.267,-80.416,-72.176,-61.037,-49.135,-38.606,-29.298,-20.447,-11.902,-3.5096,4.7304,14.344,23.041,32.502,38.911,45.473,51.118,56.459,61.19,66.073,71.413,75.991,79.653,84.384,86.062,87.436,86.673,86.367,82.858,81.484,80.111,80.111,81.637,83.01,84.994,87.893,90.487,93.997,96.286,99.796,102.54,104.98,107.88,112.46,117.95,123.14,128.79,134.13,135.96,138.55,137.79,138.71,139.77,143.44,146.49,149.39,151.22,152.29,151.98,151.68,150.46,151.22,148.47,145.73,140.39,135.96,132.76,129.09,123.91,119.02,114.9,114.29,112.77,111.7,110.17,110.63,109.71,109.26,110.78,114.14,117.04,121.16,124.06,129.09,132.45,136.72,138.55,141.15,142.22,143.74,144.2,144.51,142.52,140.08,136.72,135.65,133.52,132.76,131.23,130.47,128.33,124.97,121.62,118.41,114.6,114.29,110.78,106.51,101.02,96.133,92.166,88.046,83.926,80.874,78.89,79.348,78.433,80.264,83.01,85.91,88.351,90.182,90.64,88.198,82.858,79.501,72.787,67.598,63.173,59.511,54.933,51.424,49.135,44.252,36.164,30.366,24.415,18.769,10.987,3.6622,-5.3407,-13.428,-21.668,-28.84,-36.317,-44.862,-51.424,-53.407,-55.391,-54.628,-55.696,-54.628,-54.17,-53.865,-50.813,-46.388,-42.879,-39.064,-37.233,-32.35,-28.84,-22.279,-16.938,-11.902,-8.6978,-5.6459,-4.12,-3.8148,-3.9674,-4.2726,-6.1037,-7.7822,-13.276,-19.074,-25.33,-29.603,-34.791,-39.369,-42.879,-44.71,-47.609,-50.508,-55.544,-57.07,-59.664,-60.121,-60.884,-61.8,-64.241,-65.767,-66.988,-67.904,-68.667,-68.361,-68.819,-68.361,-68.514,-66.225,-65.615,-62.258,-61.953,-61.342,-61.8,-61.037,-61.19,-59.358,-59.816,-58.596,-60.427,-59.816,-60.121,-60.274,-61.953,-63.326,-65.31,-69.124,-73.702,-78.433,-86.673,-94.607,-104.98,-114.44,-126.19,-137.18,-148.01,-158.24,-166.94,-174.57,-180.06,-179.6,-179.91,-179.6,-182.04,-181.28,-180.36,-178.38,-174.11,-166.48,-159,-151.68,-145.42,-137.49,-131.53,-123.75,-118.11,-112,-106.51,-101.17,-97.507,-95.523,-93.997,-92.471,-92.624,-94.913,-101.32,-105.44,-109.41,-115.05,-122.23,-130.01,-137.94,-144.51,-152.29,-159.76,-164.65,-166.02,-168.46,-168.92,-170.6,-170.6,-170.29,-168.46,-168.61,-168.16,-163.73,-154.27,-146.64,-135.96,-128.33,-121.31,-116.28,-108.65,-99.796,-91.25,-85.452,-79.958,-74.313,-68.209,-63.173,-59.206,-56.612,-52.797,-51.271,-48.524,-44.862,-40.895,-36.317,-32.044,-28.993,-28.382,-31.739,-33.57,-36.775,-40.59,-46.083,-50.813,-57.985,-67.446,-74.77,-80.874,-87.436,-91.861,-98.117,-104.83,-112,-115.67,-122.23,-125.74,-128.94,-131.38,-133.37,-132.3,-128.48,-122.84,-117.04,-108.49,-104.07,-95.523,-87.283,-77.059,-70.65,-62.258,-53.713,-47.761,-44.557,-41.047,-37.385,-34.944,-34.181,-31.892,-31.281,-30.671,-29.756,-26.704,-23.652,-22.431,-20.753,-19.074,-18.159,-19.684,-21.821,-23.957,-27.619,-29.298,-30.976,-30.671,-30.519,-30.824,-29.45,-27.467,-25.788,-25.788,-26.551,-28.535,-31.892,-33.876,-36.47,-39.674,-43.794,-48.83,-54.018,-55.696,-53.407,-47.609,-42.573,-37.385,-35.707,-35.249,-34.028,-30.824,-27.924,-23.499,-20.753,-19.227,-19.837,-20.6,-23.652,-25.483,-26.704,-26.093,-26.704,-27.924,-31.129,-37.08,-42.573,-46.541,-52.644,-59.053,-68.209,-77.67,-89.419,-97.659,-104.53,-106.81,-112.46,-119.02,-127.57,-135.96,-143.44,-149.85,-153.97,-153.51,-154.27,-155.19,-157.93,-159.76,-160.22,-161.6,-163.27,-163.12,-160.83,-154.73,-150.3,-146.18,-144.35,-141.15,-137.64,-130.62,-121.31,-110.02,-98.88,-87.741,-77.822,-65.157,-54.628,-42.726,-34.639,-25.33,-17.853,-10.834,-8.24,-6.2563,-3.357,0.91556,2.2889,3.2044,2.5941,2.1363,-0.30519,-0.30519,-0.15259,-0.30519,-0.76296,0.30519,2.2889,3.6622,3.6622,3.5096,2.1363,2.2889,2.8993,5.6459,7.477,9.4607,9.9185,9.4607,6.4089,2.8993,-1.6785,-1.6785,-1.5259,-1.8311,-3.357,-4.883,-7.0193,-8.5452,-10.529,-10.987,-11.139,-10.834,-13.733,-17.396,-21.821,-25.178,-28.84,-32.35,-36.927,-42.421,-49.593,-54.476,-59.206,-61.953,-66.073,-68.667,-71.566,-73.855,-76.296,-77.059,-78.433,-79.958,-83.773,-85.91,-90.03,-93.234,-98.727,-103,-108.04,-111.24,-115.67,-118.41,-123.6,-125.74,-128.18,-128.33,-129.7,-130.77,-130.92,-131.69,-133.82,-133.21,-134.74,-135.04,-137.33,-138.25,-140.08,-140.54,-141.76,-141.91,-142.83,-143.28,-144.51,-145.12,-148.17,-150,-153.66,-154.73,-156.41,-157.17,-158.85,-160.83,-162.82,-164.19,-166.17,-166.02,-168,-168.61,-170.9,-171.21,-170.6,-169.84,-170.45,-171.97,-174.41,-175.48,-177.47,-178.84,-183.72,-187.54,-191.35,-196.69,-203.71,-212.41,-222.94,-233.62,-245.22,-255.9,-269.02,-280.31,-291.91,-304.57,-317.24,-326.55,-334.94,-343.03,-350.35,-355.08,-360.73,-364.39,-370.65,-377.06,-382.7,-389.42,-395.37,-398.42,-401.01,-402.69,-402.69,-401.32,-400.25,-398.11,-395.83,-391.71,-387.74,-383.01,-378.58,-371.72,-366.07,-358.9,-352.49,-345.62,-339.67,-332.96,-326.7,-320.29,-313.73,-306.25,-299.08,-289.32,-280.31,-270.09,-261.39,-252.24,-244.3,-236.52,-228.74,-220.34,-214.55,-207.37,-200.81,-193.18,-186.93,-178.38,-171.21,-164.95,-159.46,-152.13,-146.03,-139.62,-135.2,-129.25,-124.52,-118.41,-112.77,-106.81,-101.63,-95.218,-91.098,-85.299,-81.942,-78.585,-76.296,-73.092,-69.582,-66.225,-62.716,-59.206,-58.901,-56.917,-55.238,-53.713,-51.729,-49.44,-48.372,-47.609,-47.304,-46.388,-46.541,-44.557,-42.726,-40.284,-39.521,-38.453,-37.843,-37.385,-37.996,-36.927,-37.69,-37.996,-37.843,-36.775,-35.707,-34.639,-35.401,-34.791,-36.47,-34.639,-33.876,-33.265,-32.807,-32.044,-30.824,-29.908,-28.84,-26.093,-23.499,-19.837,-16.785,-12.818,-10.529,-8.8504,-7.9348,-6.2563,-4.2726,-1.6785,-0,1.8311,2.8993,5.4933,5.9511,8.0874,9.3081,11.139,11.444,12.055,12.513,14.496,16.022,18.159,19.532,22.889,25.33,27.009,29.145,31.892,34.333,37.233,38.911,41.353,41.963,44.557,45.93,49.898,52.492,56.001,58.443,60.884,62.563,64.547,65.767,66.988,65.462,65.92,65.004,66.073,64.394,63.478,61.495,60.274,58.596,57.375,55.238,53.713,52.492,54.018,53.407,53.865,51.576,49.898,47.609,47.304,46.541,46.846,45.32,44.557,43.794,44.252,43.489,43.947,43.184,43.947,45.167,45.015,46.236,47.609,49.287,50.966,51.729,54.323,56.612,60.579,62.716,67.293,71.566,76.449,80.874,85.147,88.351,90.793,92.471,94.76,97.354,101.93,105.59,110.32,114.6,120.09,122.68,125.43,128.48,133.06,136.42,140.39,144.35,147.1,147.86,150.46,149.85,152.44,153.81,157.48,160.68,164.19,166.17,169.99,173.8,178.53,181.13,184.79,185.4,188.6,190.89,194.56,197.76,200.05,201.73,203.56,203.56,207.22,208.59,212.71,214.39,218.36,221.26,224.16,226.6,228.89,231.79,235.91,240.18,245.67,249.03,254.68,257.27,260.63,265.51,271.16,278.33,283.52,285.2,286.57,285.04,286.57,287.18,290.84,292.83,292.06,287.48,283.52,280.16,279.55,279.24,280.01,276.19,272.53,266.27,262.31,258.34,255.29,251.63,245.22,236.37,226.91,218.05,211.95,205.85,201.73,196.23,190.44,184.03,177.47,168.46,160.22,150.15,142.83,135.35,129.09,119.94,111.85,105.75,101.32,97.201,95.981,96.133,96.744,95.676,95.676,97.659,100.41,107.88,114.29,116.89,120.55,124.67,132.45,140.08,147.1,151.68,154.27,156.25,162.36,170.75,182.5,190.28,196.54,202.34,208.14,214.85,224.62,238.35,254.68,269.94,285.5,299.39,316.02,328.07,340.89,353.71,365.46,376.9,383.01,384.99,387.28,388.5,387.74,385.3,382.85,372.94,362.87,355.85,347.45,330.82,310.98,292.06,277.41,261.39,247.05,231.03,215.16,202.34,192.42,180.97,165.87,149.54,133.67,114.6,94.607,72.329,56.307,39.674,25.025,7.9348,-8.8504,-25.33,-38.453,-48.219,-55.238,-66.53,-76.754,-89.267,-98.88,-110.17,-117.65,-127.41,-137.33,-147.71,-156.1,-163.12,-170.14,-175.63,-180.06,-188.91,-195.01,-200.2,-203.71,-209.66,-216.68,-224.46,-234.69,-244.45,-250.4,-254.52,-255.13,-258.64,-259.41,-261.24,-262,-261.7,-258.34,-253.3,-249.34,-247.05,-244.91,-242.93,-241.71,-244,-245.98,-247.35,-246.74,-244.91,-243.69,-243.39,-243.54,-244,-243.84,-245.37,-244.91,-247.51,-247.96,-246.28,-243.23,-240.94,-241.4,-245.22,-249.79,-254.07,-257.58,-262.61,-265.82,-270.7,-274.67,-276.19,-277.57,-281.69,-286.11,-288.09,-287.48,-287.48,-284.13,-280.01,-274.21,-272.38,-269.17,-265.97,-264.14,-264.9,-264.14,-261.24,-257.27,-255.44,-253.46,-254.98,-257.73,-262.15,-266.27,-269.33,-271.77,-273.9,-274.36,-274.06,-271.77,-272.38,-276.35,-285.35,-293.74,-298.62,-300.45,-304.27,-308.85,-313.73,-314.8,-315.56,-315.56,-314.8,-312.36,-307.63,-302.9,-298.47,-295.42,-295.11,-293.89,-292.52,-288.55,-286.57,-283.06,-278.48,-273.29,-267.8,-260.48,-250.1,-237.89,-228.13,-216.99,-206.15,-195.01,-187.84,-182.5,-177.92,-172.89,-168.16,-161.29,-155.34,-146.03,-139.47,-131.23,-125.28,-117.19,-110.32,-106.51,-104.07,-101.02,-98.88,-95.37,-93.234,-88.809,-85.91,-81.027,-75.381,-69.735,-64.394,-57.527,-51.576,-44.252,-39.064,-30.519,-21.973,-13.581,-6.5615,3.0519,9.1556,12.513,14.801,18.159,21.058,24.873,25.788,28.077,28.993,32.655,35.096,39.827,43.031,46.999,49.287,55.544,59.511,62.563,60.884,60.274,59.511,58.748,57.375,58.901,56.459,54.018,52.339,56.154,59.969,65.31,70.65,75.991,81.332,87.283,90.182,91.556,92.471,95.218,96.133,98.575,100.41,101.93,105.44,109.41,113.99,119.17,122.84,125.89,126.5,127.26,128.03,127.87,128.33,130.77,130.31,128.48,124.36,122.07,117.34,113.38,107.12,100.41,95.218,91.556,89.724,89.114,88.656,90.335,90.335,90.64,87.283,84.231,80.264,79.043,77.364,77.212,75.838,76.601,74.465,74.618,74.465,76.601,77.364,79.043,80.874,83.01,82.858,83.773,82.095,83.01,83.163,83.926,81.484,81.027,80.264,82.095,85.757,90.335,92.929,95.981,96.438,99.796,100.1,102.85,104.68,109.71,114.44,120.4,124.82,130.77,135.2,140.23,143.13,147.25,150,154.58,158.54,164.19,169.68,175.63,181.28,187.54,193.95,200.05,205.85,212.87,219.89,227.67,232.25,236.82,239.11,242.62,246.59,251.47,257.42,263.22,268.56,273.6,276.96,281.99,283.52,288.86,292.52,297.71,298.01,299.84,303.66,307.02,307.63,308.39,310.37,312.2,314.8,318.46,320.75,325.17,328.38,330.52,329.29,330.06,329.75,329.14,328.53,330.82,331.13,331.28,334.03,339.52,340.28,340.74,339.98,339.98,339.06,341.2,344.4,347.61,349.28,352.18,355.85,359.05,361.03,364.54,366.22,367.75,368.36,371.87,374.46,375.68,375.99,376.9,378.12,378.89,377.97,377.21,376.9,377.82,376.9,377.21,375.84,375.38,374.46,372.94,369.12,364.85,358.59,351.73,344.86,338.3,332.8,329.91,328.23,327.77,323.95,318,308.54,300.61,290.84,281.23,273.14,266.58,260.32,254.98,248.57,242.62,235.45,231.03,225.07,222.63,219.43,215.16,211.04,207.83,204.02,198.37,193.33,189.67,184.48,177.62,169.23,162.36,153.05,146.49,137.49,128.03,114.6,100.71,86.825,73.397,60.274,49.135,39.064,30.061,21.821,16.022,8.5452,4.5778,-0.15259,-3.9674,-9.003,-10.987,-10.834,-9.3081,-9.6133,-8.8504,-5.7985,-1.0681,3.2044,7.477,8.6978,9.003,8.6978,9.7659,9.6133,10.529,12.513,12.97,11.292,9.6133,9.6133,14.649,16.327,17.701,19.99,22.126,23.804,29.298,38.606,47.914,56.307,66.53,77.364,86.215,93.387,101.63,109.41,115.97,124.06,135.04,144.2,149.85,152.29,154.42,155.8,155.64,155.03,151.68,146.34,140.84,134.28,127.41,121.62,118.11,111.09,103.31,94.15,83.316,71.871,59.816,46.846,35.859,21.821,6.1037,-10.529,-20.905,-30.213,-37.08,-46.083,-55.238,-64.394,-72.329,-80.569,-85.147,-88.504,-88.656,-90.793,-93.387,-99.185,-102.85,-105.44,-108.04,-110.17,-111.24,-112.77,-115.51,-120.7,-124.06,-129.25,-132.3,-138.4,-142.22,-146.95,-147.56,-150,-152.59,-157.32,-161.9,-167.85,-173.04,-178.84,-180.97,-184.18,-185.86,-186.32,-185.25,-188.15,-191.35,-195.47,-198.22,-199.44,-200.05,-200.96,-202.19,-204.93,-205.85,-206.61,-203.25,-200.2,-194.71,-191.81,-188.91,-184.79,-182.04,-180.97,-178.99,-176.55,-173.04,-169.38,-163.58,-160.99,-158.09,-158.09,-156.56,-156.56,-156.56,-156.1,-153.36,-151.37,-148.32,-147.56,-144.51,-139.32,-133.06,-130.16,-125.58,-123.29,-118.41,-116.58,-113.22,-107.58,-100.25,-95.218,-90.182,-86.52,-80.569,-77.212,-72.329,-69.277,-63.784,-59.816,-53.407,-48.524,-44.862,-43.641,-41.658,-39.369,-38.911,-39.369,-37.233,-37.233,-35.401,-34.028,-33.113,-33.418,-34.486,-36.012,-37.996,-37.996,-36.927,-36.927,-35.401,-34.791,-30.061,-26.856,-21.821,-18.921,-16.938,-16.022,-16.327,-16.938,-14.496,-14.039,-14.954,-18.464,-20.6,-23.652,-23.194,-20.905,-18.159,-18.311,-19.074,-19.379,-19.227,-20.142,-18.311,-12.513,-4.883,-0.30519,4.12,7.3244,12.513,18.464,24.567,29.603,32.655,34.333,34.639,33.265,32.96,31.129,29.145,25.33,22.736,20.905,18.921,17.243,18.006,18.921,21.21,24.72,30.671,36.164,46.083,53.865,60.274,65.615,71.718,78.738,87.893,95.828,103.15,109.56,115.82,118.41,121.16,121.77,122.38,121.77,120.4,119.02,118.87,117.65,114.75,111.24,108.19,107.73,111.85,115.36,115.82,113.22,110.17,107.12,103.92,100.86,98.422,95.218,92.776,89.724,89.724,88.809,89.267,88.656,91.708,94.302,95.676,97.507,101.02,102.24,105.29,108.04,112.31,113.53,113.07,109.87,108.04,105.44,102.54,98.727,95.981,92.929,90.945,87.283,85.91,82.705,81.332,77.059,72.329,70.193,70.498,70.193,68.056,64.241,61.19,54.781,50.966,48.067,47.151,42.573,36.622,28.84,22.279,17.548,14.649,10.071,6.8667,2.1363,-0,-0.76296,2.2889,3.357,3.0519,-0,-1.8311,-2.1363,0.61037,2.4415,3.2044,3.8148,7.3244,7.3244,6.7141,6.5615,7.6296,7.7822,7.7822,6.7141,5.9511,4.12,2.7467,-1.5259,-4.883,-9.003,-10.681,-13.733,-15.717,-20.905,-24.262,-25.178,-25.483,-24.567,-21.21,-19.532,-19.532,-21.058,-21.363,-23.804,-22.736,-22.736,-19.379,-18.159,-16.633,-15.87,-14.801,-14.801,-13.428,-11.444,-8.3926,-7.1718,-3.8148,-2.2889,4.12,6.2563,6.1037,3.2044,0.45778,-3.6622,-6.2563,-7.6296,-6.7141,-5.7985,-3.6622,-2.8993,0.45778,3.0519,7.1718,7.3244,7.9348,9.6133,9.9185,8.5452,8.8504,7.7822,7.3244,6.5615,7.7822,7.3244,7.6296,7.7822,9.6133,11.902,13.428,13.276,13.428,13.276,12.36,10.224,10.376,8.0874,5.6459,1.9837,3.357,3.6622,4.2726,5.3407,5.7985,6.2563,5.3407,3.6622,3.6622,3.2044,2.2889,-0,-0.15259,-0.76296,-1.5259,-2.2889,-2.4415,-3.6622,-6.4089,-8.5452,-8.5452,-5.4933,-2.5941,-0.61037,1.0681,2.1363,4.2726,7.3244,12.818,15.107,17.853,18.464,18.921,20.6,23.804,26.704,29.145,27.619,26.551,23.499,22.736,21.516,24.11,24.873,26.704,26.246,26.093,27.924,30.519,30.976,32.044,32.807,32.35,29.145,29.145,25.483,24.11,20.753,18.616,16.633,14.039,11.139,9.3081,9.3081,11.75,12.207,13.886,13.581,14.191,13.733,14.496,15.412,19.684,22.584,24.415,23.804,22.126,19.532,18.464,15.87,16.785,19.074,24.873,28.077,30.519,29.45,26.246,23.041,23.499,24.11,27.467,29.908,32.197,31.281,30.519,25.941,23.804,22.584,24.72,25.788,26.551,25.33,23.499,21.973,19.074,16.327,14.344,10.071,6.8667,3.0519,2.7467,3.357,4.2726,4.883,5.9511,6.1037,5.3407,5.4933,3.357,-0.61037,-3.0519,-3.9674,-2.2889,-1.5259,-1.2207,-3.6622,-6.4089,-7.1718,-9.6133,-11.292,-12.055,-12.513,-12.97,-13.581,-12.665,-13.276,-12.055,-13.733,-12.207,-13.733,-13.428,-13.581,-12.36,-11.597,-10.376,-10.834,-9.9185,-9.7659,-7.6296,-8.24,-6.5615,-5.9511,-4.5778,-4.5778,-5.1881,-5.4933,-4.2726,-4.2726,-4.7304,-6.2563,-5.3407,-4.5778,-4.7304,-7.3244,-7.0193,-9.003,-8.5452,-8.0874,-6.4089,-6.5615,-7.1718,-9.6133,-10.834,-9.7659,-6.1037,-3.2044,-0.76296,-0.45778,1.0681,-0.76296,-5.1881,-10.834,-14.496,-18.006,-19.837,-23.347,-28.84,-37.538,-45.32,-50.661,-54.018,-58.596,-63.173,-68.819,-76.296,-84.231,-92.013,-98.575,-105.44,-111.39,-113.83,-113.07,-109.26,-108.04,-105.59,-98.27,-89.724,-83.163,-78.433,-76.601,-73.855,-72.634,-72.634,-72.176,-68.667,-66.53,-63.173,-61.647,-57.833,-54.018,-50.813,-50.05,-46.541,-43.031,-35.401,-29.45,-21.668,-17.243,-12.055,-6.8667,-3.5096,-0.91556,-0.45778,-2.1363,-1.8311,-3.8148,-3.6622,-3.5096,-2.8993,-1.9837,0.45778,0.91556,3.2044,5.4933,8.8504,9.9185,10.987,9.1556,9.4607,7.3244,4.2726,-0.15259,-5.0356,-11.902,-16.633,-18.464,-20.753,-25.636,-28.077,-31.281,-31.739,-31.892,-31.434,-34.181,-37.08,-37.233,-32.807,-26.856,-22.279,-19.074,-14.496,-10.987,-5.6459,-3.6622,-1.2207,0.91556,4.5778,9.9185,17.701,24.72,33.418,41.505,49.44,53.255,55.849,54.628,55.696,53.865,53.56,52.644,49.898,47.151,44.404,40.742,38.759,34.028,30.824,27.314,27.314,28.84,35.096,39.521,40.895,37.69,33.876,28.993,26.246,23.347,23.347,22.584,23.652,22.736,22.279,19.99,21.516,24.11,26.246,25.788,26.856,27.009,26.246,22.279,20.6,19.074,20.753,20.142,18.769,17.09,15.107,13.581,13.123,15.107,18.464,18.464,17.396,12.207,9.1556,4.883,4.5778,4.5778,5.3407,6.5615,9.7659,9.9185,9.6133,9.003,10.834,10.224,9.3081,5.3407,2.7467,1.2207,1.5259,1.9837,0.61037,-2.1363,-6.1037,-9.7659,-11.75,-13.886,-14.496,-16.785,-18.616,-22.736,-26.704,-32.35,-37.08,-41.963,-46.846,-50.356,-53.102,-56.764,-59.969,-63.021,-63.478,-65.615,-66.225,-65.615,-63.631,-61.647,-58.748,-56.764,-55.696,-53.865,-52.492,-51.271,-49.44,-47.456,-44.404,-43.794,-42.421,-42.268,-40.895,-40.132,-39.674,-37.08,-34.333,-32.044,-30.671,-30.213,-27.619,-25.941,-23.194,-22.279,-20.905,-20.905,-19.227,-18.464,-20.142,-23.652,-26.704,-27.467,-28.84,-31.892,-34.028,-36.012,-34.944,-36.317,-35.401,-35.554,-35.859,-35.707,-36.622,-37.996,-39.369,-41.505,-41.047,-41.505,-43.184,-45.015,-43.794,-43.641,-43.489,-42.573,-41.353,-41.963,-41.505,-40.59,-39.674,-41.2,-40.895,-42.268,-41.963,-43.794,-43.641,-44.252,-41.81,-37.843,-35.554,-34.333,-31.587,-32.655,-33.723,-36.012,-36.164,-37.996,-40.284,-39.979,-36.775,-34.639,-31.434,-28.535,-24.262,-22.584,-19.532,-19.074,-16.633,-14.954,-13.276,-14.191,-14.954,-16.327,-18.311,-22.431,-24.415,-26.704,-25.025,-25.788,-25.483,-26.551,-30.366,-36.012,-41.505,-47.456,-49.745,-51.271,-49.898,-49.135,-47.456,-47.914,-48.677,-50.508,-50.813,-50.966,-49.898,-49.898,-47.914,-47.609,-45.015,-41.658,-36.47,-31.281,-25.788,-20.447,-12.665,-6.5615,0.30519,6.8667,16.48,24.262,34.791,45.015,55.544,66.073,75.228,81.332,87.893,93.692,100.56,107.58,115.51,120.7,126.5,130.16,133.82,135.81,136.27,137.03,139.01,141.45,143.28,143.89,144.96,144.66,146.34,145.27,144.35,144.51,144.66,143.74,143.89,143.74,143.74,141.45,139.77,134.59,129.4,123.6,120.55,117.04,114.75,112.92,111.24,110.17,109.87,110.02,113.07,115.21,120.4,124.21,126.65,126.19,125.74,125.28,124.82,121.92,117.8,114.9,113.53,109.56,106.97,103.15,100.86,95.828,92.776,85.147,75.686,65.004,56.764,47.914,38.148,27.314,20.295,12.513,5.3407,-2.8993,-10.834,-20.905,-31.587,-42.726,-48.982,-51.576,-51.576,-50.966,-49.44,-51.424,-53.713,-56.917,-54.476,-52.492,-48.982,-46.846,-41.658,-36.47,-29.603,-23.652,-17.243,-13.581,-9.1556,-6.7141,-2.4415,0.45778,5.3407,8.5452,9.003,8.24,9.1556,10.529,11.597,10.681,10.681,9.9185,10.224,9.003,9.6133,7.7822,7.477,7.6296,6.8667,3.357,1.6785,-1.0681,-3.2044,-6.5615,-10.529,-19.684,-26.246,-30.519,-30.976,-30.061,-29.45,-29.603,-33.57,-41.353,-50.356,-57.68,-61.495,-64.394,-64.241,-65.31,-63.478,-61.19,-59.511,-62.105,-66.53,-71.413,-76.754,-84.994,-93.387,-101.93,-110.63,-117.65,-122.38,-126.65,-127.26,-127.26,-127.72,-126.04,-125.74,-125.89,-126.96,-129.55,-130.47,-131.38,-129.7,-128.79,-126.19,-123.14,-118.72,-112.31,-106.05,-100.41,-93.844,-86.673,-77.67,-70.498,-63.021,-56.612,-47.609,-39.369,-31.434,-21.668,-11.75,-2.5941,7.3244,15.564,24.873,32.197,43.031,53.713,66.225,77.822,91.708,104.68,118.41,132.15,146.34,161.14,176.85,191.2,206.46,221.26,237.59,252.69,268.41,281.23,293.44,305.19,316.02,326.24,335.4,343.94,352.34,359.36,365.31,368.82,372.94,375.84,378.73,381.18,383.01,384.23,385.45,387.89,389.87,390.79,392.16,391.71,391.86,390.48,391.4,390.79,389.57,388.96,388.65,390.79,393.38,395.98,398.11,399.95,404.37,407.42,411.24,411.85,413.37,414.9,414.14,412.31,410.02,407.12,404.52,401.17,401.32,398.42,396.13,391.25,387.59,381.94,375.68,369.88,364.7,358.9,353.4,347.45,340.13,331.74,324.41,316.32,310.53,305.19,302.29,298.62,295.27,292.06,289.16,286.26,283.36,281.69,282.45,282.75,284.59,283.82,281.23,277.26,276.35,275.89,273.6,271,269.48,267.19,263.83,257.27,250.86,242.62,235.6,227.67,220.65,213.17,207.53,201.42,194.86,188.3,183.87,179.45,175.79,170.29,167.24,163.58,162.82,162.51,162.05,162.21,161.9,159.61,157.63,154.12,150.61,147.25,144.51,139.93,137.03,134.28,132.3,130.92,129.09,126.04,123.14,117.65,112.92,106.81,103.15,100.1,96.744,91.556,86.062,81.637,75.838,69.887,63.784,56.001,52.644,48.219,44.557,39.216,34.791,29.908,25.33,20.6,16.175,12.055,7.3244,1.6785,-1.5259,-7.1718,-12.665,-17.701,-19.379,-20.753,-21.821,-24.72,-26.704,-28.535,-31.281,-34.028,-34.639,-36.622,-37.996,-41.353,-43.794,-44.862,-45.625,-45.015,-43.031,-42.726,-43.794,-46.846,-48.677,-52.339,-54.628,-55.086,-52.034,-48.982,-46.541,-47.609,-49.745,-51.881,-54.17,-58.748,-61.647,-66.378,-68.514,-70.345,-71.566,-73.855,-75.533,-78.585,-79.806,-80.721,-80.721,-82.4,-83.01,-85.452,-87.283,-90.03,-92.471,-96.133,-99.033,-102.39,-105.9,-110.93,-119.48,-131.08,-140.69,-150.46,-157.78,-165.41,-170.29,-176.09,-181.28,-187.69,-195.32,-200.96,-206.61,-216.38,-223.85,-230.57,-234.99,-241.86,-247.81,-253.91,-257.58,-262.31,-266.12,-270.7,-273.14,-275.89,-277.57,-282.3,-285.2,-289.77,-293.44,-297.56,-300.45,-303.81,-305.34,-307.78,-311.59,-317.7,-322.73,-328.53,-330.97,-332.04,-332.8,-335.09,-336.47,-338.6,-341.5,-342.42,-342.42,-343.33,-342.72,-345.16,-348.98,-354.01,-356.46,-359.2,-360.73,-361.19,-361.03,-361.64,-361.8,-363.02,-361.03,-361.34,-359.66,-360.12,-359.97,-360.42,-357.52,-354.32,-347.91,-341.35,-333.72,-328.68,-322.12,-317.24,-310.68,-305.64,-300.15,-293.59,-285.65,-278.02,-271.16,-264.29,-256.97,-249.03,-239.88,-231.48,-220.8,-212.1,-201.27,-193.79,-185.09,-177.92,-170.29,-163.27,-154.88,-146.95,-139.01,-134.28,-128.18,-122.99,-116.73,-112.16,-107.73,-102.54,-97.964,-93.844,-89.267,-85.91,-82.705,-82.095,-80.416,-80.721,-80.569,-81.179,-81.332,-80.416,-78.28,-75.991,-72.024,-70.956,-68.361,-66.378,-61.342,-58.138,-56.001,-55.544,-54.323,-52.95,-51.881,-52.339,-52.187,-53.255,-52.797,-52.034,-47.304,-44.404,-42.573,-44.252,-45.015,-45.015,-42.573,-42.268,-41.963,-43.641,-44.71,-46.693,-46.846,-47.456,-48.372,-49.745,-50.966,-55.849,-60.121,-68.361,-75.686,-84.078,-89.724,-96.286,-99.185,-100.86,-103.61,-108.65,-112.31,-117.34,-119.79,-122.23,-121.46,-124.06,-127.72,-132.3,-137.79,-143.44,-146.03,-146.95,-145.88,-146.34,-144.2,-142.06,-138.25,-134.74,-131.38,-128.94,-127.57,-125.74,-125.74,-127.72,-128.33,-129.86,-130.92,-133.06,-131.38,-126.8,-122.53,-120.7,-117.04,-114.29,-110.78,-110.48,-109.1,-110.32,-109.71,-111.39,-111.09,-111.85,-112.61,-113.38,-113.38,-113.83,-112.31,-113.38,-114.29,-115.97,-115.51,-116.28,-117.19,-120.4,-121.62,-124.52,-126.8,-128.79,-128.03,-130.16,-130.16,-130.62,-130.31,-130.77,-131.08,-133.37,-134.43,-136.42,-134.74,-133.52,-131.23,-129.4,-126.8,-123.45,-120.55,-118.87,-114.44,-109.87,-103.15,-98.422,-93.234,-89.572,-87.13,-86.062,-83.926,-82.247,-78.433,-78.738,-76.296,-75.228,-71.566,-69.735,-68.361,-66.988,-62.868,-59.969,-58.901,-59.358,-57.68,-56.459,-54.476,-53.865,-52.187,-48.982,-45.015,-42.268,-40.59,-41.505,-43.336,-46.846,-46.236,-46.693,-45.473,-44.252,-42.421,-42.116,-43.641,-43.641,-42.116,-40.437,-36.775,-34.639,-32.197,-32.655,-32.807,-32.502,-31.129,-28.535,-24.873,-23.041,-23.194,-26.093,-26.399,-26.246,-26.399,-27.924,-27.619,-27.314,-25.025,-20.295,-14.649,-9.4607,-3.6622,0.91556,6.4089,9.4607,13.428,18.006,23.347,27.924,31.892,36.012,40.742,46.999,54.018,57.527,61.495,63.021,63.631,60.121,57.985,55.849,55.086,55.849,56.917,57.07,57.985,58.901,62.41,64.241,65.92,66.988,68.514,68.667,68.819,69.124,68.972,68.819,66.683,63.936,60.579,57.222,55.849,52.95,50.661,47.761,46.388,45.625,47.456,47.914,45.778,42.879,40.437,35.554,31.739,29.908,29.145,27.314,28.84,30.519,33.876,35.859,38.911,39.979,41.2,43.184,44.862,46.541,46.999,46.083,46.693,47.761,50.813,51.271,52.339,50.508,49.593,47.761,46.999,45.93,47.304,49.135,49.745,48.372,46.846,45.167,45.625,45.32,48.677,48.982,49.287,50.203,50.508,50.661,50.661,50.356,50.05,48.677,46.693,43.031,40.132,35.707,32.044,28.382,26.704,26.551,27.009,30.519,36.622,41.81,46.541,50.356,54.323,56.764,59.816,62.258,64.547,61.647,57.07,52.95,49.593,48.524,50.508,51.881,51.576,49.287,46.693,39.979,35.859,32.655,32.044,29.908,30.366,31.739,36.012,37.08,36.164,33.113,30.671,25.025,22.584,19.379,18.616,15.107,12.36,8.0874,4.2726,-0.45778,-4.2726,-6.1037,-5.0356,-6.8667,-5.7985,-7.6296,-6.1037,-3.8148,1.3733,4.7304,7.3244,7.9348,8.8504,9.1556,11.139,10.071,9.7659,8.8504,10.987,13.428,13.733,14.344,15.87,14.191,13.276,10.681,9.003,4.7304,3.6622,2.1363,0.76296,-1.5259,-3.8148,-7.1718,-9.3081,-12.513,-13.123,-12.97,-10.681,-9.4607,-7.0193,-6.2563,-3.5096,-1.0681,1.3733,-0.76296,-3.0519,-5.0356,-6.1037,-8.3926,-9.003,-12.207,-11.597,-11.292,-8.5452,-8.0874,-8.0874,-10.224,-11.902,-13.123,-12.513,-12.207,-8.24,-7.9348,-7.9348,-9.6133,-11.139,-13.276,-14.039,-14.496,-12.97,-10.834,-9.9185,-10.529,-10.834,-13.733,-13.428,-15.259,-13.886,-15.412,-16.785,-18.311,-18.921,-20.295,-18.464,-15.259,-9.7659,-9.3081,-7.9348,-8.8504,-10.681,-14.496,-16.022,-19.074,-20.753,-21.821,-23.347,-27.924,-29.756,-31.434,-31.434,-34.333,-36.317,-42.116,-47.914,-55.086,-60.427,-64.699,-68.514,-73.855,-74.923,-75.533,-74.465,-77.822,-79.653,-79.653,-77.975,-76.449,-73.244,-68.514,-63.784,-59.664,-56.307,-55.391,-53.713,-51.424,-47.609,-45.625,-40.59,-34.944,-29.908,-24.415,-16.022,-9.1556,-3.0519,-1.8311,-0.91556,1.6785,8.8504,13.123,18.921,24.262,28.84,33.723,37.996,36.47,33.57,30.061,28.382,25.636,25.636,26.551,29.145,30.824,33.418,34.486,36.927,38.911,41.2,41.047,42.421,41.963,45.32,46.999,48.067,48.219,49.593,52.187,54.781,55.696,57.833,57.07,59.511,59.358,60.274,60.884,62.716,61.8,61.495,57.527,50.966,45.473,43.947,41.047,39.827,36.164,34.333,33.723,36.164,36.47,38.301,44.404,53.102,60.732,66.988,72.939,78.433,78.585,74.618,70.04,70.498,70.803,68.819,64.852,61.19,56.154,51.118,44.099,38.759,30.519,23.957,15.412,10.987,6.5615,4.4252,2.4415,2.7467,2.5941,2.2889,-0.15259,-1.5259,-5.7985,-8.8504,-13.733,-16.022,-19.227,-21.973,-25.025,-27.619,-30.671,-32.35,-33.113,-30.824,-29.45,-27.009,-27.314,-27.772,-29.145,-25.025,-20.753,-17.853,-13.733,-10.376,-9.4607,-6.7141,-5.6459,-3.9674,-4.12,-4.2726,-2.7467,3.0519,7.0193,10.071,12.207,16.327,19.684,23.041,22.431,22.889,19.837,18.006,14.801,12.207,10.529,9.003,9.003,11.139,11.597,12.665,13.886,17.548,18.616,18.006,16.175,16.785,17.396,16.785,16.785,18.311,16.938,17.243,17.09,19.684,23.499,30.671,37.538,41.353,44.71,50.05,52.492,54.476,54.323,53.713,53.407,52.187,50.508,49.898,47.609,45.167,42.726,45.167,48.067,51.271,52.492,55.238,58.748,60.732,59.816,58.138,55.238,52.644,48.524,46.541,41.505,37.996,34.028,32.197,26.551,22.584,19.684,17.396,15.259,14.496,13.581,13.428,9.1556,6.5615,5.0356,6.1037,2.7467,0.76296,-1.5259,-5.0356,-9.7659,-10.987,-12.513,-12.055,-13.123,-11.597,-10.987,-8.5452,-6.5615,-1.9837,1.0681,5.1881,10.376,13.886,13.276,10.376,4.7304,1.2207,-4.883,-6.4089,-8.8504,-10.071,-13.276,-14.801,-16.785,-18.311,-20.295,-20.6,-22.279,-21.058,-21.973,-20.6,-19.99,-19.532,-20.295,-19.684,-19.684,-17.853,-14.344,-7.477,-2.5941,1.5259,4.7304,8.8504,9.7659,11.902,12.36,13.276,13.581,14.496,11.444,7.9348,4.12,3.8148,5.7985,10.681,13.123,16.327,16.633,17.396,17.243,18.311,20.295,23.499,27.161,32.197,34.486,35.707,34.486,32.35,29.145,29.45,29.45,27.009,22.736,19.074,15.564,12.207,10.224,10.681,8.6978,7.6296,5.6459,7.6296,9.3081,13.276,15.564,15.412,16.022,18.921,19.227,21.363,23.347,27.924,34.028,41.658,47.456,52.187,54.323,56.001,56.764,58.29,60.427,62.41,60.732,59.664,56.917,55.544,49.593,46.541,42.879,39.827,36.317,34.791,32.96,33.265,33.265,33.57,32.96,32.35,27.924,24.11,18.006,15.107,12.665,14.344,16.022,17.09,16.785,17.09,15.107,10.987,6.1037,4.12,0.61037,0.61037,-0.61037,-2.1363,-2.5941,0.61037,2.4415,1.9837,-1.2207,-4.5778,-7.6296,-6.8667,-6.4089,-5.3407,-6.5615,-5.0356,-4.4252,-1.2207,1.0681,1.8311,0.30519,-1.6785,-3.5096,-2.7467,-1.9837,-0.30519,-2.1363,-0,2.4415,3.9674,2.1363,-0.61037,-3.9674,-6.1037,-8.0874,-8.8504,-11.292,-12.36,-13.886,-13.276,-16.785,-18.159,-20.905,-20.447,-21.973,-23.499,-25.33,-26.246,-26.551,-25.33,-25.178,-24.11,-25.941,-27.467,-30.519,-31.739,-33.57,-34.486,-36.622,-37.233,-37.996,-39.521,-44.557,-47.609,-50.508,-50.508,-51.118,-48.83,-45.93,-42.421,-43.031,-43.184,-45.93,-49.593,-52.187,-50.05,-48.372,-42.116,-38.301,-33.57,-31.892,-29.298,-30.366,-30.061,-31.739,-33.113,-34.486,-34.486,-34.791,-32.502,-30.824,-28.077,-27.619,-22.736,-18.159,-12.513,-10.071,-8.5452,-6.8667,-3.357,-0,3.2044,4.2726,7.6296,8.6978,9.4607,8.3926,8.24,9.7659,12.513,13.428,15.87,17.701,18.006,17.09,18.311,18.006,19.074,19.99,23.347,24.72,25.178,24.262,25.178,26.399,27.009,24.415,23.194,21.058,20.295,17.853,15.107,8.24,-0.15259,-11.139,-20.905,-28.382,-33.265,-36.317,-38.606,-40.59,-40.895,-41.963,-39.064,-37.69,-35.707,-37.843,-41.2,-43.794,-46.083,-49.287,-51.118,-55.086,-57.833,-61.037,-63.326,-64.699,-63.631,-61.647,-60.579,-61.342,-62.105,-63.936,-68.056,-71.566,-73.702,-76.907,-79.196,-83.01,-86.52,-88.809,-89.267,-88.351,-86.978,-85.299,-83.926,-82.858,-80.416,-76.754,-71.566,-68.514,-64.547,-58.443,-48.067,-37.538,-30.061,-21.668,-12.665,-7.3244,-2.7467,0.15259,5.4933,8.5452,12.36,16.327,18.616,19.684,20.295,19.532,19.837,20.295,21.668,21.363,22.431,19.532,18.464,15.87,14.649,14.649,16.48,17.243,20.905,25.636,29.145,27.009,24.72,20.753,19.379,15.107,10.224,3.8148,-1.3733,-5.4933,-8.3926,-11.444,-12.818,-13.581,-12.513,-10.376,-6.4089,-4.7304,-3.9674,-2.2889,2.4415,6.7141,12.36,15.259,18.464,20.447,23.347,25.178,27.924,29.756,32.197,34.181,36.47,37.843,44.557,49.898,54.628,55.086,54.933,51.424,46.541,39.979,34.639,29.908,25.941,21.973,19.379,12.97,7.477,-1.0681,-9.6133,-17.243,-21.21,-24.262,-27.161,-31.281,-36.317,-41.047,-43.489,-46.388,-46.693,-46.693,-43.947,-41.2,-37.233,-34.028,-31.434,-28.687,-27.161,-25.33,-21.973,-18.921,-16.175,-14.649,-9.7659,-5.6459,-1.5259,1.5259,3.9674,6.5615,9.3081,10.529,12.665,14.496,16.938,17.701,19.227,17.243,16.327,14.649,13.886,13.276,13.581,12.055,11.139,9.003,9.7659,8.3926,11.139,11.597,12.97,11.292,9.1556,5.3407,2.4415,-1.8311,-5.6459,-9.9185,-13.733,-15.87,-14.801,-16.785,-15.412,-16.327,-15.717,-16.48,-16.175,-18.921,-21.973,-25.025,-24.11,-20.295,-13.276,-9.4607,-5.9511,-3.2044,0.91556,3.5096,6.2563,7.6296,10.071,14.801,23.041,28.993,36.012,41.353,46.083,47.761,48.219,46.693,45.015,44.404,44.252,45.167,49.745,52.034,56.154,59.358,65.31,69.582,72.939,74.465,75.228,75.228,76.296,75.381,76.144,75.533,76.601,77.364,78.738,79.501,79.348,79.501,79.806,80.721,80.264,77.212,75.076,73.092,74.007,74.923,76.601,77.364,77.212,77.059,79.348,82.705,87.436,91.708,97.201,101.02,105.9,108.95,113.68,117.8,121.62,124.21,126.8,128.03,129.86,130.47,132.3,133.82,134.89,134.28,131.84,128.94,127.57,125.28,123.45,119.17,118.56,117.34,116.73,114.9,113.07,112.92,112.16,112.61,114.6,116.58,121.31,123.6,125.58,127.87,128.48,128.79,130.31,132.3,135.2,137.94,141.15,142.22,145.57,149.08,153.05,154.88,158.09,161.44,164.95,166.94,169.23,169.23,170.75,171.06,171.51,171.21,169.99,169.07,167.55,165.41,160.83,155.49,151.07,145.73,141.3,134.43,129.86,125.74,121.16,115.97,111.09,105.44,101.93,97.049,93.844,90.03,87.893,86.367,86.52,86.062,85.604,85.604,85.299,82.095,78.738,72.481,68.667,64.394,60.579,55.849,52.644,50.508,47.914,43.947,38.606,30.366,25.941,23.499,21.516,16.938,16.022,14.496,11.139,6.8667,3.0519,-0.61037,-5.0356,-7.9348,-9.3081,-11.139,-11.902,-11.75,-13.276,-19.684,-27.161,-35.554,-42.573,-48.067,-52.187,-58.596,-62.563,-68.819,-73.55,-79.043,-81.79,-85.757,-82.705,-75.533,-69.735,-64.089,-57.222,-48.83,-37.843,-28.077,-16.022,-5.6459,3.2044,12.055,25.178,43.947,66.378,90.64,119.63,143.44,160.83,169.53,176.85,177.47,178.38,180.82,186.47,187.69,184.64,179.91,177.16,173.04,169.38,160.68,147.4,131.23,118.26,103.46,88.504,72.176,57.527,44.557,32.502,17.548,2.4415,-16.327,-34.944,-55.238,-75.228,-97.201,-114.9,-129.4,-138.86,-145.88,-151.83,-158.24,-163.12,-169.99,-174.72,-181.28,-185.71,-192.11,-197,-200.51,-201.73,-201.42,-200.2,-200.66,-200.51,-202.64,-202.03,-202.19,-200.2,-197.76,-193.33,-190.13,-186.47,-180.82,-175.02,-169.84,-164.04,-161.14,-157.63,-153.81,-150.61,-149.24,-148.17,-147.71,-147.1,-147.86,-148.78,-147.25,-143.74,-139.77,-134.43,-131.69,-127.87,-123.45,-117.8,-113.53,-110.32,-108.8,-107.12,-102.54,-96.286,-90.64,-83.01,-78.738,-72.939,-68.514,-62.563,-60.274,-55.238,-49.745,-43.641,-39.521,-37.843,-36.927,-35.554,-35.401,-32.35,-30.976,-27.619,-26.856,-24.415,-24.72,-22.584,-20.6,-17.243,-14.954,-15.107,-16.022,-16.785,-16.327,-12.818,-9.7659,-5.1881,-0.76296,5.4933,11.597,18.159,26.399,33.265,38.301,43.184,47.914,52.339,53.713,56.764,58.748,62.563,65.31,65.31,63.326,62.258,62.716,64.852,66.225,68.056,68.209,68.972,69.43,71.871,74.77,78.433,82.553,85.299,86.215,86.215,83.468,80.874,77.517,75.533,72.176,69.887,69.887,70.803,70.65,69.735,66.988,64.089,59.969,59.664,60.732,62.258,62.716,60.274,56.154,53.56,50.05,48.982,47.914,47.304,46.236,44.557,42.421,40.437,37.996,34.486,30.366,28.687,27.467,27.314,27.772,29.603,29.145,25.941,23.041,21.668,20.753,20.905,19.379,20.142,19.837,19.379,19.379,18.311,18.006,19.074,21.058,21.668,23.957,28.23,32.35,36.927,40.895,46.388,51.881,55.086,55.696,56.917,59.358,62.258,63.784,64.394,63.326,62.105,57.985,53.255,49.135,44.252,36.47,29.603,23.194,19.379,14.039,9.7659,3.8148,0.15259,-2.5941,-3.9674,-5.4933,-8.24,-11.75,-14.954,-17.243,-18.464,-21.516,-22.431,-23.957,-23.957,-22.736,-21.363,-18.769,-16.633,-14.649,-12.055,-10.376,-6.4089,-4.2726,-3.357,-1.8311,-1.2207,0.91556,3.8148,3.9674,3.9674,1.9837,1.8311,-0.30519,-2.8993,-7.3244,-10.681,-16.785,-24.72,-32.502,-38.301,-45.93,-50.05,-52.95,-54.628,-56.612,-59.664,-63.936,-66.988,-69.124,-70.803,-74.465,-77.975,-80.416,-79.958,-80.569,-81.484,-83.621,-86.215,-89.572,-92.776,-96.286,-94.913,-94.455,-91.098,-89.114,-85.299,-82.553,-79.348,-77.517,-76.449,-76.296,-75.838,-75.991,-72.481,-69.735,-67.446,-66.683,-64.852,-62.105,-59.206,-57.222,-53.102,-49.593,-47.151,-44.71,-40.437,-39.827,-38.606,-38.911,-40.132,-44.862,-48.067,-49.287,-49.44,-48.83,-43.489,-38.606,-33.113,-32.044,-33.113,-37.08,-39.827,-42.573,-45.778,-48.067,-50.813,-55.849,-57.985,-62.716,-66.683,-71.413,-73.855,-76.144,-75.838,-74.923,-71.566,-67.598,-63.326,-58.748,-53.102,-50.508,-47.151,-45.015,-38.606,-36.317,-34.028,-31.739,-25.941,-18.769,-13.886,-11.444,-10.224,-12.97,-16.175,-23.652,-31.892,-41.81,-50.508,-57.985,-62.868,-69.124,-74.923,-80.416,-82.553,-86.215,-87.13,-88.656,-86.673,-85.91,-86.825,-90.335,-92.013,-92.776,-93.539,-95.981,-96.744,-99.948,-101.47,-104.22,-103.15,-101.17,-97.964,-94.913,-91.098,-88.504,-84.231,-82.553,-80.874,-82.095,-82.095,-87.13,-92.013,-97.507,-101.63,-105.59,-107.88,-110.63,-110.63,-110.78,-110.93,-111.39,-109.87,-110.17,-110.63,-112.46,-113.83,-113.83,-112.77,-111.7,-109.26,-107.27,-105.9,-108.04,-106.51,-105.29,-100.25,-94.302,-88.046,-80.721,-75.991,-72.176,-68.667,-68.972,-68.667,-69.582,-69.124,-70.04,-70.04,-72.176,-75.381,-77.822,-78.738,-82.095,-84.384,-87.283,-87.588,-90.182,-92.471,-98.88,-103.46,-111.09,-115.21,-119.17,-121.92,-122.99,-121.31,-121.16,-118.41,-117.95,-114.44,-113.99,-110.93,-108.34,-102.39,-97.049,-89.114,-83.01,-76.144,-70.803,-63.631,-58.443,-54.628,-51.576,-47.914,-47.456,-43.031,-41.353,-39.216,-38.453,-36.622,-36.012,-35.554,-37.233,-37.843,-40.895,-43.489,-48.219,-50.356,-54.476,-55.238,-55.696,-52.492,-49.593,-45.015,-41.963,-39.827,-40.742,-40.895,-43.947,-43.336,-43.947,-43.184,-44.404,-44.099,-46.999,-48.677,-48.83,-47.609,-48.067,-49.593,-53.865,-56.764,-59.816,-61.8,-65.31,-65.004,-65.767,-66.988,-69.887,-71.566,-75.533,-80.264,-84.536,-86.367,-89.267,-90.03,-90.64,-90.03,-88.351,-84.689,-81.637,-78.738,-76.449,-74.465,-70.956,-69.124,-67.598,-65.92,-64.852,-62.41,-60.732,-58.901,-57.222,-56.154,-55.238,-55.238,-55.086,-53.865,-51.271,-46.999,-45.625,-40.895,-34.333,-27.924,-23.957,-23.347,-26.704,-33.418,-37.538,-37.69,-36.012,-30.976,-25.025,-16.022,-8.6978,-3.2044,0.91556,5.9511,8.6978,11.902,11.902,12.818,15.717,19.684,22.279,30.213,39.064,48.982,56.612,63.631,67.446,71.108,75.533,79.043,80.264,81.484,79.806,78.28,77.67,77.822,76.601,76.907,77.059,77.059,76.296,74.16,68.667,63.021,55.238,48.83,41.81,36.47,32.197,27.924,25.33,25.941,25.025,25.483,25.483,26.856,26.551,26.551,23.957,23.652,23.194,23.957,23.957,21.516,18.311,15.87,11.139,7.6296,1.8311,-3.2044,-7.7822,-11.292,-11.444,-8.6978,-8.0874,-7.1718,-8.5452,-7.0193,-9.3081,-8.5452,-7.9348,-4.883,-2.5941,-0.30519,2.1363,4.2726,3.9674,5.4933,6.5615,7.1718,5.1881,5.1881,5.0356,5.0356,4.12,3.9674,3.2044,3.357,3.357,5.1881,6.7141,9.1556,8.8504,9.1556,8.8504,9.7659,11.75,14.039,14.954,16.633,16.022,16.175,14.649,13.886,11.139,9.003,5.4933,3.6622,1.8311,1.0681,-0.45778,1.3733,2.1363,3.5096,2.5941,4.5778,5.6459,6.2563,4.2726,2.4415,1.0681,1.6785,0.91556,2.7467,3.5096,6.1037,7.6296,12.055,17.243,20.295,23.041,23.499,22.584,23.347,22.889,25.483,26.399,30.061,33.113,35.401,35.859,37.08,37.385,39.369,41.2,46.083,48.219,52.492,54.628,58.443,62.105,67.446,69.887,71.871,74.16,75.991,77.059,78.28,78.127,80.569,81.79,83.316,84.078,86.367,88.351,90.793,93.844,95.828,96.286,98.422,98.117,99.643,101.78,106.97,111.55,117.34,122.07,126.19,128.33,129.4,129.4,132.3,135.2,138.1,139.01,141,141.76,142.52,144.51,146.18,149.39,152.44,153.51,155.03,154.73,155.19,152.13,148.63,144.05,140.08,136.88,134.13,131.84,131.23,129.09,128.79,128.33,130.16,132.91,137.49,141.3,142.98,142.37,142.37,141.91,144.35,146.34,148.63,149.08,149.69,148.63,147.25,145.42,144.96,145.73,145.57,144.2,143.59,141.61,141.61,139.01,138.71,137.94,137.94,138.25,138.1,137.03,135.35,133.21,132.45,131.69,132.6,131.38,131.69,131.08,132.6,134.59,137.03,138.55,139.16,139.32,139.16,137.94,137.18,135.04,134.74,132.3,131.23,130.31,129.55,127.72,125.74,125.28,124.36,123.6,122.38,121.16,122.38,122.99,122.68,121.01,121.77,120.24,119.94,118.72,116.12,114.29,113.53,112.46,111.7,108.8,105.44,101.02,97.507,92.471,88.198,84.841,81.637,78.433,75.686,73.55,74.618,75.228,76.449,76.601,78.585,79.043,80.111,80.569,80.874,81.484,83.163,84.689,84.536,82.705,83.316,83.316,82.247,79.806,78.738,77.364,77.975,81.027,83.468,83.926,82.858,81.179,80.264,78.89,77.975,75.533,72.787,68.514,66.073,61.8,58.29,53.865,50.508,47.609,44.252,41.2,39.369,34.791,31.587,27.314,23.804,18.464,13.428,10.529,9.3081,7.6296,6.8667,5.6459,4.5778,2.2889,0.15259,-6.4089,-13.886,-22.736,-29.298,-34.486,-39.369,-44.099,-47.304,-52.034,-54.323,-54.781,-56.764,-61.19,-62.716,-64.394,-64.699,-65.767,-67.446,-70.956,-74.16,-77.364,-80.569,-82.553,-81.179,-83.163,-84.231,-83.773,-79.653,-76.144,-71.871,-70.498,-69.887,-69.887,-66.073,-62.716,-58.443,-55.391,-51.576,-50.966,-49.287,-48.219,-48.524,-50.508,-52.339,-54.476,-54.933,-55.544,-53.255,-52.034,-51.118,-53.865,-57.985,-60.579,-61.19,-62.868,-63.021,-63.173,-60.732,-58.748,-55.849,-56.459,-56.459,-58.443,-63.631,-70.956,-74.007,-72.329,-69.887,-69.735,-67.598,-65.767,-61.8,-60.427,-62.563,-69.887,-77.822,-85.757,-90.64,-97.049,-101.47,-106.2,-109.41,-114.29,-114.6,-116.28,-115.82,-109.1,-97.354,-84.078,-70.498,-61.953,-58.138,-59.969,-61.037,-64.852,-65.462,-68.819,-71.871,-74.77,-75.533,-75.838,-77.517,-82.095,-84.994,-90.335,-93.539,-99.338,-103.61,-109.1,-115.36,-122.53,-127.41,-128.94,-128.03,-127.11,-126.35,-125.13,-122.07,-119.17,-115.36,-113.83,-113.68,-115.05,-116.28,-118.26,-119.63,-122.23,-122.07,-124.67,-127.57,-130.92,-130.47,-130.47,-128.79,-128.79,-126.65,-125.74,-125.28,-129.25,-132.45,-138.1,-141.45,-146.79,-150.15,-151.07,-150.15,-149.69,-149.08,-149.24,-146.34,-146.64,-147.56,-150.15,-150.3,-150.76,-149.54,-147.71,-145.57,-143.74,-140.08,-137.03,-133.21,-131.08,-128.64,-127.11,-123.91,-121.01,-119.48,-121.01,-124.21,-130.47,-133.98,-138.71,-141.15,-145.57,-147.86,-148.93,-148.63,-148.47,-148.78,-147.56,-145.12,-143.74,-142.06,-142.83,-140.84,-140.08,-138.4,-135.65,-133.06,-130.31,-128.03,-125.58,-120.4,-114.29,-107.73,-106.51,-104.98,-105.75,-104.68,-104.22,-102.24,-101.32,-100.1,-99.185,-96.896,-96.744,-95.218,-96.591,-96.896,-98.27,-99.643,-100.86,-100.71,-97.812,-90.03,-84.994,-79.501,-77.212,-75.686,-75.228,-74.16,-71.261,-65.92,-60.121,-51.118,-43.184,-33.723,-24.567,-14.801,-7.7822,-0.61037,7.7822,15.564,23.194,30.671,34.944,39.674,43.641,47.761,50.966,53.713,56.001,56.917,58.29,63.021,68.819,74.77,76.296,76.296,73.55,69.582,64.852,60.732,57.527,57.527,55.238,52.492,51.118,54.018,57.985,62.105,63.021,61.953,57.375,52.034,49.898,51.271,53.56,58.901,60.427,59.816,58.748,57.527,56.459,54.933,54.323,55.696,57.222,61.953,64.547,68.972,71.718,75.076,77.059,78.738,80.111,82.858,83.773,83.926,82.858,82.4,80.874,81.79,81.942,82.095,79.348,77.212,74.007,71.718,67.598,66.073,62.868,61.19,59.053,56.612,54.17,49.898,44.862,41.658,37.996,35.707,34.791,36.317,36.317,38.606,38.759,40.742,43.489,48.219,54.17,60.579,64.852,70.345,74.618,79.348,83.468,88.656,94.913,100.71,103,104.53,102.85,101.47,99.948,98.575,96.744,94.455,92.166,89.724,86.367,84.231,80.874,79.806,77.822,76.449,75.228,75.838,76.754,77.67,79.348,80.416,80.721,82.4,85.147,88.046,90.03,93.234,96.438,100.86,104.07,106.05,108.8,112.61,114.44,115.97,114.29,115.21,117.04,115.82,113.22,109.56,105.44,102.54,98.27,94.302,89.572,86.52,83.316,79.806,74.618,67.141,57.375,49.745,40.284,32.807,22.279,15.259,9.9185,3.6622,-2.1363,-4.4252,-5.7985,-6.8667,-9.6133,-8.24,-8.6978,-9.7659,-10.071,-9.9185,-7.7822,-5.7985,-7.0193,-7.6296,-8.3926,-10.529,-16.327,-21.973,-24.72,-25.33,-24.11,-22.126,-19.227,-16.175,-18.464,-20.753,-23.652,-24.567,-26.856,-28.23,-30.061,-32.044,-34.486,-36.927,-38.759,-37.385,-35.249,-35.401,-39.521,-43.031,-46.388,-49.593,-53.407,-57.07,-59.206,-60.579,-61.342,-59.969,-60.274,-60.732,-62.716,-63.326,-63.784,-61.953,-60.579,-58.138,-54.323,-49.287,-43.794,-35.859,-31.281,-27.619,-23.499,-15.717,-10.529,-2.2889,6.4089,12.665,16.48,19.99,22.889,26.551,28.23,31.892,33.723,36.317,34.333,32.655,31.434,29.145,24.262,19.074,12.513,4.7304,-2.4415,-5.9511,-9.6133,-12.36,-17.548,-21.21,-25.33,-27.619,-28.84,-29.908,-30.976,-31.587,-30.671,-29.145,-29.756,-28.077,-27.314,-25.025,-23.041,-19.532,-14.649,-8.5452,-4.2726,-0.61037,1.9837,6.5615,9.1556,12.055,12.513,14.649,17.853,20.6,24.11,26.856,27.009,24.873,19.99,15.564,9.3081,4.12,-0,-0.45778,-0.91556,-2.8993,-7.1718,-12.36,-17.243,-22.431,-28.23,-28.382,-28.687,-26.551,-26.246,-27.314,-28.993,-28.535,-28.535,-27.009,-25.483,-25.178,-27.009,-25.941,-26.093,-24.262,-23.194,-19.99,-18.921,-17.243,-16.175,-16.022,-15.717,-13.428,-11.902,-10.834,-10.224,-8.0874,-8.5452,-9.3081,-9.7659,-6.7141,-6.1037,-7.0193,-10.224,-14.039,-19.379,-23.804,-26.246,-27.772,-34.639,-40.284,-45.625,-47.456,-51.271,-53.255,-55.238,-58.596,-63.631,-67.904,-68.819,-69.582,-68.667,-65.004,-58.596,-53.255,-51.271,-49.593,-49.135,-47.456,-48.372,-51.576,-56.154,-60.732,-64.241,-69.735,-76.601,-79.043,-81.484,-83.926,-85.452,-83.316,-82.247,-84.536,-88.351,-92.776,-99.338,-107.73,-115.21,-121.62,-128.48,-130.31,-132.15,-132.91,-131.84,-126.19,-122.23,-120.09,-117.95,-114.29,-110.32,-108.04,-107.43,-102.54,-97.659,-91.556,-85.91,-78.585,-74.465,-72.634,-70.803,-68.056,-64.394,-60.732,-59.053,-56.917,-57.222,-54.17,-54.323,-55.391,-58.748,-61.647,-64.394,-64.547,-65.004,-65.615,-68.819,-69.735,-72.176,-69.887,-70.65,-72.481,-74.618,-76.449,-79.653,-84.078,-88.198,-91.098,-96.286,-99.643,-101.93,-101.63,-100.41,-98.88,-97.354,-95.37,-93.692,-92.929,-93.081,-91.403,-92.013,-91.708,-92.318,-90.03,-89.724,-89.114,-89.572,-89.114,-90.03,-91.25,-91.708,-92.318,-94.302,-94.15,-97.049,-99.033,-101.93,-102.85,-103.92,-103.46,-100.56,-97.354,-93.081,-88.656,-86.062,-83.926,-82.247,-80.874,-81.027,-77.517,-73.092,-70.345,-68.514,-68.209,-68.209,-65.767,-63.021,-58.138,-54.628,-49.745,-46.999,-44.862,-41.963,-40.132,-38.759,-37.69,-34.486,-30.824,-26.856,-22.584,-20.447,-18.616,-20.6,-22.431,-23.347,-24.415,-24.72,-22.431,-19.99,-18.769,-18.464,-16.785,-14.954,-12.97,-12.97,-10.987,-9.003,-8.0874,-8.0874,-8.3926,-10.834,-12.818,-13.123,-13.428,-14.954,-15.717,-17.701,-19.074,-21.363,-22.279,-20.295,-16.633,-12.207,-7.1718,-2.1363,4.4252,9.3081,16.785,23.041,30.213,35.859,42.268,46.999,51.271,54.018,56.612,57.375,58.901,58.138,59.664,60.427,63.326,64.394,65.767,66.225,65.004,64.089,65.004,64.699,66.073,65.004,65.92,65.004,65.462,63.784,63.784,63.173,63.173,60.884,59.969,58.596,60.274,61.647,66.683,68.972,72.329,74.465,75.076,74.77,75.076,76.296,77.975,77.212,76.144,72.024,70.803,69.735,71.566,70.956,68.667,66.073,65.615,65.004,65.767,64.241,65.767,66.225,68.056,69.43,71.108,73.55,76.907,80.721,83.926,85.757,85.452,81.79,79.806,77.67,76.449,73.092,69.735,66.53,63.173,58.443,54.476,51.881,52.034,52.492,54.323,54.018,54.933,54.17,54.476,55.544,55.544,54.781,52.95,47.914,43.947,40.742,40.284,36.622,33.723,30.671,29.145,29.298,31.587,32.807,32.655,31.281,31.129,30.213,30.976,30.366,33.57,36.775,37.69,36.927,36.622,36.927,38.301,39.216,42.268,42.116,42.116,38.453,36.927,35.554,33.723,30.366,25.788,18.921,13.886,5.3407,-1.6785,-9.9185,-15.412,-23.804,-32.197,-37.08,-36.775,-37.996,-40.437,-41.963,-42.879,-43.794,-44.862,-45.625,-44.557,-45.93,-46.236,-48.677,-49.593,-51.729,-50.966,-50.966,-48.982,-47.304,-44.862,-42.421,-37.385,-30.519,-22.584,-15.717,-8.24,-3.9674,1.3733,3.9674,5.9511,8.3926,10.529,10.681,10.681,10.681,11.597,11.597,11.75,10.681,11.444,10.376,10.071,7.7822,6.4089,4.883,1.8311,-4.12,-13.276,-23.041,-33.57,-43.489,-50.508,-58.596,-64.699,-70.65,-75.991,-84.078,-90.945,-96.438,-99.643,-101.93,-100.71,-100.1,-96.896,-92.013,-86.52,-82.247,-76.296,-73.397,-71.261,-69.124,-64.699,-59.053,-53.255,-47.761,-44.099,-43.794,-43.184,-42.879,-40.742,-37.996,-35.554,-34.333,-33.418,-33.113,-32.96,-33.418,-32.197,-31.434,-29.145,-27.009,-25.025,-25.636,-24.415,-22.889,-21.821,-20.142,-18.616,-16.785,-15.412,-15.717,-16.633,-19.684,-21.516,-25.178,-28.077,-34.181,-39.827,-44.404,-47.914,-50.05,-53.102,-59.053,-66.073,-75.686,-83.773,-91.556,-96.133,-100.1,-100.86,-104.22,-104.07,-103.76,-103.31,-104.37,-100.86,-98.422,-93.234,-89.419,-83.621,-83.316,-82.858,-81.942,-78.433,-74.923,-71.261,-69.887,-67.751,-64.699,-62.563,-63.631,-64.241,-63.936,-59.969,-57.07,-55.391,-54.323,-54.323,-53.713,-52.034,-50.813,-50.813,-51.729,-49.593,-48.83,-47.609,-47.914,-50.05,-52.034,-56.001,-59.511,-63.478,-70.956,-78.433,-89.114,-95.065,-102.85,-107.88,-109.71,-104.98,-100.41,-96.438,-93.997,-91.403,-89.419,-83.621,-79.501,-72.634,-68.819,-61.037,-55.391,-48.982,-41.658,-34.639,-27.619,-21.21,-16.938,-13.581,-11.902,-6.1037,-1.2207,1.0681,2.2889,4.12,7.1718,12.207,17.853,23.041,26.399,30.824,34.333,40.895,45.167,47.151,45.625,46.236,46.388,47.151,46.693,46.999,47.456,50.661,52.034,53.255,50.356,46.846,43.641,42.573,40.437,39.979,39.674,40.895,40.895,42.268,39.674,34.791,20.905,6.5615,-4.4252,-14.191,-23.957,-31.434,-37.69,-41.963,-46.236,-49.44,-54.018,-56.459,-58.29,-57.527,-56.307,-56.612,-57.07,-57.07,-56.612,-55.391,-55.238,-52.492,-50.508,-46.541,-43.031,-37.843,-33.723,-30.061,-27.772,-26.551,-28.687,-29.603,-33.113,-35.249,-36.622,-37.538,-38.453,-37.538,-35.554,-32.655,-32.35,-29.45,-28.23,-27.161,-25.636,-24.72,-23.957,-21.058,-20.753,-21.058,-23.652,-23.652,-24.567,-22.431,-19.99,-16.327,-14.344,-12.513,-9.9185,-2.4415,-0.45778,0.30519,-2.2889,-5.0356,-6.8667,-6.7141,-8.8504,-11.902,-14.954,-16.938,-19.837,-21.973,-23.347,-23.652,-22.279,-18.921,-15.564,-9.9185,-6.7141,-3.2044,0.45778,3.5096,4.883,5.0356,4.883,3.9674,0.91556,-0.30519,-2.4415,-1.6785,-1.5259,-2.2889,-3.357,-4.12,-4.883,-4.5778,-6.5615,-5.7985,-5.3407,-4.5778,-5.1881,-5.4933,-4.883,-3.9674,-5.4933,-5.0356,-6.4089,-6.7141,-7.6296,-9.1556,-11.444,-13.733,-17.243,-19.99,-22.279,-23.041,-26.551,-27.924,-29.298,-31.434,-33.57,-36.47,-39.369,-36.927,-37.233,-38.148,-41.353,-43.336,-44.71,-44.252,-43.947,-43.031,-41.505,-37.996,-35.859,-33.265,-33.418,-29.756,-27.619,-25.788,-24.262,-21.821,-19.227,-16.022,-16.633,-16.022,-15.259,-12.818,-11.902,-9.6133,-7.1718,-4.7304,-4.883,-5.4933,-6.7141,-5.1881,-3.6622,-0.76296,-0.91556,-1.9837,-4.883,-7.9348,-12.665,-14.191,-13.581,-11.902,-12.665,-12.97,-13.428,-10.376,-9.9185,-6.8667,-3.2044,-0,2.2889,4.4252,6.5615,12.207,15.107,19.532,20.447,24.11,27.161,31.434,35.401,38.453,39.064,40.895,41.2,41.047,38.453,35.249,30.671,25.941,21.058,18.921,15.564,13.581,11.292,11.75,9.1556,7.477,6.2563,6.5615,5.4933,5.9511,7.3244,10.987,13.428,15.87,16.327,17.396,14.954,13.123,11.902,10.071,10.529,11.292,7.1718,2.2889,-2.8993,-2.8993,-1.9837,-0,1.8311,3.357,5.0356,6.4089,5.9511,6.7141,8.3926,12.513,14.191,16.175,14.954,12.36,10.834,11.902,11.75,12.513,11.597,12.97,15.259,18.616,21.363,25.33,30.213,33.57,37.843,41.658,44.404,46.846,46.236,46.236,46.388,46.846,45.015,41.2,34.181,25.941,19.837,16.175,10.681,5.7985,-0.45778,-2.5941,-6.4089,-7.0193,-9.3081,-11.444,-14.191,-14.496,-17.09,-17.853,-21.058,-20.753,-18.311,-14.801,-14.496,-10.224,-6.8667,-3.9674,-2.5941,-1.3733,-1.2207,0.61037,-0,2.4415,3.5096,7.3244,10.376,13.581,13.886,11.597,9.4607,10.987,14.649,21.668,27.009,34.028,36.622,39.216,37.843,36.164,34.486,33.265,31.434,29.145,26.093,26.399,25.941,30.671,28.993,19.684,4.4252,-8.3926,-15.107,-11.444,3.9674,30.366,57.833,78.738,87.588,85.299,70.498,50.966,25.483,4.12,-10.376,-17.243,-18.159,-20.447,-27.009,-38.911,-55.391,-72.787,-95.523,-118.56,-136.42,-143.89,-146.03,-143.89,-138.4,-131.84,-128.48,-124.21,-123.6,-121.31,-121.62,-122.38,-125.13,-124.06,-123.45,-123.29,-125.89,-131.99,-139.32,-144.96,-148.32,-146.79,-143.13,-131.99,-119.79,-104.68,-94.76,-86.52,-85.147,-84.536,-84.078,-80.416,-75.533,-68.056,-61.8,-55.391,-52.339,-50.966,-51.424,-52.339,-53.865,-55.086,-54.933,-53.407,-50.203,-40.59,-30.366,-18.921,-10.376,-5.0356,-2.5941,-0.30519,-1.5259,-1.9837,-1.2207,1.9837,6.2563,16.022,22.431,25.636,24.567,24.11,21.516,18.159,18.159,19.532,21.668,25.178,25.483,24.567,20.295,15.717,9.3081,5.3407,1.8311,-1.3733,-4.2726,-4.883,-5.3407,-6.2563,-9.1556,-10.376,-14.649,-16.785,-18.464,-16.022,-12.36,-10.376,-10.071,-8.8504,-7.9348,-7.3244,-6.8667,-5.7985,-5.0356,-2.8993,-1.3733,-0.61037,-0.61037,-0.15259,0.45778,-0.45778,-0.76296,1.3733,3.0519,6.7141,9.003,12.207,13.276,15.87,19.532,22.736,26.399,30.824,33.265,37.08,41.047,47.761,53.255,59.053,62.716,69.582,75.838,81.179,85.91,90.793,93.387,95.981,96.286,98.575,99.948,104.22,107.88,113.07,117.19,120.24,124.06,129.4,134.89,141.61,145.27,150.76,155.03,160.83,164.19,169.84,175.79,183.26,190.59,197.45,203.41,209.97,213.93,220.19,225.23,230.57,235.15,241.4,247.51,253.3,258.8,264.14,268.72,274.82,279.24,284.89,287.64,289.32,292.67,296.95,299.54,301.37,303.96,308.69,311.59,315.1,316.93,319.68,323.65,328.84,334.33,337.23,337.53,337.69,336.01,334.94,333.72,332.96,332.04,330.82,330.52,329.6,327.31,323.8,318.92,315.56,312.97,312.05,310.37,310.37,311.44,313.58,317.24,320.75,322.89,325.17,324.11,324.11,322.89,323.5,321.82,320.75,319.68,318.92,317.55,317.24,316.48,315.1,311.29,308.85,307.32,307.02,306.25,305.8,305.8,305.49,304.57,303.81,302.29,301.52,300.3,300.61,299.08,299.84,299.69,299.69,299.84,298.78,296.79,294.05,291.15,288.86,285.04,281.38,276.04,271.77,267.8,265.51,262.76,258.8,255.13,251.01,247.51,244,241.71,241.1,237.89,234.84,232.09,229.65,225.68,223.55,222.17,220.19,218.05,216.68,215.16,214.39,212.41,212.1,211.19,210.88,211.04,211.04,212.1,212.1,210.73,208.44,205.39,205.54,203.56,203.71,203.25,203.71,203.71,204.32,203.86,202.95,201.27,200.2,198.98,198.52,197.45,197.76,195.78,194.4,192.27,189.37,185.86,183.26,180.52,178.23,173.65,171.51,167.7,166.02,163.58,162.36,161.29,159.76,156.25,152.13,146.79,143.28,139.16,136.57,132.91,130.47,128.48,128.64,128.64,128.18,125.58,121.77,117.95,114.29,108.8,105.9,101.93,98.88,94.913,88.961,80.264,71.413,63.478,55.696,49.745,45.778,41.658,37.538,30.824,27.161,23.957,22.584,19.074,14.039,9.6133,4.7304,-1.0681,-8.8504,-16.48,-22.736,-29.45,-34.181,-39.521,-43.794,-50.05,-54.781,-61.037,-66.073,-71.871,-76.449,-81.79,-85.604,-88.809,-90.945,-97.049,-101.93,-107.12,-111.7,-117.95,-122.53,-127.11,-131.69,-137.18,-140.69,-142.22,-141,-141.3,-140.08,-140.54,-140.39,-140.84,-138.55,-139.16,-138.25,-135.81,-136.72,-140.08,-142.22,-146.03,-149.24,-153.97,-158.39,-165.26,-171.36,-181.89,-190.59,-200.66,-206.46,-209.81,-213.02,-215.31,-214.85,-214.24,-210.58,-210.27,-212.1,-216.22,-218.97,-227.21,-237.13,-251.93,-262.61,-266.88,-266.27,-261.54,-253.46,-249.49,-245.37,-244.15,-245.67,-250.25,-253.91,-257.58,-257.42,-254.22,-250.86,-251.78,-254.22,-260.78,-268.11,-275.58,-281.99,-290.38,-299.08,-308.69,-317.85,-327.01,-335.09,-346.39,-355.54,-365,-367.6,-366.37,-362.41,-359.97,-360.12,-361.64,-365.76,-371.11,-379.5,-391.09,-397.2,-400.56,-399.95,-400.86,-397.81,-392.62,-383.92,-376.45,-366.07,-355.69,-347.45,-340.59,-327.46,-315.26,-301.83,-293.59,-287.18,-281.69,-278.02,-278.63,-281.08,-282.75,-281.08,-279.85,-278.02,-277.26,-275.43,-273.75,-270.09,-267.19,-262.61,-255.9,-248.12,-241.1,-233.16,-228.43,-226.75,-227.97,-227.82,-228.89,-231.79,-234.38,-236.52,-236.06,-236.21,-237.28,-236.82,-238.81,-241.55,-245.22,-248.12,-249.03,-247.96,-244.3,-240.64,-237.59,-233.47,-229.96,-227.82,-228.13,-227.06,-226.29,-226.6,-227.97,-229.04,-229.19,-228.89,-228.28,-226.75,-228.74,-228.58,-229.5,-230.26,-233.16,-236.82,-242.16,-244.45,-245.37,-244.91,-247.05,-247.05,-247.05,-245.06,-245.52,-245.67,-246.59,-245.98,-247.96,-247.05,-248.88,-249.79,-251.78,-249.64,-248.73,-246.44,-245.52,-245.52,-244.76,-242.16,-241.86,-239.72,-239.57,-236.37,-236.21,-234.99,-235.15,-237.59,-239.88,-241.1,-243.23,-241.55,-242.01,-240.79,-240.79,-238.5,-239.27,-239.72,-241.55,-242.47,-242.93,-242.62,-240.94,-235.6,-233.77,-233.16,-234.53,-233.77,-231.64,-225.99,-221.26,-217.44,-212.87,-204.78,-195.93,-183.87,-172.43,-159.15,-147.1,-131.53,-115.51,-97.049,-79.043,-60.274,-40.742,-20.905,-5.0356,10.071,23.652,39.369,53.255,68.514,80.874,93.692,106.81,120.7,133.67,147.4,157.32,167.09,174.26,180.06,185.09,190.13,194.71,199.9,204.17,209.97,212.1,213.32,215.77,220.19,228.58,238.5,247.96,256.97,260.32,264.6,266.43,267.19,265.05,260.78,256.36,253.61,251.93,253.3,250.56,247.51,241.71,238.35,234.69,232.25,227.67,221.11,213.48,208.14,202.49,199.29,194.25,189.06,180.97,169.68,155.64,142.06,128.79,116.58,103.46,93.081,81.027,70.956,60.884,51.424,40.437,29.603,18.769,9.6133,1.5259,-3.0519,-10.224,-17.09,-24.873,-32.96,-42.116,-49.44,-58.748,-65.767,-75.076,-82.705,-89.267,-95.065,-100.25,-104.07,-106.36,-108.65,-111.7,-113.68,-116.89,-116.73,-119.48,-117.65,-118.56,-120.4,-125.28,-127.57,-129.86,-133.52,-139.77,-143.28,-145.88,-144.2,-144.51,-143.59,-145.57,-146.95,-149.69,-151.68,-153.51,-155.49,-158.54,-160.99,-166.94,-171.51,-175.94,-177.92,-182.5,-186.32,-190.28,-193.64,-198.68,-203.41,-210.12,-215,-220.95,-223.09,-225.84,-227.82,-231.94,-232.86,-233.77,-233.77,-232.86,-231.33,-231.03,-228.58,-224.46,-219.89,-219.43,-217.44,-217.6,-216.53,-216.07,-214.55,-213.32,-210.58,-206.61,-201.88,-197.61,-193.18,-191.96,-189.06,-188.3,-187.08,-186.77,-185.25,-183.87,-181.74,-179.45,-177.31,-177.31,-175.94,-176.85,-175.63,-176.09,-174.41,-173.96,-172.58,-170.14,-165.41,-161.9,-157.93,-155.64,-150.46,-147.1,-141.3,-137.49,-134.74,-131.23,-127.72,-124.97,-121.46,-118.56,-114.6,-111.7,-107.43,-103.15,-97.201,-92.929,-88.046,-84.078,-80.569,-78.433,-76.296,-75.991,-73.244,-73.55,-72.481,-72.329,-68.667,-66.988,-63.936,-61.647,-58.901,-57.68,-55.696,-54.476,-52.644,-51.576,-48.83,-48.067,-46.846,-47.304,-47.304,-48.524,-47.914,-47.914,-46.999,-45.93,-45.015,-44.099,-41.658,-40.895,-38.606,-37.538,-35.096,-34.333,-31.434,-30.671,-28.687,-28.687,-28.382,-26.856,-26.551,-25.941,-24.567,-24.11,-22.431,-21.973,-20.295,-20.142,-18.616,-17.853,-14.801,-12.665,-9.9185,-7.7822,-6.1037,-4.5778,-1.9837,-0.30519,3.6622,7.6296,12.513,15.717,20.753,23.957,28.077,34.181,39.979,44.404,49.287,54.476,60.274,65.004,70.803,75.076,80.111,83.926,88.198,90.793,95.218,99.185,104.68,110.17,115.82,120.7,126.65,131.23,135.65,139.32,145.27,148.47,153.81,157.93,163.43,167.55,173.04,178.08,183.72,188.45,193.64,198.68,203.1,204.32,207.98,210.27,213.93,214.24,217.44,217.44,219.73,220.5,222.02,222.17,222.94,222.94,222.94,220.34,220.04,218.82,220.19,220.04,221.41,220.95,221.26,220.5,221.87,222.63,224.16,224.62,225.23,224.46,225.99,226.6,227.97,226.29,227.52,226.75,227.36,225.23,225.53,224.16,224.77,223.4,222.17,219.28,216.68,213.48,211.95,209.36,206.76,201.42,198.98,193.95,189.98,185.09,181.74,177.31,175.48,173.5,173.5,172.73,171.51,169.53,168.16,165.87,163.58,161.44,160.22,156.56,153.97,151.37,150.61,147.71,146.03,144.2,142.37,137.33,134.28,131.84,130.62,130.01,129.86,129.25,130.77,131.08,134.28,135.96,138.71,139.93,142.98,144.51,146.79,150.46,156.41,163.12,171.21,178.84,186.01,190.74,197.15,199.44,202.64,205.69,211.8,216.83,224.16,229.5,235.3,241.25,245.52,249.79,253,255.9,258.34,259.1,262.15,265.51,270.7,272.99,277.11,278.18,280.31,282.3,285.35,285.81,287.33,288.09,286.72,282.6,281.38,278.94,278.48,274.67,271.92,268.41,265.97,262.46,259.56,256.2,254.83,254.52,254.68,255.13,258.49,260.78,263.83,267.19,272.38,270.09,266.27,261.39,258.95,255.13,256.51,263.53,273.6,279.85,281.99,283.06,282.45,280.77,278.63,278.18,280.92,281.38,282.14,282.45,284.13,282.91,282.91,283.21,284.28,287.64,294.35,302.29,305.8,306.56,307.78,305.19,302.44,298.93,298.93,299.69,297.1,288.71,279.4,272.07,264.9,254.98,240.18,224.46,211.19,199.44,191.66,184.79,177.31,166.78,155.95,142.83,130.77,115.67,98.422,79.348,59.358,43.794,28.535,11.75,-2.5941,-14.496,-25.483,-38.759,-53.713,-72.481,-88.504,-104.07,-115.36,-119.17,-118.41,-121.92,-128.33,-135.65,-143.13,-158.09,-172.43,-187.69,-197.91,-207.37,-214.55,-222.79,-230.87,-240.94,-254.83,-269.63,-281.38,-293.13,-302.13,-310.07,-315.71,-323.8,-334.33,-346.69,-358.13,-368.82,-376.6,-383.92,-388.04,-393.08,-395.37,-398.27,-400.86,-404.83,-409.56,-414.14,-418.41,-423.6,-427.26,-431.53,-431.07,-433.36,-434.74,-437.79,-438.55,-439.47,-436.87,-433.21,-427.41,-421.31,-413.83,-409.25,-406.51,-406.81,-405.9,-404.68,-404.07,-402.23,-398.27,-393.23,-384.53,-379.5,-375.07,-371.87,-366.22,-360.58,-355.85,-352.95,-347.91,-344.25,-337.69,-332.04,-326.09,-321.36,-314.65,-308.24,-300.15,-290.84,-281.08,-272.68,-262.15,-254.98,-246.13,-239.42,-234.23,-229.65,-225.99,-224.01,-220.04,-216.53,-209.97,-204.32,-195.62,-187.38,-177.92,-169.68,-160.07,-149.85,-139.47,-129.09,-117.04,-105.44,-93.692,-84.536,-74.618,-65.92,-54.628,-45.625,-36.927,-29.603,-21.058,-12.36,-4.5778,2.7467,11.444,18.159,25.483,32.35,39.979,45.167,51.118,57.222,65.615,74.923,84.841,94.607,107.43,121.01,135.04,148.01,161.29,173.96,185.86,197.61,209.66,218.97,229.65,238.5,248.27,254.98,262.15,269.63,277.11,285.96,295.72,303.66,311.14,315.71,322.73,328.68,335.4,339.21,341.96,344.4,345.77,346.23,347.45,347.45,349.59,351.12,354.17,357.37,360.27,363.32,368.51,372.63,377.51,379.65,382.85,386.06,390.03,394.45,398.72,402.23,405.9,407.12,409.86,410.47,412,413.68,415.05,415.81,415.2,414.29,415.51,415.81,418.26,419.17,419.63,420.39,419.78,418.26,416.58,413.83,412.76,409.71,407.57,403.61,401.47,400.25,399.18,397.96,395.98,394.6,396.28,396.59,396.74,394.91,393.99,394.45,395.21,396.13,396.59,396.44,395.52,393.54,392.93,391.86,390.48,387.28,385.6,383.62,382.4,381.63,381.63,380.11,378.89,377.97,379.35,378.43,378.58,378.12,377.36,374.61,370.95,367.75,364.85,362.25,358.59,354.63,351.57,349.44,349.13,347.15,345.77,340.59,336.31,330.21,324.26,320.29,315.71,310.68,306.1,303.35,301.22,295.72,292.67,291.15,290.69,290.08,292.06,293.59,292.83,289.62,286.87,284.28,282.6,279.4,276.5,273.14,272.53,271.46,269.17,265.36,260.48,255.29,250.56,245.83,243.23,241.71,242.16,239.42,236.06,233.31,230.72,227.97,225.07,220.5,215.77,209.97,206.46,201.57,196.39,192.88,189.37,183.72,177.16,168.92,162.66,154.88,147.1,137.64,128.64,119.79,110.02,100.1,90.793,82.095,74.313,64.547,56.612,46.236,36.775,27.467,19.684,12.055,6.1037,0.91556,-4.4252,-8.5452,-10.529,-14.801,-16.633,-20.142,-21.668,-24.415,-27.619,-31.129,-34.333,-38.148,-42.421,-47.914,-52.797,-59.206,-63.021,-66.53,-69.124,-72.939,-75.838,-77.975,-80.721,-84.841,-88.504,-93.692,-98.117,-104.37,-109.56,-115.67,-119.48,-121.31,-122.84,-126.5,-129.86,-133.06,-136.42,-140.39,-143.28,-146.95,-147.25,-150,-151.83,-154.12,-155.34,-155.95,-158.24,-160.07,-162.51,-166.33,-169.53,-171.97,-170.29,-167.7,-163.58,-162.36,-160.37,-158.39,-156.25,-153.51,-151.98,-151.07,-150.15,-148.78,-145.27,-146.34,-148.01,-149.24,-146.03,-143.59,-141.76,-141.3,-144.2,-147.71,-150.76,-153.81,-156.25,-160.07,-164.19,-172.28,-179.75,-186.62,-193.03,-199.74,-205.08,-209.51,-214.39,-217.44,-219.89,-227.21,-233.77,-240.64,-245.98,-255.13,-263.22,-271.77,-275.43,-278.94,-284.28,-289.32,-293.89,-298.62,-301.37,-306.41,-309.61,-316.17,-319.99,-326.09,-334.18,-344.71,-352.18,-356.3,-358.75,-358.75,-355.69,-355.85,-353.71,-349.89,-343.49,-332.96,-319.38,-302.74,-285.65,-274.82,-272.23,-271.31,-270.85,-283.67,-298.47,-307.63,-316.32,-332.19,-349.89,-364.54,-375.07,-380.11,-378.28,-378.12,-377.67,-377.67,-373.39,-371.87,-368.36,-365.76,-363.02,-360.88,-356.76,-347.61,-325.48,-295.88,-264.75,-240.64,-222.79,-215,-212.87,-210.43,-203.71,-196.54,-186.01,-173.19,-164.65,-166.94,-169.07,-167.85,-157.48,-146.95,-136.27,-128.94,-127.57,-131.69,-137.79,-148.32,-161.14,-172.89,-177.62,-178.84,-177.62,-183.57,-194.25,-207.37,-218.97,-231.18,-240.03,-248.27,-254.07,-265.51,-276.96,-292.67,-307.47,-323.34,-333.41,-339.82,-339.06,-335.25,-331.58,-329.29,-327.01,-328.07,-330.21,-334.48,-337.23,-341.2,-343.94,-348.67,-350.35,-354.01,-358.9,-364.54,-370.34,-376.14,-381.02,-384.53,-384.23,-383.47,-378.73,-373.24,-367.14,-361.64,-359.2,-358.59,-356.46,-353.25,-349.74,-347,-342.57,-338.15,-332.35,-327.77,-322.28,-312.97,-303.05,-292.83,-283.67,-276.04,-269.02,-264.14,-258.19,-252.69,-243.23,-234.84,-226.6,-220.65,-212.71,-206.15,-200.51,-194.56,-185.86,-177.92,-169.23,-164.34,-157.93,-152.9,-146.95,-141.91,-137.33,-133.37,-128.79,-125.58,-121.62,-119.33,-115.82,-115.05,-110.48,-106.36,-101.02,-97.964,-95.218,-93.997,-91.098,-88.351,-84.078,-81.942,-77.67,-73.397,-66.836,-60.884,-54.933,-49.135,-43.641,-39.369,-37.08,-37.233,-35.554,-33.418,-29.908,-27.772,-25.025,-22.584,-18.464,-15.259,-13.123,-10.681,-6.1037,-3.6622,-0.76296,0.76296,3.8148,7.3244,11.902,16.48,21.821,26.551,33.265,37.08,42.268,47.151,52.492,55.238,58.901,63.784,70.04,75.991,82.553,88.351,96.896,103,111.39,116.73,123.6,131.38,139.01,145.27,151.22,156.56,162.66,168.16,173.19,174.72,176.85,178.99,180.82,182.35,184.03,186.77,189.21,190.74,195.93,198.98,201.88,204.63,208.9,212.26,216.07,220.5,223.09,223.4,224.16,225.84,229.35,229.35,229.19,228.43,228.43,229.04,231.03,232.25,234.08,234.23,233.01,229.8,226.75,222.17,220.95,218.21,217.14,215,213.78,213.32,214.09,214.09,213.02,211.34,211.8,208.75,207.83,206.46,205.85,201.42,200.2,199.44,199.59,198.98,197.91,195.17,193.03,191.81,192.88,191.96,192.42,191.66,193.03,192.57,192.11,190.74,189.06,187.84,187.69,186.16,186.93,186.47,186.47,184.33,184.79,184.33,185.55,186.32,186.32,186.93,185.86,182.65,178.38,173.19,168.77,162.05,158.09,152.44,147.4,141.15,134.43,129.09,125.58,122.38,120.4,117.5,115.97,113.22,112.77,111.39,110.02,108.34,107.27,106.66,104.53,101.47,99.185,97.201,100.1,101.02,101.47,100.25,97.049,93.539,89.877,87.436,85.604,82.095,77.517,70.345,65.92,60.884,58.901,57.222,54.476,50.966,49.287,49.44,50.813,50.966,52.644,54.476,58.901,61.19,64.089,63.936,61.342,57.985,55.696,52.95,50.356,47.609,45.778,42.421,40.437,36.927,34.791,31.434,27.161,22.889,19.99,18.311,16.327,13.886,11.902,7.0193,4.12,2.1363,0.91556,-3.5096,-5.9511,-5.7985,-5.0356,-5.0356,-5.6459,-6.1037,-6.7141,-7.9348,-4.7304,-4.5778,-1.8311,0.30519,2.8993,5.7985,9.9185,11.139,11.75,13.886,18.616,23.499,29.756,32.502,33.876,32.502,31.892,32.807,34.639,34.944,33.876,33.418,34.333,33.57,32.044,31.434,31.892,30.519,30.519,29.298,27.009,21.973,18.006,12.665,7.3244,3.9674,1.5259,-1.8311,-4.4252,-6.5615,-5.9511,-6.2563,-7.1718,-11.597,-14.649,-18.769,-23.499,-30.213,-36.927,-41.81,-45.625,-52.492,-58.138,-66.836,-72.481,-78.738,-84.231,-89.572,-93.387,-94.15,-94.455,-97.659,-100.41,-102.39,-102.24,-106.36,-109.41,-111.39,-113.22,-115.67,-114.14,-112.16,-109.71,-106.81,-103,-99.49,-97.201,-93.844,-87.13,-84.231,-84.536,-89.267,-93.234,-93.997,-92.471,-91.098,-90.335,-91.861,-94.302,-96.286,-97.964,-96.744,-91.25,-87.283,-84.536,-84.231,-83.01,-84.384,-84.384,-81.332,-76.296,-73.55,-72.329,-75.533,-77.059,-79.653,-80.264,-79.806,-75.076,-72.176,-70.498,-74.007,-79.806,-88.046,-98.27,-107.88,-113.68,-119.17,-121.31,-120.4,-117.19,-119.02,-125.13,-133.21,-139.16,-142.52,-140.69,-139.47,-137.49,-135.96,-131.53,-129.86,-130.62,-133.98,-135.35,-137.18,-138.25,-140.69,-140.39,-138.55,-133.06,-126.65,-122.38,-118.41,-110.93,-108.19,-104.22,-103.76,-103.61,-104.83,-104.53,-104.83,-102.85,-100.56,-99.948,-101.63,-103.31,-106.97,-107.43,-109.56,-111.55,-114.6,-117.95,-123.45,-125.13,-127.41,-125.43,-124.36,-124.21,-126.04,-128.48,-132.15,-132.76,-134.28,-134.28,-135.5,-133.37,-131.38,-125.43,-119.02,-113.22,-111.24,-108.65,-106.36,-96.896,-89.724,-84.231,-81.79,-75.381,-70.498,-62.563,-55.696,-47.609,-40.742,-35.554,-32.655,-26.856,-19.837,-14.344,-13.886,-14.039,-15.87,-15.87,-15.717,-14.496,-12.665,-9.1556,-6.1037,-5.0356,-4.2726,-4.7304,-5.6459,-5.7985,-6.4089,-6.8667,-10.376,-12.055,-16.48,-19.074,-20.142,-22.431,-25.788,-26.551,-24.262,-21.058,-16.175,-5.9511,0.45778,2.8993,3.9674,6.5615,6.2563,7.3244,8.6978,14.344,21.516,27.772,31.434,35.859,39.064,42.116,41.353,41.658,39.827,37.843,35.707,36.164,38.453,40.132,38.148,39.674,40.895,41.2,39.674,39.216,38.759,41.81,43.947,42.573,37.843,34.333,34.181,37.538,42.573,48.677,54.781,59.206,61.953,64.852,64.241,59.511,50.508,42.879,37.69,34.181,32.807,33.57,35.249,35.707,31.434,28.382,24.11,22.584,21.668,24.567,25.33,25.33,24.262,20.753,14.801,8.24,3.0519,0.15259,-3.6622,-4.7304,-7.7822,-6.5615,-6.5615,-6.8667,-6.2563,1.8311,7.477,10.681,10.834,8.6978,7.0193,3.5096,-2.2889,-6.5615,-13.733,-19.227,-27.467,-33.418,-42.879,-49.287,-52.187,-51.576,-49.745,-43.641,-34.486,-25.025,-22.431,-21.516,-24.11,-24.567,-24.72,-23.041,-26.246,-26.246,-23.347,-15.107,-5.9511,4.883,14.801,21.363,24.11,26.856,26.704,29.145,29.908,32.96,37.843,45.167,49.898,54.17,57.68,63.784,70.956,73.092,71.871,69.124,65.462,62.716,58.138,57.07,52.95,48.83,47.456,51.576,57.68,62.563,61.19,58.901,56.459,53.407,49.898,47.456,42.421,36.927,32.807,28.993,22.431,16.48,13.886,12.97,10.529,7.9348,4.5778,3.5096,1.3733,1.2207,-0.76296,-6.4089,-14.191,-20.142,-25.941,-30.671,-32.96,-35.096,-39.216,-44.862,-50.203,-56.612,-64.547,-67.751,-74.007,-78.28,-83.621,-84.231,-83.926,-82.858,-83.621,-82.4,-81.332,-82.4,-86.52,-89.877,-92.166,-89.267,-86.367,-81.179,-80.264,-79.196,-77.212,-75.381,-76.144,-76.601,-77.212,-72.634,-68.667,-65.615,-67.446,-68.514,-72.329,-73.397,-73.855,-73.855,-72.481,-73.244,-77.212,-78.28,-78.89,-76.907,-78.585,-78.585,-79.806,-74.923,-70.65,-63.326,-52.187,-38.606,-27.772,-21.363,-19.99,-18.769,-18.464,-17.396,-15.259,-10.224,-5.7985,-3.8148,-1.2207,3.0519,6.1037,8.3926,9.7659,14.039,13.428,13.733,11.292,9.9185,6.1037,0.76296,-5.3407,-9.4607,-13.428,-18.006,-23.804,-31.434,-39.216,-45.167,-51.118,-51.729,-52.644,-53.56,-54.933,-58.748,-64.394,-68.514,-69.735,-67.751,-68.667,-66.836,-64.089,-58.748,-56.917,-54.018,-53.865,-51.881,-48.677,-44.404,-41.353,-41.047,-41.353,-42.268,-43.184,-42.116,-43.489,-45.32,-48.677,-52.339,-55.544,-57.68,-59.816,-61.19,-60.884,-58.901,-57.07,-51.729,-47.151,-40.132,-30.366,-18.464,-8.3926,0.30519,7.9348,15.412,20.295,25.788,26.399,25.33,22.279,23.957,24.72,24.11,19.99,14.801,9.1556,6.5615,6.4089,9.4607,11.444,16.633,21.668,28.993,31.129,31.892,29.756,27.467,23.041,18.921,14.039,13.886,13.733,13.733,12.97,11.902,10.987,9.9185,9.3081,8.6978,5.9511,3.2044,0.30519,-0.91556,-3.8148,-6.4089,-7.6296,-6.1037,-6.7141,-8.3926,-7.9348,-6.1037,-0.76296,5.0356,7.0193,8.5452,8.3926,9.9185,7.9348,5.4933,1.6785,-1.8311,-5.3407,-5.3407,-1.3733,0.76296,-0.30519,-1.5259,-4.4252,-5.4933,-7.7822,-8.8504,-10.224,-9.1556,-8.24,-10.529,-15.107,-19.99,-21.363,-19.074,-17.548,-15.259,-15.717,-17.243,-18.616,-18.311,-18.921,-19.379,-18.464,-16.785,-16.633,-16.175,-17.243,-19.532,-20.905,-18.464,-18.616,-18.616,-18.616,-16.785,-13.276,-7.6296,-2.4415,0.30519,2.4415,3.357,5.0356,8.8504,10.834,13.123,17.701,25.025,31.434,35.401,37.233,36.317,33.57,30.061,26.093,25.941,28.23,31.892,35.554,40.284,45.473,48.524,48.372,47.914,48.83,50.966,54.476,59.664,63.021,65.92,66.836,68.209,68.209,68.514,68.514,67.904,65.157,63.021,62.563,62.41,62.105,62.258,59.664,57.985,55.238,57.222,59.664,58.29,52.797,48.982,46.999,43.489,38.606,35.401,32.655,30.366,25.636,24.873,25.636,26.399,24.72,21.058,16.022,13.123,12.055,12.97,12.818,10.529,5.4933,1.2207,-1.8311,-3.0519,-3.6622,-3.357,-3.8148,-3.357,-2.2889,0.45778,3.5096,9.7659,14.496,20.295,22.431,26.704,29.45,32.197,34.944,38.148,40.59,40.437,38.911,38.301,34.944,33.418,32.044,36.012,42.116,49.593,52.492,55.086,61.19,67.293,71.108,71.566,72.939,76.144,77.059,80.416,82.705,85.604,86.978,87.588,85.757,85.91,85.147,83.163,82.247,84.078,84.689,82.705,78.127,73.702,65.31,60.427,53.713,48.067,40.284,35.096,30.519,26.246,18.311,7.3244,-3.6622,-11.292,-17.243,-21.058,-27.161,-32.96,-39.521,-44.252,-50.508,-56.001,-61.8,-64.699,-67.446,-69.277,-72.024,-75.991,-83.01,-86.825,-90.64,-90.335,-92.166,-90.335,-86.062,-80.569,-77.212,-72.024,-67.904,-63.173,-61.19,-57.07,-53.56,-48.524,-43.947,-36.775,-32.044,-25.941,-20.6,-14.954,-9.4607,-4.883,-0.61037,3.2044,6.1037,11.292,13.428,15.107,14.649,14.954,15.564,17.396,19.379,19.99,19.074,19.074,19.227,20.753,20.905,23.041,23.194,26.551,28.077,30.061,31.739,33.265,34.028,34.944,34.639,35.401,36.622,38.759,37.538,35.401,30.671,26.246,22.126,19.379,15.87,13.886,10.224,7.7822,2.8993,1.2207,0.15259,1.5259,0.61037,-0,0.91556,1.0681,-1.6785,-6.7141,-10.987,-13.886,-16.327,-18.311,-21.058,-21.21,-21.668,-19.074,-15.564,-12.97,-12.665,-12.055,-8.24,-1.9837,3.357,8.5452,13.428,17.396,19.532,20.6,18.464,14.649,10.529,6.2563,1.6785,-1.5259,-5.1881,-11.292,-16.785,-19.837,-24.11,-26.704,-32.197,-35.401,-42.573,-50.05,-56.917,-62.258,-66.836,-67.598,-70.498,-72.481,-75.991,-79.806,-84.078,-84.994,-86.825,-85.757,-86.367,-85.452,-84.841,-83.316,-79.806,-73.092,-68.209,-63.478,-60.732,-57.833,-57.07,-54.476,-55.544,-53.407,-52.034,-48.219,-46.846,-44.862,-43.336,-40.895,-40.437,-40.132,-41.505,-41.963,-44.099,-43.947,-47.609,-49.44,-52.187,-54.781,-57.833,-61.037,-65.31,-68.667,-73.855,-78.585,-85.147,-89.267,-95.065,-97.354,-98.27,-95.981,-93.234,-89.724,-87.741,-84.384,-82.705,-80.416,-78.433,-75.076,-72.176,-69.124,-68.819,-67.446,-63.326,-56.917,-52.492,-47.914,-43.794,-37.233,-31.281,-25.941,-23.957,-19.532,-16.022,-10.681,-5.9511,0.30519,5.4933,9.9185,11.902,14.344,15.412,16.327,14.649,12.665,11.444,13.886,13.886,15.412,15.717,15.87,16.785,19.99,20.142,18.006,17.396,18.464,16.48,15.564,12.055,10.681,8.24,6.4089,2.5941,-0,-3.2044,-5.1881,-6.1037,-8.0874,-13.886,-19.684,-27.009,-33.418,-39.827,-42.879,-47.456,-49.745,-52.492,-56.459,-62.105,-66.53,-72.634,-74.923,-78.28,-78.433,-78.585,-77.822,-79.043,-79.806,-82.095,-83.621,-84.384,-83.468,-84.384,-84.689,-84.689,-81.179,-78.738,-76.601,-77.059,-79.806,-82.858,-83.621,-84.689,-84.536,-84.536,-83.468,-83.468,-82.858,-86.673,-88.198,-90.64,-92.166,-93.387,-92.624,-94.15,-96.744,-100.41,-106.36,-112.92,-119.79,-126.19,-130.01,-133.98,-138.25,-142.83,-145.73,-149.54,-152.75,-155.8,-158.85,-164.8,-170.9,-179.14,-187.23,-196.69,-204.02,-211.04,-218.82,-229.04,-238.81,-251.32,-263.53,-274.06,-286.42,-297.86,-309,-318.61,-326.4,-335.4,-342.72,-353.71,-364.7,-375.07,-384.84,-393.23,-401.47,-407.73,-415.05,-422.07,-427.41,-433.52,-436.57,-440.08,-440.99,-443.28,-444.2,-445.27,-446.03,-448.47,-452.28,-456.25,-460.83,-465.25,-467.54,-469.83,-469.83,-469.07,-468.15,-469.22,-470.6,-470.29,-469.99,-470.75,-470.44,-469.53,-468.76,-470.29,-470.14,-469.68,-468.15,-467.7,-465.25,-463.27,-459.91,-455.79,-451.98,-448.62,-444.35,-439.92,-435.96,-432.91,-428.48,-423.75,-418.56,-413.22,-404.52,-397.81,-393.23,-389.11,-385.14,-381.02,-375.53,-369.43,-361.64,-355.24,-347.91,-342.11,-337.84,-335.7,-334.03,-331.74,-328.38,-322.12,-313.58,-304.57,-296.64,-290.23,-284.13,-279.24,-273.9,-269.33,-264.44,-260.48,-256.81,-251.01,-247.2,-243.39,-238.81,-235.45,-229.35,-224.62,-219.89,-215.92,-210.58,-205.85,-200.51,-193.95,-185.55,-179.91,-173.8,-169.07,-163.58,-158.09,-153.66,-148.78,-143.89,-140.08,-134.13,-125.89,-117.19,-109.26,-99.796,-92.624,-86.825,-85.757,-84.841,-82.4,-77.517,-70.803,-62.105,-53.255,-44.252,-36.622,-31.129,-30.519,-32.35,-36.622,-39.369,-38.453,-32.35,-24.873,-18.159,-15.564,-13.276,-12.513,-11.139,-11.597,-11.902,-10.224,-7.0193,-2.8993,3.6622,10.529,18.464,24.415,27.772,25.941,22.431,17.243,11.75,7.7822,6.5615,10.834,19.379,27.161,35.554,39.064,38.911,32.044,23.041,13.733,8.0874,2.1363,-5.4933,-13.581,-19.532,-25.025,-30.824,-38.606,-48.677,-64.852,-74.923,-82.4,-88.961,-93.234,-96.896,-99.185,-99.185,-96.896,-94.302,-91.556,-87.741,-88.656,-91.25,-94.607,-97.964,-100.1,-94.455,-79.958,-62.105,-42.116,-23.041,-7.9348,3.8148,9.9185,13.886,23.499,49.898,88.504,130.47,168.31,198.83,217.75,223.85,218.67,204.32,180.06,161.6,161.44,191.96,235.15,277.41,308.54,326.85,327.31,313.43,281.08,242.77,216.68,226.91,266.12,313.43,354.78,384.99,399.03,393.54,369.43,332.5,290.84,271.92,280.31,307.47,334.48,350.51,350.2,334.48,301.22,253.46,199.44,156.56,134.28,133.52,141.3,152.29,157.78,159,151.83,134.59,108.19,78.585,48.677,24.567,6.4089,-4.883,-9.1556,-7.477,-10.681,-21.821,-38.453,-59.053,-78.433,-93.692,-107.43,-119.79,-133.52,-142.67,-149.39,-152.44,-153.2,-150.91,-148.78,-149.85,-156.87,-169.23,-184.33,-198.37,-207.37,-210.58,-211.8,-210.43,-210.12,-212.71,-218.67,-226.29,-232.4,-237.89,-244,-250.71,-256.97,-261.24,-265.51,-266.43,-269.02,-270.55,-270.85,-270.7,-269.94,-268.11,-266.73,-265.66,-264.44,-260.63,-258.03,-253.15,-248.12,-242.47,-236.21,-229.35,-221.87,-214.09,-205.24,-195.47,-186.32,-177.16,-169.99,-162.36,-155.19,-144.66,-134.89,-126.19,-115.67,-104.83,-94.607,-83.621,-71.413,-57.68,-47.304,-35.249,-23.194,-12.207,-3.0519,3.0519,10.224,17.853,25.636,32.807,38.301,46.999,55.849,65.31,71.871,79.196,87.741,96.896,105.44,111.55,115.82,120.7,125.13,132.91,140.23,148.01,155.49,162.36,169.07,175.48,181.59,190.28,199.29,210.12,218.67,227.21,234.53,242.77,249.95,257.27,263.53,272.07,278.79,288.4,294.81,303.05,310.68,318.46,325.48,332.04,336.92,342.42,347.3,352.95,356.46,359.51,363.63,367.29,370.49,373.24,374.61,378.28,381.02,386.06,389.26,393.08,395.37,398.11,399.18,401.62,403.76,408.8,411.69,416.43,419.78,424.51,426.95,431.07,435.19,440.08,444.81,450.15,454.88,459.3,462.2,466.78,468.61,471.51,472.73,475.02,476.7,477.92,480.21,482.5,482.96,482.65,481.89,482.35,479.14,476.7,473.04,470.6,465.56,459.76,453.96,449.08,444.65,440.38,434.89,430.62,425.58,421.16,416.12,411.69,406.05,401.32,395.67,388.04,381.79,377.97,374.77,371.56,369.27,369.73,369.88,371.87,372.02,373.55,374.92,377.82,379.8,381.94,384.69,389.11,392.32,395.67,395.98,396.13,393.69,392.16,391.55,392.77,393.69,393.84,392.32,390.79,390.79,390.03,387.89,386.82,384.23,384.38,384.08,384.23,381.48,379.65,377.97,377.51,378.43,379.96,380.11,379.96,380.72,383.92,384.99,388.2,390.33,392.62,393.54,397.2,401.93,406.51,411.08,415.81,420.09,424.97,426.8,429.24,429.7,432.14,433.52,436.11,438.86,440.69,442.37,443.59,442.98,440.38,437.18,436.26,434.74,434.58,431.99,429.55,424.05,418.71,413.83,408.64,404.37,401.62,397.2,391.55,385.3,380.26,372.33,366.37,360.73,355.85,347.91,339.98,333.72,328.53,324.87,323.04,320.44,318.77,316.93,314.95,311.59,311.59,311.44,312.97,312.51,310.22,306.56,304.42,300.45,296.03,294.2,294.2,293.28,290.69,285.35,281.08,275.89,270.85,264.75,259.41,252.24,246.74,241.1,233.92,228.28,222.48,214.24,207.07,200.35,194.56,187.84,182.65,177.16,173.19,169.84,169.53,167.7,164.04,161.29,159,156.56,155.19,153.66,150.91,147.71,145.27,141.45,139.77,138.1,137.79,136.11,136.27,137.49,139.47,141.3,141.91,142.37,143.74,142.22,139.93,135.2,131.53,125.89,121.31,117.5,113.22,109.41,106.36,103.46,101.32,97.659,95.523,91.861,87.588,81.942,78.585,76.907,74.618,72.634,69.277,65.767,63.936,62.41,61.953,62.105,65.31,65.767,63.021,60.121,57.985,56.459,54.933,52.187,50.966,48.677,48.982,47.151,43.947,40.284,36.012,31.587,27.161,22.584,18.159,10.987,4.4252,-4.12,-11.597,-20.295,-28.535,-35.096,-38.606,-40.895,-42.116,-44.252,-47.456,-52.187,-56.307,-62.258,-66.378,-72.024,-77.212,-82.4,-84.994,-86.978,-88.656,-90.64,-92.929,-94.607,-95.37,-97.964,-97.354,-97.507,-96.133,-94.607,-92.318,-88.656,-85.452,-82.858,-78.89,-76.449,-73.397,-70.65,-65.767,-61.953,-55.086,-49.135,-43.794,-38.911,-33.57,-28.23,-22.126,-16.327,-12.207,-11.597,-11.139,-12.513,-11.597,-12.513,-14.954,-18.006,-20.295,-24.262,-28.535,-35.707,-42.726,-50.508,-57.833,-65.767,-73.244,-82.705,-92.318,-103.76,-114.75,-125.13,-135.81,-145.73,-152.75,-160.07,-165.41,-171.06,-177.92,-184.03,-188.3,-192.42,-189.52,-176.85,-151.22,-125.58,-100.86,-72.787,-53.102,-40.59,-26.093,-6.5615,31.739,73.855,112.31,140.84,154.88,154.58,151.37,157.02,183.11,229.35,263.07,258.95,234.99,211.95,202.19,202.49,210.73,213.17,205.69,192.27,181.59,169.99,154.27,132.91,110.78,87.588,66.225,43.641,18.311,-9.003,-37.843,-64.852,-84.231,-100.1,-112,-125.13,-140.08,-157.17,-174.11,-192.27,-212.1,-232.55,-252.85,-273.45,-291.3,-308.08,-319.83,-330.97,-341.96,-353.56,-363.48,-374.46,-383.16,-390.18,-396.74,-405.13,-411.85,-417.04,-422.83,-430.62,-439.31,-447.55,-454.57,-462.51,-467.39,-474.87,-478.68,-484.02,-485.55,-487.38,-490.59,-493.94,-496.38,-498.98,-499.28,-499.44,-497.76,-496.69,-493.79,-491.65,-488.3,-485.24,-482.04,-479.29,-477.16,-476.39,-474.26,-474.11,-471.82,-469.68,-464.34,-459.91,-454.12,-450.15,-445.72,-442.21,-439.77,-436.72,-433.21,-430.31,-425.58,-422.07,-416.43,-411.39,-405.29,-398.57,-392.01,-383.47,-375.68,-368.21,-359.2,-352.03,-343.49,-335.4,-325.63,-316.63,-306.25,-296.33,-283.52,-271,-258.8,-247.05,-235.3,-223.24,-211.04,-199.29,-186.47,-175.94,-162.51,-151.07,-138.71,-128.64,-116.58,-104.53,-92.929,-81.79,-70.498,-59.969,-49.135,-37.996,-25.178,-15.412,-4.883,1.5259,9.6133,15.107,21.516,29.298,37.385,45.32,54.018,61.037,67.141,72.024,77.517,81.637,86.52,90.335,95.218,98.117,101.47,103.92,109.26,113.38,119.02,124.06,130.16,136.72,143.59,149.08,154.27,157.32,161.29,162.97,165.87,166.17,168.16,170.14,172.89,175.48,177.92,180.67,184.33,187.23,191.96,195.01,198.68,201.27,203.86,204.47,204.32,204.32,203.56,202.03,199.44,195.62,192.11,189.37,189.52,188.91,189.98,189.83,190.44,189.52,187.23,185.86,184.79,182.35,181.43,180.67,180.82,180.36,181.74,182.96,185.86,187.84,191.35,192.88,195.17,196.84,198.37,199.9,201.88,203.25,204.78,206.76,209.51,211.34,213.63,214.09,213.78,211.65,210.58,208.44,206.61,203.56,200.66,198.22,196.84,198.07,198.68,197,195.01,191.5,189.67,186.77,187.69,187.69,190.13,191.66,193.33,196.23,198.52,201.42,205.24,207.07,208.59,210.27,213.02,213.48,215.46,214.39,212.87,210.12,209.66,210.12,212.41,214.24,214.85,214.85,213.63,213.02,213.78,213.93,213.93,209.51,204.32,198.22,195.17,191.81,189.52,186.32,183.11,178.99,176.24,173.5,169.53,166.48,162.66,156.41,154.27,150.46,144.66,135.35,127.57,120.55,115.97,111.7,108.65,103,95.065,87.283,79.196,69.735,65.157,63.631,63.784,63.936,67.598,69.43,74.16,78.585,80.569,82.095,83.926,84.231,86.367,87.741,89.267,88.504,87.588,84.994,81.79,79.196,78.89,78.738,79.501,77.975,77.059,73.55,69.43,64.547,61.495,57.68,53.407,47.914,43.336,40.132,37.538,36.317,34.181,30.519,26.704,24.72,25.636,24.415,21.668,14.496,5.4933,-3.9674,-11.444,-17.853,-21.821,-23.957,-23.804,-24.567,-24.567,-22.431,-20.905,-22.279,-19.99,-19.684,-20.142,-23.804,-25.33,-28.23,-32.655,-38.148,-41.505,-46.236,-50.661,-50.661,-45.473,-42.268,-44.099,-51.424,-56.612,-62.716,-67.141,-71.871,-74.923,-79.043,-84.384,-92.318,-97.964,-100.86,-101.02,-100.86,-96.286,-95.523,-94.76,-95.676,-95.065,-93.997,-93.081,-93.234,-93.234,-95.065,-95.218,-95.065,-94.455,-95.37,-94.455,-95.523,-96.744,-98.27,-97.201,-95.676,-95.37,-96.896,-97.354,-100.41,-101.17,-103,-104.53,-106.51,-106.36,-105.75,-106.66,-108.65,-112.77,-117.65,-119.94,-121.01,-119.02,-119.63,-118.41,-117.65,-117.8,-118.87,-120.24,-124.52,-127.57,-130.92,-130.77,-131.84,-130.31,-130.01,-127.87,-129.4,-130.31,-132.91,-136.57,-139.16,-137.79,-133.67,-127.87,-124.06,-122.84,-124.82,-125.28,-126.04,-125.89,-128.79,-130.77,-133.37,-134.59,-135.35,-134.74,-134.13,-133.37,-133.82,-133.52,-136.42,-139.77,-145.12,-146.34,-149.85,-153.36,-159.61,-166.48,-174.41,-179.14,-184.48,-190.74,-199.74,-206.61,-213.63,-216.99,-221.56,-224.01,-228.58,-231.94,-233.62,-233.47,-228.28,-216.99,-202.95,-186.93,-178.38,-174.57,-175.02,-176.85,-183.42,-193.95,-208.29,-218.05,-218.67,-216.83,-216.38,-216.83,-219.73,-219.43,-215,-206.15,-199.13,-192.88,-191.66,-189.67,-187.99,-184.48,-182.2,-183.26,-186.01,-189.21,-188.45,-182.65,-172.12,-159.92,-154.12,-151.07,-151.98,-151.37,-151.83,-153.2,-157.93,-160.07,-161.14,-159,-155.34,-153.51,-153.66,-153.51,-155.49,-149.85,-138.4,-123.14,-114.14,-111.24,-112.31,-112,-113.68,-113.53,-110.48,-108.8,-110.78,-117.19,-124.97,-127.57,-128.79,-126.65,-125.43,-121.16,-119.33,-116.58,-115.36,-115.97,-122.84,-132.15,-144.05,-158.54,-172.89,-182.81,-190.74,-193.95,-197.61,-195.32,-187.84,-180.06,-176.24,-176.55,-180.21,-184.18,-186.93,-187.38,-191.96,-200.2,-214.7,-229.19,-240.03,-246.13,-251.01,-256.51,-263.83,-269.94,-273.9,-276.04,-273.14,-263.83,-255.13,-249.03,-248.27,-250.4,-256.36,-263.53,-268.87,-269.02,-269.94,-270.24,-270.39,-269.94,-269.78,-268.56,-268.11,-270.39,-273.9,-274.36,-274.36,-269.78,-264.29,-256.66,-249.34,-241.86,-237.43,-235.45,-233.01,-229.35,-223.85,-218.36,-213.78,-209.66,-205.69,-199.29,-194.1,-190.44,-188.6,-186.93,-185.71,-181.74,-177.62,-170.75,-163.43,-159.15,-155.8,-151.52,-148.47,-145.88,-145.57,-144.05,-142.22,-138.71,-136.11,-131.08,-123.75,-113.53,-101.47,-91.556,-85.757,-81.637,-79.043,-74.923,-71.871,-65.004,-59.816,-53.56,-47.304,-39.674,-31.129,-25.178,-20.295,-15.412,-8.6978,-0,10.529,23.957,34.639,45.778,52.797,59.358,64.699,70.04,72.787,75.686,76.754,77.67,77.822,80.111,81.179,85.299,87.893,92.318,92.929,95.065,96.133,97.659,97.201,98.88,101.32,103.92,104.68,106.81,107.43,109.56,110.17,111.24,110.02,110.63,110.32,111.55,114.75,117.65,119.33,119.94,118.56,118.26,114.6,112,108.34,107.43,105.14,103.76,103.15,102.69,102.69,104.68,107.43,112.16,116.58,122.68,127.72,134.43,141.3,148.93,154.42,159.76,163.43,168.77,174.26,180.97,187.99,198.52,205.54,213.63,220.04,226.91,234.38,243.08,252.85,262.15,270.55,278.48,285.65,292.83,298.17,304.73,309.92,315.1,319.68,325.94,331.58,337.84,344.25,350.05,356,362.56,366.53,373.85,379.35,384.08,387.13,393.38,400.1,407.57,414.9,422.83,429.85,439.47,447.55,457.63,466.78,476.09,482.35,486.92,489.82,491.81,493.48,494.4,495.77,499.44,501.27,504.32,504.32,504.47,501.72,499.44,495.47,491.96,489.82,487.08,480.21,474.72,468.46,463.73,458.69,455.18,450.61,445.42,436.87,426.34,417.65,409.71,399.64,390.48,380.26,371.41,361.64,352.03,343.18,335.4,327.31,320.75,315.41,311.44,307.47,305.8,302.29,300.76,297.4,293.74,288.25,282.14,277.57,273.75,268.56,262.76,257.58,254.22,248.12,244.91,239.57,236.37,233.01,228.28,222.17,216.53,210.58,204.63,195.78,187.99,178.38,169.38,157.93,145.88,133.67,121.77,110.02,97.049,84.231,70.193,55.696,42.421,27.467,14.191,-4.7304,-21.668,-37.233,-49.898,-59.816,-67.904,-74.465,-79.958,-84.536,-85.299,-85.91,-83.926,-83.163,-81.332,-81.179,-81.79,-81.637,-80.721,-79.958,-78.89,-77.364,-72.481,-70.193,-68.819,-68.361,-66.378,-65.767,-63.936,-62.41,-59.053,-54.323,-49.44,-46.846,-43.336,-41.2,-37.233,-34.944,-32.655,-31.587,-29.603,-28.84,-29.45,-30.061,-28.993,-25.483,-20.753,-19.379,-17.09,-17.548,-16.022,-15.564,-12.36,-9.4607,-4.7304,0.76296,5.6459,8.6978,11.597,13.276,16.327,16.327,17.853,18.006,19.99,20.905,19.532,18.006,16.48,16.327,16.175,15.259,15.717,16.327,17.09,17.853,19.532,19.684,19.532,19.684,19.684,18.464,15.87,8.24,-1.5259,-13.428,-21.821,-31.434,-39.674,-46.693,-51.576,-57.07,-61.8,-65.615,-67.751,-69.582,-71.261,-77.212,-82.095,-89.267,-94.607,-100.41,-107.73,-116.89,-123.14,-126.04,-125.58,-125.43,-122.99,-123.45,-124.36,-128.94,-133.52,-142.06,-149.85,-158.24,-164.34,-167.7,-170.75,-180.52,-193.64,-207.53,-221.56,-233.77,-232.25,-217.29,-186.32,-142.37,-103.76,-78.433,-58.443,-51.424,-48.677,-29.603,10.529,56.154,94.607,110.48,107.27,93.692,85.604,82.705,82.705,83.163,93.234,105.9,106.81,95.676,82.247,74.465,71.108,64.089,54.018,39.979,25.636,9.6133,-0.91556,-3.9674,-3.357,-5.3407,-10.071,-17.396,-24.415,-35.249,-46.693,-61.953,-75.838,-91.25,-103.15,-113.07,-117.5,-116.12,-113.07,-112.77,-113.07,-114.44,-115.05,-120.4,-126.8,-134.28,-137.49,-142.06,-145.27,-147.71,-149.24,-151.37,-154.27,-156.71,-157.63,-157.17,-155.03,-153.97,-150.46,-147.86,-143.59,-141.15,-139.01,-137.64,-134.89,-131.53,-127.41,-124.97,-121.31,-117.5,-111.85,-109.56,-104.98,-102.85,-97.964,-93.081,-88.961,-85.604,-82.858,-80.721,-77.67,-73.855,-66.378,-62.41,-57.985,-54.628,-50.356,-44.862,-39.064,-34.333,-29.145,-25.788,-21.363,-16.022,-10.987,-6.1037,-0.30519,4.12,10.224,16.022,24.567,33.265,44.099,56.459,68.209,78.127,87.893,94.913,102.85,109.56,118.72,125.43,133.67,142.67,149.39,155.34,160.07,165.41,171.97,178.23,186.32,192.72,198.98,204.78,211.04,216.07,221.56,226.6,230.87,235.45,239.88,243.54,248.88,254.37,259.56,262,266.73,268.26,268.56,268.72,269.17,269.63,270.09,270.85,271.31,269.78,269.78,267.34,265.66,262.46,257.88,253,248.88,245.67,242.77,237.89,232.25,223.85,216.53,209.2,203.41,196.23,190.13,185.09,180.06,176.85,175.33,174.41,173.96,170.14,167.85,163.43,160.68,156.56,151.98,146.95,140.84,134.43,127.87,122.84,121.46,120.4,120.55,118.41,117.04,112.92,108.65,104.37,98.575,93.997,90.793,88.198,85.91,81.179,76.754,72.176,69.582,66.683,64.699,65.615,67.141,68.209,65.92,61.037,54.018,46.693,41.658,36.164,32.807,28.23,25.178,22.889,19.684,17.396,13.276,8.6978,4.4252,3.5096,6.2563,6.1037,6.7141,5.6459,6.4089,7.9348,9.9185,11.597,13.276,13.581,12.36,8.24,3.5096,-1.6785,-6.7141,-15.87,-23.652,-31.892,-37.233,-41.81,-46.083,-50.661,-54.476,-59.358,-62.716,-67.293,-73.855,-81.484,-85.299,-89.572,-91.25,-91.708,-91.098,-91.556,-92.013,-94.15,-97.049,-102.24,-107.27,-112,-113.68,-114.75,-112.61,-111.39,-107.27,-102.24,-97.201,-95.676,-97.507,-102.08,-106.81,-113.07,-117.95,-122.84,-125.89,-129.7,-128.94,-128.03,-125.74,-126.8,-128.79,-131.99,-135.65,-137.64,-137.18,-135.35,-132.45,-129.86,-126.65,-125.89,-124.82,-126.35,-125.74,-126.5,-127.11,-129.86,-132.15,-133.67,-135.2,-136.88,-137.03,-138.86,-139.01,-140.39,-139.47,-139.32,-138.4,-139.93,-137.18,-136.88,-139.16,-141.76,-143.59,-147.1,-152.13,-155.8,-155.95,-156.87,-156.41,-156.71,-155.64,-154.88,-154.73,-157.17,-164.04,-171.97,-181.13,-190.13,-198.52,-209.05,-218.67,-227.97,-233.92,-240.64,-244.76,-252.24,-259.1,-266.43,-271,-274.67,-276.96,-279.4,-280.01,-282.3,-285.96,-292.37,-297.71,-304.12,-305.8,-307.32,-307.02,-305.8,-305.34,-308.08,-310.53,-310.53,-306.86,-301.37,-296.18,-293.13,-285.96,-278.79,-272.53,-267.65,-258.95,-248.42,-237.89,-230.41,-221.87,-215.31,-209.36,-202.64,-193.79,-182.65,-170.9,-160.83,-147.86,-139.93,-133.82,-132.76,-132.15,-132.91,-132.6,-130.47,-122.99,-115.05,-107.73,-101.78,-97.659,-95.523,-92.318,-93.387,-93.539,-95.981,-94.76,-92.013,-88.351,-86.825,-85.91,-84.384,-80.874,-79.348,-78.585,-81.027,-81.484,-82.247,-79.501,-78.127,-74.313,-69.735,-66.53,-61.8,-55.391,-52.95,-51.576,-50.661,-46.083,-43.184,-41.505,-43.641,-44.862,-46.083,-47.761,-49.898,-52.187,-51.118,-47.456,-44.404,-43.336,-45.32,-48.372,-53.407,-56.459,-59.206,-61.495,-64.394,-66.836,-69.582,-72.024,-76.449,-81.79,-86.673,-90.182,-94.15,-93.997,-94.76,-92.471,-91.556,-89.724,-89.877,-90.335,-92.471,-93.081,-94.607,-93.692,-91.25,-82.553,-75.076,-67.293,-62.563,-58.596,-56.001,-54.476,-54.323,-54.781,-55.086,-53.407,-51.881,-48.067,-46.846,-45.778,-45.015,-43.947,-45.015,-43.947,-44.099,-42.879,-40.742,-36.317,-33.876,-31.281,-29.45,-26.856,-25.941,-23.957,-24.873,-23.347,-22.584,-18.159,-15.564,-9.6133,-4.883,3.0519,9.4607,16.785,23.041,27.314,30.061,33.113,34.333,37.08,37.538,37.996,36.622,37.69,37.843,39.674,42.116,44.252,46.541,49.593,51.271,52.492,52.034,51.881,51.881,54.018,56.307,60.274,61.953,67.141,71.413,77.059,80.721,85.452,88.656,92.318,95.37,99.49,102.24,105.29,106.51,109.56,113.07,119.79,125.28,129.09,131.38,133.06,134.13,135.5,136.27,135.96,135.2,135.65,132.76,133.21,131.53,128.48,125.74,122.07,118.11,115.05,111.55,108.8,104.22,102.69,99.185,97.659,96.133,95.981,95.523,96.896,96.286,94.607,93.387,91.403,88.046,85.604,80.569,78.127,75.991,78.28,78.89,81.027,80.721,81.027,79.958,78.585,77.67,75.838,74.007,74.313,75.686,79.348,81.942,85.91,86.52,88.809,90.793,92.471,91.708,90.03,88.504,90.182,92.776,97.049,98.117,99.338,99.643,101.63,102.08,103.31,104.07,105.59,106.51,106.97,106.66,107.12,107.27,108.95,110.17,113.53,116.43,119.94,122.38,125.13,127.41,129.4,129.86,130.16,130.16,129.86,128.33,129.55,127.87,126.19,121.77,117.95,112.77,109.56,105.44,103.31,102.08,101.17,100.41,98.27,93.997,90.335,85.299,79.653,73.855,72.481,71.871,70.498,69.277,69.124,67.141,63.478,59.816,56.459,53.407,53.102,52.187,51.576,50.05,49.745,47.609,47.304,48.83,51.576,53.713,55.086,53.102,52.492,49.44,51.729,53.255,55.849,54.781,53.865,51.576,50.05,47.914,45.625,43.031,41.505,39.064,37.385,34.181,31.129,25.636,20.905,14.191,5.9511,-1.3733,-6.7141,-13.733,-20.142,-26.093,-30.061,-33.723,-34.486,-37.233,-38.148,-40.59,-42.421,-44.862,-47.151,-50.966,-54.018,-55.849,-57.222,-60.427,-63.021,-66.836,-65.767,-67.141,-65.92,-66.225,-63.936,-61.8,-58.901,-56.612,-54.018,-52.034,-47.456,-45.473,-42.268,-43.947,-45.473,-48.219,-48.372,-51.271,-54.018,-57.985,-60.579,-63.326,-61.953,-61.19,-60.427,-59.664,-56.459,-56.917,-58.901,-61.19,-61.647,-64.089,-62.563,-61.953,-61.8,-64.394,-64.089,-65.462,-66.988,-68.972,-69.582,-73.092,-75.533,-78.585,-77.364,-77.364,-75.838,-74.465,-70.956,-68.514,-66.225,-63.326,-59.206,-56.001,-50.661,-48.067,-43.336,-40.895,-38.606,-37.843,-36.164,-34.028,-30.519,-27.924,-26.093,-23.652,-20.6,-20.447,-18.464,-16.48,-12.36,-9.7659,-6.5615,-3.9674,-1.0681,-4.4252,-11.75,-18.921,-20.905,-20.905,-19.532,-22.279,-23.499,-24.567,-24.262,-25.025,-25.178,-26.399,-26.093,-24.873,-21.058,-17.548,-11.902,-9.7659,-6.1037,-4.4252,-2.1363,-2.5941,-5.4933,-6.8667,-5.3407,-3.357,-0.61037,2.1363,5.9511,6.4089,7.7822,7.1718,7.6296,6.1037,5.7985,4.4252,2.2889,0.61037,0.30519,0.45778,1.3733,-0.76296,-1.3733,-2.8993,-1.8311,-3.6622,-5.1881,-6.4089,-6.8667,-4.5778,0.15259,4.2726,9.4607,13.276,16.175,16.327,18.769,20.142,23.804,28.84,32.655,32.96,32.044,30.061,31.892,30.213,28.993,26.246,25.33,24.262,24.262,21.821,20.295,17.701,14.191,9.6133,6.2563,2.1363,0.45778,-3.5096,-3.8148,-5.4933,-5.1881,-6.7141,-8.8504,-11.444,-14.954,-17.701,-19.379,-20.905,-20.142,-22.889,-26.246,-32.044,-35.401,-38.453,-39.064,-41.047,-41.047,-40.132,-37.538,-36.164,-36.927,-39.521,-43.489,-47.304,-49.287,-51.424,-52.339,-55.849,-57.527,-57.985,-55.849,-55.238,-53.255,-51.424,-48.067,-42.116,-35.249,-28.993,-19.684,-15.107,-10.071,-4.883,0.91556,4.12,5.0356,5.1881,6.4089,7.0193,7.0193,5.4933,4.883,4.2726,4.883,3.0519,0.91556,-0.30519,-2.7467,-6.8667,-10.376,-16.175,-19.684,-25.025,-27.314,-28.23,-24.873,-19.532,-15.412,-13.276,-9.9185,-6.4089,-2.7467,-0.15259,4.4252,5.0356,5.1881,3.357,0.15259,-4.5778,-5.6459,-4.4252,-0.61037,1.3733,3.9674,4.12,6.4089,9.3081,14.801,18.159,24.72,28.993,34.028,38.606,43.336,44.557,46.236,46.846,46.236,43.794,42.421,37.996,33.265,27.772,25.025,19.99,18.006,15.87,13.123,9.6133,6.2563,1.2207,-3.357,-7.6296,-12.665,-20.6,-27.619,-35.249,-42.116,-49.287,-54.628,-58.29,-59.816,-60.579,-60.274,-57.527,-53.255,-46.693,-41.505,-37.69,-32.655,-28.535,-22.431,-16.175,-6.1037,2.8993,10.224,14.801,18.311,21.668,25.788,29.908,33.418,36.164,37.69,39.216,41.505,41.658,41.963,41.2,42.879,42.573,43.031,41.81,41.353,40.132,38.759,36.164,35.096,34.028,34.333,33.113,32.502,28.993,25.941,20.6,17.853,14.801,13.886,12.665,10.834,9.4607,9.9185,11.444,14.344,17.09,21.21,24.72,28.84,30.061,32.96,34.791,38.301,41.047,43.031,44.252,44.557,43.031,41.658,39.216,39.674,39.216,41.81,42.879,46.388,46.541,48.219,46.541,45.625,44.557,44.099,43.031,43.031,42.879,42.726,41.658,43.184,39.369,37.538,35.554,37.996,37.69,38.606,39.064,40.132,41.81,44.71,46.388,48.219,49.135,50.813,49.593,48.067,44.404,42.116,35.859,32.96,29.145,27.314,25.941,25.178,21.363,18.769,18.159,17.853,17.548,20.753,23.194,27.009,28.382,31.434,32.044,33.418,32.197,28.23,23.499,19.99,16.022,14.954,13.276,12.513,10.529,9.1556,6.8667,7.7822,6.5615,5.7985,4.7304,3.5096,0.15259,-5.1881,-11.444,-15.259,-16.48,-17.853,-19.074,-16.785,-16.785,-16.633,-16.327,-13.123,-10.376,-5.1881,-2.5941,-1.3733,-1.9837,-0.91556,-1.3733,-2.2889,-3.5096,-3.357,-6.2563,-7.0193,-9.9185,-10.071,-11.75,-14.496,-19.532,-23.194,-27.467,-31.739,-37.69,-41.81,-45.625,-48.219,-52.187,-55.696,-61.19,-66.53,-73.397,-79.348,-83.01,-84.536,-84.078,-81.637,-80.721,-78.738,-76.449,-71.871,-67.293,-61.342,-55.544,-50.203,-47.914,-44.099,-41.2,-39.064,-37.538,-35.096,-34.028,-32.35,-32.197,-30.213,-29.45,-26.246,-25.788,-22.736,-21.821,-20.905,-22.431,-22.431,-22.126,-22.126,-24.11,-25.941,-28.23,-30.061,-36.012,-41.81,-48.219,-51.729,-54.323,-54.933,-57.527,-59.969,-63.936,-66.53,-68.514,-69.277,-70.04,-70.345,-72.787,-73.55,-75.533,-77.517,-81.942,-85.147,-89.572,-91.403,-94.913,-96.133,-97.354,-98.575,-100.56,-98.422,-96.286,-93.844,-93.997,-92.471,-93.539,-91.098,-89.419,-87.741,-89.724,-88.656,-88.504,-88.656,-90.945,-91.861,-92.929,-91.861,-91.861,-92.013,-92.318,-90.945,-91.861,-91.861,-93.692,-94.607,-96.438,-96.133,-95.37,-93.844,-93.844,-94.913,-95.676,-94.76,-93.997,-93.692,-94.76,-94.302,-94.455,-92.929,-92.624,-89.724,-90.335,-90.793,-92.013,-94.455,-96.896,-97.659,-97.507,-100.25,-103.61,-106.97,-110.63,-109.87,-107.88,-104.68,-102.69,-99.185,-97.049,-94.15,-91.708,-90.182,-90.945,-91.556,-90.03,-87.13,-84.536,-80.721,-77.364,-72.024,-68.972,-64.852,-61.8,-57.985,-57.985,-57.985,-57.222,-53.56,-52.644,-52.034,-51.118,-49.745,-48.372,-47.761,-49.593,-50.356,-52.797,-53.713,-54.781,-52.644,-50.966,-46.693,-45.015,-42.421,-41.505,-39.064,-37.996,-38.606,-41.2,-43.641,-46.541,-47.761,-49.898,-49.593,-51.729,-53.407,-59.206,-65.462,-72.329,-76.754,-80.721,-83.926,-84.078,-81.179,-78.28,-75.533,-74.923,-72.787,-73.702,-75.076,-77.212,-77.059,-75.076,-71.261,-68.209,-66.073,-65.615,-64.699,-62.868,-57.68,-50.813,-41.505,-33.57,-23.499,-17.701,-11.597,-7.6296,-2.5941,0.45778,2.7467,5.7985,8.8504,8.3926,8.8504,10.529,12.97,12.97,14.496,13.428,13.123,10.834,11.902,13.733,16.175,16.175,16.175,16.785,19.99,20.905,24.415,24.873,27.314,28.382,33.418,34.791,36.622,38.148,39.979,42.879,45.778,47.304,47.914,47.456,48.372,48.83,51.576,53.255,55.238,56.459,57.07,57.833,57.375,54.476,52.644,51.271,48.83,44.71,41.658,38.911,37.843,33.418,30.366,27.619,27.467,25.33,23.499,20.295,16.48,12.818,9.9185,6.1037,5.6459,4.5778,5.7985,4.883,6.7141,7.1718,10.376,10.987,13.123,14.496,15.412,15.564,15.412,17.09,20.295,21.516,23.347,25.636,28.993,32.502,36.927,41.963,48.83,54.018,58.901,64.394,68.819,73.092,77.364,79.806,80.569,79.958,81.027,80.416,79.043,77.212,75.381,71.261,65.92,58.29,53.102,50.05,47.761,46.846,46.693,45.93,45.167,42.573,41.047,38.148,35.707,30.366,26.399,19.074,12.97,7.1718,1.0681,-6.2563,-14.039,-20.6,-24.262,-25.178,-26.704,-30.061,-31.587,-32.197,-31.587,-31.892,-32.044,-33.265,-34.486,-37.385,-38.759,-38.911,-35.096,-34.944,-34.181,-34.333,-35.554,-41.505,-46.236,-52.034,-56.001,-59.664,-63.478,-68.056,-72.939,-81.637,-91.708,-102.24,-106.81,-109.56,-109.1,-110.48,-113.07,-117.65,-120.4,-123.45,-125.74,-127.72,-126.8,-125.58,-124.52,-125.58,-126.19,-128.48,-127.57,-126.8,-124.06,-122.23,-116.89,-110.78,-102.54,-94.913,-87.893,-82.095,-75.228,-70.498,-65.462,-63.784,-59.053,-54.781,-48.067,-40.895,-32.655,-26.093,-17.09,-7.9348,1.0681,8.8504,18.769,28.077,37.843,43.794,50.508,53.102,53.865,50.661,47.151,44.099,40.284,37.385,39.064,42.116,45.015,47.151,50.05,50.203,51.271,52.339,55.391,58.138,61.037,63.478,66.225,68.972,71.108,73.092,75.228,73.244,70.345,64.394,60.579,56.917,56.917,56.764,56.459,54.933,53.713,50.813,47.914,42.879,37.843,31.892,26.856,21.821,17.243,11.597,5.9511,-1.2207,-7.9348,-15.412,-23.804,-30.519,-33.723,-38.148,-40.437,-44.557,-47.151,-50.203,-51.881,-53.102,-54.018,-55.696,-56.917,-60.884,-61.037,-60.884,-57.07,-52.644,-44.404,-37.233,-28.23,-23.347,-18.464,-14.191,-9.9185,-6.1037,-1.2207,1.0681,4.4252,5.9511,7.7822,7.9348,10.071,10.071,11.597,12.97,15.412,16.175,16.327,16.022,14.649,9.1556,4.12,-2.5941,-6.7141,-14.039,-20.905,-29.603,-35.249,-40.284,-43.184,-45.778,-49.898,-54.781,-58.29,-60.274,-61.953,-63.478,-64.241,-66.988,-68.667,-72.634,-73.855,-75.381,-74.618,-75.838,-79.501,-83.163,-84.994,-84.536,-81.484,-78.127,-74.618,-72.787,-70.498,-70.04,-67.904,-64.699,-61.647,-61.8,-61.037,-61.342,-62.563,-62.563,-61.342,-59.053,-56.459,-56.154,-55.391,-57.68,-56.764,-56.612,-55.849,-57.527,-59.206,-61.19,-64.852,-69.124,-72.329,-75.381,-73.855,-72.634,-68.361,-64.241,-57.833,-54.933,-51.576,-49.44,-47.456,-44.099,-37.69,-31.129,-24.262,-19.074,-12.97,-9.9185,-5.3407,-1.6785,2.8993,1.2207,3.0519,5.6459,7.9348,7.1718,8.0874,9.1556,11.444,11.292,11.902,9.4607,8.5452,7.0193,5.1881,-1.0681,-5.1881,-9.9185,-14.954,-23.347,-29.603,-37.996,-44.404,-51.729,-57.985,-65.31,-69.887,-77.67,-83.01,-89.724,-94.607,-100.41,-107.12,-113.53,-117.8,-120.7,-119.17,-119.02,-117.65,-116.73,-114.44,-112.77,-108.65,-103.92,-97.659,-92.471,-86.367,-80.874,-76.754,-72.024,-66.53,-63.478,-58.138,-52.187,-44.252,-38.911,-32.044,-26.551,-22.279,-18.921,-14.191,-10.834,-7.0193,-3.5096,1.6785,4.883,10.224,14.954,21.363,27.772,35.096,38.148,40.742,42.726,46.236,49.745,52.797,54.17,55.391,52.95,49.593,43.641,40.437,35.554,31.587,27.467,26.704,24.873,21.363,16.785,12.665,9.4607,6.4089,2.8993,4.4252,6.7141,12.207,16.938,23.347,27.619,32.807,37.69,43.641,47.456,51.424,54.323,58.138,61.342,65.157,69.43,76.144,79.501,83.621,84.231,85.604,83.926,83.926,81.79,79.196,74.618,70.65,65.767,62.105,55.849,50.813,43.794,37.843,29.603,24.415,18.616,14.954,11.75,11.139,10.987,9.6133,7.477,6.4089,6.5615,8.0874,9.6133,12.665,15.717,19.074,20.905,24.873,27.619,31.281,33.265,35.096,36.012,38.301,39.827,41.2,40.895,42.421,41.047,41.658,40.132,40.132,38.301,37.08,34.944,34.639,34.181,34.791,35.401,36.622,36.622,38.453,40.742,45.93,48.677,55.086,60.579,66.683,69.43,72.176,74.77,77.822,80.874,81.637,80.264,79.501,79.958,82.553,83.621,84.841,84.994,87.283,88.504,89.724,91.556,92.929,93.081,92.318,91.708,91.708,91.25,91.861,91.708,91.098,88.351,86.673,83.316,81.637,80.264,79.653,80.264,81.484,81.637,81.332,80.569,82.095,82.247,83.926,83.926,84.384,84.231,84.994,85.757,87.741,89.267,91.708,93.387,95.218,97.507,99.796,101.32,103.15,102.69,101.32,96.896,94.302,90.03,87.436,84.384,83.163,82.4,82.247,79.958,79.958,79.043,79.958,78.433,79.348,78.433,79.501,78.127,76.601,74.313,73.397,72.176,71.566,71.261,71.261,70.345,70.193,71.413,73.244,71.871,71.261,68.514,67.293,64.089,61.19,56.307,52.797,49.287,46.388,41.81,36.775,28.84,22.431,15.87,11.292,3.9674,-0,-5.0356,-6.2563,-9.6133,-12.513,-16.327,-19.227,-22.889,-26.093,-29.603,-31.281,-34.791,-36.012,-37.843,-37.538,-37.538,-36.164,-33.876,-28.84,-27.314,-23.957,-21.058,-16.48,-12.207,-7.6296,-2.8993,0.91556,2.8993,2.8993,0.45778,-0.76296,-4.7304,-8.0874,-13.123,-13.886,-16.327,-19.379,-22.889,-26.704,-30.976,-33.876,-37.08,-37.996,-37.538,-35.707,-35.859,-36.622,-39.369,-38.911,-39.827,-38.759,-38.759,-37.996,-38.453,-35.707,-33.57,-30.061,-27.314,-25.941,-25.33,-20.142,-18.159,-13.581,-12.055,-8.8504,-10.071,-10.987,-12.665,-13.276,-16.022,-18.006,-21.058,-24.72,-31.587,-36.317,-41.353,-42.726,-45.778,-46.388,-48.982,-49.135,-52.034,-54.17,-54.933,-52.187,-51.118,-51.424,-52.034,-50.661,-48.677,-41.963,-36.927,-30.061,-26.856,-23.957,-25.483,-25.788,-27.619,-28.993,-27.924,-23.804,-20.6,-18.159,-17.853,-14.954,-11.902,-8.8504,-10.681,-12.207,-13.123,-11.139,-11.292,-8.5452,-6.8667,-3.0519,-0,1.6785,2.5941,3.8148,6.8667,13.581,18.311,23.041,24.11,28.993,30.976,33.57,35.096,39.369,45.32,49.287,50.966,51.424,51.729,51.424,52.187,54.781,54.476,53.56,50.966,51.424,51.118,51.729,52.492,51.271,49.44,47.456,44.862,44.71,46.236,49.44,51.118,52.95,52.492,52.492,52.797,53.407,52.187,50.508,49.135,47.151,45.167,45.32,41.353,39.827,38.759,37.996,37.385,36.012,34.028,31.129,28.535,27.161,26.551,24.72,23.194,24.415,25.636,27.772,25.788,23.041,22.584,23.347,19.837,16.022,11.139,5.9511,2.5941,1.2207,-1.5259,-1.9837,-1.5259,-1.0681,-1.9837,-0.45778,-1.9837,-2.2889,-3.0519,-2.7467,-1.5259,-2.2889,-3.8148,-4.7304,-5.9511,-5.9511,-12.207,-15.87,-21.821,-24.567,-28.23,-28.535,-28.993,-30.061,-31.892,-32.044,-32.655,-32.197,-31.587,-28.84,-25.788,-20.447,-18.006,-14.801,-15.107,-15.717,-17.853,-18.311,-17.396,-15.259,-13.123,-10.071,-7.9348,-6.8667,-6.5615,-7.0193,-9.3081,-9.1556,-11.139,-11.444,-13.428,-12.207,-11.292,-8.3926,-7.0193,-5.6459,-4.883,-3.5096,-1.3733,0.15259,-0.15259,-0.61037,-1.9837,-3.5096,-6.4089,-5.7985,-5.7985,-4.5778,-7.7822,-13.123,-16.785,-19.227,-21.363,-22.431,-24.415,-26.399,-28.993,-30.824,-33.876,-35.707,-39.674,-43.641,-48.372,-50.508,-54.628,-56.001,-55.849,-56.001,-57.222,-56.612,-55.391,-52.95,-49.898,-44.557,-38.606,-31.129,-26.246,-18.311,-13.276,-6.2563,-2.2889,0.30519,0.61037,0.61037,0.61037,0.76296,-0.76296,-1.0681,-2.1363,-0.15259,-0.76296,-1.2207,-4.4252,-3.9674,-4.883,-2.5941,-0,3.6622,7.0193,11.597,13.733,16.327,15.87,18.769,19.379,19.074,17.853,19.684,21.821,28.535,34.181,38.606,41.505,43.794,43.947,42.573,41.505,41.353,42.116,46.236,50.508,54.781,57.527,61.037,63.784,65.615,65.462,66.073,67.598,70.65,73.244,75.686,77.67,80.721,81.79,85.147,87.436,91.861,95.065,97.964,99.796,101.02,101.63,102.54,103.92,107.88,110.63,116.12,117.95,122.07,124.82,128.94,130.77,134.13,138.55,144.2,147.56,150.61,153.36,158.7,163.58,167.7,169.38,173.8,176.24,180.67,183.72,188.76,191.66,195.32,197.45,198.52,198.83,197.76,195.47,193.95,193.64,196.08,196.23,198.07,197.76,199.59,199.13,198.07,197.76,197.76,198.22,199.59,201.73,204.78,205.39,206.76,205.85,206.76,206.31,208.75,209.05,210.27,213.17,216.38,219.28,221.72,222.17,221.72,220.34,220.34,218.51,217.44,214.55,213.02,210.88,210.73,209.51,209.97,208.59,206.46,203.25,199.29,195.32,189.52,182.65,177.62,171.82,167.7,161.14,155.19,148.78,144.66,141.3,137.49,134.43,132.15,128.03,123.75,118.41,114.9,110.48,108.19,104.53,103.31,99.033,96.286,92.318,90.182,88.198,86.367,84.536,83.316,79.196,74.923,69.887,65.615,59.664,57.375,51.729,46.083,38.759,34.333,30.213,27.161,24.873,23.194,22.126,20.753,18.921,16.633,14.801,13.733,11.292,9.4607,7.9348,7.7822,4.12,2.1363,0.91556,-1.6785,-7.3244,-11.75,-14.954,-15.717,-17.396,-19.074,-21.973,-21.516,-23.041,-22.126,-22.584,-21.058,-20.6,-20.6,-22.584,-26.399,-30.519,-33.418,-35.249,-36.622,-39.216,-39.216,-40.742,-39.979,-38.759,-34.486,-35.554,-37.538,-39.216,-42.268,-46.236,-50.508,-57.375,-64.241,-72.176,-78.89,-85.91,-91.25,-97.812,-105.44,-113.99,-119.79,-122.68,-126.19,-131.08,-133.21,-135.96,-142.52,-150.91,-156.25,-161.6,-162.36,-164.34,-162.66,-163.27,-164.34,-166.63,-166.02,-166.94,-171.36,-176.09,-179.45,-183.11,-187.84,-192.11,-191.5,-190.44,-187.54,-185.4,-182.5,-185.71,-191.66,-200.05,-208.14,-214.55,-222.33,-233.16,-245.52,-259.87,-270.55,-281.84,-287.33,-294.35,-299.84,-304.73,-305.64,-303.51,-300.76,-300.15,-299.08,-296.79,-292.98,-291.3,-289.77,-288.09,-282.14,-277.57,-272.07,-266.43,-254.52,-241.55,-230.41,-220.8,-215.61,-212.56,-209.97,-208.9,-207.37,-207.83,-205.85,-205.08,-200.51,-199.13,-198.98,-199.44,-199.74,-201.42,-202.19,-200.35,-198.98,-198.98,-198.98,-198.68,-198.22,-200.2,-200.66,-201.42,-199.29,-197.61,-194.56,-190.89,-186.16,-181.43,-175.63,-169.53,-162.36,-153.66,-142.52,-128.94,-115.05,-105.59,-93.844,-84.231,-74.465,-67.446,-59.664,-52.339,-45.625,-38.911,-31.587,-29.145,-28.077,-31.129,-35.707,-39.216,-41.963,-46.541,-51.118,-56.001,-58.748,-63.478,-65.462,-66.683,-65.615,-63.021,-57.527,-49.135,-39.521,-30.061,-23.804,-20.753,-15.412,-13.276,-11.444,-10.681,-8.24,-5.7985,0.30519,6.7141,12.207,15.717,19.074,21.668,22.736,22.889,21.973,21.516,23.652,26.399,30.824,31.892,36.012,39.216,43.336,46.083,50.508,52.95,54.476,54.781,54.476,54.933,55.391,54.781,55.696,52.492,48.982,41.81,36.47,32.35,31.434,28.535,28.535,29.603,30.213,28.535,25.788,23.194,24.72,26.551,29.756,30.366,34.181,35.554,36.927,36.927,39.979,43.031,47.151,50.508,52.95,54.933,56.917,57.527,58.443,57.375,55.086,50.813,48.524,45.625,44.099,40.284,38.606,35.707,32.655,31.129,32.197,32.197,29.45,23.804,18.616,14.344,11.444,8.5452,10.987,14.954,22.126,27.314,33.418,39.369,45.015,49.593,54.933,59.358,62.868,65.462,66.073,64.394,65.31,65.157,67.293,68.209,70.956,72.329,73.855,74.923,75.533,74.465,75.228,75.533,75.076,71.871,66.988,61.037,56.307,50.05,46.999,42.573,41.658,41.353,40.742,39.216,40.59,43.489,48.677,54.781,63.784,73.092,82.4,87.741,93.997,95.981,98.27,98.575,98.27,94.76,92.013,87.893,85.147,81.942,81.027,81.637,84.231,86.52,90.64,91.708,91.861,86.673,82.4,76.907,75.381,71.413,67.293,64.089,61.8,58.901,57.68,58.138,59.053,56.307,55.086,52.644,52.187,51.424,52.644,54.628,55.391,56.154,53.865,52.797,52.492,51.576,49.135,45.93,43.031,41.047,42.726,43.336,45.93,45.625,46.388,47.914,51.424,53.407,53.865,53.56,51.271,48.372,47.304,48.83,51.424,52.492,54.17,55.238,57.68,57.222,56.764,57.527,58.901,59.206,57.07,52.187,46.999,41.2,35.401,27.772,26.246,23.347,20.753,17.701,19.074,16.785,14.649,10.987,8.5452,3.8148,-0.30519,-2.2889,-2.2889,0.45778,6.1037,9.3081,12.665,13.276,17.548,21.973,28.84,32.655,37.385,38.606,41.963,42.573,43.031,42.879,41.047,38.759,39.216,39.216,38.148,34.333,29.603,23.499,18.616,13.123,9.6133,4.883,2.1363,-1.6785,-4.7304,-5.3407,-0.45778,3.8148,8.5452,9.9185,13.733,14.496,17.701,18.159,18.769,19.074,18.464,16.327,15.412,15.259,16.022,15.564,16.175,14.801,14.801,12.818,12.97,10.529,9.3081,6.1037,4.883,1.8311,-1.8311,-7.1718,-10.376,-15.87,-21.21,-29.298,-34.486,-41.81,-45.167,-49.44,-51.576,-55.696,-56.917,-58.596,-56.001,-55.238,-52.95,-49.593,-46.388,-45.32,-43.794,-43.336,-40.437,-40.59,-39.369,-37.385,-34.486,-32.655,-31.281,-32.044,-33.57,-35.707,-36.012,-37.538,-37.385,-40.132,-39.827,-39.216,-34.944,-30.976,-25.788,-22.279,-18.464,-17.243,-16.022,-14.191,-12.665,-14.191,-16.48,-20.753,-23.041,-27.924,-30.061,-34.486,-37.08,-41.81,-46.236,-53.407,-61.037,-64.852,-68.819,-73.244,-75.991,-79.958,-81.027,-82.705,-81.332,-80.264,-77.364,-75.686,-71.108,-68.209,-63.021,-59.664,-59.664,-62.563,-65.615,-69.43,-72.329,-74.923,-73.55,-73.244,-72.329,-73.092,-70.803,-70.65,-71.261,-71.261,-70.65,-69.887,-67.904,-65.004,-64.241,-65.92,-67.751,-71.261,-74.618,-79.653,-83.621,-88.198,-89.114,-90.182,-90.03,-89.877,-90.03,-91.708,-93.692,-97.201,-98.27,-97.659,-96.438,-98.422,-98.422,-100.1,-100.1,-103.46,-106.81,-110.78,-112.77,-112.16,-110.17,-105.9,-98.88,-92.471,-86.215,-82.553,-79.043,-78.585,-76.601,-74.923,-70.345,-66.53,-59.816,-52.339,-45.778,-40.895,-37.08,-36.775,-37.996,-39.827,-39.369,-40.59,-41.81,-42.879,-41.963,-43.031,-43.947,-46.083,-48.982,-52.339,-53.865,-54.018,-53.865,-54.781,-54.781,-56.001,-54.018,-51.729,-47.304,-44.099,-40.437,-37.385,-34.181,-31.281,-29.908,-31.434,-34.333,-36.775,-37.385,-37.538,-36.012,-35.096,-31.892,-29.145,-25.636,-23.499,-19.684,-16.327,-12.207,-5.9511,-0.76296,0.15259,-1.3733,-5.3407,-6.1037,-9.4607,-10.071,-10.071,-9.4607,-10.529,-9.7659,-10.071,-9.4607,-9.7659,-11.902,-14.496,-16.785,-21.363,-26.093,-29.756,-30.366,-31.892,-31.739,-32.807,-30.061,-28.23,-24.11,-22.279,-22.431,-23.652,-25.025,-26.093,-25.178,-25.178,-23.347,-21.668,-18.159,-19.837,-21.516,-25.483,-26.551,-28.077,-26.399,-22.736,-19.227,-18.464,-18.464,-17.853,-13.733,-8.3926,-0.91556,3.5096,11.139,18.006,26.551,33.418,39.064,41.505,43.184,42.879,44.099,43.794,42.879,40.132,37.996,34.791,32.502,28.84,28.535,28.382,29.756,28.84,28.84,28.687,29.45,27.619,24.11,19.99,17.701,14.191,11.902,6.7141,2.8993,-1.9837,-2.2889,-1.6785,1.0681,4.12,6.5615,4.12,3.5096,2.2889,-0,-2.1363,-0.45778,-0.15259,1.3733,-0.15259,-1.6785,-3.2044,-1.9837,-0.76296,-0.30519,-1.0681,-2.1363,-3.357,-4.12,-3.357,-0.15259,2.8993,7.9348,11.139,15.259,18.921,25.178,27.009,30.976,33.418,33.57,32.655,31.281,27.772,22.126,14.954,10.681,9.1556,11.902,17.09,23.041,25.33,28.077,27.619,27.314,26.856,26.399,24.262,22.736,21.516,21.058,17.548,11.75,5.3407,0.61037,-5.1881,-7.6296,-11.75,-12.97,-16.785,-19.532,-22.431,-25.941,-29.45,-32.807,-33.57,-32.807,-32.502,-29.908,-28.382,-26.704,-25.941,-23.957,-23.194,-21.363,-19.532,-13.428,-6.5615,-0.30519,3.2044,6.5615,11.292,16.022,18.616,22.584,24.11,27.619,30.976,36.012,39.827,45.778,52.034,59.511,65.767,69.887,71.871,72.787,72.176,71.871,68.667,65.462,60.884,57.833,53.865,54.933,53.865,52.644,51.424,50.05,44.71,38.911,35.707,33.57,30.366,29.756,29.298,30.213,30.061,32.044,30.671,27.467,25.025,23.652,23.194,26.093,32.197,38.759,43.641,48.524,50.508,52.644,51.271,52.034,48.982,46.693,43.031,40.132,37.233,34.333,30.519,26.551,23.804,22.279,21.21,19.837,17.09,14.954,10.834,9.9185,6.2563,3.9674,1.5259,-1.9837,-7.0193,-9.9185,-12.665,-15.412,-19.379,-23.804,-26.704,-29.145,-30.976,-30.519,-32.35,-30.519,-29.145,-25.941,-22.736,-16.633,-10.224,-5.4933,-2.8993,-0.76296,0.76296,4.4252,9.4607,18.159,22.889,27.924,28.23,30.976,32.044,34.944,37.233,39.979,37.69,34.333,28.23,23.041,17.396,14.649,10.834,11.597,9.6133,7.7822,4.2726,1.3733,-3.357,-7.0193,-9.7659,-11.444,-11.444,-8.6978,-6.1037,-2.5941,0.76296,7.1718,11.292,17.243,21.516,27.619,31.434,35.859,37.996,40.895,42.573,45.625,48.219,50.966,51.271,52.187,50.203,50.203,47.609,45.625,42.421,38.148,31.739,24.567,15.564,5.0356,-8.0874,-18.311,-27.314,-35.096,-45.32,-52.187,-59.053,-63.936,-70.04,-75.228,-80.416,-83.163,-82.247,-78.433,-74.16,-69.124,-65.615,-60.274,-57.833,-54.628,-50.966,-45.473,-42.421,-39.521,-37.385,-36.164,-35.554,-32.655,-29.756,-26.246,-22.736,-16.633,-13.733,-9.9185,-7.1718,-3.8148,-4.5778,-6.1037,-7.3244,-8.8504,-11.444,-12.818,-13.886,-13.733,-14.039,-12.207,-13.581,-13.886,-14.649,-11.902,-11.902,-9.7659,-9.9185,-10.834,-11.902,-10.987,-9.1556,-5.9511,-5.6459,-5.3407,-5.3407,-3.6622,-3.8148,-2.5941,-2.4415,-0,2.1363,4.5778,4.883,5.6459,5.1881,5.6459,6.2563,8.8504,11.139,16.022,18.159,19.99,19.227,19.379,19.99,25.483,30.519,34.639,35.707,37.385,36.317,36.775,35.249,34.639,31.892,32.655,29.756,28.382,24.72,21.363,18.159,17.243,18.921,23.194,26.093,28.382,28.84,30.213,30.824,31.892,32.197,33.876,35.401,35.859,36.317,36.927,37.385,37.08,37.233,38.301,40.895,43.336,43.947,48.067,51.881,58.138,64.241,72.634,79.806,87.436,92.166,97.659,103.61,111.09,115.36,120.55,123.29,128.03,131.08,134.89,137.49,141.15,146.34,150.15,152.75,155.64,157.93,160.37,161.14,163.88,166.33,168.61,169.84,173.35,176.4,179.6,181.59,182.35,182.2,182.04,181.59,182.96,182.65,184.64,185.55,187.23,186.32,186.16,186.47,187.23,187.08,187.54,187.54,187.08,185.25,182.96,179.3,178.53,178.84,180.06,180.06,181.28,182.96,186.47,189.37,192.72,195.78,197.61,199.9,203.41,204.32,206,206.76,208.9,210.12,210.43,208.29,206.61,202.64,199.74,197,194.1,187.69,180.67,174.26,169.84,163.43,157.93,150.91,147.4,143.74,140.39,136.72,134.43,130.92,127.41,122.84,120.24,117.65,118.56,117.65,118.11,116.89,116.58,115.82,116.12,115.67,116.28,117.8,120.55,121.92,122.99,122.68,123.45,121.16,120.09,117.8,117.04,113.99,109.87,103.31,97.354,91.25,86.062,80.111,75.533,68.056,62.105,55.238,48.067,37.843,28.382,18.769,10.376,2.2889,-4.883,-10.071,-14.039,-17.701,-23.652,-27.314,-29.145,-31.281,-31.892,-32.502,-32.807,-33.418,-32.96,-34.028,-34.639,-35.249,-35.707,-34.181,-30.824,-28.077,-25.33,-23.041,-20.6,-20.142,-15.717,-12.818,-9.6133,-5.4933,0.61037,5.6459,9.9185,11.292,10.529,9.9185,9.003,6.8667,6.7141,5.3407,5.7985,5.4933,3.357,-1.5259,-4.4252,-8.0874,-10.681,-12.207,-12.36,-13.123,-15.412,-18.006,-19.99,-23.804,-26.093,-27.924,-25.941,-23.041,-21.058,-19.837,-21.058,-21.058,-22.736,-25.483,-28.077,-31.434,-35.401,-39.827,-41.047,-44.862,-46.693,-49.898,-51.424,-56.001,-57.375,-59.358,-59.511,-62.258,-64.089,-65.31,-64.547,-65.615,-63.478,-64.394,-64.241,-66.53,-67.293,-70.04,-73.092,-78.433,-84.384,-90.182,-93.234,-97.507,-101.17,-105.9,-110.63,-116.89,-120.24,-127.11,-131.99,-137.64,-141,-143.28,-142.98,-142.52,-144.2,-147.71,-151.52,-156.71,-159.76,-160.37,-159.92,-160.07,-160.83,-164.19,-164.49,-163.43,-158.09,-155.49,-153.51,-152.9,-152.13,-153.05,-153.66,-156.56,-159.76,-163.43,-165.41,-168,-169.68,-170.29,-169.07,-170.14,-170.14,-169.68,-169.07,-168.61,-168.61,-168.77,-169.38,-170.45,-169.84,-167.85,-166.48,-166.17,-165.11,-164.8,-161.9,-162.05,-164.65,-168.61,-171.82,-174.41,-175.63,-174.41,-171.67,-169.99,-167.85,-167.09,-166.33,-166.02,-165.87,-167.85,-170.45,-176.7,-179.6,-181.59,-181.74,-179.3,-176.4,-173.96,-171.51,-166.48,-161.29,-155.19,-148.78,-144.2,-136.88,-131.08,-125.13,-119.94,-112.46,-106.51,-101.32,-97.049,-91.25,-87.588,-85.604,-84.536,-82.858,-80.264,-74.77,-71.566,-69.887,-72.634,-74.77,-77.364,-77.67,-79.043,-83.316,-87.893,-89.267,-91.403,-94.607,-98.88,-101.17,-105.29,-106.51,-106.51,-105.59,-105.14,-104.68,-106.36,-108.65,-110.78,-111.24,-113.22,-115.97,-119.48,-119.94,-121.92,-121.92,-120.85,-116.43,-114.6,-111.55,-109.56,-107.73,-106.2,-103.61,-99.033,-93.997,-89.877,-84.231,-79.043,-73.855,-70.803,-67.293,-65.004,-60.121,-57.833,-55.544,-55.086,-56.764,-59.511,-61.19,-64.089,-69.735,-77.212,-82.705,-87.741,-88.351,-89.724,-86.673,-80.264,-74.313,-67.141,-59.816,-53.865,-48.83,-44.252,-42.268,-39.674,-34.181,-32.044,-29.145,-25.941,-20.142,-16.022,-11.139,-8.0874,-2.1363,2.4415,5.9511,7.9348,11.597,12.513,17.548,22.431,28.077,30.519,35.249,37.385,41.658,44.862,48.83,52.187,57.07,59.053,61.953,65.615,71.566,73.397,75.381,74.313,72.329,69.735,68.667,65.462,62.716,60.121,57.375,55.086,52.492,48.83,45.32,41.2,38.759,36.012,34.486,33.113,30.671,26.704,25.941,28.23,33.723,37.996,44.404,46.846,50.05,52.034,56.764,60.732,67.598,75.381,83.926,93.997,104.22,114.44,122.23,126.35,128.94,130.47,131.84,132.45,135.35,136.72,136.88,136.88,136.11,133.98,130.92,124.36,117.65,108.95,100.41,90.335,80.721,69.277,60.427,54.018,48.067,41.505,36.317,29.908,24.873,19.074,14.191,5.1881,-0,-5.4933,-10.834,-17.243,-20.295,-20.6,-20.753,-20.142,-15.107,-9.6133,-1.9837,5.0356,13.581,19.379,25.788,26.856,28.077,27.314,28.077,28.993,31.434,33.265,36.164,35.096,33.723,29.45,28.993,26.704,27.467,27.009,26.856,21.363,17.396,13.581,9.1556,5.7985,1.8311,-3.6622,-7.477,-10.987,-12.513,-14.039,-13.428,-13.123,-12.207,-11.292,-9.9185,-10.834,-11.597,-12.818,-13.581,-12.207,-10.071,-10.224,-9.6133,-10.376,-9.7659,-9.3081,-3.9674,-0.91556,3.2044,5.7985,9.4607,13.886,19.837,24.262,27.161,27.161,26.246,22.889,18.921,14.649,13.428,12.055,11.75,8.0874,4.883,1.8311,-1.9837,-5.6459,-9.3081,-14.039,-17.09,-21.821,-23.347,-26.246,-28.382,-33.57,-35.859,-38.148,-40.284,-42.879,-46.693,-51.118,-54.323,-54.018,-51.118,-47.456,-41.658,-37.08,-31.892,-29.908,-26.551,-25.636,-26.093,-27.467,-27.009,-25.483,-23.194,-21.516,-19.227,-17.243,-13.276,-15.717,-18.311,-23.804,-25.941,-29.603,-32.044,-32.502,-30.519,-30.824,-31.281,-32.96,-35.249,-37.69,-35.859,-34.791,-33.723,-36.317,-36.47,-36.164,-36.927,-41.505,-45.778,-48.83,-51.424,-55.238,-56.612,-57.68,-56.459,-58.138,-56.917,-55.696,-52.492,-50.356,-46.999,-45.93,-44.557,-42.726,-40.59,-37.843,-32.807,-29.756,-25.788,-23.652,-21.21,-18.159,-12.36,-7.477,-4.12,-3.6622,-4.4252,-6.8667,-6.5615,-6.2563,-5.6459,-9.4607,-12.513,-17.09,-21.058,-27.619,-32.502,-35.249,-36.164,-37.233,-36.775,-36.012,-35.859,-38.759,-38.148,-38.911,-37.69,-38.759,-39.369,-41.81,-47.151,-52.644,-57.985,-65.004,-67.293,-68.972,-68.209,-68.819,-68.514,-69.887,-68.514,-64.241,-57.985,-52.95,-48.219,-46.236,-44.71,-44.862,-43.641,-43.794,-41.505,-40.132,-36.012,-35.401,-34.791,-35.859,-37.69,-40.59,-42.726,-43.336,-42.116,-41.81,-39.827,-38.911,-36.47,-36.164,-35.554,-37.538,-37.233,-37.233,-35.859,-34.333,-32.502,-31.129,-27.161,-24.72,-21.821,-22.736,-23.041,-24.873,-25.025,-26.856,-28.993,-31.281,-31.892,-30.061,-28.535,-29.603,-31.587,-36.164,-38.148,-39.216,-39.064,-40.895,-42.726,-44.71,-44.252,-42.726,-39.827,-37.538,-35.401,-34.639,-33.265,-33.57,-31.892,-31.892,-30.976,-30.061,-28.23,-26.093,-22.889,-20.753,-18.464,-17.09,-14.496,-14.496,-12.97,-13.276,-11.292,-11.75,-11.292,-9.003,-7.9348,-8.24,-7.3244,-5.7985,-4.5778,-5.1881,-3.0519,-2.4415,-0.15259,-0,1.5259,-0.45778,-0.45778,-1.6785,-0.91556,-0,2.1363,4.4252,6.7141,7.0193,9.6133,10.224,11.597,12.818,15.717,15.717,15.412,12.818,11.444,9.4607,9.7659,8.0874,6.1037,1.8311,-0.30519,-4.12,-6.1037,-9.7659,-11.75,-14.039,-15.717,-17.548,-15.717,-16.175,-14.344,-13.428,-9.003,-6.4089,-4.883,-7.3244,-7.9348,-8.5452,-7.7822,-7.6296,-7.6296,-7.7822,-4.883,-2.8993,1.3733,2.1363,5.0356,6.2563,8.24,9.3081,12.055,13.428,16.48,16.48,15.412,13.123,13.428,12.665,13.276,11.597,13.733,12.818,15.412,17.701,20.447,21.21,21.973,21.363,22.126,22.889,24.415,22.736,23.499,21.21,22.279,20.295,21.058,19.684,17.548,14.649,12.055,10.224,9.003,5.9511,5.6459,5.7985,8.0874,8.8504,8.8504,8.0874,7.9348,6.5615,9.9185,13.733,17.853,20.447,22.279,22.584,25.178,27.161,31.892,32.807,35.249,36.622,41.353,43.489,47.914,51.271,55.849,61.19,66.988,71.261,75.838,79.653,82.4,82.4,82.247,80.264,78.738,74.618,71.108,69.735,71.718,72.787,72.024,68.056,64.394,60.427,57.07,52.797,49.898,46.083,45.93,46.236,48.067,47.151,45.93,45.473,45.93,46.236,46.236,45.473,45.015,42.573,41.505,38.911,35.707,32.35,30.366,29.298,30.976,29.908,30.366,31.434,34.028,35.859,38.606,39.674,43.336,45.778,47.304,45.778,45.015,43.336,43.336,41.81,40.284,39.521,38.911,36.775,36.317,35.096,35.859,35.096,35.859,36.164,35.707,32.807,32.35,32.35,31.587,29.908,28.687,27.314,26.551,25.636,25.941,25.025,26.551,28.23,29.603,28.23,25.178,19.99,16.327,11.292,7.7822,7.1718,6.2563,5.0356,5.7985,4.5778,4.12,2.1363,2.7467,4.7304,7.6296,9.3081,11.444,14.191,17.548,21.21,24.72,25.788,26.704,26.551,28.535,29.298,29.45,29.298,32.502,36.012,39.369,43.489,45.93,46.693,47.609,47.914,49.287,46.693,44.557,43.031,43.489,42.879,43.184,44.252,45.015,45.93,47.304,49.745,52.339,53.865,55.696,55.086,53.713,50.966,50.05,48.067,46.693,45.473,45.473,45.625,45.473,45.93,45.778,45.778,47.304,48.83,51.729,52.339,53.713,54.933,57.527,58.29,58.138,57.985,60.121,63.631,66.683,69.277,71.108,71.261,72.634,71.261,69.277,65.92,64.699,62.41,61.495,61.19,60.884,61.19,60.579,59.358,57.527,55.544,54.628,52.034,52.034,52.339,52.797,52.339,53.407,54.018,54.17,54.018,55.544,55.696,56.459,57.222,60.732,59.664,59.664,57.527,56.459,53.713,51.881,49.135,45.778,42.573,41.658,39.979,38.301,36.622,35.401,31.281,28.382,24.873,22.889,19.99,16.938,13.428,9.003,3.5096,-1.0681,-3.0519,-4.5778,-8.24,-9.1556,-10.987,-12.97,-16.175,-17.09,-20.142,-20.905,-22.584,-21.668,-21.516,-22.126,-24.415,-28.077,-30.366,-31.129,-34.333,-34.639,-34.791,-33.418,-33.57,-31.281,-31.739,-30.824,-29.603,-29.298,-30.671,-30.824,-31.434,-30.976,-32.655,-34.028,-36.775,-35.249,-35.401,-34.028,-35.096,-34.944,-37.996,-38.911,-39.369,-40.59,-42.116,-41.353,-39.064,-36.622,-36.775,-36.012,-37.08,-34.181,-32.044,-28.687,-26.704,-25.178,-23.957,-21.516,-20.6,-18.159,-14.954,-11.75,-9.3081,-4.7304,-1.3733,1.0681,1.5259,4.7304,5.6459,7.9348,6.5615,5.4933,2.7467,1.6785,-0,-0.30519,-2.7467,-4.2726,-6.8667,-8.6978,-11.75,-12.665,-16.175,-17.396,-20.142,-21.363,-24.11,-25.636,-27.161,-27.467,-28.84,-28.687,-29.145,-27.009,-28.23,-26.704,-25.025,-20.295,-18.311,-16.48,-14.649,-10.376,-5.6459,-0.15259,3.6622,7.477,9.3081,12.97,17.243,22.584,25.025,27.924,28.382,29.145,28.077,24.873,20.295,14.954,8.0874,2.7467,-2.7467,-6.5615,-12.97,-17.243,-23.804,-26.704,-31.587,-34.333,-38.453,-41.963,-45.167,-47.761,-51.271,-52.187,-54.17,-54.323,-54.17,-51.118,-48.067,-44.099,-43.184,-41.2,-41.353,-39.216,-38.148,-36.775,-35.707,-34.486,-33.418,-30.213,-28.993,-27.009,-26.093,-24.11,-25.025,-26.246,-28.382,-27.619,-28.535,-27.619,-26.093,-24.262,-23.957,-24.873,-27.467,-29.145,-33.265,-37.233,-43.489,-50.661,-57.833,-60.884,-65.004,-68.209,-72.787,-73.702,-76.296,-80.111,-83.773,-88.656,-93.844,-97.201,-98.575,-96.438,-94.15,-88.961,-85.299,-80.874,-79.958,-80.264,-83.926,-88.046,-91.403,-93.539,-96.286,-98.575,-98.88,-98.27,-96.744,-94.607,-95.523,-96.133,-101.32,-105.14,-108.95,-110.48,-110.93,-109.41,-106.2,-103.46,-100.71,-99.796,-100.86,-104.22,-107.58,-109.87,-113.83,-113.99,-114.9,-114.44,-116.28,-118.11,-120.24,-122.07,-124.67,-127.87,-131.38,-134.59,-139.16,-142.98,-145.27,-144.66,-146.49,-146.34,-143.44,-136.88,-131.38,-125.74,-119.02,-112.61,-109.26,-107.43,-106.36,-105.44,-105.75,-104.37,-104.37,-101.63,-99.338,-96.438,-92.776,-87.741,-82.553,-77.059,-72.787,-69.277,-65.31,-61.037,-58.138,-55.544,-54.628,-54.17,-56.307,-56.459,-56.307,-54.323,-54.933,-53.713,-52.339,-50.813,-48.067,-44.404,-41.81,-39.521,-36.927,-34.028,-32.502,-29.145,-28.382,-26.093,-24.567,-19.99,-15.717,-12.055,-10.834,-9.9185,-8.6978,-7.6296,-8.8504,-10.376,-13.123,-12.36,-10.376,-6.4089,-2.5941,4.5778,10.224,17.701,22.431,26.093,29.908,36.317,42.116,45.167,47.456,48.677,47.914,47.761,47.914,49.44,49.135,51.729,53.407,56.459,56.917,59.206,62.105,67.598,73.855,79.958,84.231,87.283,88.046,87.741,86.367,87.283,84.689,84.384,82.247,80.874,79.653,81.332,82.4,83.773,85.147,88.198,88.961,88.351,87.13,89.724,90.335,95.065,98.727,104.53,106.66,110.02,113.38,117.34,120.09,120.7,118.87,117.5,116.58,113.22,107.27,101.47,96.286,92.471,87.741,87.283,87.741,90.64,92.013,91.403,90.335,90.335,89.572,88.656,87.588,88.809,89.877,89.724,87.436,88.504,88.961,90.487,94.913,101.63,107.27,111.55,116.43,121.77,125.89,130.31,131.23,133.06,134.28,139.62,141.76,140.08,135.65,129.86,123.29,117.65,113.38,108.95,102.24,97.659,92.013,87.741,82.553,78.738,73.702,67.446,61.19,55.238,49.135,42.268,36.012,32.35,27.161,22.431,15.412,9.4607,3.357,-1.0681,-6.7141,-8.8504,-9.3081,-9.4607,-10.224,-9.003,-9.1556,-4.883,-0.45778,3.6622,5.1881,6.7141,4.5778,5.4933,8.3926,16.785,23.652,28.23,33.265,35.249,34.333,32.502,28.382,23.652,19.074,14.344,7.7822,4.5778,-1.5259,-6.2563,-12.055,-16.175,-20.753,-24.415,-28.23,-30.366,-32.502,-33.723,-34.333,-32.655,-33.265,-31.434,-35.707,-40.742,-44.71,-46.693,-48.677,-50.508,-50.508,-45.625,-40.742,-37.996,-39.827,-38.911,-38.759,-37.538,-40.895,-43.489,-45.167,-42.421,-42.726,-42.268,-39.979,-37.08,-36.012,-35.096,-37.08,-40.437,-45.167,-46.999,-48.372,-46.999,-47.914,-48.677,-50.203,-50.203,-51.118,-50.813,-51.118,-51.881,-53.407,-53.56,-56.307,-59.206,-64.089,-66.836,-72.634,-78.585,-84.841,-88.961,-92.471,-93.539,-92.776,-90.487,-88.351,-85.299,-84.689,-83.621,-84.384,-81.332,-78.433,-72.329,-67.904,-63.326,-59.816,-55.544,-52.797,-50.661,-47.914,-42.116,-38.606,-33.57,-30.366,-26.093,-23.957,-19.99,-18.464,-18.006,-18.311,-18.616,-19.99,-21.821,-25.025,-28.382,-33.57,-35.707,-37.385,-35.249,-35.859,-34.486,-34.333,-31.281,-29.298,-28.687,-29.603,-28.993,-28.687,-28.077,-29.145,-26.856,-25.483,-22.279,-20.142,-16.022,-16.48,-16.48,-16.785,-16.938,-18.921,-18.769,-18.464,-16.938,-18.159,-17.243,-18.616,-18.159,-20.447,-21.363,-24.415,-27.314,-30.213,-32.807,-34.639,-37.08,-41.353,-44.557,-48.982,-49.44,-51.576,-52.797,-56.154,-58.596,-62.258,-64.241,-63.631,-61.647,-59.664,-58.138,-58.443,-57.68,-59.053,-59.816,-62.563,-64.852,-69.582,-73.55,-77.975,-83.01,-86.52,-90.03,-92.318,-94.913,-97.659,-99.033,-103,-104.53,-108.49,-110.02,-111.09,-109.41,-107.58,-104.07,-99.49,-95.218,-90.335,-83.316,-76.449,-68.819,-61.495,-52.492,-46.083,-38.606,-33.265,-26.246,-19.074,-12.665,-6.8667,-0.61037,5.1881,9.7659,10.987,11.292,10.529,13.123,12.665,14.344,15.107,17.548,18.616,21.973,26.246,29.908,28.993,27.161,23.652,22.126,18.464,16.48,12.513,11.292,10.376,10.834,10.681,11.292,10.529,8.8504,5.0356,1.9837,-2.5941,-5.4933,-9.1556,-11.75,-15.259,-14.649,-15.87,-16.327,-16.175,-13.276,-9.3081,-2.2889,1.5259,3.0519,1.3733,0.15259,-3.6622,-5.6459,-7.477,-7.477,-6.4089,-3.8148,-1.5259,-0.45778,-1.0681,-1.0681,-2.5941,-5.7985,-12.36,-15.412,-17.853,-20.753,-24.873,-27.314,-31.129,-35.249,-40.132,-42.879,-46.236,-47.761,-50.661,-54.323,-57.833,-60.732,-64.547,-64.241,-66.53,-67.446,-70.65,-70.956,-71.261,-71.108,-70.65,-69.43,-68.972,-68.972,-68.667,-67.598,-67.904,-67.141,-66.378,-62.868,-60.427,-56.307,-53.102,-50.661,-47.304,-42.879,-37.69,-32.044,-27.314,-22.889,-19.532,-13.733,-10.987,-6.8667,-4.7304,-1.6785,-0,1.8311,1.8311,2.2889,3.0519,3.2044,1.8311,-0.61037,-3.9674,-4.5778,-5.0356,-3.8148,-4.7304,-3.2044,-3.9674,-3.9674,-4.7304,-4.883,-5.3407,-4.883,-5.6459,-6.5615,-5.4933,-2.2889,-3.2044,-1.5259,-0.30519,4.883,9.1556,17.243,24.567,30.824,36.47,43.336,47.456,50.966,52.339,56.307,58.596,60.579,62.563,65.767,67.293,69.735,70.803,73.397,74.923,75.838,77.059,78.738,76.907,75.533,72.329,70.956,69.277,70.345,69.582,69.277,70.04,72.787,76.601,81.79,83.01,83.621,83.01,83.773,85.147,86.978,86.978,86.52,84.231,81.637,79.196,76.449,74.007,72.787,71.108,70.956,70.345,70.65,70.956,72.481,74.77,76.907,77.517,78.585,80.569,84.078,87.13,89.877,90.64,90.945,91.25,89.877,87.741,83.926,80.111,76.296,72.481,68.667,65.157,63.478,62.105,61.953,60.121,60.427,59.053,57.375,58.138,59.816,62.258,63.478,62.105,61.342,60.274,59.664,56.459,53.865,51.881,52.797,52.95,52.187,51.424,50.813,51.424,53.255,52.339,51.576,49.44,48.982,45.167,43.031,41.658,41.2,38.759,34.028,30.976,27.619,23.041,20.905,18.921,18.006,14.801,12.97,11.444,11.597,13.886,15.564,16.022,14.954,10.529,7.9348,5.9511,5.3407,2.7467,0.45778,-3.0519,-7.0193,-10.224,-11.139,-11.597,-13.276,-16.022,-15.412,-15.564,-15.87,-17.701,-21.21,-24.11,-26.246,-26.246,-25.636,-22.431,-19.227,-16.938,-12.055,-8.0874,-4.2726,-2.7467,-1.9837,-3.9674,-6.8667,-9.1556,-9.003,-7.3244,-5.4933,-5.0356,-2.5941,-1.3733,1.9837,2.2889,5.3407,4.883,6.1037,6.5615,8.8504,11.139,13.123,13.276,13.276,13.276,15.412,16.022,18.464,18.464,18.921,15.412,14.191,10.834,8.0874,6.2563,5.3407,4.4252,4.12,4.5778,7.0193,9.3081,14.039,16.633,20.753,23.652,26.093,28.23,30.824,34.333,37.385,39.674,41.047,40.742,42.268,42.879,45.167,45.778,46.846,45.473,45.778,47.761,49.44,51.424,52.187,52.339,50.813,47.609,45.473,43.336,41.658,37.08,34.181,28.535,24.11,18.769,14.191,9.3081,6.2563,3.5096,1.6785,-0.76296,-1.8311,-5.6459,-8.6978,-13.123,-15.259,-16.785,-16.327,-17.396,-18.006,-19.532,-20.447,-20.447,-20.142,-20.905,-20.295,-19.227,-19.074,-20.905,-20.447,-21.21,-19.227,-16.785,-13.733,-10.071,-4.2726,1.9837,9.1556,14.801,22.889,30.366,38.606,43.336,48.219,49.44,54.17,57.07,62.105,66.683,72.634,77.67,82.095,85.91,89.877,94.15,97.659,98.575,99.338,97.354,98.575,99.643,100.86,101.93,104.22,106.66,109.26,112.31,115.05,115.67,114.6,113.38,113.83,111.85,110.32,108.04,106.97,106.36,107.58,109.26,110.02,110.32,112.16,114.44,117.04,118.56,121.46,122.38,125.58,125.13,124.52,121.46,119.17,116.89,114.14,108.65,105.75,101.63,98.88,95.218,93.081,87.283,80.874,74.313,70.956,66.836,63.784,60.274,56.459,53.407,51.576,49.898,48.219,46.541,45.167,42.573,40.284,36.775,35.249,33.265,31.739,29.756,27.619,27.924,29.298,29.603,30.519,32.807,37.69,39.674,43.184,44.71,47.914,49.44,52.339,55.696,59.969,63.784,66.836,69.124,71.108,70.04,68.209,66.073,65.615,61.953,59.511,55.849,53.102,50.203,47.609,46.083,43.947,39.369,37.385,36.012,37.385,38.606,42.421,44.252,43.184,41.658,40.895,39.064,36.927,33.113,29.45,22.431,16.175,9.003,2.8993,-5.9511,-14.344,-19.684,-21.668,-22.126,-23.194,-26.856,-30.366,-33.57,-35.707,-38.911,-39.216,-38.606,-36.622,-35.096,-32.502,-27.924,-25.788,-25.788,-26.704,-30.824,-33.265,-34.181,-33.265,-34.944,-37.843,-40.895,-45.167,-46.999,-48.524,-52.187,-57.833,-59.664,-56.764,-55.238,-53.56,-52.492,-51.271,-51.271,-52.034,-52.492,-55.849,-61.037,-65.462,-68.667,-68.972,-70.498,-70.956,-71.261,-69.43,-68.667,-67.904,-70.956,-74.16,-75.686,-77.059,-80.874,-85.757,-90.64,-90.64,-90.64,-86.52,-82.705,-77.822,-74.007,-70.65,-69.582,-68.819,-69.582,-67.904,-70.193,-75.228,-81.942,-85.604,-90.487,-90.793,-91.861,-92.013,-93.387,-93.387,-93.081,-93.387,-94.455,-93.081,-93.539,-92.471,-93.997,-93.844,-95.523,-92.471,-90.182,-85.91,-84.078,-81.027,-80.264,-81.332,-82.858,-82.705,-83.468,-82.858,-83.926,-83.316,-85.299,-85.299,-88.809,-91.403,-94.302,-94.455,-95.37,-93.234,-90.182,-86.52,-82.705,-77.364,-73.55,-69.887,-69.124,-65.004,-62.716,-60.732,-61.953,-63.631,-65.615,-68.056,-70.956,-74.313,-78.127,-78.433,-80.111,-77.975,-76.296,-72.634,-71.261,-67.751,-64.089,-60.579,-58.443,-54.018,-48.219,-41.047,-36.622,-31.434,-29.145,-26.246,-25.025,-23.347,-21.821,-19.99,-19.074,-17.243,-19.074,-22.279,-26.093,-29.756,-34.944,-36.47,-40.437,-45.015,-48.677,-48.067,-48.067,-45.625,-43.489,-40.284,-37.385,-33.418,-31.129,-28.535,-28.535,-26.551,-28.535,-27.467,-27.314,-23.652,-21.516,-16.785,-13.428,-10.071,-7.7822,-7.3244,-9.4607,-12.36,-18.464,-20.295,-21.516,-21.516,-23.499,-24.11,-26.093,-26.551,-26.704,-25.33,-23.194,-24.567,-28.687,-30.671,-33.57,-33.418,-35.554,-34.486,-34.944,-31.892,-31.434,-31.129,-33.57,-34.791,-33.418,-30.519,-27.009,-22.126,-21.058,-18.769,-18.006,-16.022,-15.717,-12.97,-11.75,-9.7659,-11.75,-14.496,-16.785,-16.785,-18.006,-14.954,-16.48,-16.633,-18.921,-19.379,-21.668,-22.431,-24.72,-25.788,-26.551,-27.161,-32.044,-39.216,-47.456,-51.576,-55.849,-58.138,-61.495,-61.342,-64.241,-64.394,-65.92,-67.293,-67.446,-66.225,-65.31,-62.258,-61.19,-58.748,-55.238,-48.83,-45.167,-41.505,-39.674,-37.233,-37.996,-38.911,-39.521,-37.843,-36.317,-31.281,-28.23,-24.415,-24.11,-21.668,-21.058,-18.311,-15.87,-13.123,-10.834,-7.9348,-6.8667,-4.4252,-5.7985,-5.0356,-4.883,0.91556,5.1881,8.8504,10.987,14.954,20.447,28.687,36.775,43.641,47.304,51.271,52.492,55.086,54.628,55.391,55.086,56.307,58.138,59.053,57.68,56.764,53.865,49.135,43.336,37.69,32.35,28.687,22.584,21.516,22.126,24.262,25.33,25.33,24.415,23.652,23.347,22.736,20.447,19.99,18.311,18.006,15.564,17.09,18.616,21.363,25.025,31.129,37.385,42.421,45.015,48.524,52.95,58.29,60.121,59.816,56.764,53.407,48.067,44.404,38.148,32.96,27.467,20.6,11.597,4.12,-3.9674,-9.6133,-16.633,-22.279,-29.908,-33.723,-36.775,-37.233,-39.064,-41.81,-46.846,-52.339,-58.596,-62.105,-65.004,-63.478,-62.563,-60.274,-58.443,-54.628,-54.17,-52.034,-48.677,-47.456,-48.83,-48.982,-50.661,-52.187,-52.95,-49.898,-48.982,-45.32,-43.336,-39.674,-38.148,-35.096,-31.129,-25.178,-20.295,-17.396,-17.548,-16.633,-20.142,-24.873,-29.756,-32.044,-36.012,-39.521,-45.625,-50.356,-56.764,-60.732,-65.31,-68.819,-71.261,-73.702,-75.686,-74.465,-73.55,-70.04,-67.293,-64.547,-63.784,-63.784,-63.631,-62.868,-65.615,-65.615,-65.767,-66.53,-66.836,-67.293,-67.446,-65.615,-62.41,-55.849,-52.95,-51.424,-52.492,-51.881,-52.187,-50.966,-51.729,-49.287,-46.388,-42.726,-40.59,-40.284,-39.064,-36.164,-33.418,-30.366,-29.756,-29.756,-30.213,-30.519,-32.35,-33.265,-34.333,-34.333,-35.707,-37.08,-37.538,-36.317,-33.57,-30.061,-28.687,-23.804,-21.516,-17.701,-16.633,-16.022,-14.496,-11.292,-8.8504,-7.477,-7.6296,-8.6978,-11.75,-15.717,-20.6,-20.753,-19.074,-15.107,-13.886,-12.36,-11.75,-9.6133,-10.376,-13.581,-17.701,-19.379,-19.379,-19.532,-20.295,-17.396,-13.886,-9.7659,-10.224,-8.0874,-8.3926,-6.1037,-4.4252,-3.2044,-2.8993,-2.1363,-2.1363,-2.2889,-0.76296,0.76296,1.3733,2.2889,1.2207,1.8311,2.1363,5.9511,6.1037,5.3407,4.883,5.7985,6.5615,5.7985,3.6622,1.5259,-3.2044,-6.8667,-9.3081,-9.9185,-12.055,-12.665,-14.954,-14.801,-13.581,-11.597,-9.9185,-7.477,-7.3244,-7.6296,-6.5615,-1.9837,2.7467,9.3081,13.581,21.516,29.908,38.911,46.083,54.17,59.664,60.579,59.816,59.969,58.29,56.459,52.339,48.067,41.505,37.08,29.145,23.499,17.853,15.717,12.818,9.3081,5.0356,-0.15259,-5.7985,-10.834,-15.107,-18.616,-22.889,-25.483,-30.213,-37.69,-46.846,-51.576,-54.781,-55.391,-54.933,-52.95,-51.881,-49.593,-47.151,-45.625,-45.167,-43.336,-41.658,-40.284,-41.81,-41.81,-44.099,-44.862,-46.541,-47.304,-46.541,-45.167,-44.862,-44.862,-44.557,-41.963,-41.047,-38.911,-38.301,-36.927,-38.148,-37.08,-33.265,-29.45,-28.23,-26.551,-26.246,-25.483,-23.194,-18.921,-16.327,-13.428,-12.207,-10.834,-13.733,-14.954,-16.785,-16.175,-13.123,-7.7822,-3.9674,-2.2889,-2.4415,-3.9674,-6.5615,-7.7822,-9.9185,-8.0874,-7.3244,-9.3081,-12.818,-12.207,-10.529,-8.0874,-6.7141,-6.1037,-7.477,-6.4089,-3.2044,3.5096,9.4607,15.717,18.616,20.6,21.363,24.262,24.11,25.636,27.161,27.924,27.924,28.687,28.993,29.756,28.535,29.145,27.924,27.467,26.704,25.788,22.126,20.6,18.616,17.09,18.159,21.668,24.11,25.483,25.33,25.483,23.347,25.636,28.535,31.129,32.807,37.385,39.216,41.81,44.557,47.151,48.982,49.287,48.372,49.287,47.609,49.287,48.83,50.508,50.05,50.508,50.05,48.83,46.083,43.031,41.353,39.216,34.944,32.807,29.45,27.772,25.788,25.788,22.736,19.837,14.649,9.3081,4.12,-1.3733,-6.7141,-10.376,-11.902,-9.003,-8.5452,-7.3244,-7.9348,-6.5615,-5.6459,-3.6622,-2.4415,-2.8993,-5.6459,-8.3926,-12.055,-14.039,-17.09,-20.142,-23.804,-26.093,-28.077,-27.161,-28.23,-28.535,-28.687,-25.636,-24.262,-22.736,-19.684,-14.344,-9.9185,-6.7141,-4.12,1.9837,4.883,8.3926,11.139,16.022,18.616,20.447,20.6,20.753,19.227,18.921,19.532,20.447,18.464,17.09,14.649,12.665,7.477,6.1037,3.9674,5.1881,5.3407,6.1037,3.357,0.30519,-2.7467,-4.7304,-5.6459,-5.0356,-4.883,-5.4933,-9.003,-10.071,-10.224,-8.6978,-8.0874,-4.7304,-2.8993,1.2207,6.5615,11.902,15.107,16.938,17.853,18.616,18.769,21.058,23.499,27.924,30.671,34.486,36.927,40.59,42.116,45.167,48.067,51.424,53.407,54.781,57.527,59.511,60.884,64.089,67.446,71.261,73.855,76.296,76.601,78.127,78.433,81.027,80.416,80.721,82.705,85.147,88.198,91.556,93.081,95.828,95.218,95.828,93.997,93.692,91.25,89.724,85.604,83.316,80.569,78.738,75.991,73.092,68.819,65.767,62.258,62.868,63.021,65.462,65.462,67.293,66.53,67.904,67.904,66.988,65.31,65.767,65.767,63.936,59.969,59.511,57.07,58.29,56.612,57.07,54.628,54.781,54.628,55.391,54.323,53.865,53.255,53.713,54.933,57.985,59.206,62.716,63.784,64.852,63.631,62.258,57.985,52.95,45.625,40.437,35.554,32.35,26.093,21.363,14.191,8.5452,0.61037,-5.6459,-10.987,-12.818,-16.327,-18.159,-21.363,-24.262,-27.314,-29.603,-32.807,-34.944,-35.707,-34.333,-35.707,-33.418,-32.197,-28.84,-27.924,-26.246,-27.161,-27.161,-28.382,-27.009,-26.093,-25.178,-25.483,-25.636,-28.077,-27.924,-28.077,-24.873,-23.804,-18.311,-14.344,-11.139,-10.529,-7.9348,-6.1037,-3.9674,-4.7304,-4.4252,-6.5615,-5.9511,-7.0193,-6.4089,-9.3081,-10.681,-11.597,-9.4607,-9.3081,-7.7822,-5.7985,-1.8311,0.91556,6.1037,8.0874,11.902,12.055,14.954,15.564,17.853,20.753,27.772,33.876,38.301,40.284,41.505,41.353,43.336,42.421,41.963,39.216,39.827,38.453,39.674,38.911,37.385,36.47,37.08,34.486,31.434,27.314,25.33,21.516,20.905,18.464,18.464,15.259,14.191,12.207,11.902,11.75,13.428,16.175,19.074,19.379,20.6,18.311,16.938,13.581,14.039,12.513,12.055,8.5452,5.6459,1.6785,-2.5941,-7.3244,-11.75,-17.701,-20.753,-27.161,-32.35,-39.369,-43.641,-49.135,-50.966,-51.424,-51.576,-51.881,-52.034,-51.424,-48.219,-47.151,-48.982,-53.255,-55.696,-59.053,-60.427,-62.563,-63.021,-66.073,-71.108,-76.754,-79.958,-80.569,-79.958,-80.264,-79.653,-78.89,-77.364,-78.28,-76.907,-76.296,-73.397,-73.55,-76.449,-79.196,-81.942,-84.384,-85.452,-85.452,-81.637,-76.296,-70.65,-68.361,-65.92,-65.92,-65.92,-67.293,-68.361,-71.718,-75.228,-75.991,-72.481,-68.514,-64.394,-60.579,-54.628,-50.966,-45.473,-42.573,-40.132,-37.385,-33.113,-29.45,-21.363,-14.496,-8.24,-1.9837,2.8993,4.7304,9.7659,14.344,21.363,25.178,30.213,32.35,32.96,30.366,29.298,29.756,30.671,30.671,32.35,32.35,33.265,31.281,30.976,30.061,29.908,29.908,31.892,31.739,32.655,34.333,37.385,39.674,42.116,44.557,47.456,48.524,52.034,54.781,58.443,57.375,56.001,52.187,46.388,42.116,39.216,35.554,31.434,27.924,25.178,21.058,19.227,12.818,10.376,10.376,16.327,22.736,29.145,31.892,34.944,37.69,39.979,41.505,42.879,42.116,41.047,38.148,34.944,28.993,27.314,25.788,27.009,27.924,30.366,32.044,33.113,30.824,28.382,26.246,23.347,16.327,10.071,2.8993,-1.6785,-11.292,-20.447,-27.924,-34.333,-39.674,-43.184,-44.71,-42.268,-38.606,-34.486,-31.434,-26.856,-25.33,-22.889,-23.347,-23.194,-24.415,-22.584,-22.279,-22.584,-21.516,-19.379,-18.921,-17.853,-18.464,-17.243,-16.48,-14.039,-14.496,-13.733,-14.954,-16.48,-19.074,-21.973,-26.399,-31.739,-38.301,-42.879,-46.846,-47.914,-50.813,-51.881,-55.696,-55.544,-56.459,-55.086,-52.034,-48.83,-45.778,-41.963,-39.064,-33.723,-29.145,-23.194,-19.379,-14.191,-10.987,-5.3407,-0.76296,2.2889,7.0193,15.107,22.279,28.077,33.57,41.047,44.71,47.761,47.151,48.524,45.625,41.81,34.639,31.129,27.772,24.567,19.99,14.954,8.5452,3.2044,-2.2889,-1.9837,-1.8311,0.91556,2.8993,6.7141,7.0193,6.2563,4.2726,2.1363,-1.8311,-2.8993,-5.4933,-4.883,-5.3407,-4.883,-5.4933,-1.3733,2.5941,10.681,16.48,21.821,25.178,28.84,31.587,37.538,41.047,42.116,40.437,40.742,38.148,38.453,37.385,38.911,36.622,34.333,29.908,25.33,20.447,16.938,13.276,10.834,8.24,9.1556,7.3244,5.4933,1.8311,1.6785,0.91556,3.5096,3.5096,3.357,2.5941,1.8311,-1.6785,-4.7304,-8.3926,-5.9511,-3.9674,-1.6785,-4.7304,-7.6296,-11.75,-12.055,-12.207,-10.681,-9.1556,-7.1718,-6.5615,-5.1881,-6.1037,-3.8148,-3.2044,-1.2207,-0.61037,0.91556,3.357,3.6622,3.357,1.6785,-1.8311,-4.12,-6.2563,-6.2563,-6.7141,-4.5778,-6.7141,-8.0874,-10.987,-13.581,-16.785,-19.684,-22.736,-23.652,-26.246,-26.856,-30.519,-32.502,-37.233,-39.369,-42.726,-42.726,-43.336,-42.726,-41.658,-38.606,-37.08,-35.554,-36.927,-36.317,-38.911,-41.2,-44.252,-42.726,-42.726,-38.759,-36.927,-34.181,-32.044,-27.009,-20.6,-13.123,-5.6459,2.8993,6.7141,12.055,14.801,20.295,24.262,29.145,32.35,35.096,38.301,41.963,42.879,43.336,40.742,40.742,38.759,37.538,33.723,30.366,25.33,22.126,16.327,10.224,6.1037,3.6622,0.45778,-2.4415,-7.1718,-11.444,-14.801,-15.107,-14.801,-12.055,-10.834,-10.071,-10.529,-8.0874,-5.6459,-2.5941,0.91556,4.7304,8.8504,13.581,17.09,22.431,26.399,32.655,35.096,37.385,36.927,36.164,33.876,31.739,28.993,25.33,18.464,10.834,1.3733,-6.1037,-14.191,-20.6,-27.314,-32.655,-39.369,-43.489,-47.761,-47.761,-48.067,-46.846,-45.167,-45.015,-45.625,-44.404,-45.625,-46.846,-49.44,-48.524,-47.761,-44.404,-41.2,-37.08,-34.791,-32.96,-30.519,-28.993,-28.382,-26.856,-26.856,-25.788,-26.399,-24.11,-23.194,-20.142,-20.142,-20.142,-21.21,-23.194,-24.567,-26.856,-30.366,-32.807,-35.707,-38.301,-43.947,-48.524,-53.102,-54.323,-53.56,-48.982,-41.505,-31.892,-23.499,-14.191,-6.2563,1.2207,7.3244,13.428,19.227,29.298,36.622,44.252,49.287,53.713,55.849,56.307,55.544,55.696,55.238,54.628,52.034,52.95,52.187,54.323,54.476,56.307,57.68,60.121,62.258,66.073,67.141,68.514,70.04,70.498,67.141,65.615,65.004,67.446,68.667,69.735,67.904,66.683,64.699,64.089,60.884,55.849,48.83,43.947,39.979,36.47,29.908,23.347,17.396,13.428,7.3244,3.9674,1.0681,0.61037,-1.6785,-1.6785,-0.45778,1.9837,5.0356,7.7822,8.3926,9.1556,7.6296,7.6296,5.3407,4.2726,1.5259,2.2889,3.8148,5.9511,6.8667,9.1556,10.376,12.055,11.139,12.818,13.276,15.259,16.938,21.058,21.973,25.025,27.924,29.603,28.84,25.788,21.21,17.853,12.207,8.0874,3.0519,1.2207,-1.9837,-3.357,-7.6296,-9.6133,-11.902,-11.75,-10.224,-6.1037,-3.9674,-0.15259,0.76296,4.4252,6.8667,9.7659,9.6133,12.97,14.649,15.259,14.496,12.818,9.1556,5.1881,1.0681,-2.5941,-8.8504,-12.818,-14.801,-16.633,-21.363,-24.567,-23.499,-18.311,-12.97,-4.5778,1.3733,8.0874,7.477,6.4089,2.1363,2.7467,4.883,7.1718,6.7141,6.8667,5.1881,5.6459,6.2563,9.9185,10.681,14.496,16.175,19.227,19.074,19.074,17.701,15.717,12.97,10.834,7.477,7.0193,6.2563,7.7822,5.3407,3.9674,-0.45778,-3.6622,-9.3081,-14.954,-19.837,-21.821,-23.957,-26.246,-28.687,-28.23,-28.687,-27.314,-29.603,-31.281,-33.265,-32.502,-30.671,-28.23,-25.025,-21.363,-19.684,-16.785,-15.717,-12.97,-10.834,-7.3244,-6.8667,-2.8993,-0.91556,1.9837,5.0356,9.003,12.818,16.022,18.006,20.753,22.736,27.314,28.84,32.502,34.333,36.775,36.317,35.859,32.807,29.145,24.11,20.905,17.09,14.344,10.834,10.834,8.8504,9.1556,7.0193,9.3081,10.376,11.902,10.224,10.681,10.834,12.818,16.327,19.837,22.889,27.467,32.35,37.233,38.911,40.59,40.59,41.353,40.59,39.369,36.622,34.791,31.739,32.044,31.587,34.944,36.012,36.164,34.486,35.401,32.96,28.993,25.636,22.584,19.074,17.243,14.039,10.987,6.5615,2.1363,-3.357,-6.2563,-11.75,-13.886,-14.801,-13.886,-15.717,-17.09,-17.548,-16.938,-18.006,-19.532,-21.516,-23.041,-25.483,-24.415,-22.889,-18.769,-15.87,-11.75,-7.7822,-6.8667,-5.4933,-2.8993,-1.6785,-0,2.2889,6.1037,7.6296,9.9185,10.681,12.513,12.207,11.139,6.5615,3.5096,1.3733,-0.45778,-1.9837,-3.5096,-3.9674,-4.4252,-5.4933,-5.0356,-6.2563,-5.3407,-6.5615,-4.7304,-5.3407,-5.1881,-5.9511,-4.2726,-2.4415,-1.0681,0.45778,3.5096,7.0193,10.529,12.055,15.717,17.396,21.821,23.957,28.535,30.671,33.876,33.265,33.876,35.554,38.453,40.437,43.489,45.167,44.71,41.963,41.81,39.521,38.453,34.791,32.197,28.077,27.009,25.636,25.33,25.178,25.941,25.178,23.652,21.363,20.753,18.006,17.243,14.191,11.902,6.1037,1.8311,-4.5778,-10.529,-16.175,-19.074,-22.736,-25.33,-28.993,-30.366,-35.249,-36.164,-39.521,-40.59,-44.557,-46.846,-47.761,-46.693,-45.473,-43.947,-41.505,-37.843,-36.47,-32.197,-31.434,-28.077,-26.093,-19.837,-14.039,-8.8504,-1.0681,6.4089,12.818,17.701,21.973,25.636,27.161,30.519,32.35,32.502,29.603,26.246,22.279,19.837,17.396,14.954,10.681,6.5615,-0,-5.0356,-14.649,-20.6,-27.314,-30.366,-33.265,-34.791,-37.233,-39.827,-41.353,-41.2,-39.674,-34.486,-29.603,-23.957,-21.668,-19.227,-18.311,-13.886,-8.5452,-2.2889,3.0519,9.003,12.97,16.938,19.684,22.431,22.736,24.873,25.788,27.009,25.788,26.551,24.72,23.804,21.821,20.142,16.175,11.597,6.5615,1.0681,-5.4933,-9.4607,-15.412,-19.99,-25.788,-29.756,-33.723,-34.181,-35.249,-34.333,-32.35,-27.924,-23.652,-20.6,-19.379,-16.327,-12.818,-8.3926,-5.6459,1.3733,5.9511,11.292,12.818,15.717,16.785,18.464,19.99,21.973,23.499,25.788,25.636,25.941,24.415,25.636,24.873,25.636,24.415,26.246,25.941,27.314,27.161,26.246,22.431,19.99,15.87,12.055,4.883,0.91556,-5.1881,-8.3926,-9.4607,-8.6978,-8.3926,-10.071,-12.513,-13.276,-16.633,-19.99,-21.821,-22.126,-23.652,-22.584,-21.363,-19.837,-19.532,-20.447,-24.415,-27.619,-31.587,-31.739,-33.57,-33.57,-36.775,-36.47,-37.08,-36.622,-35.859,-34.791,-33.876,-32.044,-32.807,-31.434,-32.35,-30.824,-31.739,-30.519,-30.976,-32.35,-36.012,-39.216,-42.573,-44.71,-47.914,-50.356,-54.933,-54.476,-56.764,-59.969,-63.326,-64.852,-71.566,-78.738,-86.978,-92.929,-97.507,-98.575,-101.47,-106.05,-110.93,-111.55,-110.93,-108.65,-108.65,-109.71,-110.78,-111.09,-112,-110.63,-107.43,-102.39,-98.27,-91.861,-86.978,-80.874,-76.907,-72.176,-69.887,-67.751,-65.767,-65.157,-65.92,-65.92,-65.462,-66.225,-69.277,-69.277,-70.345,-69.43,-68.972,-67.904,-69.43,-71.566,-74.618,-78.127,-82.095,-83.926,-86.673,-86.978,-86.52,-84.689,-82.858,-78.28,-74.007,-68.667,-64.699,-62.258,-61.8,-61.037,-59.358,-55.696,-52.339,-45.473,-40.895,-35.249,-30.824,-25.178,-20.753,-15.564,-12.207,-10.987,-12.513,-12.665,-14.954,-18.006,-23.804,-26.399,-31.587,-34.333,-36.927,-36.164,-36.164,-34.181,-32.655,-30.671,-28.382,-26.399,-26.093,-22.889,-21.821,-17.243,-14.039,-9.1556,-5.0356,1.0681,7.0193,14.191,19.99,24.415,27.619,33.57,37.996,43.184,45.015,47.609,48.067,50.203,48.219,47.151,45.167,43.489,41.353,39.216,35.401,32.96,30.519,28.687,24.873,21.668,14.649,8.24,0.15259,-3.5096,-7.477,-10.681,-12.97,-14.649,-17.09,-18.921,-20.905,-21.21,-22.126,-21.363,-21.821,-21.668,-22.584,-20.295,-17.396,-12.055,-6.8667,-1.2207,3.5096,6.4089,6.8667,5.4933,3.357,1.0681,-0.61037,-1.3733,-3.9674,-5.4933,-7.7822,-8.5452,-13.428,-18.616,-24.262,-28.535,-32.655,-36.927,-41.505,-45.015,-47.609,-48.219,-48.982,-48.372,-49.287,-48.524,-46.693,-43.031,-40.437,-39.216,-40.59,-41.2,-42.879,-43.031,-42.573,-41.353,-40.284,-38.606,-36.775,-32.197,-29.45,-22.736,-16.785,-11.139,-7.9348,-6.1037,-7.0193,-6.1037,-5.0356,-4.883,-5.1881,-5.6459,-5.1881,-3.8148,-0.91556,2.8993,3.0519,3.9674,2.8993,3.9674,3.8148,3.2044,-0.61037,-3.6622,-7.9348,-12.818,-18.159,-22.584,-26.399,-28.84,-32.197,-34.333,-38.301,-39.674,-42.268,-42.268,-43.031,-42.421,-45.778,-47.914,-49.745,-49.898,-49.593,-49.44,-48.677,-46.999,-45.015,-42.421,-41.81,-39.827,-38.148,-35.249,-33.723,-30.366,-25.483,-20.295,-15.87,-11.139,-5.4933,-1.2207,0.15259,1.9837,1.5259,2.5941,2.5941,4.2726,3.8148,3.5096,1.5259,0.91556,-0,-0.45778,-1.5259,-1.2207,-2.2889,-4.5778,-8.3926,-10.376,-13.733,-14.496,-14.496,-12.665,-11.444,-10.529,-10.834,-10.681,-10.529,-9.003,-6.7141,-1.9837,1.0681,5.6459,8.3926,13.276,16.785,20.295,21.668,25.636,30.366,36.622,42.268,48.83,54.781,61.647,65.615,72.176,75.533,81.179,86.062,93.081,97.812,103,106.66,111.39,116.28,121.31,126.19,130.92,133.21,137.49,139.93,141.76,141.91,143.59,145.42,147.25,150,150.61,148.78,147.86,147.25,148.01,146.79,145.42,143.89,141.76,137.03,133.06,128.48,123.75,119.63,115.97,112,109.26,107.12,106.81,104.22,102.69,99.185,97.507,94.607,94.15,94.76,98.117,100.56,102.85,102.69,102.69,103.46,105.14,105.59,106.81,106.51,108.34,108.95,110.78,112.31,114.29,115.05,114.9,113.99,112,108.8,105.9,103.15,101.02,95.523,90.793,84.536,80.874,75.686,73.55,72.176,72.787,73.244,73.55,72.787,72.329,69.887,70.498,70.345,71.413,69.43,69.277,67.293,67.446,66.378,67.446,68.361,68.361,68.667,68.819,66.683,63.021,59.511,58.901,56.307,55.544,53.56,53.407,52.492,55.086,56.001,56.307,55.391,54.933,52.034,49.135,42.268,34.639,25.33,19.379,10.834,6.7141,1.0681,-1.8311,-6.8667,-13.123,-20.447,-25.788,-31.281,-36.317,-42.421,-45.015,-47.914,-49.593,-53.865,-55.544,-57.985,-60.427,-64.699,-64.699,-65.157,-64.241,-63.631,-62.41,-62.563,-61.342,-60.427,-57.68,-56.764,-52.644,-50.966,-49.135,-47.609,-46.083,-45.32,-44.099,-42.421,-39.521,-39.521,-37.996,-39.216,-38.453,-39.216,-37.996,-38.301,-37.385,-38.453,-39.216,-39.979,-40.895,-43.184,-45.625,-50.05,-51.881,-54.476,-53.255,-53.407,-52.187,-51.424,-49.745,-49.44,-51.271,-53.255,-53.255,-53.407,-52.034,-49.593,-43.794,-39.369,-34.486,-31.129,-25.788,-22.126,-18.769,-17.396,-15.259,-12.818,-10.529,-7.0193,0.30519,5.6459,13.276,17.09,21.516,21.821,23.652,26.399,28.535,28.077,27.924,28.535,31.129,32.807,36.012,35.859,37.08,35.859,35.554,31.892,30.366,28.077,27.161,24.262,21.973,17.396,12.665,8.3926,6.5615,0.91556,-3.8148,-9.1556,-14.039,-19.684,-20.753,-22.584,-22.279,-22.431,-19.99,-17.853,-15.564,-15.412,-14.039,-14.649,-13.123,-15.717,-17.396,-22.126,-25.788,-30.213,-32.655,-35.096,-37.69,-41.658,-43.489,-46.236,-47.151,-51.576,-54.17,-56.459,-56.307,-58.29,-58.29,-59.358,-58.748,-56.154,-50.966,-48.982,-45.625,-43.641,-41.658,-42.573,-40.742,-40.742,-40.132,-40.895,-41.353,-43.794,-48.219,-53.865,-59.511,-68.514,-75.838,-84.078,-88.046,-95.218,-101.32,-108.19,-112.31,-117.19,-122.23,-125.58,-128.79,-130.62,-131.38,-133.21,-131.08,-129.86,-128.48,-129.25,-128.48,-129.09,-129.55,-129.55,-126.8,-125.43,-121.92,-117.65,-110.78,-104.22,-96.133,-90.182,-82.705,-75.228,-66.836,-61.037,-57.07,-54.933,-51.424,-47.456,-43.947,-41.658,-38.453,-37.69,-37.843,-39.064,-37.233,-37.233,-36.164,-35.249,-31.587,-28.23,-25.025,-21.516,-16.785,-13.123,-8.0874,-3.0519,3.2044,8.5452,14.496,19.99,28.23,34.791,40.59,44.862,49.135,52.644,57.375,60.884,67.293,74.77,84.384,88.351,91.25,90.945,93.234,92.318,91.556,88.961,88.198,86.062,83.163,79.653,75.991,70.345,69.277,68.056,70.04,69.277,68.361,63.631,60.732,55.391,52.644,49.135,45.473,39.369,34.944,32.502,32.655,31.739,33.418,33.723,36.317,38.911,43.641,45.015,44.71,41.2,38.453,34.791,33.57,33.113,34.639,34.181,35.707,33.57,32.197,30.061,31.129,31.587,31.281,28.23,25.178,24.262,25.33,26.704,28.84,29.298,28.993,25.941,23.347,20.295,21.058,22.736,26.246,28.535,29.298,28.23,25.788,24.567,25.636,25.941,28.993,30.976,34.639,37.843,43.794,47.609,49.898,48.372,46.388,43.031,39.674,37.538,38.301,39.369,41.2,41.658,43.947,45.015,49.44,51.881,57.07,59.511,62.868,63.631,63.021,60.274,58.443,56.154,54.781,52.797,54.018,53.407,55.391,54.933,55.849,55.849,56.917,57.07,58.138,57.985,58.443,57.527,56.612,54.933,55.544,53.102,52.644,50.508,48.219,42.573,38.148,32.96,27.924,24.72,21.516,17.243,14.039,10.071,7.0193,1.5259,-3.357,-9.3081,-13.733,-19.227,-23.499,-30.671,-36.317,-39.827,-40.895,-41.353,-39.369,-38.606,-36.927,-36.317,-34.181,-34.333,-32.655,-30.824,-25.636,-21.821,-15.87,-10.529,-6.5615,-1.8311,2.7467,5.1881,5.9511,5.1881,6.8667,6.1037,7.3244,7.1718,7.7822,5.0356,2.4415,-0.30519,-3.0519,-6.8667,-9.7659,-12.055,-12.207,-13.428,-11.444,-11.139,-8.5452,-9.1556,-7.1718,-5.0356,-2.2889,-2.2889,-2.8993,-5.0356,-6.7141,-8.24,-10.376,-14.039,-15.87,-17.548,-15.87,-17.701,-19.074,-22.126,-22.431,-24.262,-25.33,-27.161,-27.772,-28.535,-25.788,-24.262,-21.058,-20.142,-16.633,-16.175,-14.649,-15.412,-16.175,-19.99,-21.668,-24.11,-26.399,-30.061,-32.197,-34.028,-34.028,-34.639,-30.824,-29.908,-27.772,-26.246,-25.788,-26.399,-28.382,-31.129,-32.655,-35.859,-34.028,-32.502,-29.145,-26.704,-24.11,-21.363,-20.753,-20.6,-22.126,-24.72,-27.161,-29.298,-30.976,-34.791,-33.876,-35.554,-36.317,-41.658,-45.93,-50.203,-52.492,-54.323,-56.307,-59.206,-60.732,-64.699,-66.988,-72.939,-77.059,-82.095,-83.316,-84.536,-85.604,-85.604,-87.283,-90.335,-92.318,-93.844,-90.64,-89.267,-87.741,-89.267,-90.182,-92.929,-93.387,-91.556,-87.741,-85.299,-81.484,-74.923,-66.988,-62.105,-57.985,-56.307,-54.781,-53.255,-49.135,-46.999,-44.71,-42.573,-39.216,-36.927,-34.181,-33.57,-32.35,-33.113,-33.723,-36.164,-36.775,-38.911,-40.284,-42.573,-43.489,-43.031,-41.963,-41.353,-41.047,-40.895,-39.216,-38.606,-37.538,-37.538,-34.486,-32.35,-31.434,-33.265,-33.57,-32.655,-31.129,-30.519,-29.908,-31.129,-31.129,-31.281,-27.924,-26.704,-24.567,-23.041,-22.431,-20.905,-17.243,-13.886,-10.224,-6.8667,-1.0681,3.5096,8.0874,8.5452,9.003,9.6133,9.1556,5.9511,4.7304,2.5941,2.1363,0.76296,1.3733,1.9837,6.1037,7.6296,10.987,12.665,15.259,17.09,18.006,19.532,21.973,23.041,23.652,19.074,15.107,11.139,11.902,12.97,16.633,20.142,23.499,24.567,25.788,25.178,23.347,18.159,15.259,10.681,8.8504,5.3407,3.9674,1.0681,-2.1363,-5.4933,-8.5452,-11.597,-14.496,-17.243,-17.701,-19.379,-18.464,-18.006,-15.259,-15.259,-14.191,-16.175,-16.938,-17.09,-15.412,-13.581,-10.224,-8.0874,-2.8993,-0.45778,3.9674,5.9511,8.8504,9.4607,10.224,12.207,16.327,21.668,27.314,30.671,35.249,36.47,36.164,33.876,35.401,33.723,34.333,34.333,35.096,34.486,35.401,35.554,35.707,33.57,33.418,31.892,32.502,31.892,35.401,37.69,40.742,41.963,42.573,41.81,40.59,38.453,37.69,34.791,32.502,29.603,30.213,29.756,29.45,26.399,24.415,22.431,21.21,19.837,20.142,21.668,27.467,34.181,40.132,42.268,42.421,39.827,39.979,38.148,36.927,34.028,30.671,25.178,20.905,17.396,14.039,9.7659,6.1037,3.357,3.0519,2.1363,3.9674,4.7304,7.9348,10.987,13.276,13.733,15.564,16.633,18.616,20.447,24.567,25.33,27.314,28.535,29.45,28.535,29.603,28.535,28.077,28.687,28.382,25.636,22.736,20.753,21.516,21.821,24.567,26.551,28.84,26.093,24.415,20.142,18.006,14.039,7.6296,1.5259,-2.2889,-4.7304,-7.0193,-11.139,-14.039,-19.837,-25.178,-31.129,-35.859,-41.658,-45.015,-48.219,-51.576,-54.476,-56.154,-59.053,-61.953,-63.784,-65.615,-67.293,-66.53,-65.31,-62.41,-58.596,-52.339,-49.593,-46.693,-43.794,-40.437,-36.622,-30.976,-27.161,-25.178,-26.551,-26.093,-27.619,-26.704,-25.483,-23.499,-21.668,-20.6,-20.6,-19.684,-16.175,-13.581,-11.597,-7.1718,-2.7467,-1.8311,-5.3407,-6.8667,-9.1556,-7.7822,-9.003,-8.8504,-11.292,-14.801,-20.142,-24.873,-29.603,-33.113,-36.317,-38.148,-38.453,-37.843,-39.674,-39.979,-42.879,-43.947,-48.524,-51.118,-53.102,-53.713,-53.407,-49.44,-46.388,-43.641,-42.726,-41.353,-42.573,-43.947,-46.388,-47.456,-49.898,-50.813,-48.372,-44.404,-40.742,-37.996,-35.707,-33.418,-33.113,-32.96,-36.164,-35.859,-39.216,-40.437,-43.184,-45.625,-50.203,-52.644,-52.034,-49.44,-46.999,-44.404,-44.252,-45.473,-45.93,-44.862,-44.557,-43.031,-42.116,-39.521,-37.69,-36.47,-37.538,-39.064,-40.59,-41.81,-43.031,-43.336,-44.71,-42.879,-41.963,-38.759,-36.775,-32.96,-32.197,-31.281,-31.739,-31.129,-31.434,-31.129,-29.145,-29.603,-31.434,-33.265,-36.622,-39.216,-43.184,-41.505,-41.2,-41.658,-43.031,-42.573,-41.81,-38.453,-35.401,-32.655,-30.976,-29.756,-28.687,-25.178,-23.957,-21.21,-19.837,-16.022,-13.886,-10.529,-6.8667,-5.9511,-9.1556,-12.97,-17.701,-18.311,-20.753,-20.447,-21.058,-20.142,-21.21,-21.516,-23.041,-24.11,-25.025,-25.941,-28.382,-28.687,-27.467,-25.636,-23.804,-19.99,-18.311,-15.87,-15.259,-12.36,-9.1556,-4.5778,-2.5941,-1.5259,-2.4415,-1.6785,-1.6785,0.76296,0.76296,3.2044,4.883,9.4607,13.733,16.938,19.379,23.194,24.72,27.924,30.519,35.707,38.301,42.879,47.609,55.544,60.427,62.41,61.037,58.748,55.544,56.612,58.138,64.089,69.124,73.702,73.244,72.787,71.413,73.855,76.449,78.433,79.043,77.364,72.329,67.598,60.884,55.696,46.236,38.911,32.044,28.84,25.178,23.347,22.431,20.447,18.921,18.006,16.48,16.022,14.649,15.259,15.564,17.396,17.548,19.837,19.837,21.21,22.431,24.567,27.161,31.129,33.418,36.775,39.369,43.947,45.625,48.219,46.083,45.625,43.184,42.421,40.132,38.148,36.622,36.317,34.333,34.639,34.791,38.606,40.284,43.184,43.641,45.32,44.557,45.625,47.914,50.661,53.865,58.443,62.41,66.073,67.751,71.413,72.481,75.076,76.449,81.179,83.926,87.741,88.504,88.961,89.419,89.877,90.03,90.03,89.724,92.013,91.861,94.302,93.387,92.318,87.283,85.299,82.705,78.89,74.465,71.413,67.904,66.988,64.852,63.173,56.612,52.187,44.862,38.148,29.45,21.668,13.581,7.3244,3.2044,1.8311,1.6785,3.0519,3.5096,5.1881,4.7304,6.2563,7.9348,12.055,13.733,15.564,15.717,18.311,21.21,22.889,24.415,26.856,28.687,28.84,26.551,26.856,24.72,24.11,22.279,23.194,22.431,22.736,22.889,23.194,23.041,22.126,19.227,16.175,13.581,11.902,7.9348,3.357,-3.0519,-7.1718,-12.665,-16.48,-20.295,-23.804,-28.993,-34.639,-40.742,-45.473,-51.729,-55.696,-61.342,-64.241,-66.683,-65.92,-66.988,-64.699,-63.478,-62.41,-63.478,-64.089,-65.004,-65.615,-67.598,-67.904,-70.193,-72.481,-76.907,-79.501,-83.621,-86.367,-88.961,-89.572,-89.267,-89.419,-91.098,-92.471,-95.676,-97.507,-99.49,-99.796,-101.78,-102.85,-106.36,-109.56,-111.85,-112.16,-112.31,-112,-112.77,-113.99,-115.67,-117.34,-119.63,-119.94,-120.7,-121.01,-123.29,-123.6,-123.75,-123.45,-123.45,-121.77,-120.4,-117.65,-116.73,-115.21,-116.43,-116.43,-118.41,-119.63,-119.79,-119.17,-117.19,-113.83,-109.41,-104.53,-100.86,-95.981,-95.523,-94.607,-95.523,-96.286,-99.49,-102.69,-105.9,-106.81,-106.66,-104.68,-101.47,-98.727,-96.896,-95.065,-96.286,-95.676,-98.422,-99.796,-102.08,-103.92,-105.44,-107.43,-109.87,-110.93,-114.9,-115.21,-115.67,-113.53,-112.92,-113.53,-113.68,-113.22,-113.99,-113.38,-111.85,-109.56,-106.66,-102.24,-99.338,-95.676,-93.387,-88.961,-87.283,-85.757,-84.994,-83.316,-80.264,-76.907,-74.007,-69.582,-65.157,-60.732,-58.596,-55.391,-53.713,-50.966,-48.982,-44.252,-39.521,-34.333,-29.603,-27.009,-24.873,-21.21,-19.227,-15.717,-12.207,-7.477,-4.883,-0.61037,3.6622,10.834,17.701,24.262,29.298,35.249,41.505,48.83,52.797,56.917,58.596,62.563,64.089,66.836,67.904,71.108,72.939,75.838,77.822,79.958,79.348,77.975,75.838,76.449,75.076,74.007,72.787,70.803,69.277,68.972,68.514,67.751,67.141,68.514,69.43,71.413,71.718,71.871,71.413,70.803,69.582,68.972,68.667,69.887,71.871,74.007,76.449,80.111,83.01,84.078,84.078,82.095,79.806,77.059,74.16,72.329,68.819,67.446,63.784,62.868,61.19,63.326,64.089,65.157,63.021,62.563,60.884,59.969,58.138,57.07,55.086,53.865,48.372,45.015,41.047,38.606,34.486,31.587,28.23,27.924,27.009,26.093,23.194,19.227,14.191,8.6978,2.2889,-1.9837,-8.0874,-9.4607,-10.987,-13.276,-15.87,-16.785,-17.09,-16.938,-16.785,-17.853,-20.6,-22.431,-24.567,-26.093,-28.84,-29.145,-32.35,-33.418,-35.554,-37.233,-37.538,-37.69,-38.148,-37.996,-36.775,-35.401,-35.249,-32.807,-31.434,-29.298,-28.687,-25.788,-23.041,-19.532,-17.09,-14.801,-13.886,-11.902,-8.3926,-6.2563,-5.4933,-5.1881,-7.3244,-7.7822,-10.529,-12.36,-16.022,-18.921,-22.736,-23.499,-25.33,-27.161,-29.603,-31.281,-32.197,-32.044,-31.434,-28.687,-27.314,-24.262,-21.516,-16.327,-13.276,-8.8504,-4.2726,0.15259,2.7467,5.6459,11.139,19.379,27.924,37.385,46.541,54.933,59.511,65.462,69.582,76.754,82.553,90.03,97.354,104.83,110.63,116.28,119.94,122.53,124.97,129.4,130.01,130.92,129.86,130.92,132.15,135.81,134.43,131.08,128.33,123.45,117.8,114.44,111.39,108.95,103.15,99.033,95.676,96.286,98.575,100.56,100.71,98.88,93.081,85.452,75.838,67.141,54.323,42.268,27.619,16.938,4.4252,-5.7985,-14.649,-21.21,-27.467,-34.791,-41.658,-47.914,-56.001,-61.953,-68.209,-71.871,-75.228,-76.449,-78.28,-79.958,-82.095,-83.773,-84.536,-83.621,-84.078,-86.367,-91.25,-94.76,-97.049,-95.523,-93.692,-90.03,-88.656,-87.436,-87.436,-85.757,-84.536,-83.316,-82.553,-80.111,-77.059,-71.871,-68.209,-64.241,-62.41,-58.138,-55.391,-52.187,-50.661,-51.576,-51.271,-47.914,-43.947,-41.2,-41.047,-40.437,-39.979,-37.233,-35.859,-31.434,-28.993,-26.551,-24.415,-21.973,-17.853,-13.581,-9.3081,-4.7304,-0.61037,2.5941,5.3407,8.8504,9.003,10.681,11.444,15.412,19.532,25.636,31.434,37.385,42.421,46.236,49.745,54.628,59.053,64.394,68.361,73.855,77.822,81.179,82.705,86.367,88.198,89.877,91.25,93.387,93.997,95.676,98.27,100.1,98.27,97.812,96.286,97.049,97.049,99.49,100.86,106.36,111.24,117.34,123.6,132.45,139.62,145.42,150.15,155.34,159.76,164.8,167.09,170.45,171.97,176.55,180.52,185.55,188.6,192.88,196.54,203.41,206.92,210.73,212.87,216.38,217.29,219.28,217.9,216.38,213.32,210.58,207.22,203.25,200.66,198.22,195.93,193.18,190.13,186.47,181.74,178.38,173.5,169.68,163.12,157.32,150.3,146.49,141.61,136.42,131.08,128.18,124.21,121.16,117.34,114.6,108.19,103.92,97.659,92.318,85.91,81.179,76.144,70.04,63.326,56.764,51.118,48.982,45.625,42.573,35.707,29.603,23.957,21.973,17.548,16.022,14.496,13.123,10.834,8.0874,4.883,2.5941,-1.6785,-5.1881,-10.376,-11.597,-12.36,-9.4607,-9.003,-8.3926,-7.1718,-4.883,-6.7141,-9.6133,-12.36,-11.902,-11.444,-10.834,-12.513,-12.513,-14.039,-15.259,-17.853,-19.074,-20.905,-21.21,-19.99,-17.09,-15.259,-14.954,-17.09,-19.837,-24.415,-28.84,-34.639,-37.996,-41.658,-43.489,-47.609,-49.44,-49.745,-47.761,-46.388,-44.71,-43.794,-40.742,-37.538,-33.723,-33.876,-32.197,-32.807,-31.281,-31.129,-30.366,-29.908,-27.619,-26.246,-24.72,-22.126,-19.684,-16.327,-12.513,-8.0874,-3.0519,-2.2889,0.61037,1.2207,4.4252,5.9511,8.8504,9.6133,11.139,10.529,11.444,12.513,13.733,12.665,11.902,10.987,10.987,9.1556,9.1556,8.5452,9.1556,7.0193,5.4933,5.7985,7.477,7.7822,9.9185,13.581,17.09,18.921,22.584,27.009,33.418,38.301,44.557,47.914,54.018,60.121,67.751,74.16,78.89,82.553,86.215,88.351,89.267,88.198,88.198,85.452,86.062,81.942,78.28,73.244,69.277,63.478,58.443,55.238,55.086,54.323,52.034,46.083,41.505,35.707,31.587,27.161,26.246,24.567,24.262,21.821,19.532,17.09,14.801,12.207,10.987,8.5452,7.3244,6.2563,8.0874,9.9185,13.123,13.886,15.717,16.938,20.295,23.194,26.551,26.856,28.23,28.535,28.077,26.551,25.788,22.126,19.227,14.191,12.513,9.4607,6.7141,4.4252,3.5096,0.45778,-0.45778,-0.45778,-0,-1.5259,-1.6785,-4.5778,-5.7985,-8.8504,-8.5452,-9.3081,-7.477,-7.1718,-7.6296,-8.6978,-9.3081,-11.292,-12.36,-13.276,-13.123,-13.581,-12.97,-13.123,-11.75,-12.055,-11.597,-13.123,-10.834,-8.5452,-6.5615,-5.6459,-4.4252,-3.9674,-3.5096,-3.6622,-0.45778,1.9837,7.7822,12.665,16.175,17.09,19.074,21.058,24.72,27.772,32.502,37.385,41.047,42.573,44.862,45.167,48.524,51.881,57.985,61.647,69.277,76.601,84.841,92.013,98.117,102.08,104.83,105.75,107.88,108.49,110.48,109.71,109.71,108.34,108.65,107.43,104.53,99.185,95.218,92.624,93.387,92.013,88.504,83.926,82.705,79.043,74.465,66.836,63.326,58.901,56.917,53.56,51.271,49.898,50.05,48.524,46.388,40.742,35.401,28.077,25.178,21.21,18.006,12.513,10.224,7.0193,6.7141,7.3244,7.6296,7.9348,10.071,7.9348,7.1718,6.5615,6.7141,3.9674,2.2889,-1.8311,-5.1881,-11.75,-18.616,-26.399,-33.876,-42.116,-49.135,-56.459,-63.936,-72.634,-80.874,-91.556,-99.643,-106.97,-111.09,-117.19,-120.85,-124.67,-127.57,-131.53,-137.33,-142.67,-144.96,-145.12,-144.35,-146.03,-147.56,-149.85,-148.93,-146.95,-141.45,-137.64,-132.45,-127.41,-122.38,-115.51,-107.73,-101.32,-94.607,-89.267,-81.027,-78.89,-74.618,-68.209,-57.527,-47.914,-37.843,-30.976,-27.772,-27.314,-27.619,-28.23,-24.873,-21.516,-19.074,-16.48,-13.276,-12.665,-9.9185,-10.681,-12.055,-15.412,-16.48,-15.717,-13.428,-10.987,-8.24,-5.4933,-1.6785,0.45778,2.7467,-0.15259,-2.7467,-7.3244,-10.987,-14.191,-12.36,-9.4607,-6.7141,-4.4252,-2.1363,0.15259,3.357,6.7141,11.444,14.954,17.548,18.006,18.159,17.243,18.464,16.938,14.954,12.055,7.9348,5.0356,2.8993,1.3733,0.15259,-2.4415,-4.12,-8.3926,-12.055,-18.921,-25.941,-35.554,-41.81,-47.914,-54.933,-62.41,-69.43,-76.907,-83.163,-90.335,-94.455,-98.117,-99.643,-102.39,-103.76,-107.27,-107.88,-110.48,-112.77,-116.73,-119.33,-121.77,-121.31,-121.01,-122.38,-123.29,-121.31,-122.99,-123.14,-122.84,-121.92,-122.84,-123.91,-125.58,-128.18,-131.23,-132.76,-133.82,-132.45,-129.7,-127.57,-127.41,-127.11,-127.41,-124.82,-122.53,-118.87,-118.72,-119.48,-118.11,-115.36,-113.22,-108.65,-102.69,-96.286,-93.997,-91.403,-88.961,-83.01,-81.027,-78.127,-77.67,-77.822,-78.89,-81.332,-84.841,-85.147,-83.621,-81.332,-81.332,-82.247,-85.757,-86.673,-85.91,-84.536,-83.773,-83.163,-81.79,-79.043,-75.838,-72.176,-69.887,-65.157,-64.852,-62.868,-61.953,-59.206,-54.018,-47.609,-42.726,-39.674,-37.69,-35.707,-34.028,-28.84,-24.72,-22.126,-21.363,-19.532,-19.99,-21.516,-23.652,-24.11,-24.567,-25.941,-28.077,-30.213,-32.044,-33.876,-38.759,-41.658,-45.32,-47.456,-50.203,-51.424,-52.492,-52.95,-53.713,-55.544,-56.612,-56.917,-57.375,-56.154,-57.07,-57.07,-59.358,-58.443,-58.443,-56.307,-55.696,-56.764,-59.358,-61.495,-64.241,-66.988,-69.124,-68.209,-67.293,-63.936,-63.173,-60.579,-59.053,-57.07,-57.07,-58.443,-61.8,-65.31,-70.345,-74.313,-79.196,-81.637,-85.757,-89.114,-95.828,-100.56,-104.98,-109.26,-113.83,-118.56,-123.45,-127.57,-130.92,-132.6,-135.65,-137.64,-140.54,-143.13,-146.95,-150.46,-156.1,-160.22,-162.97,-165.41,-166.02,-165.26,-162.36,-159.31,-155.95,-151.83,-148.93,-144.2,-140.39,-134.74,-130.16,-124.82,-118.41,-111.85,-105.59,-99.49,-92.013,-83.163,-73.855,-62.716,-54.781,-45.32,-37.385,-27.619,-19.684,-10.987,-1.2207,8.8504,16.938,25.178,33.418,40.895,48.372,57.07,63.936,72.329,79.348,87.436,93.997,101.32,107.88,115.21,121.16,126.5,130.92,137.33,143.28,148.78,152.9,158.7,162.21,166.17,168.92,173.19,176.4,182.04,186.77,191.2,194.71,199.29,203.41,206.76,209.81,213.02,215.16,219.12,221.41,226.29,229.5,233.62,235.15,237.43,238.81,241.25,243.39,245.67,246.74,248.27,249.64,251.93,251.01,252.69,251.93,254.22,254.07,256.66,258.03,260.93,262.76,264.75,267.34,269.02,269.78,271.31,272.84,274.21,275.28,276.04,275.43,276.35,276.35,276.65,277.11,277.72,277.57,277.26,278.02,279.24,278.48,279.7,280.31,281.69,280.77,281.08,279.85,279.85,277.26,274.97,272.68,271.16,268.87,267.49,265.05,264.44,261.7,261.54,258.8,258.95,257.73,260.02,260.02,262.31,262.76,263.83,264.75,264.75,265.51,266.88,268.11,269.94,269.78,271.16,271,273.29,275.58,280.01,281.99,282.3,281.23,280.62,278.79,277.57,275.43,275.12,274.06,275.28,273.9,273.6,270.7,268.72,267.34,266.12,265.21,262.76,257.73,251.78,245.22,239.57,232.25,226.75,219.73,213.63,205.08,198.07,189.37,182.81,177.62,175.02,171.97,170.29,167.09,163.27,159.15,154.73,149.54,147.56,143.59,141.61,137.49,134.43,132.6,131.84,131.53,132.45,132.6,131.84,129.4,127.87,122.53,117.19,110.78,105.44,96.744,91.556,88.046,84.384,78.28,73.702,67.293,61.037,54.781,51.576,46.388,42.879,37.69,34.181,30.671,27.467,24.567,22.431,20.447,20.905,25.025,31.587,37.233,44.557,49.287,54.323,56.612,59.969,61.647,65.157,68.514,76.144,82.858,87.13,89.572,91.708,92.624,94.607,95.828,99.185,101.78,102.85,101.78,103.15,104.22,105.75,107.88,110.17,112.77,114.44,113.07,115.82,117.95,121.92,128.64,137.03,143.28,145.27,146.34,145.73,142.83,139.77,132.91,127.26,119.02,113.22,107.88,104.07,100.1,96.438,93.539,92.166,88.809,87.13,83.773,81.484,75.991,71.566,66.53,61.495,55.391,48.372,43.794,40.895,35.554,27.924,18.006,8.8504,-2.1363,-11.444,-19.227,-24.72,-28.687,-29.908,-32.35,-34.944,-38.148,-39.674,-39.369,-36.164,-34.944,-34.944,-37.08,-39.369,-46.693,-52.034,-55.849,-59.969,-62.258,-62.716,-63.326,-63.631,-65.615,-67.751,-74.007,-78.585,-84.384,-88.351,-94.607,-98.727,-99.948,-99.185,-100.41,-102.39,-105.9,-108.95,-111.7,-111.7,-113.22,-115.05,-120.24,-122.68,-124.67,-128.48,-132.15,-133.52,-132.45,-130.92,-130.92,-130.62,-129.7,-126.65,-124.36,-119.94,-117.65,-117.34,-117.95,-118.26,-116.89,-114.75,-111.39,-108.04,-103.92,-99.338,-93.692,-88.504,-86.215,-85.757,-89.114,-92.166,-95.981,-97.812,-99.643,-103,-106.51,-109.56,-112,-113.53,-115.82,-119.63,-122.38,-122.07,-124.97,-126.35,-126.19,-123.29,-123.14,-124.36,-127.26,-129.7,-133.21,-137.64,-142.37,-144.96,-148.78,-149.69,-152.29,-152.75,-155.34,-156.1,-158.09,-158.54,-158.7,-156.56,-153.51,-150.61,-148.32,-146.95,-145.27,-142.22,-140.54,-138.1,-137.94,-137.33,-140.23,-143.44,-146.64,-148.32,-147.86,-146.03,-144.81,-144.81,-145.12,-144.05,-145.27,-145.27,-144.51,-141.91,-138.1,-133.82,-128.79,-124.06,-122.38,-122.99,-125.89,-127.41,-128.03,-125.74,-125.89,-124.06,-122.53,-119.48,-120.7,-121.46,-123.91,-125.13,-126.19,-126.35,-128.03,-128.18,-125.13,-118.26,-114.44,-110.32,-108.8,-107.58,-108.19,-107.43,-108.49,-110.32,-111.7,-113.68,-114.75,-115.67,-117.65,-117.5,-116.89,-113.22,-110.78,-106.97,-104.37,-101.17,-100.1,-97.507,-95.065,-90.945,-89.419,-88.809,-88.504,-87.436,-88.351,-86.978,-88.046,-86.367,-84.994,-81.942,-79.653,-76.449,-76.144,-75.991,-76.754,-77.517,-81.637,-85.757,-88.961,-88.504,-90.793,-90.793,-92.166,-92.318,-92.929,-92.013,-92.013,-93.081,-95.065,-95.065,-96.896,-97.507,-99.948,-102.24,-105.75,-106.36,-107.12,-105.59,-106.66,-105.44,-107.43,-104.53,-99.796,-93.081,-85.604,-77.822,-70.498,-62.563,-58.138,-55.238,-54.476,-51.881,-50.508,-46.693,-43.641,-38.453,-34.486,-32.807,-32.655,-31.892,-32.044,-32.807,-35.401,-35.249,-36.317,-36.164,-35.859,-34.028,-35.096,-36.775,-40.132,-41.2,-45.015,-50.203,-56.764,-64.547,-72.787,-79.196,-84.994,-88.961,-94.607,-95.981,-98.117,-98.575,-99.796,-100.1,-99.49,-94.76,-89.419,-84.689,-81.942,-74.923,-64.852,-53.713,-45.625,-35.401,-30.824,-27.772,-25.941,-22.279,-16.633,-11.444,-6.1037,0.30519,6.5615,12.513,14.344,16.785,16.022,15.87,12.665,9.4607,4.12,-0.61037,-6.4089,-9.7659,-12.665,-13.886,-14.801,-16.022,-18.616,-21.821,-29.908,-37.843,-46.236,-49.898,-52.187,-51.424,-47.761,-41.81,-36.47,-32.197,-30.671,-28.84,-27.314,-21.668,-18.311,-14.039,-9.9185,-4.2726,0.45778,8.5452,17.396,27.009,34.486,41.047,47.151,51.881,54.323,54.781,53.255,51.729,46.846,42.573,38.453,36.622,32.655,30.061,25.941,22.736,19.227,19.227,17.09,15.564,11.444,8.24,3.9674,1.9837,-0.91556,-2.7467,-6.2563,-8.5452,-9.9185,-10.987,-10.987,-9.4607,-9.6133,-8.24,-7.9348,-6.4089,-7.477,-5.7985,-3.9674,-0.30519,0.76296,0.15259,-0.61037,-0.45778,-0.91556,-0.15259,0.15259,1.2207,-0,0.91556,-1.8311,-3.8148,-9.9185,-13.123,-15.412,-16.785,-16.48,-15.259,-12.97,-10.529,-9.4607,-4.5778,-1.9837,-0.45778,-3.0519,-2.5941,-1.3733,4.7304,7.6296,11.139,14.039,17.548,18.159,15.259,10.681,8.24,7.7822,8.6978,9.4607,11.292,11.75,14.191,15.717,16.785,16.785,15.412,12.97,11.444,10.834,11.902,14.039,15.87,15.717,15.717,13.276,12.36,9.003,7.7822,6.5615,7.1718,8.3926,10.376,9.003,7.1718,4.2726,1.2207,-2.2889,-3.9674,-7.6296,-7.6296,-8.3926,-7.6296,-7.0193,-3.357,-1.2207,-0.30519,-1.0681,0.76296,1.0681,-0.76296,-4.5778,-6.1037,-7.9348,-8.0874,-7.7822,-4.7304,-4.4252,-4.7304,-4.2726,-2.4415,-0.30519,1.0681,1.2207,1.9837,2.8993,3.0519,0.76296,0.30519,-0.61037,-0,-2.2889,-2.5941,-2.5941,-2.2889,-3.0519,-2.7467,-1.5259,0.15259,0.61037,1.9837,2.1363,1.3733,-1.9837,-4.4252,-9.6133,-10.376,-10.376,-8.3926,-8.0874,-7.7822,-6.5615,-4.5778,-3.8148,-2.4415,-0.91556,5.1881,8.6978,13.581,16.785,23.804,28.84,36.775,40.895,42.116,39.369,36.927,33.113,31.587,30.976,32.96,33.723,36.317,37.08,39.827,40.742,41.658,40.895,41.047,39.369,35.096,28.382,22.584,17.853,15.564,13.581,14.954,14.496,15.717,14.801,14.496,13.276,16.022,17.243,18.616,18.464,18.616,18.464,17.396,14.344,12.513,10.681,12.665,12.665,14.191,12.055,13.428,16.327,20.295,22.431,25.178,28.23,29.756,28.535,30.671,32.197,36.012,38.453,43.184,45.32,47.151,47.456,47.761,46.236,46.388,46.083,44.862,40.132,36.622,29.45,25.636,18.921,12.207,3.8148,-0.76296,-3.5096,-5.0356,-8.24,-10.529,-13.428,-12.513,-11.444,-8.24,-6.4089,-5.7985,-8.8504,-11.292,-14.496,-16.785,-19.379,-21.973,-25.025,-26.704,-29.756,-31.892,-34.181,-34.181,-36.317,-36.012,-37.996,-39.369,-40.895,-38.301,-33.57,-26.093,-21.821,-19.532,-17.243,-12.513,-6.8667,0.45778,7.1718,14.801,17.701,21.516,21.821,22.431,18.159,15.564,13.123,11.444,8.8504,8.5452,9.003,9.6133,8.8504,9.7659,8.3926,8.3926,5.7985,3.8148,0.91556,0.91556,0.91556,-0.15259,-3.357,-6.4089,-12.055,-18.311,-28.535,-34.333,-39.827,-42.573,-47.609,-49.898,-54.628,-60.274,-65.615,-69.277,-72.024,-73.55,-73.397,-72.939,-76.144,-77.67,-80.874,-82.095,-84.689,-83.773,-82.095,-79.196,-76.296,-70.956,-66.073,-61.495,-59.053,-56.612,-54.628,-49.44,-45.778,-39.064,-34.028,-26.856,-23.041,-19.99,-19.532,-20.142,-21.668,-22.279,-22.584,-21.058,-20.295,-19.379,-19.837,-17.243,-15.412,-11.902,-10.529,-8.8504,-10.681,-14.344,-19.684,-24.72,-26.856,-28.077,-29.45,-28.23,-27.161,-25.33,-24.415,-23.499,-23.499,-22.126,-20.447,-19.227,-18.006,-16.327,-15.259,-11.597,-9.9185,-8.0874,-8.0874,-5.4933,-4.2726,-1.3733,0.76296,3.8148,6.1037,9.3081,11.292,12.97,14.496,18.159,21.363,26.704,30.061,33.418,35.707,40.742,44.099,49.745,54.018,58.748,62.41,66.378,68.819,72.634,75.381,78.28,77.059,75.838,72.787,72.787,72.024,74.16,73.55,75.991,77.822,80.111,80.264,81.027,82.247,85.604,86.825,88.809,88.046,89.724,89.114,92.318,95.218,95.981,93.844,93.539,94.302,94.76,96.133,98.422,100.86,103.15,105.75,110.17,116.28,124.36,131.69,139.47,145.27,151.07,155.49,158.85,160.22,160.99,160.68,160.53,158.7,157.17,153.2,149.85,146.18,143.44,139.62,137.18,134.89,133.67,131.38,129.4,127.11,126.5,124.52,124.82,123.6,124.67,124.67,127.41,127.72,128.79,129.55,130.31,131.84,135.96,139.47,144.96,146.79,147.4,145.57,144.81,140.84,136.27,129.86,124.67,117.19,112.61,106.66,101.63,95.37,91.403,88.046,88.198,85.604,84.536,82.247,82.4,81.942,81.332,82.247,83.163,83.468,84.078,83.163,80.874,77.517,75.533,73.702,72.634,69.43,68.972,66.225,64.394,63.478,62.868,62.105,60.121,58.901,58.596,58.596,58.901,59.053,59.206,60.121,62.41,61.8,60.732,58.138,56.917,54.781,51.729,49.898,47.761,45.015,43.031,42.726,45.167,45.32,45.778,43.489,42.268,38.911,35.554,33.265,32.35,29.298,24.262,19.074,13.581,7.1718,1.8311,-1.6785,-3.5096,-7.3244,-10.681,-14.039,-16.633,-17.853,-18.006,-19.99,-21.363,-23.194,-23.957,-24.11,-23.652,-24.262,-24.873,-27.161,-28.23,-28.993,-27.619,-27.619,-28.535,-29.45,-28.077,-24.11,-20.295,-19.074,-18.159,-20.753,-22.126,-23.041,-21.668,-21.21,-18.159,-14.039,-11.444,-10.224,-10.224,-9.7659,-8.0874,-4.883,-1.2207,0.45778,2.4415,2.1363,1.2207,-3.0519,-7.1718,-8.3926,-8.6978,-6.5615,-5.6459,-6.5615,-7.477,-9.1556,-10.071,-10.071,-9.7659,-11.139,-11.444,-12.665,-14.191,-14.344,-14.191,-15.717,-18.921,-23.652,-28.993,-36.622,-42.573,-47.609,-50.05,-52.797,-54.933,-57.07,-59.664,-62.105,-65.615,-67.904,-69.124,-70.04,-70.803,-74.465,-77.975,-83.773,-85.757,-85.91,-84.231,-86.215,-88.046,-90.64,-92.776,-94.455,-94.15,-93.844,-92.318,-91.25,-88.656,-89.419,-90.487,-93.081,-93.692,-96.286,-100.41,-105.75,-108.04,-109.41,-112.77,-117.8,-121.46,-124.82,-126.8,-129.09,-126.96,-123.75,-118.72,-114.9,-110.17,-103.46,-95.828,-89.877,-85.147,-82.4,-79.653,-78.738,-74.313,-72.481,-69.124,-66.683,-63.021,-61.037,-60.274,-62.258,-61.495,-61.953,-62.258,-61.342,-59.511,-57.527,-56.001,-54.018,-49.135,-48.372,-47.761,-48.982,-49.44,-51.881,-51.881,-52.644,-53.102,-56.612,-61.19,-66.378,-69.43,-73.244,-73.855,-75.686,-74.313,-74.465,-75.381,-79.653,-81.484,-82.247,-82.247,-82.705,-83.773,-83.926,-83.01,-79.501,-73.855,-69.43,-65.157,-63.021,-56.917,-50.203,-43.031,-39.216,-34.639,-30.671,-25.636,-19.99,-12.97,-6.7141,-0.76296,2.1363,4.12,1.9837,1.6785,-1.9837,-5.6459,-11.444,-16.633,-23.804,-28.84,-32.96,-35.554,-37.538,-39.216,-41.2,-39.216,-40.284,-43.489,-48.372,-50.661,-54.018,-53.407,-52.797,-51.729,-52.187,-53.56,-55.391,-55.696,-55.238,-52.187,-47.914,-41.047,-37.233,-31.739,-26.704,-18.921,-12.513,-7.477,-5.4933,-4.12,-3.5096,-3.2044,-3.0519,-3.6622,-4.5778,-1.9837,-3.2044,-2.8993,-3.6622,-1.6785,0.15259,1.9837,2.7467,3.6622,1.8311,-2.1363,-5.3407,-7.0193,-9.4607,-12.36,-16.022,-16.175,-15.717,-11.292,-11.444,-8.6978,-4.883,2.1363,5.9511,8.3926,7.3244,6.2563,3.9674,4.883,2.1363,0.15259,-1.8311,-0.91556,0.91556,5.4933,7.1718,10.529,14.191,19.532,23.041,26.551,28.84,33.113,33.876,36.012,36.775,40.132,42.879,45.167,45.778,44.557,39.369,34.944,29.145,24.262,20.6,16.633,12.207,12.055,9.3081,10.224,7.6296,6.8667,6.4089,5.3407,1.2207,-1.9837,-5.0356,-5.0356,-5.0356,-3.6622,-5.4933,-5.7985,-6.8667,-8.24,-11.902,-11.597,-11.139,-10.224,-8.0874,-5.4933,-2.5941,-0.91556,-0.91556,0.45778,-0.15259,-0.15259,-2.8993,-4.883,-10.529,-12.818,-14.039,-13.123,-11.444,-10.376,-10.224,-12.513,-16.785,-21.363,-28.382,-32.807,-36.775,-37.385,-39.979,-41.505,-46.083,-52.492,-61.953,-71.261,-78.585,-83.773,-87.13,-90.487,-93.844,-94.607,-94.76,-91.861,-91.861,-91.708,-92.471,-94.455,-97.964,-100.41,-102.39,-103.76,-106.36,-105.9,-106.97,-107.43,-108.49,-105.75,-105.29,-102.69,-100.25,-98.575,-98.575,-97.201,-96.438,-94.302,-92.929,-90.335,-89.419,-85.452,-81.942,-78.433,-78.127,-77.364,-74.77,-71.261,-67.446,-63.326,-61.342,-57.833,-54.628,-49.898,-46.693,-43.794,-40.742,-34.333,-29.756,-25.33,-20.6,-16.633,-12.513,-8.8504,-6.5615,-2.8993,0.45778,3.6622,3.2044,3.5096,3.2044,4.4252,5.0356,6.5615,4.12,2.8993,0.91556,-1.6785,-5.0356,-8.5452,-11.597,-15.259,-18.616,-19.227,-21.668,-24.11,-25.178,-21.21,-17.396,-12.97,-8.6978,-4.12,-3.357,-4.5778,-7.477,-10.071,-12.207,-11.902,-13.276,-12.207,-13.123,-12.36,-12.055,-8.5452,-6.1037,-4.2726,-4.4252,-3.0519,-2.8993,-3.2044,-4.2726,-6.8667,-12.055,-14.801,-16.327,-13.581,-11.597,-11.139,-14.649,-18.006,-19.074,-19.379,-22.889,-25.025,-26.399,-24.873,-25.025,-25.178,-30.061,-34.944,-40.59,-43.947,-45.625,-43.031,-38.606,-35.249,-30.519,-25.33,-22.279,-19.227,-17.09,-12.97,-9.7659,-4.2726,-1.3733,0.61037,0.30519,2.4415,4.5778,5.7985,6.5615,7.6296,7.7822,9.4607,11.292,13.276,11.597,11.139,7.477,6.5615,2.7467,-1.5259,-4.2726,-3.2044,-0.91556,1.3733,3.357,5.0356,7.1718,13.886,23.194,33.57,42.421,51.881,54.17,54.781,50.813,49.44,46.388,42.116,37.538,36.622,36.775,39.369,40.742,39.979,35.401,29.145,21.21,14.649,7.1718,0.76296,-5.7985,-10.376,-12.055,-12.055,-10.529,-7.9348,-9.003,-9.003,-9.1556,-9.6133,-11.75,-12.055,-12.36,-9.9185,-7.1718,-3.357,-0.61037,1.9837,2.8993,2.8993,0.15259,-2.7467,-6.7141,-8.3926,-12.055,-14.344,-17.243,-17.853,-21.058,-23.194,-24.567,-23.957,-24.11,-23.804,-22.126,-19.074,-18.616,-17.701,-17.243,-13.581,-10.681,-6.2563,-1.5259,6.7141,11.75,14.191,16.785,20.905,26.551,32.807,39.369,47.151,51.881,55.238,56.154,59.511,57.68,53.255,48.83,46.236,43.947,45.32,50.356,57.985,65.157,73.702,81.332,85.299,84.841,82.705,75.838,68.819,58.748,50.813,41.047,31.281,20.142,10.376,3.357,-4.2726,-11.292,-13.123,-13.886,-15.259,-19.074,-18.921,-20.295,-19.227,-17.701,-15.564,-14.039,-11.75,-9.4607,-6.8667,-6.7141,-7.3244,-4.7304,-0.15259,3.6622,10.834,17.701,28.077,37.233,45.32,46.999,48.372,49.287,53.255,57.222,60.579,56.459,50.813,39.674,28.687,15.412,5.3407,-3.9674,-7.9348,-9.4607,-9.9185,-11.292,-11.292,-11.75,-13.428,-14.649,-14.801,-16.785,-17.09,-18.006,-15.107,-12.207,-6.4089,-0.45778,8.5452,17.701,26.551,32.502,37.233,40.59,44.71,45.93,46.388,43.336,40.132,36.012,33.876,27.009,21.973,15.412,9.9185,4.4252,-0.91556,-10.224,-20.447,-31.892,-41.963,-50.05,-52.339,-56.307,-55.086,-53.56,-48.219,-41.658,-36.775,-34.181,-29.756,-25.788,-20.753,-15.564,-5.0356,6.2563,18.311,29.145,42.573,51.729,57.985,60.732,65.615,69.735,75.381,77.059,79.196,79.501,79.958,77.975,75.838,70.803,67.446,59.206,52.492,43.336,37.996,30.366,23.652,16.785,11.444,4.883,-0.61037,-6.4089,-9.6133,-12.665,-13.581,-17.09,-19.074,-21.516,-22.889,-27.314,-31.129,-35.859,-41.658,-47.304,-52.187,-54.323,-49.898,-44.252,-37.08,-31.434,-25.483,-22.279,-18.006,-14.496,-10.529,-6.2563,0.76296,10.224,20.753,29.45,37.538,42.116,47.914,50.356,53.713,56.154,59.816,62.258,63.784,63.173,62.563,57.985,54.628,50.661,50.05,46.388,42.421,35.249,31.892,27.009,24.873,23.652,25.483,25.483,28.077,31.129,34.486,36.012,39.674,42.268,44.404,46.541,48.982,49.898,52.034,55.696,57.375,56.917,56.154,54.933,53.102,52.339,51.424,48.219,46.999,43.794,39.064,31.892,27.161,19.99,13.276,8.5452,6.2563,5.3407,5.9511,5.7985,5.9511,6.4089,8.5452,8.0874,6.1037,2.5941,-0.76296,-3.6622,-6.1037,-7.1718,-6.7141,-6.7141,-5.6459,-6.7141,-7.0193,-7.0193,-4.12,-4.12,-3.2044,-1.5259,-0.61037,-0.45778,1.3733,5.3407,10.681,14.496,18.159,19.379,19.532,17.243,14.801,11.902,6.8667,0.76296,-6.4089,-12.36,-16.938,-24.567,-30.061,-38.453,-44.099,-49.135,-50.356,-54.323,-56.307,-57.527,-57.07,-57.375,-57.375,-55.696,-51.576,-46.388,-37.996,-33.113,-28.84,-27.619,-24.262,-23.499,-25.178,-29.145,-30.824,-31.281,-30.976,-29.298,-28.535,-32.35,-36.927,-42.573,-45.473,-50.966,-53.407,-57.375,-60.121,-64.699,-69.735,-75.381,-80.569,-86.825,-90.335,-93.081,-95.218,-94.302,-89.572,-85.757,-81.79,-81.179,-79.958,-82.858,-84.536,-85.604,-87.588,-87.588,-86.062,-84.231,-81.027,-77.67,-72.939,-70.956,-66.225,-62.258,-58.748,-55.849,-50.966,-46.693,-43.031,-40.742,-39.064,-37.08,-34.486,-33.113,-30.671,-30.671,-29.145,-28.23,-27.619,-29.45,-29.603,-29.603,-30.061,-31.434,-31.739,-33.418,-34.944,-35.096,-32.502,-33.57,-35.554,-37.233,-36.927,-36.47,-33.265,-28.077,-21.21,-17.396,-14.496,-12.207,-10.376,-11.902,-14.649,-18.464,-19.227,-20.142,-20.142,-20.753,-19.532,-21.516,-22.126,-22.431,-23.499,-24.262,-23.499,-22.126,-19.837,-19.074,-17.243,-16.633,-16.175,-18.769,-20.447,-22.736,-24.415,-24.72,-21.973,-19.837,-17.853,-16.327,-13.733,-9.7659,-4.5778,-2.8993,-1.5259,-2.8993,-4.4252,-7.477,-10.224,-13.123,-15.564,-18.769,-18.921,-17.853,-18.464,-19.99,-19.837,-19.837,-18.464,-19.074,-19.227,-19.99,-18.769,-18.616,-15.107,-13.123,-12.207,-11.597,-10.681,-8.24,-5.4933,-2.2889,-0.30519,-1.6785,-3.0519,-6.8667,-10.224,-12.818,-12.207,-11.902,-11.444,-13.581,-18.006,-23.194,-26.551,-28.84,-30.366,-32.807,-32.502,-34.028,-32.655,-32.197,-29.756,-30.519,-33.265,-34.944,-34.028,-33.723,-30.824,-28.382,-24.567,-22.431,-18.311,-15.259,-12.97,-11.597,-9.003,-5.4933,-2.1363,-1.0681,1.2207,2.7467,5.0356,6.1037,9.4607,10.681,13.428,16.022,20.447,23.804,26.093,26.856,30.213,32.35,35.249,37.538,39.369,39.827,42.116,41.047,40.742,38.911,38.453,37.69,36.47,33.113,29.756,26.551,24.11,21.821,21.973,18.769,18.616,16.175,15.87,15.412,16.938,19.684,23.347,26.856,31.281,35.401,40.437,43.489,47.304,50.356,55.544,58.29,61.495,63.326,67.904,73.092,78.585,83.621,90.335,95.37,99.948,103.61,108.04,112.16,117.8,121.01,126.04,128.64,133.37,137.18,141.15,144.81,148.32,151.83,156.71,161.6,168.16,173.35,179.75,184.94,191.96,198.07,205.08,211.04,217.6,222.33,227.97,233.01,237.74,243.39,250.1,254.83,260.93,265.36,271.92,276.19,280.92,283.97,288.4,290.99,292.83,294.81,297.25,298.62,299.08,298.93,300.15,299.23,300.61,300.91,302.74,303.35,304.88,305.8,307.32,308.69,310.37,312.36,315.71,317.85,320.75,322.28,325.79,328.23,332.35,334.64,335.7,336.31,336.16,334.79,333.26,332.19,332.65,332.04,334.03,335.09,336.47,337.53,339.82,342.27,342.88,342.27,342.27,341.65,340.74,339.21,337.99,334.79,332.96,330.36,327.92,324.41,321.97,318.77,314.8,310.98,307.02,303.51,302.13,300,298.78,295.11,292.98,289.77,287.48,282.6,276.5,270.24,262.61,255.59,248.88,241.4,235.45,230.11,226.14,221.87,220.65,217.75,216.07,213.48,212.26,211.04,209.81,209.2,208.59,208.14,206.76,204.78,203.41,201.27,201.73,200.51,198.83,195.32,191.35,187.99,184.03,180.06,176.24,172.28,167.24,161.6,158.54,154.42,151.83,148.63,148.01,145.27,143.74,141,137.79,133.52,129.4,123.91,118.11,112.31,106.66,100.1,94.913,88.809,84.384,79.196,74.16,67.293,60.274,54.018,46.236,37.996,29.603,21.058,12.665,3.6622,-3.0519,-9.4607,-15.564,-23.804,-31.281,-37.538,-42.421,-47.304,-52.034,-55.544,-58.443,-61.647,-63.784,-68.514,-71.261,-74.618,-74.923,-75.991,-74.77,-74.923,-75.838,-78.127,-79.958,-83.468,-87.893,-95.828,-102.08,-109.1,-115.05,-121.01,-124.52,-128.94,-131.99,-136.72,-141.45,-145.12,-146.95,-147.56,-145.73,-142.98,-138.25,-136.27,-131.99,-128.18,-122.38,-119.33,-115.51,-111.24,-107.27,-104.22,-101.47,-98.575,-94.455,-90.03,-84.994,-82.4,-78.127,-77.364,-74.77,-73.55,-70.193,-66.988,-64.394,-61.8,-58.901,-57.07,-55.238,-56.154,-57.07,-62.258,-65.004,-70.803,-72.939,-75.533,-77.67,-79.958,-81.484,-82.705,-82.247,-82.247,-83.926,-85.604,-88.046,-92.624,-98.117,-105.44,-111.7,-121.16,-128.48,-135.35,-140.54,-147.56,-155.64,-165.26,-172.89,-180.06,-185.25,-191.05,-198.22,-208.75,-217.29,-229.19,-238.35,-248.12,-253.3,-255.75,-256.66,-257.12,-258.8,-263.99,-269.33,-273.9,-275.89,-280.31,-280.31,-279.55,-279.24,-280.77,-281.23,-281.69,-279.24,-276.35,-272.68,-269.63,-264.9,-261.85,-258.8,-257.12,-254.68,-254.83,-254.68,-255.9,-255.13,-253.91,-253.3,-252.85,-251.93,-251.93,-254.68,-257.73,-259.87,-263.83,-264.29,-263.37,-263.53,-264.75,-265.36,-267.04,-267.34,-268.41,-267.8,-264.29,-262.15,-261.54,-259.1,-256.05,-249.64,-243.54,-236.06,-230.26,-223.09,-217.29,-211.8,-208.29,-203.41,-197.76,-192.72,-188.76,-184.18,-180.67,-176.85,-175.79,-172.89,-171.51,-168.77,-168.16,-166.48,-166.33,-168,-168.77,-167.7,-166.78,-165.11,-165.11,-164.19,-163.88,-160.53,-158.85,-157.48,-158.54,-159.46,-162.21,-162.82,-162.51,-159.46,-156.56,-153.97,-155.19,-153.51,-151.37,-147.4,-144.81,-142.37,-141,-138.55,-137.49,-136.72,-136.42,-134.59,-132.3,-128.94,-126.8,-122.99,-120.85,-116.73,-116.58,-116.58,-116.28,-116.28,-116.73,-115.67,-114.75,-111.24,-108.19,-104.68,-103.76,-101.93,-100.56,-96.133,-93.081,-87.283,-83.163,-78.585,-75.381,-72.787,-70.803,-68.819,-66.988,-64.547,-65.004,-65.462,-67.446,-68.514,-71.108,-71.718,-72.024,-71.261,-69.582,-64.852,-59.511,-55.086,-53.713,-51.424,-52.339,-53.865,-58.748,-64.852,-71.718,-76.907,-82.705,-87.588,-88.656,-88.961,-88.504,-86.978,-87.13,-86.215,-87.283,-86.062,-86.673,-86.215,-88.504,-88.809,-88.351,-86.825,-85.147,-83.926,-83.926,-82.247,-78.585,-71.413,-65.767,-60.884,-58.596,-55.086,-52.797,-48.982,-45.473,-40.742,-36.622,-32.655,-30.213,-27.314,-25.025,-21.058,-19.99,-17.853,-17.243,-14.954,-14.191,-11.902,-10.834,-9.4607,-7.3244,-3.6622,-1.6785,0.30519,2.1363,5.9511,6.5615,7.1718,6.4089,9.003,12.36,17.853,21.363,24.567,27.467,30.366,32.044,32.96,30.061,26.093,22.126,20.6,15.107,10.376,6.7141,4.4252,2.4415,1.6785,-2.4415,-8.6978,-15.564,-19.532,-24.262,-24.567,-24.415,-22.431,-22.736,-22.889,-23.499,-23.194,-24.415,-24.873,-28.23,-30.671,-32.35,-31.129,-30.671,-28.535,-28.382,-27.772,-30.366,-31.892,-33.113,-33.265,-31.892,-30.366,-29.603,-27.772,-27.161,-24.72,-24.11,-20.753,-16.785,-8.8504,-0.91556,7.3244,14.191,19.99,21.973,24.11,24.72,26.399,25.178,24.873,21.973,21.363,18.159,17.548,18.769,19.532,20.295,21.973,24.11,28.993,32.35,35.859,35.401,35.096,33.57,34.181,33.723,32.35,28.687,23.804,16.327,10.376,3.8148,-0.30519,-5.1881,-7.477,-11.75,-12.97,-16.785,-18.616,-19.532,-19.074,-17.701,-16.175,-16.327,-16.48,-17.396,-16.022,-13.428,-8.6978,-4.5778,3.5096,9.9185,15.87,19.227,23.194,24.415,24.567,24.873,26.551,27.161,25.483,21.821,20.753,18.464,17.701,13.276,8.3926,0.30519,-4.5778,-10.376,-18.464,-25.178,-30.824,-37.385,-45.167,-54.476,-62.716,-72.176,-79.043,-85.299,-90.03,-93.539,-93.844,-94.76,-95.523,-96.896,-96.744,-96.438,-96.896,-97.049,-96.744,-94.455,-89.877,-86.367,-81.027,-76.296,-70.498,-66.988,-61.647,-55.849,-49.135,-43.184,-36.775,-31.129,-25.941,-21.668,-15.412,-9.7659,-0.61037,5.7985,12.36,15.107,18.769,21.973,26.246,27.924,29.298,29.145,29.45,28.993,31.281,29.603,28.23,27.619,29.756,31.281,35.554,39.064,44.71,48.372,51.729,55.238,57.833,59.206,63.631,67.598,72.176,73.244,75.533,74.007,74.465,74.16,73.244,73.397,72.634,72.024,70.803,66.073,62.105,57.833,55.849,54.018,55.696,54.628,50.966,43.641,36.317,26.551,15.87,5.4933,-5.0356,-15.107,-22.431,-29.298,-35.707,-41.81,-45.167,-45.93,-43.336,-39.064,-32.807,-27.467,-24.567,-20.905,-16.327,-12.055,-5.6459,-0.91556,4.4252,8.0874,10.834,10.224,9.1556,6.2563,1.5259,-6.2563,-13.276,-19.99,-24.415,-29.45,-31.892,-34.028,-35.401,-39.216,-42.421,-48.067,-51.271,-55.544,-58.748,-64.394,-71.566,-78.89,-84.231,-89.114,-92.471,-94.302,-94.455,-96.744,-97.201,-97.659,-96.591,-98.88,-98.27,-93.997,-84.841,-74.618,-64.852,-56.459,-48.677,-42.726,-35.401,-28.84,-21.668,-17.853,-12.36,-9.1556,-5.9511,-6.5615,-9.3081,-12.36,-13.428,-17.396,-22.431,-28.382,-32.807,-35.554,-35.096,-35.859,-37.385,-39.827,-41.2,-43.336,-42.421,-42.573,-43.336,-44.71,-44.404,-43.489,-42.268,-42.268,-40.742,-41.353,-39.674,-39.064,-38.759,-41.505,-42.116,-41.81,-42.421,-43.489,-43.947,-43.184,-42.116,-41.658,-38.453,-36.775,-34.639,-34.639,-33.723,-33.418,-32.044,-27.467,-20.905,-14.801,-7.0193,0.91556,9.003,16.633,23.347,27.772,33.113,36.622,39.369,39.064,38.759,35.401,31.587,28.993,26.704,24.567,23.652,22.279,21.973,19.99,17.548,14.039,11.902,8.5452,7.3244,4.4252,3.2044,1.2207,-0.45778,-2.2889,-3.0519,-3.8148,-4.4252,-4.7304,-4.2726,-6.1037,-5.6459,-5.4933,-5.9511,-6.2563,-4.7304,-3.0519,-0.45778,4.2726,10.987,17.243,22.736,28.382,34.944,38.453,43.947,46.236,48.524,47.304,48.067,49.44,51.576,52.034,52.492,54.018,55.544,58.901,60.121,55.696,50.508,42.726,35.859,28.077,23.499,15.87,8.24,0.45778,-5.6459,-11.597,-16.327,-21.21,-24.72,-26.551,-26.551,-25.941,-23.194,-21.973,-20.753,-20.753,-19.532,-21.21,-23.347,-23.194,-21.363,-21.516,-22.279,-22.584,-19.99,-17.396,-12.513,-9.6133,-5.9511,-4.12,-1.3733,-1.3733,-3.357,-5.9511,-8.5452,-13.428,-19.227,-26.246,-33.265,-41.505,-47.914,-56.307,-63.936,-71.261,-77.975,-85.91,-90.945,-95.218,-97.049,-97.354,-99.033,-100.41,-99.033,-97.659,-94.913,-94.76,-94.455,-95.065,-94.302,-92.624,-89.724,-85.604,-81.484,-76.144,-70.65,-66.53,-62.716,-59.511,-56.154,-53.865,-51.729,-51.729,-52.644,-55.696,-57.833,-60.121,-61.8,-64.699,-66.378,-71.566,-77.212,-84.689,-89.877,-94.455,-96.896,-99.948,-102.54,-105.59,-108.95,-115.05,-119.17,-121.77,-124.21,-128.33,-131.23,-134.74,-138.55,-144.51,-148.47,-152.44,-155.19,-161.75,-166.94,-171.97,-175.94,-180.06,-182.96,-184.18,-185.25,-185.25,-180.06,-177.47,-175.94,-175.79,-175.02,-174.11,-171.21,-168,-166.48,-166.02,-164.34,-165.41,-166.63,-168.92,-172.28,-176.09,-178.69,-180.06,-179.91,-179.75,-180.06,-180.67,-182.65,-184.48,-185.09,-187.54,-190.59,-193.49,-195.01,-199.13,-200.51,-201.73,-202.19,-204.63,-207.07,-208.14,-207.68,-206.92,-206.46,-206.92,-205.39,-204.78,-202.8,-201.88,-199.74,-200.05,-200.81,-201.12,-200.05,-198.37,-198.37,-199.29,-198.98,-198.68,-195.47,-193.49,-189.83,-187.69,-185.25,-182.04,-177.92,-172.43,-167.55,-164.8,-162.82,-162.21,-160.68,-160.68,-161.14,-161.9,-162.05,-162.51,-162.21,-163.12,-162.21,-160.99,-160.68,-158.24,-154.12,-150.91,-147.1,-144.35,-139.93,-136.57,-132.6,-129.09,-125.28,-120.55,-117.5,-114.44,-111.39,-107.88,-102.85,-99.338,-94.76,-92.624,-90.182,-88.961,-87.13,-85.91,-84.689,-82.858,-80.569,-77.822,-73.855,-72.024,-70.65,-70.498,-70.193,-72.481,-73.55,-74.77,-76.296,-77.67,-78.89,-82.553,-85.604,-89.572,-91.861,-96.133,-97.354,-98.727,-100.41,-102.24,-104.07,-106.81,-109.26,-111.09,-112.46,-114.6,-116.58,-119.17,-119.94,-121.62,-121.16,-122.23,-121.01,-119.63,-117.65,-116.89,-115.51,-114.6,-111.24,-108.8,-105.75,-103.61,-99.948,-97.812,-94.913,-91.708,-87.893,-84.994,-83.468,-84.536,-82.705,-79.806,-75.991,-74.618,-70.956,-69.124,-65.31,-60.884,-54.933,-50.203,-46.693,-45.625,-43.947,-43.489,-40.59,-37.69,-31.587,-25.025,-16.48,-10.681,-5.6459,-2.1363,0.15259,1.8311,3.2044,4.7304,5.6459,5.0356,8.6978,13.276,19.074,21.516,25.788,28.993,32.35,36.622,41.2,44.862,47.609,50.356,55.391,57.527,60.579,63.326,69.124,74.007,79.501,84.689,88.809,92.013,94.302,97.964,104.53,106.97,111.24,113.83,117.65,120.4,124.21,128.18,132.91,136.11,140.23,144.81,151.07,155.8,159.31,161.14,163.88,164.49,168,168.31,171.21,170.9,170.45,168.77,167.24,168.16,169.68,167.55,167.55,165.72,165.56,163.27,163.27,160.99,159.92,157.32,155.34,151.22,147.25,143.59,143.44,143.13,143.89,141.91,139.77,135.35,133.82,131.84,129.25,125.58,121.31,114.75,108.8,100.1,92.929,83.468,76.296,67.904,61.8,57.833,53.56,48.677,45.015,39.369,30.366,20.6,14.039,7.477,0.61037,-8.8504,-15.412,-22.584,-30.061,-36.317,-41.2,-45.167,-48.067,-49.745,-51.118,-53.407,-55.238,-59.206,-60.732,-63.173,-61.953,-60.884,-59.206,-56.307,-51.576,-47.304,-42.573,-37.233,-30.366,-24.11,-15.259,-6.5615,4.4252,14.649,24.567,34.333,43.947,53.102,63.784,72.787,83.316,94.455,106.66,115.21,125.13,132.45,141.61,151.68,164.34,176.7,188.15,197,205.08,211.04,218.36,225.07,235.15,243.39,251.17,254.98,257.73,258.95,258.19,258.49,258.49,256.51,254.68,251.17,249.03,244.91,241.55,237.89,234.08,229.65,225.99,221.72,217.6,213.48,209.51,204.02,200.35,192.88,186.47,177.31,171.36,165.11,160.07,153.97,147.56,141.45,135.5,128.79,122.07,113.22,106.81,99.49,95.37,91.403,89.877,85.604,82.095,78.433,74.618,68.819,64.089,60.884,57.985,54.933,53.407,48.677,43.489,37.843,32.96,22.889,16.175,10.834,8.24,4.883,1.6785,-2.1363,-4.883,-9.6133,-13.886,-21.058,-27.772,-33.57,-36.164,-38.911,-41.963,-46.388,-51.118,-54.628,-59.053,-63.784,-68.667,-75.076,-81.637,-88.351,-93.692,-100.25,-106.51,-113.83,-120.24,-124.52,-126.96,-130.16,-131.84,-134.28,-139.32,-146.34,-153.81,-161.6,-166.33,-170.45,-173.65,-178.99,-182.35,-184.03,-186.01,-187.08,-187.38,-189.52,-191.5,-193.33,-194.56,-199.29,-202.95,-205.69,-206,-206.31,-206.76,-208.14,-210.43,-213.02,-214.7,-216.53,-219.58,-221.56,-222.63,-225.68,-228.43,-232.4,-235.91,-238.96,-240.49,-240.94,-238.5,-236.06,-234.08,-230.57,-227.06,-222.48,-216.68,-212.71,-208.75,-206.46,-204.78,-204.32,-202.49,-201.12,-197.91,-194.56,-189.67,-185.09,-182.65,-180.97,-176.4,-172.89,-169.23,-166.33,-162.51,-158.7,-154.27,-149.24,-144.96,-143.59,-144.35,-145.27,-147.25,-149.39,-151.22,-154.12,-155.34,-155.8,-154.73,-153.66,-152.44,-150.76,-149.08,-149.08,-150.46,-149.24,-145.12,-142.37,-139.62,-137.18,-133.21,-131.08,-127.72,-125.89,-124.36,-122.23,-117.8,-113.07,-109.1,-104.68,-99.49,-95.37,-90.182,-86.673,-82.553,-78.127,-72.634,-69.735,-66.836,-63.173,-60.884,-57.985,-54.17,-52.644,-50.05,-48.524,-46.846,-43.336,-36.47,-30.213,-23.957,-18.006,-11.292,-5.1881,-0.30519,2.5941,5.6459,7.0193,8.24,6.2563,5.1881,3.2044,0.91556,-1.9837,-3.357,-4.5778,-6.2563,-7.6296,-7.3244,-6.7141,-6.2563,-8.3926,-8.5452,-9.4607,-9.3081,-10.834,-9.4607,-6.7141,-1.8311,5.0356,11.75,17.09,21.363,24.11,28.382,32.96,39.674,45.015,50.966,57.222,65.157,71.718,76.754,80.111,82.553,85.91,89.114,91.556,95.065,96.591,98.422,97.812,99.185,99.185,99.643,99.643,98.575,97.812,96.438,95.981,96.438,96.896,96.896,92.929,90.03,88.351,88.504,88.504,89.419,88.351,88.656,89.419,91.098,92.166,93.081,94.302,97.201,99.643,103.76,105.9,109.26,110.48,113.68,116.28,117.5,118.72,121.01,126.19,132.3,137.94,145.12,151.52,158.7,165.11,174.11,180.82,186.93,192.88,198.68,200.81,202.95,202.8,203.1,201.88,200.51,196.08,193.03,190.89,193.95,197.61,202.95,207.22,210.12,210.27,207.53,202.64,200.96,201.27,203.86,204.78,206.15,205.69,206.31,204.02,202.8,198.07,193.33,187.99,187.38,186.32,185.55,184.33,185.55,183.26,181.89,179.6,180.36,179.3,177.47,173.8,168.16,160.99,156.56,154.12,153.97,154.42,155.8,155.34,154.88,152.44,152.13,150.3,150.61,151.98,157.32,164.19,169.68,171.51,173.04,169.99,167.7,164.34,166.48,168,171.36,171.97,171.36,168.77,169.53,170.45,171.06,171.97,172.28,168.61,166.17,162.21,158.39,152.13,148.93,147.4,147.4,144.35,140.08,133.21,128.33,122.99,118.72,116.58,114.9,111.09,110.78,107.43,104.53,101.93,102.69,101.63,101.32,100.41,99.948,98.88,97.659,95.523,93.234,90.64,88.351,84.078,80.416,76.449,73.855,69.124,64.547,58.901,52.644,46.693,41.047,35.707,33.57,31.587,31.281,31.281,32.807,30.519,27.772,22.279,19.99,18.159,16.633,14.954,15.717,17.396,18.616,18.616,19.99,18.311,16.785,14.649,15.87,17.09,18.311,19.837,19.684,20.142,21.821,24.873,28.687,30.366,33.113,33.265,32.807,28.687,26.399,24.567,23.652,19.074,15.412,14.649,14.954,16.175,20.295,22.736,24.567,21.516,17.396,12.818,11.75,11.444,12.513,12.97,14.344,15.107,15.564,14.039,13.886,14.344,14.954,13.428,13.428,11.75,13.123,13.428,15.87,16.48,19.684,23.652,30.671,38.453,46.083,50.661,53.102,54.323,55.544,55.238,53.713,50.661,50.356,48.219,47.304,46.693,46.236,43.336,40.742,39.521,41.353,40.284,39.674,39.369,41.047,40.59,39.521,37.08,38.301,37.538,34.944,31.739,29.298,26.856,25.788,24.415,24.72,23.194,23.804,21.973,19.227,17.396,18.464,20.753,20.447,16.327,13.581,10.681,10.681,10.224,11.139,9.3081,9.7659,11.292,14.801,16.175,16.785,15.107,11.597,6.8667,2.1363,-0.61037,-1.9837,-4.12,-3.0519,-3.357,-2.8993,-0.30519,1.9837,2.2889,2.5941,3.357,6.2563,9.9185,14.954,19.227,25.178,29.603,34.181,35.707,36.317,34.181,33.265,33.113,33.723,34.181,32.807,29.45,26.093,22.889,22.126,19.99,18.159,15.412,13.886,10.071,5.9511,0.45778,-4.5778,-8.6978,-12.97,-19.074,-25.178,-32.655,-36.622,-40.59,-42.116,-45.015,-45.473,-43.947,-41.047,-36.47,-29.756,-23.652,-19.837,-17.701,-15.717,-14.954,-16.022,-18.311,-16.633,-14.191,-8.8504,-7.477,-6.1037,-4.4252,-3.2044,-3.357,-5.7985,-9.9185,-12.207,-15.717,-16.938,-18.616,-18.769,-20.905,-23.194,-28.84,-34.791,-42.421,-50.966,-59.206,-66.53,-73.55,-79.348,-84.536,-87.741,-91.556,-93.234,-95.828,-97.964,-101.32,-101.63,-101.32,-98.27,-92.318,-87.588,-83.773,-79.958,-75.381,-70.65,-67.904,-63.784,-62.258,-60.884,-62.258,-63.021,-62.258,-60.274,-57.985,-56.612,-55.086,-52.95,-53.407,-53.255,-53.255,-51.118,-48.982,-45.32,-43.641,-40.895,-39.674,-37.996,-36.622,-35.401,-33.418,-30.824,-28.84,-24.873,-24.11,-21.973,-20.6,-16.175,-11.139,-4.4252,0.91556,6.2563,9.7659,13.123,14.496,16.633,18.464,21.058,22.889,25.483,24.72,25.636,27.161,30.061,31.587,31.434,32.197,34.333,36.47,38.759,41.81,48.372,52.034,56.459,59.053,65.157,69.43,73.702,77.822,83.316,87.588,94.76,101.93,108.65,114.29,120.4,124.36,130.77,137.18,143.28,146.79,149.54,151.68,153.81,155.19,156.25,156.71,158.54,159.76,161.9,162.05,163.58,163.73,165.87,166.02,168.61,169.68,171.21,171.67,171.82,170.75,168.77,167.09,165.56,162.82,162.97,161.6,161.75,160.53,162.21,164.04,166.17,167.55,170.6,173.35,176.09,178.53,180.52,181.13,182.35,180.82,180.52,178.38,177.16,174.87,175.79,174.87,173.35,173.19,173.35,171.51,168.46,162.36,156.87,150.3,145.42,137.94,131.23,123.6,121.16,116.73,115.05,114.9,116.28,117.04,119.02,119.02,119.63,119.33,120.4,119.33,118.72,115.51,113.22,110.63,108.95,107.58,106.51,103.92,101.32,99.185,98.88,97.201,95.37,92.471,93.692,94.76,97.507,98.727,100.71,99.49,99.643,100.1,102.39,103.61,105.9,109.56,113.22,113.99,116.89,119.02,121.92,122.99,125.74,126.19,126.8,126.35,126.96,125.43,123.75,119.48,115.36,110.93,110.17,108.49,105.14,97.507,89.572,80.416,69.887,62.716,56.917,51.118,47.456,45.167,40.895,34.639,29.756,24.72,20.905,13.123,7.477,-0.30519,-8.8504,-19.99,-28.535,-36.164,-43.184,-52.492,-61.8,-69.887,-74.007,-77.822,-78.738,-82.247,-84.384,-88.198,-92.776,-99.49,-106.05,-110.63,-114.29,-119.17,-123.14,-128.03,-132.6,-137.94,-140.84,-145.42,-147.56,-152.75,-157.02,-162.51,-168.31,-174.87,-181.28,-187.84,-193.03,-196.84,-199.59,-202.95,-203.41,-205.69,-207.22,-213.48,-217.6,-220.8,-222.63,-223.55,-223.4,-224.62,-225.68,-225.84,-225.53,-224.77,-220.04,-216.53,-213.02,-211.04,-207.68,-204.47,-200.2,-194.1,-187.23,-179.75,-169.38,-155.34,-139.47,-124.82,-110.32,-96.133,-82.095,-71.566,-61.495,-54.476,-47.914,-43.794,-38.301,-32.197,-25.33,-19.227,-14.649,-12.36,-8.5452,-6.1037,-2.5941,-1.2207,2.2889,3.5096,4.5778,4.7304,7.3244,8.8504,12.513,14.191,14.954,13.123,11.75,7.1718,3.5096,-0.30519,0.45778,-0.76296,-1.8311,-5.6459,-8.8504,-12.055,-14.344,-19.684,-25.941,-34.181,-39.979,-47.609,-52.797,-58.138,-61.647,-65.615,-66.683,-67.751,-69.43,-72.176,-77.517,-85.147,-92.318,-101.02,-107.88,-115.82,-121.77,-128.94,-134.89,-140.69,-142.67,-144.2,-144.51,-143.89,-142.06,-140.84,-139.47,-137.64,-133.82,-132.6,-130.31,-129.25,-127.41,-125.89,-125.58,-126.19,-125.58,-125.28,-124.97,-126.8,-127.26,-130.77,-131.69,-134.59,-136.88,-141,-142.67,-144.81,-146.64,-149.24,-151.52,-151.37,-149.85,-149.08,-148.47,-150.91,-152.44,-155.95,-157.78,-159.76,-158.54,-156.56,-154.42,-151.22,-146.79,-141,-136.88,-133.82,-130.47,-129.7,-128.18,-125.13,-120.85,-118.87,-116.28,-109.87,-100.56,-90.487,-81.027,-73.092,-66.378,-62.563,-57.527,-52.644,-45.167,-38.606,-34.181,-34.486,-34.181,-33.113,-32.502,-32.197,-32.502,-34.791,-36.317,-38.606,-38.453,-39.216,-37.538,-37.08,-34.486,-33.57,-33.723,-34.333,-34.028,-34.333,-33.723,-32.35,-28.687,-23.347,-16.48,-10.224,-4.5778,-2.8993,-0.30519,1.8311,8.0874,14.344,19.532,23.804,28.077,30.976,33.723,36.927,41.81,45.625,51.881,56.917,63.326,68.514,74.618,79.196,84.841,89.419,93.844,97.659,99.796,101.63,102.39,104.22,107.58,109.56,113.53,114.9,118.72,120.85,124.36,126.04,128.94,132.45,137.33,140.39,144.96,147.71,151.07,153.05,159.15,164.04,171.21,175.63,182.96,187.84,192.88,197.45,202.49,206,208.44,209.51,211.95,212.41,213.48,212.1,212.26,212.26,212.87,213.93,215,215.77,215.92,215.16,214.09,213.48,213.93,213.78,215.61,215.92,217.6,216.99,216.07,215.46,213.93,211.04,209.51,209.81,210.58,209.66,209.2,208.9,209.36,208.9,209.81,207.83,204.63,201.88,198.07,194.4,193.03,191.81,189.06,185.4,182.81,177.92,174.11,169.68,169.07,166.63,166.48,167.24,168,168.31,170.6,171.82,172.89,172.12,171.36,168.77,166.63,164.49,163.12,161.14,160.99,159.61,157.32,154.27,150.91,148.63,150,151.83,154.73,157.17,159.46,158.09,155.95,153.66,155.34,156.56,156.56,154.27,151.22,150.46,149.24,145.12,139.62,135.2,133.52,129.55,126.35,123.14,121.62,118.87,116.89,115.97,114.14,110.93,107.88,105.9,103.15,97.659,92.624,86.062,80.416,74.16,67.446,60.884,57.07,53.865,51.271,50.05,47.304,43.794,40.59,38.911,37.08,32.655,28.382,23.957,21.363,16.938,11.75,8.8504,8.0874,8.3926,7.7822,6.4089,5.0356,3.5096,2.4415,-0.15259,-4.4252,-8.3926,-10.529,-11.902,-13.123,-14.954,-18.464,-20.905,-22.431,-23.652,-25.941,-28.84,-30.366,-32.35,-31.739,-31.281,-30.519,-31.129,-30.824,-30.213,-29.45,-30.366,-31.587,-33.57,-35.096,-36.012,-35.401,-37.233,-38.301,-40.437,-42.268,-43.641,-45.778,-48.524,-50.203,-52.644,-56.001,-61.8,-65.31,-70.956,-76.754,-85.604,-92.776,-99.185,-102.24,-106.51,-110.93,-114.44,-117.04,-119.48,-119.94,-120.4,-118.56,-117.95,-116.89,-117.5,-116.89,-119.33,-120.55,-119.79,-118.41,-118.41,-118.41,-120.55,-119.63,-119.17,-117.34,-116.43,-113.07,-112.61,-111.39,-111.55,-109.71,-107.12,-104.53,-103.15,-103.46,-103.31,-101.17,-101.32,-101.32,-101.93,-102.08,-104.22,-105.75,-108.8,-110.63,-113.07,-114.29,-117.95,-122.23,-127.87,-132.45,-136.11,-137.94,-141.45,-143.13,-143.89,-143.89,-144.81,-142.37,-137.18,-131.53,-126.04,-121.01,-116.58,-113.53,-110.63,-105.9,-104.83,-102.08,-100.41,-96.744,-94.455,-91.861,-90.64,-92.471,-96.438,-100.41,-103.61,-105.14,-104.53,-104.68,-105.9,-106.81,-109.56,-112.92,-115.36,-116.73,-119.02,-121.01,-124.67,-128.03,-131.08,-131.99,-132.15,-131.23,-130.01,-125.89,-123.91,-121.46,-120.4,-119.02,-117.5,-116.12,-113.68,-112.16,-111.55,-111.55,-113.22,-114.75,-118.56,-118.56,-121.31,-123.29,-125.74,-125.58,-125.13,-123.6,-120.85,-116.43,-111.85,-107.12,-102.39,-98.727,-95.523,-92.166,-89.267,-85.91,-82.858,-78.585,-77.364,-77.67,-79.196,-81.79,-84.689,-86.673,-88.656,-90.182,-92.166,-93.997,-96.286,-97.201,-98.575,-98.27,-100.1,-101.32,-102.69,-103.15,-103.46,-102.24,-99.643,-98.575,-97.812,-96.744,-95.981,-95.523,-96.133,-95.37,-94.455,-92.929,-94.15,-93.692,-93.234,-92.166,-91.098,-88.961,-86.978,-84.536,-82.247,-79.806,-77.517,-72.787,-70.803,-67.141,-65.767,-64.241,-62.105,-59.816,-57.222,-54.781,-54.628,-52.339,-48.524,-42.573,-38.606,-32.807,-27.467,-19.837,-13.123,-3.6622,5.3407,12.97,17.701,22.431,27.009,31.434,36.622,42.268,45.625,48.677,48.524,50.661,52.797,57.07,61.037,64.089,65.767,67.293,67.141,66.53,65.615,65.92,62.868,62.41,59.053,58.138,55.849,56.001,54.476,52.339,50.203,49.745,48.524,47.456,44.557,44.404,45.473,48.372,50.05,53.255,55.696,59.358,60.884,63.478,65.462,70.04,72.481,75.991,77.67,81.79,81.027,83.01,84.689,88.351,93.081,97.201,98.575,100.1,100.71,100.41,95.828,89.419,81.332,76.144,69.277,64.852,60.884,59.206,58.748,58.596,55.696,52.95,49.135,46.541,43.336,40.284,34.486,33.113,30.824,30.671,29.908,29.298,27.161,24.415,22.431,21.363,19.684,19.532,19.837,20.295,21.516,26.093,28.993,31.281,30.671,30.519,27.314,23.499,18.769,13.733,9.1556,6.5615,4.2726,3.5096,2.2889,1.3733,-3.0519,-5.4933,-9.003,-9.7659,-13.123,-17.243,-18.921,-16.48,-13.123,-9.9185,-7.3244,-5.9511,-6.8667,-5.9511,-4.4252,-2.1363,-0.30519,3.357,5.1881,6.1037,4.2726,1.9837,1.0681,0.45778,-1.9837,-5.3407,-8.0874,-12.207,-21.058,-31.587,-41.047,-47.914,-54.933,-61.037,-65.31,-69.277,-73.55,-78.433,-83.316,-89.114,-92.166,-92.166,-95.065,-98.117,-102.39,-107.43,-112.92,-117.8,-123.14,-125.58,-126.35,-125.58,-125.13,-124.52,-124.97,-125.58,-126.8,-126.04,-123.75,-120.4,-119.79,-120.4,-120.85,-121.77,-122.23,-123.6,-125.13,-124.36,-124.52,-128.03,-131.08,-129.86,-128.33,-125.74,-125.28,-124.52,-125.13,-125.43,-125.58,-126.65,-129.55,-131.69,-134.13,-136.57,-140.84,-143.13,-146.18,-146.95,-145.12,-140.54,-137.03,-135.35,-134.13,-133.37,-134.13,-135.04,-133.21,-128.48,-121.31,-114.6,-110.32,-107.58,-107.73,-108.49,-109.1,-107.88,-106.97,-103.31,-98.88,-97.507,-96.133,-92.013,-88.961,-86.825,-87.283,-85.452,-84.994,-84.536,-85.452,-86.215,-89.572,-92.471,-93.997,-93.844,-92.929,-89.419,-84.689,-79.958,-75.838,-71.108,-68.972,-64.852,-61.953,-56.764,-49.898,-42.116,-34.791,-28.077,-21.668,-14.801,-9.7659,-5.1881,-3.6622,-1.5259,0.15259,3.8148,4.4252,5.3407,8.0874,10.376,13.733,17.09,19.379,21.516,19.99,18.311,15.717,13.581,9.3081,6.8667,5.7985,4.4252,2.7467,2.2889,3.0519,3.0519,2.5941,3.357,3.6622,4.883,6.1037,7.477,5.3407,2.1363,-0,-1.2207,-1.8311,-0.61037,1.5259,4.12,6.8667,9.4607,10.681,13.733,15.107,16.938,18.159,18.921,16.785,14.954,15.107,16.022,16.175,14.954,12.665,10.987,7.0193,4.883,3.2044,3.9674,3.6622,5.7985,8.0874,8.8504,8.5452,5.7985,0.91556,-4.2726,-10.224,-14.496,-19.074,-21.668,-25.483,-29.145,-33.265,-36.47,-39.521,-41.353,-40.742,-39.064,-38.148,-35.554,-32.044,-28.687,-28.84,-29.603,-28.687,-22.736,-17.243,-12.665,-9.1556,-4.883,-1.5259,-1.8311,-5.3407,-10.224,-15.412,-19.837,-22.279,-21.516,-22.584,-25.33,-30.824,-33.57,-34.944,-36.47,-37.69,-39.369,-43.184,-47.761,-52.644,-54.17,-55.544,-53.102,-48.83,-43.947,-42.879,-41.658,-40.742,-39.674,-40.132,-41.505,-42.268,-43.489,-47.151,-49.44,-50.508,-51.881,-54.781,-56.307,-56.307,-57.222,-60.732,-63.784,-67.446,-72.024,-77.822,-81.79,-83.01,-85.147,-88.504,-91.25,-94.913,-94.76,-93.692,-91.556,-89.267,-86.215,-84.536,-82.705,-81.79,-81.179,-78.89,-75.076,-69.582,-62.41,-58.443,-54.781,-52.95,-49.593,-47.151,-41.505,-33.876,-24.873,-17.548,-10.376,-4.883,1.6785,7.1718,13.581,20.6,27.161,27.772,27.772,28.382,28.077,27.314,28.687,32.044,35.707,38.911,43.184,47.456,52.797,55.849,61.495,65.157,69.277,71.413,75.686,79.196,81.027,81.332,81.484,82.095,81.942,81.027,81.484,80.874,79.501,75.381,72.024,68.209,64.241,60.274,57.07,54.476,51.271,47.456,43.641,39.216,36.622,33.57,30.976,27.314,23.499,18.464,13.428,8.5452,4.4252,-0.45778,-7.9348,-15.87,-23.499,-29.603,-35.859,-43.794,-48.372,-53.407,-56.154,-59.358,-61.342,-63.936,-67.446,-70.803,-74.16,-78.433,-84.536,-91.708,-98.27,-103.61,-108.49,-114.6,-120.24,-127.57,-132.15,-136.72,-138.71,-141.3,-146.49,-153.51,-161.75,-168.46,-175.02,-182.81,-190.74,-199.59,-207.83,-216.38,-222.33,-229.35,-236.21,-244,-251.01,-256.51,-262,-266.27,-269.17,-270.7,-270.09,-271.77,-273.29,-274.21,-274.51,-275.43,-275.58,-273.75,-272.38,-269.48,-265.51,-261.09,-257.12,-254.37,-249.64,-244.91,-239.88,-235.45,-230.26,-224.62,-217.75,-211.95,-205.85,-200.35,-197.45,-195.32,-193.18,-191.2,-186.01,-181.89,-177.62,-175.02,-172.58,-172.12,-169.84,-167.85,-166.48,-165.26,-163.43,-160.37,-156.56,-152.44,-146.49,-140.54,-132.91,-126.19,-119.17,-113.53,-107.58,-101.47,-95.981,-90.487,-82.858,-75.381,-68.514,-60.732,-50.966,-40.742,-29.603,-19.99,-9.4607,0.30519,9.9185,19.227,27.772,35.859,44.099,50.508,57.07,64.394,74.618,82.858,91.861,101.47,112.31,121.01,130.31,138.86,146.64,155.64,164.95,175.63,187.23,198.22,210.88,221.87,233.01,240.03,247.81,254.68,262,269.33,276.8,284.13,290.38,297.56,305.64,311.9,319.99,326.09,332.04,336.01,341.35,343.94,347.61,351.12,354.93,358.29,360.27,359.81,359.36,357.83,356.76,353.56,353.25,352.18,352.03,348.67,345.01,339.06,332.96,325.63,316.78,305.64,292.06,277.11,263.83,250.1,239.11,226.14,213.93,200.96,187.69,174.11,159.76,147.56,137.33,125.89,116.43,107.27,100.25,92.776,88.809,84.384,81.027,80.569,79.958,79.501,79.501,79.958,80.569,80.111,80.264,79.958,81.179,81.332,83.163,84.994,88.809,92.318,97.354,102.69,107.73,112.46,118.26,125.28,133.37,141.76,151.07,157.48,164.8,170.14,176.85,181.13,184.64,188.3,192.57,196.84,201.57,206.15,211.04,215,219.28,220.8,222.79,222.63,224.46,224.46,226.45,229.04,231.79,232.4,231.94,231.79,232.86,232.09,234.38,236.67,240.79,242.32,244.45,242.01,238.2,235.91,236.21,236.21,236.21,236.52,238.04,239.27,242.93,244.91,251.17,258.8,267.49,273.14,277.26,280.47,286.57,289.62,293.13,296.49,300.61,302.44,305.03,303.81,303.66,300,298.78,295.72,294.2,291.6,289.93,287.94,286.72,282.14,278.02,273.9,271.92,266.27,263.37,258.8,255.75,251.17,249.18,247.05,247.35,246.13,245.22,244.15,245.06,243.08,242.62,237.59,234.23,228.74,227.06,222.94,221.72,220.95,219.89,216.83,214.39,212.1,210.27,207.22,203.41,199.9,198.98,197.61,197.3,193.33,189.06,184.18,179.6,173.04,166.17,159.92,153.66,145.12,137.03,128.18,121.92,116.28,113.68,108.04,101.32,94.302,90.335,84.994,79.958,74.77,69.43,62.563,54.323,43.947,36.775,29.756,24.873,17.243,10.681,6.8667,5.9511,3.5096,-1.9837,-6.4089,-7.7822,-9.003,-9.003,-11.75,-15.259,-21.973,-30.061,-40.437,-51.729,-62.105,-69.582,-78.127,-85.757,-93.692,-97.354,-103.31,-107.27,-110.48,-109.1,-109.56,-111.55,-117.95,-124.21,-128.94,-130.62,-131.53,-130.92,-132.15,-129.7,-129.4,-126.5,-125.89,-122.84,-119.94,-117.5,-117.19,-117.65,-121.92,-125.43,-125.58,-124.97,-127.41,-128.79,-133.52,-136.88,-140.69,-143.59,-148.17,-149.54,-150.3,-152.13,-154.88,-156.25,-157.63,-160.53,-163.58,-164.95,-167.39,-165.11,-163.58,-161.75,-160.07,-158.39,-155.95,-152.44,-147.86,-142.06,-139.16,-136.72,-135.2,-132.3,-130.16,-128.03,-127.26,-123.6,-119.94,-115.21,-111.7,-109.41,-106.51,-106.2,-108.19,-111.85,-116.89,-122.68,-128.03,-130.31,-132.76,-135.5,-138.71,-141.45,-144.35,-146.03,-148.01,-149.85,-153.05,-155.95,-160.53,-164.04,-167.09,-168.46,-169.84,-168.46,-167.7,-165.72,-165.26,-165.11,-166.33,-166.17,-164.04,-161.29,-157.48,-148.93,-141.3,-133.52,-125.43,-115.82,-111.55,-109.26,-110.32,-111.39,-112.61,-114.14,-114.75,-113.22,-113.07,-108.95,-104.83,-99.49,-96.896,-94.913,-95.065,-95.676,-97.659,-99.338,-99.796,-101.63,-104.83,-107.73,-110.63,-111.24,-113.53,-113.22,-114.14,-111.24,-106.2,-99.185,-94.607,-87.588,-79.196,-68.209,-57.222,-44.557,-35.554,-25.025,-18.921,-12.97,-8.24,-3.5096,-3.357,-5.0356,-9.6133,-16.175,-20.905,-24.72,-29.45,-30.976,-33.113,-34.181,-38.453,-43.641,-48.067,-49.135,-50.813,-54.476,-61.19,-70.498,-82.095,-90.335,-99.185,-105.29,-111.09,-115.21,-118.72,-118.72,-119.48,-122.68,-128.64,-137.18,-144.35,-148.17,-149.24,-148.78,-151.37,-154.27,-159,-165.11,-169.99,-175.63,-178.69,-181.28,-184.64,-186.93,-187.38,-186.93,-188.6,-189.52,-189.21,-183.87,-178.69,-175.33,-173.35,-174.11,-177.62,-182.5,-189.06,-195.32,-200.96,-204.32,-206.92,-206.76,-207.22,-206,-205.39,-204.78,-205.85,-206,-206,-207.98,-212.26,-216.99,-219.12,-219.12,-219.89,-220.5,-223.85,-226.91,-230.11,-231.18,-228.43,-223.09,-217.44,-212.71,-209.36,-206.31,-203.1,-196.23,-194.1,-194.71,-197.3,-197,-196.23,-194.4,-189.98,-185.55,-179.75,-176.24,-172.89,-169.99,-167.09,-162.97,-160.83,-158.24,-158.39,-159.15,-159.31,-157.93,-156.1,-154.12,-153.2,-151.83,-151.68,-152.59,-155.03,-155.34,-156.41,-155.49,-155.49,-154.27,-150.91,-146.49,-143.13,-141.76,-138.71,-135.5,-133.06,-130.01,-127.41,-122.38,-117.19,-110.78,-105.29,-98.422,-92.013,-83.163,-74.77,-65.92,-57.985,-50.05,-41.658,-33.418,-25.636,-16.022,-9.4607,-2.2889,3.357,10.987,17.09,25.33,34.791,43.489,52.492,60.732,69.277,75.838,82.095,89.114,95.065,102.24,107.73,116.28,123.29,130.77,137.64,144.35,151.22,158.85,166.63,175.02,182.96,189.52,193.18,196.84,198.22,202.49,205.85,211.8,219.73,228.74,237.43,245.98,254.83,264.75,272.99,279.09,283.97,290.38,295.42,300.45,302.13,304.27,303.96,303.51,303.66,304.12,304.42,305.49,305.34,306.41,305.49,303.2,298.62,296.18,294.66,296.64,298.32,301.98,303.2,305.95,308.24,309.61,309.76,311.59,312.51,314.34,313.43,313.12,311.44,310.83,308.69,307.93,303.81,302.13,302.13,302.9,301.68,300.76,299.08,297.1,295.11,294.35,292.52,291.6,289.62,289.16,286.72,284.89,281.53,277.11,272.53,269.63,267.34,264.6,261.09,258.19,254.37,251.17,246.74,242.32,237.43,233.31,228.58,224.31,220.8,217.29,213.93,210.27,204.63,196.84,186.32,178.08,169.53,160.37,149.85,140.39,131.53,122.84,113.07,102.39,91.708,81.179,70.803,63.784,55.238,49.135,41.2,35.554,29.756,25.941,19.379,13.428,9.7659,10.071,10.071,10.376,7.6296,7.1718,4.2726,3.357,2.4415,4.883,7.1718,10.071,12.818,15.412,19.074,23.041,24.11,24.415,25.483,29.603,32.655,35.707,35.859,36.47,35.707,36.164,35.859,34.028,31.892,31.739,31.434,30.366,25.941,24.415,22.889,24.11,25.178,27.924,28.23,28.23,27.161,25.025,21.821,15.107,9.003,6.4089,3.2044,0.61037,-3.8148,-6.2563,-9.3081,-9.4607,-12.207,-14.801,-18.159,-20.753,-24.262,-28.23,-32.655,-34.639,-36.317,-38.301,-42.573,-44.862,-46.083,-45.32,-46.541,-47.151,-48.677,-49.135,-48.524,-44.862,-42.879,-43.489,-49.287,-56.459,-64.089,-68.972,-74.16,-79.196,-86.825,-90.945,-93.081,-94.607,-96.133,-101.32,-108.8,-117.5,-125.43,-129.86,-132.91,-133.37,-133.52,-133.06,-133.37,-130.92,-128.94,-127.41,-124.97,-123.14,-122.53,-123.6,-123.29,-123.14,-124.52,-128.18,-134.74,-136.88,-138.25,-136.88,-137.49,-135.65,-133.37,-130.77,-127.11,-122.07,-119.79,-120.7,-122.68,-123.6,-125.13,-124.21,-123.75,-122.07,-122.84,-124.36,-126.8,-125.89,-123.6,-121.31,-118.11,-113.22,-107.73,-102.08,-98.117,-93.539,-90.182,-88.351,-88.504,-88.046,-86.825,-86.215,-88.809,-91.556,-93.844,-94.302,-95.523,-97.812,-103.31,-106.2,-111.55,-114.9,-120.24,-125.28,-129.55,-132.91,-134.74,-135.65,-138.1,-139.32,-139.47,-139.93,-141.3,-140.23,-142.06,-140.84,-140.69,-138.55,-137.03,-133.82,-129.4,-123.29,-116.12,-110.78,-108.04,-105.29,-102.85,-99.49,-97.507,-94.913,-93.234,-90.793,-89.724,-88.351,-88.046,-89.724,-89.419,-87.741,-86.978,-86.215,-86.367,-84.536,-82.4,-79.958,-78.89,-78.127,-78.127,-77.059,-75.686,-74.16,-72.176,-69.582,-64.547,-59.511,-56.612,-54.476,-54.476,-53.255,-54.17,-53.102,-52.339,-50.813,-48.982,-44.252,-39.216,-33.876,-28.23,-21.363,-13.886,-5.6459,2.2889,12.36,20.447,30.061,36.47,43.336,48.067,53.713,57.985,60.579,61.953,62.868,65.004,67.293,67.751,67.598,67.751,70.345,74.16,80.264,83.316,87.588,90.945,95.218,97.201,98.88,100.25,100.86,99.948,100.41,99.796,101.02,100.86,99.796,98.117,98.422,98.727,98.422,97.964,96.744,95.065,94.607,94.15,94.913,94.302,94.913,95.523,98.27,98.727,99.49,100.56,102.85,104.83,105.29,105.44,109.26,112.77,116.73,122.07,127.41,129.4,135.04,140.08,144.81,146.79,146.95,146.18,144.96,144.51,145.27,145.12,143.59,141.91,141.3,136.27,131.53,125.13,119.79,112.61,106.81,101.47,97.201,95.676,95.523,93.234,89.114,83.01,77.822,73.092,69.735,65.462,63.173,60.121,58.596,56.459,55.391,54.323,52.644,50.813,49.287,47.304,47.151,45.93,46.083,42.116,37.69,33.57,32.197,31.129,29.298,26.856,24.72,22.889,21.21,19.532,19.532,18.159,18.006,13.733,11.75,10.529,9.6133,7.7822,6.5615,5.7985,8.3926,11.597,14.801,18.006,21.973,22.279,22.584,20.753,19.074,16.48,14.649,12.513,11.902,10.529,10.071,10.071,10.071,8.6978,6.8667,3.357,2.4415,0.76296,-0.45778,-1.6785,-0.45778,-0.76296,-0,0.61037,-0.15259,-2.5941,-4.7304,-8.3926,-10.376,-12.97,-12.97,-14.954,-13.581,-13.733,-11.75,-9.1556,-9.4607,-12.665,-17.09,-21.668,-24.11,-25.33,-27.314,-30.671,-33.723,-38.759,-43.947,-51.118,-54.476,-53.407,-51.118,-48.067,-44.252,-42.726,-40.895,-38.759,-36.012,-36.47,-38.148,-39.674,-39.979,-41.2,-41.658,-42.268,-43.489,-46.541,-49.44,-53.255,-57.375,-61.8,-63.631,-66.225,-64.547,-60.884,-55.086,-47.304,-38.148,-31.281,-25.025,-17.396,-11.292,-5.9511,-1.0681,3.5096,11.292,18.464,24.567,27.467,32.807,33.418,31.281,29.145,29.756,28.993,28.535,27.467,27.009,28.23,34.486,41.353,50.813,56.307,61.953,63.936,67.293,69.887,73.855,76.907,78.89,79.806,81.332,80.874,81.637,79.196,79.348,77.975,77.975,73.855,70.345,65.31,59.206,52.644,47.456,43.184,41.658,40.59,38.606,33.418,29.145,23.041,19.227,13.886,8.6978,4.12,-0.76296,-8.6978,-16.022,-22.126,-27.161,-32.807,-37.69,-41.963,-43.641,-47.456,-48.524,-49.135,-47.914,-47.761,-48.219,-47.761,-47.609,-48.982,-49.593,-50.813,-49.287,-50.05,-49.44,-51.576,-52.644,-53.407,-51.729,-52.644,-52.187,-52.95,-54.476,-56.307,-57.222,-58.596,-58.138,-60.579,-61.495,-62.258,-61.8,-62.868,-65.615,-70.345,-77.975,-86.52,-93.844,-98.117,-102.54,-106.36,-107.43,-108.65,-107.43,-106.81,-106.36,-105.59,-101.17,-96.438,-92.318,-90.182,-89.419,-92.166,-93.692,-95.218,-95.065,-94.302,-92.013,-90.487,-87.893,-89.267,-90.182,-90.487,-88.504,-86.062,-84.078,-83.316,-83.316,-84.994,-84.994,-84.994,-84.078,-83.926,-82.095,-81.027,-78.585,-75.076,-70.803,-66.53,-60.121,-51.881,-42.726,-34.181,-26.246,-20.295,-14.801,-10.834,-6.4089,-4.883,-4.5778,-9.9185,-15.717,-22.736,-31.739,-41.2,-48.677,-54.476,-57.527,-59.816,-62.41,-67.446,-68.972,-69.735,-69.582,-72.176,-77.059,-82.553,-83.926,-81.179,-77.67,-74.007,-70.956,-70.04,-69.887,-70.345,-68.667,-69.887,-68.972,-68.514,-65.004,-61.8,-58.901,-55.849,-52.797,-48.982,-44.404,-43.489,-43.336,-44.557,-44.862,-46.236,-45.93,-47.456,-50.203,-52.644,-55.238,-58.596,-61.8,-64.547,-66.683,-67.904,-68.972,-72.787,-76.296,-80.721,-83.316,-85.452,-86.367,-84.384,-80.569,-76.754,-72.024,-68.056,-65.462,-62.41,-57.375,-54.781,-52.034,-51.271,-47.609,-45.32,-42.421,-38.759,-35.707,-31.739,-27.009,-24.11,-22.431,-20.447,-16.327,-14.191,-9.9185,-8.24,-5.3407,-4.12,-0.61037,1.2207,2.2889,1.2207,-0.76296,-2.1363,-2.8993,-5.3407,-5.9511,-7.477,-5.9511,-7.3244,-7.9348,-10.681,-11.444,-12.818,-12.207,-13.123,-14.649,-14.191,-14.039,-15.107,-16.327,-20.753,-22.431,-25.178,-23.194,-21.516,-20.295,-19.379,-19.99,-21.21,-21.821,-21.21,-19.227,-14.039,-9.7659,-8.0874,-6.2563,-5.9511,-5.9511,-7.7822,-7.6296,-7.3244,-4.883,-3.0519,-2.5941,-3.357,-4.4252,-3.5096,-1.0681,0.30519,4.2726,7.0193,10.681,11.75,14.344,15.717,18.464,19.227,19.227,20.447,22.736,25.941,26.093,25.025,24.262,21.821,21.363,18.159,14.954,10.224,6.4089,3.357,3.2044,5.1881,6.2563,5.9511,7.6296,10.834,15.564,19.684,24.262,28.077,31.739,33.876,37.233,39.064,42.116,46.236,51.118,54.628,60.274,66.073,72.329,77.67,82.553,85.452,90.335,94.607,100.56,104.22,108.49,110.02,109.56,109.26,108.49,106.05,104.53,103.46,106.05,104.83,103.31,99.948,97.659,94.455,92.013,89.267,87.741,85.147,83.163,80.264,78.89,75.838,76.296,74.465,74.77,74.465,77.364,78.738,81.179,83.316,83.926,84.994,85.452,84.994,88.198,89.877,94.302,95.218,97.812,99.796,102.69,104.22,107.58,109.1,110.63,114.6,121.31,126.19,128.18,128.03,129.4,129.7,134.43,136.88,141.61,144.96,151.07,157.32,163.27,166.02,168.77,171.51,173.04,173.5,176.24,177.47,179.3,180.36,180.97,177.31,172.58,168,165.41,163.88,164.49,164.49,162.97,157.48,152.44,145.27,137.49,125.74,115.67,104.07,94.302,83.163,73.397,63.326,54.933,48.067,40.59,31.587,25.636,19.99,14.496,6.7141,-0.61037,-7.3244,-12.207,-17.243,-19.684,-22.431,-25.636,-29.298,-32.807,-35.859,-38.301,-39.521,-40.59,-45.015,-46.388,-45.32,-44.557,-45.93,-45.32,-44.862,-43.489,-41.353,-41.047,-43.184,-43.947,-44.71,-43.031,-41.658,-38.759,-36.622,-31.892,-28.687,-28.077,-30.671,-33.113,-34.028,-33.265,-32.35,-30.519,-30.824,-31.739,-33.57,-34.639,-37.996,-38.606,-42.116,-43.947,-47.304,-48.219,-50.05,-50.661,-51.271,-52.187,-54.933,-58.138,-59.969,-57.68,-53.865,-47.761,-43.641,-39.064,-36.164,-33.418,-30.061,-27.161,-25.941,-25.636,-24.262,-21.973,-24.567,-26.093,-27.924,-27.924,-29.603,-29.908,-27.619,-24.262,-22.279,-21.363,-22.126,-23.347,-23.804,-22.736,-21.516,-19.837,-18.769,-16.633,-15.107,-11.75,-9.9185,-6.2563,-1.8311,2.1363,6.1037,10.224,12.665,15.107,16.785,20.447,21.363,22.279,21.21,23.194,24.72,27.772,30.061,31.892,34.028,36.47,38.606,42.116,43.336,43.794,41.047,39.369,34.944,31.892,26.704,23.804,19.684,15.564,12.97,10.987,6.8667,4.5778,3.8148,3.2044,0.45778,-0,-0.45778,3.2044,8.24,12.818,15.412,18.311,22.736,25.483,26.093,26.246,25.636,28.077,27.924,31.281,34.028,39.369,43.947,48.219,50.813,52.187,53.255,54.323,54.323,55.696,56.917,59.053,57.07,54.018,49.593,46.541,41.81,38.453,35.554,32.96,28.382,23.041,18.006,15.107,11.902,12.055,8.5452,6.8667,5.4933,6.7141,5.1881,4.12,2.7467,1.6785,0.76296,0.91556,2.5941,5.0356,7.9348,11.75,14.649,19.837,24.11,30.671,35.554,41.658,46.388,50.661,50.813,50.508,50.508,51.576,53.56,54.628,56.307,59.664,58.901,58.748,55.391,51.424,48.982,50.05,50.356,50.356,49.593,50.813,51.729,54.17,57.375,60.579,58.901,59.206,57.985,59.664,58.29,57.68,56.459,54.781,50.966,48.067,44.252,41.81,38.301,36.164,30.671,28.077,25.025,23.499,19.684,15.412,10.681,5.0356,-1.2207,-5.1881,-7.6296,-7.7822,-9.6133,-10.071,-11.292,-10.834,-11.444,-10.834,-13.581,-15.717,-18.464,-19.532,-21.363,-23.804,-26.399,-27.009,-28.382,-29.603,-32.35,-32.807,-36.164,-37.08,-40.895,-45.473,-50.356,-52.339,-56.154,-59.206,-63.631,-67.598,-69.735,-70.345,-71.413,-71.871,-71.871,-68.819,-65.615,-60.579,-56.307,-51.729,-46.999,-43.031,-41.2,-40.437,-40.742,-40.284,-41.353,-40.742,-41.353,-40.284,-39.674,-39.216,-42.726,-45.93,-48.219,-51.118,-52.95,-55.086,-56.154,-57.375,-59.664,-61.342,-63.326,-65.31,-68.514,-69.124,-69.887,-70.193,-72.176,-75.076,-78.28,-79.653,-80.416,-80.416,-80.874,-77.364,-75.838,-74.465,-74.923,-74.007,-74.313,-70.498,-66.378,-63.631,-63.021,-61.495,-59.206,-57.222,-53.865,-49.44,-45.32,-41.047,-39.521,-36.164,-33.57,-28.687,-24.72,-18.921,-12.97,-5.9511,-0.15259,5.1881,9.4607,14.039,17.243,22.126,25.483,28.993,30.366,32.044,31.434,29.603,24.262,20.6,17.853,14.649,10.987,8.6978,4.5778,2.5941,-0.15259,-0.91556,-3.6622,-4.4252,-5.6459,-6.2563,-8.24,-9.1556,-10.376,-12.055,-11.902,-9.003,-6.5615,-3.0519,-0.61037,4.2726,8.0874,14.496,17.701,20.905,24.262,26.704,28.84,32.197,34.639,36.164,36.47,37.538,37.843,40.895,40.742,40.742,37.843,33.418,29.603,26.551,23.347,20.142,15.412,11.902,9.003,7.9348,6.7141,6.8667,5.9511,8.3926,8.6978,10.071,11.75,14.191,17.548,22.431,26.856,29.908,33.113,36.927,37.538,38.301,36.164,34.028,29.45,26.551,24.873,25.33,25.941,24.567,21.973,21.363,19.379,18.616,14.649,12.36,9.003,7.3244,5.0356,4.12,2.2889,1.5259,-1.2207,-4.4252,-9.7659,-14.954,-19.837,-21.516,-23.041,-22.431,-23.499,-21.973,-20.753,-19.074,-18.464,-16.633,-15.87,-14.344,-14.954,-11.597,-10.987,-8.8504,-9.3081,-8.6978,-7.3244,-3.8148,-1.0681,2.2889,2.8993,1.8311,-1.2207,-1.5259,-3.8148,-5.6459,-9.7659,-11.444,-15.87,-18.616,-21.058,-23.957,-26.704,-27.619,-30.213,-29.908,-32.655,-32.807,-35.096,-34.944,-37.08,-38.453,-39.216,-37.996,-37.385,-34.028,-30.061,-25.788,-22.584,-17.853,-15.259,-10.681,-8.6978,-5.9511,-3.9674,-2.2889,-1.3733,-0.15259,2.4415,3.2044,2.1363,3.5096,1.3733,1.8311,1.0681,-0.91556,-4.7304,-5.7985,-6.5615,-6.1037,-6.4089,-6.8667,-8.6978,-7.9348,-9.3081,-8.8504,-11.902,-13.886,-18.159,-18.921,-20.142,-21.21,-23.194,-24.72,-26.093,-26.856,-29.756,-28.993,-30.213,-28.687,-28.535,-28.993,-31.281,-34.028,-35.401,-35.859,-37.538,-39.979,-43.031,-44.252,-44.862,-43.031,-42.879,-42.421,-44.862,-47.304,-51.424,-54.17,-56.764,-59.358,-61.342,-62.716,-63.326,-61.953,-60.884,-59.511,-60.732,-59.664,-58.596,-57.07,-56.154,-52.187,-47.304,-44.099,-43.641,-45.473,-46.846,-46.693,-46.999,-46.846,-48.982,-49.745,-50.356,-47.914,-47.304,-46.236,-48.219,-45.778,-41.353,-36.47,-32.502,-29.45,-25.788,-21.363,-16.48,-10.834,-9.003,-6.4089,-6.7141,-7.6296,-9.3081,-9.3081,-12.207,-16.633,-20.447,-23.652,-26.551,-27.619,-27.924,-27.009,-27.161,-26.856,-28.077,-29.756,-33.723,-35.554,-37.233,-38.453,-39.674,-39.979,-38.301,-35.707,-34.181,-29.45,-25.33,-21.973,-21.668,-22.736,-27.314,-30.519,-35.096,-38.453,-43.184,-47.914,-54.17,-58.29,-61.8,-62.868,-65.615,-67.293,-68.972,-69.582,-71.566,-71.566,-70.803,-69.277,-67.293,-62.41,-56.459,-51.118,-45.625,-40.895,-40.132,-36.622,-33.265,-28.077,-23.652,-17.243,-12.36,-7.6296,-3.9674,-3.8148,-5.4933,-6.7141,-8.0874,-10.376,-16.785,-22.431,-29.145,-33.57,-37.69,-37.69,-39.064,-41.505,-45.93,-52.339,-60.121,-66.836,-71.261,-73.55,-74.618,-73.397,-75.228,-76.449,-78.585,-79.958,-83.316,-85.299,-85.91,-84.231,-82.095,-80.111,-79.653,-77.67,-75.381,-73.092,-70.65,-66.836,-65.31,-63.478,-62.563,-61.647,-62.716,-63.173,-62.258,-58.901,-57.222,-54.628,-53.713,-54.018,-58.138,-59.969,-65.615,-71.413,-78.738,-79.501,-79.348,-78.738,-78.585,-77.364,-77.975,-77.975,-81.179,-84.536,-89.114,-91.098,-91.861,-90.335,-88.961,-86.367,-82.705,-78.28,-71.718,-64.547,-56.307,-49.135,-45.32,-40.895,-41.047,-39.979,-40.59,-40.284,-41.047,-43.489,-46.846,-48.372,-51.118,-54.17,-58.901,-62.258,-67.446,-69.735,-71.718,-72.634,-73.397,-74.313,-73.702,-70.956,-65.92,-59.206,-57.68,-57.527,-56.154,-52.339,-50.508,-48.83,-47.914,-47.609,-45.625,-42.116,-38.606,-36.012,-33.418,-29.756,-26.704,-22.126,-18.769,-14.954,-12.36,-9.3081,-6.5615,-2.8993,0.15259,2.7467,4.5778,6.4089,3.2044,1.3733,-1.2207,-0.91556,-1.9837,-1.3733,-0.30519,-1.8311,-4.5778,-6.7141,-8.0874,-6.5615,-4.12,-0.45778,1.3733,5.9511,10.987,15.412,17.396,18.159,18.006,18.921,19.684,20.295,20.753,22.431,19.99,18.159,16.327,17.548,17.548,17.09,15.717,15.259,16.022,19.532,21.821,22.584,24.567,27.314,28.382,29.45,29.298,30.213,29.145,28.077,26.856,27.772,28.382,28.077,26.246,25.178,23.804,24.11,24.567,25.788,25.178,24.873,21.516,16.785,6.7141,-1.5259,-5.4933,-7.0193,-7.7822,-9.003,-10.071,-9.7659,-8.8504,-8.8504,-12.665,-12.513,-13.581,-11.292,-10.376,-10.681,-10.224,-7.7822,-4.2726,0.30519,4.2726,7.0193,6.5615,7.0193,5.7985,6.4089,6.4089,7.0193,5.9511,3.5096,0.61037,0.15259,1.0681,0.76296,3.0519,6.7141,8.5452,13.123,20.905,31.281,40.284,49.593,55.238,58.443,58.29,57.222,57.222,59.053,60.579,61.342,59.206,56.001,50.508,46.236,41.047,37.08,32.807,29.45,24.11,20.753,18.769,16.938,14.496,14.191,15.412,15.564,14.344,13.886,12.36,13.276,13.428,17.09,19.227,21.821,23.804,26.704,28.23,29.145,29.298,31.892,33.57,37.385,40.284,43.947,43.641,43.031,42.421,44.862,46.999,48.982,49.287,48.677,46.083,43.641,38.606,35.554,31.434,29.908,26.399,22.584,16.327,8.8504,0.91556,-6.5615,-14.496,-19.074,-22.126,-22.126,-25.483,-26.704,-28.23,-28.687,-28.23,-25.025,-23.804,-22.889,-22.736,-20.447,-17.853,-13.886,-10.529,-6.1037,-3.0519,3.5096,9.4607,17.09,22.126,27.619,31.587,33.265,34.486,36.775,38.759,40.895,39.674,38.148,32.96,27.009,22.279,21.363,19.99,18.921,18.006,19.227,20.447,23.041,24.873,26.093,25.025,23.804,20.753,20.295,18.616,18.921,19.074,18.006,13.581,8.6978,4.7304,1.9837,-0.76296,-2.2889,-3.6622,-3.9674,-9.003,-11.75,-13.581,-10.834,-7.477,-2.7467,1.0681,5.6459,9.4607,10.681,8.6978,7.7822,5.7985,6.8667,4.7304,1.9837,-1.2207,-3.5096,-6.2563,-9.3081,-10.376,-9.003,-7.9348,-6.2563,-4.5778,-0.15259,2.2889,5.9511,7.7822,12.818,15.87,19.99,24.567,26.551,28.077,30.213,32.044,34.486,36.317,39.979,43.947,47.761,48.219,49.287,48.982,50.05,50.356,48.677,44.71,39.064,30.824,23.347,18.006,16.938,15.717,15.87,14.191,13.276,9.3081,4.5778,-1.6785,-7.1718,-12.818,-16.022,-13.733,-11.444,-11.139,-9.6133,-10.376,-11.597,-14.039,-13.733,-14.344,-12.055,-9.7659,-7.477,-4.883,-4.12,-2.8993,-2.5941,-3.357,-2.7467,-4.12,-5.6459,-6.8667,-5.3407,-4.7304,-3.5096,-4.5778,-5.4933,-7.1718,-9.6133,-12.665,-16.327,-21.516,-25.941,-28.687,-33.57,-41.2,-46.846,-51.424,-52.644,-54.476,-51.576,-47.456,-43.184,-40.742,-38.911,-34.486,-31.129,-29.298,-27.467,-29.908,-31.587,-32.044,-31.587,-35.249,-37.538,-38.759,-40.284,-43.336,-45.473,-47.761,-49.287,-51.424,-50.813,-50.813,-50.203,-52.187,-53.407,-54.933,-54.17,-54.17,-53.713,-51.118,-49.44,-50.05,-52.95,-53.255,-52.492,-52.339,-49.287,-46.999,-44.099,-42.268,-39.674,-37.08,-31.739,-27.161,-23.652,-18.769,-15.107,-11.597,-6.8667,-2.4415,2.1363,4.883,9.4607,12.36,16.785,20.753,21.516,23.347,25.178,25.025,23.957,19.99,17.09,12.818,9.3081,4.7304,1.8311,-0.91556,-4.5778,-9.4607,-15.717,-21.363,-24.11,-25.33,-25.33,-24.567,-21.058,-18.311,-14.649,-13.276,-8.3926,-3.8148,1.9837,7.9348,14.191,18.464,24.567,29.45,34.791,39.521,41.505,41.2,45.32,48.067,49.745,50.356,50.356,47.151,45.778,44.252,41.505,36.47,34.181,28.84,24.567,18.464,13.733,5.3407,-0.76296,-5.7985,-10.376,-15.87,-16.785,-16.175,-12.818,-13.581,-11.597,-12.055,-10.224,-7.9348,-4.5778,-2.5941,1.0681,7.477,13.428,20.295,27.772,34.486,43.031,47.761,54.933,59.816,66.225,71.108,74.923,77.212,80.264,80.569,81.027,81.637,83.163,84.536,87.283,87.741,89.572,91.556,92.929,88.656,84.994,82.247,79.501,75.838,73.55,67.446,56.459,50.508,54.018,50.966,48.219,41.505,37.996,35.707,36.927,38.911,39.216,35.554,33.876,36.927,40.59,43.031,45.93,47.151,50.661,51.118,53.102,52.95,56.154,60.732,65.004,67.141,70.345,71.718,72.787,71.718,70.803,67.293,62.258,55.544,52.644,50.05,47.609,45.32,45.167,44.099,43.031,45.473,50.966,52.034,53.56,51.118,49.898,46.846,45.32,47.761,49.593,46.999,44.099,42.268,37.843,34.181,33.265,34.181,32.655,30.061,31.739,35.554,38.148,34.333,34.486,36.927,40.895,40.437,42.573,43.794,45.32,47.151,49.898,52.492,58.901,63.784,68.819,71.413,76.907,82.095,83.163,83.316,83.316,83.163,84.994,86.215,84.994,84.231,86.52,84.689,84.689,84.231,83.468,83.01,84.689,86.673,86.062,86.673,88.961,85.452,81.484,75.533,72.329,68.514,65.31,62.41,61.8,62.563,66.225,71.261,71.718,66.073,65.157,66.073,66.53,66.225,65.004,59.816,59.358,61.342,63.173,62.105,60.884,58.596,55.238,52.644,54.476,56.154,55.696,56.612,58.443,54.323,54.628,58.29,62.41,65.615,66.225,63.936,63.784,61.19,54.17,53.255,55.391,53.56,55.544,57.527,59.816,56.001,55.544,55.544,55.086,53.713,50.966,46.083,39.521,33.113,29.145,21.973,19.684,15.412,14.039,15.87,11.597,3.8148,2.2889,0.61037,-1.2207,-6.4089,-10.681,-14.954,-21.058,-27.924,-31.129,-36.927,-41.658,-47.914,-51.729,-51.881,-53.102,-58.138,-59.511,-55.544,-50.356,-49.135,-47.304,-47.304,-49.287,-47.609,-41.353,-39.369,-38.911,-35.249,-28.23,-25.636,-23.347,-20.6,-19.837,-18.159,-17.396,-15.107,-13.428,-13.581,-9.003,-7.477,-8.8504,-11.75,-13.733,-12.818,-12.207,-16.327,-18.311,-24.567,-28.077,-29.908,-31.281,-32.197,-33.265,-38.606,-42.879,-44.557,-44.71,-42.421,-42.268,-49.287,-50.05,-47.761,-47.151,-49.745,-50.813,-52.95,-52.339,-55.391,-58.443,-54.933,-48.372,-41.353,-37.538,-34.639,-30.519,-28.993,-26.704,-25.025,-21.363,-16.785,-15.717,-18.006,-15.564,-13.428,-14.039,-15.259,-15.107,-11.75,-5.4933,-7.1718,-9.003,-7.9348,-6.4089,-7.1718,-4.7304,-5.7985,-8.8504,-12.818,-13.733,-17.396,-21.21,-22.279,-24.262,-24.262,-24.415,-28.687,-31.129,-30.671,-29.756,-29.298,-29.603,-29.145,-25.788,-23.804,-27.314,-33.57,-34.028,-31.281,-29.298,-31.892,-36.927,-39.216,-38.453,-36.622,-35.859,-33.418,-34.639,-36.47,-38.148,-39.674,-40.132,-40.742,-38.453,-36.927,-36.47,-36.164,-36.317,-40.59,-42.573,-44.862,-49.44,-56.154,-65.004,-71.413,-74.16,-81.332,-83.926,-84.078,-84.231,-87.13,-89.572,-97.659,-100.71,-100.41,-101.02,-102.85,-104.22,-101.63,-101.63,-106.05,-109.56,-112.61,-112.16,-113.83,-109.56,-104.68,-102.39,-99.948,-96.286,-93.692,-90.64,-85.147,-77.975,-72.634,-67.904,-63.478,-61.953,-65.615,-66.225,-66.225,-65.615,-65.462,-62.105,-62.105,-61.953,-63.173,-64.394,-65.615,-67.141,-65.767,-65.004,-68.514,-66.53,-59.969,-54.628,-51.424,-42.421,-37.69,-35.096,-32.807,-34.791,-36.622,-29.45,-24.72,-24.415,-21.821,-15.717,-11.75,-6.7141,-1.5259,4.4252,12.818,17.548,18.616,19.379,19.379,27.467,32.502,34.333,34.181,38.453,42.116,46.388,48.372,49.44,45.93,46.693,48.372,46.999,48.067,51.118,54.323,54.781,52.492,55.391,55.238,53.102,49.593,47.151,41.505,37.385,36.164,36.775,36.47,35.096,31.587,28.077,26.856,29.298,29.756,27.772,26.551,27.772,27.161,28.993,29.298,28.23,26.704,27.009,25.941,24.415,25.178,27.314,28.535,31.587,32.96,35.096,34.486,32.807,31.281,30.366,30.061,31.434,34.333,35.249,32.044,29.45,28.382,29.298,27.772,26.856,25.941,25.025,22.431,19.379,13.581,6.2563,-1.8311,-8.0874,-12.513,-15.87,-17.548,-15.87,-14.191,-10.987,-10.681,-9.1556,-4.7304,2.8993,9.7659,14.191,14.801,13.886,14.649,18.464,21.21,22.279,23.347,27.619,30.213,35.401,40.59,46.693,49.287,51.271,53.56,56.001,59.511,59.969,57.375,54.018,46.693,38.148,28.84,22.431,14.954,8.5452,6.5615,8.3926,9.9185,10.529,10.071,9.6133,7.477,8.5452,6.4089,7.7822,10.376,13.428,15.412,15.717,14.191,14.344,15.412,18.311,20.295,21.363,22.736,25.941,27.467,31.281,34.791,39.521,42.421,43.947,45.167,46.083,47.456,48.524,45.015,42.421,35.859,28.382,21.363,19.227,15.717,12.207,11.139,13.276,16.938,19.532,19.532,18.921,19.379,18.921,17.243,17.701,17.396,17.396,16.633,18.006,18.616,19.074,17.853,17.09,15.87,15.412,18.311,23.347,26.704,33.113,38.148,46.236,51.271,53.255,53.865,54.17,52.492,51.881,52.797,53.102,51.118,50.203,47.151,45.93,44.404,42.421,38.301,35.554,32.197,29.298,28.687,27.314,24.11,21.363,18.006,13.733,8.24,8.8504,9.4607,11.292,12.818,15.412,14.496,13.733,15.107,19.99,25.025,30.213,34.333,39.674,42.879,47.304,50.508,57.68,61.19,65.615,68.972,71.718,73.855,75.076,74.618,76.144,76.601,79.043,80.416,81.179,82.4,83.01,80.569,79.958,79.043,75.991,70.04,65.157,60.579,56.001,48.677,40.742,31.587,24.567,17.853,13.733,8.8504,6.8667,5.9511,6.1037,8.0874,11.902,15.412,17.396,17.09,19.227,19.532,19.379,17.243,18.464,19.532,21.973,25.33,29.298,32.96,37.538,39.979,42.116,41.81,41.658,38.911,38.911,37.843,37.233,34.028,31.739,28.687,25.941,22.584,19.837,16.785,14.496,13.428,12.207,7.6296,5.7985,4.12,3.9674,3.0519,4.883,5.1881,5.3407,5.4933,8.8504,11.139,12.97,14.344,16.938,17.243,18.921,18.311,19.227,18.006,17.853,18.159,18.921,17.701,18.159,17.09,16.022,14.954,14.801,13.428,14.191,14.039,16.327,15.564,16.938,19.837,23.041,24.567,25.33,24.567,25.483,26.093,28.993,29.145,30.366,29.908,29.603,27.619,25.941,25.178,25.33,25.178,25.636,24.262,25.025,27.314,31.281,31.281,32.655,32.502,35.096,35.554,35.707,36.012,37.233,37.385,40.284,42.573,44.252,45.625,49.44,51.118,54.323,54.476,56.917,56.459,56.001,53.407,51.118,49.135,49.44,48.83,47.456,43.336,42.116,39.979,39.369,38.453,37.538,35.554,35.859,35.554,34.028,32.96,32.807,32.502,33.876,35.401,37.385,37.08,39.979,38.453,39.674,39.521,41.505,42.879,44.252,44.099,44.71,46.388,49.745,52.644,55.086,54.933,57.833,58.29,61.037,63.631,65.92,66.073,66.683,66.225,65.31,63.631,61.953,60.579,59.206,54.323,50.966,46.846,46.541,44.862,44.099,41.047,38.759,38.148,36.775,34.028,31.739,28.382,26.093,24.567,26.704,28.23,31.892,33.57,34.944,35.249,35.859,32.35,31.434,30.824,29.45,27.009,25.788,23.652,25.788,25.941,23.957,19.532,18.769,16.633,12.818,7.6296,5.4933,3.357,0.45778,-1.3733,-2.5941,-5.4933,-7.7822,-10.071,-12.513,-18.769,-23.957,-27.161,-27.467,-28.382,-30.061,-32.044,-32.502,-34.486,-36.47,-38.453,-38.606,-41.658,-43.336,-46.083,-45.473,-46.388,-46.846,-48.677,-52.95,-57.222,-59.816,-62.563,-64.699,-67.446,-69.887,-72.024,-69.735,-69.582,-71.108,-74.618,-76.144,-76.449,-75.076,-76.449,-78.89,-79.348,-79.501,-80.721,-80.874,-83.926,-82.705,-81.637,-78.89,-75.076,-68.361,-64.547,-60.884,-57.68,-52.034,-45.625,-40.437,-37.08,-32.655,-32.502,-31.587,-33.265,-35.096,-38.911,-39.979,-41.353,-41.963,-42.268,-45.015,-47.304,-46.693,-47.304,-45.473,-45.93,-47.761,-50.661,-48.677,-48.677,-50.966,-55.849,-60.579,-66.53,-71.718,-75.991,-81.027,-86.062,-84.384,-80.721,-78.89,-80.874,-78.89,-77.975,-73.855,-67.293,-63.326,-61.647,-59.053,-57.375,-54.323,-50.05,-43.489,-38.606,-33.57,-30.671,-25.33,-22.279,-19.99,-14.039,-7.477,-4.7304,-1.3733,-0.15259,1.0681,2.8993,6.4089,14.954,23.652,25.483,28.84,30.671,33.418,37.385,39.521,40.895,40.742,37.843,37.08,34.791,33.876,30.213,27.924,25.178,26.093,27.924,30.824,31.129,32.197,35.401,38.453,45.473,53.102,56.459,59.053,58.443,60.427,62.41,63.784,63.478,63.936,60.121,57.375,55.086,53.865,50.508,48.83,46.999,45.625,44.099,45.167,41.2,35.707,29.298,23.957,16.327,8.8504,3.9674,2.4415,0.61037,-1.5259,-2.8993,-3.8148,-4.5778,-1.2207,-0.76296,-0.45778,0.15259,-0.45778,-4.7304,-9.3081,-10.834,-6.7141,-2.2889,1.2207,3.357,5.7985,5.3407,5.7985,3.5096,1.8311,0.61037,-0.76296,-2.4415,-2.2889,-3.8148,-3.5096,-3.5096,-4.4252,-4.5778,-5.9511,-13.733,-14.649,-13.581,-10.681,-10.224,-10.681,-14.496,-16.022,-21.058,-23.499,-23.652,-24.11,-22.584,-18.311,-19.074,-20.447,-22.584,-24.873,-28.993,-32.502,-37.233,-42.726,-45.473,-48.219,-54.628,-61.19,-66.378,-66.683,-65.92,-66.53,-69.582,-68.056,-64.241,-61.953,-60.732,-60.121,-57.527,-55.849,-48.219,-41.2,-36.317,-32.197,-30.213,-26.856,-24.72,-19.99,-15.412,-10.987,-7.477,-4.5778,-3.9674,-7.477,-11.902,-4.883,1.3733,1.3733,2.5941,6.5615,6.8667,10.529,14.496,14.954,14.801,18.464,17.853,19.837,17.853,16.633,19.379,21.363,23.194,21.058,18.006,18.311,19.99,21.821,20.6,21.058,22.584,25.178,26.551,27.314,28.077,30.061,35.859,39.979,39.064,41.505,43.794,46.236,45.32,46.388,45.93,44.252,42.726,46.236,45.93,40.895,41.353,37.996,34.944,39.674,37.69,34.333,31.129,27.161,22.279,26.246,30.366,33.113,34.639,35.859,36.47,36.927,36.622,36.012,32.044,29.145,25.483,22.584,18.616,14.496,8.5452,8.0874,10.071,7.0193,2.5941,3.357,2.5941,-0.61037,-7.7822,-9.3081,-15.259,-20.753,-25.178,-33.113,-41.047,-41.963,-49.593,-60.274,-66.073,-67.598,-73.397,-79.196,-85.91,-88.504,-94.607,-97.201,-101.17,-104.22,-108.04,-113.53,-122.38,-130.92,-133.06,-129.4,-129.25,-135.04,-145.12,-149.24,-153.66,-153.36,-157.02,-162.21,-172.43,-175.02,-172.89,-174.41,-176.7,-175.48,-169.84,-166.48,-162.21,-155.03,-157.63,-155.19,-153.36,-153.51,-158.39,-150.91,-145.73,-145.27,-144.35,-140.08,-135.81,-133.52,-131.38,-125.74,-125.43,-125.43,-126.04,-124.06,-126.35,-125.89,-120.55,-119.63,-121.92,-121.01,-113.83,-112.46,-110.93,-102.69,-96.438,-95.523,-92.166,-88.961,-86.978,-89.114,-91.708,-91.25,-84.078,-80.264,-78.127,-72.939,-68.056,-66.378,-67.446,-63.326,-59.053,-56.764,-57.833,-54.17,-50.508,-45.473,-38.606,-34.639,-37.233,-35.707,-28.687,-26.399,-25.33,-23.957,-22.126,-16.022,-13.886,-19.379,-22.584,-20.447,-13.276,-4.4252,-9.003,-12.818,-12.818,-7.9348,-6.5615,-3.357,-5.7985,-4.5778,-2.4415,-4.4252,-11.597,-15.259,-20.447,-31.281,-38.148,-39.979,-44.252,-47.456,-48.83,-47.761,-52.339,-59.969,-62.563,-65.462,-71.108,-76.907,-83.316,-84.689,-84.689,-85.147,-86.215,-86.978,-90.03,-86.978,-78.127,-75.991,-74.77,-73.55,-71.718,-59.053,-45.473,-37.385,-31.892,-23.957,-15.564,-8.6978,-3.2044,0.61037,3.9674,9.003,15.564,20.142,23.347,28.077,30.366,31.281,31.129,32.197,32.655,33.265,30.366,30.976,33.418,37.233,36.927,36.317,37.69,41.2,40.284,38.606,41.505,44.404,42.879,55.696,56.307,53.56,56.612,54.476,50.356,45.778,41.505,43.184,43.794,44.099,43.947,41.658,35.859,32.502,24.415,16.785,16.175,16.327,11.75,8.0874,2.2889,-6.1037,-7.0193,-9.9185,-10.376,-9.4607,-10.529,-10.224,-11.292,-10.987,-8.24,-6.8667,-6.7141,-3.9674,-1.0681,-0.15259,3.5096,11.75,11.902,12.36,13.886,20.295,21.668,24.72,29.45,31.129,29.298,33.723,36.927,37.843,40.59,40.895,41.047,40.742,34.944,29.756,27.924,32.96,35.401,37.08,38.148,40.284,44.099,47.456,53.407,56.459,57.527,56.612,55.391,60.884,68.819,70.04,69.735,72.176,70.193,70.04,68.667,63.784,61.495,65.462,69.277,72.634,73.55,72.634,71.261,72.939,68.361,69.735,72.024,73.702,71.718,74.923,78.738,80.874,83.468,84.689,84.231,86.825,87.893,86.062,76.144,71.566,70.345,71.261,69.124,61.19,56.764,52.797,50.813,49.898,41.963,36.317,35.859,34.028,34.639,38.759,37.996,36.164,35.554,36.47,38.606,38.453,39.674,39.979,40.284,43.489,44.862,48.372,44.099,42.421,46.999,47.456,42.573,43.947,49.135,50.508,49.44,47.609,41.047,41.047,42.726,39.521,29.908,27.314,28.84,27.009,23.194,19.379,12.513,15.107,16.48,18.921,19.379,14.801,13.428,24.415,25.636,22.584,19.379,14.954,12.665,15.259,16.785,15.87,15.259,12.36,16.785,21.363,22.736,18.311,14.344,15.259,15.412,16.48,19.684,22.736,25.178,28.382,33.723,37.385,37.996,48.372,54.018,54.628,57.222,65.767,73.702,77.517,76.296,79.653,85.299,90.945,92.471,95.218,94.15,92.624,94.15,99.948,102.24,103,106.81,115.36,117.65,117.8,122.07,128.64,129.4,128.48,128.64,131.38,131.53,128.48,124.06,124.97,122.53,120.55,115.67,114.44,112.31,115.51,116.43,112.31,106.66,107.43,109.26,100.86,97.354,97.659,91.403,86.673,82.095,77.975,74.465,75.533,68.209,65.004,64.699,57.985,52.95,48.219,47.456,41.81,39.674,41.047,40.132,40.59,36.317,34.181,33.265,34.486,35.707,37.538,41.658,43.947,42.726,41.353,40.284,38.759,32.655,29.45,24.567,23.194,22.126,21.821,15.107,10.071,9.4607,12.818,15.564,19.227,20.295,19.379,15.717,16.022,14.649,14.649,17.853,17.853,12.207,8.8504,13.276,23.499,25.636,23.957,24.567,29.908,33.876,34.944,34.486,38.606,40.742,44.099,48.372,50.966,54.17,60.121,67.751,71.261,72.787,76.296,73.092,74.77,73.855,74.923,74.923,77.517,76.144,75.533,80.721,86.062,84.841,81.332,78.127,77.975,77.364,78.433,80.264,76.144,69.887,73.855,74.16,68.514,66.988,68.056,66.073,73.855,81.027,82.095,79.653,77.975,78.738,81.79,82.247,84.078,83.926,81.332,81.179,80.264,81.79,77.67,72.329,75.533,80.111,80.569,75.991,72.939,71.108,73.55,72.939,72.176,72.024,73.244,77.364,83.926,80.264,73.55,68.056,65.615,57.527,54.933,53.407,48.982,41.353,41.047,43.489,43.184,44.862,45.32,43.031,40.284,39.521,43.336,40.284,42.726,43.489,40.59,37.996,40.132,41.658,44.71,45.015,45.778,45.93,45.015,42.268,40.742,38.759,39.674,37.08,34.791,30.976,32.96,32.197,32.044,29.908,29.908,28.077,32.044,33.418,32.35,30.824,30.824,35.401,38.606,32.96,25.636,24.415,25.33,22.431,22.584,20.6,20.142,19.684,19.379,15.87,15.87,10.681,13.886,14.039,8.6978,3.2044,4.2726,2.7467,3.2044,0.61037,-3.357,-4.4252,-5.7985,-7.7822,-5.7985,-7.3244,-8.6978,-11.597,-13.886,-20.295,-21.363,-19.837,-20.6,-24.11,-26.551,-26.551,-28.993,-30.213,-33.876,-39.674,-41.963,-44.252,-42.268,-45.625,-49.287,-50.203,-49.898,-50.508,-53.713,-56.001,-56.917,-56.154,-57.527,-60.427,-59.969,-56.154,-48.83,-49.44,-48.677,-47.304,-45.015,-43.489,-42.879,-39.979,-32.502,-29.45,-26.246,-16.785,-12.055,-14.344,-17.243,-23.041,-16.48,-12.818,-9.6133,-4.7304,2.7467,4.7304,6.2563,7.0193,5.3407,8.6978,14.039,12.665,11.902,11.292,12.207,10.224,10.681,11.292,11.292,10.834,4.7304,-0.91556,-5.9511,-10.071,-11.139,-15.87,-16.785,-20.905,-25.941,-33.876,-36.622,-38.301,-41.505,-41.047,-44.404,-47.609,-44.862,-47.609,-49.898,-53.102,-57.07,-65.767,-74.313,-79.196,-81.637,-84.536,-88.504,-95.828,-100.1,-102.39,-104.37,-107.73,-113.22,-118.72,-122.23,-127.57,-131.38,-133.06,-133.52,-134.13,-132.76,-131.08,-132.6,-136.27,-141.61,-140.69,-133.06,-140.23,-144.35,-146.79,-150.46,-154.58,-157.93,-159.76,-161.6,-162.97,-164.19,-166.78,-169.84,-170.29,-171.67,-179.6,-184.18,-184.79,-184.79,-189.06,-190.89,-190.44,-188.15,-188.3,-186.93,-182.5,-182.35,-185.4,-180.52,-177.31,-173.8,-172.28,-168.77,-168.92,-165.26,-162.36,-158.09,-151.68,-144.96,-140.23,-133.52,-126.8,-119.63,-110.02,-98.727,-91.098,-85.452,-81.942,-75.991,-69.124,-63.173,-58.901,-59.206,-60.274,-58.596,-52.492,-47.761,-46.846,-42.268,-37.08,-29.908,-25.636,-22.279,-18.159,-13.581,-8.8504,-4.7304,-2.7467,0.91556,3.8148,9.7659,13.123,15.87,18.464,23.652,25.636,29.45,32.655,32.96,32.35,37.996,44.862,48.372,50.508,58.29,58.901,60.427,66.225,68.972,63.326,56.612,54.17,61.953,62.563,60.427,59.816,62.716,65.31,73.092,78.127,82.095,80.111,81.484,81.484,83.316,85.91,88.351,87.283,87.588,88.809,87.741,84.841,82.705,82.095,85.604,86.062,86.215,83.926,86.215,89.724,93.844,95.065,97.049,99.033,99.49,95.981,100.86,101.93,102.24,96.133,92.624,91.708,95.065,92.318,92.318,92.471,92.624,84.231,78.127,74.007,72.329,68.209,63.631,59.206,53.255,44.557,39.369,31.892,26.093,19.532,14.954,10.376,0.61037,-3.6622,-5.6459,-9.9185,-14.039,-17.243,-17.09,-18.921,-18.006,-19.227,-23.499,-23.194,-20.905,-20.142,-21.363,-23.804,-19.379,-16.633,-16.175,-17.701,-18.006,-19.227,-19.532,-20.905,-19.837,-16.785,-12.513,-11.292,-16.938,-24.11,-21.363,-23.347,-29.45,-33.57,-35.096,-39.369,-37.385,-38.301,-39.369,-41.963,-46.846,-49.287,-48.067,-48.219,-52.339,-55.544,-51.118,-51.881,-52.034,-54.323,-56.001,-55.238,-56.612,-59.664,-57.375,-54.323,-52.644,-52.187,-49.135,-48.524,-52.339,-59.053,-65.615,-68.056,-66.836,-71.871,-75.686,-76.754,-76.907,-78.585,-77.517,-78.738,-84.231,-90.03,-92.166,-96.438,-98.88,-101.17,-102.24,-106.05,-110.48,-114.14,-117.5,-121.46,-125.74,-132.76,-141.3,-146.03,-143.89,-147.56,-152.13,-147.25,-141.61,-144.2,-144.2,-145.27,-148.93,-151.07,-149.24,-146.34,-146.95,-144.81,-142.67,-142.06,-132.6,-128.03,-127.87,-127.26,-121.01,-117.95,-115.82,-115.36,-115.67,-115.82,-113.38,-109.41,-100.86,-94.302,-91.098,-89.267,-80.111,-70.956,-63.936,-58.443,-49.287,-44.099,-38.148,-31.892,-27.314,-26.246,-24.11,-21.973,-16.175,-18.006,-19.074,-23.194,-22.126,-20.753,-21.21,-21.516,-21.21,-18.159,-16.48,-20.295,-21.363,-19.837,-18.311,-19.684,-19.074,-17.09,-17.853,-20.295,-17.701,-18.616,-22.584,-27.161,-28.84,-28.535,-25.788,-27.924,-27.924,-27.619,-26.093,-24.262,-25.33,-29.145,-31.892,-33.265,-37.233,-42.573,-48.982,-53.713,-58.138,-61.953,-68.361,-79.348,-83.163,-88.961,-94.302,-100.86,-107.88,-113.83,-117.19,-120.24,-119.33,-117.19,-118.87,-125.28,-128.18,-127.57,-123.91,-121.92,-117.65,-120.55,-122.07,-124.67,-131.38,-136.27,-138.55,-141.61,-143.13,-148.01,-149.24,-147.86,-148.63,-151.83,-148.01,-147.56,-151.98,-154.42,-152.59,-153.51,-155.64,-154.58,-150.15,-150.3,-147.86,-146.18,-145.42,-144.96,-145.42,-147.71,-150.3,-150.61,-148.93,-148.93,-150,-151.52,-154.12,-154.27,-148.78,-149.24,-153.36,-154.88,-151.68,-147.4,-142.83,-139.16,-142.22,-145.12,-142.83,-147.71,-152.44,-152.59,-148.32,-147.56,-151.98,-155.95,-158.85,-162.97,-158.7,-154.12,-154.12,-156.87,-155.03,-147.4,-140.23,-137.03,-133.06,-128.79,-124.06,-120.24,-116.28,-114.6,-109.87,-104.83,-99.948,-97.659,-96.286,-95.37,-93.844,-88.809,-87.588,-88.504,-88.961,-89.572,-89.877,-89.267,-86.825,-83.316,-83.316,-84.231,-85.299,-85.91,-85.91,-86.062,-85.604,-86.978,-87.741,-88.198,-88.504,-86.367,-88.809,-92.776,-91.708,-90.793,-88.809,-85.91,-83.01,-82.095,-79.958,-80.721,-81.027,-82.705,-80.111,-80.569,-81.484,-76.907,-70.345,-65.462,-60.274,-55.849,-50.203,-46.999,-39.827,-33.876,-28.535,-24.873,-21.21,-19.227,-16.022,-12.055,-8.5452,-8.24,-10.376,-7.477,-2.1363,-0.45778,1.0681,1.9837,6.4089,9.1556,11.139,13.581,17.853,21.516,27.009,34.944,42.421,48.524,55.086,59.053,61.8,62.105,66.53,69.277,74.618,82.858,90.487,99.796,111.55,118.41,126.04,133.37,140.69,145.42,151.83,153.81,155.34,155.03,155.19,154.58,154.88,152.9,150.91,149.08,148.17,146.03,143.13,136.57,135.2,132.15,129.09,125.28,121.01,117.65,115.82,116.73,113.53,105.75,100.86,96.438,91.403,82.095,75.076,70.956,71.413,70.193,71.108,72.329,71.718,71.566,73.244,74.313,74.77,73.855,78.585,83.926,87.283,88.961,92.624,95.37,98.27,99.49,101.02,101.17,102.24,105.59,112.16,115.36,117.8,121.92,126.5,128.18,130.31,131.08,133.21,135.65,138.86,139.93,140.08,140.08,145.88,152.44,154.88,153.05,153.2,150.3,150.46,153.81,158.85,163.12,168.31,173.04,178.53,184.18,189.52,195.01,200.35,201.12,205.54,206.92,209.2,209.2,210.88,213.32,216.83,218.36,220.19,221.56,222.33,221.11,222.48,224.31,225.99,224.62,220.95,222.63,222.94,221.41,217.75,215.46,213.93,212.56,213.63,216.38,218.36,217.9,217.29,216.53,216.53,214.85,209.36,202.95,197.45,189.98,180.36,171.97,165.11,157.32,148.01,133.21,121.31,105.9,95.37,88.198,79.196,71.718,64.699,56.001,48.677,37.08,29.298,19.074,10.071,0.15259,-9.1556,-17.853,-25.025,-30.671,-33.723,-35.096,-33.265,-28.84,-23.041,-19.684,-17.548,-17.701,-15.412,-15.87,-13.123,-10.987,-9.7659,-12.055,-16.022,-17.548,-18.769,-22.126,-23.194,-26.704,-28.993,-32.96,-36.927,-41.353,-42.573,-43.336,-42.726,-44.557,-46.083,-49.745,-56.764,-64.241,-65.767,-71.871,-76.601,-81.179,-85.452,-91.098,-94.455,-98.117,-103,-110.17,-115.82,-119.94,-122.68,-123.91,-122.53,-121.46,-119.48,-121.16,-121.62,-121.92,-121.62,-120.85,-118.56,-117.95,-115.97,-112.46,-107.58,-104.83,-100.71,-96.896,-92.013,-90.793,-89.419,-89.114,-88.504,-85.91,-84.994,-89.724,-94.76,-95.37,-94.607,-95.37,-94.607,-95.37,-93.539,-92.318,-89.572,-84.384,-77.364,-72.024,-69.277,-67.904,-67.293,-67.598,-67.141,-66.073,-64.547,-64.089,-60.427,-57.833,-53.865,-52.492,-51.729,-51.881,-50.508,-48.524,-46.236,-43.947,-39.827,-39.979,-37.385,-32.96,-30.366,-31.129,-32.197,-34.791,-36.927,-39.064,-38.911,-39.369,-39.674,-39.369,-36.927,-35.401,-32.96,-31.892,-30.976,-31.587,-32.35,-30.671,-29.603,-29.145,-25.025,-19.684,-17.243,-13.886,-3.0519,4.5778,8.6978,10.071,14.954,19.837,24.11,25.178,24.567,23.652,22.889,17.853,12.818,6.7141,1.8311,-4.7304,-11.75,-20.447,-27.161,-32.502,-37.69,-43.489,-47.761,-51.271,-51.729,-53.865,-53.407,-53.255,-55.238,-60.121,-62.868,-65.92,-67.446,-69.124,-68.209,-65.462,-60.274,-57.375,-53.56,-49.44,-39.674,-30.519,-22.126,-12.97,-1.0681,8.24,14.039,19.074,26.093,27.009,28.993,29.756,30.366,30.671,33.113,32.96,32.96,32.197,32.197,31.587,32.96,33.57,36.47,40.437,44.099,43.489,43.031,41.353,39.369,38.911,41.2,43.489,43.794,40.437,37.996,33.723,32.197,32.044,32.502,32.197,33.418,34.028,35.401,35.707,34.639,30.061,26.399,20.905,15.717,10.224,9.9185,9.7659,10.987,10.376,9.9185,9.3081,9.1556,5.7985,2.4415,-3.5096,-5.3407,-5.1881,-3.6622,-5.1881,-5.6459,-4.2726,-2.5941,-0.91556,0.15259,-2.5941,-8.24,-15.564,-21.973,-29.908,-37.69,-44.71,-48.219,-51.424,-52.187,-53.865,-55.238,-56.459,-57.68,-57.527,-55.696,-55.849,-54.476,-56.459,-55.849,-56.459,-57.222,-57.833,-56.612,-55.544,-54.476,-52.034,-48.677,-46.541,-42.421,-41.2,-37.233,-34.028,-28.84,-23.957,-17.701,-13.733,-9.7659,-6.1037,-2.1363,0.91556,8.6978,14.039,20.295,24.415,30.671,34.944,41.2,47.609,56.307,63.631,71.261,78.28,86.367,93.997,102.08,107.43,114.44,121.31,129.55,138.55,144.81,149.39,155.03,161.6,167.55,170.75,175.63,177.77,180.21,179.91,182.5,185.25,188.76,192.72,199.44,205.69,213.32,220.19,227.21,232.25,238.04,242.32,247.05,250.1,255.13,259.87,265.36,269.17,273.45,277.87,281.99,284.28,287.33,288.09,291.45,293.74,296.64,297.86,300.15,301.52,302.44,301.98,300.3,297.86,295.72,292.67,291.6,290.84,290.23,286.57,283.82,283.52,283.82,281.69,279.7,278.79,278.79,276.35,274.36,271.46,269.02,268.11,268.11,267.19,265.66,263.53,261.54,260.02,259.71,259.71,260.02,258.95,258.95,256.66,252.85,249.34,244.91,238.5,232.55,225.68,221.11,216.38,211.8,205.24,199.44,193.49,186.77,178.99,170.14,162.36,156.25,151.07,149.85,146.34,144.05,140.08,136.72,134.28,133.98,134.59,134.89,135.5,137.94,137.64,137.03,135.2,132.45,129.4,126.65,122.53,115.36,108.19,104.98,100.25,96.438,93.844,90.945,85.452,80.264,75.228,70.65,64.241,58.748,54.17,52.187,49.287,48.524,47.304,48.372,48.219,49.135,50.966,51.271,48.067,44.862,43.184,45.167,44.862,44.404,42.268,40.895,39.369,37.385,36.164,36.317,34.791,31.892,28.687,26.399,21.516,19.227,15.564,15.259,15.412,14.344,12.665,9.6133,6.7141,5.3407,3.8148,3.9674,0.91556,-2.4415,-6.5615,-9.1556,-11.75,-17.548,-25.636,-31.739,-37.233,-43.336,-51.576,-57.833,-63.478,-66.53,-71.108,-75.838,-80.264,-81.637,-83.773,-86.52,-91.403,-93.844,-95.676,-93.234,-91.861,-89.877,-86.825,-84.536,-84.384,-86.978,-92.776,-92.776,-92.471,-90.03,-93.387,-92.929,-93.692,-93.844,-95.37,-100.1,-104.83,-108.49,-112.92,-116.58,-119.63,-121.92,-125.74,-128.64,-131.69,-136.27,-141.91,-148.78,-157.93,-168,-178.08,-182.96,-189.52,-189.37,-187.84,-183.26,-179.91,-175.48,-172.89,-173.35,-175.48,-178.53,-182.81,-184.03,-185.71,-184.79,-185.55,-185.09,-186.01,-186.62,-186.93,-187.23,-186.32,-184.48,-183.87,-180.97,-178.38,-174.72,-171.36,-166.33,-164.19,-162.97,-165.87,-165.41,-163.27,-160.22,-156.25,-153.66,-153.81,-149.69,-145.27,-141.45,-141.3,-139.47,-137.64,-132.76,-128.64,-123.29,-118.41,-113.83,-112.77,-112.16,-113.07,-112.77,-113.22,-111.7,-113.53,-115.05,-118.26,-122.84,-126.19,-125.13,-123.6,-119.94,-118.41,-112.77,-109.26,-104.98,-106.2,-108.8,-110.48,-111.7,-115.51,-120.24,-124.52,-125.13,-125.58,-121.62,-118.26,-114.14,-115.82,-115.21,-113.83,-113.22,-111.09,-105.44,-102.69,-99.033,-97.049,-92.624,-90.335,-86.978,-88.656,-90.182,-92.318,-95.828,-100.41,-105.14,-109.56,-114.9,-122.99,-125.58,-125.13,-122.38,-119.94,-116.89,-115.21,-112.77,-109.41,-107.27,-106.2,-103,-98.117,-92.318,-87.741,-82.4,-80.264,-77.517,-74.16,-70.803,-67.904,-62.868,-59.816,-55.391,-51.271,-46.083,-39.674,-29.908,-24.415,-19.074,-15.564,-13.733,-14.039,-13.581,-15.87,-18.464,-20.905,-21.516,-23.194,-20.753,-20.753,-19.379,-20.295,-18.006,-15.107,-15.717,-19.99,-21.821,-21.668,-19.227,-17.09,-15.107,-16.175,-18.769,-22.126,-24.415,-27.924,-31.434,-35.859,-39.216,-42.879,-46.999,-50.966,-53.56,-58.138,-59.206,-59.969,-58.596,-57.985,-56.612,-55.849,-54.323,-52.95,-50.05,-47.151,-44.862,-42.726,-38.759,-37.69,-37.385,-37.69,-37.538,-38.148,-35.096,-33.57,-34.333,-34.028,-30.671,-26.093,-22.279,-20.6,-19.684,-22.126,-23.194,-24.262,-25.788,-29.908,-34.486,-38.759,-40.437,-41.658,-44.252,-47.456,-49.898,-52.034,-52.339,-56.612,-60.274,-62.105,-57.527,-54.018,-52.187,-50.813,-51.424,-52.797,-54.17,-56.154,-55.086,-54.628,-51.881,-51.424,-49.135,-48.524,-44.557,-39.674,-35.859,-34.333,-34.333,-35.096,-38.148,-45.167,-50.05,-54.323,-57.07,-60.121,-59.206,-56.459,-54.018,-51.729,-48.219,-44.71,-41.047,-40.132,-37.996,-38.148,-36.317,-36.622,-36.012,-35.554,-34.333,-34.944,-34.944,-37.69,-44.252,-49.745,-51.118,-51.271,-48.524,-48.83,-49.593,-52.797,-53.407,-54.323,-57.07,-60.427,-62.563,-63.784,-64.699,-67.293,-66.836,-69.124,-70.65,-74.16,-77.364,-81.484,-87.588,-93.844,-97.812,-99.643,-99.948,-101.78,-102.24,-102.08,-97.354,-94.913,-93.539,-94.76,-96.744,-103.31,-109.26,-115.97,-122.53,-126.65,-127.87,-128.48,-128.18,-128.03,-127.41,-128.94,-129.25,-131.69,-135.81,-141,-144.2,-147.4,-146.64,-143.44,-139.01,-137.49,-135.2,-133.67,-133.37,-135.35,-136.42,-139.01,-139.01,-138.71,-140.08,-142.06,-143.44,-144.81,-142.83,-142.22,-139.77,-136.57,-134.43,-133.21,-131.84,-129.7,-128.33,-128.79,-127.41,-125.58,-123.75,-123.6,-123.45,-124.06,-122.68,-121.01,-119.17,-117.5,-115.51,-115.97,-117.5,-118.87,-120.09,-121.92,-123.91,-127.41,-130.31,-135.96,-139.93,-144.51,-150.15,-154.27,-151.37,-148.01,-143.89,-141.3,-138.4,-139.16,-139.62,-139.77,-141.45,-141.76,-140.39,-138.4,-136.27,-136.57,-137.18,-140.23,-141.61,-141.45,-138.1,-133.21,-129.7,-127.41,-124.82,-121.01,-117.65,-117.8,-118.41,-118.26,-116.73,-115.21,-112.31,-111.55,-111.24,-110.93,-111.39,-111.39,-110.02,-109.41,-110.48,-114.29,-117.34,-121.46,-126.5,-131.99,-133.98,-132.3,-128.18,-127.11,-124.21,-118.87,-112.31,-107.73,-105.59,-108.8,-111.55,-117.34,-119.48,-119.33,-119.17,-117.34,-112.92,-106.81,-101.63,-96.744,-90.182,-86.062,-82.095,-80.569,-78.28,-77.212,-74.77,-73.855,-74.007,-71.566,-68.667,-68.209,-67.446,-65.92,-61.342,-59.969,-57.375,-56.307,-55.544,-56.307,-56.459,-58.901,-63.784,-67.904,-68.514,-68.209,-67.141,-67.446,-66.225,-65.767,-65.004,-64.089,-61.8,-56.917,-50.966,-43.489,-36.775,-35.554,-35.096,-37.08,-37.385,-38.606,-35.554,-34.333,-34.486,-34.333,-35.096,-35.707,-35.554,-36.927,-37.538,-39.521,-40.132,-41.81,-42.573,-43.489,-43.489,-43.336,-41.658,-39.369,-36.47,-36.012,-34.486,-33.723,-32.35,-30.824,-28.077,-26.856,-26.093,-23.652,-19.684,-18.006,-16.48,-14.954,-13.733,-14.191,-13.733,-16.175,-18.006,-18.921,-17.548,-14.801,-11.597,-11.139,-12.055,-11.902,-9.4607,-10.987,-11.292,-11.902,-13.733,-16.48,-20.142,-24.415,-26.551,-27.009,-28.23,-29.603,-29.908,-29.756,-26.399,-23.194,-20.447,-19.684,-17.853,-16.48,-15.412,-12.055,-7.9348,-3.5096,2.8993,5.1881,7.1718,8.6978,10.681,12.513,16.327,18.769,20.905,26.856,34.028,42.726,50.356,54.781,58.443,59.511,61.19,61.037,63.021,64.394,65.92,66.225,67.293,71.108,74.313,77.364,81.79,83.468,85.757,87.13,89.877,92.318,96.591,100.71,105.75,110.93,116.28,120.4,125.43,131.53,138.4,142.52,146.64,149.85,153.81,156.56,159.61,162.36,164.49,166.33,171.06,176.09,183.42,189.98,196.39,199.9,206,210.27,215,217.6,219.12,219.12,220.34,221.26,225.23,228.58,231.64,232.86,236.21,237.74,239.88,240.79,241.71,241.71,242.62,242.16,243.54,244.45,247.66,246.74,246.28,242.93,242.47,240.94,240.94,238.04,238.35,239.88,239.72,240.79,242.32,241.4,241.1,239.42,238.81,235.76,231.48,226.75,223.24,221.87,219.89,216.22,213.32,210.27,209.81,206.31,202.64,198.83,196.23,191.96,188.76,184.64,179.45,174.11,170.6,166.94,165.56,161.6,158.54,156.71,155.95,153.36,150.3,147.25,144.35,142.52,141.61,140.23,138.71,135.2,133.52,133.52,134.28,132.76,131.23,129.55,129.4,128.18,126.65,125.28,124.67,123.29,124.52,125.28,125.89,124.82,126.19,126.19,126.8,126.8,127.72,125.74,124.52,121.31,120.55,120.4,122.99,124.21,126.19,127.26,126.96,127.57,129.55,130.92,131.08,130.77,135.35,136.72,135.35,133.52,133.37,135.96,140.08,142.83,144.66,144.66,145.57,146.79,148.63,148.93,148.17,146.34,147.71,149.08,147.71,145.12,144.51,145.57,146.95,148.01,147.56,144.35,142.83,140.54,138.86,137.18,137.18,134.43,128.33,119.48,113.38,106.36,101.17,93.539,84.994,78.585,75.991,71.108,67.904,60.884,54.781,46.388,41.505,35.859,31.129,24.415,17.548,12.513,9.6133,5.1881,2.7467,0.45778,0.15259,-4.12,-10.376,-22.736,-35.554,-45.778,-50.661,-54.933,-59.206,-64.089,-68.514,-72.787,-73.855,-81.484,-88.504,-95.218,-99.49,-105.14,-107.12,-108.49,-109.26,-111.24,-113.22,-117.19,-118.41,-119.79,-119.33,-120.09,-116.12,-113.83,-111.7,-112,-112.77,-115.05,-118.26,-124.97,-129.55,-135.35,-137.94,-142.83,-145.42,-146.34,-148.32,-150.91,-153.81,-157.02,-163.27,-173.19,-179.14,-186.47,-189.52,-190.59,-190.74,-189.37,-188.76,-190.89,-194.4,-200.96,-205.69,-214.7,-221.41,-227.36,-229.5,-232.86,-236.21,-238.2,-237.89,-237.74,-235.91,-235.45,-232.4,-229.35,-224.46,-220.95,-217.6,-216.38,-215.16,-215.16,-215.16,-214.39,-213.48,-215,-214.7,-214.85,-214.09,-214.85,-216.22,-215.61,-213.63,-212.56,-211.65,-210.58,-207.68,-205.54,-202.64,-202.03,-200.35,-198.52,-197.45,-196.84,-194.1,-191.2,-189.67,-190.74,-188.91,-187.08,-184.18,-181.43,-181.59,-182.81,-184.18,-186.93,-188.45,-188.91,-187.08,-186.32,-183.26,-181.89,-181.13,-181.59,-180.52,-177.47,-174.57,-173.35,-168.92,-165.56,-160.22,-156.41,-151.83,-149.39,-142.83,-135.35,-128.94,-124.06,-119.33,-115.36,-110.78,-110.32,-109.41,-110.32,-110.17,-111.39,-107.73,-102.24,-97.812,-94.15,-90.182,-85.452,-79.348,-74.007,-66.53,-62.563,-57.07,-52.187,-44.404,-37.996,-34.028,-29.298,-25.33,-20.753,-12.665,-5.9511,3.5096,11.292,19.684,25.33,34.333,41.353,48.524,52.492,56.001,57.375,57.985,58.748,61.8,63.478,66.378,68.056,72.024,76.296,82.095,85.757,86.673,86.673,88.198,88.809,92.318,94.15,95.828,93.997,92.318,90.793,89.572,89.267,90.335,89.724,89.572,87.893,86.673,83.926,83.316,82.553,83.163,82.858,84.384,85.91,91.25,98.727,103.15,105.29,109.71,114.29,119.17,121.92,125.28,125.28,128.33,130.77,133.52,135.04,136.72,139.47,145.12,149.69,153.05,155.19,158.7,155.8,155.03,151.37,151.22,151.37,149.08,141.91,138.25,131.99,129.09,123.75,121.92,121.16,121.62,120.09,117.95,113.07,108.8,102.85,97.507,90.182,89.267,88.656,91.556,93.234,94.913,93.234,93.844,93.997,92.776,88.504,84.231,78.127,75.686,76.296,77.517,77.975,81.179,80.416,81.179,81.484,83.773,85.91,88.809,90.03,90.64,90.335,90.335,86.978,84.689,79.653,75.991,71.413,67.598,63.936,63.326,61.647,58.138,57.222,57.222,53.56,55.696,57.527,59.816,59.206,58.443,55.544,55.696,54.17,51.729,48.372,45.93,43.184,37.843,32.502,29.145,22.889,19.379,16.938,18.159,18.464,18.006,16.327,17.243,19.684,22.431,23.957,25.941,26.399,27.924,27.314,27.924,25.941,25.483,23.194,21.668,20.753,22.126,23.194,27.924,32.96,36.927,38.453,42.116,45.778,50.203,53.865,60.121,63.784,66.378,70.345,77.822,86.825,94.15,97.507,102.69,105.29,109.41,111.39,114.44,114.9,113.53,110.17,106.2,102.24,98.117,94.607,93.387,92.013,92.013,89.572,86.978,81.942,78.127,76.296,77.364,76.296,74.16,71.566,70.803,67.446,65.31,62.258,60.732,56.154,52.492,46.388,41.81,36.775,32.35,27.314,24.567,21.363,18.769,13.886,9.7659,4.2726,0.45778,-6.4089,-11.597,-18.311,-23.041,-29.603,-35.859,-42.268,-48.524,-55.238,-58.443,-62.258,-64.394,-67.598,-67.751,-68.667,-68.361,-69.124,-69.124,-68.667,-67.598,-66.683,-63.631,-62.105,-58.138,-56.154,-53.255,-52.187,-50.203,-48.83,-46.999,-44.557,-41.81,-39.369,-33.265,-28.993,-22.736,-19.379,-14.039,-11.902,-10.529,-8.5452,-5.6459,-3.8148,1.2207,3.6622,7.7822,9.6133,11.139,12.36,14.801,17.701,23.347,29.908,36.927,41.81,46.693,49.745,54.323,57.833,61.495,64.699,66.836,69.735,72.329,75.228,77.822,81.179,84.536,86.825,89.419,90.64,91.708,94.15,96.438,98.727,100.25,102.69,106.81,107.43,109.56,110.17,111.24,110.93,111.39,111.85,113.22,115.05,118.87,119.33,122.07,123.29,126.8,127.41,129.86,131.38,133.67,134.43,135.81,135.96,136.57,136.27,139.16,140.39,141.45,140.84,141.76,141.3,141.76,141.15,142.37,142.22,144.2,146.18,149.85,150.61,153.36,154.88,156.87,158.7,160.53,161.6,164.49,165.26,166.33,164.49,162.82,160.99,159.31,159,159.61,159.76,160.99,160.99,162.05,160.22,159.46,158.24,157.93,156.1,155.49,153.97,151.68,149.39,148.17,147.71,148.78,148.01,148.01,147.1,146.18,144.35,143.59,143.13,143.44,144.81,146.64,146.64,149.24,150.46,152.59,153.05,154.27,154.88,156.41,157.17,157.78,156.71,156.56,156.56,157.48,155.64,154.58,151.07,149.85,148.47,146.95,145.42,144.66,143.44,142.06,139.62,137.33,134.13,133.21,131.84,130.92,128.18,127.57,128.03,126.96,124.97,124.21,123.14,119.79,116.12,113.22,109.1,106.97,103.31,102.08,100.56,98.422,96.286,93.997,89.724,84.231,77.364,74.77,71.108,69.735,65.92,63.784,58.29,54.476,50.356,46.541,41.81,39.521,38.148,37.69,37.233,36.927,34.028,35.096,37.08,41.2,43.336,45.473,47.456,50.661,53.102,54.628,55.544,57.985,58.443,58.901,60.274,62.563,62.41,63.173,64.852,67.446,67.446,67.751,69.124,72.176,74.007,77.059,79.348,82.095,85.604,90.182,95.981,102.08,107.12,109.87,109.56,110.02,108.19,106.97,104.07,103.61,102.08,103.46,105.9,109.87,112.46,114.29,115.67,117.95,119.63,119.63,117.19,114.75,111.85,112.16,108.95,106.81,105.29,106.2,106.05,104.83,101.32,97.354,91.556,85.91,76.907,69.43,62.258,55.849,45.473,36.317,28.382,20.295,10.224,1.3733,-7.3244,-16.938,-27.467,-36.47,-44.252,-49.745,-54.476,-59.511,-66.073,-73.092,-80.111,-85.604,-94.913,-104.07,-113.07,-121.31,-129.7,-134.59,-143.44,-153.51,-164.34,-171.97,-179.14,-185.4,-192.88,-199.74,-206.61,-214.24,-222.33,-229.19,-237.13,-244.76,-251.63,-254.83,-257.27,-255.44,-253.46,-250.86,-249.03,-246.44,-243.39,-240.64,-238.2,-234.23,-228.89,-222.94,-218.51,-212.41,-211.19,-208.9,-207.37,-205.39,-204.47,-203.56,-203.41,-202.34,-201.12,-200.96,-201.42,-201.57,-201.57,-199.9,-198.37,-194.4,-194.56,-191.2,-186.32,-179.6,-175.79,-174.72,-175.63,-176.09,-175.79,-173.8,-169.84,-164.34,-160.07,-153.05,-148.17,-143.89,-140.69,-137.94,-135.5,-130.92,-126.04,-122.84,-121.62,-121.92,-122.38,-122.99,-121.77,-117.8,-115.36,-111.39,-107.88,-103,-100.25,-95.676,-93.081,-90.335,-87.588,-86.52,-86.673,-86.978,-86.215,-84.078,-81.79,-78.433,-78.738,-78.585,-78.738,-78.585,-80.416,-79.348,-80.111,-80.111,-78.28,-75.838,-72.024,-68.514,-66.683,-62.563,-57.68,-49.135,-39.979,-29.756,-25.178,-19.99,-16.785,-13.886,-11.75,-10.529,-9.4607,-5.3407,-0.61037,4.5778,3.6622,0.91556,-3.6622,-3.8148,-1.9837,3.357,6.5615,8.5452,9.7659,10.834,11.902,13.886,15.717,19.532,23.194,25.33,27.009,30.824,30.213,30.061,28.993,26.551,21.21,16.175,11.444,8.5452,5.7985,5.3407,6.7141,11.444,12.36,12.97,11.292,12.36,11.444,8.6978,4.4252,0.30519,-2.8993,-4.7304,-7.9348,-10.529,-13.276,-14.954,-18.006,-19.074,-23.194,-25.178,-27.619,-27.314,-26.246,-23.194,-20.295,-18.311,-17.09,-16.022,-16.48,-19.074,-23.041,-26.551,-30.366,-33.876,-38.148,-41.353,-46.541,-49.898,-52.187,-52.644,-52.034,-51.118,-50.966,-50.05,-49.135,-45.015,-41.505,-38.759,-37.08,-32.807,-29.298,-26.093,-24.262,-19.837,-14.649,-7.477,-0.91556,5.6459,11.444,21.058,27.161,32.96,31.892,30.366,26.246,22.431,19.837,18.006,14.039,10.681,5.9511,3.5096,-0.30519,-1.0681,-3.6622,-3.6622,-5.1881,-5.1881,-7.9348,-10.681,-12.818,-13.733,-17.243,-18.616,-21.973,-21.668,-20.447,-16.175,-14.344,-12.818,-13.123,-12.055,-10.376,-7.477,-5.7985,-2.5941,-0,3.5096,4.5778,6.7141,5.1881,5.3407,6.4089,7.6296,8.8504,13.123,17.853,23.957,27.772,32.96,36.775,39.674,41.505,45.167,47.609,50.966,54.17,54.628,53.255,51.576,48.982,48.219,46.541,45.167,41.047,37.996,35.401,34.486,32.655,29.145,27.772,29.908,31.129,32.044,33.876,34.944,33.57,34.639,37.996,43.031,45.015,48.067,52.492,57.07,60.121,61.342,60.884,59.358,58.596,59.816,58.596,56.764,52.492,48.83,48.982,50.813,52.95,55.086,56.001,57.68,57.985,56.612,50.356,44.557,37.385,31.892,28.687,26.551,23.194,16.938,10.071,3.6622,-1.9837,-3.6622,-7.0193,-7.1718,-6.4089,-5.1881,-4.7304,-3.0519,-3.6622,-5.6459,-7.477,-7.1718,-6.8667,-5.0356,-5.9511,-5.6459,-4.4252,-3.9674,-5.7985,-9.6133,-13.581,-15.259,-18.006,-21.058,-25.33,-25.788,-27.314,-27.314,-30.366,-32.044,-34.486,-36.317,-37.233,-36.012,-35.401,-35.554,-35.401,-30.976,-28.687,-24.873,-24.415,-22.431,-21.363,-18.769,-15.412,-10.987,-8.24,-6.1037,-4.12,-0.15259,2.7467,8.0874,10.376,13.123,12.97,14.344,13.886,14.649,15.259,16.938,16.175,17.548,16.785,19.227,18.921,19.837,19.684,22.126,24.873,28.535,30.519,32.807,33.57,35.707,36.775,39.064,39.369,43.641,45.93,50.05,52.797,56.612,58.901,62.868,66.225,72.176,78.127,84.689,89.572,95.523,99.948,104.07,106.36,109.26,111.85,115.21,118.26,123.29,127.41,130.92,133.21,135.65,136.57,140.84,142.37,143.89,143.13,145.12,147.56,150.91,153.97,158.7,161.75,166.33,170.6,178.38,184.33,191.66,196.69,201.57,206.15,208.75,211.65,213.93,215.46,218.67,222.94,227.97,230.26,231.64,231.03,232.09,231.64,231.03,228.89,226.45,225.68,225.53,224.31,225.23,224.46,225.53,224.62,224.01,222.17,220.34,218.36,217.75,217.29,215.92,212.87,209.81,204.93,200.96,196.23,192.88,188.45,185.4,180.67,176.85,171.06,166.02,161.75,159,155.49,152.59,146.64,143.44,138.1,133.82,126.8,122.23,116.89,111.55,106.05,100.25,93.692,86.52,79.806,75.381,69.43,65.767,59.511,55.238,50.356,45.015,39.979,35.401,29.603,22.126,12.513,5.0356,-4.12,-9.1556,-15.107,-19.379,-25.636,-29.603,-33.113,-34.028,-35.554,-36.164,-35.401,-33.876,-32.502,-28.23,-30.213,-34.639,-41.81,-45.778,-49.898,-53.407,-57.375,-59.053,-59.511,-59.053,-60.884,-63.631,-67.141,-68.972,-70.956,-69.735,-69.124,-67.598,-64.699,-63.173,-63.631,-63.784,-66.073,-70.803,-77.67,-79.196,-80.416,-79.196,-78.585,-76.907,-76.144,-78.433,-79.806,-81.637,-84.078,-85.757,-86.215,-86.215,-91.403,-100.1,-109.71,-116.43,-122.84,-129.7,-138.55,-146.34,-153.81,-158.7,-164.95,-171.51,-182.04,-190.59,-200.51,-207.68,-213.78,-218.67,-225.99,-233.01,-240.79,-247.51,-254.37,-259.71,-263.99,-267.49,-272.38,-275.89,-281.69,-285.96,-289.93,-294.5,-300.61,-307.17,-314.49,-321.21,-326.85,-331.74,-340.28,-347.15,-355.08,-362.56,-371.72,-378.28,-382.24,-385.3,-389.42,-393.54,-399.33,-405.74,-411.54,-418.1,-427.11,-432.75,-438.7,-445.72,-453.51,-461.13,-468.92,-478.38,-485.24,-492.72,-500.81,-508.9,-519.12,-528.12,-536.21,-543.38,-552.08,-559.86,-565.36,-568.25,-570.54,-572.22,-576.95,-581.53,-586.11,-589.01,-592.67,-595.11,-598.47,-599.99,-600.6,-600.45,-601.21,-602.28,-603.5,-601.06,-599.54,-596.79,-593.43,-588.55,-584.12,-580,-576.65,-573.14,-567.64,-560.93,-554.98,-547.2,-540.48,-531.63,-523.54,-514.85,-506.91,-498.83,-490.74,-481.89,-472.58,-464.49,-456.25,-446.03,-438.55,-429.24,-422.22,-413.83,-407.27,-399.49,-392.47,-385.14,-377.36,-369.73,-363.32,-356,-349.89,-343.18,-336.31,-329.6,-325.33,-319.53,-313.73,-308.08,-301.37,-294.2,-286.57,-279.55,-272.23,-264.75,-257.42,-248.42,-241.4,-234.38,-227.52,-220.5,-211.19,-203.41,-195.47,-186.77,-179.75,-171.97,-165.56,-158.39,-152.29,-145.27,-139.77,-133.98,-127.87,-122.84,-116.89,-110.48,-105.14,-98.117,-93.081,-87.741,-83.621,-79.043,-74.16,-67.598,-61.342,-54.17,-45.625,-36.012,-28.23,-19.227,-12.665,-5.6459,-1.8311,2.1363,7.3244,12.97,19.532,25.178,30.061,34.791,39.674,44.71,47.914,53.102,57.07,61.19,63.021,65.004,66.836,68.056,68.819,70.956,70.65,70.193,68.209,68.361,68.056,68.972,70.04,72.024,75.228,79.348,82.4,87.436,90.03,93.387,94.302,94.76,95.981,96.896,96.133,95.37,94.607,94.76,94.913,97.201,98.575,100.86,101.17,103,105.14,107.27,108.65,110.63,112,114.6,112.61,110.32,107.43,106.81,106.36,105.14,105.29,107.73,109.26,110.78,110.32,112.46,113.83,116.89,117.95,119.94,121.62,125.74,128.94,133.21,136.72,142.06,144.05,147.86,148.47,148.47,147.25,145.73,143.74,143.13,143.89,145.88,146.34,148.78,148.01,148.47,148.93,149.39,147.4,144.51,142.37,140.39,135.96,132.45,128.79,127.41,125.13,125.89,129.09,134.28,138.55,144.35,148.78,153.36,157.78,165.87,170.45,176.4,180.21,184.33,186.77,187.69,188.45,190.89,193.18,196.54,196.39,197.91,197.76,200.2,202.03,202.8,203.41,202.64,199.44,197.15,194.56,193.64,192.72,194.71,196.54,196.39,194.56,191.81,189.37,187.99,187.84,190.74,192.57,195.01,195.01,196.23,195.32,194.71,193.33,192.57,191.81,195.47,196.54,197.61,195.93,195.32,195.01,192.11,185.86,181.89,178.53,176.55,171.51,167.09,160.99,156.56,153.36,153.2,149.24,148.78,150.15,151.07,148.47,144.66,138.4,132.76,128.48,128.48,133.82,142.83,148.47,150.46,146.34,141.61,133.98,124.36,114.29,104.98,99.338,96.438,94.302,93.539,94.76,101.47,109.1,112.61,113.83,111.85,108.04,104.22,98.727,93.997,91.708,97.049,103.15,104.98,102.54,94.913,80.111,62.105,45.015,34.791,29.908,35.707,47.761,59.664,65.615,61.19,44.71,23.804,2.4415,-9.4607,-16.175,-13.123,-10.681,-9.4607,-8.6978,-7.1718,-8.8504,-14.496,-23.041,-28.687,-37.996,-45.015,-52.797,-55.849,-52.034,-46.083,-43.947,-46.083,-48.677,-49.287,-52.644,-53.713,-54.628,-57.985,-60.884,-56.612,-48.83,-39.521,-32.502,-25.788,-21.973,-19.99,-23.499,-28.993,-37.69,-44.557,-52.034,-59.206,-63.173,-63.936,-62.868,-59.206,-57.07,-56.459,-59.664,-64.394,-73.244,-82.705,-92.471,-103.31,-112.77,-119.48,-122.68,-121.16,-115.97,-106.66,-99.49,-93.692,-91.403,-92.624,-95.828,-98.27,-102.24,-105.29,-108.19,-106.2,-105.75,-104.68,-102.69,-98.117,-92.929,-85.757,-78.585,-71.261,-65.31,-60.732,-57.375,-54.018,-53.56,-53.102,-52.492,-51.729,-52.339,-51.271,-48.677,-44.862,-41.963,-38.606,-33.723,-26.246,-20.905,-13.123,-7.7822,-0.15259,3.9674,4.7304,1.9837,-1.5259,-7.3244,-11.139,-12.055,-9.7659,-7.7822,-2.5941,2.1363,9.6133,14.039,16.938,16.785,17.548,16.785,17.701,18.769,22.126,21.516,22.126,22.126,22.584,21.363,19.684,17.548,18.311,16.48,16.327,13.123,10.071,5.7985,2.1363,-4.5778,-10.681,-16.938,-19.837,-24.11,-27.314,-31.587,-35.096,-40.132,-44.71,-49.287,-52.644,-56.612,-58.29,-62.105,-62.868,-63.784,-62.563,-63.326,-63.173,-62.868,-62.41,-61.647,-57.222,-54.018,-50.813,-50.508,-48.219,-45.778,-41.963,-37.08,-30.824,-25.33,-20.6,-17.548,-10.529,-5.7985,1.2207,6.1037,13.886,20.905,28.535,34.181,41.81,48.83,58.596,66.225,74.465,83.468,92.929,100.71,107.43,113.99,119.02,121.62,123.75,124.21,127.72,130.77,135.04,140.39,146.34,151.98,157.32,159.76,164.65,167.85,173.04,174.26,174.11,171.06,168.46,166.02,165.26,165.26,166.63,169.99,175.79,178.53,184.18,189.21,194.86,198.52,203.56,208.29,214.09,216.68,219.89,222.48,226.75,230.57,237.13,241.55,245.98,250.1,254.07,256.66,258.19,258.03,258.03,257.27,258.34,257.88,260.17,261.24,262.61,262.92,263.22,262.76,262.61,262.31,263.68,264.14,266.88,269.94,275.28,278.79,282.6,284.28,285.5,287.64,290.84,294.81,299.08,302.9,306.25,307.17,308.85,309.76,311.75,313.73,316.48,318,318.77,319.53,318.77,315.71,312.97,309.15,304.42,299.54,296.95,293.28,290.99,289.47,289.47,291.45,292.83,293.59,294.81,292.83,292.83,292.21,292.98,295.27,300,303.81,305.95,305.64,304.57,303.96,304.57,304.27,303.81,302.59,302.9,301.83,299.84,297.25,295.42,293.74,292.52,291.91,289.77,285.96,282.6,277.41,274.67,271,268.11,264.6,261.85,258.34,253.46,247.66,240.94,232.7,227.21,223.4,220.8,216.99,215.77,213.93,213.17,211.65,211.04,209.97,209.2,207.22,204.32,202.03,199.9,198.83,200.2,203.71,206.92,208.14,209.97,209.97,208.75,205.69,201.73,196.54,191.05,186.16,180.67,174.87,170.45,164.95,159.76,153.36,148.32,141.61,135.35,128.03,120.85,112.61,106.81,101.47,97.201,93.387,88.961,83.01,77.67,71.261,66.53,60.427,55.696,49.287,46.236,45.778,44.71,42.116,39.216,36.317,35.249,35.096,34.486,31.587,30.061,27.009,25.025,19.532,12.818,7.1718,0.61037,-6.4089,-12.818,-19.379,-24.262,-30.824,-34.944,-41.81,-47.914,-54.628,-58.748,-63.326,-67.446,-72.634,-75.533,-77.059,-78.89,-82.247,-84.841,-89.572,-93.539,-98.117,-99.49,-102.69,-106.81,-111.85,-115.67,-118.41,-119.48,-120.4,-119.63,-121.01,-121.92,-124.52,-125.43,-127.41,-127.72,-129.86,-134.59,-139.01,-141.61,-142.98,-143.28,-144.35,-145.42,-148.32,-149.85,-151.68,-150.91,-147.86,-146.79,-145.27,-142.52,-140.54,-137.03,-133.67,-129.25,-127.11,-124.06,-122.99,-123.75,-125.13,-126.65,-126.65,-126.5,-126.5,-127.72,-130.77,-133.98,-136.27,-138.25,-143.74,-148.32,-154.42,-160.22,-166.17,-171.36,-178.38,-183.11,-186.62,-184.33,-181.28,-175.79,-172.89,-170.29,-170.45,-169.53,-168.77,-165.72,-161.9,-156.71,-154.73,-153.51,-151.98,-150.91,-151.83,-150.76,-153.05,-155.19,-159,-163.43,-167.24,-168.92,-170.29,-169.68,-171.51,-170.9,-170.45,-168.31,-168,-166.94,-169.99,-169.84,-169.68,-168.92,-168,-168.46,-167.85,-166.63,-165.87,-161.14,-159.31,-157.17,-159,-161.44,-164.65,-165.26,-169.23,-175.33,-178.69,-178.38,-177.62,-172.73,-167.7,-160.37,-156.56,-151.52,-149.54,-148.93,-149.85,-148.78,-147.56,-143.89,-141.45,-138.4,-137.49,-134.89,-131.84,-123.91,-117.8,-111.09,-104.07,-97.964,-93.387,-88.351,-85.452,-83.926,-83.621,-81.179,-80.264,-76.754,-73.397,-68.056,-65.31,-62.563,-57.833,-51.271,-45.778,-41.353,-36.317,-30.976,-27.467,-22.279,-20.447,-14.649,-10.834,-4.883,-1.2207,1.8311,2.4415,1.6785,-0.76296,-1.8311,-3.2044,-5.0356,-7.3244,-7.477,-11.444,-14.649,-20.6,-22.126,-23.652,-22.736,-22.126,-20.905,-19.99,-19.074,-18.464,-18.159,-19.532,-18.464,-17.243,-14.039,-14.954,-16.938,-18.464,-16.48,-14.344,-13.581,-14.344,-13.733,-12.97,-11.597,-10.987,-10.071,-10.224,-7.1718,-6.2563,-4.12,-2.4415,0.30519,2.4415,2.4415,0.76296,0.91556,2.2889,5.9511,8.3926,13.123,15.412,18.921,20.295,22.431,23.041,25.483,27.772,30.061,31.587,34.028,35.554,39.064,40.895,43.947,45.015,47.761,49.44,52.187,54.933,57.68,61.037,65.004,68.819,74.313,78.585,83.01,86.673,89.877,93.081,96.744,98.27,100.86,103.46,106.2,109.1,112.61,117.04,122.84,128.18,133.37,135.35,137.79,139.16,142.98,145.73,149.08,151.37,155.03,158.7,164.34,169.53,173.5,176.7,179.75,179.91,180.06,179.75,182.2,183.11,186.01,188.76,190.44,190.89,192.42,193.33,193.79,193.03,195.17,195.93,199.29,200.66,203.41,203.56,205.69,205.69,204.32,202.03,200.81,199.9,199.74,200.2,202.03,202.03,202.8,201.88,204.02,205.39,208.44,209.36,209.66,208.44,207.37,205.39,205.08,205.08,205.69,205.69,206.31,203.71,202.19,200.66,199.44,196.84,194.25,189.67,184.94,180.21,176.09,172.89,169.38,167.24,166.02,163.12,160.37,154.12,149.39,144.81,142.83,140.08,136.88,132.76,129.86,128.03,127.41,126.65,125.43,122.84,120.7,117.65,119.48,118.26,119.02,118.56,119.02,116.43,115.36,115.82,118.56,119.33,117.19,113.99,111.7,107.58,105.75,102.54,100.41,95.065,90.64,84.384,80.569,75.533,67.446,59.816,54.018,47.761,42.421,35.707,29.908,21.058,14.344,7.0193,2.2889,-2.5941,-7.0193,-10.987,-13.276,-16.327,-18.311,-21.821,-24.72,-28.84,-31.129,-34.486,-36.927,-40.895,-45.015,-49.287,-53.713,-56.917,-58.901,-61.037,-63.021,-65.157,-67.598,-72.024,-74.16,-75.991,-76.296,-77.822,-78.738,-80.416,-81.484,-83.163,-83.621,-83.316,-81.332,-80.721,-80.264,-81.942,-81.027,-81.027,-80.569,-82.705,-82.705,-83.01,-84.384,-86.215,-87.741,-89.572,-89.877,-89.267,-86.062,-85.147,-81.484,-80.721,-77.822,-75.228,-71.871,-70.956,-71.413,-73.55,-74.313,-76.144,-75.533,-74.923,-73.55,-75.686,-78.433,-83.316,-84.078,-86.062,-86.367,-87.283,-89.267,-93.234,-96.438,-101.02,-103.92,-107.27,-109.41,-111.7,-113.22,-117.19,-118.26,-119.63,-119.94,-122.53,-123.91,-125.13,-126.19,-128.48,-130.01,-132.6,-132.45,-133.21,-132.76,-135.35,-136.11,-137.64,-138.86,-140.08,-140.08,-140.08,-137.03,-135.81,-133.67,-133.52,-129.25,-127.26,-125.43,-126.5,-125.74,-127.11,-126.5,-124.36,-121.92,-120.55,-117.04,-115.67,-112,-109.71,-104.98,-100.86,-94.302,-86.825,-78.89,-72.939,-66.073,-60.884,-54.018,-46.999,-37.69,-31.281,-24.262,-20.447,-16.327,-15.717,-16.327,-17.548,-15.564,-11.444,-10.071,-10.071,-11.75,-16.022,-20.753,-26.093,-29.908,-36.927,-42.726,-48.677,-49.898,-48.524,-47.304,-50.203,-52.187,-53.713,-54.628,-54.018,-51.118,-50.05,-46.846,-47.151,-45.32,-45.625,-48.372,-51.881,-54.476,-55.849,-54.476,-54.628,-53.102,-53.56,-50.356,-49.593,-47.151,-46.541,-43.947,-41.963,-39.216,-38.911,-36.622,-33.876,-32.197,-31.434,-27.772,-25.636,-22.279,-19.99,-15.87,-13.581,-10.529,-7.9348,-6.2563,-4.4252,-2.7467,-2.1363,-1.6785,-1.0681,0.45778,-0,-0.30519,-0.91556,-1.3733,-3.8148,-6.2563,-10.071,-13.733,-16.633,-19.684,-24.72,-28.23,-33.265,-36.317,-41.81,-46.541,-50.508,-52.034,-53.102,-54.323,-55.086,-53.102,-50.661,-45.778,-42.879,-37.843,-34.333,-30.976,-29.756,-25.483,-22.126,-19.074,-17.09,-15.717,-15.259,-14.344,-13.581,-13.123,-13.886,-13.733,-16.633,-18.769,-21.516,-21.973,-21.821,-21.516,-21.516,-22.584,-25.33,-26.551,-28.382,-27.467,-28.077,-27.161,-26.551,-25.025,-23.499,-20.295,-17.243,-15.107,-13.886,-12.207,-11.75,-9.4607,-9.4607,-8.8504,-9.1556,-5.6459,-4.7304,-5.1881,-5.7985,-5.4933,-5.0356,-4.2726,-6.5615,-7.3244,-8.0874,-6.2563,-4.12,1.5259,4.7304,8.24,9.7659,11.597,11.75,11.139,9.6133,8.8504,6.4089,6.7141,7.0193,10.529,12.207,13.886,13.123,14.191,13.733,13.581,11.139,10.071,8.3926,5.6459,1.2207,-0.30519,-2.1363,-0.15259,1.5259,5.3407,7.3244,7.9348,6.1037,2.8993,-1.8311,-5.7985,-9.003,-11.292,-15.564,-17.701,-23.041,-25.636,-29.298,-31.434,-32.655,-30.366,-28.077,-25.788,-21.821,-16.022,-10.987,-6.7141,-4.7304,-1.2207,0.30519,4.4252,7.3244,12.818,17.701,24.415,30.519,34.944,37.385,40.742,42.116,43.031,40.284,39.979,39.064,42.726,43.336,45.473,45.778,47.609,47.304,47.609,47.456,48.524,45.93,42.726,36.775,33.876,28.993,26.399,22.736,20.753,17.09,13.886,8.8504,3.2044,-4.7304,-10.071,-13.886,-16.785,-20.142,-22.279,-25.025,-26.551,-31.129,-33.113,-34.944,-33.723,-33.265,-31.281,-30.976,-29.603,-27.772,-26.093,-26.093,-26.093,-26.093,-24.873,-26.093,-25.483,-27.772,-28.23,-29.756,-29.908,-31.281,-31.587,-30.366,-26.856,-21.821,-18.159,-16.938,-14.344,-15.564,-16.022,-18.159,-18.464,-21.363,-22.279,-22.279,-21.516,-21.21,-20.447,-20.447,-21.21,-23.194,-23.804,-25.636,-25.941,-26.399,-25.33,-26.399,-25.33,-26.246,-27.161,-27.772,-27.772,-29.756,-30.519,-32.502,-33.113,-35.096,-32.655,-31.739,-29.45,-28.993,-27.161,-27.772,-28.382,-29.756,-29.756,-31.129,-32.96,-34.486,-34.333,-34.944,-32.807,-32.197,-29.145,-26.856,-22.736,-21.516,-21.058,-20.905,-18.311,-16.175,-12.513,-11.444,-12.97,-17.701,-22.889,-29.603,-35.554,-41.963,-42.726,-43.184,-42.421,-38.911,-33.876,-31.587,-32.044,-33.418,-33.418,-31.129,-27.161,-26.093,-23.194,-20.6,-16.633,-14.191,-9.7659,-2.7467,7.1718,15.717,21.516,25.483,30.213,34.639,40.132,43.794,48.83,51.881,57.222,59.969,63.631,65.31,67.141,68.972,71.718,74.007,78.28,81.484,84.231,84.841,85.757,84.231,86.52,86.52,87.893,87.741,89.419,91.861,95.218,97.049,99.49,101.02,103.76,105.59,109.41,110.78,113.68,115.51,118.41,119.63,124.36,128.64,131.38,132.45,132.6,132.15,130.01,126.8,124.52,121.62,120.4,116.89,114.29,110.02,109.71,108.95,108.04,104.98,101.32,97.659,93.234,87.436,81.942,75.533,71.413,63.478,58.443,54.476,52.644,46.693,44.099,44.252,45.93,46.388,45.015,39.064,30.519,22.126,17.853,12.207,8.5452,6.7141,9.1556,9.3081,9.7659,9.4607,8.8504,8.0874,8.24,8.5452,7.9348,5.1881,5.3407,3.8148,4.2726,2.4415,2.4415,1.9837,5.1881,8.24,10.224,10.071,8.6978,7.7822,7.7822,7.7822,8.24,7.7822,8.6978,8.3926,9.003,6.4089,4.7304,0.76296,-1.3733,-5.3407,-9.6133,-14.801,-19.532,-25.178,-28.687,-30.824,-31.739,-33.876,-33.876,-34.944,-34.944,-36.164,-35.401,-36.622,-36.012,-36.622,-38.453,-39.979,-41.2,-43.794,-45.32,-43.947,-40.742,-40.742,-39.369,-40.132,-39.064,-39.369,-38.301,-37.843,-36.927,-37.233,-38.148,-39.521,-39.674,-38.606,-37.69,-40.284,-40.132,-39.674,-35.554,-31.892,-27.619,-24.262,-21.21,-18.616,-13.886,-10.376,-7.1718,-7.3244,-5.3407,-6.5615,-6.7141,-7.3244,-4.12,-2.7467,0.45778,3.8148,7.3244,10.071,13.581,17.548,20.753,21.821,24.873,26.551,30.824,32.502,34.639,35.096,37.996,40.132,42.573,42.879,44.252,46.083,48.372,48.524,51.881,53.56,54.628,51.271,49.593,47.456,47.761,44.862,44.099,44.099,44.862,45.473,45.778,45.015,45.473,44.404,44.252,42.421,42.268,41.353,41.81,42.573,45.93,47.761,49.135,49.44,48.067,48.982,51.118,50.966,51.271,51.881,53.865,53.56,52.797,50.356,47.456,44.404,41.2,38.453,37.69,36.927,35.707,32.502,30.366,27.161,25.178,19.227,15.107,8.6978,4.7304,1.6785,1.0681,1.0681,3.2044,6.4089,9.4607,9.7659,10.529,9.9185,9.1556,7.477,9.1556,8.3926,8.6978,6.4089,5.6459,3.8148,2.8993,0.91556,-0.76296,-2.8993,-4.2726,-8.24,-9.4607,-12.97,-13.428,-13.886,-11.139,-9.3081,-6.4089,-5.4933,-3.8148,-2.4415,-2.4415,-4.2726,-3.357,-2.5941,0.91556,3.2044,6.4089,4.4252,3.8148,1.3733,1.0681,1.2207,1.0681,0.15259,2.1363,4.5778,7.3244,9.3081,12.36,11.902,11.902,11.75,14.801,16.022,14.954,13.886,12.665,11.75,11.444,11.597,13.276,14.344,17.09,18.921,21.21,21.973,23.041,21.363,22.126,22.279,23.347,22.126,19.837,17.853,16.938,15.107,14.496,12.513,11.75,6.8667,1.9837,-4.12,-7.9348,-10.987,-12.055,-13.733,-15.717,-18.769,-21.21,-25.178,-26.704,-29.603,-30.976,-34.181,-36.927,-41.2,-44.862,-48.067,-53.407,-60.274,-66.225,-72.024,-76.601,-81.179,-84.994,-90.182,-91.708,-91.403,-88.656,-88.351,-88.351,-89.114,-88.961,-89.419,-89.267,-89.724,-88.504,-86.825,-84.231,-84.536,-83.773,-84.841,-85.147,-85.91,-83.926,-82.858,-81.484,-80.416,-78.127,-75.838,-73.092,-71.108,-71.566,-74.465,-74.77,-77.212,-77.364,-78.433,-77.517,-78.738,-78.127,-78.738,-81.942,-87.588,-91.556,-94.607,-95.828,-96.744,-96.286,-94.913,-90.793,-89.114,-85.299,-85.757,-84.689,-82.858,-79.958,-75.076,-68.361,-64.547,-60.579,-59.358,-57.833,-57.985,-56.307,-56.001,-54.628,-56.154,-55.696,-54.933,-55.391,-56.001,-53.407,-52.492,-52.95,-55.544,-56.154,-57.833,-57.07,-57.68,-57.68,-57.833,-54.323,-51.729,-51.424,-53.865,-55.391,-57.527,-57.68,-56.764,-54.018,-54.17,-52.187,-53.102,-51.424,-50.05,-45.93,-42.573,-40.59,-41.658,-41.2,-41.81,-41.353,-39.827,-37.538,-37.233,-35.249,-34.944,-32.807,-32.655,-30.366,-28.535,-26.856,-26.246,-25.788,-25.025,-24.262,-25.025,-24.567,-24.873,-21.363,-17.396,-12.665,-9.7659,-4.12,3.0519,9.7659,13.428,17.396,18.921,19.379,17.09,17.701,17.396,18.006,17.243,17.853,15.717,14.344,11.139,9.7659,8.0874,7.6296,6.4089,4.883,2.2889,3.5096,4.883,7.7822,8.0874,9.9185,10.376,12.665,13.428,14.496,13.276,10.834,8.24,8.24,7.7822,9.1556,10.376,11.444,12.055,14.496,14.801,16.327,15.564,13.886,11.75,11.597,9.6133,8.3926,7.477,9.4607,10.834,14.649,17.396,23.347,27.924,33.265,34.639,33.57,31.739,32.807,34.791,36.012,36.317,36.47,33.57,30.976,30.061,30.671,30.213,30.671,29.908,26.856,20.753,16.48,12.055,8.3926,6.1037,5.6459,6.4089,8.6978,11.597,14.801,14.649,15.412,14.039,14.801,12.665,11.902,10.529,8.3926,3.6622,-0.15259,-1.6785,-0.30519,0.76296,3.5096,4.883,7.6296,9.7659,12.818,14.649,17.701,21.973,28.687,36.622,45.93,53.407,56.612,57.07,58.901,59.969,63.478,62.716,61.8,60.121,59.816,56.001,52.797,48.982,46.693,43.641,40.437,37.69,37.233,35.859,36.317,35.859,36.317,34.181,32.807,28.993,25.636,23.194,21.516,20.295,18.311,15.259,14.954,14.344,14.344,10.224,7.9348,4.7304,3.8148,0.91556,3.0519,3.5096,6.8667,11.139,13.886,14.801,16.938,17.243,18.006,17.548,17.396,17.243,19.837,20.142,22.126,21.516,23.347,25.636,28.077,27.619,28.382,27.924,27.772,25.178,23.194,18.769,17.396,13.123,11.139,9.003,7.6296,6.2563,5.4933,1.8311,-0.61037,-3.8148,-5.7985,-10.224,-13.276,-17.548,-17.548,-18.769,-17.09,-17.701,-19.379,-20.753,-22.431,-25.636,-28.535,-30.824,-30.671,-30.366,-27.314,-24.262,-20.295,-19.074,-16.785,-15.717,-12.665,-10.529,-8.8504,-8.0874,-5.6459,-1.9837,1.8311,5.0356,8.3926,9.3081,11.75,12.207,12.97,13.428,16.785,18.311,19.837,20.6,21.821,21.973,21.516,19.227,18.769,16.785,17.548,16.785,17.243,16.48,18.311,18.311,18.006,16.785,16.327,15.412,16.022,16.633,18.006,17.396,19.379,20.6,24.11,27.314,30.061,30.671,30.976,30.519,30.976,32.197,34.944,37.996,43.489,45.625,47.609,47.609,49.287,48.982,48.83,48.219,48.524,48.219,50.661,51.729,54.17,55.391,59.358,61.19,63.631,64.852,67.293,68.056,70.193,69.887,69.124,66.683,65.462,63.326,62.563,60.579,59.206,54.933,52.95,49.287,46.846,40.437,35.249,30.824,30.824,32.655,34.639,37.843,38.759,39.674,41.2,42.726,45.93,48.372,50.966,53.56,58.596,65.004,68.819,71.718,75.228,77.364,78.738,80.416,81.332,80.111,79.806,77.059,76.296,75.533,75.686,73.092,69.582,67.598,66.225,65.31,65.157,63.326,59.664,54.476,51.424,44.862,39.979,35.249,29.756,24.415,19.379,12.665,6.8667,2.5941,-2.2889,-8.5452,-13.886,-20.6,-25.636,-29.298,-28.993,-30.519,-31.281,-33.265,-34.944,-37.69,-40.284,-42.879,-40.895,-41.658,-42.116,-44.71,-44.557,-46.083,-43.489,-44.404,-41.505,-39.216,-36.164,-35.707,-35.707,-38.453,-38.301,-40.437,-41.963,-44.557,-42.573,-44.404,-44.252,-46.236,-46.846,-49.745,-52.187,-57.222,-60.427,-62.41,-62.105,-62.41,-59.358,-57.07,-53.865,-53.102,-51.424,-49.593,-45.93,-44.252,-40.284,-36.47,-31.434,-29.603,-27.009,-25.483,-20.142,-16.175,-10.681,-9.4607,-7.477,-7.6296,-7.0193,-5.9511,-5.4933,-7.1718,-9.7659,-13.733,-14.801,-19.227,-21.363,-25.025,-26.856,-28.535,-28.84,-28.535,-29.45,-31.434,-28.84,-24.262,-20.6,-16.633,-10.834,-9.1556,-7.477,-7.3244,-7.0193,-9.9185,-8.6978,-4.7304,0.45778,6.2563,10.071,12.36,14.496,17.853,20.447,19.99,17.243,13.428,11.292,8.6978,6.2563,3.0519,-0.91556,-5.4933,-10.681,-15.107,-16.327,-22.126,-27.161,-34.791,-40.437,-46.236,-50.966,-56.612,-62.258,-69.582,-75.381,-79.653,-82.095,-86.367,-86.825,-87.436,-87.893,-90.793,-90.487,-88.809,-87.283,-86.52,-84.994,-84.231,-83.01,-81.484,-79.501,-78.738,-75.991,-73.55,-67.598,-62.105,-57.07,-51.729,-45.32,-41.81,-37.233,-32.655,-27.467,-24.262,-19.532,-17.701,-13.581,-11.75,-8.3926,-7.3244,-8.0874,-8.8504,-7.7822,-7.1718,-7.0193,-9.3081,-10.376,-15.107,-18.311,-22.126,-24.11,-27.314,-29.45,-34.791,-39.216,-43.336,-46.693,-49.593,-51.881,-56.154,-58.443,-61.19,-62.105,-64.089,-62.258,-61.495,-58.901,-58.901,-56.764,-54.018,-48.83,-42.573,-37.233,-33.723,-28.687,-25.178,-19.684,-18.006,-17.396,-18.159,-16.327,-16.633,-16.327,-17.548,-17.853,-18.616,-16.327,-15.259,-14.039,-12.818,-8.3926,-8.24,-7.6296,-10.224,-10.987,-13.276,-13.581,-14.496,-13.886,-14.649,-14.801,-15.717,-15.717,-18.311,-16.48,-15.564,-15.259,-16.785,-15.717,-15.412,-14.039,-10.987,-7.7822,-6.4089,-1.6785,2.5941,8.6978,12.055,17.09,19.379,23.041,23.652,26.399,28.84,33.418,38.759,45.93,52.034,56.154,60.427,67.141,69.887,71.871,71.718,72.024,69.124,65.615,62.716,60.732,55.086,49.593,44.404,43.489,43.641,45.625,43.794,43.489,39.369,38.301,34.028,32.044,31.129,30.976,30.976,32.655,30.824,30.976,29.145,30.061,28.382,28.84,26.856,25.178,22.431,22.889,25.025,26.246,25.788,27.619,29.145,32.044,34.944,39.216,41.658,43.184,40.284,36.622,31.739,30.213,23.957,18.464,14.801,12.665,10.987,13.428,14.344,16.327,18.464,23.347,26.551,32.655,36.317,41.658,42.573,44.71,46.388,46.846,47.304,46.236,43.489,41.658,39.521,39.064,36.164,32.197,26.551,25.178,24.72,28.23,31.434,37.08,40.284,42.726,43.489,41.505,36.622,30.061,23.347,20.295,18.159,16.938,14.496,13.276,11.597,9.1556,7.1718,7.1718,7.1718,7.477,6.5615,4.12,-3.357,-9.1556,-17.548,-21.363,-25.33,-24.415,-25.33,-24.262,-24.415,-24.262,-24.873,-27.009,-29.603,-31.587,-34.028,-33.876,-34.944,-32.96,-31.739,-30.366,-33.418,-35.249,-38.606,-43.794,-48.982,-52.95,-56.459,-59.206,-62.105,-63.478,-67.598,-69.582,-71.871,-72.329,-75.228,-79.043,-83.316,-85.299,-87.283,-88.656,-89.724,-90.64,-92.013,-89.419,-88.046,-88.504,-91.708,-93.692,-94.913,-94.76,-94.455,-90.335,-86.062,-80.874,-77.212,-76.296,-76.601,-75.076,-74.313,-71.871,-71.261,-69.277,-68.514,-65.615,-61.342,-55.086,-48.067,-40.284,-35.249,-31.281,-28.993,-24.262,-22.126,-21.668,-21.21,-18.769,-17.09,-13.123,-7.1718,-2.4415,0.30519,4.12,8.0874,12.513,14.649,17.853,20.447,22.279,21.821,22.126,22.889,23.652,23.957,24.873,25.178,26.093,26.246,29.145,31.434,35.554,36.317,36.775,37.69,39.674,40.284,40.59,38.759,35.249,25.941,18.769,12.36,9.003,7.0193,5.7985,4.883,3.6622,1.9837,-2.2889,-7.9348,-14.954,-23.194,-29.908,-34.639,-35.096,-38.148,-40.895,-44.099,-44.099,-43.184,-41.2,-39.369,-35.707,-34.028,-31.281,-31.892,-31.434,-32.96,-29.45,-31.434,-32.807,-35.096,-36.317,-39.827,-42.726,-43.947,-42.268,-43.031,-45.167,-46.999,-47.456,-48.982,-50.203,-52.644,-52.034,-52.644,-49.898,-44.099,-40.132,-39.216,-38.606,-38.301,-36.775,-37.385,-38.301,-38.606,-35.096,-32.807,-29.45,-27.161,-23.499,-19.837,-14.649,-9.9185,-5.7985,-1.9837,1.3733,3.2044,5.7985,5.6459,5.4933,2.2889,1.9837,1.0681,1.6785,1.9837,0.45778,-2.4415,-3.0519,-3.357,-0.61037,1.5259,2.5941,1.0681,3.6622,4.883,7.6296,9.003,11.902,12.513,14.039,13.733,12.665,12.207,14.039,12.513,14.954,14.801,16.327,17.853,21.821,23.041,27.924,32.807,36.775,40.132,41.353,42.726,44.71,46.846,50.661,53.865,58.901,61.037,63.936,64.394,64.394,62.716,58.901,56.917,55.849,52.95,50.661,48.372,47.761,46.388,49.44,50.813,51.576,52.797,54.781,55.849,55.849,55.849,58.596,59.206,62.105,63.326,64.241,64.699,67.293,67.904,68.667,71.566,74.313,76.144,77.67,75.228,71.261,66.836,65.31,62.105,59.969,56.612,54.476,50.356,48.372,43.184,38.453,35.859,33.876,32.35,31.587,29.45,30.213,29.603,29.45,26.399,28.84,29.603,33.265,36.012,39.064,42.116,45.625,49.44,51.729,50.508,50.356,49.44,50.966,50.203,51.576,50.203,49.287,45.015,41.658,37.385,35.401,31.281,30.061,27.009,25.941,21.21,19.684,18.616,19.379,19.99,21.668,21.516,19.379,16.175,15.717,15.87,18.616,18.159,20.753,22.889,25.33,27.009,30.976,33.876,35.096,34.944,34.181,32.044,31.434,28.84,31.434,30.824,30.519,26.856,23.804,19.379,18.311,18.006,18.769,18.311,16.938,13.886,13.123,11.902,13.123,11.292,10.681,6.8667,4.7304,1.0681,-3.357,-7.477,-10.224,-13.886,-16.022,-20.6,-21.821,-24.262,-26.856,-32.502,-36.622,-40.437,-43.947,-46.541,-47.761,-48.372,-46.693,-48.372,-50.661,-52.95,-53.713,-55.238,-54.781,-53.713,-50.813,-45.778,-41.047,-38.301,-34.486,-29.145,-23.347,-19.074,-12.207,-7.3244,-3.8148,-4.2726,-4.2726,-4.2726,-4.7304,-5.1881,-5.0356,-3.2044,-1.8311,-4.7304,-8.24,-13.123,-15.107,-17.243,-17.701,-18.769,-21.058,-24.262,-27.161,-30.061,-31.434,-36.622,-40.437,-42.421,-41.658,-45.778,-49.287,-52.034,-52.797,-52.187,-52.034,-52.797,-52.034,-49.593,-46.236,-43.336,-38.759,-34.639,-30.671,-29.298,-24.873,-22.126,-20.905,-20.447,-21.058,-20.6,-18.159,-15.259,-8.8504,-4.5778,-0,5.4933,13.276,16.938,18.616,20.447,22.126,21.21,20.447,18.006,16.785,15.107,13.428,9.003,5.1881,0.61037,0.15259,-2.2889,-4.4252,-7.0193,-9.4607,-12.207,-11.597,-10.071,-6.7141,-2.7467,3.0519,2.4415,3.2044,2.8993,1.6785,-0.45778,-2.1363,-5.1881,-7.6296,-9.6133,-11.75,-15.259,-16.938,-16.327,-10.071,-6.1037,-1.9837,-1.3733,1.0681,4.883,9.1556,11.597,16.48,17.853,19.837,21.821,25.941,27.924,30.366,30.061,32.35,33.418,33.57,34.181,33.723,33.723,36.012,36.47,34.028,29.145,27.009,24.567,23.041,18.921,16.785,14.496,16.48,17.701,19.684,21.516,25.025,28.687,31.892,33.723,33.57,28.077,24.72,22.279,21.973,19.684,19.227,19.532,20.6,22.736,27.161,30.519,37.69,42.116,43.336,41.047,41.81,40.895,40.895,39.369,41.353,43.794,45.625,47.151,49.287,51.729,53.56,54.476,57.375,60.884,63.936,64.394,66.836,68.667,69.887,70.498,71.108,69.43,68.667,68.819,67.446,63.936,62.716,59.816,56.917,53.407,49.593,42.573,36.47,29.756,25.788,21.668,19.379,17.396,16.327,14.344,12.055,6.8667,3.8148,-0.91556,-4.5778,-10.224,-12.818,-12.36,-12.055,-15.259,-19.379,-25.025,-28.84,-35.249,-39.064,-44.557,-49.287,-54.476,-57.222,-59.511,-59.511,-60.579,-62.563,-64.089,-64.394,-65.615,-67.293,-69.277,-68.056,-69.43,-68.209,-66.836,-65.92,-66.836,-65.767,-66.225,-66.225,-67.446,-68.361,-71.108,-74.923,-76.754,-77.364,-79.348,-78.127,-77.517,-73.702,-70.956,-69.887,-66.225,-64.699,-63.784,-59.816,-54.628,-50.05,-47.151,-43.794,-41.353,-38.301,-35.707,-31.587,-29.145,-24.873,-23.652,-22.126,-20.905,-20.142,-20.142,-19.532,-18.311,-19.379,-22.584,-22.889,-22.584,-21.973,-20.753,-17.853,-17.701,-16.327,-15.107,-11.139,-7.3244,-4.4252,0.76296,7.1718,12.207,19.379,22.889,27.161,29.756,32.35,32.96,34.028,34.791,37.08,38.301,39.064,39.369,40.895,42.116,41.963,39.369,41.2,42.726,47.761,50.813,50.966,48.982,50.356,49.898,50.05,49.898,50.508,51.424,52.034,48.524,46.236,41.963,38.759,34.944,33.418,30.366,29.298,27.619,27.924,28.382,30.671,35.554,40.284,42.268,43.947,44.71,47.456,47.914,50.05,49.44,50.508,50.508,52.95,56.154,58.138,59.511,61.19,63.021,68.514,68.209,66.683,63.936,62.563,60.274,58.138,55.696,53.865,52.339,50.813,49.593,47.304,44.71,43.184,39.216,36.927,34.181,34.486,31.892,28.84,26.856,25.178,25.483,24.567,22.889,19.99,18.311,17.701,14.344,12.818,9.7659,9.9185,7.3244,4.7304,-0,-5.0356,-9.003,-10.376,-12.36,-12.818,-14.191,-14.954,-15.564,-16.175,-15.259,-9.3081,-5.0356,0.61037,5.9511,12.97,19.837,23.041,23.652,24.72,23.499,23.194,19.227,19.532,21.668,23.804,25.025,29.45,28.535,28.23,26.856,27.161,25.788,24.72,23.194,23.347,22.431,24.567,23.957,23.041,19.99,19.99,17.701,16.785,14.649,9.7659,3.9674,0.15259,-4.5778,-9.7659,-14.039,-16.938,-21.668,-23.499,-26.856,-30.366,-32.35,-29.298,-25.33,-21.058,-18.769,-14.649,-11.139,-7.3244,-5.0356,-2.2889,-2.1363,0.30519,0.30519,1.3733,1.9837,5.9511,8.0874,8.24,8.0874,13.123,17.243,23.804,29.298,32.35,31.739,32.655,34.486,39.216,42.116,43.794,45.32,44.862,43.184,39.674,37.233,32.807,25.483,19.532,12.513,7.6296,1.8311,-2.1363,-9.4607,-16.785,-22.736,-26.399,-31.281,-36.47,-42.726,-48.067,-53.56,-56.612,-59.511,-59.206,-62.868,-64.394,-66.225,-64.394,-60.732,-53.407,-46.236,-40.132,-36.317,-32.35,-31.129,-29.756,-31.434,-31.129,-31.434,-30.824,-30.671,-34.181,-39.216,-43.794,-46.236,-46.236,-46.541,-46.693,-50.356,-52.644,-57.222,-59.664,-60.884,-59.206,-57.985,-57.07,-59.816,-65.31,-72.939,-76.144,-75.381,-74.923,-75.533,-74.465,-75.533,-75.533,-75.228,-72.634,-71.108,-70.498,-72.329,-71.413,-73.092,-74.77,-73.855,-74.313,-77.212,-78.433,-79.501,-77.059,-76.144,-73.244,-72.787,-68.667,-65.157,-61.037,-58.29,-56.001,-55.544,-54.781,-53.255,-49.898,-46.846,-45.167,-45.93,-44.404,-45.167,-43.489,-41.047,-38.606,-37.08,-35.554,-34.639,-34.333,-34.639,-34.181,-33.265,-30.671,-27.161,-24.262,-21.516,-17.243,-14.649,-8.3926,-3.5096,2.2889,6.7141,7.477,7.0193,7.9348,7.477,4.4252,-0.91556,-3.9674,-7.9348,-9.9185,-8.24,-1.9837,-0.91556,1.8311,5.4933,8.24,9.9185,12.36,11.444,10.681,7.9348,7.1718,8.6978,9.6133,8.3926,11.139,10.529,10.376,11.139,16.327,18.311,20.753,21.21,22.736,23.347,25.941,29.145,33.57,34.486,35.707,36.317,40.742,43.336,42.116,39.521,40.59,35.707,31.739,28.382,26.246,21.21,19.532,14.496,13.581,10.681,8.0874,5.6459,2.2889,-4.4252,-9.4607,-14.191,-17.396,-19.532,-20.295,-20.142,-19.837,-20.142,-19.837,-18.769,-15.87,-17.701,-17.396,-17.09,-17.853,-21.821,-21.516,-17.396,-13.733,-15.564,-11.902,-8.8504,-7.1718,-8.24,-8.8504,-8.3926,-6.2563,-5.0356,-5.7985,-0.91556,5.0356,4.5778,5.7985,5.6459,7.6296,4.12,2.4415,-0.45778,-1.5259,-3.6622,-4.883,-6.5615,-10.834,-16.022,-16.785,-19.99,-22.126,-24.415,-23.957,-25.483,-24.415,-25.33,-24.873,-24.873,-24.72,-21.058,-15.564,-10.834,-8.0874,-8.0874,-9.003,-10.224,-9.003,-9.9185,-10.071,-11.139,-8.0874,-1.9837,3.6622,7.1718,7.477,4.883,3.357,3.8148,5.3407,5.0356,8.3926,8.0874,10.071,12.055,14.344,12.207,9.003,4.12,3.357,0.30519,-1.0681,-4.7304,-7.1718,-12.97,-15.412,-19.379,-21.058,-20.905,-22.279,-21.821,-18.921,-19.684,-19.532,-19.532,-17.853,-16.785,-13.123,-11.444,-9.4607,-8.0874,-5.1881,-7.3244,-4.883,-2.1363,2.2889,7.0193,7.9348,9.1556,10.987,10.987,14.039,17.09,19.532,20.447,23.804,28.687,31.892,33.265,35.554,36.622,42.116,46.236,45.625,45.167,47.151,48.067,46.236,42.421,40.132,36.317,35.859,35.707,35.249,34.639,33.876,30.366,25.788,23.194,23.957,21.21,20.142,20.295,21.668,19.837,21.516,20.447,22.279,23.194,22.126,19.99,22.126,22.736,23.499,21.821,22.279,19.227,19.227,17.853,18.159,19.074,18.159,13.581,10.376,7.477,4.7304,1.6785,-1.3733,-7.3244,-10.529,-12.665,-12.665,-13.276,-12.97,-9.9185,-7.6296,-7.477,-5.7985,-7.3244,-8.24,-10.834,-10.071,-12.513,-12.36,-12.665,-11.902,-10.224,-4.7304,-2.1363,-2.2889,-1.9837,-0.30519,-1.5259,0.61037,0.15259,2.7467,0.91556,-1.6785,-3.357,-3.0519,-1.9837,-1.2207,0.61037,1.8311,2.4415,5.0356,4.883,6.1037,7.0193,8.0874,5.9511,5.3407,8.6978,12.818,10.529,9.9185,11.444,16.175,12.97,7.7822,5.0356,3.9674,-3.9674,-7.477,-9.1556,-10.681,-10.681,-6.8667,-9.1556,-12.665,-15.564,-19.837,-23.804,-21.973,-21.973,-20.447,-20.6,-19.837,-21.363,-23.957,-25.025,-28.993,-33.265,-37.538,-39.521,-37.233,-40.742,-43.031,-44.862,-43.336,-43.184,-43.641,-44.557,-43.794,-38.606,-31.892,-29.45,-29.145,-28.84,-29.145,-28.84,-27.619,-27.924,-23.957,-21.363,-23.041,-27.619,-31.281,-33.265,-32.655,-32.807,-34.028,-32.35,-27.314,-26.856,-23.957,-20.295,-17.548,-16.785,-14.649,-15.107,-13.123,-11.444,-7.0193,-6.5615,-9.9185,-12.665,-7.477,-1.8311,-1.3733,-2.4415,3.5096,8.24,12.055,13.886,15.412,13.581,11.902,10.529,7.9348,5.4933,7.6296,9.3081,13.733,13.428,13.276,14.801,16.785,12.36,9.3081,5.1881,1.8311,-1.6785,-4.4252,-8.5452,-11.597,-16.327,-18.006,-22.431,-24.415,-26.856,-29.756,-32.044,-34.028,-36.47,-37.996,-35.859,-34.791,-37.08,-36.164,-34.944,-34.486,-34.944,-32.655,-29.756,-24.11,-26.399,-28.382,-29.756,-26.704,-20.6,-16.022,-13.733,-12.055,-9.003,-5.4933,-4.883,-1.9837,-3.5096,-8.0874,-12.207,-13.276,-14.496,-15.717,-16.022,-16.633,-15.717,-16.022,-22.279,-24.567,-27.161,-28.687,-28.382,-23.499,-22.736,-21.668,-21.363,-21.821,-21.973,-21.668,-19.227,-17.09,-15.259,-12.36,-10.224,-8.5452,-7.7822,-3.9674,-0.76296,3.6622,6.2563,7.9348,8.8504,12.055,12.513,11.444,10.071,8.3926,7.0193,7.7822,7.7822,7.1718,4.4252,1.9837,-1.5259,-3.0519,-4.5778,-7.3244,-10.529,-11.292,-13.428,-15.412,-19.227,-24.262,-32.96,-39.674,-42.268,-40.895,-47.914,-52.797,-55.391,-59.053,-61.8,-60.579,-57.07,-51.118,-48.372,-46.083,-43.336,-33.723,-25.483,-21.516,-21.21,-18.311,-16.175,-13.733,-10.987,-9.3081,-7.0193,-1.8311,1.0681,5.6459,9.003,15.259,18.006,23.499,30.671,36.164,41.81,49.745,54.018,56.459,53.865,51.881,51.118,52.797,49.745,48.067,47.304,47.304,46.236,45.625,45.625,45.32,43.031,42.268,44.252,41.963,38.606,39.064,38.453,37.08,37.996,39.369,41.2,41.047,38.606,34.181,29.908,27.772,28.382,31.892,34.639,34.639,31.892,31.129,28.993,24.567,23.041,21.363,16.327,11.139,6.2563,-0.91556,-9.4607,-14.344,-20.905,-27.467,-33.876,-36.47,-39.521,-43.184,-47.456,-46.541,-43.794,-38.911,-37.385,-36.622,-37.538,-35.096,-32.502,-24.11,-13.733,-5.9511,-0.61037,5.0356,10.834,14.954,17.396,20.905,22.126,24.567,26.704,28.993,29.298,29.298,29.298,28.535,29.145,29.756,27.924,25.941,20.753,17.701,16.327,16.175,13.581,19.074,24.72,21.668,15.87,15.717,13.581,12.055,6.8667,5.7985,3.2044,1.0681,0.15259,1.8311,2.4415,3.0519,6.4089,8.0874,7.0193,7.477,6.8667,8.24,6.7141,4.4252,2.7467,2.4415,0.30519,-0.61037,-3.357,-4.2726,-6.2563,-9.9185,-9.1556,-5.4933,-1.6785,1.8311,0.91556,-0.45778,-0.45778,1.5259,-1.8311,-6.5615,-8.5452,-11.292,-14.344,-15.717,-16.175,-13.886,-10.987,-5.3407,-3.0519,-2.8993,-1.0681,0.30519,-1.2207,-2.1363,0.91556,3.8148,3.2044,4.883,8.0874,13.428,15.87,16.938,17.09,15.259,9.6133,7.7822,12.97,18.006,20.295,20.6,19.684,17.243,14.496,12.665,7.7822,6.2563,5.7985,5.3407,4.5778,5.0356,6.7141,6.5615,6.1037,5.0356,2.5941,1.0681,3.2044,9.9185,13.886,16.938,17.09,13.428,12.055,13.581,17.853,21.058,25.178,26.246,26.856,27.314,27.161,29.298,28.077,25.941,24.11,22.126,19.684,12.665,6.5615,2.1363,-1.8311,-1.9837,-6.2563,-10.224,-14.954,-16.022,-18.616,-17.701,-20.295,-28.382,-33.723,-32.35,-30.213,-30.061,-32.502,-30.976,-29.756,-24.72,-21.973,-18.921,-16.48,-10.987,-8.6978,-6.2563,-2.1363,2.2889,4.2726,7.3244,9.3081,12.207,13.123,18.616,24.72,33.265,38.759,45.015,50.661,54.17,56.307,54.323,52.187,52.797,55.544,55.391,52.797,51.576,49.745,51.424,51.118,52.187,53.865,58.748,63.326,64.089,63.021,61.342,61.342,59.358,51.729,44.862,39.521,35.859,28.84,25.941,23.652,23.804,23.957,25.483,25.636,27.161,28.687,34.333,37.538,40.437,38.301,37.08,35.096,35.401,33.113,31.434,28.687,26.246,23.194,23.804,25.025,26.093,24.415,23.652,21.21,22.431,20.753,20.142,21.668,24.262,27.009,28.077,25.025,22.126,18.464,18.311,16.785,16.327,9.9185,5.3407,3.6622,3.2044,0.30519,-3.9674,-10.681,-16.327,-21.21,-25.788,-30.213,-32.197,-36.012,-37.69,-39.064,-35.554,-33.723,-29.145,-25.636,-23.499,-19.227,-16.938,-17.09,-13.276,-10.529,-6.1037,-3.0519,1.6785,3.2044,5.3407,5.4933,7.6296,8.6978,9.6133,9.003,10.681,14.496,19.379,21.363,23.499,24.415,26.856,26.704,24.873,21.821,19.074,17.243,16.48,16.785,17.701,17.243,18.159,18.159,20.6,23.194,28.687,32.655,34.181,35.401,36.317,35.096,34.944,32.197,30.671,27.772,27.467,28.077,30.061,30.213,30.213,31.587,33.113,31.892,29.298,28.23,25.483,22.584,20.753,20.295,18.464,17.701,21.058,24.72,27.924,32.197,33.265,28.23,21.516,17.396,16.48,10.987,8.5452,5.6459,5.0356,2.2889,0.15259,-1.2207,-1.0681,-1.8311,-0.15259,1.8311,0.30519,-3.6622,-4.2726,-7.9348,-12.207,-18.464,-17.548,-16.022,-17.09,-20.6,-19.99,-20.295,-18.769,-17.396,-16.327,-18.464,-18.616,-19.379,-17.243,-19.99,-21.058,-21.668,-18.311,-15.107,-10.681,-8.5452,-5.9511,-5.3407,-4.7304,-1.3733,4.2726,9.3081,15.412,21.821,30.519,33.876,33.723,33.57,34.486,38.148,43.031,46.693,53.713,56.307,54.018,48.83,46.541,43.641,40.742,39.369,39.674,38.911,34.486,30.366,29.756,28.687,28.382,26.093,23.499,17.548,12.36,9.6133,10.376,10.529,12.055,14.191,15.564,12.513,11.75,10.681,10.987,10.071,10.071,7.3244,4.883,3.0519,2.2889,1.2207,2.5941,3.8148,4.5778,4.12,5.6459,4.5778,5.3407,2.2889,3.0519,4.7304,3.5096,-3.2044,-8.8504,-14.496,-17.396,-20.905,-24.72,-28.687,-29.145,-30.061,-31.434,-35.401,-38.148,-39.674,-40.437,-43.031,-45.625,-49.593,-51.118,-55.391,-59.664,-65.615,-69.43,-75.533,-78.738,-81.79,-82.095,-83.163,-81.79,-81.179,-82.4,-81.027,-79.348,-81.484,-84.078,-83.926,-80.569,-77.517,-72.481,-70.956,-69.124,-68.056,-65.31,-63.326,-58.901,-52.339,-46.083,-42.726,-40.132,-37.996,-36.47,-37.08,-36.622,-37.996,-39.674,-41.2,-40.742,-42.573,-43.031,-41.963,-39.979,-36.47,-32.655,-30.671,-29.145,-30.671,-31.281,-33.418,-32.197,-32.044,-29.908,-29.603,-31.739,-30.824,-27.161,-27.314,-30.213,-34.791,-36.164,-39.064,-41.963,-46.083,-44.252,-36.775,-31.129,-31.281,-29.45,-28.077,-25.636,-25.33,-24.262,-24.72,-23.499,-24.262,-23.347,-25.33,-29.45,-34.028,-34.333,-34.791,-33.265,-32.35,-32.044,-32.655,-33.418,-33.57,-32.96,-34.028,-33.113,-33.57,-32.044,-33.57,-37.233,-41.353,-43.794,-47.456,-51.271,-52.644,-50.966,-48.677,-44.862,-42.421,-38.759,-39.674,-41.2,-46.236,-48.677,-53.56,-55.391,-56.459,-56.764,-56.764,-58.138,-57.985,-56.917,-59.206,-61.953,-68.361,-70.345,-73.244,-75.838,-77.364,-77.364,-79.196,-80.264,-80.264,-78.585,-78.127,-75.533,-71.718,-67.141,-62.563,-56.612,-52.95,-48.219,-47.304,-47.151,-46.388,-45.32,-45.167,-42.421,-41.2,-39.674,-40.437,-38.911,-38.911,-38.148,-35.859,-32.96,-29.756,-27.314,-25.33,-23.041,-21.973,-19.837,-21.516,-22.584,-27.619,-28.993,-29.908,-27.161,-27.772,-28.382,-29.298,-32.35,-36.164,-39.216,-43.336,-41.963,-42.879,-42.879,-42.116,-39.369,-36.927,-34.639,-30.976,-25.33,-22.736,-22.584,-26.704,-34.486,-41.658,-45.473,-47.304,-48.524,-52.95,-56.612,-60.274,-62.868,-63.326,-63.478,-65.462,-63.478,-62.105,-61.037,-59.664,-57.68,-57.985,-59.206,-62.105,-64.852,-66.378,-63.784,-60.121,-56.001,-55.544,-55.696,-57.222,-56.307,-57.527,-61.19,-61.19,-54.781,-51.118,-47.914,-45.93,-45.93,-49.745,-53.407,-59.358,-66.53,-75.381,-78.127,-75.076,-71.108,-65.615,-58.596,-54.018,-48.219,-45.625,-43.641,-46.083,-47.304,-47.304,-43.794,-39.674,-38.301,-37.08,-34.944,-32.502,-32.502,-36.164,-37.996,-37.996,-34.486,-33.418,-35.096,-38.606,-42.879,-48.219,-51.576,-54.018,-55.544,-58.901,-61.037,-63.784,-63.784,-63.021,-62.258,-64.699,-64.394,-61.495,-58.29,-54.476,-49.135,-40.895,-30.519,-20.753,-12.513,-8.8504,-4.7304,-0.30519,6.7141,12.055,17.243,20.6,27.619,35.096,43.947,52.339,59.358,63.021,68.361,69.887,71.413,70.345,70.04,65.615,63.021,60.579,58.443,54.323,49.745,43.947,40.132,36.012,33.57,32.044,35.554,36.317,38.453,40.59,45.473,49.135,49.898,49.287,51.576,53.865,55.849,58.138,64.394,69.124,75.533,79.501,83.468,84.231,86.52,84.841,81.027,76.144,70.04,64.241,61.647,58.748,56.307,47.761,40.132,33.723,27.161,18.616,13.733,9.3081,7.9348,7.7822,7.7822,6.2563,5.3407,1.9837,-1.0681,-3.357,-3.2044,-5.6459,-4.883,-0.76296,4.5778,11.139,17.853,21.363,23.499,22.431,24.262,23.499,24.415,22.584,24.11,23.957,24.262,24.415,25.178,27.924,34.181,37.69,39.216,41.353,46.541,48.219,54.323,57.833,60.274,62.258,65.31,67.751,67.598,66.836,64.852,62.105,58.443,54.933,52.797,48.067,45.93,42.726,41.658,38.759,41.2,43.184,45.32,48.219,53.255,57.375,61.495,64.089,67.904,70.193,75.228,81.637,88.351,92.776,97.354,100.86,99.643,97.049,95.828,95.065,96.133,96.896,100.71,103.76,106.2,106.81,105.29,103.76,99.338,94.913,91.708,87.283,80.416,74.313,70.65,64.547,58.901,51.881,45.32,38.606,35.096,33.418,30.519,27.314,27.314,25.33,23.652,23.194,24.72,22.584,23.041,22.736,25.025,25.483,28.535,32.044,31.739,30.824,30.366,26.093,21.516,18.006,12.36,5.1881,-0.30519,-6.7141,-11.292,-17.701,-22.889,-28.993,-33.876,-38.759,-41.2,-42.573,-42.879,-46.083,-46.236,-48.372,-49.745,-52.797,-53.407,-55.696,-56.764,-57.68,-57.527,-57.527,-56.307,-55.391,-53.56,-53.255,-50.661,-48.372,-43.641,-42.573,-42.268,-43.794,-45.625,-48.219,-50.661,-52.034,-52.187,-55.391,-58.138,-61.495,-61.495,-62.258,-60.732,-60.884,-60.427,-60.884,-59.969,-59.664,-56.459,-52.339,-48.982,-45.473,-39.216,-34.181,-27.009,-20.447,-13.123,-9.7659,-5.3407,-0.76296,5.3407,12.665,18.616,25.788,33.113,34.333,34.333,33.57,34.333,32.807,31.587,29.756,28.077,26.704,25.178,23.347,21.058,15.412,12.36,7.9348,7.9348,6.1037,5.4933,3.357,4.2726,7.477,10.834,12.97,15.564,16.327,18.769,19.684,21.973,21.973,21.668,19.227,20.447,19.379,21.821,24.873,27.467,28.535,29.603,28.84,25.788,23.804,24.262,24.873,28.687,28.84,28.535,27.009,29.603,28.535,27.619,25.483,25.941,28.687,32.96,35.707,38.606,38.453,37.996,36.775,37.08,35.554,31.892,25.636,22.126,19.99,19.379,18.616,18.921,19.074,19.837,19.99,22.431,18.616,16.633,12.818,10.376,8.8504,8.0874,7.3244,7.477,7.7822,9.9185,11.444,10.529,7.1718,6.1037,2.2889,-0.76296,-6.1037,-10.071,-14.191,-17.243,-21.363,-26.093,-31.129,-33.418,-35.096,-35.554,-35.554,-36.47,-37.843,-39.979,-43.184,-43.794,-46.846,-50.966,-56.307,-60.579,-64.241,-68.819,-73.702,-75.991,-76.754,-78.127,-79.348,-74.618,-69.735,-63.021,-58.29,-50.661,-45.32,-39.521,-34.028,-30.213,-25.178,-19.684,-17.09,-15.564,-14.801,-10.681,-6.1037,-1.6785,0.30519,2.8993,2.7467,5.7985,7.477,7.477,7.7822,8.6978,8.0874,6.1037,3.5096,3.357,0.76296,-2.1363,-8.3926,-13.428,-17.701,-22.889,-27.924,-30.671,-32.807,-34.944,-34.791,-33.113,-32.96,-30.976,-30.061,-27.772,-27.924,-26.399,-26.246,-26.093,-28.84,-30.213,-32.655,-33.265,-31.129,-26.704,-23.194,-20.905,-21.363,-21.21,-23.041,-22.126,-22.736,-21.668,-20.6,-18.006,-15.87,-16.175,-18.006,-20.447,-25.025,-27.314,-30.671,-32.807,-36.47,-39.827,-40.437,-41.047,-43.794,-45.93,-48.372,-51.271,-55.391,-56.307,-57.985,-58.443,-61.342,-62.105,-62.716,-59.511,-55.086,-51.424,-48.067,-45.473,-43.641,-42.879,-44.557,-43.947,-48.524,-53.407,-57.68,-58.443,-59.664,-61.953,-65.004,-63.021,-61.8,-59.816,-58.748,-58.138,-60.732,-61.495,-62.41,-60.579,-57.222,-54.323,-53.407,-53.255,-53.255,-52.339,-53.56,-54.781,-57.07,-59.664,-63.173,-65.462,-70.498,-72.024,-72.939,-72.329,-74.77,-78.28,-80.264,-81.332,-82.095,-80.569,-79.348,-75.838,-75.076,-75.076,-78.738,-82.705,-86.062,-87.741,-88.198,-87.283,-86.52,-85.757,-86.062,-83.01,-80.264,-77.059,-74.007,-68.667,-63.326,-56.612,-51.424,-46.388,-42.116,-36.622,-30.976,-25.636,-20.753,-15.717,-12.818,-9.3081,-8.5452,-7.3244,-9.9185,-12.97,-17.09,-21.363,-22.736,-22.584,-22.279,-20.447,-17.701,-13.428,-13.123,-11.444,-10.529,-11.444,-14.496,-15.717,-17.701,-19.227,-18.921,-18.006,-16.633,-16.327,-17.548,-16.175,-16.175,-11.902,-7.1718,-2.1363,0.30519,3.5096,4.883,5.0356,7.0193,11.139,16.785,22.279,24.72,28.077,27.467,28.077,28.687,31.892,34.333,35.554,35.859,36.317,36.927,39.979,44.557,50.203,54.476,59.053,62.105,65.157,66.53,68.514,68.972,70.193,71.871,75.381,77.212,80.569,83.926,86.215,84.536,84.384,83.926,84.231,85.299,88.809,92.471,96.286,96.286,93.692,92.624,92.929,91.403,91.25,92.166,97.812,99.796,100.71,98.575,97.964,94.15,90.945,88.809,86.062,82.705,79.653,78.28,80.264,81.027,81.027,78.89,78.127,75.686,75.076,73.397,72.329,71.566,71.871,72.024,72.176,72.024,73.702,73.397,72.939,69.887,66.683,62.41,58.138,54.628,52.644,49.287,43.947,37.69,32.502,26.551,25.33,21.973,21.058,19.837,21.821,21.21,21.058,21.516,23.652,27.467,32.197,35.249,37.843,36.775,36.927,35.249,35.401,33.723,36.164,41.2,48.372,55.391,63.021,68.819,74.923,79.958,84.689,89.877,95.828,96.133,96.286,92.471,89.114,86.825,84.231,79.806,73.55,64.547,60.121,55.849,53.407,45.93,41.81,36.317,33.57,27.924,23.804,21.363,20.905,19.379,20.6,20.6,20.753,20.295,19.99,17.396,16.785,15.412,14.954,14.039,16.938,17.548,19.532,20.6,21.821,22.126,22.889,22.584,22.431,18.159,16.938,16.022,17.09,16.327,17.243,17.701,18.616,17.548,16.175,15.564,16.785,17.701,21.973,23.652,25.941,26.856,29.145,30.213,32.197,35.096,37.843,40.895,45.93,50.508,54.933,58.748,66.073,71.413,75.991,78.433,81.79,83.621,88.504,94.302,98.117,100.41,102.08,101.78,99.796,95.37,92.624,90.182,88.504,83.163,80.569,77.212,74.007,65.92,57.527,51.729,48.372,44.862,41.658,39.674,40.895,41.2,44.71,46.541,49.593,50.508,51.729,53.865,56.917,57.07,56.307,56.001,57.222,57.375,57.07,54.323,52.95,51.576,54.781,53.865,53.102,50.813,48.83,46.999,45.778,44.252,42.573,39.674,37.843,37.843,42.726,46.999,52.339,54.323,56.917,55.849,53.102,49.44,48.219,47.609,47.609,47.609,48.677,46.236,46.388,45.473,46.693,46.236,43.336,39.369,37.233,35.249,32.655,29.908,27.467,24.11,21.668,18.311,15.259,12.207,9.9185,4.7304,2.2889,-0.45778,-0.91556,-2.2889,-3.0519,-4.2726,-5.0356,-6.1037,-7.9348,-11.444,-14.039,-16.785,-18.006,-19.074,-16.327,-14.954,-10.987,-9.1556,-5.1881,-3.9674,-3.357,-5.0356,-5.3407,-3.6622,-3.6622,-3.6622,-1.5259,-0.45778,3.2044,7.6296,13.123,15.87,19.227,21.821,24.415,26.246,28.535,27.924,27.924,26.856,26.856,25.33,25.178,23.041,25.33,26.856,28.993,28.84,28.993,26.704,23.804,20.142,17.243,12.665,8.5452,2.8993,-0.61037,-4.7304,-7.0193,-10.834,-12.513,-13.886,-16.938,-19.379,-21.21,-21.973,-21.21,-20.753,-19.532,-18.769,-18.006,-17.701,-16.327,-15.87,-16.48,-17.548,-21.058,-23.804,-24.567,-24.415,-25.941,-30.213,-32.197,-34.333,-36.47,-39.521,-43.489,-47.151,-49.898,-49.898,-49.593,-50.661,-48.677,-50.05,-48.219,-48.524,-47.304,-49.44,-49.135,-48.83,-48.982,-51.118,-52.034,-52.339,-49.898,-48.219,-46.541,-48.067,-48.83,-51.271,-52.187,-53.865,-54.476,-57.527,-59.664,-60.732,-60.427,-61.495,-59.664,-56.307,-50.813,-49.287,-46.999,-45.473,-41.505,-39.216,-34.944,-31.434,-26.856,-23.652,-20.6,-19.684,-15.564,-13.276,-8.6978,-6.4089,-1.6785,2.5941,5.9511,9.3081,13.428,17.396,22.431,26.856,35.096,40.895,48.067,54.476,63.173,68.972,75.686,81.79,88.351,95.37,101.93,108.49,116.12,121.92,129.09,134.89,141.61,146.64,153.97,158.7,164.19,166.17,167.7,168,168.61,168.46,169.38,170.29,170.6,168.16,166.78,163.88,163.12,161.75,161.9,163.27,166.63,168.92,172.73,176.7,180.36,182.04,184.48,187.69,191.81,192.42,195.01,194.71,193.95,193.79,194.25,193.33,192.57,190.89,189.21,185.86,184.79,180.06,177.92,174.57,173.8,171.97,172.58,171.67,169.07,166.63,164.8,161.14,158.09,154.27,151.98,147.25,145.57,140.69,136.72,132.45,129.25,124.67,121.46,116.89,112,107.58,105.14,100.41,96.896,93.234,90.335,84.078,80.874,75.076,72.481,70.65,70.65,70.65,68.972,64.547,59.969,57.375,55.544,51.881,46.846,40.742,37.08,32.502,28.535,25.941,22.431,16.327,9.6133,4.7304,1.2207,-1.9837,-3.357,-7.7822,-9.1556,-10.834,-10.529,-12.055,-14.191,-16.175,-17.548,-17.853,-19.074,-22.126,-23.499,-24.415,-23.194,-23.652,-22.584,-23.804,-22.584,-24.873,-25.788,-25.33,-24.72,-26.246,-26.856,-28.23,-28.23,-28.382,-26.551,-27.314,-25.788,-24.262,-21.668,-21.058,-22.126,-26.399,-27.619,-27.161,-27.772,-30.976,-33.57,-36.012,-36.775,-41.81,-46.388,-52.187,-54.781,-55.544,-55.086,-53.56,-52.034,-54.018,-57.527,-59.664,-60.274,-59.664,-56.917,-57.07,-56.612,-55.849,-52.492,-51.729,-50.966,-52.644,-55.544,-57.222,-56.917,-57.375,-59.053,-63.936,-66.378,-67.293,-66.53,-68.972,-70.498,-74.465,-77.975,-80.721,-79.958,-76.296,-74.313,-75.533,-78.738,-82.705,-86.367,-91.403,-95.523,-101.63,-106.81,-112.46,-115.05,-118.11,-119.33,-120.09,-119.02,-118.11,-117.8,-120.24,-122.23,-124.97,-126.5,-132.76,-142.22,-153.66,-162.05,-165.72,-166.78,-169.53,-168.61,-166.17,-163.88,-164.65,-167.09,-170.75,-172.73,-177.01,-181.28,-188.15,-191.81,-194.25,-195.17,-195.17,-196.23,-198.07,-202.19,-203.1,-200.96,-200.2,-196.23,-191.81,-186.93,-185.71,-181.28,-178.08,-177.16,-176.7,-177.16,-177.01,-177.31,-174.87,-170.14,-165.87,-160.37,-156.25,-152.29,-151.83,-150.76,-148.78,-147.56,-149.08,-148.93,-149.08,-149.08,-148.17,-147.25,-147.56,-146.95,-148.17,-147.56,-143.89,-137.64,-134.13,-131.53,-130.47,-127.57,-124.21,-120.4,-115.05,-108.19,-103.15,-99.948,-97.507,-94.913,-94.15,-92.318,-90.793,-86.215,-80.874,-76.601,-75.838,-75.381,-73.092,-71.718,-70.345,-69.277,-69.582,-67.598,-65.92,-61.19,-57.07,-52.492,-49.898,-46.388,-45.32,-47.151,-49.745,-51.118,-52.492,-53.865,-54.628,-54.628,-54.476,-53.255,-54.018,-53.865,-55.696,-55.849,-56.459,-57.68,-58.443,-58.29,-56.764,-54.933,-53.865,-53.56,-53.102,-49.745,-48.372,-47.456,-48.524,-47.151,-46.388,-45.778,-45.167,-45.93,-45.32,-43.641,-41.505,-40.895,-41.81,-41.658,-42.268,-41.658,-43.489,-43.947,-45.015,-43.947,-42.421,-41.353,-37.538,-33.418,-28.993,-24.415,-18.921,-11.902,-4.12,5.1881,12.207,20.753,27.467,35.096,42.573,49.287,56.001,62.868,69.124,73.55,75.076,79.043,80.111,83.01,84.689,88.351,90.793,96.286,103,109.71,113.68,117.95,121.77,124.52,123.91,124.06,122.38,123.91,124.06,126.5,126.35,127.41,127.72,128.33,126.65,123.14,120.24,119.94,120.09,122.23,122.53,124.21,123.91,123.6,120.55,119.17,119.63,121.46,122.23,124.21,126.35,129.4,133.82,137.94,137.33,136.57,131.53,128.03,123.45,118.72,113.68,111.24,108.19,103.15,96.591,92.166,85.757,81.179,75.381,73.55,72.939,74.923,74.313,73.244,68.056,60.579,52.187,42.726,30.061,20.142,10.529,5.6459,4.12,4.883,4.2726,5.1881,2.7467,-0.45778,-5.0356,-9.9185,-15.107,-21.21,-27.924,-31.129,-33.57,-35.401,-39.064,-39.369,-40.132,-40.59,-43.489,-46.999,-50.05,-51.729,-51.881,-49.44,-49.44,-51.271,-53.102,-54.018,-58.748,-62.41,-66.53,-67.293,-66.225,-63.326,-61.647,-59.969,-59.053,-58.443,-59.816,-58.29,-58.901,-56.764,-53.56,-48.372,-44.862,-42.268,-41.963,-42.726,-44.71,-47.151,-49.44,-46.999,-44.862,-40.895,-40.742,-39.369,-36.927,-29.145,-19.227,-6.2563,3.8148,13.276,19.074,24.72,29.908,36.012,40.437,44.557,46.388,47.151,45.625,44.099,40.132,35.859,32.044,29.145,24.72,19.837,14.954,9.4607,1.3733,-5.3407,-11.902,-16.48,-25.33,-33.113,-41.2,-46.388,-52.187,-57.222,-62.258,-66.988,-72.634,-76.144,-81.027,-84.231,-86.52,-86.215,-87.893,-87.283,-86.673,-87.893,-90.793,-90.64,-90.03,-90.03,-88.351,-87.283,-86.367,-83.926,-83.01,-80.721,-80.111,-79.348,-78.28,-75.228,-75.991,-76.907,-79.043,-82.095,-86.062,-90.487,-95.37,-99.643,-104.37,-106.51,-108.04,-108.04,-110.78,-111.09,-112.46,-112.61,-114.6,-116.28,-117.04,-119.02,-115.97,-110.63,-103.92,-99.185,-98.27,-95.828,-94.913,-94.15,-94.913,-95.523,-97.812,-100.86,-103.92,-106.66,-106.97,-106.2,-105.75,-101.78,-98.422,-95.218,-96.591,-96.744,-97.659,-98.117,-99.185,-99.185,-98.117,-98.117,-98.117,-100.1,-103.92,-106.05,-110.63,-111.55,-109.41,-107.58,-110.32,-110.17,-106.81,-104.07,-102.85,-101.78,-101.32,-100.86,-99.185,-94.455,-90.945,-85.299,-79.958,-76.144,-73.397,-69.124,-67.141,-66.53,-65.157,-63.021,-61.342,-59.206,-59.053,-57.07,-54.933,-52.95,-52.797,-49.745,-46.846,-42.573,-40.437,-39.827,-40.437,-41.963,-42.116,-41.2,-38.606,-34.486,-32.96,-30.671,-28.687,-25.788,-23.194,-20.753,-19.379,-19.074,-16.633,-12.055,-8.5452,-5.0356,-1.8311,3.2044,5.9511,10.529,12.818,16.633,17.548,19.99,23.499,27.009,27.924,27.619,27.467,27.314,26.704,28.687,30.976,35.707,39.064,42.879,43.641,44.71,47.151,49.593,51.271,51.424,52.187,52.644,53.255,54.781,54.781,58.443,59.511,61.19,62.716,65.615,64.852,62.105,59.969,61.647,62.41,62.563,63.021,63.936,61.8,60.884,57.07,50.05,41.658,34.944,28.84,25.941,24.11,25.788,27.314,28.23,28.23,29.756,29.298,31.281,32.655,35.401,35.859,34.944,33.876,34.028,32.655,31.281,28.993,26.856,22.889,21.973,20.753,20.295,16.785,15.564,11.139,7.3244,3.2044,1.5259,-1.0681,-4.4252,-5.3407,-3.6622,-1.6785,-0,-1.3733,-3.357,-7.7822,-9.7659,-11.597,-12.665,-12.665,-15.412,-19.532,-22.889,-28.23,-32.807,-36.47,-38.301,-42.573,-45.778,-48.219,-46.846,-50.508,-52.187,-52.797,-53.102,-54.17,-53.407,-52.339,-50.356,-49.44,-47.609,-48.677,-45.93,-41.353,-35.554,-30.213,-24.11,-21.973,-20.753,-18.311,-14.801,-12.513,-10.376,-9.6133,-9.3081,-12.665,-14.344,-16.48,-15.259,-16.633,-17.548,-19.379,-19.99,-19.074,-16.175,-12.055,-9.4607,-8.3926,-8.24,-12.36,-16.48,-22.584,-26.246,-28.687,-29.603,-31.434,-32.35,-32.502,-31.739,-29.756,-26.399,-22.584,-18.311,-18.311,-16.48,-14.344,-9.1556,-6.7141,-6.5615,-7.0193,-8.3926,-9.003,-11.292,-16.48,-19.837,-21.21,-21.668,-24.262,-25.178,-26.093,-26.093,-28.382,-32.044,-35.096,-36.927,-38.301,-37.385,-35.554,-33.265,-32.96,-30.061,-30.671,-30.061,-31.129,-31.892,-33.57,-35.554,-37.08,-36.164,-32.807,-30.061,-27.924,-23.957,-20.447,-16.633,-13.428,-8.8504,-7.9348,-8.3926,-11.292,-11.75,-12.97,-14.801,-16.633,-17.09,-17.853,-19.227,-22.126,-26.704,-32.96,-35.859,-37.08,-35.859,-32.96,-27.467,-25.483,-24.415,-23.804,-24.415,-24.567,-23.804,-23.804,-20.295,-17.09,-13.581,-10.376,-4.12,1.6785,10.224,18.006,25.025,30.976,40.132,48.83,55.696,59.664,64.547,69.582,73.55,76.907,81.332,86.367,90.335,92.624,97.201,99.948,102.24,100.41,98.727,96.896,94.455,92.318,91.861,90.945,93.844,94.76,94.607,92.318,91.098,89.724,88.198,85.452,84.231,83.621,84.689,86.062,88.809,91.708,95.676,99.948,104.83,105.9,107.12,106.51,105.29,103.92,103,103.46,104.37,104.22,105.14,105.14,108.34,110.93,112.77,110.93,112,111.09,108.8,105.29,103.61,102.08,99.796,94.607,91.861,88.504,87.13,85.757,86.825,86.367,83.926,80.874,77.975,75.076,72.939,69.277,65.92,63.173,60.121,54.781,52.339,46.999,43.489,39.064,36.47,35.707,34.028,34.333,34.333,32.35,30.366,29.756,30.213,29.145,30.366,29.908,30.519,30.824,32.197,32.96,34.944,37.08,37.69,37.843,38.148,38.453,37.69,35.401,35.249,36.012,36.317,36.47,37.233,36.012,37.538,37.08,32.96,28.535,24.873,20.295,17.853,14.191,10.681,5.4933,0.76296,-4.4252,-5.1881,-5.9511,-5.7985,-7.7822,-11.139,-16.785,-22.126,-25.483,-27.467,-27.924,-25.33,-23.194,-19.227,-18.921,-15.87,-12.818,-9.4607,-5.4933,-0.76296,2.1363,6.5615,10.834,13.581,15.412,16.785,16.022,15.564,12.818,12.818,12.665,11.597,9.9185,6.4089,3.8148,1.2207,-3.2044,-8.3926,-14.801,-21.21,-28.23,-33.418,-37.69,-38.301,-41.81,-44.71,-47.151,-49.287,-50.05,-51.881,-52.339,-49.745,-47.304,-42.726,-38.301,-33.418,-30.976,-27.924,-29.145,-29.908,-30.366,-29.603,-27.467,-25.025,-20.753,-16.938,-13.428,-8.5452,-6.2563,-3.357,-1.8311,-0.15259,-0,-0,-0.15259,1.3733,-1.0681,-4.5778,-10.224,-17.396,-24.567,-28.382,-34.791,-40.284,-44.862,-47.914,-53.102,-57.985,-61.19,-62.563,-62.716,-60.274,-58.443,-55.238,-54.781,-53.102,-51.424,-48.524,-48.219,-45.167,-40.895,-35.554,-31.281,-23.804,-16.785,-9.6133,-3.357,5.0356,11.75,18.464,21.821,30.366,37.538,43.641,47.456,52.187,54.018,55.849,55.849,54.933,51.576,47.456,42.726,39.827,35.096,32.35,27.772,24.415,17.548,14.496,9.9185,5.9511,3.9674,1.6785,-1.9837,-4.5778,-9.6133,-14.344,-20.142,-21.516,-24.11,-24.567,-24.415,-20.905,-17.396,-15.87,-14.191,-11.597,-9.7659,-6.1037,-3.357,1.2207,1.0681,2.8993,3.357,6.2563,8.3926,10.376,10.834,10.224,7.6296,6.5615,5.6459,4.7304,1.8311,-0.76296,-5.6459,-7.0193,-10.224,-10.376,-10.987,-10.681,-10.987,-11.292,-11.902,-13.733,-17.243,-18.311,-20.447,-19.99,-21.21,-21.516,-23.194,-24.11,-24.11,-21.973,-22.126,-24.11,-27.161,-30.366,-34.028,-35.859,-39.369,-39.064,-39.369,-39.369,-40.895,-41.047,-42.116,-42.726,-43.336,-44.404,-46.693,-49.135,-52.339,-54.323,-61.495,-66.988,-72.024,-75.381,-79.196,-83.163,-85.757,-85.299,-85.147,-84.078,-82.858,-81.179,-79.501,-76.296,-74.465,-72.634,-71.718,-67.446,-65.31,-62.716,-59.969,-57.527,-55.391,-53.56,-52.797,-53.865,-56.459,-57.68,-59.664,-59.664,-59.206,-59.511,-60.732,-58.748,-55.849,-55.238,-55.849,-57.985,-59.358,-60.579,-60.121,-56.764,-56.154,-55.391,-55.238,-53.102,-49.44,-46.083,-44.862,-43.489,-41.047,-36.164,-31.129,-25.941,-23.194,-19.837,-15.717,-12.513,-10.987,-6.2563,-1.6785,5.0356,8.6978,12.207,16.327,20.905,25.178,27.924,27.924,28.077,25.941,27.467,27.772,31.129,33.265,37.996,41.353,43.947,46.083,48.83,51.118,54.018,56.764,60.579,63.021,66.378,67.293,69.582,69.124,69.43,67.751,67.141,66.378,63.478,60.121,58.138,54.018,50.203,47.151,46.846,43.489,41.047,37.385,36.622,35.249,35.249,36.317,38.148,37.843,37.233,32.807,28.382,24.11,23.347,21.21,21.516,20.753,20.447,19.837,19.227,17.396,16.327,17.396,20.295,23.041,27.467,29.603,32.96,35.707,39.369,41.505,45.015,48.067,49.593,51.881,53.56,53.865,56.307,57.833,59.358,60.579,63.478,65.615,68.209,68.972,68.667,65.767,61.495,57.833,55.696,51.576,48.982,45.625,45.32,44.099,44.71,44.252,44.71,45.93,49.287,52.644,55.696,58.443,60.274,60.274,60.427,59.053,61.037,61.19,61.037,59.969,60.732,59.969,59.664,58.901,57.68,56.459,55.696,53.713,52.187,50.661,50.966,49.287,51.424,52.339,55.086,58.138,62.716,65.767,70.345,73.702,76.754,76.296,76.601,76.907,79.958,81.637,83.926,83.926,86.673,86.978,88.046,87.13,87.893,88.351,87.588,86.367,87.893,87.588,89.267,89.572,92.013,94.15,96.896,98.27,99.643,99.796,102.69,103.15,107.73,110.17,112.61,112.92,115.97,118.56,122.53,123.14,124.36,124.67,126.04,126.5,126.5,125.58,126.8,128.64,132.6,133.52,134.59,133.82,135.04,135.96,137.49,138.86,141.15,141.91,141.76,141.45,141.15,141.76,144.66,144.35,144.35,142.67,142.83,139.16,136.57,133.52,130.47,125.58,122.38,117.19,112,104.68,99.338,93.997,88.961,81.332,75.991,69.582,65.92,60.884,56.307,54.323,51.881,48.219,45.32,42.573,41.963,38.453,36.317,31.434,28.687,24.72,24.11,21.668,19.227,19.227,19.99,20.142,19.837,18.616,20.142,19.074,19.837,19.684,18.311,14.954,12.055,8.3926,6.5615,6.2563,5.0356,3.5096,1.8311,-1.3733,-2.2889,-6.7141,-9.003,-12.055,-15.107,-20.6,-25.788,-30.824,-36.164,-40.132,-42.726,-44.252,-43.336,-40.742,-36.317,-36.775,-37.69,-40.437,-40.895,-41.658,-43.031,-45.015,-46.846,-49.898,-52.644,-53.407,-53.102,-53.713,-54.17,-56.612,-58.901,-64.547,-68.667,-72.787,-75.076,-75.228,-75.533,-77.822,-82.095,-86.825,-91.861,-95.218,-98.117,-100.1,-100.71,-101.78,-101.93,-103.76,-103.92,-104.83,-104.98,-106.51,-106.2,-106.81,-109.41,-113.22,-117.5,-122.68,-126.96,-131.23,-133.67,-138.71,-142.67,-144.66,-146.49,-147.56,-145.73,-142.67,-141.61,-143.44,-144.66,-147.56,-151.07,-153.2,-151.37,-148.32,-145.73,-143.28,-141.3,-137.79,-133.67,-130.77,-126.04,-121.92,-113.83,-105.9,-96.286,-91.403,-87.741,-86.367,-85.91,-85.299,-83.621,-80.721,-76.144,-73.397,-69.43,-67.141,-62.258,-59.206,-54.323,-50.356,-45.015,-39.979,-34.181,-30.671,-28.077,-25.636,-22.584,-22.431,-20.6,-21.058,-20.6,-21.058,-20.447,-21.058,-21.821,-22.736,-24.262,-24.567,-22.584,-22.736,-22.889,-24.873,-24.873,-25.178,-23.957,-25.483,-24.567,-23.652,-22.736,-24.415,-26.704,-30.824,-33.265,-34.333,-31.739,-30.366,-29.298,-32.197,-34.944,-39.064,-42.879,-46.999,-51.118,-53.56,-51.729,-49.898,-46.388,-43.794,-41.353,-41.353,-38.301,-36.927,-34.486,-32.807,-32.35,-32.807,-32.655,-30.213,-28.077,-28.23,-26.246,-25.178,-24.11,-26.093,-27.009,-28.687,-28.993,-28.077,-26.093,-25.483,-24.567,-22.584,-19.227,-16.938,-14.954,-14.039,-11.75,-9.7659,-6.8667,-5.6459,-4.7304,-3.9674,-1.5259,0.91556,2.8993,3.8148,5.9511,7.9348,11.139,8.3926,6.5615,4.4252,3.5096,2.4415,3.8148,6.1037,7.7822,9.7659,12.36,14.496,17.09,22.279,29.145,32.502,39.216,44.862,50.508,53.407,54.628,55.238,57.68,61.037,63.326,64.241,66.073,68.209,72.787,73.397,76.144,76.601,77.517,78.127,79.653,79.196,80.416,81.332,82.553,81.942,81.332,81.484,82.705,79.653,76.754,71.108,70.04,71.566,74.77,76.754,77.212,76.144,72.024,65.767,58.29,51.729,48.372,45.015,43.184,39.674,38.606,35.401,30.824,23.804,19.074,14.649,13.276,13.428,12.97,9.6133,5.6459,0.91556,-0.61037,-2.8993,-6.2563,-9.9185,-11.597,-15.717,-18.311,-18.159,-16.175,-13.733,-9.4607,-4.7304,-0,1.2207,2.8993,2.1363,1.2207,-1.9837,-3.357,-5.3407,-7.7822,-10.224,-10.071,-9.7659,-7.1718,-4.12,-0.76296,-0,1.8311,-0,-1.5259,-3.6622,-6.1037,-9.6133,-10.987,-13.123,-16.48,-18.769,-20.447,-23.194,-25.33,-27.161,-27.924,-31.129,-33.113,-35.401,-35.859,-37.538,-35.859,-32.807,-29.756,-26.704,-24.415,-25.025,-27.161,-30.671,-33.265,-38.453,-43.031,-46.236,-46.236,-44.71,-40.59,-39.674,-40.742,-43.031,-46.236,-48.219,-49.44,-53.407,-56.917,-60.121,-60.121,-60.121,-58.748,-60.121,-60.884,-63.173,-68.056,-74.16,-79.806,-84.841,-87.588,-88.961,-89.267,-89.267,-86.062,-83.316,-77.517,-73.244,-69.887,-68.056,-67.904,-68.361,-68.972,-69.582,-69.277,-68.056,-63.631,-59.511,-55.849,-54.018,-51.424,-50.356,-50.05,-49.44,-48.982,-49.287,-49.287,-49.44,-48.067,-46.083,-41.505,-39.064,-34.181,-33.265,-31.739,-30.671,-29.756,-30.671,-32.35,-34.333,-35.554,-38.453,-42.573,-48.372,-51.424,-52.95,-51.424,-47.151,-40.895,-37.843,-36.164,-37.538,-40.132,-41.353,-41.81,-42.573,-43.336,-43.031,-40.742,-41.81,-42.573,-43.184,-38.453,-35.859,-34.944,-35.249,-37.385,-36.317,-33.113,-29.603,-26.704,-26.704,-27.314,-29.45,-29.145,-31.587,-31.129,-31.281,-30.824,-31.434,-29.603,-27.924,-26.399,-25.178,-21.973,-21.21,-18.464,-16.938,-14.191,-11.902,-8.6978,-7.6296,-6.2563,-6.8667,-6.4089,-3.0519,1.3733,4.5778,7.3244,9.3081,11.292,11.292,11.75,10.376,10.834,8.8504,8.24,5.3407,2.8993,-0.15259,-4.4252,-7.6296,-9.4607,-11.75,-12.665,-11.75,-6.4089,-2.8993,1.3733,5.4933,9.1556,9.9185,11.597,15.259,20.295,24.415,29.145,32.655,36.164,36.317,35.859,32.807,30.824,27.467,25.33,20.447,18.006,16.48,15.717,16.327,18.616,20.753,25.178,29.45,33.57,34.944,36.47,37.69,41.353,43.794,46.541,47.304,47.914,49.898,52.492,53.713,53.56,51.729,53.407,52.95,52.95,51.424,51.118,48.677,47.609,44.862,42.573,40.437,40.132,40.895,42.726,44.71,46.388,44.557,46.541,48.677,53.865,58.596,64.394,68.819,73.702,77.975,81.179,83.468,86.825,91.25,94.302,94.302,93.692,92.166,92.318,89.724,89.267,89.877,91.098,92.471,93.539,92.929,92.929,91.861,92.624,90.487,89.724,87.283,86.367,81.484,76.144,68.514,61.342,53.407,47.304,44.404,45.167,45.473,46.083,44.71,47.304,51.881,56.307,61.495,70.956,78.89,84.994,89.267,92.013,94.15,97.812,98.27,99.185,99.49,104.37,105.29,107.27,108.19,108.19,104.68,102.08,101.32,99.948,99.796,99.643,97.049,97.507,95.981,94.607,91.25,89.724,85.299,82.247,80.416,79.958,78.89,77.67,75.838,73.55,69.43,67.141,63.631,60.427,54.628,47.609,40.59,37.385,34.028,31.587,30.976,30.976,28.077,24.11,21.21,22.126,19.837,18.311,15.107,12.818,11.139,10.224,7.1718,4.883,3.5096,3.2044,-0,-4.5778,-8.0874,-10.529,-14.801,-16.785,-19.684,-21.363,-25.788,-27.314,-27.009,-27.467,-27.772,-27.619,-30.061,-32.044,-32.044,-28.535,-25.483,-20.447,-16.48,-12.207,-11.292,-8.6978,-7.6296,-7.477,-8.6978,-9.3081,-12.207,-15.412,-19.379,-22.584,-28.382,-31.129,-32.044,-27.924,-25.178,-21.973,-19.684,-18.311,-17.243,-17.09,-17.701,-17.243,-21.363,-23.804,-25.788,-26.093,-26.551,-23.499,-24.415,-23.194,-22.279,-21.668,-17.853,-14.954,-16.48,-16.327,-16.327,-14.496,-15.87,-15.87,-14.039,-11.444,-11.444,-9.4607,-8.3926,-6.1037,-4.4252,-4.4252,-5.0356,-6.7141,-12.36,-14.191,-14.649,-11.75,-9.7659,-7.3244,-6.2563,-4.883,-5.3407,-5.3407,-4.5778,-6.2563,-8.5452,-9.6133,-14.039,-16.022,-19.379,-21.668,-23.652,-22.736,-23.194,-22.584,-19.532,-15.564,-13.733,-11.75,-9.1556,-6.1037,-5.0356,-3.0519,-3.6622,-2.2889,-1.0681,2.4415,5.9511,8.6978,10.376,11.597,10.681,8.6978,5.0356,1.5259,-5.0356,-11.597,-19.379,-22.584,-28.535,-32.35,-34.639,-35.554,-39.064,-40.132,-38.911,-36.927,-37.996,-37.843,-37.233,-35.096,-33.113,-30.366,-28.23,-25.178,-22.126,-17.396,-11.597,-6.5615,-2.1363,4.883,10.987,15.564,15.87,21.21,25.941,30.519,32.655,37.385,41.2,47.456,52.034,56.001,58.138,59.358,56.154,55.391,50.813,47.304,44.252,40.59,35.859,31.434,25.483,20.753,16.633,15.564,15.87,14.954,11.139,9.4607,5.6459,3.6622,-0.45778,-2.1363,-6.7141,-10.681,-13.428,-15.717,-19.837,-22.584,-24.567,-22.889,-24.415,-26.856,-30.213,-30.519,-32.502,-32.807,-32.502,-32.502,-34.028,-34.028,-36.317,-36.012,-35.249,-31.281,-28.535,-22.584,-17.701,-12.207,-10.071,-7.3244,-4.7304,-3.357,-3.2044,-0.30519,-0.61037,-1.6785,-4.4252,-5.6459,-9.7659,-12.97,-16.938,-20.905,-26.856,-29.298,-34.333,-38.606,-40.895,-38.911,-35.859,-31.434,-29.908,-29.145,-28.077,-27.314,-27.924,-26.093,-27.619,-28.077,-27.924,-27.161,-25.636,-21.363,-14.954,-9.7659,-4.5778,1.3733,3.2044,7.9348,11.444,14.191,15.87,19.227,21.668,25.025,28.077,30.976,33.57,35.554,32.655,32.197,29.45,27.924,24.72,22.736,20.6,16.175,9.7659,5.6459,2.1363,-1.8311,-6.8667,-10.071,-14.801,-16.175,-19.074,-22.279,-27.772,-31.281,-34.028,-36.317,-38.148,-40.742,-42.268,-41.505,-40.284,-37.538,-35.249,-33.876,-34.028,-33.418,-34.944,-32.655,-29.908,-28.23,-28.23,-25.788,-25.178,-23.957,-21.668,-17.701,-12.055,-3.357,0.91556,6.4089,10.071,11.444,10.681,12.665,16.633,21.973,26.246,30.213,34.791,41.047,44.252,46.083,43.641,41.353,37.538,35.096,30.824,29.603,27.924,28.23,28.535,27.619,25.178,22.584,19.532,20.905,22.279,24.415,25.636,31.129,35.401,41.2,44.557,47.456,46.541,44.862,42.726,40.437,37.69,35.859,32.35,32.807,32.197,31.434,29.756,27.467,25.178,26.246,26.093,27.619,30.213,33.418,33.57,35.859,37.843,38.606,36.012,36.775,35.554,33.265,29.603,26.399,22.584,18.464,13.886,10.681,6.2563,3.9674,-0.45778,-3.8148,-9.7659,-13.581,-18.616,-21.363,-22.584,-21.973,-19.837,-15.412,-13.886,-14.649,-18.311,-18.921,-19.227,-17.548,-19.074,-19.074,-19.227,-18.311,-16.633,-13.123,-9.6133,-6.1037,-3.8148,-0.45778,2.2889,7.6296,11.75,16.022,15.87,15.107,13.886,12.97,10.529,8.3926,4.883,2.7467,-0.76296,-1.6785,-4.4252,-5.6459,-8.24,-7.6296,-8.6978,-7.3244,-5.4933,-3.8148,-1.3733,1.5259,3.9674,7.9348,9.003,11.597,12.818,16.175,16.175,16.633,15.564,15.717,16.175,16.48,13.733,13.428,14.954,16.785,15.259,14.496,11.75,12.055,10.987,11.139,10.987,11.597,11.597,14.801,15.717,18.464,21.21,26.856,29.298,32.96,33.418,34.333,32.502,30.976,27.619,25.483,23.957,26.399,30.976,37.843,40.59,43.031,41.047,39.979,34.944,32.044,27.467,25.025,21.058,17.701,13.123,8.8504,3.2044,0.30519,-2.8993,-3.2044,-4.2726,-2.7467,-3.0519,-3.9674,-8.5452,-12.36,-15.564,-17.548,-21.058,-23.652,-25.636,-27.009,-27.924,-25.33,-22.889,-18.006,-15.107,-11.75,-11.292,-10.987,-11.292,-10.681,-7.6296,-5.1881,-3.2044,0.91556,4.5778,8.24,7.9348,8.5452,8.6978,7.9348,6.8667,7.477,8.3926,11.597,12.665,14.039,12.207,12.97,14.801,18.769,18.921,21.668,21.363,20.905,17.548,16.327,16.785,17.243,17.09,18.311,17.243,18.006,16.022,14.649,13.733,15.87,18.464,16.48,13.428,11.444,8.8504,4.883,0.76296,-0.76296,-4.2726,-6.1037,-8.24,-6.4089,-7.0193,-7.9348,-11.139,-12.513,-12.665,-10.987,-15.87,-19.227,-21.058,-22.126,-24.72,-24.262,-24.873,-23.041,-21.973,-18.616,-18.159,-17.548,-16.785,-12.818,-10.987,-7.7822,-7.1718,-3.357,-1.6785,-0.91556,-1.2207,1.0681,3.5096,5.0356,3.8148,3.6622,3.357,5.9511,7.1718,8.5452,6.2563,4.4252,1.8311,1.0681,-0,-0.76296,-2.8993,-7.6296,-12.97,-16.175,-19.227,-18.159,-18.464,-15.564,-14.344,-14.496,-18.464,-18.006,-16.633,-15.717,-14.649,-12.665,-13.428,-13.581,-13.123,-10.376,-5.4933,0.61037,2.4415,5.7985,9.003,14.191,16.022,16.938,15.259,13.123,13.428,17.853,22.279,26.093,29.45,33.723,35.859,39.827,42.116,44.099,43.184,44.71,45.473,45.167,42.116,43.184,45.473,48.524,50.356,52.95,52.644,54.476,56.001,62.41,66.378,71.261,74.77,77.822,79.806,82.095,85.147,87.436,88.809,92.471,93.539,98.117,102.08,105.75,108.8,112.92,118.41,121.46,122.38,123.75,124.36,125.89,126.35,128.18,129.25,131.08,131.38,130.47,130.16,129.09,129.55,130.77,132.91,132.6,131.38,132.76,132.91,131.08,130.77,132.45,133.06,133.37,134.13,135.65,137.03,138.1,140.08,141.45,144.05,148.47,149.54,151.68,154.58,159.92,160.68,161.9,163.43,164.65,165.11,164.8,163.58,168.16,172.28,172.89,173.19,176.24,175.33,173.65,170.14,169.68,173.5,178.08,175.79,172.89,170.14,166.02,162.82,162.21,159.76,160.99,159.31,157.02,155.64,156.1,154.42,152.9,151.22,149.54,146.64,144.05,140.08,135.35,129.7,128.94,126.19,123.6,120.24,120.4,119.79,116.89,114.44,112.61,110.93,108.49,106.05,103.61,99.49,97.354,92.471,90.335,87.741,86.215,83.01,81.332,81.332,80.874,80.569,79.806,78.89,81.637,80.416,80.416,79.958,82.705,83.926,85.452,85.147,86.52,87.283,86.978,85.299,83.621,80.111,82.858,83.01,82.705,80.569,78.28,77.364,79.196,77.364,75.228,71.108,66.988,62.258,59.816,57.68,57.527,55.696,55.086,51.424,51.118,48.677,48.067,49.287,50.966,50.966,50.966,51.118,51.271,50.661,52.339,51.271,51.424,52.339,55.849,57.985,60.274,61.037,61.647,63.478,66.378,68.819,71.108,73.702,78.28,80.111,85.757,89.877,93.997,96.744,101.02,103.46,107.43,111.09,113.53,116.73,119.94,121.46,123.91,122.23,121.77,119.48,117.95,114.14,112.31,110.63,110.32,108.95,107.43,106.36,106.51,105.59,108.65,110.63,113.07,113.38,115.21,115.36,114.6,113.83,113.68,113.38,114.14,114.29,117.34,118.41,120.09,121.31,124.21,126.04,126.8,126.96,127.41,128.33,129.7,129.86,130.77,130.16,130.92,130.77,130.92,130.47,131.53,131.23,131.53,131.23,130.31,128.94,128.33,127.57,127.57,127.41,127.72,126.35,125.74,122.68,123.29,124.67,125.43,124.52,124.97,124.97,124.82,126.04,126.96,126.04,127.72,127.41,128.94,128.03,126.5,125.13,124.36,121.16,116.73,112.77,110.17,107.88,105.44,103.92,104.07,102.08,99.49,93.692,88.046,82.247,78.28,73.855,68.972,64.089,58.901,52.95,49.593,46.693,44.252,39.064,33.265,24.415,17.396,12.207,7.477,2.1363,-0.91556,-4.12,-7.7822,-12.055,-13.428,-16.633,-17.701,-19.532,-19.532,-20.295,-19.684,-18.769,-17.853,-17.853,-18.159,-21.21,-23.499,-26.551,-29.145,-33.418,-34.486,-35.859,-35.249,-34.791,-32.807,-31.281,-30.976,-32.96,-33.57,-35.859,-37.385,-39.979,-40.742,-44.099,-45.32,-48.372,-52.492,-58.138,-63.936,-70.956,-76.296,-79.958,-81.484,-82.553,-84.078,-86.062,-87.13,-87.741,-86.825,-87.893,-88.504,-89.114,-87.741,-86.825,-88.198,-88.961,-90.487,-91.708,-93.539,-95.828,-97.812,-102.08,-103.15,-106.36,-108.04,-112.92,-116.28,-119.63,-122.53,-125.89,-128.94,-132.15,-135.65,-139.93,-141.45,-143.28,-142.67,-143.89,-142.98,-144.66,-144.66,-144.81,-145.57,-146.95,-149.24,-152.75,-155.64,-156.71,-157.48,-160.99,-163.73,-168.46,-170.75,-175.33,-179.14,-182.81,-185.71,-188.91,-192.88,-196.23,-199.44,-203.1,-203.41,-204.63,-204.93,-207.07,-206.76,-207.68,-207.98,-209.51,-209.66,-209.36,-209.2,-209.51,-208.9,-208.9,-207.37,-207.53,-205.54,-206.31,-206.61,-209.81,-211.65,-213.02,-213.93,-214.85,-213.93,-214.39,-213.78,-214.7,-214.7,-211.65,-206.61,-205.54,-202.95,-201.42,-200.51,-200.35,-198.52,-196.08,-194.1,-193.79,-195.17,-195.17,-194.56,-194.4,-192.42,-192.11,-191.5,-191.81,-191.05,-191.81,-194.56,-197.3,-200.35,-203.41,-202.95,-201.27,-199.29,-196.84,-192.88,-189.37,-186.32,-183.26,-179.3,-176.55,-174.57,-172.89,-170.9,-169.68,-170.29,-171.67,-170.75,-173.65,-175.48,-175.94,-175.48,-177.16,-180.21,-184.18,-185.86,-185.25,-186.77,-187.69,-187.08,-187.23,-186.32,-186.16,-182.65,-179.91,-174.72,-170.14,-164.65,-161.6,-158.85,-157.32,-153.36,-145.12,-138.71,-133.21,-126.96,-120.24,-111.85,-108.65,-106.66,-106.97,-104.83,-101.17,-93.081,-85.91,-80.874,-76.907,-74.313,-73.092,-68.514,-67.446,-66.225,-66.988,-67.141,-69.43,-69.582,-68.209,-68.209,-69.887,-70.345,-68.819,-69.735,-72.787,-71.261,-69.43,-68.056,-68.972,-69.887,-68.972,-65.462,-63.631,-62.258,-64.852,-65.92,-66.683,-64.852,-62.41,-59.053,-54.17,-51.118,-52.187,-51.729,-54.17,-58.748,-62.258,-64.699,-67.141,-68.056,-69.735,-67.293,-65.615,-61.495,-60.732,-59.053,-59.053,-59.053,-60.732,-61.342,-61.8,-63.478,-65.767,-66.53,-66.988,-66.378,-68.514,-65.004,-61.342,-57.68,-57.375,-56.764,-58.138,-60.427,-62.105,-62.716,-63.478,-63.326,-62.563,-59.511,-56.001,-51.118,-50.05,-49.593,-50.813,-48.83,-47.304,-45.32,-41.81,-38.301,-37.385,-35.707,-34.333,-31.739,-29.298,-24.11,-23.499,-22.584,-18.616,-12.97,-7.9348,-4.12,-3.2044,-0.91556,2.8993,6.5615,7.1718,8.5452,9.003,13.733,17.243,18.921,18.769,19.532,19.074,19.99,19.379,18.464,14.801,16.022,19.837,24.72,27.924,29.756,31.892,32.96,31.434,28.993,28.23,29.45,32.044,35.554,34.944,35.554,35.249,36.164,34.486,37.08,38.759,39.979,40.895,42.726,42.421,41.047,38.301,33.113,26.856,22.584,17.853,14.801,9.7659,6.7141,4.12,3.9674,4.4252,8.0874,9.7659,9.7659,8.6978,5.7985,-0,-1.0681,-0.61037,7.3244,9.6133,8.3926,7.477,7.477,7.477,10.224,11.597,11.597,10.224,10.987,11.139,14.496,19.074,21.516,21.668,20.753,19.379,18.616,18.006,15.87,13.276,14.496,13.276,12.818,9.4607,5.7985,2.5941,1.8311,3.0519,6.2563,9.1556,11.292,10.834,11.139,11.139,13.581,13.581,13.276,11.75,12.055,9.9185,11.75,14.344,16.175,15.107,13.123,11.902,14.191,16.327,18.006,18.311,21.973,20.447,16.175,12.97,11.902,7.477,2.7467,2.2889,6.7141,10.224,13.581,13.581,15.412,14.496,14.344,11.75,11.139,10.376,9.4607,11.75,18.616,25.025,29.908,29.908,32.502,32.807,34.791,37.08,42.879,48.219,50.203,50.05,49.287,50.356,51.271,46.846,49.898,56.307,54.17,48.372,45.778,42.116,38.606,32.044,25.941,18.616,13.733,6.7141,2.1363,-2.8993,-7.477,-15.259,-18.464,-23.041,-24.567,-22.584,-23.347,-26.551,-30.061,-31.129,-23.347,-14.954,-6.4089,-2.8993,0.61037,1.8311,4.4252,7.1718,15.717,19.532,21.973,24.72,29.908,36.47,42.268,46.083,50.508,52.492,53.102,51.424,54.17,53.56,49.593,45.32,46.693,47.456,39.979,31.739,29.298,26.399,21.821,13.428,10.529,10.681,14.496,13.886,10.987,13.581,15.87,16.785,20.447,23.194,24.11,22.431,21.973,24.11,28.993,30.671,32.197,37.08,43.336,48.982,56.307,60.121,59.969,59.664,63.173,64.852,66.988,62.563,63.021,68.361,66.836,60.427,54.781,50.813,45.625,36.622,28.382,20.905,11.444,4.12,2.7467,-3.0519,-5.3407,-5.1881,-6.4089,-9.1556,-9.003,-12.818,-14.954,-16.938,-10.529,-5.6459,-1.3733,-2.2889,-2.8993,-2.8993,-0.91556,-0.30519,6.1037,13.581,18.921,23.499,29.756,32.807,34.486,34.486,33.876,29.908,26.704,27.619,26.093,21.516,14.801,10.529,9.9185,1.0681,-7.7822,-10.681,-10.987,-15.107,-20.295,-27.772,-33.876,-41.505,-47.609,-52.034,-49.898,-52.187,-56.001,-61.19,-64.852,-72.481,-73.55,-72.329,-68.361,-66.378,-64.394,-64.699,-63.326,-59.053,-54.628,-51.271,-48.83,-44.557,-35.554,-30.671,-30.519,-29.145,-26.093,-22.431,-16.327,-13.733,-10.376,-5.7985,-0.76296,-0.45778,-3.5096,-7.6296,-13.123,-22.584,-27.009,-34.944,-42.268,-49.135,-50.661,-56.917,-62.716,-65.004,-70.04,-76.296,-79.653,-85.452,-88.809,-94.607,-97.812,-103,-112.92,-116.58,-113.07,-118.87,-122.84,-121.31,-117.65,-116.12,-113.99,-111.7,-107.58,-105.59,-105.75,-108.04,-104.37,-101.17,-97.201,-97.812,-95.676,-93.997,-91.708,-86.367,-80.874,-80.569,-78.738,-80.264,-82.705,-86.978,-89.724,-95.065,-95.523,-94.76,-95.828,-102.54,-105.14,-107.27,-112,-118.26,-121.77,-124.36,-126.04,-133.06,-138.71,-138.86,-133.98,-133.82,-139.62,-144.35,-146.34,-145.57,-143.74,-143.74,-142.37,-136.57,-133.98,-132.76,-129.25,-128.03,-128.33,-127.72,-125.89,-121.92,-115.36,-105.75,-92.776,-88.961,-85.452,-81.332,-75.838,-70.65,-67.446,-66.683,-65.615,-64.089,-57.375,-54.628,-54.781,-54.933,-56.764,-57.68,-61.037,-65.615,-61.342,-59.206,-57.527,-57.527,-55.238,-52.339,-50.356,-48.524,-46.083,-43.794,-43.031,-45.625,-49.898,-50.966,-48.982,-52.644,-57.833,-59.511,-56.001,-52.644,-46.083,-38.453,-37.69,-41.505,-46.083,-52.187,-59.969,-68.972,-70.956,-70.65,-67.904,-71.261,-69.735,-66.836,-66.683,-68.056,-61.342,-49.287,-42.116,-40.132,-35.859,-33.113,-29.45,-23.499,-17.548,-11.902,-1.9837,5.1881,10.376,17.09,23.347,30.061,33.876,35.249,33.57,29.145,29.145,25.636,22.431,21.668,22.736,24.873,25.483,29.145,35.707,41.658,48.677,53.713,60.884,68.514,73.244,74.16,76.449,77.212,76.601,72.634,65.31,59.053,61.342,58.443,53.255,50.508,49.898,49.135,49.745,47.151,47.914,51.118,50.05,51.881,52.797,45.778,42.573,39.369,35.554,36.775,40.895,36.622,34.639,32.655,31.587,31.281,29.756,31.434,37.843,39.827,40.895,42.573,42.268,39.064,37.385,35.096,34.486,34.944,39.064,40.742,41.047,40.437,39.979,34.944,32.35,37.538,40.742,39.521,41.047,43.794,51.271,55.391,59.511,64.394,70.345,75.838,78.738,77.517,80.569,86.215,88.656,91.403,92.776,91.556,92.013,94.302,96.896,94.15,92.776,91.098,92.624,92.318,94.455,92.624,89.724,89.877,85.147,75.228,66.988,54.933,50.966,47.456,45.778,42.116,41.2,37.385,32.655,31.587,34.333,32.655,27.314,19.837,16.022,13.581,10.987,5.3407,3.5096,8.5452,13.123,12.207,14.496,15.107,13.276,7.9348,8.0874,7.9348,11.902,13.276,13.886,16.022,17.243,15.107,13.886,15.717,21.21,25.178,30.213,38.759,47.151,48.067,52.034,50.508,54.17,53.865,54.933,60.732,65.92,65.767,66.683,66.225,65.767,62.258,59.206,56.459,61.037,62.258,59.511,53.407,49.745,49.287,49.593,44.862,43.489,37.538,32.807,29.45,29.298,26.856,27.924,25.636,23.194,19.99,19.532,22.279,22.126,19.532,23.041,23.804,23.347,20.6,20.447,22.431,28.993,33.265,35.401,39.216,43.489,43.947,45.778,45.625,48.677,50.508,52.187,49.287,49.745,54.476,53.255,51.424,58.901,64.547,65.31,65.767,67.751,65.767,63.021,60.884,62.716,63.784,62.716,57.985,56.764,56.764,57.68,53.255,48.219,46.083,44.557,43.794,42.116,38.301,36.317,31.739,31.129,30.519,32.35,32.502,34.639,35.707,35.401,34.486,34.639,34.944,36.927,37.538,41.505,45.32,48.219,43.947,40.742,38.148,38.453,34.181,29.908,26.856,29.756,25.941,23.957,20.6,17.548,18.159,18.311,15.564,12.818,11.444,10.224,8.3926,5.7985,2.7467,-3.2044,-8.3926,-10.834,-13.733,-12.513,-13.276,-17.243,-19.532,-18.006,-16.327,-15.564,-18.311,-22.736,-24.415,-22.889,-21.973,-20.142,-17.243,-9.1556,-6.5615,-7.477,-8.24,-9.4607,-7.6296,-5.0356,-0.76296,2.1363,1.8311,3.6622,6.5615,12.665,11.902,11.597,18.159,23.804,21.363,20.753,20.905,19.684,13.581,15.717,17.396,17.548,14.039,9.1556,5.1881,4.12,4.2726,4.12,4.2726,5.0356,3.0519,8.24,14.801,15.717,15.564,21.21,27.772,34.639,41.81,47.914,53.407,58.901,64.394,66.073,68.972,75.228,76.144,74.618,72.024,70.345,64.241,59.816,61.19,58.443,48.219,41.2,38.148,37.385,33.876,29.603,23.041,17.853,13.581,9.6133,9.4607,13.123,17.853,23.347,24.567,28.687,28.382,32.502,38.606,41.963,41.2,44.862,49.898,55.696,61.495,70.345,76.449,84.078,89.572,93.539,97.507,102.08,102.85,100.1,96.896,93.997,93.692,94.607,90.945,88.198,80.264,78.433,72.787,67.141,63.784,59.664,52.034,48.524,45.778,43.794,46.693,48.982,49.898,51.881,51.271,48.677,47.151,46.999,50.05,57.222,59.206,62.41,62.716,64.241,64.089,69.43,74.77,80.416,80.721,81.179,83.163,84.841,83.773,80.264,76.449,72.634,65.615,62.868,59.206,54.17,45.625,39.979,32.35,25.636,19.684,12.665,5.6459,1.0681,-1.6785,-3.8148,-6.8667,-12.055,-18.311,-21.516,-27.772,-33.723,-37.996,-42.726,-44.557,-46.999,-50.966,-54.323,-53.255,-53.407,-54.476,-52.187,-47.609,-44.557,-46.388,-47.151,-43.947,-40.437,-35.249,-31.739,-27.772,-16.633,-3.9674,1.6785,1.9837,5.4933,15.717,25.025,31.587,38.453,42.268,45.473,47.456,51.118,50.356,50.508,49.898,48.982,44.862,45.93,44.252,42.116,38.453,33.723,34.181,37.69,37.385,35.554,32.655,31.129,27.009,25.788,22.889,19.837,17.09,18.006,16.175,14.649,16.327,13.428,8.3926,5.1881,1.0681,-1.3733,-3.357,-3.8148,-6.2563,-9.1556,-10.376,-8.24,-9.3081,-12.513,-16.938,-22.126,-23.957,-21.668,-24.567,-29.603,-36.317,-40.59,-48.372,-53.255,-60.427,-69.277,-75.228,-80.264,-82.553,-84.078,-90.945,-95.218,-99.643,-102.54,-108.49,-112.92,-120.24,-123.75,-127.26,-130.16,-132.45,-134.74,-136.42,-136.42,-135.65,-135.5,-138.86,-141.61,-143.89,-142.06,-145.88,-146.49,-146.95,-146.64,-146.34,-143.89,-142.52,-141.3,-142.52,-145.88,-152.75,-153.51,-151.07,-147.4,-147.25,-145.42,-144.81,-142.37,-141.61,-141.91,-142.52,-140.39,-135.2,-133.82,-133.37,-133.21,-133.06,-130.16,-129.86,-129.86,-128.64,-127.11,-130.16,-135.96,-135.96,-135.04,-137.64,-141.91,-144.96,-143.89,-144.81,-146.49,-151.68,-154.58,-156.87,-161.29,-163.58,-164.8,-168.46,-169.84,-171.82,-173.19,-177.77,-180.36,-181.89,-184.79,-188.76,-187.69,-188.45,-191.05,-195.32,-201.73,-209.36,-214.7,-218.05,-221.11,-225.07,-229.04,-235.91,-239.72,-240.64,-239.88,-242.01,-244.15,-241.86,-242.77,-245.98,-246.44,-248.73,-246.59,-244,-243.08,-246.59,-245.98,-245.83,-244.45,-241.25,-237.13,-235.91,-234.69,-233.62,-233.16,-236.37,-238.04,-239.11,-242.16,-241.86,-239.42,-244.76,-252.08,-253.91,-248.27,-249.03,-256.36,-261.54,-266.27,-267.65,-269.02,-269.48,-269.17,-269.17,-265.97,-264.14,-267.49,-270.24,-272.68,-271.77,-273.75,-279.55,-281.08,-280.47,-278.94,-279.4,-281.38,-283.36,-283.06,-284.28,-286.72,-289.16,-293.28,-295.27,-295.88,-295.72,-295.42,-297.1,-298.47,-300,-293.74,-290.54,-289.01,-290.38,-290.84,-290.69,-288.86,-286.11,-283.67,-284.43,-282.45,-280.92,-277.11,-276.8,-272.38,-265.66,-263.83,-262,-256.81,-254.68,-254.68,-253,-245.83,-240.03,-235.15,-231.94,-231.03,-229.5,-226.91,-218.67,-212.87,-213.93,-209.97,-206.15,-203.41,-202.8,-200.51,-199.29,-197.45,-196.23,-192.27,-186.93,-183.57,-179.75,-174.26,-169.84,-161.9,-153.97,-148.93,-145.12,-140.39,-137.94,-135.5,-129.55,-122.07,-114.44,-107.12,-99.49,-93.234,-88.198,-86.52,-81.332,-68.514,-64.852,-63.784,-61.8,-58.443,-53.102,-46.846,-41.658,-35.096,-29.603,-22.279,-15.564,-9.7659,-5.3407,-0,6.1037,13.123,15.717,16.633,20.142,25.788,32.044,37.996,40.284,43.641,46.541,49.44,52.034,56.612,62.258,64.241,66.53,69.735,69.582,71.413,69.887,66.988,65.462,68.209,71.718,75.838,77.212,75.838,75.533,77.212,77.364,80.264,84.384,86.978,86.825,89.877,92.166,95.676,97.507,99.338,102.39,106.51,109.87,113.99,117.5,120.24,117.5,117.8,117.95,120.4,121.31,125.13,130.77,137.79,143.13,146.18,149.85,152.44,151.22,150.46,148.93,148.63,148.17,148.78,148.63,150.15,149.54,148.17,146.79,148.63,148.93,151.07,151.07,151.98,150.46,149.69,149.69,148.78,147.71,148.32,148.47,147.25,144.51,142.98,138.4,134.89,132.3,133.37,131.23,130.31,126.65,122.99,120.7,120.55,120.09,123.14,124.82,125.74,124.97,127.87,129.4,133.98,136.11,138.71,139.62,140.23,137.64,135.81,135.35,135.2,131.84,130.62,128.48,127.57,124.67,122.99,120.24,118.41,117.34,116.73,117.95,121.77,116.58,120.55,122.99,123.75,124.06,121.77,121.77,124.36,123.6,127.87,132.45,137.94,141.15,146.18,149.39,154.58,158.09,162.05,164.8,168.16,170.45,171.36,171.36,171.36,171.36,173.96,175.48,181.89,181.13,175.94,169.53,164.34,158.39,153.81,149.85,146.03,141.3,138.86,131.69,122.84,113.83,112.16,112.46,113.68,108.95,101.17,92.318,86.52,79.958,73.855,63.478,57.222,53.56,49.287,42.726,39.827,34.181,28.993,27.161,26.856,26.856,27.314,27.772,30.671,33.723,39.064,43.031,47.151,47.456,48.982,46.541,43.794,42.573,45.473,48.219,52.339,52.95,55.544,58.29,65.157,70.04,75.686,78.28,82.705,89.267,93.997,93.234,92.013,91.25,90.64,88.656,85.452,79.348,75.228,69.735,65.462,61.037,58.138,56.612,55.086,53.865,55.391,57.527,61.037,63.173,66.225,66.073,65.004,63.326,63.173,58.748,56.154,55.544,56.612,54.781,51.881,50.508,45.778,41.047,39.979,33.57,25.483,14.496,10.071,3.357,-4.7304,-11.597,-16.785,-24.262,-32.807,-41.505,-46.999,-54.628,-60.884,-67.446,-69.887,-70.65,-73.244,-78.127,-82.4,-86.978,-91.098,-94.302,-99.033,-106.36,-113.83,-117.5,-119.17,-124.67,-131.99,-143.59,-154.42,-160.37,-161.6,-168,-175.94,-183.11,-187.38,-191.2,-193.95,-198.83,-199.59,-198.22,-198.37,-200.35,-201.27,-205.24,-207.22,-205.39,-204.47,-205.85,-207.83,-210.88,-210.43,-212.26,-215.31,-217.9,-218.67,-218.67,-219.43,-221.11,-222.48,-223.4,-225.53,-223.09,-221.11,-221.56,-221.72,-224.16,-224.31,-224.16,-222.94,-223.4,-224.92,-225.99,-223.7,-221.56,-219.58,-217.14,-210.43,-205.08,-203.25,-202.64,-202.03,-201.88,-197.76,-193.18,-191.05,-188.6,-187.69,-185.86,-179.45,-175.94,-175.33,-177.92,-180.97,-184.48,-186.47,-187.69,-185.25,-184.33,-185.55,-184.18,-182.5,-183.11,-178.69,-172.89,-168,-165.56,-164.49,-163.27,-158.85,-156.1,-160.22,-162.82,-164.8,-163.73,-159.76,-159.15,-162.66,-166.78,-164.8,-161.29,-161.75,-166.63,-167.39,-168.77,-170.14,-169.07,-170.14,-173.5,-174.72,-173.65,-170.9,-165.87,-158.7,-154.12,-150.46,-150.76,-148.78,-144.66,-143.74,-143.28,-141.61,-137.79,-134.59,-133.82,-131.84,-129.25,-127.11,-126.96,-124.52,-123.14,-120.24,-114.75,-109.26,-105.59,-102.69,-102.85,-96.744,-95.523,-95.37,-98.117,-101.02,-102.54,-108.04,-114.75,-120.09,-124.82,-127.57,-131.53,-135.81,-140.23,-140.84,-141.91,-143.13,-147.4,-152.29,-155.64,-153.36,-153.36,-155.03,-153.2,-148.78,-147.56,-147.1,-146.03,-139.62,-134.43,-131.38,-129.55,-128.33,-120.24,-117.34,-121.31,-124.82,-125.58,-127.57,-131.23,-131.38,-129.7,-124.21,-119.94,-114.9,-112.31,-107.58,-104.37,-102.54,-99.033,-97.812,-98.575,-97.354,-96.896,-97.507,-99.338,-96.286,-95.828,-98.27,-101.63,-101.17,-97.659,-94.302,-92.929,-91.556,-88.504,-82.095,-83.01,-84.689,-83.621,-84.384,-83.01,-82.858,-81.79,-79.196,-79.501,-80.874,-82.095,-81.942,-85.757,-90.182,-90.487,-86.367,-82.4,-80.264,-76.754,-77.212,-83.926,-84.841,-86.215,-84.841,-84.841,-82.553,-79.501,-77.059,-75.076,-75.686,-78.585,-80.874,-79.196,-75.991,-74.77,-73.397,-73.397,-71.413,-68.972,-65.92,-62.563,-60.121,-61.19,-61.8,-58.748,-53.102,-53.407,-54.323,-50.356,-41.353,-40.59,-37.233,-33.265,-28.077,-24.11,-19.074,-16.938,-14.496,-16.633,-13.733,-5.7985,-7.0193,-7.477,-3.6622,0.91556,1.9837,6.4089,14.801,19.379,20.142,28.23,38.759,42.421,46.693,50.203,54.323,56.307,63.173,70.345,73.397,76.601,80.264,84.536,88.809,87.741,89.114,89.724,92.318,92.471,96.744,97.964,100.56,101.93,97.354,97.201,103,102.39,102.39,101.63,105.14,109.87,113.53,119.79,123.14,122.68,122.68,125.28,128.03,131.08,133.98,133.52,133.21,130.47,128.18,125.89,123.91,123.45,127.72,130.92,132.15,138.86,144.81,147.25,152.75,157.17,159.61,159.15,164.8,169.07,167.7,164.19,163.12,159.92,159.46,161.44,162.51,160.07,160.83,157.48,154.27,155.49,160.07,159.15,159.76,160.83,162.05,162.82,161.14,158.85,160.07,157.48,155.49,153.2,151.68,144.05,138.25,136.42,137.33,145.42,152.29,155.8,165.26,169.84,172.28,173.96,180.97,188.45,190.89,191.66,197.61,202.49,205.69,207.68,211.19,219.12,229.8,234.38,236.21,238.5,243.23,247.35,253.61,255.29,256.51,260.78,265.66,267.04,264.29,258.49,257.27,256.36,254.68,254.98,259.1,256.36,252.54,248.73,247.05,242.32,240.49,241.55,244.61,245.67,241.71,236.37,236.21,237.59,243.39,248.57,254.52,257.27,260.02,262.61,267.95,270.24,268.87,266.73,269.78,273.14,273.6,269.63,268.11,265.05,264.75,265.21,263.68,265.05,269.78,272.38,272.53,271.16,270.7,272.99,275.73,276.65,279.09,278.18,280.47,279.55,274.67,269.78,265.66,261.54,259.25,260.63,263.68,259.87,254.68,252.39,250.1,241.71,235.45,233.16,230.26,222.94,218.36,213.63,204.32,196.69,190.44,184.94,183.11,179.45,168.77,155.34,149.39,144.05,138.25,130.31,122.38,111.24,104.68,100.1,95.828,90.793,88.351,75.533,61.037,50.203,44.404,32.807,18.921,6.8667,-7.7822,-25.636,-39.979,-55.391,-68.819,-84.689,-96.744,-108.65,-118.87,-124.67,-131.08,-138.86,-143.28,-148.47,-150,-154.73,-162.05,-166.17,-162.21,-164.19,-166.63,-166.63,-166.33,-169.07,-170.29,-172.28,-170.14,-165.11,-161.9,-163.88,-166.94,-170.75,-175.48,-180.97,-181.59,-177.31,-170.9,-170.45,-172.58,-178.69,-181.74,-185.09,-187.99,-189.37,-191.05,-189.21,-186.01,-188.45,-190.89,-185.86,-182.04,-180.52,-178.38,-174.72,-169.23,-165.72,-164.65,-165.87,-169.07,-170.6,-167.09,-166.94,-170.45,-175.02,-171.67,-167.24,-162.36,-155.8,-150.15,-150.61,-152.13,-153.66,-151.98,-152.9,-151.98,-148.93,-147.56,-147.56,-143.59,-136.27,-128.64,-122.84,-120.09,-118.56,-118.72,-113.68,-103.31,-97.201,-91.403,-84.231,-80.569,-74.77,-65.767,-61.647,-56.459,-50.508,-46.846,-44.404,-44.404,-45.625,-42.573,-39.827,-36.164,-37.996,-41.2,-39.216,-36.317,-35.096,-33.418,-31.587,-30.213,-27.924,-22.279,-21.821,-18.616,-15.107,-11.597,-10.987,-9.1556,-6.5615,-6.2563,-9.7659,-5.1881,-5.6459,-6.8667,-9.7659,-8.8504,-5.9511,-3.8148,-4.2726,-0.91556,3.2044,7.7822,11.75,17.396,20.753,32.044,39.369,44.404,47.761,50.356,51.881,54.323,55.849,61.495,64.699,70.345,74.618,78.738,83.163,86.215,87.588,90.03,89.724,89.572,91.403,96.438,97.049,97.507,95.065,100.86,106.97,109.1,110.48,114.9,121.16,124.36,121.92,119.63,118.56,121.46,119.33,120.85,124.21,124.67,123.29,127.57,132.76,133.06,132.3,135.2,137.49,141.15,144.35,150.91,153.81,154.58,152.75,153.81,155.03,160.68,164.49,169.38,172.43,176.55,180.67,185.86,187.69,191.66,192.57,196.54,199.29,201.27,200.66,201.73,202.34,204.02,205.08,210.27,216.38,218.51,221.87,224.62,222.33,221.87,221.87,218.51,216.38,213.63,206.46,203.1,198.52,197.61,198.22,200.66,201.57,203.86,204.78,203.86,202.95,204.47,201.12,196.23,190.44,186.93,181.28,177.01,169.53,166.78,165.26,164.8,162.82,159.92,156.56,156.41,155.34,154.27,148.78,144.51,139.01,134.43,130.92,130.92,131.23,129.09,128.64,126.96,122.38,120.09,114.44,111.85,107.12,105.9,100.56,93.539,84.994,82.247,80.416,79.806,78.433,74.007,66.225,63.478,57.833,52.034,45.015,41.963,39.216,38.148,40.742,43.184,39.064,32.502,29.298,26.093,21.21,17.701,15.87,16.327,12.97,11.75,9.4607,10.834,12.055,10.681,11.75,14.649,11.902,11.444,10.834,9.9185,8.24,7.0193,9.003,15.412,17.243,13.581,5.6459,0.76296,-3.5096,-8.8504,-17.548,-27.009,-30.061,-27.772,-27.772,-27.619,-27.314,-22.736,-17.853,-12.055,-9.1556,-6.4089,-2.7467,2.1363,5.3407,8.5452,8.0874,5.9511,3.8148,6.1037,3.9674,3.6622,2.4415,3.2044,3.0519,6.5615,9.9185,11.444,9.7659,8.6978,7.0193,5.0356,2.4415,3.5096,3.0519,6.8667,6.7141,6.8667,8.6978,10.681,11.902,11.444,9.4607,6.2563,2.5941,5.1881,4.2726,1.9837,-0.45778,0.61037,-0.76296,-0.45778,-0,-1.5259,-3.0519,-3.8148,-2.7467,0.30519,2.5941,4.883,5.3407,6.2563,5.1881,6.7141,7.1718,7.6296,8.24,11.75,15.564,15.412,14.496,21.21,28.382,35.096,39.216,46.846,52.034,58.596,61.037,65.615,69.887,75.381,78.433,82.247,86.52,90.335,90.487,92.929,94.607,97.507,97.659,97.354,94.15,94.302,93.844,95.523,96.591,97.964,96.133,96.286,93.387,92.624,91.25,92.013,88.046,85.91,86.215,91.25,92.776,97.507,100.56,103.31,105.14,106.81,105.44,103.92,100.56,105.14,108.19,108.49,108.8,108.04,105.59,100.71,95.828,93.539,90.182,88.046,86.825,85.91,81.942,78.28,76.296,73.702,70.803,67.751,63.936,64.547,63.936,63.021,57.68,53.865,48.067,44.557,39.216,37.538,33.876,29.756,27.924,27.161,24.567,22.279,18.616,16.022,10.071,5.1881,-0.30519,-3.9674,-7.3244,-8.0874,-8.3926,-8.8504,-8.8504,-8.24,-8.3926,-10.224,-12.97,-12.97,-15.107,-15.412,-14.039,-13.276,-16.022,-16.785,-14.649,-13.733,-13.276,-11.902,-11.139,-10.376,-11.75,-12.207,-14.039,-13.886,-16.938,-16.327,-15.564,-18.006,-18.769,-16.785,-17.243,-15.564,-15.259,-15.107,-16.022,-12.055,-8.8504,-5.4933,-3.8148,-2.4415,0.30519,3.0519,6.2563,11.139,13.581,14.039,16.022,19.074,19.684,23.041,20.753,17.701,14.039,14.039,14.801,14.344,12.36,9.1556,4.883,2.7467,-0.61037,-2.5941,-5.3407,-6.5615,-11.597,-18.311,-23.652,-25.483,-29.756,-34.181,-39.521,-45.625,-52.644,-57.68,-58.901,-58.138,-61.953,-66.073,-70.498,-71.413,-73.855,-75.076,-77.212,-76.296,-72.787,-70.345,-74.465,-77.059,-78.89,-78.433,-76.754,-73.397,-71.871,-69.124,-66.988,-65.615,-64.089,-63.173,-62.41,-60.884,-61.953,-60.274,-57.833,-54.323,-52.644,-48.372,-46.541,-45.32,-45.015,-44.71,-46.388,-47.609,-49.287,-53.56,-63.173,-72.634,-83.163,-90.03,-96.896,-98.88,-102.39,-106.66,-106.2,-104.53,-103.61,-101.17,-100.86,-97.354,-93.997,-89.419,-89.267,-87.13,-82.095,-79.653,-76.296,-70.956,-63.784,-56.764,-50.508,-42.421,-36.622,-28.382,-23.957,-16.938,-12.055,-10.681,-11.75,-9.9185,-7.1718,-5.6459,-5.9511,-5.3407,-5.4933,-4.7304,-5.3407,-3.9674,-5.9511,-7.1718,-9.6133,-11.597,-14.954,-19.227,-22.889,-22.736,-22.126,-18.464,-16.327,-13.733,-12.818,-11.444,-14.649,-18.769,-22.584,-26.093,-29.298,-32.35,-36.012,-37.538,-38.148,-36.775,-38.759,-37.996,-38.301,-38.911,-39.521,-38.301,-37.843,-36.317,-33.876,-29.908,-27.619,-24.11,-19.99,-15.107,-14.801,-13.733,-13.123,-10.529,-7.7822,-2.2889,1.3733,3.8148,7.0193,9.4607,10.834,12.513,14.191,17.243,19.837,23.957,25.941,28.382,27.467,26.856,24.262,21.516,19.532,15.87,9.4607,6.4089,2.4415,-2.2889,-8.8504,-9.4607,-9.9185,-10.681,-13.733,-16.633,-18.616,-20.905,-23.499,-25.025,-26.399,-26.551,-25.33,-23.652,-25.483,-25.941,-27.467,-27.772,-26.704,-27.161,-28.23,-28.535,-28.84,-27.924,-27.924,-26.856,-27.314,-26.399,-25.025,-20.905,-20.6,-19.99,-18.159,-14.801,-12.818,-11.902,-8.6978,-4.2726,-2.4415,-0,1.5259,3.0519,2.5941,4.883,5.3407,6.2563,7.477,8.8504,9.3081,10.376,9.003,8.5452,8.6978,11.292,16.022,21.516,25.788,32.96,39.827,44.862,46.846,47.914,48.982,50.356,49.898,50.661,51.729,56.154,58.138,60.121,61.19,66.073,68.209,74.16,80.111,85.299,89.419,91.403,88.656,86.215,82.858,82.553,79.653,77.212,73.092,72.176,71.413,71.871,71.261,70.803,68.972,66.836,63.173,60.884,57.985,58.443,57.527,56.917,55.696,57.527,59.358,62.105,62.563,61.647,58.748,56.307,52.797,50.203,44.557,43.641,39.216,35.096,28.84,27.314,28.077,28.23,23.804,18.311,15.412,15.259,13.123,13.276,13.428,15.717,13.428,12.055,8.8504,7.477,4.7304,2.7467,1.8311,6.2563,9.9185,12.207,13.733,17.09,16.938,16.327,14.191,12.055,8.8504,5.0356,0.45778,-0.61037,-0.76296,-2.2889,-6.8667,-9.6133,-13.581,-15.564,-19.837,-21.821,-25.788,-31.129,-33.876,-38.148,-40.284,-39.369,-37.233,-30.824,-25.636,-23.347,-24.567,-23.499,-21.668,-16.633,-13.428,-12.665,-15.107,-16.938,-19.532,-19.684,-21.668,-22.126,-25.788,-27.772,-32.502,-34.333,-36.622,-38.148,-40.742,-43.489,-44.862,-45.93,-48.219,-50.356,-53.56,-58.138,-64.394,-68.209,-71.871,-73.397,-76.754,-77.364,-74.618,-69.43,-65.92,-64.394,-63.173,-60.884,-62.105,-61.342,-64.089,-66.225,-69.124,-69.43,-70.345,-70.193,-69.43,-69.582,-71.718,-75.838,-79.806,-80.874,-81.942,-82.095,-87.588,-91.25,-95.523,-97.201,-100.25,-103.46,-105.75,-107.27,-111.09,-113.53,-118.56,-122.23,-126.96,-129.7,-133.82,-133.37,-133.52,-132.15,-131.23,-130.77,-129.55,-127.41,-125.58,-122.99,-121.31,-116.58,-114.75,-112.77,-110.48,-107.43,-106.05,-103.31,-100.71,-98.117,-96.133,-95.218,-93.081,-88.046,-86.367,-85.604,-85.452,-81.637,-80.111,-78.738,-76.296,-72.329,-66.683,-62.105,-57.68,-52.95,-49.287,-47.456,-46.083,-44.404,-45.473,-42.116,-40.132,-39.674,-42.116,-43.794,-45.015,-46.693,-48.372,-49.44,-49.44,-48.372,-48.524,-49.287,-52.95,-53.102,-52.797,-51.576,-51.271,-51.576,-53.255,-52.492,-51.576,-50.966,-50.813,-48.83,-49.135,-48.067,-46.388,-44.557,-45.473,-47.456,-47.914,-47.609,-46.999,-45.473,-43.794,-44.099,-44.862,-43.641,-42.879,-40.742,-39.369,-37.538,-36.775,-36.164,-36.317,-34.486,-30.824,-24.873,-23.194,-23.652,-25.025,-26.399,-30.213,-31.587,-31.281,-27.161,-25.025,-24.415,-23.957,-21.058,-17.701,-16.633,-16.633,-16.175,-14.649,-12.207,-10.681,-5.7985,-3.5096,0.76296,3.0519,7.477,11.597,15.717,20.142,22.889,23.652,25.941,25.483,25.636,27.772,33.57,37.996,43.336,45.32,49.745,53.255,56.917,59.511,61.647,64.241,69.277,70.193,70.498,68.209,67.904,65.462,62.868,61.037,59.511,57.833,57.07,56.001,54.018,50.356,51.576,52.797,55.086,57.07,63.173,68.972,76.754,81.332,85.757,87.741,90.945,91.861,92.776,93.387,96.286,96.896,98.727,98.117,99.49,99.796,99.796,97.964,93.234,89.267,88.656,89.114,89.877,88.504,88.504,89.114,89.114,86.52,84.231,84.078,85.91,88.656,92.166,93.844,92.318,90.487,91.25,92.776,95.676,96.286,96.133,95.981,96.591,96.286,93.692,89.267,86.367,83.926,81.942,80.569,81.332,80.111,79.958,78.127,76.449,75.838,75.991,77.059,78.28,79.043,79.196,78.127,76.907,73.092,67.751,58.596,50.813,45.93,41.505,35.554,31.434,27.772,25.025,20.753,18.616,15.412,14.191,10.681,6.4089,1.6785,-0.76296,-2.5941,-2.8993,-4.883,-8.0874,-13.428,-15.564,-19.227,-23.804,-30.519,-35.249,-40.895,-46.083,-53.865,-58.748,-62.716,-67.293,-70.956,-70.498,-69.887,-68.209,-66.53,-64.852,-65.462,-63.631,-65.157,-65.92,-65.004,-62.105,-58.443,-55.696,-55.238,-52.797,-50.813,-47.151,-46.388,-43.489,-42.573,-43.031,-43.336,-41.353,-43.336,-45.625,-46.846,-47.456,-49.135,-49.135,-49.745,-48.219,-47.761,-45.167,-44.404,-43.336,-44.099,-43.336,-43.184,-45.015,-44.557,-42.879,-43.489,-42.268,-42.726,-41.505,-39.674,-37.385,-38.759,-39.521,-39.979,-39.369,-41.353,-41.81,-41.047,-37.69,-36.927,-34.181,-31.892,-31.739,-35.554,-35.096,-35.096,-35.096,-36.47,-38.759,-39.674,-37.996,-37.08,-35.707,-35.859,-34.639,-32.197,-29.603,-28.077,-24.11,-22.736,-19.379,-16.175,-10.834,-3.9674,-1.3733,0.30519,2.5941,5.0356,7.7822,9.9185,18.311,23.041,28.077,32.502,39.521,43.489,47.304,49.745,49.135,48.677,48.677,46.693,46.236,46.999,51.424,52.797,53.865,54.018,54.476,52.492,49.898,44.404,39.521,34.028,28.84,25.33,27.619,31.434,35.401,34.791,41.2,45.625,51.729,56.459,62.105,67.598,72.634,75.533,79.348,81.637,84.384,84.689,85.91,85.604,84.536,85.147,86.978,86.062,84.384,84.078,85.299,85.452,85.147,83.468,81.79,77.975,76.296,75.991,74.618,70.956,68.209,65.004,63.173,59.969,58.596,57.68,59.358,56.307,55.544,53.102,52.644,50.203,50.508,50.661,51.576,52.492,52.95,51.576,54.17,57.68,60.884,60.732,61.19,59.816,60.274,56.154,52.492,49.135,46.388,43.489,39.979,35.859,32.655,28.84,27.924,27.924,29.298,27.009,26.856,25.941,25.178,24.415,25.636,26.246,26.399,21.058,18.311,14.344,12.818,11.139,10.224,8.24,9.003,8.5452,6.7141,3.357,-0.61037,-6.1037,-10.834,-15.564,-17.09,-17.243,-15.717,-16.48,-17.853,-23.041,-25.941,-28.382,-30.519,-33.723,-33.57,-34.333,-35.249,-35.096,-31.892,-28.687,-24.11,-22.584,-19.532,-18.159,-16.327,-16.175,-14.954,-15.87,-15.107,-14.954,-12.36,-12.665,-11.597,-11.292,-8.6978,-9.7659,-10.987,-13.276,-12.97,-11.597,-7.3244,-5.6459,-2.1363,-0.76296,1.0681,-0,-1.2207,-5.6459,-10.681,-17.853,-22.889,-25.33,-25.636,-27.772,-29.298,-32.502,-34.028,-37.69,-44.252,-54.476,-61.8,-68.056,-72.024,-75.686,-79.043,-83.01,-83.01,-85.604,-84.689,-82.858,-81.484,-80.874,-76.754,-74.007,-73.244,-74.923,-76.754,-80.874,-81.027,-82.4,-84.231,-84.536,-83.773,-84.536,-82.858,-81.942,-78.585,-76.601,-76.601,-76.449,-74.313,-74.923,-74.465,-74.465,-73.092,-73.855,-73.244,-73.702,-72.024,-68.819,-67.904,-67.751,-68.361,-68.514,-67.904,-67.904,-68.667,-70.345,-66.53,-62.258,-56.612,-54.17,-50.966,-47.304,-43.489,-41.658,-40.742,-41.658,-39.521,-36.012,-32.197,-29.908,-26.704,-25.636,-25.483,-25.788,-26.551,-25.178,-23.957,-23.957,-22.279,-23.652,-24.415,-25.788,-28.382,-32.197,-33.265,-34.791,-36.012,-37.996,-38.453,-35.859,-34.333,-34.486,-32.502,-32.197,-28.382,-25.788,-22.584,-19.99,-14.954,-12.665,-12.818,-14.649,-14.801,-16.022,-16.175,-15.87,-12.207,-11.444,-8.0874,-6.4089,-1.9837,-0,3.2044,6.2563,10.681,13.886,15.564,15.564,18.616,18.006,16.022,10.224,7.1718,3.6622,0.76296,-5.3407,-10.681,-14.496,-14.801,-16.938,-18.311,-18.921,-16.48,-16.785,-14.191,-12.055,-9.4607,-7.7822,-5.9511,-5.7985,-5.6459,-5.7985,-4.5778,-4.883,-1.9837,0.15259,2.1363,1.6785,3.2044,5.0356,8.6978,15.107,22.736,23.804,23.347,20.447,19.227,16.633,17.09,16.48,18.006,20.142,23.957,28.382,32.807,35.707,37.08,37.69,40.284,42.421,46.388,50.661,54.17,57.833,61.19,64.089,67.446,70.803,76.907,81.332,86.673,90.335,94.913,99.338,103.31,106.51,110.48,115.97,123.29,129.7,137.94,146.18,153.97,159,166.33,171.67,177.16,182.35,187.54,191.66,198.83,205.85,214.39,220.34,224.62,231.18,239.42,244,250.71,255.13,258.95,261.85,263.53,265.05,268.26,268.87,270.24,269.48,271.92,273.75,273.9,274.51,277.26,279.7,283.67,285.96,287.33,288.71,292.21,294.05,298.32,302.13,304.73,305.95,307.63,310.68,315.71,318.61,319.99,320.75,322.43,322.73,322.73,321.36,322.73,323.8,324.26,324.56,325.17,325.79,326.85,326.55,326.4,323.95,322.58,321.82,321.21,318.92,316.63,311.59,306.1,300.91,296.33,291.45,286.42,280.01,275.58,267.8,260.02,252.24,246.59,239.72,234.08,228.13,221.87,214.55,208.29,201.27,196.23,190.44,186.62,181.89,178.69,173.19,167.85,161.6,157.17,154.27,150.61,147.4,146.03,142.83,140.69,136.72,133.98,130.92,128.48,124.06,118.56,115.05,112,106.97,101.47,96.286,92.318,87.741,84.994,81.484,80.874,79.501,79.348,78.738,79.043,78.89,78.127,77.822,77.364,75.686,75.076,73.244,72.024,67.446,61.953,56.764,54.018,54.628,54.17,51.881,48.677,44.252,41.353,39.979,39.827,36.47,33.418,27.924,24.11,20.295,18.921,15.717,12.513,8.0874,4.5778,0.15259,-4.2726,-9.3081,-14.344,-17.853,-19.379,-22.431,-24.72,-26.551,-26.856,-28.84,-31.892,-34.944,-35.554,-35.707,-37.69,-40.284,-41.81,-44.557,-45.167,-48.219,-51.424,-55.086,-57.527,-61.342,-66.53,-70.803,-74.16,-76.144,-77.212,-79.348,-81.332,-84.078,-84.384,-86.367,-87.741,-87.588,-88.504,-89.114,-88.656,-89.877,-91.556,-93.234,-93.539,-93.997,-93.387,-94.76,-96.438,-99.796,-100.86,-101.32,-102.85,-105.14,-106.97,-110.17,-113.68,-117.04,-117.34,-119.48,-121.01,-123.45,-124.67,-126.35,-128.03,-129.25,-131.08,-133.06,-130.92,-131.99,-131.23,-131.38,-127.26,-126.65,-124.06,-121.92,-120.4,-120.55,-120.09,-121.16,-119.63,-118.41,-113.83,-111.55,-107.88,-105.14,-102.39,-100.25,-97.201,-95.676,-95.676,-94.455,-93.387,-93.387,-92.929,-93.234,-93.387,-94.607,-93.692,-92.318,-90.487,-90.335,-88.504,-85.299,-82.705,-83.773,-84.536,-86.673,-85.604,-84.536,-82.858,-84.384,-83.621,-83.621,-82.4,-81.79,-81.942,-83.926,-83.926,-84.384,-83.773,-86.673,-86.825,-88.046,-84.689,-83.926,-83.621,-87.893,-89.724,-89.724,-89.572,-91.403,-91.708,-92.166,-91.556,-90.03,-86.52,-84.689,-79.196,-74.465,-69.582,-67.598,-64.089,-60.732,-57.985,-56.154,-55.086,-55.849,-55.391,-55.849,-54.323,-52.797,-49.745,-49.898,-48.067,-45.015,-41.353,-39.979,-40.59,-41.353,-39.369,-35.859,-33.265,-32.655,-29.908,-29.603,-29.298,-31.434,-32.96,-34.333,-33.418,-32.35,-31.281,-31.587,-31.587,-31.587,-30.519,-30.671,-28.077,-25.788,-22.584,-23.194,-21.821,-22.431,-21.21,-21.058,-20.6,-19.837,-19.684,-20.142,-19.684,-18.769,-16.327,-16.175,-14.344,-13.733,-10.834,-10.834,-9.9185,-8.6978,-5.1881,-4.883,-2.7467,-1.6785,0.91556,2.1363,2.8993,1.2207,1.9837,3.357,4.883,3.357,1.3733,-0.45778,-0.61037,-2.4415,-1.8311,-3.0519,-4.2726,-9.3081,-11.75,-13.123,-11.597,-13.428,-15.564,-18.616,-18.616,-19.837,-23.194,-28.077,-32.655,-36.47,-38.148,-41.963,-44.404,-47.456,-46.541,-47.761,-46.083,-46.388,-48.524,-50.05,-50.203,-48.83,-49.135,-51.881,-51.881,-52.034,-50.508,-51.881,-51.118,-52.644,-53.865,-54.17,-53.713,-54.628,-55.849,-58.138,-59.511,-60.732,-58.596,-57.527,-54.018,-52.644,-50.661,-50.966,-49.593,-50.203,-49.44,-47.609,-46.541,-46.236,-43.184,-43.336,-43.031,-44.557,-42.116,-38.606,-36.164,-34.791,-35.096,-36.775,-37.08,-40.437,-43.336,-46.388,-46.083,-48.677,-52.797,-57.222,-56.612,-57.68,-57.375,-58.596,-59.816,-61.8,-61.495,-62.105,-63.784,-65.004,-61.495,-58.443,-55.544,-55.849,-55.086,-55.544,-56.612,-57.68,-59.358,-58.443,-55.696,-53.407,-50.813,-49.135,-49.287,-50.508,-48.677,-48.83,-48.677,-50.966,-51.881,-54.323,-56.917,-58.29,-60.427,-61.19,-58.901,-57.985,-58.596,-61.495,-64.241,-68.056,-69.735,-72.634,-73.702,-76.296,-78.28,-80.721,-81.332,-81.179,-80.874,-87.13,-90.945,-95.065,-97.049,-99.643,-99.948,-100.56,-102.85,-101.93,-99.643,-99.033,-98.422,-99.033,-99.948,-101.78,-102.24,-104.53,-105.44,-105.59,-104.53,-103.92,-102.69,-102.39,-99.49,-99.49,-96.286,-94.302,-91.403,-90.793,-90.03,-88.961,-87.436,-87.741,-87.741,-87.283,-88.046,-89.267,-86.52,-82.858,-79.653,-80.264,-80.416,-81.484,-81.179,-81.179,-81.637,-81.637,-80.416,-79.958,-79.348,-81.637,-82.4,-80.416,-73.702,-72.024,-69.43,-65.92,-60.732,-54.628,-50.05,-45.778,-40.59,-35.401,-29.45,-25.33,-18.616,-13.581,-8.6978,-5.7985,-3.357,-0.45778,4.12,10.224,18.616,24.873,31.434,36.164,40.132,42.726,48.982,53.713,59.206,61.342,63.021,63.936,65.92,67.904,71.261,72.024,72.787,72.634,74.618,77.212,80.569,84.231,87.588,89.572,91.403,93.539,95.981,98.27,101.93,105.29,108.19,110.48,112.77,112.77,113.07,114.9,118.26,121.16,122.53,125.13,128.79,132.3,138.86,143.89,149.54,151.98,154.12,155.03,157.48,161.14,163.27,163.73,164.49,162.82,162.97,162.97,164.65,163.73,164.19,162.21,161.75,159.92,158.7,156.71,154.58,151.37,147.71,140.69,136.88,131.53,129.09,127.72,125.28,121.31,119.17,117.04,114.14,111.24,111.55,111.39,110.93,108.8,108.8,107.88,107.58,104.68,104.22,103.15,104.37,106.2,107.88,110.17,112.46,109.41,106.51,101.63,98.88,93.997,89.724,86.215,84.994,82.858,78.28,72.329,68.209,63.173,57.68,52.339,50.813,50.356,51.271,51.271,50.203,51.576,52.644,51.271,48.372,47.151,47.609,47.609,47.304,45.778,44.404,41.505,39.674,38.453,39.521,39.827,38.759,38.301,38.606,39.064,37.385,36.012,37.538,38.148,40.59,42.268,45.167,46.541,48.067,48.524,48.524,46.846,45.167,42.421,37.69,34.181,33.57,32.655,30.366,26.246,24.873,22.736,19.074,14.344,10.681,7.3244,3.9674,1.2207,-1.5259,-6.1037,-7.1718,-11.75,-11.75,-13.123,-11.902,-12.97,-13.276,-16.327,-20.6,-23.499,-20.295,-20.905,-23.041,-25.636,-24.567,-27.161,-27.161,-29.298,-29.145,-30.519,-31.587,-32.655,-33.265,-34.028,-32.655,-32.197,-31.892,-32.35,-30.671,-29.756,-27.314,-26.246,-27.467,-32.655,-36.47,-40.437,-45.167,-49.44,-53.56,-57.07,-61.8,-67.141,-69.43,-75.076,-77.212,-79.806,-77.822,-77.364,-75.533,-74.16,-72.176,-70.345,-67.141,-63.021,-60.121,-58.443,-53.56,-50.356,-46.083,-42.268,-37.843,-36.317,-33.57,-32.35,-32.502,-33.723,-33.57,-36.47,-38.911,-41.353,-40.284,-39.979,-37.996,-38.301,-37.843,-42.116,-46.236,-48.677,-49.135,-50.813,-52.187,-54.17,-56.612,-60.427,-64.547,-69.735,-73.244,-79.348,-82.705,-85.452,-84.231,-85.147,-86.367,-87.283,-87.283,-89.419,-88.656,-86.215,-84.231,-84.994,-82.858,-81.942,-81.332,-84.536,-86.367,-91.556,-97.049,-102.24,-106.51,-111.24,-113.83,-115.82,-114.9,-113.99,-112,-112.46,-113.53,-117.8,-118.87,-120.09,-122.07,-124.97,-123.91,-124.21,-125.89,-129.7,-129.7,-130.47,-132.15,-136.88,-138.4,-141.45,-144.05,-144.66,-144.35,-147.1,-149.39,-151.98,-153.51,-153.81,-152.29,-152.44,-151.07,-149.24,-147.4,-149.24,-150,-147.25,-147.25,-150.3,-152.29,-154.73,-156.71,-158.54,-157.02,-156.71,-154.58,-152.29,-149.85,-148.93,-148.78,-150.61,-150.76,-153.97,-155.95,-156.87,-152.75,-151.22,-150,-151.22,-151.68,-154.58,-156.56,-156.87,-156.25,-154.12,-152.59,-149.69,-143.28,-136.88,-129.7,-125.13,-119.79,-114.75,-107.88,-100.56,-91.861,-81.79,-72.329,-63.326,-55.086,-47.304,-39.979,-36.317,-31.587,-27.467,-20.6,-16.938,-12.513,-7.3244,-2.4415,-0.15259,1.5259,1.3733,0.76296,-0,-0.45778,-1.6785,-1.2207,-2.5941,-2.4415,-5.4933,-7.0193,-10.681,-15.87,-21.363,-24.72,-27.924,-32.197,-36.164,-38.911,-42.116,-44.557,-48.677,-50.661,-51.424,-52.492,-55.544,-56.459,-56.154,-53.56,-51.576,-49.593,-43.794,-35.096,-28.077,-19.684,-12.513,-2.1363,9.6133,23.804,32.655,39.064,43.336,48.83,50.661,53.255,57.68,64.089,69.887,76.296,77.364,76.449,71.108,65.92,59.511,53.56,47.304,42.268,37.538,33.723,30.976,30.061,25.941,22.431,17.548,15.87,12.665,10.681,9.6133,10.529,9.003,8.8504,7.7822,5.1881,2.4415,1.0681,-3.2044,-4.7304,-5.9511,-4.4252,-4.883,-4.4252,-5.0356,-4.5778,-3.5096,-2.2889,-3.8148,-3.8148,0.30519,7.0193,8.8504,10.681,11.597,14.191,15.717,17.243,17.243,18.464,18.464,19.227,21.516,23.804,24.873,26.704,25.33,24.11,20.905,17.853,12.665,9.6133,5.0356,0.45778,-4.12,-9.1556,-14.344,-19.837,-23.957,-25.178,-28.993,-31.892,-36.927,-40.59,-45.015,-47.914,-48.677,-49.135,-50.966,-52.339,-53.102,-52.339,-49.135,-44.862,-42.879,-40.132,-38.148,-34.486,-32.044,-29.298,-27.467,-25.33,-25.025,-24.72,-23.804,-22.584,-21.821,-19.532,-18.311,-16.327,-16.633,-15.412,-14.801,-12.207,-10.071,-10.681,-12.055,-13.276,-13.886,-15.107,-17.701,-19.684,-22.889,-22.279,-22.431,-24.11,-26.093,-25.788,-25.941,-26.093,-26.399,-25.788,-23.804,-21.973,-20.447,-18.006,-16.633,-12.055,-8.6978,-3.8148,-0,4.5778,8.6978,14.801,19.227,26.551,33.113,38.148,42.573,47.914,52.797,58.443,61.037,64.241,66.988,71.413,75.838,79.958,83.621,87.436,90.64,93.692,95.065,97.964,99.033,100.86,100.71,102.39,99.338,98.422,95.523,92.624,88.198,86.978,87.588,89.724,89.724,90.335,89.724,90.945,91.25,92.624,91.708,92.166,91.25,93.844,94.76,95.981,95.218,93.844,92.624,93.234,94.302,98.88,102.08,107.43,111.24,116.73,118.41,119.17,119.33,119.63,119.63,120.09,120.55,120.7,117.95,119.63,118.41,117.95,115.82,114.75,111.39,108.65,104.53,102.08,98.422,95.523,91.708,87.893,81.179,75.991,69.124,64.089,58.901,55.849,47.761,39.216,31.129,23.804,18.311,14.801,12.36,10.834,9.7659,9.003,5.7985,2.5941,-2.2889,-6.5615,-10.376,-11.139,-12.36,-15.564,-21.058,-26.704,-33.57,-38.606,-42.116,-42.726,-43.336,-42.573,-44.099,-44.557,-45.625,-46.236,-49.593,-53.865,-58.596,-63.478,-67.446,-70.193,-72.634,-70.956,-70.498,-70.193,-72.329,-75.228,-77.975,-79.043,-80.264,-78.585,-78.738,-78.585,-78.28,-77.67,-77.822,-73.092,-69.43,-66.073,-62.563,-55.696,-50.661,-45.473,-40.59,-34.944,-28.687,-24.567,-21.363,-18.616,-19.379,-16.48,-12.818,-8.24,-6.4089,-5.7985,-6.1037,-5.9511,-5.7985,-5.9511,-6.5615,-5.3407,-5.3407,-5.7985,-4.5778,-1.6785,-2.4415,-1.0681,-2.4415,-1.8311,-1.3733,3.6622,9.003,10.529,8.3926,6.5615,4.883,6.5615,6.8667,10.224,13.123,15.259,17.548,21.058,22.126,22.736,22.431,21.21,18.464,16.938,16.022,16.785,16.022,15.412,13.123,11.75,9.6133,9.9185,6.5615,3.5096,-0.61037,-1.8311,-1.9837,-3.2044,-3.6622,-1.2207,-2.1363,-1.2207,-0.45778,0.91556,-0.91556,-1.2207,-2.1363,-3.6622,-4.7304,-4.2726,-4.7304,-5.7985,-8.8504,-6.8667,-6.1037,-4.5778,-3.357,2.1363,5.3407,8.3926,10.834,13.581,15.107,16.48,17.243,18.464,16.48,16.175,14.496,15.717,15.564,15.412,14.496,13.733,9.6133,5.4933,0.91556,-2.1363,-6.1037,-7.6296,-11.75,-14.496,-18.464,-22.431,-28.84,-31.129,-30.519,-28.23,-26.704,-28.84,-31.892,-32.502,-32.655,-31.892,-35.707,-41.2,-49.745,-55.544,-61.342,-65.615,-70.498,-75.838,-81.332,-85.91,-92.013,-97.354,-102.69,-104.22,-104.53,-101.02,-98.117,-92.776,-89.114,-85.91,-84.078,-82.247,-82.705,-85.299,-88.046,-89.572,-94.455,-97.507,-100.25,-99.796,-99.49,-101.02,-104.83,-110.02,-115.36,-119.79,-122.84,-123.6,-125.58,-128.18,-131.08,-132.76,-133.98,-130.47,-126.65,-121.92,-122.68,-125.74,-129.25,-131.08,-133.82,-137.49,-141.3,-141.61,-140.69,-140.08,-142.37,-141.45,-139.16,-139.16,-139.93,-138.86,-139.47,-140.69,-140.39,-139.32,-138.71,-133.82,-129.4,-126.04,-124.06,-120.24,-117.5,-115.05,-112.61,-108.95,-107.12,-105.14,-103.46,-98.575,-93.692,-88.351,-86.673,-83.926,-79.653,-76.449,-74.618,-73.397,-72.176,-69.43,-67.293,-64.852,-66.988,-67.751,-67.141,-63.784,-62.716,-61.647,-61.037,-59.969,-59.664,-59.206,-59.969,-58.596,-57.833,-57.833,-60.274,-60.427,-59.969,-59.206,-59.511,-59.969,-61.037,-64.547,-67.751,-68.972,-68.514,-65.92,-64.852,-60.884,-59.664,-59.206,-60.274,-58.748,-57.68,-58.748,-61.342,-59.969,-59.511,-58.748,-56.612,-51.881,-48.982,-45.015,-41.505,-38.301,-35.707,-33.113,-30.519,-28.993,-27.772,-26.856,-29.145,-31.587,-32.807,-32.35,-33.113,-31.892,-32.044,-31.281,-29.908,-27.161,-25.636,-25.941,-25.178,-23.499,-22.279,-17.396,-12.207,-5.3407,-1.0681,1.9837,5.1881,6.4089,7.3244,7.0193,7.3244,7.7822,9.3081,12.513,14.039,13.428,10.529,10.224,10.681,13.428,14.496,13.428,12.513,11.75,11.75,12.665,12.97,14.496,14.801,14.191,12.207,12.818,13.276,13.123,12.36,12.36,10.987,9.1556,7.6296,9.003,9.3081,13.276,16.175,20.447,22.736,25.483,27.314,27.619,28.23,27.924,25.636,24.11,22.889,20.753,17.701,16.175,15.107,15.107,13.123,9.7659,5.9511,4.12,1.3733,-2.7467,-5.4933,-5.7985,-7.6296,-9.003,-9.7659,-8.5452,-9.7659,-10.834,-10.681,-10.681,-9.6133,-9.6133,-10.376,-11.139,-12.207,-12.207,-12.055,-13.276,-15.564,-16.48,-17.701,-14.191,-10.834,-6.4089,-3.0519,-1.6785,-1.0681,2.2889,4.4252,6.4089,7.477,8.6978,9.6133,12.055,11.597,13.581,16.327,20.447,21.058,20.295,20.142,20.447,18.769,14.344,9.4607,2.7467,-5.1881,-9.7659,-13.886,-15.717,-18.616,-18.769,-18.311,-16.633,-16.785,-17.701,-16.48,-14.801,-13.123,-9.9185,-6.1037,-3.2044,-4.5778,-5.1881,-5.0356,-3.9674,-3.8148,-2.8993,-2.5941,-2.2889,-1.3733,1.0681,3.2044,5.4933,5.6459,7.3244,7.1718,6.2563,2.8993,1.3733,1.2207,1.6785,3.8148,5.7985,7.9348,9.9185,10.529,12.36,12.818,13.886,14.801,16.327,14.954,12.207,8.6978,6.5615,3.357,3.2044,4.7304,7.7822,10.834,16.022,20.6,24.72,25.788,26.704,25.941,28.382,34.944,43.947,52.339,56.459,59.664,63.021,64.547,66.073,66.836,68.667,68.972,72.024,75.381,79.958,83.163,85.299,86.367,90.945,96.591,102.39,107.88,112.77,115.36,118.41,118.26,117.65,111.55,106.81,103.31,99.948,94.302,86.367,79.653,76.296,72.634,68.514,62.716,60.579,57.833,55.696,52.644,51.118,47.304,42.726,38.606,36.317,34.333,34.028,36.927,42.268,44.71,47.456,47.609,49.44,49.593,50.203,50.356,52.187,52.644,52.797,53.56,55.696,58.138,62.258,65.004,69.124,70.803,72.176,75.533,82.4,88.198,90.182,90.03,87.436,81.332,78.28,75.228,74.16,70.345,66.988,61.19,56.001,48.83,42.421,37.69,33.113,28.993,25.483,20.295,16.633,13.733,12.513,8.8504,7.3244,6.4089,6.4089,4.4252,5.3407,8.24,8.0874,5.3407,3.2044,0.76296,-1.6785,-4.883,-7.7822,-10.834,-9.6133,-8.5452,-6.5615,-8.24,-9.7659,-10.987,-11.139,-11.444,-12.513,-12.665,-13.123,-14.496,-14.039,-16.633,-18.464,-21.363,-21.516,-23.652,-25.483,-27.619,-30.671,-35.249,-39.521,-44.557,-48.524,-52.492,-55.696,-59.358,-59.664,-58.596,-57.375,-60.884,-60.732,-61.647,-65.004,-69.124,-71.718,-71.871,-68.972,-65.004,-57.527,-51.271,-45.625,-39.521,-33.265,-29.603,-22.736,-14.191,-6.8667,0.15259,7.1718,12.97,17.701,20.142,23.804,26.246,29.145,29.908,34.028,34.028,33.418,32.807,32.96,33.113,34.181,37.08,39.216,41.505,44.404,45.015,47.456,48.982,50.966,51.576,52.339,52.644,53.102,54.628,56.917,58.596,60.121,63.631,68.972,71.718,73.855,75.838,79.196,82.858,88.351,94.607,101.17,105.9,111.39,116.89,124.21,131.23,139.62,146.79,156.1,163.73,171.36,177.92,185.71,193.49,201.42,208.59,216.53,222.17,227.21,231.94,238.65,244.45,250.86,255.13,260.48,264.9,271,278.48,285.65,292.52,300.15,304.42,311.29,317.85,325.79,330.52,337.08,341.5,349.28,354.17,357.37,359.36,360.27,363.78,366.68,369.12,372.33,374.16,377.06,377.06,378.12,377.97,379.5,379.19,379.04,378.89,381.79,384.84,386.52,386.21,387.74,387.43,388.65,388.81,392.77,393.99,395.21,394.91,395.37,395.06,393.23,389.57,386.36,382.7,380.26,377.36,373.85,368.05,363.63,359.2,355.69,350.51,344.4,337.23,329.14,319.53,308.85,296.49,287.48,280.31,274.21,266.43,261.7,256.05,249.03,241.25,236.98,233.47,231.03,227.06,224.31,221.26,220.34,217.44,214.85,211.04,207.07,201.27,197.45,192.57,188.45,182.2,176.7,170.29,166.94,161.14,157.32,151.07,145.88,138.25,131.38,123.29,116.28,108.34,100.41,92.318,87.283,82.858,79.043,73.397,68.514,61.8,56.917,48.83,42.573,37.538,33.418,30.366,27.467,24.873,19.837,16.175,13.123,8.5452,7.1718,4.883,3.9674,3.0519,2.5941,1.8311,0.91556,0.61037,-0.15259,-1.2207,-1.9837,-3.6622,-5.1881,-7.6296,-8.5452,-12.055,-13.428,-17.701,-20.142,-21.058,-22.279,-25.178,-26.551,-26.704,-23.499,-23.194,-25.941,-30.824,-31.892,-35.554,-35.401,-36.317,-36.927,-40.284,-41.658,-45.015,-47.456,-49.593,-48.982,-50.203,-51.729,-57.833,-63.021,-69.735,-74.313,-78.585,-79.043,-76.907,-75.076,-74.465,-73.55,-73.702,-74.007,-74.923,-73.397,-72.481,-69.582,-71.108,-73.397,-76.754,-77.67,-79.196,-81.332,-84.689,-86.978,-90.64,-92.624,-93.997,-93.844,-97.659,-102.69,-109.71,-116.43,-127.26,-135.65,-142.52,-149.39,-156.56,-162.97,-167.85,-172.73,-180.82,-189.06,-197,-203.1,-208.9,-214.09,-222.79,-228.58,-231.94,-235.6,-240.94,-246.44,-253.3,-262.76,-272.84,-281.08,-290.38,-297.71,-306.71,-313.43,-318.16,-321.82,-326.24,-327.77,-326.7,-327.46,-329.14,-329.6,-328.84,-327.62,-328.53,-329.75,-336.62,-346.08,-353.4,-361.19,-369.73,-377.97,-384.08,-389.57,-394.15,-395.83,-395.06,-390.79,-385.45,-376.9,-368.82,-359.2,-350.2,-341.35,-333.57,-325.94,-318,-309,-296.49,-281.08,-266.27,-249.95,-236.06,-224.01,-216.99,-210.58,-204.32,-197.45,-193.18,-188.76,-183.57,-180.06,-177.77,-173.5,-169.84,-166.02,-164.19,-161.9,-162.66,-163.73,-164.04,-164.65,-166.63,-165.56,-162.66,-160.99,-160.22,-158.7,-157.02,-153.66,-150.76,-146.49,-143.89,-139.47,-134.74,-131.53,-128.03,-124.06,-122.99,-121.01,-118.11,-113.99,-112.77,-111.7,-112,-110.48,-108.49,-105.44,-102.39,-98.575,-94.455,-88.656,-83.468,-81.027,-79.501,-75.686,-71.718,-66.836,-65.004,-62.716,-62.41,-62.258,-63.173,-66.225,-69.43,-73.244,-77.67,-83.773,-89.267,-93.387,-98.88,-101.63,-105.59,-108.34,-113.99,-118.41,-120.09,-120.09,-117.19,-114.14,-111.09,-108.04,-106.51,-103.46,-100.86,-99.338,-97.354,-92.929,-91.708,-89.724,-85.757,-79.958,-75.838,-69.887,-62.868,-55.391,-49.593,-42.726,-35.707,-27.314,-20.447,-11.597,-2.4415,5.7985,13.581,21.058,27.619,34.639,40.132,47.609,54.781,64.547,72.329,79.806,84.078,89.572,94.455,98.727,101.63,102.85,103.46,104.83,103.92,103.15,98.422,95.828,91.861,87.741,81.79,76.601,72.329,70.04,69.582,69.582,68.209,67.446,65.462,63.478,62.258,63.173,63.478,65.157,64.394,65.31,68.972,75.838,82.4,88.198,94.302,100.86,105.44,113.38,119.94,125.89,128.18,131.53,134.13,138.55,143.13,147.86,151.98,156.41,161.14,166.94,169.68,175.18,178.53,181.43,181.13,180.52,176.55,175.02,171.36,167.55,163.58,159.46,152.59,144.96,136.72,130.62,121.62,115.36,107.73,100.56,91.708,84.231,77.059,70.04,63.936,58.748,52.034,47.761,42.573,41.505,41.81,43.947,44.71,46.999,48.219,51.118,55.391,63.326,70.498,78.127,84.689,92.318,97.659,103.31,106.66,113.07,116.73,120.7,124.36,130.16,131.69,131.38,130.31,128.33,126.65,128.03,125.89,125.43,123.45,121.92,117.19,113.53,108.34,102.85,95.523,91.556,88.198,84.536,79.958,78.738,77.212,76.449,72.634,69.43,65.31,63.326,59.969,56.459,53.407,51.881,50.661,48.677,43.031,39.521,34.944,32.35,27.161,22.736,15.717,10.376,2.8993,-3.6622,-9.7659,-15.107,-18.921,-22.736,-25.636,-25.636,-26.093,-25.636,-28.382,-29.145,-29.298,-27.314,-26.399,-25.941,-25.788,-26.551,-27.924,-29.298,-31.892,-33.418,-38.148,-43.489,-49.135,-54.17,-60.884,-65.92,-70.65,-73.702,-76.449,-78.585,-81.484,-84.841,-87.436,-86.673,-88.046,-91.861,-97.201,-101.02,-104.98,-106.97,-109.56,-111.09,-112.77,-114.44,-116.12,-117.65,-119.17,-118.26,-118.56,-115.51,-113.38,-111.09,-109.56,-105.9,-102.24,-97.812,-96.591,-95.37,-92.166,-88.504,-85.91,-82.4,-82.247,-82.247,-84.994,-86.52,-88.504,-91.098,-93.234,-93.844,-96.286,-98.575,-100.1,-99.948,-100.41,-100.41,-101.32,-99.338,-96.896,-92.624,-88.961,-86.673,-87.588,-89.267,-90.03,-90.335,-91.861,-93.234,-92.929,-89.419,-85.147,-79.043,-77.67,-77.212,-78.585,-77.364,-72.634,-67.141,-60.732,-53.102,-44.404,-37.233,-33.265,-31.129,-31.892,-31.739,-30.976,-28.077,-26.856,-26.856,-27.314,-27.161,-27.161,-27.314,-29.45,-28.84,-30.366,-29.908,-29.756,-28.077,-27.009,-24.11,-22.736,-21.21,-22.431,-22.889,-23.499,-25.025,-26.856,-29.756,-32.502,-37.538,-43.489,-45.015,-45.473,-44.862,-45.625,-44.099,-44.404,-44.862,-41.658,-38.453,-35.707,-32.197,-31.281,-32.35,-32.655,-31.892,-31.281,-26.551,-21.668,-16.785,-11.139,-5.7985,-1.8311,0.91556,1.3733,3.0519,6.2563,10.834,12.055,12.818,12.665,15.87,17.243,19.379,21.21,22.736,22.584,22.584,23.652,25.941,27.619,28.687,24.415,21.516,19.532,19.227,17.548,15.717,14.954,17.09,18.159,19.227,18.464,19.074,16.785,15.107,12.055,10.224,7.6296,6.8667,3.5096,1.0681,-2.2889,-5.1881,-7.9348,-10.224,-12.207,-13.123,-16.633,-18.464,-20.447,-20.142,-21.363,-21.668,-23.194,-22.584,-22.889,-24.567,-28.23,-31.129,-34.944,-35.859,-35.859,-34.181,-37.385,-39.979,-41.353,-41.81,-44.252,-46.846,-49.898,-51.881,-53.56,-56.001,-60.579,-64.089,-66.683,-67.446,-69.582,-70.04,-71.566,-71.413,-68.972,-65.157,-61.342,-55.544,-46.846,-37.538,-30.671,-25.178,-25.33,-23.652,-23.957,-23.804,-27.619,-32.044,-36.775,-39.827,-43.794,-44.557,-42.879,-40.132,-38.453,-36.164,-34.944,-31.281,-29.45,-23.957,-19.227,-13.581,-10.376,-7.1718,-4.5778,-1.5259,0.91556,4.12,5.3407,5.0356,2.2889,2.5941,3.2044,8.24,11.139,13.276,13.276,12.818,12.818,15.87,18.921,22.736,24.262,26.704,25.788,25.941,25.025,26.246,27.009,28.382,28.382,28.84,26.856,25.636,25.025,25.33,25.025,26.551,27.314,29.603,31.739,37.08,40.132,41.658,41.963,41.81,39.979,36.927,32.807,31.739,31.739,35.707,37.08,37.08,36.775,38.301,38.148,36.317,28.23,18.464,10.987,4.4252,-1.6785,-5.9511,-13.733,-19.227,-23.347,-23.957,-28.382,-34.944,-42.726,-45.625,-45.93,-43.031,-39.216,-35.707,-34.028,-31.281,-29.908,-27.467,-25.33,-23.499,-23.499,-22.584,-21.516,-17.548,-14.344,-11.902,-9.3081,-5.3407,-2.5941,1.6785,5.0356,9.3081,10.681,13.276,15.412,19.837,23.957,27.924,31.129,34.639,33.723,31.281,28.687,27.772,27.314,28.993,29.908,30.671,29.298,27.467,26.551,25.788,24.262,23.804,25.33,28.687,30.824,33.876,32.807,31.281,28.077,27.772,27.009,26.704,27.009,27.924,28.993,29.756,28.23,29.145,27.772,27.161,25.025,26.093,25.941,27.467,28.077,27.009,24.11,22.279,20.295,17.243,10.529,3.6622,-3.5096,-7.9348,-14.649,-21.21,-28.687,-33.418,-39.216,-43.184,-45.015,-47.456,-52.797,-56.917,-58.901,-58.138,-58.596,-57.68,-57.222,-54.018,-53.56,-55.238,-56.307,-56.154,-55.238,-52.492,-48.372,-43.336,-39.369,-31.281,-26.704,-22.279,-18.921,-14.344,-9.3081,-2.2889,5.6459,16.022,23.804,32.044,40.437,48.372,53.56,60.427,65.004,70.803,75.228,78.89,80.874,82.4,85.299,87.436,86.52,84.536,81.332,79.196,75.076,71.871,65.615,60.121,54.17,49.745,44.252,37.538,28.535,18.616,9.4607,2.8993,-2.4415,-4.2726,-6.1037,-4.7304,-2.7467,1.3733,3.0519,3.2044,2.1363,1.5259,-2.8993,-6.2563,-7.7822,-7.0193,-6.8667,-4.12,-1.2207,2.4415,4.4252,9.6133,12.665,14.801,14.954,15.87,17.701,18.311,18.311,19.837,20.447,20.753,19.379,19.837,20.295,21.973,20.753,18.006,11.75,5.4933,1.0681,-0.15259,-1.6785,-3.9674,-7.0193,-7.7822,-10.071,-13.123,-16.938,-19.684,-23.347,-26.399,-27.772,-29.298,-29.298,-29.603,-28.23,-23.804,-20.905,-18.311,-15.107,-10.224,-7.0193,0.30519,7.0193,12.36,16.327,21.21,25.178,30.061,34.791,39.827,41.658,43.794,44.862,48.372,48.83,50.813,52.339,52.644,51.576,51.729,49.287,46.388,41.658,36.775,28.535,21.516,11.75,5.6459,-1.3733,-7.7822,-12.055,-13.276,-13.581,-13.733,-15.107,-16.327,-15.564,-13.581,-13.886,-13.123,-13.276,-14.191,-19.684,-21.973,-22.584,-21.058,-17.396,-10.681,-8.0874,-8.0874,-8.6978,-7.9348,-6.7141,-2.8993,-0.76296,3.0519,5.1881,7.9348,9.9185,12.055,14.039,16.48,19.684,24.262,26.246,28.23,30.824,35.859,37.08,38.148,37.233,36.927,34.181,30.671,26.246,21.21,17.09,14.954,13.886,14.649,13.733,13.276,10.681,9.7659,6.5615,2.5941,-3.0519,-7.6296,-10.834,-10.834,-9.3081,-6.7141,-4.4252,-1.3733,0.91556,3.2044,2.2889,4.4252,3.8148,1.6785,-1.5259,-2.4415,-3.357,-2.8993,-4.5778,-8.3926,-14.344,-17.09,-21.363,-23.499,-26.399,-28.23,-30.671,-30.366,-28.535,-27.009,-24.415,-22.889,-23.652,-23.804,-27.619,-29.603,-32.35,-33.113,-35.707,-36.47,-37.08,-38.301,-41.2,-45.32,-48.219,-49.287,-49.593,-50.203,-52.034,-52.339,-52.034,-46.999,-42.726,-35.859,-30.671,-26.551,-21.516,-16.022,-11.292,-5.9511,-4.2726,-2.8993,-3.2044,-3.9674,-5.7985,-3.5096,-0.15259,1.2207,-0.76296,-1.9837,-2.1363,-0.91556,1.2207,3.5096,5.4933,7.0193,3.5096,1.8311,0.30519,-0.15259,-1.5259,-0.76296,0.30519,1.3733,2.1363,4.2726,6.5615,9.1556,8.5452,8.5452,7.0193,7.0193,5.4933,5.3407,3.6622,2.2889,3.2044,5.3407,8.3926,10.987,13.123,16.327,20.295,23.957,24.72,25.178,24.72,26.551,26.246,25.33,24.873,25.788,26.246,25.788,25.025,22.279,17.853,14.039,8.6978,5.9511,1.6785,-1.9837,-7.3244,-12.36,-17.243,-19.532,-20.905,-22.736,-23.957,-22.126,-22.279,-18.921,-15.717,-12.818,-11.902,-9.6133,-6.7141,-3.5096,-0.45778,2.7467,5.6459,8.24,9.9185,11.597,12.818,13.733,12.665,13.581,12.207,11.902,9.4607,5.6459,1.6785,-2.8993,-7.477,-8.24,-9.7659,-11.75,-12.665,-12.36,-14.191,-15.87,-19.532,-20.6,-21.21,-23.041,-24.415,-24.567,-25.483,-26.093,-27.161,-29.145,-31.129,-29.298,-29.603,-30.366,-34.028,-35.096,-35.096,-33.876,-32.502,-31.281,-28.23,-23.804,-19.074,-15.717,-15.107,-14.191,-14.039,-12.207,-10.529,-6.4089,-3.6622,-0.30519,2.4415,3.2044,4.7304,5.3407,3.8148,3.357,1.5259,2.2889,1.0681,1.5259,-1.5259,-4.5778,-10.071,-10.681,-10.071,-10.529,-9.9185,-8.6978,-8.8504,-8.8504,-7.1718,-4.5778,-2.5941,1.5259,3.5096,7.3244,8.6978,9.4607,9.9185,10.224,10.376,12.513,14.649,16.022,16.785,19.074,21.668,26.856,31.281,35.859,39.216,42.726,44.862,48.524,49.745,50.356,50.508,51.118,50.508,53.102,55.086,58.596,59.358,59.358,57.375,55.544,53.407,51.424,48.982,47.609,44.099,41.505,38.301,36.927,32.96,31.587,29.45,29.908,31.281,35.707,39.369,42.726,46.388,50.813,54.628,58.748,59.816,63.784,66.683,71.413,74.313,76.601,78.28,78.28,77.212,75.076,73.397,73.55,72.329,71.718,70.65,69.887,64.547,62.105,60.427,58.443,57.222,56.459,56.154,54.476,51.424,49.44,49.287,52.95,55.391,58.748,58.29,58.901,57.375,57.68,58.29,58.29,57.527,57.375,55.391,53.56,53.865,57.07,56.459,57.985,60.121,65.462,68.667,72.024,74.923,77.67,79.958,83.163,85.299,86.215,86.367,88.351,87.436,87.741,87.588,89.114,88.504,87.13,85.91,84.078,80.874,78.433,73.244,68.056,61.19,55.544,48.219,43.336,35.554,31.129,25.788,24.415,23.804,22.736,21.363,19.379,17.09,16.48,13.428,10.987,8.6978,11.139,12.665,15.564,17.548,20.447,21.821,22.279,21.973,19.532,18.006,16.327,10.834,6.4089,3.357,0.61037,-4.12,-7.0193,-9.9185,-12.97,-16.938,-21.363,-25.941,-28.993,-33.113,-35.859,-41.2,-43.947,-46.693,-48.524,-52.339,-57.527,-61.495,-63.021,-62.563,-62.563,-61.647,-61.342,-60.732,-57.222,-55.391,-55.238,-57.07,-57.375,-57.68,-54.781,-53.713,-52.339,-53.713,-55.544,-56.917,-56.459,-53.102,-46.541,-41.963,-35.707,-30.976,-20.905,-12.207,-5.3407,1.3733,10.071,16.785,24.567,32.35,40.284,46.083,53.56,59.969,66.225,68.667,72.787,75.686,78.585,80.569,81.332,80.721,81.79,83.01,85.452,84.231,83.316,82.553,84.841,87.13,90.182,91.708,95.218,96.133,95.981,94.607,90.487,85.91,83.773,81.179,81.637,80.416,83.316,88.046,94.302,96.744,95.37,90.945,85.604,79.196,75.686,71.871,68.667,63.021,59.358,54.17,51.729,47.609,44.71,39.369,33.265,27.924,24.262,18.921,14.954,9.003,2.4415,-7.3244,-14.344,-20.447,-23.957,-27.161,-30.519,-38.148,-47.151,-54.781,-60.579,-66.683,-71.261,-75.991,-79.348,-86.673,-94.455,-106.05,-115.97,-125.58,-132.6,-140.23,-147.71,-153.2,-157.93,-160.83,-164.04,-168.61,-173.19,-180.21,-187.08,-193.18,-197.3,-201.42,-202.95,-203.86,-205.54,-206.61,-207.07,-208.29,-210.58,-212.87,-209.81,-207.07,-205.69,-203.86,-198.07,-191.2,-186.62,-184.18,-182.81,-184.18,-187.23,-188.76,-188.76,-189.67,-190.59,-193.33,-193.03,-191.35,-188.76,-188.45,-187.99,-187.84,-187.99,-187.99,-188.91,-191.05,-190.28,-191.96,-190.89,-189.37,-184.64,-180.21,-174.87,-169.53,-162.97,-156.25,-150.61,-144.96,-140.54,-140.23,-139.77,-139.01,-134.59,-129.7,-124.52,-122.84,-122.68,-123.75,-126.8,-129.55,-130.77,-130.77,-128.03,-124.67,-119.17,-117.65,-117.65,-121.16,-125.28,-128.94,-130.16,-130.47,-132.91,-135.65,-138.4,-139.47,-140.69,-141.76,-142.22,-145.88,-146.49,-145.42,-145.27,-145.88,-144.96,-144.81,-143.89,-141.91,-139.01,-135.96,-130.62,-123.6,-117.5,-111.09,-102.08,-95.828,-88.504,-83.01,-77.364,-70.956,-64.852,-58.443,-52.034,-45.625,-39.521,-35.401,-31.281,-29.603,-27.161,-25.636,-21.21,-17.548,-14.649,-10.681,-1.9837,6.4089,12.207,17.396,21.668,23.957,27.772,30.213,33.876,36.622,40.437,42.116,43.489,42.116,38.453,34.486,31.129,28.077,27.619,26.093,25.33,23.194,22.279,20.295,16.938,13.123,10.987,10.376,9.3081,8.24,7.477,7.9348,10.071,12.055,16.175,19.532,23.041,25.33,27.161,28.382,30.519,31.587,34.486,38.606,43.031,46.693,52.644,55.849,59.206,61.647,66.378,69.124,71.871,75.076,79.501,81.79,81.942,78.585,76.296,73.55,73.397,71.413,72.481,72.481,72.787,71.413,71.108,70.193,70.193,70.04,70.65,69.735,70.956,69.124,68.667,67.446,68.667,68.972,70.65,71.871,73.855,73.702,73.397,71.871,69.582,65.004,62.868,61.495,63.021,63.784,63.326,58.29,54.476,52.034,51.729,52.644,52.187,49.898,50.661,50.203,51.424,52.034,54.781,54.781,57.527,60.884,65.157,68.056,70.956,73.397,72.939,70.498,68.056,63.326,57.375,50.661,48.677,46.693,46.083,45.167,43.031,41.047,38.301,34.333,29.908,26.399,24.262,20.905,18.464,16.022,13.428,9.003,5.9511,3.6622,2.1363,-0.45778,-2.8993,-7.0193,-9.7659,-12.665,-12.207,-11.139,-8.3926,-7.3244,-5.9511,-2.5941,2.1363,4.12,5.6459,7.0193,8.5452,10.681,14.649,19.532,26.246,32.655,39.827,45.778,53.56,60.121,68.056,74.465,81.79,89.114,94.913,97.507,101.32,105.14,107.88,107.88,109.87,110.32,111.55,111.09,114.44,114.14,112.92,112.46,112.16,109.41,106.36,102.08,99.338,94.76,93.692,95.523,99.49,100.25,101.32,100.86,103,104.83,107.12,107.73,107.43,105.59,104.37,101.02,99.338,96.286,94.76,90.03,85.299,81.027,77.212,74.16,71.871,69.582,66.378,63.478,63.326,63.478,65.157,66.225,70.04,70.803,71.718,72.634,74.16,75.381,76.601,74.465,71.413,67.598,63.021,56.154,54.018,50.966,49.44,44.862,41.047,36.317,32.96,30.213,28.077,24.873,22.584,18.159,15.259,10.681,8.6978,5.9511,4.4252,-0.30519,-4.4252,-6.7141,-5.4933,-3.6622,-2.7467,-1.5259,0.91556,1.9837,2.8993,1.3733,1.8311,2.1363,2.7467,1.9837,1.9837,3.8148,7.3244,9.003,8.3926,6.5615,5.6459,3.357,1.8311,-1.2207,-3.2044,-6.1037,-6.2563,-6.7141,-7.6296,-7.6296,-5.9511,-4.2726,-3.0519,-3.6622,-4.2726,-7.0193,-7.9348,-9.6133,-10.681,-12.207,-10.071,-9.6133,-7.7822,-3.5096,-0,1.0681,4.4252,7.0193,11.902,14.039,16.175,19.227,25.941,30.366,34.791,39.521,43.641,46.541,49.287,51.729,57.07,58.596,61.342,61.953,61.953,57.985,55.544,52.644,50.356,47.914,43.947,37.08,32.044,27.467,25.025,20.753,17.853,13.581,10.681,6.8667,3.9674,-0,-2.5941,-4.5778,-6.2563,-7.7822,-10.376,-14.954,-15.412,-15.717,-15.412,-16.48,-14.954,-14.649,-12.97,-10.834,-6.5615,-2.8993,0.91556,4.883,7.9348,8.0874,10.376,14.496,19.227,21.973,26.856,27.009,26.856,25.941,26.551,27.009,27.467,27.467,29.603,31.434,34.181,36.927,42.268,44.862,46.846,44.099,42.726,38.148,33.57,29.603,26.399,22.889,20.6,18.769,18.006,17.548,17.548,14.039,10.834,4.883,-1.0681,-10.834,-20.753,-29.145,-36.164,-41.81,-46.999,-51.729,-53.407,-55.086,-54.323,-55.544,-54.781,-54.628,-54.781,-56.154,-57.527,-59.206,-60.274,-61.8,-64.089,-67.141,-68.514,-69.735,-69.582,-69.43,-66.836,-66.378,-62.716,-60.732,-59.816,-57.985,-55.238,-52.034,-48.524,-44.71,-41.047,-40.437,-37.538,-35.096,-31.434,-30.976,-29.45,-27.924,-25.33,-23.041,-20.905,-18.769,-17.243,-17.548,-17.396,-18.006,-16.938,-18.006,-17.243,-16.938,-12.97,-9.7659,-6.8667,-5.4933,-3.9674,-3.2044,-0.61037,1.5259,2.8993,2.7467,3.8148,3.5096,3.9674,6.8667,10.681,10.529,9.003,7.3244,6.5615,5.0356,6.1037,5.7985,6.5615,6.8667,10.681,13.886,17.853,20.905,22.279,22.126,23.957,26.093,28.382,32.044,36.775,36.927,38.759,40.437,41.963,39.979,38.148,35.401,33.113,29.298,24.873,20.905,18.616,17.243,18.464,17.701,19.227,15.412,10.529,5.1881,2.2889,0.61037,0.76296,1.3733,2.8993,3.5096,5.1881,5.6459,5.9511,4.2726,5.3407,6.2563,6.5615,3.5096,2.7467,1.5259,3.357,6.8667,10.681,11.75,12.207,9.1556,6.7141,2.2889,-0.30519,-2.1363,-1.5259,-1.5259,1.2207,3.8148,4.5778,3.6622,3.357,3.5096,3.9674,4.4252,6.7141,7.3244,10.834,14.344,19.074,22.126,27.009,30.976,34.181,36.012,38.911,41.2,45.015,49.898,56.154,59.664,64.241,67.751,72.939,76.144,81.179,85.299,89.877,93.539,97.964,101.47,105.59,106.36,107.43,105.14,103.31,100.25,97.354,92.013,87.588,83.621,81.942,78.127,74.77,69.887,66.683,65.004,67.751,69.735,71.718,70.345,71.718,72.176,71.871,68.667,65.615,62.868,62.105,60.274,61.647,64.547,66.378,66.073,66.683,65.004,64.547,63.326,66.378,70.498,77.059,81.484,84.841,86.978,88.351,84.994,83.316,79.043,77.212,73.855,72.329,68.056,63.936,59.206,54.018,47.609,47.151,48.524,51.271,51.881,51.729,48.677,48.372,45.473,44.099,42.421,40.284,36.47,34.486,31.892,29.45,27.314,27.467,26.704,27.467,24.11,20.905,17.243,15.259,10.376,5.1881,1.3733,-1.2207,-5.7985,-11.444,-14.954,-13.733,-14.344,-14.649,-17.09,-18.616,-21.973,-24.567,-27.467,-30.519,-33.265,-35.249,-37.538,-37.538,-38.301,-39.369,-41.963,-45.015,-51.576,-56.001,-59.206,-60.274,-62.716,-62.868,-63.631,-65.92,-68.972,-72.024,-74.007,-74.923,-76.296,-75.686,-76.449,-77.67,-81.79,-84.994,-87.283,-88.046,-87.436,-86.062,-85.147,-83.621,-83.163,-82.858,-84.078,-85.299,-89.267,-90.793,-91.861,-91.25,-91.25,-88.656,-85.147,-82.095,-81.484,-80.569,-79.501,-77.059,-77.059,-75.991,-76.449,-74.007,-73.702,-73.55,-74.77,-74.16,-74.618,-77.364,-81.484,-86.673,-92.166,-94.455,-96.438,-96.438,-99.796,-102.24,-104.22,-102.69,-98.575,-92.166,-86.367,-82.247,-79.043,-77.67,-77.975,-78.28,-81.027,-82.095,-81.484,-79.958,-79.806,-80.264,-82.4,-83.163,-82.095,-79.653,-79.196,-79.348,-79.043,-77.212,-76.144,-72.024,-70.345,-69.43,-69.277,-67.904,-69.277,-70.803,-68.972,-68.514,-67.446,-67.904,-69.887,-68.819,-69.43,-67.598,-67.598,-65.615,-62.868,-60.732,-59.358,-57.222,-56.154,-55.086,-54.323,-54.476,-54.476,-51.424,-49.135,-44.862,-43.031,-41.2,-41.353,-40.132,-39.674,-39.216,-38.301,-37.233,-37.69,-39.216,-40.895,-40.742,-41.81,-39.369,-39.064,-37.996,-37.233,-33.876,-29.908,-25.483,-20.6,-17.396,-14.496,-11.597,-8.8504,-5.9511,-6.5615,-6.1037,-6.4089,-4.12,-1.6785,2.8993,8.0874,14.649,17.243,19.99,22.126,24.262,26.246,26.399,24.262,22.279,16.633,10.529,4.2726,-0.30519,-4.4252,-8.5452,-11.139,-13.733,-16.785,-17.701,-18.921,-18.006,-17.853,-15.564,-18.159,-21.363,-21.821,-20.6,-17.548,-11.292,-6.4089,-2.5941,0.30519,1.9837,1.6785,5.0356,8.3926,10.834,11.902,13.886,15.717,18.769,23.194,29.145,34.028,39.979,43.184,46.999,46.999,45.93,42.116,38.301,30.366,21.668,12.207,6.4089,3.6622,1.8311,0.15259,0.15259,1.3733,1.9837,0.91556,0.91556,-2.2889,-4.7304,-7.6296,-11.292,-16.48,-21.668,-24.873,-25.941,-25.636,-23.499,-20.905,-17.243,-12.818,-7.3244,-2.5941,4.7304,11.292,18.464,22.431,22.126,21.058,20.447,20.447,21.516,21.821,24.11,27.772,30.366,28.84,27.314,23.804,18.006,11.139,5.7985,1.6785,-2.1363,-8.24,-15.717,-21.363,-22.736,-25.33,-25.33,-26.246,-24.873,-24.72,-25.483,-26.856,-26.399,-23.041,-17.853,-11.902,-8.5452,-8.8504,-10.224,-14.344,-14.344,-14.649,-13.886,-14.954,-15.412,-18.006,-18.769,-17.396,-15.564,-15.107,-12.513,-9.4607,-4.12,-0.45778,3.8148,3.9674,4.883,7.0193,8.0874,8.3926,6.2563,3.9674,1.8311,-1.0681,-2.2889,-5.3407,-7.477,-9.1556,-6.8667,-4.7304,-2.7467,-2.1363,-2.2889,-3.5096,-5.0356,-6.1037,-5.9511,-4.4252,-1.0681,-0.61037,1.6785,3.8148,7.6296,10.071,13.581,16.938,20.295,22.584,23.804,24.415,26.093,28.993,34.181,37.69,42.116,45.32,49.898,51.576,54.018,55.696,56.612,58.138,59.969,62.105,63.173,63.326,62.258,60.121,59.358,57.527,58.138,58.138,59.206,58.901,59.816,59.206,57.527,54.933,54.323,51.271,51.424,51.424,52.034,50.966,49.745,47.609,46.388,46.388,47.304,47.456,48.219,50.203,52.034,51.424,52.034,52.034,53.407,52.95,51.729,47.914,46.236,44.404,44.862,45.473,45.778,46.236,46.846,46.846,46.693,44.099,45.625,46.236,47.761,48.83,50.203,51.271,54.781,60.274,65.767,68.667,70.65,70.803,74.16,74.313,72.329,68.819,66.53,61.953,57.222,52.339,48.067,43.184,39.521,37.538,36.775,34.791,33.876,31.129,29.45,27.619,27.619,27.467,27.619,26.246,27.009,28.687,30.976,31.129,32.197,32.655,34.486,34.028,36.622,36.317,32.807,28.382,27.314,25.788,24.11,22.584,23.804,21.668,19.074,14.954,13.276,10.834,10.681,8.5452,4.883,-0.91556,-7.9348,-13.581,-18.769,-23.499,-25.178,-26.399,-26.093,-27.314,-25.788,-25.788,-24.873,-24.11,-23.041,-23.347,-23.347,-22.889,-19.684,-16.633,-13.733,-13.428,-12.97,-13.428,-10.376,-7.9348,-1.0681,4.883,9.6133,12.055,14.649,16.327,19.227,20.6,23.499,24.262,23.347,20.447,17.701,14.954,14.039,12.513,12.665,10.681,7.0193,2.8993,0.30519,-2.5941,-3.9674,-7.477,-9.7659,-14.649,-20.142,-25.025,-29.298,-33.265,-36.164,-38.453,-39.064,-40.895,-40.895,-44.252,-46.388,-49.745,-51.881,-53.713,-54.323,-55.391,-56.307,-56.307,-56.154,-57.07,-56.612,-56.154,-55.238,-55.238,-53.713,-52.95,-51.118,-50.203,-47.609,-46.541,-45.473,-43.336,-41.505,-41.2,-40.895,-41.2,-41.353,-43.184,-42.268,-42.116,-40.742,-40.437,-38.759,-36.622,-35.401,-34.944,-34.486,-32.197,-28.382,-27.161,-25.33,-23.957,-21.668,-20.6,-19.532,-19.684,-18.464,-16.327,-14.496,-14.649,-15.87,-19.684,-22.584,-25.33,-25.941,-29.298,-33.418,-37.385,-38.759,-40.132,-40.895,-43.641,-44.862,-48.067,-52.644,-57.527,-59.053,-58.138,-53.865,-51.424,-48.067,-43.031,-35.859,-29.298,-23.041,-17.243,-12.513,-5.9511,2.7467,9.7659,16.175,20.295,24.72,26.704,28.535,27.161,25.178,22.736,21.668,19.99,19.379,18.769,18.769,15.717,14.496,14.039,12.665,10.376,7.7822,2.2889,-4.2726,-10.376,-13.886,-16.48,-16.785,-16.633,-16.633,-18.006,-19.837,-23.347,-22.736,-22.126,-21.516,-21.668,-22.889,-24.567,-25.788,-27.314,-28.382,-30.213,-30.824,-33.265,-34.791,-37.233,-37.385,-39.064,-38.911,-37.843,-36.317,-33.57,-30.824,-27.161,-22.889,-20.295,-18.006,-19.227,-19.379,-20.447,-18.311,-18.616,-19.837,-24.11,-25.788,-27.772,-31.129,-37.08,-41.047,-41.658,-40.742,-41.963,-39.979,-40.742,-41.963,-45.167,-46.846,-48.83,-50.356,-49.898,-48.067,-46.846,-45.167,-44.099,-43.031,-43.031,-43.641,-48.372,-51.881,-54.781,-54.933,-54.323,-51.424,-47.304,-43.641,-39.521,-35.859,-34.181,-32.807,-32.044,-32.502,-36.775,-38.606,-36.622,-34.333,-36.012,-38.453,-42.116,-44.404,-46.236,-47.151,-51.729,-56.001,-61.495,-64.089,-69.277,-73.55,-79.806,-86.062,-89.877,-91.556,-93.387,-93.997,-93.997,-91.708,-89.419,-84.231,-79.653,-71.108,-62.868,-54.476,-48.524,-45.015,-42.421,-42.268,-43.184,-43.947,-44.862,-45.93,-46.541,-45.778,-45.32,-41.963,-39.979,-39.521,-42.116,-43.947,-45.015,-45.167,-44.71,-44.252,-44.404,-42.879,-44.099,-45.167,-46.693,-49.745,-55.391,-59.358,-61.342,-61.953,-60.884,-58.29,-56.612,-54.628,-53.255,-47.304,-42.726,-37.385,-32.197,-26.399,-23.347,-21.21,-22.126,-21.821,-20.905,-18.921,-17.853,-18.464,-21.058,-23.499,-28.382,-31.892,-37.385,-43.794,-49.745,-51.271,-50.661,-47.914,-46.999,-47.456,-48.524,-47.914,-47.151,-43.641,-42.879,-42.879,-47.151,-49.44,-48.524,-47.761,-48.219,-45.625,-43.336,-43.947,-46.541,-47.304,-49.44,-51.424,-53.865,-55.391,-57.375,-57.375,-56.154,-54.781,-52.797,-52.492,-52.492,-48.067,-45.015,-42.116,-41.047,-39.674,-39.979,-39.979,-41.047,-42.726,-42.726,-40.132,-38.148,-36.622,-34.944,-34.944,-38.911,-42.726,-47.304,-48.372,-47.456,-45.778,-43.336,-40.59,-37.233,-30.366,-22.889,-16.327,-10.376,-4.4252,0.76296,7.7822,12.513,18.769,24.262,27.772,27.772,28.993,30.671,35.707,40.284,45.167,47.609,50.05,48.524,48.982,49.287,50.813,51.881,54.018,54.17,53.407,50.356,46.999,42.573,40.742,37.538,35.096,30.366,25.025,17.243,9.9185,3.357,-2.1363,-8.24,-14.344,-20.295,-23.652,-26.856,-27.924,-32.197,-34.486,-37.538,-39.521,-42.421,-44.71,-46.541,-46.083,-44.557,-42.726,-41.047,-40.437,-40.895,-39.064,-36.164,-31.281,-28.23,-20.447,-14.344,-9.3081,-5.9511,-3.6622,-0.45778,3.0519,5.1881,9.1556,13.428,19.379,23.804,27.924,28.993,28.687,27.619,26.399,27.009,28.382,30.976,33.113,33.723,35.401,34.333,33.418,29.603,26.551,22.584,20.295,18.921,18.921,20.295,23.804,26.856,28.535,29.298,31.739,36.164,41.2,43.794,47.304,48.372,50.813,52.339,52.797,52.95,53.713,52.644,50.05,49.898,52.187,53.56,56.154,56.612,57.833,57.375,58.138,58.29,57.527,55.391,53.56,53.713,55.238,56.764,58.748,57.68,57.985,57.222,59.206,60.427,61.495,61.953,63.326,65.004,64.394,62.105,61.19,60.884,63.936,65.767,68.667,68.972,70.803,71.871,72.176,72.787,72.787,72.176,72.787,72.024,72.329,70.04,70.193,71.261,72.939,73.244,74.618,76.754,79.348,80.874,82.247,83.926,85.452,84.231,82.705,80.264,78.89,77.822,78.28,77.059,74.923,72.787,71.566,69.887,67.446,65.462,65.615,65.92,66.073,65.31,65.462,64.852,65.31,63.784,62.716,61.8,60.884,59.206,57.375,55.849,54.781,52.492,52.492,52.339,52.95,52.95,53.713,53.407,54.018,53.865,53.713,54.17,54.476,53.407,54.781,53.102,52.95,52.034,53.56,53.255,55.849,58.748,59.816,59.969,60.579,61.647,63.478,65.462,69.887,72.634,76.907,81.332,86.825,89.572,93.539,97.201,100.41,102.85,106.2,108.65,110.63,111.85,115.51,118.11,122.23,124.21,127.57,128.03,128.79,130.31,133.06,133.82,133.37,129.86,128.79,127.57,127.72,124.06,122.38,120.24,119.94,120.09,120.55,119.94,119.63,118.11,115.51,112.77,112.46,110.63,110.02,106.81,105.9,105.75,107.43,107.88,108.19,107.58,107.12,106.05,104.68,102.54,101.93,99.49,100.56,99.948,99.948,99.338,99.796,99.033,97.659,96.896,95.828,93.692,93.387,92.776,95.065,98.27,104.37,108.04,110.78,112.16,114.75,116.12,116.28,115.67,116.89,115.97,116.28,114.6,114.75,115.36,117.95,117.8,117.8,117.19,118.87,118.87,117.95,116.89,116.73,115.97,116.58,116.12,117.8,116.58,116.28,113.83,113.99,111.55,109.71,107.12,105.9,104.83,105.59,104.98,105.9,105.14,106.66,104.37,103.76,102.39,102.85,102.24,102.39,102.24,103,101.63,102.08,100.41,101.17,101.93,104.98,105.9,107.12,106.36,106.81,108.95,112.77,115.21,116.28,114.6,113.53,109.56,109.26,107.43,104.98,101.47,99.033,96.591,94.302,90.487,88.961,85.452,84.689,81.79,80.721,76.907,75.381,72.634,70.803,67.598,68.209,66.683,65.615,65.157,65.615,67.293,70.345,70.193,71.718,72.176,73.397,72.787,72.176,72.329,73.855,75.991,77.67,80.111,81.637,81.942,83.926,86.062,88.656,90.182,91.556,93.081,93.997,95.37,96.286,96.438,95.981,93.387,92.776,90.182,89.572,87.741,86.367,84.841,84.994,83.773,82.858,83.163,83.926,83.621,82.553,81.027,79.806,76.296,74.007,70.345,68.209,64.547,61.19,59.358,56.764,51.424,48.677,45.93,43.184,39.216,37.69,35.401,34.944,33.113,32.502,31.434,31.892,32.35,34.181,33.876,34.944,31.892,31.129,29.45,28.84,26.093,25.788,24.11,24.415,25.483,27.161,27.314,27.619,26.551,26.856,24.415,23.652,21.363,23.041,22.584,23.499,23.194,22.889,21.821,23.347,24.415,25.483,24.72,23.347,22.584,23.804,22.279,21.821,19.532,20.447,20.295,19.837,19.684,19.074,20.295,24.873,27.467,29.45,28.84,30.671,30.366,31.434,31.739,34.944,38.453,42.573,46.388,51.576,54.933,53.102,49.593,48.067,45.778,44.862,43.031,42.573,40.284,37.08,32.807,27.314,25.636,28.535,33.876,35.707,35.096,35.096,35.554,36.775,36.47,36.927,35.249,29.45,23.499,16.633,10.071,2.4415,-5.4933,-10.834,-16.633,-19.99,-25.33,-32.044,-40.742,-50.508,-61.8,-71.566,-81.79,-90.182,-97.354,-104.53,-111.85,-119.33,-130.16,-138.71,-149.24,-159,-169.23,-178.08,-188.6,-199.59,-211.34,-222.94,-235.76,-246.28,-258.03,-268.26,-279.85,-289.01,-300,-309.92,-321.36,-334.03,-341.2,-347.45,-354.63,-363.17,-375.38,-386.36,-398.11,-407.57,-413.68,-418.41,-424.51,-427.26,-429.55,-427.56,-424.67,-422.53,-419.93,-417.04,-415.66,-414.29,-414.9,-411.85,-408.64,-405.74,-403,-399.49,-396.28,-393.69,-389.72,-387.13,-385.45,-385.45,-385.3,-381.48,-377.36,-370.04,-364.09,-357.52,-353.56,-347.45,-339.06,-331.43,-323.19,-315.26,-304.57,-292.98,-283.06,-273.45,-267.04,-260.78,-255.59,-248.73,-240.33,-231.79,-224.01,-218.36,-211.95,-206.31,-200.96,-196.54,-191.05,-183.26,-179.6,-172.12,-165.72,-159.31,-153.66,-149.39,-142.83,-135.2,-128.79,-121.46,-115.51,-108.95,-105.29,-100.86,-96.744,-90.335,-85.452,-80.569,-76.296,-71.718,-66.53,-62.258,-58.138,-51.729,-45.473,-38.606,-34.944,-30.366,-28.077,-26.246,-26.246,-26.246,-24.262,-22.279,-19.837,-16.175,-12.513,-8.24,-3.357,2.2889,4.7304,5.7985,5.6459,9.003,11.597,14.801,16.785,19.074,21.21,24.873,26.246,28.382,31.434,32.502,32.197,33.113,34.181,38.301,41.658,44.71,47.151,50.05,52.034,53.56,53.255,54.476,53.255,56.459,59.511,61.342,63.173,66.225,66.53,69.43,71.108,71.871,73.092,77.059,78.738,81.942,83.316,88.046,88.809,91.556,94.455,98.422,100.86,100.56,99.338,99.033,97.049,96.744,93.387,90.945,86.673,84.841,80.264,79.196,79.348,80.569,79.501,79.806,79.653,80.416,79.043,81.79,83.926,84.841,81.027,80.569,81.942,86.062,88.351,89.114,88.351,90.335,91.556,95.981,99.185,103.76,106.66,109.1,109.71,112.16,112.16,112.77,112.61,111.39,111.09,108.95,102.85,94.455,85.604,80.569,75.381,73.244,69.735,67.141,64.241,63.936,61.953,58.596,57.527,57.985,57.68,55.238,49.898,46.846,42.726,39.521,34.333,28.993,22.431,18.311,16.938,18.769,19.379,20.295,22.584,24.262,26.551,28.23,26.551,25.636,20.905,17.853,16.327,14.344,12.207,10.681,8.0874,5.7985,2.7467,2.1363,0.91556,-1.0681,-5.9511,-9.4607,-13.886,-14.801,-18.464,-21.21,-23.347,-24.873,-25.025,-23.804,-24.567,-27.619,-32.044,-37.843,-45.167,-49.745,-53.255,-55.849,-59.969,-60.121,-59.969,-56.001,-50.508,-46.083,-41.047,-34.028,-28.84,-24.262,-22.126,-19.99,-21.821,-20.753,-20.6,-19.837,-19.99,-18.769,-16.327,-17.853,-21.058,-23.194,-27.467,-32.197,-39.827,-44.71,-48.982,-48.524,-48.677,-49.593,-50.05,-52.187,-56.307,-60.121,-64.852,-68.819,-74.618,-79.501,-83.926,-84.384,-84.384,-83.773,-80.874,-77.212,-76.754,-77.212,-76.601,-76.754,-81.484,-84.078,-86.062,-83.773,-82.247,-80.416,-79.653,-80.721,-81.332,-80.416,-77.975,-75.686,-72.634,-68.209,-64.547,-59.816,-57.833,-55.849,-56.307,-53.865,-55.086,-56.001,-56.154,-55.696,-55.696,-57.68,-59.664,-58.443,-60.884,-62.563,-62.41,-60.884,-62.716,-65.31,-69.43,-71.566,-69.277,-64.699,-58.901,-56.307,-54.781,-52.034,-53.102,-54.323,-55.849,-56.917,-60.427,-63.021,-65.004,-66.073,-66.683,-71.261,-74.16,-75.076,-78.738,-83.926,-90.03,-94.607,-100.41,-103.31,-106.66,-110.48,-117.04,-121.16,-121.62,-122.53,-123.6,-122.07,-118.41,-114.14,-112.46,-109.1,-106.81,-103.61,-98.88,-92.929,-86.978,-82.705,-77.822,-72.634,-66.988,-60.427,-56.459,-51.576,-48.677,-43.489,-39.674,-36.47,-34.333,-33.265,-31.281,-27.161,-24.11,-21.058,-19.379,-18.311,-18.006,-18.769,-20.6,-18.006,-17.09,-16.633,-12.513,-10.376,-7.6296,-4.4252,-0.45778,-0.61037,-2.1363,-2.4415,-1.3733,-0.61037,-1.3733,-1.2207,-2.7467,-2.1363,-2.5941,-2.5941,-5.4933,-9.1556,-12.513,-15.87,-17.396,-17.243,-18.311,-19.227,-22.889,-24.873,-26.551,-29.756,-32.655,-33.723,-33.113,-37.996,-46.541,-48.524,-53.713,-56.154,-55.849,-54.018,-53.255,-51.424,-49.898,-46.388,-45.473,-45.778,-45.625,-44.404,-41.2,-36.317,-32.807,-28.382,-25.025,-18.006,-10.071,-5.6459,0.30519,7.7822,13.123,16.175,19.379,21.516,22.126,22.279,20.295,18.769,16.785,18.311,21.821,23.347,22.889,21.973,20.142,18.769,15.259,11.597,6.8667,3.2044,-1.3733,-1.2207,-4.5778,-6.7141,-7.0193,-7.477,-8.0874,-7.477,-5.6459,-2.2889,3.5096,7.7822,12.36,22.584,28.077,34.944,40.895,46.083,53.56,62.563,70.65,75.991,82.553,88.656,89.724,91.556,95.981,103.31,105.9,109.71,110.63,113.68,116.89,118.41,121.62,127.11,130.62,131.69,130.01,130.31,131.08,132.91,133.52,135.65,132.3,129.55,127.72,125.58,123.29,123.14,121.46,121.31,121.01,121.01,118.72,114.75,111.7,109.41,106.51,107.27,108.8,110.32,107.73,109.26,111.24,109.1,106.66,108.95,106.97,108.34,109.41,110.48,113.38,114.29,111.55,109.56,107.12,106.05,104.22,99.948,95.37,93.692,90.945,89.419,87.741,87.741,84.841,83.316,83.316,81.79,78.738,77.059,74.618,75.991,77.975,79.043,81.179,86.825,91.25,93.539,95.523,99.033,100.41,97.964,95.981,97.201,98.27,101.47,101.17,100.41,97.964,97.964,98.27,97.964,99.49,101.63,103.46,106.05,108.04,112.77,112.16,115.36,114.9,116.89,114.75,113.99,113.99,113.53,112.61,110.48,108.49,109.1,108.34,109.1,106.51,102.85,99.338,100.71,97.964,95.828,94.302,92.776,92.013,92.624,92.471,94.15,93.081,94.455,95.828,98.575,99.185,101.17,102.39,101.17,101.93,103.61,101.17,101.47,100.56,101.93,102.85,102.69,99.948,98.575,97.201,95.065,93.997,92.624,89.877,87.588,85.604,84.994,83.926,84.994,87.436,89.419,89.419,90.945,92.013,94.607,95.828,96.744,98.27,98.575,98.727,100.56,102.54,105.29,107.58,112.61,115.21,122.07,127.57,129.86,131.99,136.88,140.08,143.13,147.25,152.44,153.66,156.56,157.78,162.82,166.48,170.14,172.43,176.09,177.01,176.4,176.4,177.31,175.33,175.79,173.96,173.19,172.43,172.73,171.51,170.6,171.21,174.57,178.84,182.96,187.38,190.89,194.25,196.54,198.68,200.51,201.57,202.95,202.64,202.03,203.25,203.71,203.41,204.63,207.22,207.68,205.85,205.39,202.34,202.49,200.35,198.52,194.25,191.35,189.52,188.45,183.26,178.99,173.35,168,164.34,162.21,158.09,154.12,150,147.25,144.35,142.52,141.15,140.08,137.64,135.35,132.3,128.94,124.82,122.99,119.17,115.97,113.53,112.77,112.46,112.46,110.78,108.8,105.44,98.117,93.539,90.335,84.536,81.179,78.127,73.855,68.819,64.547,57.833,49.44,41.047,34.028,26.856,20.142,12.513,6.5615,1.0681,-0.61037,-4.2726,-8.8504,-15.564,-18.921,-22.126,-24.415,-25.025,-25.483,-29.145,-32.35,-35.401,-35.249,-36.927,-34.486,-33.265,-31.587,-31.434,-30.061,-28.84,-27.924,-30.519,-33.418,-36.012,-37.69,-39.674,-41.963,-48.372,-54.018,-58.748,-63.021,-69.43,-72.329,-75.076,-77.059,-78.433,-78.433,-79.501,-78.738,-80.264,-80.264,-83.01,-86.062,-88.198,-88.504,-90.487,-94.76,-98.575,-100.71,-101.63,-98.117,-94.76,-91.708,-90.335,-87.588,-86.978,-82.247,-76.754,-69.582,-66.378,-63.478,-62.563,-61.8,-62.868,-62.105,-62.563,-61.647,-64.241,-67.141,-71.413,-73.092,-75.991,-80.416,-86.367,-92.013,-101.32,-111.09,-120.24,-129.4,-137.64,-142.37,-146.79,-153.97,-165.72,-175.48,-183.87,-187.38,-189.98,-194.86,-201.57,-206.15,-208.29,-210.73,-217.44,-223.55,-229.5,-233.16,-237.13,-239.72,-242.47,-242.77,-241.71,-240.79,-240.94,-240.94,-241.25,-240.49,-240.79,-240.79,-241.55,-238.5,-236.67,-234.53,-230.72,-225.99,-221.87,-219.73,-219.89,-219.43,-218.51,-217.6,-217.44,-216.99,-218.21,-216.07,-214.55,-212.26,-209.97,-207.98,-206.15,-203.1,-200.96,-197.76,-194.86,-190.13,-187.23,-183.11,-180.52,-177.31,-173.65,-168.77,-164.65,-162.36,-160.99,-159,-159,-159.46,-159.15,-156.1,-154.12,-149.24,-146.03,-143.44,-142.06,-141,-139.62,-137.64,-134.74,-131.84,-127.26,-122.99,-119.94,-118.26,-118.87,-119.17,-120.7,-118.11,-117.34,-117.04,-117.04,-118.26,-119.94,-120.7,-121.31,-122.84,-125.74,-127.72,-132.15,-136.57,-142.83,-148.32,-152.29,-156.71,-163.27,-167.39,-168.61,-171.36,-166.63,-163.27,-166.17,-168.77,-168.77,-166.63,-164.19,-159.31,-154.88,-151.98,-149.24,-146.03,-141.91,-138.1,-132.15,-121.77,-113.83,-103.76,-92.013,-80.264,-69.735,-53.102,-39.064,-29.603,-18.616,-5.0356,7.3244,19.532,27.314,37.08,48.067,60.427,71.261,83.621,94.302,106.97,118.11,128.48,137.03,145.12,151.83,159.46,165.11,170.75,174.87,182.81,188.6,193.64,195.93,200.05,202.8,204.78,207.68,212.26,216.68,219.12,220.19,225.07,229.65,233.47,234.38,235.6,237.43,242.77,245.98,247.96,248.27,250.71,253.76,257.73,258.49,258.64,255.75,254.83,254.68,255.75,253.3,251.17,249.95,248.27,246.13,246.89,246.74,247.81,246.44,246.59,244.61,244.91,246.28,247.35,246.89,246.89,247.2,249.49,249.49,248.27,244.45,242.62,240.03,240.79,240.33,242.01,243.69,245.52,245.83,246.13,246.59,248.42,246.89,247.2,245.83,246.28,244.61,244.45,242.16,240.64,237.89,233.77,231.33,231.48,229.8,226.91,221.11,217.6,211.8,207.68,202.34,198.52,194.25,191.2,187.54,183.42,180.97,182.65,182.35,179.6,174.57,172.89,171.21,170.75,169.99,170.9,169.99,170.14,168.46,165.41,164.49,164.8,164.19,164.19,161.6,162.05,161.6,161.44,160.53,158.54,155.03,153.51,151.68,149.08,148.01,149.39,148.01,145.57,143.59,144.35,143.44,141.15,139.16,137.64,134.43,130.31,128.03,126.19,123.14,120.4,118.72,120.7,120.55,120.55,118.87,117.34,116.28,115.21,114.9,116.12,114.44,113.83,112.31,109.41,106.97,104.98,99.338,96.591,94.76,94.15,92.013,89.114,86.52,84.689,81.637,80.111,76.601,73.702,66.836,66.225,64.547,58.443,48.219,40.895,32.807,28.535,25.941,20.753,12.513,8.0874,4.2726,5.4933,3.6622,-0.76296,-6.4089,-9.1556,-10.834,-11.292,-11.292,-12.513,-13.733,-13.886,-15.564,-15.717,-13.123,-8.24,-6.8667,-5.0356,-5.6459,-4.2726,-4.4252,-2.1363,1.8311,2.2889,1.8311,1.8311,-6.2563,-12.97,-17.09,-23.347,-29.145,-29.298,-33.723,-42.268,-48.067,-52.644,-56.001,-60.427,-66.683,-70.345,-77.212,-81.79,-81.484,-81.179,-87.283,-95.981,-101.93,-107.27,-113.22,-116.12,-122.68,-126.96,-132.76,-135.81,-140.54,-140.23,-140.54,-139.77,-137.64,-136.88,-135.96,-133.52,-134.28,-132.3,-131.08,-129.86,-127.26,-122.23,-118.41,-114.75,-111.09,-106.05,-104.83,-103.92,-107.27,-109.26,-109.87,-108.65,-109.41,-111.85,-114.75,-114.29,-115.82,-113.99,-117.19,-120.09,-119.48,-116.12,-114.14,-116.28,-121.92,-126.65,-130.92,-130.77,-133.06,-137.03,-143.59,-148.01,-153.97,-157.63,-160.07,-163.88,-172.12,-178.23,-183.72,-192.27,-200.66,-204.78,-209.2,-209.36,-210.58,-211.19,-217.75,-227.36,-234.38,-241.25,-249.95,-256.2,-262.46,-266.43,-270.24,-272.38,-275.28,-278.48,-284.89,-293.44,-301.22,-310.98,-321.05,-332.35,-342.42,-350.2,-357.22,-362.1,-370.8,-380.57,-392.47,-402.08,-412.76,-423.6,-432.91,-440.84,-450.45,-459.46,-467.7,-476.24,-485.85,-494.4,-503.86,-513.63,-525.83,-538.19,-549.94,-561.24,-572.07,-584.58,-594.65,-603.05,-610.83,-616.78,-623.34,-625.48,-627.77,-627,-628.68,-632.65,-639.82,-648.21,-656.61,-663.93,-671.25,-678.88,-685.9,-690.18,-692.77,-694.3,-696.74,-696.74,-694.75,-692.77,-689.11,-686.51,-683,-680.41,-675.22,-668.81,-667.44,-663.93,-661.34,-659.66,-656.15,-651.57,-646.23,-640.58,-635.7,-630.05,-625.17,-618.92,-612.96,-607.01,-601.98,-596.33,-591.14,-585.5,-582.45,-581.22,-580.16,-578.33,-577.1,-573.9,-570.09,-564.59,-560.32,-556.81,-550.55,-542.47,-535.29,-528.28,-523.85,-519.42,-513.78,-509.35,-506.15,-505.23,-503.1,-498.21,-494.71,-489.82,-485.55,-480.51,-476.24,-473.19,-468.46,-464.49,-460.37,-455.34,-448.47,-440.08,-433.36,-427.11,-422.38,-417.8,-412.61,-408.95,-404.37,-398.72,-389.42,-381.48,-374.61,-369.12,-366.07,-360.42,-355.69,-350.35,-341.96,-333.11,-326.24,-319.83,-312.66,-308.69,-305.8,-300.45,-294.05,-286.42,-278.63,-269.48,-263.22,-257.12,-247.66,-239.42,-228.58,-216.99,-207.53,-197.15,-187.99,-177.01,-166.33,-153.66,-141.76,-129.09,-118.26,-108.19,-97.964,-86.367,-73.244,-61.8,-53.56,-45.32,-39.521,-35.249,-33.418,-33.113,-30.976,-28.535,-23.652,-19.837,-17.243,-15.412,-14.801,-14.344,-13.733,-14.801,-16.327,-17.853,-19.532,-22.431,-25.788,-27.314,-29.145,-33.418,-39.216,-45.473,-51.424,-52.034,-52.492,-51.118,-49.593,-48.067,-45.93,-41.81,-38.911,-39.216,-43.184,-45.778,-49.44,-49.593,-48.677,-47.914,-47.304,-46.541,-45.167,-43.336,-41.658,-40.59,-35.249,-28.382,-23.957,-19.074,-15.259,-13.886,-14.649,-10.681,-3.8148,0.61037,5.1881,9.1556,12.665,14.954,17.09,21.21,26.093,32.807,38.606,45.32,51.424,56.307,59.206,60.274,62.258,65.767,68.819,75.076,81.027,88.504,94.76,102.08,104.98,110.78,118.56,124.67,131.99,137.79,143.44,150.3,157.63,167.09,175.94,187.08,195.32,204.78,214.7,222.33,230.72,241.86,247.81,251.47,255.9,260.78,263.22,267.34,271.16,275.28,279.09,285.04,287.64,289.16,290.99,291.45,289.77,285.81,281.99,280.16,278.18,279.85,281.53,281.99,280.31,280.92,281.69,281.08,279.85,278.94,275.58,272.68,271.31,272.07,271.16,268.87,262.31,257.27,255.59,257.12,258.03,258.19,261.85,267.8,271.92,273.9,274.21,275.58,274.97,276.96,278.02,280.31,283.06,287.94,293.28,299.69,304.57,309.31,313.12,317.55,319.07,323.04,326.85,331.43,336.16,342.11,346.23,348.98,350.05,351.73,351.27,353.25,355.39,358.13,360.88,363.78,365,368.51,369.58,368.21,367.6,367.6,365.31,362.56,358.75,354.93,349.28,345.32,339.37,336.16,331.13,326.85,323.5,322.28,321.36,321.05,321.67,323.5,324.41,324.26,323.95,325.63,323.8,323.19,320.75,318.77,315.41,310.98,305.64,301.68,298.01,295.57,292.21,289.62,283.82,279.7,272.07,265.97,261.09,258.03,254.83,251.93,246.44,239.42,232.09,227.97,222.48,219.73,215.61,212.87,207.83,203.86,200.35,199.59,197.61,195.47,194.71,194.71,191.96,190.59,188.45,187.69,186.93,188.3,189.37,187.54,186.16,185.55,185.71,186.62,184.64,182.81,178.08,175.18,171.21,167.24,162.36,159.76,157.63,154.73,152.59,149.85,146.79,146.03,144.66,146.95,149.24,151.98,151.98,154.58,154.42,153.2,151.98,152.29,150.61,147.71,144.2,140.69,139.01,141.15,141.15,141.45,143.28,147.71,149.54,152.9,156.56,157.63,157.48,160.83,164.65,169.68,171.06,172.73,172.89,173.5,173.35,174.87,172.73,168.92,163.27,161.29,160.83,163.73,168.46,169.84,166.78,165.11,162.36,160.37,155.95,153.81,152.44,154.12,155.49,156.87,156.25,155.34,152.59,153.81,152.29,153.05,152.13,152.59,151.68,151.07,150.61,149.08,146.49,143.89,141.91,139.93,138.55,138.55,136.11,136.72,135.2,131.84,127.57,122.68,117.65,113.53,111.7,107.88,105.75,104.98,102.69,103.15,102.85,102.69,102.39,102.39,101.17,99.338,98.117,99.643,100.56,100.86,97.964,95.828,93.081,92.471,88.809,85.604,84.536,86.215,87.588,88.961,89.114,87.588,87.893,90.335,91.556,94.302,97.812,100.41,102.08,103.76,103.31,103.46,103.46,103.76,101.78,100.1,96.744,94.455,90.793,88.504,85.604,84.231,81.637,77.212,71.871,67.141,62.868,63.021,63.021,63.478,62.868,61.8,54.781,47.914,38.453,29.145,21.21,15.412,11.444,10.224,10.987,14.496,19.227,25.941,31.739,39.064,43.184,47.761,52.644,59.206,63.326,66.683,67.751,70.956,75.533,80.264,85.91,92.776,97.507,105.9,110.02,111.39,107.88,106.81,106.36,107.12,104.68,103.61,102.08,100.41,97.354,95.676,93.234,96.591,101.32,107.43,110.63,114.75,116.89,117.34,114.29,114.44,115.97,118.41,116.89,114.75,110.32,108.34,106.66,106.2,102.24,99.185,96.286,95.218,91.25,90.03,87.13,84.994,79.653,74.923,66.836,62.105,57.375,55.238,50.508,47.304,42.726,41.81,41.81,42.268,41.353,42.116,42.726,43.641,43.184,45.167,41.81,41.047,39.979,38.759,36.317,33.723,30.824,28.535,22.889,17.853,13.276,12.055,9.4607,7.7822,5.4933,5.1881,6.8667,8.6978,9.6133,10.071,9.003,6.1037,1.3733,-0.15259,-3.6622,-5.4933,-7.6296,-8.5452,-12.207,-14.649,-17.853,-21.21,-23.957,-26.551,-28.535,-30.366,-31.434,-29.45,-26.246,-22.126,-20.753,-18.769,-17.548,-12.97,-8.5452,-5.0356,-5.6459,-7.0193,-8.0874,-8.0874,-8.0874,-6.7141,-7.0193,-5.0356,-4.2726,-1.8311,-1.6785,-0.91556,-1.0681,-1.3733,-3.0519,-5.1881,-8.5452,-11.902,-15.107,-17.09,-22.889,-25.788,-30.213,-31.129,-34.486,-39.674,-45.32,-49.593,-54.781,-57.527,-57.985,-57.833,-59.358,-58.596,-58.138,-54.17,-53.56,-51.881,-52.187,-49.745,-47.456,-46.236,-45.473,-44.099,-46.388,-48.067,-51.576,-53.255,-55.238,-54.323,-56.612,-59.358,-66.225,-71.413,-74.77,-78.585,-80.569,-81.942,-84.536,-85.757,-91.25,-94.455,-97.049,-95.981,-97.201,-96.744,-97.812,-100.1,-103.46,-103.92,-105.14,-108.49,-113.99,-113.68,-112.31,-108.65,-106.97,-104.98,-104.22,-101.32,-97.964,-95.981,-93.539,-88.656,-83.468,-75.991,-71.261,-66.378,-66.225,-65.767,-68.972,-72.481,-76.601,-78.585,-80.874,-81.484,-79.806,-77.517,-75.686,-73.092,-72.481,-70.345,-69.43,-66.378,-65.767,-63.936,-61.342,-57.985,-54.628,-49.44,-46.236,-45.167,-45.93,-45.32,-46.541,-46.388,-46.999,-45.93,-45.167,-42.573,-42.116,-41.658,-39.521,-37.538,-32.96,-26.704,-23.041,-19.684,-18.311,-14.039,-10.834,-5.6459,-3.8148,-3.0519,-2.1363,-0.76296,-0.15259,2.2889,6.4089,12.055,14.496,18.159,18.616,18.464,17.853,19.837,20.753,23.041,22.126,19.532,18.006,16.938,14.039,9.4607,3.5096,-0.91556,-6.1037,-8.8504,-15.259,-21.973,-29.298,-35.401,-41.353,-47.609,-51.881,-54.476,-57.375,-59.816,-61.19,-61.19,-63.021,-64.394,-66.988,-67.446,-70.956,-73.397,-75.533,-76.754,-77.364,-76.449,-75.381,-75.076,-74.465,-72.481,-72.634,-71.261,-70.04,-66.53,-65.31,-65.615,-67.904,-69.277,-69.124,-69.124,-70.65,-72.787,-73.855,-73.397,-74.16,-73.397,-72.481,-71.108,-72.787,-73.092,-72.176,-71.871,-74.465,-76.449,-78.433,-80.416,-85.757,-90.182,-93.539,-95.065,-97.049,-98.422,-99.948,-100.71,-99.033,-92.776,-87.436,-81.942,-76.907,-71.413,-66.836,-61.495,-58.29,-53.865,-51.271,-48.677,-49.898,-51.271,-51.271,-49.593,-48.677,-46.236,-43.031,-39.979,-40.284,-39.521,-40.742,-42.268,-43.794,-45.625,-47.914,-50.813,-53.713,-57.222,-62.563,-65.462,-68.056,-70.345,-73.55,-73.244,-76.144,-78.585,-78.127,-75.381,-74.618,-74.007,-76.601,-79.501,-82.858,-84.384,-86.978,-87.588,-87.283,-83.316,-78.89,-74.313,-70.345,-66.378,-63.173,-59.664,-54.933,-48.372,-45.015,-41.658,-39.979,-37.538,-38.606,-37.538,-36.47,-35.401,-34.181,-32.35,-31.434,-30.671,-31.129,-28.077,-25.941,-22.584,-22.584,-21.973,-21.21,-19.99,-18.006,-14.954,-12.513,-8.3926,-6.2563,-1.5259,3.6622,12.97,21.058,30.519,37.538,43.794,48.372,54.781,60.579,67.446,73.855,81.79,86.978,95.37,99.948,106.97,112.46,120.24,125.58,129.7,132.91,136.27,138.71,141.61,143.28,146.64,148.93,151.68,151.22,152.9,153.51,154.58,155.95,158.85,162.51,165.87,168.92,173.04,175.48,179.45,179.75,181.28,180.36,180.36,179.91,181.74,182.65,183.11,181.13,178.08,175.79,177.77,179.3,182.2,183.72,187.54,192.42,198.52,200.96,203.41,207.37,211.34,214.85,219.89,222.48,226.75,229.04,231.64,231.48,232.7,235.45,235.76,235.6,237.28,237.43,237.74,237.43,236.82,233.01,230.72,228.89,228.89,224.77,220.95,216.38,212.71,211.19,210.43,207.68,205.85,201.27,197.91,194.1,192.11,187.08,182.65,178.38,173.5,166.94,161.29,157.78,154.12,147.56,141.3,134.43,130.77,127.57,126.35,123.6,123.14,123.14,123.29,122.07,120.55,118.26,115.97,110.32,107.73,102.08,96.438,88.504,82.4,76.296,71.413,65.92,59.664,53.56,48.524,42.421,40.284,39.064,35.096,29.145,25.178,20.447,15.87,13.123,10.987,10.681,10.071,9.9185,9.3081,6.1037,7.477,10.376,13.886,15.107,17.548,18.616,19.074,21.821,25.788,28.077,31.281,32.35,33.876,32.502,35.401,36.622,37.385,35.554,35.249,34.486,35.096,36.317,38.148,37.538,38.606,37.996,37.233,33.265,29.756,27.619,27.772,27.772,27.619,26.856,26.399,22.736,20.447,17.396,14.954,9.1556,6.2563,4.2726,0.91556,-3.9674,-7.9348,-13.886,-19.532,-25.636,-27.161,-30.061,-30.366,-34.486,-40.284,-48.067,-54.476,-60.732,-68.056,-75.686,-84.689,-91.861,-96.896,-104.22,-108.8,-115.51,-122.53,-130.92,-137.79,-143.74,-150.15,-158.24,-165.41,-170.14,-174.26,-180.82,-187.54,-196.23,-204.17,-214.09,-223.24,-232.09,-238.65,-241.55,-242.77,-243.69,-244,-244.45,-244.76,-244.91,-242.16,-242.93,-244.91,-247.66,-245.37,-242.16,-239.42,-241.1,-244.91,-246.59,-241.86,-234.84,-228.89,-222.63,-216.53,-213.63,-209.66,-207.53,-202.49,-198.52,-195.01,-192.27,-190.59,-187.99,-186.47,-184.48,-182.81,-180.97,-177.16,-175.18,-171.67,-170.9,-169.38,-169.84,-170.29,-171.97,-174.57,-177.01,-178.69,-180.36,-180.82,-183.57,-185.71,-188.15,-189.52,-191.05,-192.72,-192.88,-193.18,-194.1,-194.4,-194.71,-193.64,-191.05,-187.69,-187.23,-184.79,-183.57,-182.5,-181.89,-180.82,-182.35,-182.5,-184.03,-184.79,-186.16,-186.32,-186.16,-185.09,-184.48,-184.48,-187.38,-189.21,-193.03,-198.07,-203.41,-208.14,-212.71,-218.21,-224.62,-229.04,-233.16,-233.16,-234.23,-236.98,-241.1,-244.61,-247.81,-251.01,-254.07,-255.59,-256.2,-256.81,-260.32,-261.54,-262.76,-262.31,-259.56,-255.59,-251.17,-247.35,-245.67,-245.37,-245.83,-247.35,-251.17,-255.13,-260.02,-260.93,-261.09,-259.87,-259.87,-260.63,-261.54,-261.39,-261.24,-260.48,-259.25,-258.49,-259.87,-259.41,-259.1,-259.41,-260.48,-260.48,-259.87,-260.32,-259.71,-258.19,-256.66,-255.44,-254.52,-250.86,-247.66,-244.45,-242.16,-237.13,-232.55,-229.65,-227.21,-224.92,-222.02,-220.19,-219.43,-219.28,-220.04,-219.58,-218.82,-216.53,-214.55,-211.49,-207.83,-203.56,-199.29,-196.54,-194.71,-189.67,-183.87,-175.18,-168.77,-161.75,-155.19,-149.24,-142.06,-134.74,-128.33,-122.84,-116.89,-111.7,-106.2,-100.56,-95.828,-86.52,-79.043,-70.65,-65.462,-62.563,-57.375,-51.424,-46.236,-41.2,-36.775,-31.587,-26.704,-18.921,-11.75,-6.7141,-5.1881,-2.8993,-1.6785,0.76296,6.5615,16.785,28.23,36.317,41.81,48.067,50.813,55.849,60.884,65.157,68.209,73.855,80.569,86.52,89.572,89.572,87.588,85.452,82.858,81.179,78.28,77.059,77.059,82.247,87.283,92.318,97.507,102.08,105.29,106.66,108.19,109.26,107.43,105.75,100.1,95.981,93.387,93.997,98.727,107.43,115.82,124.21,132.91,142.37,150.61,155.8,158.09,162.36,165.41,166.17,166.17,174.41,185.09,193.64,195.01,187.69,173.65,163.88,165.41,170.6,177.47,186.32,191.2,195.78,195.78,193.18,181.28,161.29,141.3,131.38,129.7,134.89,141.45,148.63,150,142.06,116.89,84.994,60.579,58.901,74.77,109.71,154.12,194.4,222.33,238.81,244.76,244,233.01,218.82,207.22,206.15,212.26,222.02,228.13,228.74,221.72,209.36,193.18,175.33,156.87,147.86,147.1,156.56,167.85,177.31,180.21,176.7,169.23,157.17,147.86,151.07,164.49,185.71,206.31,226.14,240.18,248.73,245.83,237.43,221.56,201.57,179.14,158.09,139.32,125.13,113.07,102.85,88.961,75.533,61.953,50.356,35.249,19.532,6.1037,-4.4252,-9.6133,-10.224,-7.1718,-5.6459,-5.0356,-5.3407,-10.071,-16.785,-26.399,-34.486,-43.184,-51.729,-60.579,-68.972,-73.55,-76.296,-78.89,-79.958,-83.468,-88.656,-94.15,-97.507,-101.93,-106.97,-113.22,-116.58,-119.33,-122.84,-124.67,-125.28,-125.43,-122.84,-120.24,-117.19,-116.12,-115.36,-116.12,-116.73,-118.56,-121.62,-125.58,-129.4,-131.84,-133.37,-137.94,-141.45,-148.01,-154.88,-162.51,-168.61,-176.4,-181.28,-182.96,-180.52,-177.47,-173.96,-171.82,-170.14,-168.77,-168.46,-170.14,-169.68,-169.07,-165.72,-162.51,-159.46,-158.7,-162.36,-165.87,-168.31,-169.53,-171.97,-172.89,-170.14,-165.72,-159,-154.42,-151.22,-152.29,-154.88,-157.78,-159.61,-159.61,-158.09,-155.34,-149.85,-144.96,-140.84,-140.39,-142.22,-146.64,-148.93,-152.13,-154.73,-157.48,-157.32,-151.98,-144.35,-137.94,-133.06,-131.53,-133.37,-138.1,-143.44,-149.08,-152.59,-154.12,-152.9,-146.64,-131.99,-114.6,-99.338,-88.656,-81.79,-83.316,-87.588,-92.624,-92.318,-87.283,-77.67,-66.683,-56.001,-49.898,-46.846,-45.32,-43.031,-42.116,-43.947,-45.93,-43.184,-36.775,-24.567,-13.886,-6.8667,-5.3407,-8.0874,-12.818,-17.243,-22.431,-28.84,-39.979,-48.982,-56.307,-58.596,-59.969,-59.816,-59.053,-57.375,-56.612,-56.612,-56.917,-57.07,-59.206,-56.917,-54.933,-51.729,-48.982,-44.099,-39.064,-34.639,-30.976,-25.788,-20.447,-15.259,-10.529,-5.7985,-2.5941,0.61037,3.8148,8.0874,11.292,17.09,23.957,32.197,40.284,49.44,56.917,62.258,66.225,69.735,73.092,79.806,85.299,90.945,96.896,103.31,110.02,116.28,122.23,128.94,137.18,147.56,157.63,168.46,177.47,189.67,200.05,213.93,226.75,237.43,245.83,251.47,257.27,262.31,266.58,273.14,279.85,286.26,289.47,294.96,300,306.86,311.75,318.77,325.02,330.52,335.7,339.67,343.18,345.47,347.45,349.13,350.96,352.64,353.1,355.54,357.52,357.52,358.29,359.05,360.42,362.25,364.7,366.83,368.97,371.26,373.39,376.75,378.89,381.33,382.7,383.92,384.69,385.91,385.3,383.47,380.26,379.65,377.97,378.43,376.14,374.61,370.34,368.51,366.83,364.85,362.71,361.34,360.88,361.8,360.27,359.2,356,355.85,355.39,356.3,354.47,353.56,352.34,350.66,349.28,349.74,348.22,346.39,343.79,343.33,341.65,341.35,339.06,337.38,334.48,333.87,333.72,332.8,330.67,328.23,327.16,328.53,327.77,328.53,327.92,329.29,329.75,330.67,330.36,330.67,330.82,330.82,328.23,325.02,320.6,317.39,314.19,313.12,311.14,308.24,303.2,299.54,295.42,292.98,290.99,289.16,287.64,288.25,288.25,286.87,283.67,283.06,282.6,282.75,281.84,280.92,278.63,277.57,274.82,272.99,271.61,270.09,267.04,262,257.12,254.83,250.25,245.98,240.94,238.35,234.08,229.8,226.29,222.02,216.68,211.65,206.76,201.12,195.62,191.81,186.01,180.36,173.35,169.38,166.17,164.8,163.73,163.27,162.51,160.99,158.39,156.41,153.51,151.68,147.25,143.44,138.71,136.57,133.37,131.38,129.25,126.96,122.68,120.09,117.8,115.82,112.46,111.39,108.49,106.66,102.85,100.56,96.438,94.15,94.76,96.896,99.033,101.78,102.54,104.53,103.92,103.92,102.24,102.85,102.39,102.69,99.49,95.828,92.929,90.793,88.046,83.926,79.501,76.296,70.956,66.073,61.037,57.985,53.102,49.593,44.71,37.996,29.908,25.178,20.447,17.701,16.785,18.159,15.107,12.513,9.003,7.3244,5.3407,5.3407,4.883,4.5778,3.6622,3.6622,1.8311,-0.45778,-3.5096,-5.4933,-6.7141,-6.1037,-9.003,-10.681,-11.902,-11.902,-13.428,-16.022,-18.769,-19.837,-20.295,-18.921,-18.311,-16.48,-16.327,-16.48,-20.295,-24.262,-28.993,-32.35,-35.554,-41.505,-47.151,-52.034,-55.544,-58.901,-64.241,-66.836,-69.887,-71.871,-75.533,-77.517,-79.043,-80.569,-84.384,-87.13,-89.877,-89.877,-88.656,-86.52,-85.757,-84.689,-86.978,-89.572,-91.25,-90.487,-89.877,-90.335,-90.64,-90.03,-88.809,-86.52,-84.384,-81.027,-79.653,-78.433,-79.043,-77.212,-76.449,-76.907,-76.296,-73.55,-70.498,-67.293,-63.631,-61.647,-61.8,-61.342,-62.41,-63.478,-65.157,-64.547,-64.547,-65.157,-65.157,-63.478,-61.342,-59.664,-58.29,-56.612,-55.696,-54.018,-53.56,-51.881,-50.813,-49.287,-47.304,-45.473,-44.404,-44.404,-43.489,-42.879,-44.71,-47.304,-51.118,-56.307,-62.41,-65.92,-69.887,-70.345,-70.65,-70.04,-71.108,-68.972,-66.073,-61.647,-58.443,-56.154,-57.375,-58.901,-63.173,-63.021,-65.615,-64.699,-65.31,-64.852,-66.073,-66.53,-66.836,-65.92,-68.514,-70.65,-72.481,-73.244,-76.296,-77.364,-78.89,-77.517,-76.907,-76.907,-75.228,-71.871,-70.803,-67.293,-64.241,-59.511,-57.375,-53.407,-52.644,-50.356,-50.356,-49.593,-50.661,-52.339,-53.713,-54.17,-55.849,-55.696,-56.459,-55.849,-58.29,-59.206,-62.563,-63.326,-63.173,-59.816,-57.985,-55.238,-52.95,-51.424,-53.407,-55.849,-59.053,-59.511,-61.953,-64.241,-68.819,-71.108,-76.907,-80.569,-83.773,-84.994,-86.52,-88.198,-91.861,-93.692,-97.354,-97.354,-99.796,-100.25,-100.56,-95.981,-93.692,-91.098,-90.64,-90.64,-91.25,-92.166,-93.387,-94.15,-96.133,-97.507,-100.86,-102.69,-106.66,-109.41,-112.61,-114.29,-114.9,-114.14,-113.99,-115.05,-116.89,-118.87,-122.68,-125.13,-128.94,-130.31,-133.06,-134.13,-137.03,-139.16,-141.91,-143.44,-145.42,-146.34,-146.95,-146.95,-150.3,-152.44,-155.64,-158.24,-161.6,-163.43,-164.34,-163.88,-162.51,-160.37,-159.76,-157.02,-154.88,-149.08,-147.1,-143.89,-142.98,-140.69,-140.54,-138.86,-138.4,-137.18,-137.33,-135.81,-136.27,-136.42,-138.4,-140.84,-143.74,-144.51,-147.1,-147.1,-147.86,-148.78,-151.07,-151.68,-151.22,-149.85,-147.86,-146.34,-148.78,-150.15,-153.97,-155.95,-157.32,-155.49,-152.59,-148.63,-145.88,-142.98,-140.84,-135.04,-128.94,-119.94,-115.36,-112,-109.71,-104.68,-98.727,-91.403,-84.994,-78.738,-72.939,-66.988,-63.631,-58.29,-54.933,-51.881,-52.187,-49.745,-46.388,-41.658,-37.233,-30.213,-23.194,-17.548,-14.649,-11.139,-9.4607,-6.2563,-3.5096,1.5259,5.1881,10.834,16.48,22.126,25.636,31.434,36.317,43.031,46.999,51.271,51.118,52.95,54.323,58.138,57.985,57.833,57.375,57.833,56.612,55.238,54.018,54.628,53.102,52.797,53.56,57.68,59.969,61.8,61.495,61.647,58.901,57.375,55.238,55.391,54.933,54.323,51.576,51.729,50.813,50.661,48.219,47.456,43.489,39.521,36.012,33.723,31.892,30.061,27.314,24.11,18.921,15.87,10.224,6.8667,2.5941,-0.91556,-5.0356,-7.3244,-10.834,-11.902,-13.581,-16.175,-21.058,-24.873,-30.671,-34.791,-39.979,-42.879,-46.388,-49.135,-52.034,-54.323,-57.527,-60.579,-64.394,-66.53,-67.904,-68.361,-70.803,-70.345,-72.329,-71.261,-73.397,-73.855,-74.313,-74.007,-73.397,-71.871,-70.04,-65.31,-60.427,-54.018,-48.524,-42.421,-36.775,-29.145,-23.499,-16.785,-8.3926,0.91556,10.376,20.447,30.519,41.353,49.745,59.358,66.988,77.364,86.367,97.201,106.36,115.05,123.6,130.77,136.42,141.61,146.79,152.9,155.8,160.53,163.88,168.61,170.45,173.8,176.09,178.99,180.67,183.72,185.55,188.45,188.91,189.83,187.23,186.32,183.42,181.59,179.3,178.69,177.01,175.33,171.97,169.68,168.46,166.33,164.04,163.58,161.44,160.22,158.39,156.25,152.75,150.3,148.78,149.08,151.98,154.88,158.54,161.44,162.51,164.04,164.65,166.02,165.72,166.17,166.48,168.61,169.99,170.9,171.06,171.97,172.28,173.5,174.26,174.26,171.97,172.89,172.89,174.72,173.8,173.96,173.96,173.96,172.43,170.29,166.48,163.12,158.54,155.49,152.44,151.83,149.08,147.71,145.73,145.12,144.66,146.49,147.4,148.47,149.24,150.3,148.63,148.93,148.47,148.78,147.56,145.27,140.54,136.42,132.3,129.7,129.86,129.86,128.48,127.11,123.75,121.62,117.04,112.92,107.27,102.69,96.133,90.945,85.452,79.653,71.108,64.089,56.764,52.95,48.677,46.999,45.778,47.304,48.067,47.914,46.541,45.625,42.421,39.827,34.791,29.908,24.415,22.279,17.396,14.039,10.224,8.6978,6.5615,5.0356,1.6785,-0.91556,-2.8993,-3.5096,-5.1881,-3.6622,-1.9837,1.2207,0.15259,-1.2207,-5.0356,-8.8504,-13.123,-16.175,-17.701,-19.532,-21.668,-24.567,-27.314,-29.603,-33.113,-32.655,-32.502,-29.603,-27.009,-24.11,-23.957,-25.483,-27.619,-30.213,-32.807,-36.317,-41.505,-43.031,-45.778,-46.999,-50.813,-50.661,-50.661,-44.862,-39.369,-35.249,-33.57,-31.739,-30.213,-28.993,-29.298,-28.993,-31.892,-31.281,-31.129,-30.366,-30.976,-30.671,-32.655,-34.944,-38.759,-42.268,-45.625,-46.693,-47.456,-45.778,-45.32,-45.015,-47.609,-47.304,-45.778,-44.404,-45.015,-47.151,-50.05,-52.797,-54.781,-53.865,-53.102,-52.492,-52.797,-54.323,-58.748,-61.342,-63.478,-63.631,-61.647,-60.274,-60.884,-61.037,-61.8,-61.342,-64.547,-66.225,-71.261,-74.923,-79.348,-83.316,-87.893,-90.64,-93.997,-96.744,-102.69,-108.95,-116.43,-118.26,-120.55,-121.77,-124.82,-124.21,-124.06,-124.21,-127.87,-133.52,-139.62,-143.89,-149.85,-155.64,-161.44,-164.49,-168.31,-167.7,-169.23,-169.84,-173.5,-174.11,-176.24,-177.16,-177.01,-175.18,-173.19,-171.06,-169.23,-166.17,-164.8,-162.51,-158.85,-152.44,-148.63,-144.81,-141.45,-136.27,-129.7,-121.16,-113.07,-105.44,-98.422,-88.504,-80.416,-70.345,-61.495,-51.881,-44.71,-36.164,-28.535,-21.21,-17.243,-16.785,-17.548,-15.717,-12.513,-9.6133,-9.003,-5.3407,-2.7467,-0,1.2207,4.12,5.0356,7.7822,9.4607,9.6133,9.7659,10.529,9.4607,10.987,10.071,11.75,11.597,10.529,9.003,8.8504,6.4089,3.6622,0.45778,-1.9837,-4.883,-6.8667,-9.7659,-7.0193,-3.8148,1.8311,6.1037,10.224,12.665,15.259,16.327,18.159,21.058,25.483,31.587,37.996,41.963,46.541,52.644,59.053,61.8,64.699,68.361,72.329,75.838,76.754,73.855,70.193,67.598,69.124,68.667,67.446,65.92,66.073,65.31,63.784,61.8,61.19,60.427,58.443,54.933,53.407,52.492,54.628,56.612,59.816,60.427,59.816,56.307,53.713,52.187,52.492,54.018,56.764,60.121,62.716,62.716,64.547,66.378,67.904,66.378,65.462,63.936,64.089,63.631,64.852,65.004,63.326,62.41,63.021,63.173,64.547,66.683,68.972,68.667,66.836,63.021,61.19,58.748,53.56,49.898,47.456,45.778,43.947,42.268,39.674,36.622,34.028,29.298,25.33,20.753,17.243,13.581,9.6133,4.7304,0.61037,-4.12,-7.6296,-12.36,-15.564,-19.227,-19.684,-21.058,-20.142,-21.668,-23.652,-25.178,-26.093,-29.145,-32.96,-37.996,-42.116,-47.456,-48.524,-49.135,-51.729,-55.544,-56.307,-55.544,-55.086,-57.222,-59.816,-61.495,-63.021,-62.41,-57.222,-54.476,-52.644,-55.849,-60.579,-69.277,-76.144,-81.942,-84.689,-87.283,-89.419,-92.624,-93.997,-96.438,-95.37,-96.286,-94.913,-95.065,-91.861,-88.809,-86.978,-85.604,-84.384,-84.536,-85.147,-85.299,-85.604,-88.656,-90.03,-91.403,-90.182,-89.419,-85.604,-82.858,-79.501,-76.144,-71.718,-69.124,-65.615,-66.53,-67.751,-72.176,-73.55,-75.381,-76.449,-81.027,-83.316,-86.978,-90.487,-97.507,-103.61,-106.66,-104.37,-104.68,-104.07,-102.85,-102.24,-101.02,-95.828,-89.724,-83.621,-80.264,-77.364,-74.618,-70.345,-69.124,-66.988,-68.361,-68.972,-70.498,-68.361,-67.598,-64.852,-63.478,-61.19,-60.579,-56.154,-52.797,-45.625,-40.132,-33.418,-29.145,-23.957,-21.363,-19.532,-16.785,-14.344,-14.191,-14.496,-16.785,-18.006,-21.058,-21.21,-22.889,-22.431,-22.279,-19.684,-19.074,-17.243,-17.548,-17.701,-19.532,-20.447,-21.668,-23.041,-24.415,-23.804,-24.415,-27.467,-34.639,-38.148,-39.064,-38.759,-40.59,-41.2,-41.81,-42.879,-44.252,-42.573,-41.81,-37.538,-36.164,-34.333,-33.723,-28.993,-22.126,-14.649,-8.6978,-2.8993,0.30519,1.5259,3.6622,7.3244,9.3081,12.665,14.801,18.769,20.753,23.499,28.23,34.639,40.895,46.236,48.982,52.492,54.17,56.307,56.459,57.833,57.07,58.443,60.121,61.19,62.258,63.021,63.326,63.784,63.936,64.852,64.699,64.852,61.19,56.307,48.982,42.879,38.911,35.707,31.739,28.077,25.483,23.194,20.142,16.327,11.902,11.292,10.071,9.4607,7.6296,4.5778,3.9674,3.2044,2.5941,3.6622,5.0356,7.477,10.376,15.412,18.159,22.431,27.314,33.723,39.064,44.557,52.034,60.274,65.615,69.582,71.413,74.77,76.144,78.127,76.907,77.212,77.059,76.754,74.618,72.481,69.887,67.293,65.31,64.852,61.953,60.274,57.833,56.459,53.407,50.05,46.541,43.336,39.674,38.606,38.759,40.895,40.742,42.116,42.879,47.609,51.729,54.17,55.391,55.696,55.391,55.391,53.56,52.797,50.356,51.576,51.576,51.881,48.067,45.93,42.726,41.353,40.742,41.81,40.895,38.911,33.723,32.96,33.113,33.57,31.129,30.671,29.298,28.382,26.704,25.941,23.957,22.431,21.363,20.447,18.616,17.09,12.513,9.1556,6.4089,6.7141,5.9511,5.1881,3.9674,4.883,4.5778,5.9511,7.477,11.75,14.496,19.227,21.516,25.636,28.23,31.892,33.57,33.876,32.502,30.366,27.009,25.788,23.957,23.804,20.447,17.853,12.97,10.224,7.0193,7.0193,7.477,9.1556,12.665,15.412,16.022,19.532,21.668,23.499,22.889,24.415,22.279,21.973,21.668,22.431,22.279,24.72,27.924,33.418,36.47,39.216,36.775,35.707,33.876,33.265,31.587,29.45,27.314,25.788,25.483,28.993,34.181,39.827,44.252,48.982,49.135,49.593,47.304,45.32,41.658,39.369,36.775,33.57,31.892,30.671,30.671,29.603,27.314,25.33,24.415,25.636,26.551,28.23,31.434,33.876,35.554,37.233,37.08,35.401,34.333,34.028,32.655,32.197,30.213,29.603,27.161,22.584,16.022,10.834,8.0874,7.7822,8.6978,9.3081,12.055,14.496,13.733,14.496,14.039,16.327,17.548,19.99,20.6,21.058,21.058,18.311,13.276,8.6978,5.6459,0.30519,-6.7141,-10.987,-15.107,-18.311,-21.668,-23.652,-28.077,-32.655,-37.996,-44.099,-48.982,-51.881,-54.323,-56.154,-56.612,-54.476,-53.255,-52.644,-53.407,-54.628,-56.917,-57.68,-58.596,-58.901,-58.29,-56.764,-56.917,-55.849,-57.07,-57.68,-61.495,-61.647,-64.699,-65.767,-67.904,-66.53,-65.31,-62.563,-62.258,-61.037,-60.732,-57.833,-57.375,-54.323,-54.781,-53.56,-56.001,-58.138,-62.563,-67.293,-71.413,-72.329,-72.939,-72.176,-70.65,-67.751,-68.361,-68.056,-71.108,-71.871,-74.77,-75.991,-77.67,-77.517,-77.822,-77.059,-75.838,-74.007,-72.787,-68.819,-66.225,-61.342,-58.596,-52.644,-48.83,-44.71,-39.979,-36.012,-33.113,-29.908,-27.619,-25.788,-26.704,-24.873,-24.262,-21.973,-21.363,-17.243,-14.039,-8.24,-4.2726,-3.2044,-2.8993,-1.2207,-0.91556,-2.1363,-4.883,-3.5096,-3.8148,-1.8311,-0.61037,3.2044,6.1037,10.681,12.513,11.902,7.0193,-1.9837,-12.513,-19.227,-24.415,-27.314,-31.892,-33.876,-37.996,-39.369,-42.421,-42.268,-40.895,-36.47,-33.113,-28.382,-24.11,-21.668,-20.447,-17.853,-16.633,-12.513,-8.8504,-4.2726,-2.5941,-0.15259,1.5259,1.5259,1.9837,3.8148,6.7141,9.3081,10.376,13.428,14.344,15.87,16.175,17.853,18.464,19.684,20.753,21.668,23.499,25.33,23.652,21.516,20.142,19.684,17.701,17.09,14.649,11.75,8.8504,6.1037,4.7304,4.5778,4.4252,4.5778,6.2563,9.1556,10.987,12.207,11.139,12.97,15.412,18.464,22.431,27.161,33.113,38.301,42.879,47.914,50.203,55.238,58.901,62.563,61.953,62.105,59.358,56.917,53.713,51.424,48.677,46.236,43.489,44.557,44.71,48.524,50.508,52.797,52.95,53.865,52.492,50.356,46.693,43.641,41.505,40.132,39.216,39.674,37.996,37.08,35.859,38.301,40.895,44.862,46.388,49.135,50.508,52.95,54.476,55.849,55.086,55.696,55.391,55.849,53.713,54.781,56.459,58.748,59.053,58.443,56.764,55.086,52.492,50.508,47.304,45.167,42.421,41.81,41.505,42.573,42.116,42.116,41.353,39.674,37.538,34.791,30.366,27.161,22.279,20.905,18.464,16.633,13.123,11.75,9.7659,6.8667,2.4415,-1.2207,-5.3407,-6.2563,-5.7985,-4.2726,-2.5941,1.6785,5.0356,9.3081,10.987,12.97,14.039,15.107,15.87,18.311,20.447,24.262,25.33,26.704,25.636,27.467,26.246,25.636,23.804,21.21,17.243,14.649,13.581,12.665,11.444,14.191,16.175,19.074,19.532,18.159,13.428,11.444,8.8504,3.9674,0.30519,-2.7467,-3.9674,-2.1363,0.76296,4.12,6.5615,9.3081,8.5452,9.4607,9.9185,10.834,11.902,10.681,8.5452,7.1718,6.2563,7.1718,7.7822,9.1556,8.8504,9.1556,9.1556,9.1556,5.6459,1.8311,-0.76296,-4.883,-8.8504,-14.039,-18.006,-21.516,-24.72,-23.347,-21.821,-20.447,-18.464,-13.428,-9.3081,-3.8148,0.61037,5.0356,8.24,10.071,10.224,12.818,17.243,23.957,27.924,31.281,30.366,29.45,29.908,31.434,31.129,30.519,30.366,31.281,32.655,33.723,30.519,28.535,27.009,27.161,25.178,23.499,20.6,18.769,14.954,10.224,6.2563,3.5096,-1.8311,-8.3926,-16.785,-22.584,-28.077,-30.061,-31.434,-34.028,-38.453,-41.81,-41.81,-42.573,-45.473,-47.151,-50.508,-53.407,-56.307,-55.391,-54.781,-50.356,-46.083,-41.963,-40.742,-38.301,-38.453,-39.064,-40.132,-37.385,-35.401,-33.57,-32.044,-27.161,-19.532,-10.224,-3.2044,2.8993,5.7985,9.7659,10.529,12.665,15.717,20.142,23.957,28.382,30.976,34.333,34.791,34.944,34.791,36.47,38.759,41.963,43.947,45.93,45.93,44.862,43.184,42.726,42.116,39.216,36.317,33.113,29.45,28.077,23.804,18.464,10.529,6.2563,4.12,1.9837,-0.61037,-1.6785,-3.0519,-3.2044,-4.883,-2.8993,-1.2207,1.9837,1.0681,-0.45778,-4.12,-5.3407,-6.4089,-7.0193,-7.9348,-7.9348,-9.1556,-9.4607,-10.987,-13.428,-19.532,-23.499,-28.077,-32.502,-38.606,-43.794,-49.44,-55.086,-59.664,-61.037,-57.527,-50.203,-45.015,-43.489,-47.914,-52.187,-55.696,-57.833,-57.985,-56.612,-56.154,-55.696,-55.238,-52.644,-49.287,-45.015,-44.557,-43.947,-46.541,-47.914,-49.135,-50.203,-51.576,-52.797,-54.018,-55.544,-57.527,-59.816,-62.563,-63.326,-64.699,-67.446,-71.413,-72.939,-73.397,-72.481,-71.871,-70.345,-71.261,-73.702,-79.348,-84.384,-89.877,-91.556,-89.419,-84.384,-81.179,-79.043,-77.822,-74.923,-71.261,-69.124,-68.209,-68.819,-70.193,-68.667,-69.887,-70.65,-72.329,-75.686,-78.585,-81.027,-82.858,-83.468,-84.994,-86.52,-89.267,-92.471,-98.117,-99.948,-103.92,-104.98,-106.51,-107.88,-109.26,-108.19,-108.19,-106.81,-105.59,-102.39,-99.948,-95.218,-94.302,-95.218,-96.438,-93.997,-90.487,-83.01,-77.059,-70.498,-66.225,-61.953,-59.664,-54.17,-52.034,-48.982,-48.524,-48.219,-49.898,-50.05,-50.203,-50.661,-50.356,-48.677,-48.067,-48.982,-53.102,-54.628,-57.527,-56.917,-55.238,-50.203,-47.456,-43.641,-41.353,-40.284,-41.2,-39.979,-37.843,-34.944,-34.639,-31.892,-30.671,-30.976,-33.265,-33.876,-33.265,-32.197,-30.061,-27.009,-24.11,-21.363,-19.532,-18.006,-18.464,-15.717,-12.207,-7.477,-3.8148,1.5259,7.1718,11.444,13.733,14.344,15.717,16.48,17.243,18.921,19.379,19.837,20.142,21.363,19.99,18.769,18.921,18.921,16.022,10.529,4.7304,0.61037,-2.1363,-1.5259,-1.8311,0.15259,-1.2207,-1.0681,-1.8311,-1.5259,-0.61037,1.5259,0.30519,-1.2207,-3.2044,-3.357,-5.0356,-2.5941,-1.6785,-0.30519,0.45778,3.2044,6.2563,9.9185,10.529,7.7822,4.5778,1.2207,-0,-0.76296,-3.0519,-5.0356,-7.3244,-4.883,-3.0519,-0,2.4415,4.7304,4.7304,5.0356,4.883,2.5941,-1.2207,-0.76296,1.3733,6.1037,10.529,16.785,20.905,23.652,26.093,28.382,30.213,31.434,34.333,35.707,36.317,38.606,40.132,43.336,43.336,43.336,42.421,40.895,39.064,38.759,36.164,33.418,30.213,30.061,29.145,29.603,29.298,31.434,33.57,36.47,39.521,41.658,43.489,48.677,52.95,59.358,65.615,71.871,74.465,77.212,77.822,81.179,83.316,88.961,95.065,100.41,103.31,104.98,105.14,105.44,104.22,106.36,106.66,107.43,106.81,109.26,110.63,111.85,116.12,121.31,124.06,125.13,125.74,128.79,130.47,136.11,139.62,141.76,142.98,146.95,150.3,153.2,155.19,158.7,162.05,166.33,169.07,172.58,177.16,185.86,190.89,197.3,199.9,201.73,201.88,201.12,199.44,199.29,196.39,192.11,186.47,181.89,176.4,171.97,166.02,161.75,158.09,153.05,146.18,141,134.28,126.19,117.04,109.87,101.47,93.997,85.147,79.501,70.04,60.884,54.933,51.424,49.44,51.118,54.476,59.511,61.342,64.241,63.478,63.326,63.173,63.784,63.784,64.089,64.241,64.241,63.478,62.868,62.716,62.41,61.8,63.478,61.342,59.511,57.07,56.764,56.307,55.238,54.17,54.17,52.95,52.95,53.713,52.187,49.593,48.067,45.473,41.353,36.012,31.434,26.093,22.584,20.753,19.532,19.532,18.769,18.006,18.311,18.616,20.447,21.821,26.704,29.145,33.113,34.639,36.622,35.554,33.723,31.434,28.993,23.347,19.227,15.107,12.513,9.3081,7.3244,6.1037,6.2563,5.3407,4.883,4.4252,5.4933,4.12,0.30519,-2.5941,-5.0356,-6.1037,-5.6459,-6.2563,-7.7822,-12.055,-15.564,-19.074,-19.227,-17.853,-17.701,-17.548,-18.921,-20.753,-22.889,-25.178,-25.483,-25.33,-25.788,-27.314,-27.009,-28.84,-28.535,-28.687,-28.84,-27.161,-24.567,-21.058,-18.006,-15.107,-11.444,-7.7822,-3.0519,0.45778,4.7304,8.3926,10.681,11.139,10.987,10.681,11.75,13.123,13.886,13.276,11.292,6.1037,2.7467,-2.5941,-7.477,-11.597,-14.191,-16.633,-19.532,-23.041,-22.279,-20.142,-14.191,-8.6978,-3.2044,1.6785,5.7985,8.24,10.224,10.224,7.477,3.9674,1.2207,-0.76296,-2.5941,-4.5778,-3.5096,-5.4933,-7.7822,-12.665,-16.633,-19.379,-20.295,-21.058,-21.516,-21.973,-20.905,-19.837,-21.21,-25.178,-24.11,-21.516,-18.464,-16.327,-10.987,-8.5452,-8.8504,-8.8504,-9.4607,-11.902,-14.801,-19.227,-21.516,-23.347,-23.194,-24.11,-25.483,-27.161,-28.077,-29.756,-30.519,-29.908,-30.671,-31.892,-32.044,-31.892,-30.213,-31.129,-33.418,-38.301,-40.742,-46.083,-50.813,-54.018,-56.612,-58.443,-62.716,-65.92,-64.699,-63.478,-61.953,-61.953,-60.579,-58.596,-56.001,-55.849,-57.07,-56.459,-53.56,-50.203,-46.388,-42.116,-38.148,-34.639,-31.281,-30.976,-30.671,-28.535,-23.499,-18.769,-12.97,-8.8504,-6.1037,-3.2044,0.91556,5.4933,9.3081,10.834,12.513,11.292,10.529,9.7659,8.8504,7.6296,8.24,11.444,14.954,17.701,18.616,18.769,19.227,19.379,22.736,25.636,28.23,28.23,28.687,24.567,18.616,12.818,9.7659,8.24,6.8667,5.0356,3.357,1.0681,1.5259,2.5941,3.9674,2.8993,2.7467,0.61037,-2.2889,-5.7985,-6.1037,-1.8311,0.91556,2.4415,5.0356,4.12,2.1363,-3.6622,-9.7659,-16.785,-21.821,-27.467,-33.113,-37.385,-39.827,-40.437,-38.911,-36.775,-34.639,-34.639,-30.976,-25.788,-18.464,-12.665,-10.224,-9.4607,-8.6978,-7.6296,-6.8667,-5.0356,-1.0681,2.4415,6.7141,8.0874,10.376,11.902,14.191,14.344,14.496,13.276,11.444,8.5452,5.7985,3.2044,0.15259,-4.4252,-5.9511,-5.1881,-1.0681,3.5096,6.8667,8.0874,5.4933,-0.15259,-4.12,-7.0193,-9.7659,-12.513,-11.597,-9.9185,-5.3407,-2.5941,2.4415,6.2563,9.3081,9.7659,9.7659,8.3926,7.3244,7.477,7.3244,6.5615,7.9348,9.9185,12.97,13.276,12.97,10.071,8.3926,6.5615,3.5096,-0.30519,-5.3407,-10.224,-14.649,-20.142,-26.246,-34.486,-41.047,-49.44,-57.68,-66.378,-74.618,-79.196,-84.841,-90.335,-94.607,-97.354,-97.201,-97.201,-94.455,-92.318,-90.945,-90.487,-86.673,-83.01,-78.89,-73.092,-66.378,-59.511,-54.476,-49.44,-44.099,-40.437,-36.47,-35.401,-29.908,-24.11,-18.159,-12.818,-7.1718,-2.8993,0.45778,3.6622,8.0874,8.8504,9.7659,10.529,13.123,14.649,16.938,16.633,14.039,10.224,6.4089,3.357,0.76296,-1.6785,-1.9837,-2.5941,0.45778,3.6622,7.477,9.6133,14.954,21.058,27.619,32.655,36.47,40.437,44.862,48.982,54.018,55.391,55.238,55.238,58.443,61.037,62.716,62.105,61.8,60.884,61.037,60.274,60.274,57.375,56.459,52.644,49.135,42.573,37.233,33.876,30.671,25.483,19.684,14.649,10.071,5.4933,2.8993,-1.8311,-6.1037,-10.681,-11.597,-12.207,-9.003,-5.0356,-0.61037,5.9511,12.207,17.396,23.652,29.603,34.791,38.148,40.59,42.268,45.015,43.641,42.879,39.979,39.216,36.47,32.96,28.077,22.736,17.09,13.123,9.1556,7.1718,3.0519,-1.0681,-4.12,-8.0874,-16.022,-22.889,-28.535,-33.113,-37.233,-40.742,-45.625,-50.813,-56.764,-60.427,-62.258,-62.105,-60.732,-58.901,-59.358,-62.41,-64.394,-64.241,-61.495,-54.628,-48.372,-42.879,-39.064,-33.723,-28.687,-21.821,-15.717,-10.834,-6.5615,-1.9837,4.2726,11.292,17.09,21.363,22.584,26.399,28.23,29.603,26.399,25.178,21.21,16.633,10.071,4.5778,-0.30519,-4.4252,-10.376,-14.496,-18.464,-21.363,-24.873,-26.856,-29.298,-30.976,-31.892,-33.113,-30.976,-25.33,-19.684,-15.259,-11.597,-7.3244,-5.0356,-1.9837,-1.2207,2.4415,3.6622,5.0356,6.4089,7.7822,7.0193,6.7141,4.4252,1.8311,-3.357,-5.1881,-7.1718,-8.0874,-10.987,-12.818,-12.818,-11.902,-12.513,-14.191,-15.87,-18.921,-21.668,-22.584,-23.804,-23.347,-22.584,-18.921,-18.769,-17.853,-16.327,-13.123,-10.987,-7.1718,-2.5941,4.12,9.003,16.175,19.99,24.567,27.161,30.976,32.807,35.096,36.164,36.47,37.385,38.606,38.148,38.606,37.843,37.385,34.639,34.486,33.113,32.655,32.197,32.044,30.671,30.061,30.213,33.418,34.639,38.453,40.895,46.388,50.203,54.17,56.001,57.07,57.222,56.154,55.238,53.713,50.508,49.745,47.914,45.32,41.047,39.674,40.132,42.421,41.963,40.895,39.369,39.369,38.148,36.775,34.028,33.418,30.061,26.551,21.21,17.396,13.733,10.376,8.8504,8.0874,6.4089,6.7141,6.4089,6.5615,3.9674,3.357,1.9837,1.3733,-1.0681,-2.4415,-4.7304,-9.003,-11.444,-14.801,-17.548,-19.379,-23.194,-23.957,-23.041,-19.684,-17.853,-17.853,-21.21,-22.431,-23.957,-24.72,-24.567,-24.262,-25.33,-24.11,-23.194,-19.684,-18.616,-17.853,-19.99,-18.616,-17.243,-14.191,-11.902,-11.597,-11.75,-12.207,-11.444,-9.1556,-7.1718,-5.0356,-4.7304,-2.1363,-1.6785,-0.76296,1.6785,4.883,10.071,14.649,21.21,27.467,31.587,34.333,35.554,37.538,39.369,43.947,45.625,48.83,50.813,54.018,56.307,58.29,59.206,61.037,62.868,64.089,64.089,64.699,63.173,62.563,60.274,57.68,52.339,47.151,40.895,36.47,31.129,25.941,19.99,15.717,12.665,11.292,10.071,10.376,8.24,7.0193,3.8148,1.2207,1.8311,1.9837,1.9837,2.4415,3.2044,4.5778,2.1363,-1.6785,-6.2563,-8.0874,-8.8504,-8.24,-9.6133,-13.123,-18.311,-21.363,-24.873,-30.366,-37.69,-41.963,-46.846,-47.761,-48.067,-47.456,-46.541,-44.099,-41.963,-40.59,-38.911,-37.08,-35.096,-33.57,-32.197,-31.434,-33.723,-35.096,-39.064,-42.116,-45.015,-45.625,-44.099,-41.2,-37.538,-34.639,-33.57,-32.197,-33.418,-34.181,-36.47,-37.69,-41.963,-48.677,-59.511,-68.514,-77.364,-83.468,-89.267,-94.607,-101.78,-105.59,-109.26,-108.49,-110.02,-110.32,-109.87,-107.88,-105.75,-103.61,-102.08,-98.88,-96.591,-92.929,-92.929,-93.539,-94.455,-91.708,-89.419,-85.91,-82.705,-78.585,-74.313,-68.056,-62.563,-56.001,-49.135,-40.132,-33.723,-29.145,-27.314,-24.11,-23.804,-22.736,-25.025,-29.908,-34.028,-36.012,-37.08,-39.216,-44.557,-50.661,-59.053,-66.53,-74.618,-79.501,-84.078,-85.604,-88.351,-90.03,-90.64,-89.114,-88.351,-86.673,-86.215,-83.621,-81.637,-77.517,-77.212,-77.059,-77.364,-74.16,-70.498,-65.004,-60.274,-55.696,-51.424,-44.099,-39.216,-31.587,-27.924,-22.279,-20.753,-18.006,-15.107,-12.055,-8.8504,-6.2563,-3.0519,-0.15259,1.3733,2.1363,-0.30519,-1.6785,-4.2726,-6.4089,-10.681,-12.36,-13.428,-12.055,-11.139,-5.7985,-3.2044,-2.7467,-4.12,-4.4252,-4.883,-5.0356,-7.9348,-9.7659,-10.224,-8.6978,-3.5096,2.8993,6.8667,8.6978,7.9348,8.0874,7.1718,7.477,7.0193,8.8504,10.071,12.818,14.801,18.616,21.21,24.11,26.093,26.704,27.314,29.45,29.298,31.129,33.113,34.944,34.791,33.113,31.739,29.603,28.535,29.145,30.213,33.113,35.249,37.69,36.622,35.554,32.807,31.129,29.45,28.077,27.467,26.551,24.72,21.21,17.548,16.48,15.717,14.344,12.818,13.428,13.123,13.581,12.818,11.444,10.224,9.3081,8.24,9.3081,11.75,15.87,19.379,25.025,27.467,29.298,30.519,30.976,32.197,33.418,33.723,33.418,32.96,34.028,34.791,37.233,37.996,37.233,34.181,30.976,27.314,23.499,20.142,16.327,13.581,9.6133,3.6622,-1.3733,-7.0193,-9.1556,-10.529,-11.902,-16.48,-19.684,-20.447,-23.194,-27.467,-32.35,-38.606,-43.794,-50.966,-56.764,-63.784,-68.361,-72.329,-72.634,-71.718,-70.193,-68.972,-66.378,-63.326,-58.901,-54.628,-48.372,-44.404,-38.911,-34.333,-30.671,-28.84,-26.704,-23.652,-18.769,-12.97,-9.1556,-5.4933,-1.3733,0.61037,2.1363,2.1363,5.0356,6.8667,9.003,9.003,7.7822,5.6459,3.0519,0.61037,-0.76296,-2.5941,-2.2889,-3.357,-4.4252,-8.6978,-12.36,-17.09,-21.821,-26.399,-28.993,-29.756,-28.23,-26.704,-23.041,-20.905,-15.259,-12.36,-9.4607,-6.7141,-1.5259,3.357,6.7141,9.3081,10.987,12.055,14.496,18.311,22.126,22.431,25.483,29.603,34.486,38.453,42.879,49.44,56.001,60.732,64.699,68.819,74.16,77.517,81.332,84.841,88.656,89.114,90.487,90.487,92.166,92.471,94.15,95.523,98.117,100.86,103.61,105.75,107.58,108.04,109.87,109.71,110.93,111.7,113.07,114.9,118.72,122.38,125.28,127.11,130.77,133.21,136.88,137.94,139.16,139.16,140.54,141.76,143.13,144.35,144.66,145.12,145.12,144.81,145.27,144.35,144.51,143.28,143.28,144.05,145.12,146.49,148.01,148.01,147.56,146.49,146.34,145.88,148.01,148.47,149.69,149.08,148.01,145.73,144.05,144.05,145.12,146.18,147.71,149.69,153.36,154.27,154.12,151.68,149.08,144.66,141.76,139.62,137.33,133.37,129.55,125.43,122.99,117.5,113.53,109.1,105.44,101.47,99.796,98.727,99.033,99.338,98.575,99.338,101.63,104.07,106.97,108.34,109.26,107.58,107.27,106.97,107.58,107.73,108.04,107.27,105.75,103.61,102.39,99.643,97.659,96.133,97.507,96.286,94.607,93.081,90.335,87.741,86.978,87.741,87.741,85.299,83.621,78.89,77.67,76.296,77.822,79.196,82.247,86.062,88.961,92.776,96.896,100.56,106.97,110.63,112.46,110.78,110.63,109.56,107.88,105.14,102.54,97.507,92.318,87.588,82.4,76.601,72.176,66.683,61.19,56.307,53.407,48.067,42.879,37.538,33.265,28.382,24.72,21.21,20.142,17.853,18.311,17.396,17.243,16.175,16.48,15.564,14.191,13.123,14.039,14.039,13.123,11.597,10.834,8.5452,8.0874,7.0193,6.7141,2.5941,-0.15259,-3.357,-4.883,-4.4252,-2.4415,-1.3733,0.15259,-0.61037,-2.5941,-6.8667,-10.529,-16.327,-19.379,-23.194,-26.093,-29.756,-35.401,-42.421,-47.914,-52.492,-54.17,-56.612,-58.138,-60.732,-61.8,-66.988,-72.176,-75.686,-75.838,-75.228,-73.397,-73.244,-73.855,-77.822,-80.721,-84.994,-88.504,-91.098,-91.25,-90.64,-88.198,-86.52,-86.367,-88.046,-91.403,-95.065,-99.796,-104.53,-105.44,-105.9,-104.37,-102.69,-101.17,-103.92,-105.59,-107.58,-109.41,-111.24,-112.31,-113.68,-116.28,-119.17,-119.94,-122.53,-120.85,-121.16,-119.17,-118.26,-113.83,-111.24,-108.34,-104.37,-100.25,-97.049,-91.403,-87.893,-83.468,-82.553,-79.806,-76.296,-70.65,-68.361,-65.31,-62.563,-58.901,-55.086,-53.255,-53.102,-53.255,-55.849,-57.07,-57.985,-56.917,-59.206,-59.969,-60.732,-59.053,-57.985,-57.222,-58.901,-59.816,-61.342,-61.8,-62.563,-60.121,-60.884,-57.985,-57.222,-53.713,-52.034,-50.508,-48.83,-46.693,-45.473,-41.353,-37.69,-32.502,-28.535,-23.804,-20.6,-16.175,-12.818,-8.6978,-7.0193,-2.8993,-0.76296,-1.5259,-1.9837,0.30519,4.5778,9.7659,14.344,18.769,19.837,21.363,20.905,20.295,18.769,18.311,18.464,19.074,18.159,16.785,17.548,18.921,19.99,20.447,18.311,16.175,12.665,11.139,7.0193,5.7985,4.883,6.4089,9.1556,10.681,12.513,15.564,16.633,16.327,14.649,15.717,16.175,19.227,23.041,27.314,30.213,30.366,27.619,22.889,20.142,18.769,17.09,15.87,12.818,9.7659,3.357,-1.8311,-6.2563,-10.071,-14.954,-18.464,-22.584,-26.246,-32.35,-36.317,-42.726,-47.456,-53.713,-56.001,-57.985,-57.833,-57.527,-57.07,-56.307,-52.644,-52.187,-53.255,-54.476,-54.628,-58.29,-60.884,-65.157,-65.462,-66.225,-65.462,-63.173,-59.816,-58.29,-56.764,-57.07,-55.544,-53.102,-50.813,-50.813,-48.524,-50.05,-50.813,-50.05,-48.677,-47.914,-44.71,-39.369,-32.655,-28.23,-24.72,-21.973,-19.074,-18.311,-15.87,-11.75,-6.1037,-2.8993,-0.91556,1.8311,2.5941,3.0519,3.8148,4.4252,5.6459,5.0356,6.8667,5.9511,5.0356,1.8311,-1.6785,-7.0193,-12.818,-18.311,-23.194,-26.704,-27.772,-28.535,-28.23,-26.093,-21.058,-14.496,-5.6459,0.15259,6.2563,9.9185,10.987,10.987,7.9348,5.3407,4.2726,3.9674,7.477,10.681,13.428,9.9185,6.2563,3.357,2.4415,-0.30519,-4.4252,-9.1556,-12.513,-14.039,-16.785,-21.668,-24.873,-29.756,-31.587,-33.265,-33.265,-32.044,-32.044,-32.197,-30.976,-30.519,-31.281,-32.807,-33.57,-34.333,-33.418,-32.35,-29.45,-28.077,-28.23,-30.213,-32.655,-35.554,-37.843,-40.742,-43.184,-44.862,-42.268,-40.59,-37.996,-38.148,-39.064,-42.421,-44.862,-47.914,-50.203,-52.339,-53.255,-52.95,-50.356,-48.524,-45.625,-44.099,-43.336,-45.625,-47.914,-48.524,-48.83,-51.118,-55.086,-60.884,-65.92,-72.024,-74.007,-76.449,-76.296,-75.686,-73.855,-74.923,-75.991,-76.449,-76.601,-76.296,-74.77,-74.16,-74.313,-75.991,-74.618,-74.313,-72.024,-69.887,-68.667,-68.209,-67.598,-67.446,-68.514,-69.887,-69.887,-69.735,-70.956,-71.871,-70.498,-69.277,-65.92,-62.563,-58.138,-55.238,-52.339,-50.356,-49.593,-48.219,-46.236,-44.862,-43.336,-44.404,-45.473,-44.862,-42.421,-40.284,-36.47,-33.723,-31.281,-30.366,-31.129,-32.044,-34.333,-35.096,-34.639,-36.164,-36.622,-38.148,-38.148,-38.148,-36.927,-35.096,-30.671,-25.178,-22.889,-21.668,-19.684,-17.548,-13.581,-11.902,-11.75,-14.191,-16.022,-18.311,-21.058,-22.736,-24.567,-27.467,-32.807,-37.69,-42.421,-48.524,-52.034,-55.849,-57.222,-57.375,-55.849,-54.781,-52.644,-48.982,-46.693,-45.167,-45.625,-45.625,-44.404,-44.557,-43.641,-42.726,-41.81,-42.879,-43.794,-44.557,-44.862,-44.71,-44.404,-43.184,-39.979,-38.911,-38.606,-38.606,-37.233,-37.08,-35.707,-34.944,-34.486,-35.554,-38.301,-41.047,-44.557,-50.356,-54.933,-56.917,-55.696,-55.391,-54.933,-55.238,-55.544,-54.933,-52.797,-50.661,-46.999,-38.453,-28.077,-20.905,-14.039,-11.139,-8.3926,-7.477,-5.9511,-5.7985,-5.1881,-5.4933,-5.3407,-5.4933,-5.6459,-5.7985,-4.12,-4.4252,-2.4415,-2.2889,-0.30519,1.0681,5.4933,9.003,10.376,11.139,15.87,20.295,26.093,29.603,34.028,34.791,38.606,39.827,41.2,39.369,36.47,34.028,35.401,37.385,38.759,36.775,35.401,33.418,31.892,29.908,29.45,26.856,25.941,26.246,25.941,23.499,20.447,17.701,17.09,17.09,21.058,26.399,34.181,39.827,46.846,50.661,53.255,53.713,54.17,52.034,51.881,50.661,50.661,49.135,52.339,52.95,53.56,51.881,50.813,47.151,42.879,36.927,31.892,27.009,24.567,22.431,23.194,21.973,23.347,25.483,28.535,29.908,31.587,35.096,40.132,43.336,45.625,47.914,51.881,51.271,51.271,51.729,54.933,55.849,57.833,58.596,58.29,60.579,64.699,66.683,70.803,73.855,77.059,76.754,78.585,78.127,78.433,78.585,78.433,76.144,71.261,67.141,62.868,61.647,63.021,62.563,62.41,61.647,61.342,61.037,62.868,62.105,60.579,57.833,55.696,55.849,56.154,56.154,60.274,60.884,60.121,57.985,56.001,52.492,50.05,48.219,47.151,45.167,44.099,40.742,39.064,38.148,39.674,40.742,44.71,49.135,52.187,50.356,47.761,43.489,38.911,34.028,32.044,31.434,32.35,31.892,33.876,33.113,33.265,34.333,35.401,34.791,33.113,28.993,25.178,18.769,14.801,7.3244,1.6785,-4.883,-9.4607,-13.886,-16.938,-18.464,-16.633,-12.818,-9.7659,-8.5452,-6.4089,-6.5615,-2.5941,-0.30519,2.1363,1.2207,1.5259,1.5259,2.4415,1.9837,2.7467,1.5259,-3.5096,-7.9348,-11.444,-18.006,-24.415,-30.824,-36.622,-43.794,-50.05,-55.238,-60.121,-65.462,-70.498,-75.228,-80.111,-87.13,-86.52,-84.841,-76.296,-70.65,-67.141,-67.904,-67.904,-70.04,-73.702,-77.059,-77.517,-78.585,-76.601,-74.618,-71.566,-72.481,-72.787,-75.838,-78.127,-80.569,-82.553,-83.01,-77.67,-69.887,-59.053,-51.271,-45.32,-43.336,-40.895,-41.658,-40.895,-42.726,-42.116,-42.421,-46.083,-51.424,-56.307,-63.021,-67.904,-71.261,-72.176,-75.076,-74.923,-75.991,-75.381,-76.144,-74.77,-75.686,-77.67,-80.874,-81.179,-80.721,-78.738,-78.89,-76.754,-78.433,-78.89,-80.111,-79.043,-79.196,-80.569,-83.163,-85.299,-86.978,-87.13,-88.198,-88.351,-90.03,-89.114,-89.877,-89.419,-89.419,-88.504,-85.604,-82.247,-79.806,-75.991,-73.092,-69.124,-66.073,-61.342,-60.427,-60.121,-61.19,-58.29,-54.781,-50.813,-48.83,-45.93,-43.947,-43.794,-45.778,-46.999,-50.356,-52.187,-57.07,-58.596,-61.342,-62.563,-65.462,-67.904,-70.498,-71.566,-70.803,-69.43,-68.361,-68.209,-70.193,-70.193,-70.345,-68.819,-68.819,-65.767,-62.563,-58.29,-55.849,-53.865,-53.255,-52.034,-51.576,-49.287,-48.524,-46.388,-46.083,-42.421,-38.148,-33.113,-29.45,-27.314,-27.314,-27.619,-29.45,-30.519,-31.892,-31.587,-33.265,-31.892,-31.739,-27.924,-25.636,-23.347,-22.279,-21.668,-22.279,-22.889,-22.889,-23.041,-24.11,-20.142,-17.548,-12.36,-10.071,-5.6459,-2.1363,4.4252,9.3081,13.428,17.09,20.6,22.889,24.873,26.704,30.213,32.655,36.927,41.353,46.388,48.677,52.187,57.68,63.784,70.498,76.296,83.163,90.945,97.964,104.53,107.88,112.77,116.28,120.4,125.58,131.08,135.04,138.4,141.15,144.51,146.79,150.46,150.46,151.68,151.52,153.81,155.03,156.56,156.1,156.41,156.87,158.54,159.61,161.14,160.83,162.36,162.82,163.12,162.36,163.12,163.43,163.88,163.43,163.43,162.21,162.36,162.82,165.11,164.95,165.56,163.73,163.27,160.22,156.71,151.37,145.27,139.47,135.65,131.38,129.86,126.35,124.21,118.87,112.77,104.83,98.117,92.624,86.978,81.179,75.533,70.498,65.92,59.358,56.001,53.407,52.339,48.067,45.625,40.437,36.622,32.655,29.756,26.856,24.567,19.379,14.801,9.003,5.3407,0.15259,-4.4252,-9.7659,-16.175,-21.363,-26.856,-32.96,-37.08,-40.132,-41.81,-47.151,-51.576,-57.375,-61.953,-65.767,-66.683,-68.514,-70.193,-72.329,-73.702,-74.465,-74.923,-76.907,-77.517,-80.416,-82.553,-84.078,-82.705,-81.484,-80.721,-79.501,-76.449,-74.77,-74.465,-75.381,-75.076,-74.465,-72.176,-69.735,-65.004,-63.021,-62.105,-59.664,-57.68,-55.696,-52.644,-48.982,-46.693,-45.167,-44.099,-44.557,-42.726,-42.726,-43.184,-42.879,-41.963,-41.505,-42.573,-44.71,-46.693,-50.05,-51.576,-53.56,-52.034,-50.356,-46.541,-43.641,-40.895,-40.132,-40.284,-38.453,-35.401,-32.502,-29.603,-28.23,-28.84,-31.739,-33.876,-35.096,-34.486,-33.876,-33.876,-35.859,-38.911,-41.047,-43.336,-45.473,-45.473,-47.304,-47.304,-48.372,-48.83,-48.83,-49.593,-50.508,-53.255,-57.527,-60.579,-66.53,-69.735,-71.871,-71.871,-74.77,-73.855,-73.855,-72.024,-70.803,-68.972,-70.803,-73.397,-77.517,-79.653,-83.621,-86.062,-88.198,-86.52,-87.13,-87.741,-90.487,-92.624,-94.913,-93.997,-92.929,-91.098,-94.302,-96.133,-98.27,-97.201,-98.727,-98.117,-98.88,-99.948,-101.93,-103.61,-105.44,-106.36,-108.19,-105.9,-104.37,-99.033,-92.776,-84.536,-80.874,-75.838,-71.718,-68.209,-66.836,-64.241,-61.495,-57.527,-56.764,-55.391,-54.628,-52.95,-52.644,-50.508,-48.524,-47.304,-47.761,-47.609,-47.609,-46.388,-44.71,-45.167,-52.644,-59.511,-66.53,-69.124,-70.803,-71.718,-75.533,-79.653,-83.468,-86.367,-89.267,-92.013,-95.828,-98.575,-106.05,-112.46,-121.01,-130.77,-143.59,-156.1,-170.29,-187.38,-203.1,-217.75,-232.25,-244.91,-260.32,-275.73,-292.98,-308.24,-324.41,-340.13,-353.86,-366.83,-376.6,-380.57,-381.18,-382.55,-386.97,-389.72,-391.09,-388.81,-384.53,-375.07,-363.63,-351.42,-338.3,-321.67,-304.12,-285.5,-265.97,-242.77,-221.56,-200.51,-182.5,-163.58,-148.17,-132.45,-116.28,-99.185,-80.874,-62.105,-46.083,-29.145,-15.412,-0.61037,10.987,22.736,30.213,38.453,42.268,45.93,48.982,52.492,54.018,54.781,52.95,50.966,46.693,43.031,36.317,30.671,24.873,19.837,11.444,3.2044,-2.2889,-5.3407,-9.7659,-15.564,-22.584,-29.603,-39.369,-44.71,-50.05,-53.255,-58.138,-61.342,-63.784,-66.225,-70.65,-76.296,-82.553,-86.978,-92.471,-94.302,-95.37,-92.624,-91.403,-90.945,-90.945,-89.267,-88.351,-87.893,-85.757,-86.52,-88.656,-87.893,-90.64,-94.607,-102.69,-111.7,-121.62,-130.92,-140.08,-151.52,-163.12,-173.8,-185.71,-195.17,-204.93,-215.92,-227.52,-236.67,-247.51,-256.97,-264.9,-272.99,-281.08,-289.62,-297.4,-303.51,-309.61,-313.27,-317.55,-319.53,-322.28,-323.04,-324.72,-326.24,-326.85,-327.92,-328.99,-330.21,-329.29,-327.31,-324.72,-318.92,-314.34,-309,-305.49,-301.68,-297.1,-292.98,-287.94,-281.99,-275.73,-269.33,-263.99,-257.12,-251.63,-246.59,-242.47,-236.06,-230.87,-226.14,-221.41,-216.83,-211.8,-207.37,-202.34,-196.84,-193.64,-188.6,-184.48,-178.53,-173.35,-168.92,-164.49,-159.31,-154.42,-149.54,-146.18,-141.45,-138.86,-134.59,-131.23,-127.41,-125.43,-122.84,-119.63,-118.72,-117.19,-116.43,-116.12,-113.99,-113.83,-112.61,-113.38,-112.61,-112.61,-112,-110.93,-109.71,-108.8,-108.19,-108.34,-105.9,-104.83,-103.31,-102.24,-100.1,-97.964,-96.133,-94.913,-93.997,-92.929,-92.776,-92.624,-92.318,-92.929,-92.624,-93.081,-93.387,-93.844,-93.387,-93.539,-93.234,-93.844,-94.455,-94.302,-93.234,-93.387,-92.166,-90.945,-89.572,-86.825,-85.604,-84.231,-82.4,-78.585,-74.313,-72.024,-68.667,-65.767,-61.953,-59.053,-54.628,-50.661,-46.999,-43.031,-37.69,-32.655,-27.924,-24.415,-20.295,-16.022,-11.444,-8.0874,-4.4252,-1.9837,-0.45778,2.7467,5.9511,9.3081,13.581,17.243,21.973,25.025,28.535,30.671,32.96,35.096,37.538,40.284,41.353,41.505,43.489,44.099,45.93,46.236,47.456,47.761,48.524,50.356,50.813,50.813,50.661,51.424,52.339,51.576,50.203,47.761,48.372,49.287,50.661,52.95,55.086,57.527,60.274,62.258,65.615,67.751,70.65,72.176,74.313,77.364,81.027,84.078,86.062,88.809,91.098,93.081,96.591,99.49,103.76,106.81,110.32,112.92,115.36,117.8,120.55,122.07,123.45,122.84,124.36,124.52,124.82,125.13,125.74,126.5,126.96,127.87,128.03,127.26,126.65,126.5,127.87,128.33,131.23,133.52,136.88,140.84,145.88,150.76,156.25,162.36,169.23,175.18,181.74,187.54,194.1,198.98,205.08,210.73,218.05,225.84,234.38,241.4,249.95,259.25,270.7,280.01,290.54,296.79,303.35,307.02,310.98,314.04,316.93,319.07,319.53,318.46,319.38,319.07,319.53,318.16,317.55,315.56,315.41,314.95,314.95,315.87,316.93,317.55,316.93,315.41,314.65,313.12,312.2,312.97,315.71,317.7,318.92,319.53,320.44,320.29,318.92,317.09,315.56,313.58,313.12,309.61,305.95,300.61,295.72,290.23,284.59,277.41,269.78,261.85,254.22,244.3,236.06,227.36,218.36,206.15,196.84,187.38,177.92,170.14,165.26,158.54,153.66,147.86,144.2,136.88,132.15,126.35,122.07,116.28,113.53,111.85,110.48,107.43,103.76,100.25,96.744,93.081,90.945,87.436,85.604,83.926,84.231,84.384,88.351,92.166,96.438,99.338,102.39,102.08,102.24,99.49,99.948,99.796,99.643,97.812,96.286,93.081,90.182,88.198,86.825,86.52,86.673,86.978,88.809,88.351,89.419,86.978,86.062,82.4,80.111,76.601,76.754,76.907,79.043,79.806,79.501,74.313,70.65,68.667,68.667,65.157,62.258,58.138,54.323,51.729,49.44,43.641,39.674,38.301,38.911,35.707,34.181,32.502,33.723,36.012,40.437,44.099,49.287,52.339,53.56,55.238,57.375,58.138,64.699,69.582,73.244,73.397,75.076,75.991,78.585,84.231,92.624,98.422,99.49,96.286,91.708,88.046,87.283,84.384,82.858,79.043,78.89,79.348,82.553,83.01,83.773,84.231,82.705,78.585,75.076,70.956,68.972,65.767,64.852,62.41,62.563,60.274,58.29,54.018,51.576,49.745,51.271,52.644,52.644,49.898,49.44,45.778,43.336,39.369,37.233,33.876,32.655,30.976,27.924,24.873,23.957,20.753,18.616,12.207,7.3244,0.61037,-4.883,-11.444,-15.564,-20.447,-26.399,-32.197,-37.08,-43.336,-48.982,-55.849,-61.647,-70.65,-79.196,-89.114,-96.133,-101.32,-106.05,-112.46,-119.17,-128.33,-136.72,-145.88,-154.88,-164.34,-169.23,-177.31,-182.81,-188.6,-192.27,-196.54,-202.03,-208.29,-213.02,-218.51,-224.16,-226.29,-226.75,-230.41,-232.55,-232.7,-229.8,-229.35,-230.72,-229.65,-226.6,-222.79,-218.67,-213.63,-207.22,-204.78,-203.56,-203.86,-199.44,-196.08,-193.79,-192.72,-194.25,-195.47,-194.86,-191.81,-187.99,-185.71,-180.97,-176.85,-172.89,-169.53,-165.87,-161.6,-154.58,-147.56,-142.22,-136.88,-131.23,-126.04,-120.55,-117.04,-112.31,-109.1,-104.98,-101.78,-98.422,-95.981,-92.929,-90.487,-88.046,-86.367,-83.926,-80.874,-75.686,-72.329,-67.904,-65.767,-62.105,-57.68,-51.881,-45.015,-37.08,-30.061,-22.736,-15.87,-6.2563,1.6785,11.444,19.99,29.298,37.538,46.541,52.492,59.358,65.767,75.381,84.384,96.133,105.9,116.73,125.43,134.13,140.84,147.56,153.51,159.92,165.41,171.51,176.24,180.67,184.48,190.13,194.71,200.96,204.63,209.36,212.41,215,218.82,223.85,227.52,231.64,233.31,236.67,237.13,238.35,236.98,236.98,237.13,234.84,233.62,233.77,234.38,238.2,240.64,242.47,242.01,242.01,240.03,238.96,238.2,238.2,238.04,238.96,239.11,237.89,236.21,235.76,232.55,229.04,225.38,222.94,217.9,213.78,209.66,206.92,204.17,200.51,195.32,192.11,186.62,183.26,179.3,176.7,171.97,168.31,162.82,156.56,148.78,143.74,136.27,129.4,121.62,114.44,104.98,97.812,89.419,83.01,76.296,72.329,70.345,70.345,70.498,75.381,82.247,88.961,92.166,96.286,97.964,101.47,102.24,105.59,110.48,115.51,119.33,123.75,126.19,127.57,130.47,138.4,146.18,155.95,160.68,163.58,161.29,161.75,162.51,161.29,159.15,158.85,159,157.32,157.63,163.27,167.24,170.45,169.84,169.07,163.88,155.64,138.25,118.72,97.659,77.517,61.495,53.407,50.05,50.203,49.898,48.372,40.742,31.892,18.464,6.1037,-4.883,-13.276,-21.058,-25.941,-28.993,-29.603,-32.197,-33.265,-37.843,-42.421,-48.219,-52.492,-56.459,-61.037,-63.478,-64.089,-65.157,-67.293,-69.887,-71.108,-72.329,-69.887,-68.819,-66.378,-64.089,-60.274,-55.238,-49.745,-43.489,-37.233,-35.249,-34.181,-33.57,-31.739,-30.824,-25.025,-17.701,-10.529,-7.1718,-4.5778,-4.12,-3.9674,-3.357,-2.1363,0.61037,4.2726,5.7985,7.7822,6.5615,5.4933,2.1363,0.15259,-3.5096,-7.0193,-10.834,-12.207,-13.123,-14.801,-16.022,-14.649,-14.649,-12.818,-13.276,-11.75,-12.818,-14.496,-17.701,-20.905,-24.11,-25.025,-24.262,-21.363,-18.769,-17.853,-19.837,-19.379,-21.363,-21.973,-24.72,-27.619,-31.739,-36.164,-40.742,-45.778,-54.018,-60.732,-65.92,-67.446,-72.024,-74.465,-77.212,-78.28,-80.721,-82.705,-87.13,-90.03,-94.302,-97.049,-98.727,-100.25,-102.54,-103.31,-107.43,-110.78,-114.14,-113.38,-112.61,-110.32,-110.93,-113.38,-114.6,-113.99,-112.31,-111.55,-113.83,-115.51,-119.02,-117.95,-115.05,-108.8,-104.37,-95.981,-87.588,-80.416,-74.77,-69.735,-63.326,-58.748,-56.307,-51.424,-48.677,-44.252,-40.895,-30.976,-22.279,-11.902,-2.1363,6.4089,12.665,19.532,27.924,39.674,49.287,59.053,64.547,67.751,67.141,70.498,72.634,76.296,78.89,84.231,91.556,96.438,101.02,106.97,112.16,115.05,111.85,107.27,101.78,98.575,95.065,93.692,93.539,90.945,85.91,81.027,74.923,70.193,65.004,65.615,64.241,65.157,63.936,63.936,64.089,65.92,65.004,66.378,70.498,74.77,78.433,81.027,80.874,83.468,86.062,91.098,92.929,95.828,98.575,104.37,109.26,110.63,111.55,111.55,109.26,106.36,101.63,99.338,94.913,91.708,88.198,86.215,82.4,79.958,76.144,72.481,69.43,68.514,66.683,66.073,63.021,61.953,58.138,56.154,54.628,55.544,55.544,56.001,55.544,53.407,49.287,45.167,40.59,35.859,29.45,23.957,16.48,9.003,-0.45778,-5.6459,-9.4607,-10.376,-10.987,-13.428,-14.496,-16.785,-20.6,-23.652,-27.314,-31.587,-37.233,-39.064,-37.69,-34.181,-34.028,-33.723,-34.639,-39.674,-46.693,-52.339,-53.865,-52.034,-50.05,-44.862,-42.421,-38.453,-35.707,-32.044,-30.213,-28.84,-28.993,-31.129,-29.756,-26.399,-23.347,-18.769,-13.428,-7.0193,-2.7467,2.8993,7.9348,14.191,20.295,27.314,33.113,39.521,46.236,55.849,61.953,67.446,68.361,70.04,70.193,72.787,72.787,76.449,80.111,85.757,91.708,96.438,99.033,101.32,102.54,103.61,104.53,109.56,114.29,120.85,125.74,129.25,131.23,135.2,138.55,142.22,144.2,147.25,149.08,150.15,150.46,152.75,155.19,157.63,157.32,155.8,154.27,152.29,150,149.54,149.08,149.69,148.93,149.54,148.78,146.79,144.66,142.37,140.54,140.69,140.23,140.69,138.71,138.71,137.18,138.4,136.11,133.82,133.06,131.38,129.7,128.18,125.28,123.91,123.45,123.75,121.16,121.16,120.85,121.62,120.24,118.56,115.51,112,109.26,106.81,102.85,99.338,98.422,100.86,101.17,101.47,99.185,97.507,95.218,92.471,92.013,93.692,94.607,93.539,90.793,89.877,85.757,82.247,78.89,75.381,69.277,63.478,57.833,52.339,48.219,45.015,41.81,39.216,35.554,32.655,28.382,25.025,23.957,25.178,25.483,26.856,26.551,26.093,25.33,25.025,26.704,29.603,31.587,35.249,37.385,39.674,38.911,36.927,33.876,33.265,32.502,32.655,32.197,30.213,27.924,26.856,24.11,20.753,15.564,12.207,9.1556,7.9348,8.8504,11.292,12.36,13.428,12.513,12.97,12.055,13.123,13.276,15.259,16.022,14.649,8.0874,3.0519,-2.5941,-7.9348,-12.97,-18.769,-26.246,-32.96,-39.827,-44.252,-49.593,-52.034,-55.391,-57.07,-60.579,-61.19,-61.8,-60.274,-61.953,-63.936,-67.141,-69.43,-73.702,-76.296,-81.027,-83.621,-86.367,-89.267,-92.929,-93.692,-93.844,-95.523,-98.422,-101.93,-105.14,-108.34,-110.93,-110.32,-110.78,-110.78,-112.61,-112.16,-112,-111.09,-110.93,-108.8,-108.19,-107.43,-105.44,-102.85,-99.796,-94.913,-90.182,-83.621,-79.653,-75.381,-72.939,-69.582,-65.462,-58.443,-51.729,-46.693,-43.031,-39.216,-37.233,-34.028,-33.265,-31.434,-31.434,-30.366,-28.687,-27.467,-28.535,-32.197,-33.876,-35.554,-37.08,-38.606,-42.116,-45.167,-48.219,-51.576,-54.018,-53.407,-54.17,-55.696,-55.849,-56.001,-55.849,-55.696,-54.323,-51.271,-48.372,-43.489,-40.284,-37.385,-36.164,-34.333,-31.129,-28.23,-25.636,-23.499,-22.584,-22.431,-22.279,-19.684,-19.227,-17.701,-18.159,-18.464,-21.668,-23.194,-24.567,-23.347,-22.126,-20.142,-18.311,-16.938,-19.227,-18.616,-22.431,-25.33,-28.687,-30.061,-34.181,-36.012,-37.538,-39.216,-39.827,-37.233,-36.164,-36.622,-36.927,-36.47,-39.369,-40.742,-45.167,-48.677,-53.407,-54.933,-56.154,-54.628,-52.187,-48.982,-48.677,-47.151,-47.151,-47.304,-48.372,-48.982,-51.118,-51.271,-53.255,-53.865,-54.781,-54.17,-54.018,-54.018,-54.476,-54.476,-56.612,-57.222,-60.579,-62.258,-63.021,-62.41,-62.563,-63.326,-64.089,-64.089,-63.631,-62.563,-64.394,-65.767,-67.446,-67.293,-68.667,-68.514,-67.751,-67.446,-68.361,-69.43,-68.819,-67.904,-68.361,-68.209,-68.819,-68.209,-69.277,-68.056,-68.972,-70.193,-73.244,-73.55,-73.55,-73.397,-74.16,-72.939,-71.566,-68.514,-66.836,-64.394,-61.19,-55.391,-51.729,-46.388,-42.268,-37.69,-34.486,-31.434,-28.993,-27.161,-27.009,-26.704,-28.23,-26.704,-25.33,-22.584,-21.516,-19.837,-18.769,-18.311,-17.853,-18.769,-20.6,-22.279,-22.584,-22.584,-23.499,-22.736,-20.142,-14.801,-11.292,-8.5452,-7.9348,-8.0874,-7.1718,-3.9674,-0.76296,2.8993,7.7822,14.039,16.022,18.006,20.6,24.567,27.772,32.807,37.69,41.353,44.71,48.524,51.424,55.391,59.206,63.173,65.157,68.819,69.887,73.855,75.076,77.67,80.721,83.01,84.841,85.604,84.994,85.147,84.994,84.384,81.942,80.416,76.449,73.244,70.193,66.836,62.868,60.732,58.29,55.544,51.576,49.898,47.761,45.625,42.116,39.521,34.028,29.45,25.941,23.499,20.905,19.227,17.853,17.09,15.107,15.717,17.396,22.126,26.093,30.671,33.876,37.08,41.353,46.693,50.356,53.102,55.086,58.596,61.953,65.615,67.598,70.345,71.718,73.702,73.702,73.55,72.787,70.803,68.667,66.836,63.936,62.105,57.68,53.255,48.219,44.404,40.284,37.843,37.233,36.927,37.385,40.132,43.336,46.846,48.067,48.372,48.372,49.44,48.83,50.203,50.966,52.797,55.391,59.511,61.8,65.615,69.277,76.296,81.79,85.604,84.536,83.316,82.858,80.874,77.975,77.059,75.838,74.923,72.329,71.413,69.43,68.056,64.241,62.41,59.816,57.527,56.154,54.17,52.339,52.034,51.729,52.492,50.813,51.729,51.881,52.644,51.576,51.576,52.034,52.034,53.865,57.985,61.953,64.241,65.157,68.056,69.735,71.108,69.277,70.04,69.124,67.141,64.241,61.647,58.443,54.628,47.761,41.047,33.418,27.009,18.006,12.513,4.7304,-0.76296,-8.3926,-13.123,-16.785,-18.159,-20.447,-23.499,-28.535,-31.892,-35.096,-35.249,-36.164,-34.333,-34.791,-34.028,-34.486,-33.57,-35.859,-39.827,-43.794,-45.32,-46.388,-45.167,-45.473,-43.031,-42.726,-42.879,-45.167,-44.252,-43.031,-41.81,-43.489,-45.93,-50.356,-53.255,-56.307,-57.68,-61.037,-60.121,-59.358,-56.307,-56.154,-56.612,-59.664,-61.647,-61.342,-59.664,-59.053,-58.29,-58.443,-54.933,-53.102,-48.219,-44.71,-40.437,-38.301,-35.554,-32.807,-29.908,-28.382,-26.704,-26.704,-23.957,-21.821,-19.837,-19.99,-18.616,-18.769,-17.548,-17.396,-18.769,-21.821,-25.178,-29.603,-32.502,-36.164,-37.385,-39.064,-38.911,-41.505,-43.031,-45.625,-48.219,-50.661,-50.508,-50.966,-51.576,-51.881,-52.034,-54.018,-53.407,-55.238,-54.628,-57.07,-57.375,-57.833,-57.375,-56.917,-53.865,-49.44,-46.083,-45.778,-44.252,-45.32,-45.32,-48.219,-48.83,-49.44,-48.83,-48.067,-49.287,-51.576,-53.102,-54.018,-52.95,-55.849,-55.849,-57.833,-58.443,-59.816,-59.511,-61.19,-61.8,-61.8,-62.563,-66.073,-70.193,-74.16,-75.838,-80.569,-83.621,-86.978,-88.351,-90.03,-90.03,-88.961,-88.351,-87.283,-87.741,-90.793,-93.539,-93.081,-89.724,-88.809,-86.52,-84.994,-82.095,-84.689,-85.757,-85.299,-82.553,-84.231,-86.215,-87.893,-84.536,-82.4,-79.348,-78.89,-76.907,-77.67,-76.449,-77.059,-73.855,-71.261,-70.345,-68.819,-65.615,-63.784,-61.037,-59.358,-57.833,-55.849,-52.339,-51.118,-48.067,-45.778,-41.963,-39.369,-36.47,-36.47,-36.622,-37.385,-38.301,-37.538,-35.249,-33.418,-29.908,-26.551,-21.821,-21.973,-19.532,-16.785,-15.259,-15.259,-13.886,-14.344,-12.818,-10.834,-6.2563,-6.1037,-4.2726,-3.9674,0.45778,6.4089,14.496,22.889,30.824,37.233,43.184,48.677,54.018,57.68,63.784,66.683,71.871,75.533,81.027,84.231,88.351,92.776,96.133,99.643,105.14,107.43,110.48,114.29,118.87,121.92,125.43,126.19,129.55,131.99,134.28,135.81,138.71,141,143.59,143.89,143.28,142.98,145.12,145.57,146.95,144.81,140.23,134.13,130.31,126.35,124.21,121.01,115.36,110.63,108.95,105.59,102.54,98.422,94.76,87.741,84.384,79.653,73.397,69.43,66.836,63.936,60.427,55.544,52.187,48.067,45.32,40.742,40.895,38.911,37.538,36.622,35.096,31.892,27.772,23.957,23.194,23.652,23.652,20.905,22.431,25.178,27.619,28.687,31.739,32.35,31.739,32.197,33.57,32.044,30.061,28.993,28.382,21.21,16.785,15.564,13.733,8.3926,5.0356,2.8993,1.9837,-0,-2.2889,-3.0519,-3.5096,-4.7304,-2.2889,-2.7467,-3.6622,-8.8504,-10.224,-15.412,-19.99,-23.804,-27.619,-30.213,-33.57,-36.927,-37.233,-39.521,-40.132,-42.421,-41.2,-38.911,-36.317,-36.164,-37.69,-41.658,-46.999,-49.745,-52.95,-56.307,-56.154,-55.696,-54.323,-56.307,-56.764,-55.849,-54.628,-58.443,-62.716,-64.852,-69.887,-77.67,-81.79,-84.384,-86.367,-87.588,-88.961,-90.335,-89.572,-88.961,-89.267,-90.64,-92.318,-93.081,-94.76,-96.896,-94.913,-93.539,-92.471,-92.776,-90.793,-87.283,-81.942,-78.89,-77.059,-74.923,-72.787,-70.345,-68.056,-65.92,-62.258,-57.07,-51.881,-52.95,-54.781,-56.154,-56.307,-56.154,-55.544,-52.492,-49.44,-48.067,-47.456,-47.456,-43.184,-38.759,-38.148,-39.674,-36.775,-35.249,-34.486,-33.876,-31.892,-31.434,-33.113,-34.791,-34.028,-33.265,-29.298,-27.772,-23.194,-19.532,-12.97,-8.6978,-7.3244,-6.2563,-3.357,-1.8311,0.91556,5.9511,12.665,12.207,15.412,18.616,23.652,25.941,27.772,29.756,35.554,38.148,40.132,40.59,37.385,35.707,37.08,35.401,37.538,38.453,39.216,37.843,38.759,39.979,39.979,39.064,38.453,38.301,39.216,38.301,37.08,35.859,34.944,36.012,38.453,37.385,37.538,36.164,34.944,30.976,28.23,27.772,30.061,27.314,26.246,25.941,29.603,32.96,36.622,36.012,35.707,34.944,36.317,34.944,34.333,34.639,35.554,34.639,34.486,32.35,33.57,33.113,33.876,33.265,32.044,31.281,31.434,31.129,32.655,32.044,31.892,29.756,30.671,30.061,29.145,27.467,26.093,26.246,28.687,31.434,34.181,36.317,41.353,45.015,48.982,49.135,47.609,44.099,42.726,39.827,38.759,36.775,35.554,33.57,34.181,34.181,34.181,34.028,34.333,32.502,31.739,29.908,29.603,25.636,21.058,13.886,8.3926,4.12,3.2044,2.4415,3.6622,5.6459,9.4607,8.8504,8.8504,6.4089,3.9674,0.15259,-2.2889,-4.2726,-6.7141,-8.8504,-10.071,-9.9185,-9.9185,-11.75,-12.665,-14.344,-13.276,-10.071,-4.5778,1.9837,11.902,20.295,24.873,27.772,32.807,37.996,44.404,48.83,52.95,53.255,55.238,53.713,54.17,53.865,51.729,48.982,46.541,44.404,44.099,42.879,40.284,36.775,38.606,43.641,47.609,46.083,44.252,40.895,35.401,32.96,34.028,35.401,37.385,37.233,37.385,36.317,38.453,37.08,34.486,31.129,28.687,25.941,23.957,20.142,17.09,14.801,15.259,15.107,18.616,22.889,28.535,32.96,37.996,40.132,41.81,41.047,41.2,42.268,43.031,42.726,43.489,40.895,38.606,36.012,36.164,35.096,34.639,30.671,29.45,26.551,22.889,18.921,17.701,17.701,19.074,20.142,22.584,22.889,24.567,22.584,21.363,16.785,10.681,8.24,9.9185,12.665,15.87,16.175,14.649,11.139,9.3081,6.1037,5.9511,5.7985,7.3244,8.6978,9.7659,10.529,13.581,15.87,16.175,16.938,19.227,19.074,21.821,26.246,32.502,36.927,41.81,46.236,49.135,53.102,58.138,63.173,69.582,76.296,82.247,81.332,79.501,74.618,72.024,69.124,65.157,64.394,66.225,66.988,66.073,62.563,59.816,58.29,58.138,54.323,50.508,43.794,38.759,36.317,34.486,34.639,34.486,34.639,35.554,34.486,35.096,34.944,35.096,31.587,28.84,26.246,25.788,25.788,25.33,25.178,26.704,26.551,26.856,25.025,23.347,18.921,15.412,11.292,9.9185,6.2563,1.8311,-2.5941,-5.1881,-7.9348,-8.8504,-10.529,-11.292,-14.191,-16.785,-21.821,-23.957,-25.941,-28.23,-30.976,-30.671,-29.603,-28.993,-28.23,-26.093,-25.483,-23.041,-23.804,-22.279,-22.431,-22.279,-23.347,-23.347,-23.347,-23.804,-22.889,-21.058,-21.821,-18.921,-17.853,-13.581,-8.8504,-3.2044,-0.45778,0.91556,0.15259,0.45778,1.3733,4.883,8.24,9.9185,8.6978,7.7822,2.1363,-3.6622,-9.7659,-12.818,-16.633,-19.227,-21.821,-21.821,-23.652,-25.941,-27.467,-28.23,-33.876,-37.843,-40.59,-41.658,-45.473,-48.067,-52.644,-57.375,-63.478,-69.43,-75.076,-77.975,-81.027,-80.569,-82.247,-83.01,-84.536,-84.078,-85.299,-84.689,-83.163,-79.958,-76.754,-72.176,-65.92,-56.764,-48.524,-39.674,-34.791,-28.993,-24.873,-19.837,-16.175,-11.75,-8.0874,-4.5778,-1.2207,2.4415,5.1881,5.9511,6.2563,8.5452,9.6133,12.055,14.039,16.175,17.701,19.227,21.058,23.957,25.483,24.262,24.72,27.924,27.772,27.924,27.619,26.856,24.567,26.246,26.399,24.415,23.041,23.041,22.431,21.973,20.6,21.668,23.041,27.009,29.908,34.333,36.012,35.859,34.028,32.044,30.366,29.145,27.619,27.314,24.567,23.957,21.363,21.363,21.973,23.499,23.347,23.194,23.499,24.11,24.72,26.246,27.924,28.993,29.145,30.061,29.603,30.976,32.96,36.927,41.505,43.184,44.862,48.219,51.118,57.68,63.021,71.718,78.433,85.147,91.403,98.27,101.17,103.15,106.51,109.71,110.48,112,112.46,114.6,116.12,115.82,115.36,114.9,110.32,107.43,104.68,102.24,99.033,96.286,94.15,94.15,92.624,91.708,88.504,86.673,84.078,83.316,81.332,78.127,71.718,64.699,57.68,50.05,42.573,38.453,32.96,29.145,23.957,19.227,15.564,15.87,17.09,17.853,15.87,12.36,10.529,9.7659,7.0193,5.3407,1.8311,-1.3733,-5.4933,-8.3926,-11.139,-13.733,-16.327,-18.921,-20.447,-23.652,-24.873,-20.753,-17.548,-12.36,-9.3081,-7.7822,-9.4607,-11.75,-13.276,-13.733,-12.818,-11.444,-10.529,-8.8504,-8.0874,-4.5778,-2.2889,0.15259,0.15259,-0.30519,-0.76296,-1.0681,-1.9837,-2.2889,-2.2889,-1.5259,-1.5259,3.2044,7.477,10.529,9.6133,7.9348,6.2563,6.5615,8.8504,11.292,12.36,15.107,19.837,23.957,24.873,25.941,25.178,23.957,22.889,23.652,24.11,25.178,26.093,25.178,23.957,22.584,19.837,20.142,17.701,15.564,12.055,9.003,5.6459,3.9674,3.357,3.8148,4.5778,5.6459,4.883,4.2726,2.1363,1.2207,-0.30519,-2.2889,-4.5778,-5.7985,-6.8667,-5.3407,-6.5615,-7.7822,-9.9185,-9.1556,-8.8504,-7.6296,-7.7822,-5.1881,-2.4415,-3.2044,-6.5615,-10.834,-13.733,-15.107,-17.243,-17.243,-18.769,-19.379,-25.025,-30.519,-36.317,-39.827,-41.963,-42.268,-45.015,-46.541,-47.609,-48.219,-48.982,-46.999,-46.999,-45.015,-42.116,-39.979,-38.453,-36.927,-37.843,-37.538,-36.164,-31.281,-25.178,-20.295,-18.006,-15.107,-12.818,-9.1556,-7.3244,-7.7822,-7.7822,-8.0874,-9.1556,-12.36,-18.464,-23.347,-29.298,-30.824,-33.418,-35.401,-37.69,-36.164,-35.859,-36.622,-37.996,-37.233,-39.216,-42.726,-47.609,-48.982,-51.424,-52.644,-56.612,-57.375,-57.375,-57.985,-60.427,-61.8,-60.427,-55.849,-50.813,-42.879,-36.622,-31.739,-28.993,-24.567,-21.21,-20.6,-21.516,-20.6,-19.837,-18.616,-20.142,-19.837,-23.347,-25.483,-25.025,-23.041,-23.347,-24.262,-25.33,-26.704,-30.671,-34.486,-35.401,-33.57,-34.486,-35.859,-37.538,-37.385,-34.333,-29.145,-28.84,-32.502,-37.385,-37.843,-38.148,-38.911,-38.453,-37.385,-38.759,-37.385,-34.486,-28.23,-23.957,-19.532,-15.564,-11.292,-7.477,-3.8148,-2.4415,-0.30519,2.7467,4.5778,0.91556,-2.5941,-7.6296,-10.529,-11.444,-9.6133,-4.12,4.5778,9.7659,12.818,13.733,14.496,12.665,11.75,12.36,14.496,13.733,14.344,18.616,22.736,22.584,21.363,19.684,15.107,7.3244,3.0519,-0.15259,0.30519,-0.61037,-1.5259,2.1363,5.0356,7.6296,11.139,13.886,14.496,13.733,13.123,13.733,17.243,19.379,21.821,25.483,29.145,32.044,33.876,31.739,29.145,28.993,31.129,32.197,33.57,32.197,33.113,29.756,24.567,21.363,17.243,11.902,6.5615,2.7467,-0.45778,-7.1718,-12.665,-15.87,-18.159,-24.567,-28.535,-31.739,-37.08,-45.167,-54.018,-61.342,-67.598,-73.397,-74.465,-78.433,-80.264,-83.926,-84.231,-85.91,-86.52,-82.705,-73.55,-68.209,-66.073,-62.105,-58.443,-56.154,-50.203,-45.32,-40.437,-39.064,-35.707,-30.976,-28.84,-29.603,-28.077,-26.246,-25.483,-26.704,-27.924,-31.739,-34.181,-36.317,-38.453,-40.437,-41.505,-44.252,-44.404,-43.794,-44.252,-45.625,-45.015,-45.93,-44.557,-43.336,-41.2,-40.895,-39.674,-41.963,-45.32,-49.898,-52.95,-55.544,-58.29,-60.427,-62.716,-64.089,-58.748,-56.001,-53.865,-53.255,-51.118,-52.644,-53.865,-52.644,-48.677,-45.93,-42.421,-39.216,-36.47,-34.486,-32.35,-33.265,-30.366,-27.619,-25.178,-23.347,-20.6,-19.074,-19.227,-18.006,-15.87,-15.87,-12.36,-9.4607,-5.6459,-1.2207,4.883,11.597,19.227,23.499,27.009,29.908,30.671,30.671,31.739,34.333,34.944,35.859,37.69,34.333,33.418,32.502,29.45,27.619,27.772,26.856,25.178,22.736,23.499,25.33,30.213,31.281,32.35,36.164,37.233,38.148,40.437,43.184,45.778,46.236,48.219,49.287,51.576,50.661,48.83,45.015,44.557,44.71,43.489,43.336,42.573,42.116,43.794,43.336,42.573,40.895,41.658,38.453,35.096,35.859,37.233,35.249,33.723,31.434,28.077,21.21,17.396,12.055,8.0874,2.7467,5.3407,4.4252,4.12,6.7141,8.0874,6.4089,6.7141,6.8667,6.7141,2.7467,0.45778,-0.45778,-2.2889,-3.8148,-3.357,0.30519,-0,-4.7304,-5.6459,-5.0356,-3.0519,-5.0356,-7.0193,-9.4607,-11.292,-15.412,-17.701,-19.227,-20.142,-20.753,-18.159,-13.886,-9.7659,-6.5615,-5.3407,-5.9511,-2.5941,0.61037,6.5615,12.207,17.701,18.921,24.873,30.519,33.418,34.181,34.028,30.671,30.976,32.35,31.281,26.704,19.684,13.581,13.428,15.259,14.801,16.327,17.701,16.48,19.532,21.21,22.736,23.804,23.347,19.532,17.548,16.785,14.954,15.412,18.464,18.769,16.327,16.48,15.107,14.039,17.396,14.039,11.292,9.4607,13.886,15.259,15.259,14.344,11.75,9.4607,10.376,9.4607,7.3244,5.7985,8.6978,4.4252,-1.3733,-1.6785,-0.91556,-1.3733,-2.8993,-2.8993,-3.0519,-6.1037,-6.1037,-4.7304,-3.2044,-2.8993,1.6785,7.1718,13.123,15.87,19.379,25.636,35.096,44.404,47.609,47.609,51.118,52.95,48.83,39.369,31.587,26.093,20.295,15.717,6.5615,0.76296,-1.6785,-7.1718,-8.3926,-9.1556,-9.003,-12.818,-18.769,-28.535,-37.08,-45.93,-49.593,-50.966,-50.356,-51.424,-53.102,-53.865,-50.661,-51.424,-54.323,-57.68,-52.339,-45.778,-46.236,-47.304,-46.236,-45.778,-43.947,-40.742,-36.317,-36.317,-35.707,-37.385,-37.233,-39.521,-44.252,-41.505,-41.047,-43.794,-46.693,-49.898,-52.644,-57.07,-56.154,-54.933,-51.576,-52.492,-54.018,-55.849,-53.713,-52.339,-50.813,-52.187,-51.424,-52.034,-53.255,-56.001,-55.849,-60.732,-61.037,-64.089,-66.683,-69.887,-69.124,-69.43,-74.007,-75.991,-75.381,-78.738,-78.585,-77.67,-80.569,-84.994,-88.504,-89.724,-90.335,-92.929,-91.861,-87.13,-89.267,-89.724,-86.215,-82.553,-80.569,-80.264,-76.907,-71.108,-66.073,-63.021,-54.628,-47.609,-45.473,-43.947,-37.08,-29.603,-25.636,-22.431,-20.905,-23.194,-21.821,-24.567,-28.535,-33.265,-35.707,-45.015,-52.644,-59.358,-62.716,-67.293,-73.855,-74.923,-71.413,-72.787,-69.582,-66.836,-61.647,-56.764,-51.271,-44.252,-35.707,-31.434,-28.23,-26.093,-21.058,-18.006,-15.717,-12.513,-5.9511,-6.2563,2.7467,10.224,14.191,16.48,21.058,21.668,27.009,34.639,40.895,40.59,38.148,37.385,41.353,44.404,50.661,46.693,43.336,46.846,45.625,40.437,40.284,41.658,47.456,55.391,58.29,56.917,59.969,63.478,62.868,61.037,60.884,54.323,52.644,50.203,51.118,49.44,44.71,42.116,42.879,40.59,36.317,29.45,25.636,23.804,14.649,3.0519,-5.4933,-15.717,-26.551,-35.401,-41.047,-44.404,-48.524,-56.459,-62.868,-67.293,-68.361,-70.04,-71.871,-78.585,-81.942,-84.994,-88.046,-88.961,-87.283,-91.098,-94.607,-91.861,-90.64,-95.065,-103.15,-108.95,-110.63,-113.53,-114.29,-112.92,-110.93,-106.81,-103.31,-99.49,-91.861,-84.841,-79.043,-75.076,-73.702,-71.108,-69.582,-66.683,-60.121,-58.748,-59.664,-58.138,-53.407,-53.255,-53.56,-54.781,-55.544,-54.17,-58.443,-58.901,-53.713,-52.644,-50.05,-54.018,-56.612,-55.696,-60.274,-64.394,-65.615,-67.293,-68.972,-70.498,-70.04,-66.53,-61.19,-59.816,-56.154,-52.95,-50.508,-47.914,-46.846,-47.609,-43.947,-41.658,-36.164,-23.804,-19.532,-15.107,-7.9348,-2.8993,1.5259,6.8667,17.853,27.161,36.012,43.184,48.067,46.999,44.557,43.336,42.421,41.2,45.473,50.356,55.086,55.391,55.086,54.323,48.982,43.947,41.047,37.843,32.044,23.347,18.006,13.428,11.75,5.0356,1.2207,0.61037,-0.91556,-5.9511,-8.3926,-11.444,-12.665,-14.801,-17.548,-22.584,-25.178,-26.704,-23.957,-24.72,-27.619,-27.314,-23.194,-16.327,-10.987,-4.883,-1.8311,1.2207,8.24,17.548,24.873,27.314,31.739,34.639,40.895,42.879,39.064,37.69,42.879,43.336,39.674,36.927,34.486,28.687,22.889,14.191,11.292,10.376,13.123,16.022,15.87,14.954,16.938,17.09,15.107,13.733,19.227,27.161,30.671,30.824,32.807,32.655,37.538,44.557,44.71,43.031,45.015,40.437,36.012,32.197,25.025,19.99,20.447,13.428,13.123,12.055,8.0874,5.9511,1.9837,-7.3244,-10.376,1.2207,0.76296,-7.9348,-11.292,-11.292,-14.191,-20.753,-27.161,-31.129,-33.876,-34.486,-34.791,-36.164,-39.979,-46.541,-44.862,-44.252,-42.726,-41.353,-40.132,-43.184,-46.083,-47.914,-44.557,-39.521,-32.35,-32.197,-35.554,-37.385,-37.385,-36.927,-37.233,-39.369,-31.434,-27.619,-25.483,-26.856,-22.889,-21.21,-21.821,-22.279,-26.093,-31.892,-36.317,-41.505,-46.388,-51.576,-53.407,-57.833,-62.41,-66.53,-70.345,-71.261,-74.007,-80.569,-81.637,-79.806,-78.127,-78.127,-72.329,-68.819,-61.037,-54.628,-46.083,-34.791,-26.704,-21.668,-20.6,-17.548,-10.376,-4.883,-2.5941,-3.6622,0.15259,8.24,18.311,27.314,33.57,38.911,52.187,61.8,61.647,58.748,64.241,74.618,75.838,73.244,73.244,67.598,67.904,67.446,70.498,76.296,75.076,71.261,68.667,66.988,66.53,61.495,59.664,52.492,47.151,38.911,27.924,19.837,16.785,11.902,9.9185,11.444,10.987,8.3926,5.7985,3.2044,4.7304,10.071,12.207,12.513,12.665,13.581,19.532,27.009,34.028,40.895,49.287,55.849,59.664,62.105,64.394,58.901,60.579,59.969,62.258,61.953,60.884,61.037,63.021,60.427,57.985,55.238,60.579,63.021,57.985,55.238,59.816,61.495,64.852,68.056,70.193,68.209,64.852,62.258,60.732,57.985,55.696,51.576,49.287,49.135,49.135,47.456,42.726,35.249,30.671,27.467,23.957,21.668,23.652,27.924,29.603,34.639,42.879,46.693,56.917,62.716,71.261,76.754,79.653,77.822,82.705,89.572,95.981,99.643,103,102.54,105.29,98.727,96.438,100.71,105.9,102.39,95.981,87.13,83.01,80.874,78.127,70.498,64.089,56.307,48.83,44.099,41.658,35.249,31.434,29.603,22.736,12.36,6.8667,3.5096,0.91556,0.61037,0.45778,-3.6622,-5.7985,-8.0874,-11.444,-15.107,-14.649,-18.616,-20.6,-19.379,-11.902,-7.477,-2.1363,6.1037,14.496,15.87,16.48,17.396,19.837,21.821,26.704,33.723,35.554,37.385,37.69,34.944,32.655,36.012,37.843,36.775,35.554,29.603,31.129,30.061,29.45,30.824,29.145,27.619,26.246,24.567,24.415,21.21,16.48,12.36,7.477,-4.5778,-19.379,-27.924,-31.129,-35.249,-43.794,-53.56,-59.511,-67.141,-74.16,-83.163,-87.741,-91.403,-90.793,-87.588,-84.994,-83.468,-78.28,-72.024,-63.631,-54.17,-43.947,-38.606,-34.028,-24.873,-13.581,-9.3081,-4.5778,-0.61037,1.5259,6.2563,9.9185,14.496,22.126,26.093,32.35,37.233,41.81,40.437,37.69,32.96,33.265,33.723,31.739,28.993,25.636,22.431,25.025,22.431,18.769,13.428,6.5615,-1.3733,-5.9511,-13.886,-19.379,-22.889,-26.399,-27.314,-27.161,-26.704,-22.889,-20.142,-17.243,-16.938,-10.834,-6.2563,0.30519,7.477,12.665,16.327,20.753,25.483,31.892,36.164,38.759,41.658,46.388,52.187,57.985,60.274,65.767,71.261,77.364,83.01,85.452,89.724,93.844,95.676,95.981,93.234,92.624,94.607,98.727,98.27,98.575,98.27,98.88,99.338,100.25,98.727,95.218,91.556,87.283,82.4,78.89,73.244,75.381,75.228,73.55,65.31,53.713,47.609,46.693,46.541,51.118,47.761,44.404,42.573,40.895,39.216,41.353,43.489,42.268,38.606,38.301,37.69,38.759,44.557,43.336,41.353,40.895,39.064,39.216,36.927,40.132,39.674,34.333,33.723,33.876,30.061,29.908,31.892,31.587,27.161,24.11,22.736,22.431,22.279,23.347,21.973,22.889,24.11,23.957,24.72,24.72,20.905,19.532,15.259,10.987,5.7985,1.9837,-2.5941,-8.0874,-14.649,-19.379,-21.058,-23.194,-26.246,-28.23,-26.399,-24.262,-30.366,-34.181,-35.859,-37.69,-40.742,-40.895,-39.521,-38.453,-35.554,-30.519,-27.467,-22.431,-19.074,-12.665,-10.071,-7.1718,-5.0356,-2.4415,0.76296,3.8148,9.9185,17.396,23.347,25.788,26.551,35.554,39.979,44.71,49.44,53.255,58.138,61.19,62.716,62.868,58.901,57.68,54.476,54.476,61.495,67.751,69.277,70.04,67.598,58.596,53.56,54.17,50.508,48.372,46.083,41.353,32.807,30.671,27.467,27.009,24.262,20.905,14.191,4.883,-2.1363,-6.2563,-9.4607,-9.7659,-10.834,-9.6133,-14.801,-17.396,-16.785,-14.649,-13.123,-12.36,-5.6459,-1.8311,-0.45778,5.6459,9.7659,13.428,13.276,14.344,15.87,18.311,16.022,18.921,21.668,23.194,22.431,21.516,21.973,22.279,18.311,14.954,11.902,11.75,10.071,9.3081,7.6296,7.3244,5.9511,3.9674,0.61037,-1.2207,0.91556,3.0519,0.30519,-0.76296,-2.5941,0.15259,4.5778,9.4607,13.581,17.243,19.837,21.363,20.142,19.074,16.785,12.97,8.6978,8.3926,7.9348,3.6622,-4.2726,-6.5615,-7.0193,-9.9185,-16.022,-18.921,-17.09,-15.412,-16.785,-17.396,-16.938,-13.276,-10.834,-7.477,-4.883,-0.91556,0.45778,1.9837,2.7467,1.8311,-1.0681,-1.9837,-1.3733,-2.2889,-6.2563,-9.7659,-11.902,-12.665,-16.633,-18.311,-22.736,-31.434,-38.606,-37.996,-36.164,-38.759,-42.726,-44.862,-47.914,-48.067,-47.151,-46.388,-49.287,-51.881,-54.018,-57.527,-61.037,-61.8,-63.173,-64.547,-66.53,-66.073,-65.31,-62.258,-60.427,-54.323,-49.135,-42.268,-39.674,-36.775,-32.044,-25.941,-21.821,-17.701,-16.327,-14.039,-13.276,-10.987,-11.597,-12.97,-15.717,-14.649,-12.818,-11.139,-8.5452,-5.6459,-7.1718,-8.3926,-11.139,-13.581,-16.938,-18.311,-20.6,-19.532,-18.616,-18.006,-18.159,-17.396,-14.496,-10.681,-6.7141,-2.2889,-1.5259,1.0681,2.8993,7.6296,9.6133,9.6133,5.3407,1.3733,-3.8148,-7.3244,-9.9185,-8.0874,-11.444,-15.259,-17.853,-19.074,-20.753,-21.21,-19.074,-15.564,-11.597,-7.9348,-3.9674,1.8311,3.8148,5.0356,3.0519,-0,-3.5096,-2.8993,-0.15259,2.5941,3.8148,2.2889,-0.61037,-1.6785,-2.5941,-1.3733,-2.5941,-1.0681,-0.76296,0.76296,2.1363,2.7467,2.5941,3.0519,3.5096,5.0356,7.6296,12.207,12.665,13.123,11.139,10.834,8.0874,1.6785,-5.0356,-12.665,-20.295,-24.415,-26.856,-29.756,-32.044,-32.044,-33.113,-34.028,-36.164,-35.249,-34.333,-32.655,-31.587,-32.197,-31.739,-29.756,-30.671,-27.924,-25.941,-23.652,-24.415,-23.652,-27.009,-29.298,-29.908,-28.382,-28.077,-28.535,-30.213,-27.772,-25.941,-25.025,-26.246,-24.72,-24.415,-23.347,-24.567,-26.704,-28.23,-28.993,-28.993,-28.84,-32.35,-34.639,-38.301,-39.216,-41.2,-40.895,-41.658,-41.2,-40.742,-37.843,-36.012,-32.807,-27.924,-20.142,-15.412,-10.987,-10.376,-8.24,-7.6296,-5.0356,-1.9837,3.5096,7.7822,11.597,15.107,17.853,19.379,21.973,22.126,24.415,26.093,29.45,31.281,33.723,37.233,41.505,43.641,45.167,46.541,49.287,52.492,55.544,56.154,57.527,57.68,57.222,53.56,49.745,44.404,39.674,36.012,34.181,32.502,31.281,30.824,32.655,32.044,30.976,28.687,27.467,25.33,25.483,25.788,26.093,27.772,31.281,34.486,37.69,39.064,41.963,43.947,46.846,47.456,50.05,50.356,50.05,47.761,45.778,43.336,41.047,38.301,36.012,34.639,36.47,34.028,32.655,28.687,26.093,22.736,20.753,15.564,11.902,10.987,10.529,10.987,12.513,13.886,15.564,14.954,14.954,13.581,14.496,14.344,14.344,12.97,12.665,11.902,11.902,12.513,16.938,21.973,28.687,33.418,38.759,43.489,47.761,50.813,53.255,54.781,57.833,59.969,62.716,65.615,67.598,64.699,61.8,58.596,55.849,50.813,46.236,40.895,36.164,30.061,25.178,21.21,19.532,17.853,17.243,14.649,14.039,12.36,12.055,10.071,9.6133,10.529,13.428,17.701,20.447,22.889,23.652,22.431,23.652,23.957,26.093,27.772,30.519,32.197,31.434,29.45,29.756,31.281,32.502,31.281,30.213,26.399,24.567,21.821,19.227,14.191,9.9185,6.7141,5.0356,3.2044,0.45778,-2.7467,-4.5778,-6.8667,-7.0193,-9.1556,-8.3926,-9.3081,-11.139,-13.581,-15.107,-15.564,-13.733,-9.6133,-5.9511,-2.7467,-0.45778,1.8311,4.2726,3.2044,3.9674,5.1881,7.477,9.6133,13.123,16.938,20.905,25.025,30.976,33.57,35.554,32.96,29.908,24.415,22.431,18.769,14.954,12.055,9.003,3.6622,-1.5259,-4.2726,-7.9348,-13.581,-18.159,-23.652,-26.399,-31.434,-35.859,-40.59,-44.099,-47.761,-48.982,-48.677,-48.219,-47.151,-45.32,-47.456,-47.609,-50.356,-50.356,-51.881,-52.187,-53.713,-53.255,-52.644,-50.203,-48.982,-47.914,-48.677,-49.135,-51.424,-50.966,-52.034,-52.644,-55.849,-58.443,-61.647,-64.852,-67.446,-71.871,-77.364,-79.196,-81.332,-80.111,-82.858,-84.384,-86.215,-84.689,-85.604,-87.13,-89.419,-91.098,-93.844,-96.133,-97.507,-97.354,-95.676,-92.776,-91.556,-88.809,-85.757,-80.264,-75.991,-68.361,-61.19,-53.407,-45.778,-38.911,-33.876,-28.23,-23.194,-15.87,-13.581,-10.376,-8.5452,-6.5615,-7.9348,-8.6978,-8.5452,-9.003,-10.834,-13.886,-15.564,-14.191,-16.938,-20.6,-26.246,-29.145,-32.807,-35.707,-38.759,-42.573,-46.541,-47.914,-47.304,-42.268,-38.301,-35.554,-34.944,-34.333,-36.775,-37.08,-37.233,-37.538,-37.385,-34.181,-30.519,-29.45,-29.756,-28.84,-27.772,-23.804,-19.99,-14.191,-10.834,-6.5615,-5.4933,-5.0356,-3.0519,-0.30519,1.8311,7.0193,8.5452,9.4607,9.1556,9.1556,7.1718,7.9348,8.8504,6.2563,2.8993,3.0519,0.76296,-4.5778,-8.6978,-8.24,-7.1718,-3.8148,-4.883,-6.5615,-9.3081,-11.597,-14.954,-18.159,-21.363,-24.11,-30.366,-37.08,-44.71,-49.593,-54.781,-56.001,-57.68,-56.459,-55.849,-55.696,-57.375,-58.596,-58.443,-55.849,-53.56,-48.524,-44.557,-39.521,-35.859,-29.45,-26.399,-23.804,-22.736,-21.821,-22.431,-21.668,-22.889,-23.194,-24.415,-24.262,-24.72,-25.025,-26.856,-29.145,-32.96,-32.502,-29.45,-25.33,-22.889,-20.753,-20.295,-21.21,-25.483,-27.161,-28.535,-27.619,-29.45,-30.061,-32.655,-36.47,-42.116,-47.151,-51.881,-51.881,-47.761,-45.473,-47.304,-46.236,-46.541,-45.778,-47.151,-47.609,-50.661,-53.102,-58.138,-62.563,-66.53,-71.566,-77.975,-81.484,-83.468,-85.757,-91.556,-95.828,-99.49,-101.63,-104.22,-107.43,-107.43,-107.73,-109.1,-107.58,-105.75,-102.69,-97.507,-92.318,-90.945,-87.588,-83.316,-77.67,-73.55,-72.634,-71.261,-67.446,-64.241,-59.511,-58.748,-58.29,-59.664,-58.901,-61.19,-64.547,-67.141,-72.787,-78.127,-80.721,-81.942,-84.231,-88.504,-93.692,-98.575,-98.727,-101.63,-102.39,-104.22,-103,-101.02,-96.133,-92.929,-90.945,-87.436,-79.958,-77.822,-72.176,-63.936,-58.138,-53.407,-46.999,-40.742,-36.164,-34.486,-30.976,-25.33,-21.668,-20.142,-19.837,-18.311,-18.921,-21.821,-23.652,-24.567,-27.009,-30.824,-37.233,-42.726,-46.693,-51.271,-56.764,-67.751,-75.991,-81.484,-83.01,-88.046,-91.403,-93.234,-93.081,-94.76,-94.76,-95.676,-94.302,-92.318,-88.504,-85.147,-76.907,-75.076,-70.65,-70.65,-68.209,-67.446,-66.53,-65.92,-61.037,-55.391,-52.339,-51.576,-46.693,-43.794,-39.521,-38.759,-34.639,-34.333,-34.181,-34.486,-35.096,-36.622,-34.944,-32.96,-28.077,-24.262,-16.938,-12.513,-6.4089,-3.8148,-2.8993,-3.6622,-4.2726,-6.2563,-10.834,-15.87,-20.447,-26.399,-33.418,-43.489,-47.151,-51.271,-53.865,-53.865,-57.985,-67.293,-70.803,-74.618,-72.634,-69.124,-61.19,-58.596,-62.716,-70.193,-67.598,-68.056,-68.209,-70.498,-71.871,-72.329,-73.55,-75.381,-73.244,-72.634,-73.092,-70.345,-66.988,-64.394,-59.206,-54.628,-47.761,-42.268,-37.843,-35.096,-31.739,-28.84,-24.567,-21.668,-20.6,-22.279,-23.194,-23.957,-24.262,-29.45,-32.044,-36.012,-36.927,-37.996,-35.707,-37.385,-36.164,-39.674,-43.947,-48.372,-48.982,-48.677,-48.067,-47.914,-45.625,-42.573,-38.911,-39.521,-37.385,-32.807,-26.551,-25.483,-23.957,-21.058,-12.055,-8.5452,-7.6296,-5.7985,-4.883,-1.0681,3.2044,9.003,12.97,11.139,9.7659,12.055,15.87,18.464,18.159,18.769,16.327,20.753,24.873,24.262,20.6,24.415,23.041,14.649,16.022,15.717,16.022,17.243,20.295,19.532,20.6,23.652,27.467,28.382,29.756,31.739,30.824,34.944,43.947,50.508,52.644,52.95,54.476,58.29,61.953,61.495,60.274,60.121,57.527,52.492,56.764,63.326,68.361,62.868,56.307,49.287,43.184,46.541,49.44,49.287,50.508,48.982,47.761,42.421,41.505,45.778,44.862,44.862,46.083,45.167,42.573,39.674,34.181,28.687,32.655,34.486,29.603,20.905,20.447,19.074,13.733,10.987,9.4607,7.3244,5.0356,2.7467,1.3733,1.0681,-3.357,-7.3244,-2.1363,2.2889,3.9674,3.5096,2.1363,-1.8311,-5.6459,-11.139,-13.123,-14.344,-14.039,-12.055,-6.8667,-0.76296,-7.477,-13.886,-11.292,-11.139,-9.4607,-8.3926,-4.5778,-4.2726,-3.8148,0.45778,6.4089,8.8504,10.071,10.224,10.376,13.428,19.837,22.279,23.652,26.551,28.535,26.399,29.756,36.164,43.947,47.304,50.508,55.238,62.105,66.683,75.686,80.721,84.078,85.299,88.046,91.403,92.471,98.422,102.69,104.22,106.51,109.87,115.97,119.79,122.23,115.05,109.56,106.51,106.36,102.54,101.02,101.78,97.964,90.335,86.367,80.264,69.582,66.988,69.277,59.511,52.339,53.102,52.187,53.255,54.781,57.527,59.206,52.187,47.304,46.541,47.304,44.252,41.658,36.164,30.366,23.804,17.853,12.207,11.292,10.681,13.276,13.276,19.532,26.704,28.23,25.483,27.467,26.551,21.821,18.159,19.379,21.363,23.499,24.11,21.821,19.532,18.464,15.259,6.1037,-2.8993,-6.7141,-12.055,-12.818,-12.207,-14.954,-15.87,-13.428,-12.36,-12.513,-16.785,-18.006,-19.837,-23.957,-24.567,-29.145,-33.723,-38.606,-40.132,-41.963,-38.148,-31.281,-31.587,-32.96,-28.535,-22.126,-20.753,-22.279,-22.279,-21.058,-15.412,-8.0874,-2.5941,3.0519,2.5941,3.357,3.9674,2.7467,2.1363,-0.61037,-3.8148,-3.8148,4.4252,13.276,18.616,28.687,31.434,34.486,35.554,36.317,32.044,30.061,26.551,21.516,21.973,29.45,32.35,29.908,28.687,29.756,26.399,24.72,25.33,27.314,25.788,26.399,27.619,27.924,27.009,27.009,25.025,26.704,27.314,30.824,30.213,27.924,30.976,29.908,21.058,19.684,14.954,12.207,7.0193,5.4933,3.5096,1.0681,-1.9837,4.5778,10.681,15.717,18.769,23.957,26.856,33.418,39.674,44.099,46.846,52.034,51.271,52.797,55.238,56.001,53.56,54.781,53.56,52.339,50.813,48.524,44.252,40.437,37.843,37.843,36.012,39.369,41.81,44.557,39.979,39.064,39.674,41.963,42.879,44.71,46.846,47.151,45.93,47.151,45.625,45.167,42.573,39.827,34.944,35.859,35.401,31.434,26.856,23.194,23.652,25.788,25.178,27.009,27.009,28.382,29.908,35.401,37.08,39.521,43.336,52.492,58.29,61.495,66.073,72.176,76.144,80.264,81.484,87.893,90.945,95.828,102.08,110.78,117.04,124.36,130.01,135.65,139.32,144.96,160.22,170.6,173.5,177.16,180.82,185.4,192.42,199.29,205.24,209.97,216.22,225.07,230.72,234.38,237.43,244.76,251.47,258.03,262.76,262.92,262.76,265.21,267.19,269.78,270.85,271,268.87,266.43,262.76,260.17,258.03,257.27,255.13,254.68,254.07,254.83,256.2,256.66,255.59,259.1,259.56,262.76,271,279.85,283.67,283.97,280.31,279.55,285.65,288.4,287.33,288.71,290.69,292.06,288.4,285.2,278.63,275.43,271.16,265.36,259.41,256.2,254.52,254.98,251.01,249.64,246.44,244.3,240.33,235.45,230.87,227.36,223.24,217.14,212.41,205.69,197.91,196.84,191.2,180.21,172.28,167.39,164.04,157.78,153.66,149.08,144.35,140.23,130.77,123.14,115.67,111.7,104.37,101.47,96.744,92.013,89.572,83.316,79.653,76.449,69.582,68.667,64.241,60.121,59.358,61.953,60.884,58.901,55.696,49.593,41.658,36.775,32.807,28.84,24.873,25.636,24.415,21.668,21.363,22.889,21.363,15.259,11.444,10.681,7.9348,5.1881,1.0681,-3.8148,-10.071,-15.259,-19.837,-26.551,-32.96,-37.385,-43.031,-49.135,-54.781,-56.154,-59.511,-59.053,-60.579,-58.901,-57.833,-55.238,-50.966,-48.524,-42.421,-38.301,-39.827,-43.031,-45.32,-43.336,-39.827,-37.538,-36.317,-34.333,-34.486,-35.096,-30.976,-28.84,-30.213,-34.333,-37.996,-37.233,-37.69,-41.047,-43.031,-42.421,-41.658,-39.216,-37.538,-35.554,-34.028,-32.807,-30.213,-30.824,-32.044,-30.824,-26.093,-16.633,-14.039,-12.665,-10.529,-7.6296,-5.1881,-0.61037,2.5941,11.292,18.464,25.636,32.655,39.979,46.083,52.797,58.596,68.819,80.569,88.656,91.556,99.796,108.04,116.12,121.01,126.65,137.03,142.06,142.83,150.61,157.63,163.88,169.84,176.85,182.65,191.35,199.44,204.17,210.58,216.07,218.97,221.56,221.72,222.79,225.84,226.29,227.21,236.21,238.81,237.28,238.65,244.91,248.57,242.47,236.37,234.84,240.49,243.54,242.01,244.91,247.05,248.73,249.79,254.07,250.71,245.06,241.1,242.77,245.37,244.61,243.69,243.08,247.05,247.35,237.13,230.11,230.26,240.03,246.89,242.93,236.52,236.82,237.74,236.82,236.37,235.91,234.38,235.45,236.67,236.98,239.27,242.47,238.81,237.74,240.79,242.01,238.35,238.04,235.91,234.53,232.55,227.52,223.4,221.11,216.22,218.05,216.22,210.58,206.46,206.15,206.31,199.59,185.71,182.04,180.67,179.6,175.63,170.75,168,166.78,165.56,162.36,158.7,153.97,152.44,151.52,146.34,145.42,148.01,149.08,148.32,149.69,149.39,146.18,147.25,147.56,148.47,150.61,146.34,144.05,141.45,139.01,133.52,127.11,120.85,115.36,108.49,99.338,92.166,84.536,75.533,66.683,58.901,54.323,47.304,41.81,33.876,30.366,24.567,15.87,7.9348,0.30519,-7.1718,-13.886,-20.753,-25.33,-30.824,-36.012,-39.827,-40.284,-41.81,-43.031,-41.81,-39.064,-38.453,-39.674,-40.132,-40.437,-41.353,-39.979,-38.911,-36.317,-36.012,-32.502,-29.908,-28.535,-25.025,-20.753,-17.701,-16.48,-16.022,-16.175,-18.006,-21.058,-25.33,-24.11,-23.347,-27.314,-29.603,-31.434,-34.181,-34.791,-35.554,-34.333,-36.622,-35.249,-34.639,-34.333,-36.164,-38.606,-40.284,-40.895,-40.742,-40.132,-38.148,-39.216,-48.219,-50.966,-48.83,-48.677,-53.407,-54.933,-57.375,-57.222,-56.307,-58.443,-60.732,-60.121,-58.901,-58.138,-58.748,-58.138,-59.664,-56.154,-53.713,-51.424,-52.187,-51.424,-50.813,-50.966,-51.118,-51.424,-49.287,-48.982,-53.56,-52.187,-47.304,-44.557,-45.93,-47.456,-48.982,-46.236,-43.031,-40.59,-37.996,-38.148,-38.148,-38.148,-36.622,-37.08,-39.979,-39.064,-40.895,-43.336,-47.304,-48.067,-46.083,-42.726,-42.116,-43.336,-44.404,-46.541,-48.067,-48.677,-50.05,-45.93,-42.879,-39.216,-37.385,-35.859,-39.064,-43.184,-45.625,-46.541,-49.287,-54.933,-61.342,-65.31,-69.43,-71.566,-73.397,-75.381,-76.601,-77.822,-82.858,-88.809,-92.013,-94.15,-97.964,-101.47,-101.78,-99.338,-98.422,-97.507,-100.71,-104.37,-109.71,-113.99,-117.19,-121.01,-127.26,-133.67,-140.23,-142.67,-145.57,-148.01,-151.52,-153.36,-157.17,-163.43,-168.77,-172.43,-176.85,-179.91,-184.03,-187.38,-195.01,-202.64,-208.75,-212.87,-217.9,-222.94,-227.36,-229.35,-230.87,-228.43,-225.07,-224.31,-225.38,-222.33,-224.31,-225.53,-227.06,-227.82,-229.8,-229.5,-230.41,-230.57,-230.57,-231.48,-230.87,-231.33,-230.72,-228.74,-226.45,-224.77,-223.24,-222.02,-220.04,-216.53,-215,-215.16,-216.07,-218.05,-220.95,-220.8,-219.43,-216.83,-214.55,-209.2,-205.85,-202.64,-202.49,-204.17,-202.8,-198.07,-201.27,-207.53,-210.73,-213.63,-216.68,-216.68,-216.22,-214.09,-213.78,-214.24,-214.85,-213.78,-216.53,-216.83,-216.07,-215,-213.02,-212.87,-212.26,-210.43,-208.44,-206.76,-211.19,-213.17,-215.77,-216.83,-217.44,-218.51,-220.8,-221.41,-222.33,-222.02,-222.63,-217.14,-212.1,-207.68,-203.86,-198.22,-195.32,-191.81,-186.62,-182.04,-178.38,-177.16,-178.38,-176.09,-171.36,-164.49,-158.85,-155.49,-154.88,-151.52,-149.24,-148.01,-150.3,-152.9,-155.8,-156.56,-159.15,-157.78,-157.17,-153.97,-152.59,-152.29,-152.75,-149.85,-148.63,-145.73,-146.18,-145.27,-140.23,-139.47,-142.06,-141.91,-145.88,-145.12,-149.69,-152.75,-153.97,-155.64,-153.51,-153.51,-151.68,-150.61,-152.75,-153.36,-155.34,-156.71,-156.41,-155.34,-155.03,-151.22,-151.37,-153.2,-155.19,-153.66,-151.83,-149.24,-146.18,-142.83,-141.15,-137.79,-135.2,-131.99,-128.48,-122.84,-120.55,-119.33,-117.65,-115.05,-114.9,-111.85,-110.17,-109.71,-108.34,-103.76,-99.338,-92.318,-89.572,-92.013,-88.046,-76.144,-66.073,-60.274,-50.813,-39.369,-35.401,-27.314,-17.701,-12.055,-11.597,-6.7141,-6.8667,-7.1718,-5.9511,-1.0681,2.1363,2.8993,3.357,7.1718,3.9674,7.0193,7.9348,8.5452,9.6133,13.276,16.48,18.616,18.616,21.821,26.856,27.772,27.009,27.619,27.924,27.009,25.636,29.298,29.756,30.976,28.687,26.856,27.161,27.314,24.873,22.736,18.769,18.006,19.532,19.837,17.548,19.227,24.873,25.636,20.753,18.311,16.48,13.123,10.834,10.529,10.376,10.224,9.6133,15.87,21.21,24.11,23.957,23.347,22.736,20.753,19.837,25.483,23.194,17.701,16.633,22.736,25.025,28.993,33.876,37.385,37.843,39.064,44.099,49.135,49.135,52.797,61.342,66.073,61.19,60.427,63.021,65.462,64.699,63.631,60.121,57.07,55.391,54.323,47.456,44.557,42.421,39.521,30.519,23.804,22.126,19.379,16.175,8.8504,2.5941,0.76296,2.2889,-0.61037,-6.7141,-7.7822,-5.9511,-5.4933,-11.139,-15.412,-22.279,-29.145,-26.704,-24.873,-27.619,-30.366,-33.57,-36.164,-35.401,-37.08,-43.489,-45.015,-44.862,-43.947,-43.336,-43.489,-45.778,-43.489,-38.911,-35.096,-33.265,-31.739,-31.434,-29.603,-29.298,-28.84,-29.45,-34.181,-40.895,-38.759,-32.96,-33.876,-37.996,-38.606,-39.521,-38.759,-36.775,-33.723,-34.028,-29.603,-24.415,-18.159,-10.071,1.9837,15.717,29.603,37.385,44.862,58.138,68.514,79.806,86.978,93.387,98.88,102.85,108.49,114.9,121.77,129.09,133.98,137.79,145.12,148.47,150.91,153.81,157.02,158.09,160.53,162.36,163.58,158.24,147.25,141.45,139.62,136.57,136.11,136.11,136.11,130.62,128.03,126.04,119.94,118.41,119.94,116.73,112,107.43,102.69,94.913,90.64,94.76,91.708,80.264,81.027,84.231,84.994,79.501,75.991,77.059,76.296,74.16,75.228,80.721,85.452,91.25,92.318,87.588,83.621,83.621,83.316,82.858,83.926,79.806,70.956,64.394,59.053,51.424,46.846,37.233,26.551,19.074,19.227,23.347,27.009,26.551,24.873,22.584,18.769,14.344,14.039,12.97,12.055,11.292,12.207,8.8504,2.2889,-6.5615,-10.987,-12.055,-15.564,-23.652,-24.873,-23.957,-24.873,-25.025,-21.668,-24.262,-26.093,-23.652,-21.363,-22.584,-24.72,-32.044,-33.265,-27.009,-27.009,-36.317,-43.641,-51.729,-55.696,-58.29,-59.969,-69.124,-75.533,-80.111,-81.637,-83.163,-87.588,-90.335,-88.961,-89.877,-89.572,-92.929,-92.624,-96.896,-101.17,-107.73,-108.04,-109.1,-106.2,-103.76,-107.27,-108.34,-101.93,-99.796,-95.218,-91.708,-85.91,-83.316,-84.384,-85.452,-76.754,-70.345,-63.326,-58.138,-57.222,-58.748,-57.527,-57.833,-57.985,-64.699,-67.904,-67.141,-69.887,-79.653,-83.468,-85.91,-87.436,-91.25,-95.828,-98.422,-98.88,-99.643,-97.964,-99.033,-101.17,-101.78,-93.387,-84.231,-76.296,-69.43,-63.173,-60.274,-59.511,-61.8,-64.852,-71.261,-72.939,-73.397,-65.157,-64.241,-68.209,-71.413,-73.855,-76.144,-72.024,-67.904,-67.446,-66.53,-66.073,-66.988,-66.225,-66.225,-65.767,-70.803,-73.702,-75.076,-76.449,-82.4,-86.978,-86.52,-87.741,-94.15,-98.27,-97.201,-97.049,-97.354,-99.033,-97.354,-94.302,-89.114,-84.994,-84.994,-84.078,-80.569,-81.179,-83.01,-84.384,-89.114,-94.76,-99.033,-100.56,-98.575,-98.422,-93.997,-88.351,-88.198,-84.689,-80.111,-74.77,-72.787,-71.261,-70.65,-69.887,-71.566,-70.04,-67.751,-64.394,-61.495,-59.358,-56.612,-51.118,-50.966,-48.83,-46.693,-42.879,-42.573,-38.453,-36.622,-32.807,-28.993,-23.804,-19.99,-18.311,-14.344,-14.954,-14.954,-5.4933,-2.5941,-3.9674,-4.7304,0.61037,1.9837,2.7467,3.6622,2.4415,2.7467,4.7304,6.5615,6.7141,4.2726,2.1363,-2.2889,3.6622,5.1881,2.1363,-0.45778,0.45778,-0.15259,1.3733,3.0519,6.4089,8.3926,16.327,21.363,28.382,34.639,37.996,37.385,38.759,41.353,43.489,44.557,45.32,43.947,42.726,38.453,36.622,35.096,36.622,35.096,32.96,30.671,31.281,32.044,37.08,43.184,45.778,46.388,45.625,42.268,43.794,40.437,35.249,32.35,33.113,31.434,28.077,25.636,22.126,15.259,14.191,14.191,19.074,19.227,19.99,21.973,24.873,26.704,28.077,30.519,33.723,33.113,30.824,31.892,31.739,33.265,35.401,32.807,35.249,31.434,30.213,28.84,27.772,25.33,24.11,24.415,26.856,27.772,30.976,31.892,30.824,30.213,31.739,32.197,36.775,36.622,36.927,36.47,37.538,38.759,37.69,39.064,41.047,37.996,40.284,42.421,44.099,40.895,39.369,40.59,44.862,47.609,47.456,45.015,40.132,36.775,32.35,26.246,23.804,24.567,21.21,14.954,15.107,16.785,16.938,16.175,13.886,13.428,14.191,12.055,9.6133,1.8311,1.2207,0.45778,1.5259,6.2563,9.003,5.1881,2.4415,1.2207,-1.2207,-4.4252,-1.0681,-4.883,-14.649,-15.564,-12.665,-20.447,-29.145,-31.434,-28.23,-31.739,-39.216,-43.184,-44.557,-47.914,-43.641,-40.132,-38.759,-39.521,-37.996,-38.301,-36.927,-36.47,-32.502,-25.483,-20.295,-15.259,-9.6133,-2.4415,5.6459,7.9348,15.717,15.87,14.344,18.006,23.347,26.856,29.603,32.35,31.587,31.281,34.486,34.333,36.47,36.47,36.622,36.775,39.674,42.116,45.167,47.914,46.846,47.761,50.966,52.95,53.56,50.661,47.761,44.862,43.947,43.794,46.541,46.541,45.32,43.794,45.778,46.083,46.693,47.609,48.219,50.05,53.255,48.372,44.557,45.473,45.473,41.353,40.742,41.353,42.421,38.911,37.08,40.895,45.625,48.067,50.05,50.356,52.339,50.203,44.099,38.301,34.791,32.502,32.655,38.759,45.473,45.778,48.067,48.524,49.135,48.83,47.456,48.83,50.508,48.982,52.339,56.917,63.631,68.972,74.465,75.838,78.738,76.601,71.413,64.699,56.154,54.17,54.17,50.508,45.625,43.947,46.388,47.456,47.761,46.236,45.625,43.794,41.81,40.437,41.047,38.911,36.012,33.265,32.96,34.791,36.47,36.317,38.759,44.099,46.693,47.914,49.287,49.287,48.372,49.745,52.339,52.034,51.729,51.729,50.508,47.456,44.862,42.879,43.031,41.047,39.674,37.538,37.08,35.401,34.028,32.197,29.908,24.72,20.6,15.107,11.902,5.0356,1.2207,-3.0519,-8.24,-14.649,-18.006,-22.279,-27.161,-30.824,-31.739,-34.181,-36.164,-35.249,-30.824,-28.84,-24.567,-22.431,-19.99,-16.327,-13.886,-11.902,-5.6459,0.15259,4.7304,7.0193,11.597,12.97,13.581,16.175,15.717,11.444,10.834,9.3081,6.1037,3.2044,1.2207,-0.15259,-0.15259,-5.0356,-7.1718,-10.224,-9.9185,-10.224,-12.818,-18.921,-24.72,-27.619,-28.382,-27.009,-25.025,-25.025,-22.584,-21.668,-21.516,-22.736,-23.652,-25.636,-25.483,-26.704,-26.093,-25.941,-25.636,-23.499,-23.194,-20.905,-14.344,-12.207,-8.24,-5.3407,-2.1363,1.0681,5.9511,11.75,17.853,19.837,23.041,27.467,31.129,33.723,35.859,35.707,35.554,33.418,34.486,33.265,29.603,25.636,19.379,11.902,3.2044,-5.0356,-13.276,-22.736,-32.655,-44.557,-51.729,-63.631,-73.702,-81.484,-86.52,-91.25,-93.081,-94.15,-93.387,-93.234,-91.708,-91.098,-89.877,-91.708,-91.25,-89.114,-86.367,-84.384,-78.127,-70.65,-62.258,-56.764,-50.661,-46.846,-41.2,-39.064,-35.401,-32.044,-25.788,-20.295,-14.954,-10.987,-8.6978,-7.7822,-6.7141,-5.4933,-3.6622,-3.5096,-2.5941,-6.8667,-10.681,-13.733,-15.87,-20.6,-25.788,-32.197,-36.775,-40.132,-42.116,-46.236,-47.914,-50.203,-50.508,-52.95,-54.476,-53.56,-51.881,-48.982,-45.625,-42.726,-40.284,-35.859,-31.892,-24.72,-17.243,-13.733,-9.4607,-5.4933,0.91556,4.12,10.529,16.022,20.6,24.72,28.993,31.281,34.028,34.486,36.927,36.47,40.284,40.895,43.641,44.404,43.489,42.421,40.742,36.317,33.723,31.434,29.145,23.804,21.058,19.684,20.295,18.464,17.853,17.09,14.649,13.428,13.581,12.97,12.36,14.191,21.668,28.077,32.35,31.892,33.113,34.944,36.317,37.538,38.606,38.453,39.216,40.132,42.879,44.71,48.067,49.898,51.729,51.576,55.544,54.781,52.797,48.982,49.898,51.118,53.102,55.544,55.544,51.576,50.356,47.914,46.388,45.625,46.693,49.745,49.745,46.693,43.489,42.421,41.658,37.996,37.233,33.265,32.807,32.35,31.434,30.366,29.298,26.704,26.399,29.756,32.044,31.434,30.824,29.145,29.603,29.45,30.824,27.619,27.314,25.941,25.025,24.72,24.873,23.194,22.736,21.21,20.295,17.243,16.633,13.581,10.071,6.8667,4.2726,0.45778,-1.0681,-3.5096,-7.477,-12.513,-17.09,-22.889,-27.924,-39.674,-49.44,-57.985,-62.41,-67.446,-70.803,-75.381,-78.28,-81.484,-82.4,-81.484,-80.111,-81.332,-80.569,-83.316,-85.452,-88.198,-88.504,-88.046,-87.588,-86.215,-84.994,-82.705,-81.484,-80.264,-75.838,-73.55,-70.498,-69.43,-66.225,-65.615,-65.004,-61.953,-58.901,-56.917,-55.696,-55.238,-57.222,-60.884,-62.258,-66.988,-71.566,-76.601,-79.653,-84.078,-86.825,-87.893,-90.487,-95.065,-98.88,-100.86,-102.08,-105.59,-107.27,-110.32,-111.09,-113.99,-118.87,-122.84,-126.65,-131.38,-136.27,-142.06,-145.27,-149.39,-151.98,-155.03,-152.29,-152.75,-154.12,-158.54,-160.22,-162.21,-162.36,-160.68,-157.48,-155.49,-153.97,-154.12,-148.63,-144.96,-138.86,-138.86,-138.86,-143.44,-146.64,-149.85,-152.75,-154.27,-152.75,-152.59,-153.36,-154.27,-154.73,-156.1,-154.12,-159.31,-162.82,-167.24,-170.75,-175.94,-181.59,-186.32,-187.99,-188.3,-185.86,-183.26,-179.6,-177.31,-170.75,-164.65,-157.32,-151.83,-146.79,-144.2,-142.83,-142.83,-142.67,-142.83,-142.83,-143.74,-141.45,-142.67,-144.35,-149.24,-150,-150,-149.24,-148.32,-148.32,-151.22,-153.97,-156.41,-158.85,-161.9,-160.37,-161.44,-161.75,-161.6,-158.39,-157.17,-156.71,-157.02,-158.85,-160.83,-162.36,-163.27,-161.9,-162.82,-162.36,-160.99,-159.76,-160.68,-160.22,-162.21,-165.56,-169.07,-171.67,-174.87,-178.84,-183.72,-184.94,-186.47,-187.54,-190.13,-190.44,-193.18,-193.64,-192.72,-192.57,-194.71,-196.84,-197.76,-197.76,-197.91,-196.08,-195.62,-195.17,-198.98,-199.74,-201.12,-201.27,-199.59,-195.62,-192.42,-188.45,-183.26,-174.26,-167.39,-160.22,-154.88,-148.17,-142.06,-135.35,-129.55,-125.43,-123.14,-120.24,-117.34,-114.9,-112.31,-108.04,-105.59,-103.76,-101.47,-93.234,-85.757,-80.264,-75.533,-70.498,-65.615,-59.816,-56.001,-51.271,-47.914,-43.489,-40.742,-36.012,-29.603,-21.058,-14.344,-8.8504,-2.8993,5.1881,9.4607,14.801,18.159,25.483,30.519,39.674,46.846,52.644,58.29,65.462,72.024,79.043,85.299,92.471,100.71,108.04,115.21,123.6,131.99,139.32,146.49,153.51,158.24,163.73,171.36,178.84,185.4,191.05,197,205.24,210.88,219.58,226.91,233.31,237.59,245.83,253.76,261.24,268.56,277.26,285.2,293.89,300.15,304.57,306.56,310.98,312.66,315.26,315.56,318.61,321.05,324.87,326.85,328.68,331.58,334.33,335.55,337.23,340.43,343.33,343.64,346.84,350.96,355.54,357.37,360.12,364.24,370.49,376.29,381.94,386.97,391.71,392.93,396.74,397.81,397.5,395.67,395.83,394.76,392.47,390.03,386.97,381.79,377.36,374.31,372.02,368.97,368.36,365.92,363.17,358.75,355.69,353.4,350.81,348.37,344.71,341.35,338.15,333.26,330.82,327.16,324.11,321.05,320.44,318.61,316.63,314.65,311.14,306.71,303.96,303.2,303.96,304.27,307.63,309.15,311.75,312.2,313.43,314.8,315.56,315.26,316.32,317.24,316.63,314.04,312.05,311.14,310.07,306.25,304.42,303.96,304.57,299.23,294.05,289.01,285.96,283.36,280.62,276.8,271.92,265.66,262,256.66,250.4,240.33,231.94,222.33,211.95,200.96,191.5,181.89,173.8,166.63,160.07,153.05,146.95,139.16,130.92,121.01,114.14,105.9,100.25,95.37,87.588,81.332,75.533,68.209,60.274,52.797,45.625,36.164,28.993,23.041,17.548,13.123,12.055,9.6133,5.1881,2.2889,-2.2889,-8.6978,-17.396,-25.636,-29.908,-35.096,-38.148,-40.895,-41.505,-42.421,-45.32,-48.83,-51.271,-57.985,-68.819,-81.332,-91.708,-101.93,-109.87,-119.02,-124.67,-130.77,-137.49,-145.42,-151.07,-156.25,-162.82,-171.21,-179.75,-190.28,-198.98,-208.59,-215.61,-221.41,-227.06,-234.38,-238.2,-240.03,-242.32,-243.84,-245.22,-243.23,-235.76,-228.13,-220.34,-213.93,-207.37,-205.08,-204.63,-206.31,-205.24,-198.68,-190.44,-181.28,-174.87,-172.89,-174.87,-181.89,-187.84,-189.21,-186.62,-186.47,-189.06,-193.95,-200.35,-208.75,-217.14,-227.36,-235.45,-242.77,-247.51,-253.91,-256.36,-262.61,-268.56,-275.73,-281.84,-289.01,-293.28,-294.66,-293.74,-289.32,-282.3,-278.18,-271,-263.53,-254.52,-247.2,-238.5,-229.04,-219.12,-209.51,-199.74,-190.13,-180.52,-169.84,-159.31,-150.91,-141.61,-134.13,-123.29,-113.99,-104.68,-96.286,-88.656,-83.773,-80.111,-77.517,-75.533,-73.397,-66.683,-59.664,-50.203,-45.32,-41.353,-39.216,-35.096,-31.892,-28.535,-28.23,-27.467,-27.161,-26.551,-27.314,-27.467,-28.84,-27.009,-27.467,-26.399,-27.772,-29.145,-30.824,-30.976,-30.976,-29.603,-29.298,-28.382,-28.687,-28.077,-30.061,-30.213,-30.824,-31.281,-33.113,-33.57,-34.486,-36.927,-41.353,-45.015,-47.609,-48.677,-51.271,-52.797,-55.086,-54.628,-55.238,-54.628,-53.713,-50.813,-49.593,-47.914,-45.473,-42.573,-38.911,-33.876,-32.197,-28.535,-26.399,-22.126,-19.837,-16.785,-13.581,-9.1556,-6.4089,-4.883,-3.9674,-1.9837,-1.0681,1.0681,-0.61037,-0.45778,0.91556,5.1881,7.9348,13.123,17.701,23.041,25.941,29.908,32.35,37.233,40.742,45.93,47.151,50.508,48.83,47.304,48.219,50.203,48.982,45.778,45.93,49.287,49.745,48.677,46.846,50.05,51.424,53.713,56.001,57.68,56.612,54.628,52.034,50.661,50.508,50.05,49.898,52.644,53.713,54.323,51.881,53.102,53.102,53.713,53.56,52.797,49.593,47.304,43.641,41.505,37.843,37.385,35.401,34.639,34.791,37.843,38.606,38.606,36.775,36.012,34.333,34.486,33.265,34.028,32.96,32.96,30.366,29.603,26.246,23.347,19.532,14.801,11.75,9.6133,7.3244,5.4933,2.7467,-1.6785,-8.0874,-12.97,-16.938,-18.769,-21.21,-21.973,-21.668,-21.668,-21.668,-20.142,-19.379,-20.295,-21.516,-21.516,-23.804,-25.33,-29.756,-32.655,-37.08,-39.369,-41.047,-40.742,-44.404,-49.135,-54.476,-57.222,-60.274,-58.443,-58.443,-56.001,-57.527,-59.664,-64.241,-68.667,-74.007,-78.738,-84.384,-90.03,-94.607,-95.37,-96.744,-99.796,-104.53,-106.81,-112.16,-113.99,-113.22,-111.24,-112,-112,-111.09,-109.26,-106.97,-103.15,-101.47,-98.88,-98.117,-95.523,-93.081,-87.893,-84.689,-83.468,-83.01,-82.095,-81.027,-76.296,-72.024,-66.073,-61.8,-54.933,-50.05,-44.557,-38.911,-31.129,-24.262,-18.006,-11.597,-6.7141,-3.9674,0.30519,2.2889,2.4415,0.30519,-0.61037,-2.5941,-2.8993,-3.6622,-6.2563,-9.1556,-10.071,-10.224,-9.1556,-9.6133,-8.0874,-8.0874,-5.6459,-5.1881,-4.4252,-4.7304,-3.5096,-3.9674,-4.12,-5.0356,-3.0519,-2.2889,-0.91556,-0.15259,3.5096,5.1881,7.9348,7.477,8.3926,6.7141,6.4089,8.3926,12.513,17.396,21.516,25.025,28.535,30.976,35.096,36.47,41.047,45.32,50.966,51.576,53.255,52.187,50.813,50.813,50.508,50.203,49.135,46.846,46.236,46.236,48.677,50.203,52.644,54.17,55.696,56.764,56.459,54.628,53.102,52.339,51.576,50.356,51.729,53.102,54.628,56.154,58.901,61.037,61.495,60.579,62.563,64.699,66.988,68.056,72.634,75.533,79.043,80.416,85.299,88.046,89.724,90.182,92.013,92.624,93.081,92.776,92.929,92.013,93.387,94.15,97.354,99.338,103.61,105.59,106.97,108.19,110.48,112.16,114.29,116.12,117.5,117.04,117.19,115.51,115.21,112.31,110.17,104.98,101.78,98.422,94.76,90.945,88.809,86.062,82.858,76.601,72.329,66.683,62.41,57.222,56.307,56.001,54.781,52.797,51.576,48.83,45.778,43.031,41.963,41.2,41.658,42.116,44.252,43.031,42.573,40.742,38.148,34.333,30.213,24.873,19.837,13.428,9.6133,2.4415,0.30519,-3.0519,-4.883,-9.003,-10.071,-14.649,-18.616,-22.431,-24.873,-28.382,-30.671,-32.807,-32.96,-34.944,-35.249,-38.148,-38.453,-42.116,-45.015,-47.609,-48.677,-49.898,-50.508,-52.644,-53.56,-54.018,-52.644,-53.713,-53.865,-54.018,-52.187,-49.898,-48.219,-46.999,-47.304,-47.456,-46.541,-45.32,-41.047,-39.064,-36.622,-37.385,-36.47,-37.843,-36.317,-34.486,-33.113,-31.587,-30.061,-30.824,-30.824,-32.502,-31.434,-30.366,-27.772,-26.704,-24.873,-24.567,-24.72,-25.636,-25.483,-23.652,-21.21,-19.99,-16.633,-15.717,-13.581,-13.428,-9.7659,-5.4933,-0.45778,3.357,7.9348,11.597,16.48,18.921,21.973,24.11,28.077,32.197,37.69,41.047,45.473,46.846,49.898,53.56,57.68,62.258,67.446,71.413,75.533,79.196,85.147,89.419,94.302,96.438,101.17,102.85,105.59,107.58,111.09,114.29,116.58,119.17,121.62,121.01,121.46,120.7,118.87,115.67,117.04,118.11,119.17,117.34,114.6,111.85,109.56,108.8,110.17,110.48,111.09,110.93,113.38,113.38,113.22,111.24,109.71,108.19,106.2,105.75,106.66,106.51,106.51,106.81,107.73,106.2,105.14,102.24,101.93,101.17,100.25,99.033,99.338,99.338,99.643,99.033,95.981,89.419,85.91,80.874,76.907,73.244,72.024,68.514,64.394,60.579,56.459,51.118,46.541,44.404,43.184,39.521,38.453,36.927,35.096,29.756,27.772,23.041,18.921,14.039,12.36,12.513,14.191,13.276,11.139,6.2563,3.2044,-2.2889,-6.7141,-13.123,-18.464,-20.905,-21.058,-22.736,-23.194,-23.957,-24.873,-25.941,-26.551,-29.756,-33.113,-37.233,-38.606,-40.437,-40.895,-42.116,-43.031,-42.879,-41.963,-42.726,-43.489,-44.099,-45.167,-48.677,-49.44,-49.287,-47.151,-45.167,-41.963,-39.216,-36.775,-32.807,-29.756,-28.382,-26.093,-23.957,-22.736,-24.11,-23.347,-24.262,-22.584,-20.905,-17.701,-16.48,-14.801,-13.123,-12.513,-12.36,-12.818,-13.886,-15.259,-17.548,-19.227,-21.668,-23.347,-25.636,-25.483,-24.415,-24.11,-24.873,-25.941,-28.382,-30.213,-33.723,-36.012,-38.606,-39.674,-39.979,-37.996,-35.554,-33.57,-31.892,-29.145,-27.467,-24.873,-21.668,-19.227,-18.159,-15.259,-13.733,-12.055,-9.6133,-6.1037,-4.5778,-3.9674,-3.9674,-5.0356,-5.9511,-6.2563,-6.7141,-5.4933,-3.0519,-1.3733,-0.91556,-0.76296,-1.5259,-1.8311,-3.6622,-5.9511,-9.4607,-11.444,-13.276,-14.191,-14.801,-13.428,-13.123,-12.818,-15.717,-15.87,-17.396,-18.159,-18.921,-18.311,-17.853,-18.769,-20.447,-21.058,-22.279,-21.21,-21.516,-20.295,-22.431,-22.431,-25.025,-27.314,-30.671,-34.791,-39.369,-42.573,-45.778,-48.677,-52.339,-57.68,-64.852,-69.735,-75.686,-80.569,-86.673,-90.487,-94.455,-96.896,-99.643,-101.47,-103.76,-104.53,-106.97,-107.27,-108.49,-106.97,-107.73,-106.97,-109.41,-108.65,-107.73,-106.36,-107.12,-106.66,-106.66,-106.36,-107.12,-106.05,-107.43,-107.43,-109.87,-110.48,-113.83,-115.97,-119.94,-123.14,-128.94,-129.7,-130.77,-131.69,-132.91,-133.21,-136.88,-139.62,-143.89,-144.05,-145.73,-146.49,-147.4,-148.47,-150.15,-149.39,-148.47,-145.27,-142.98,-141.3,-139.93,-135.5,-132.76,-129.7,-130.31,-130.16,-131.23,-130.01,-129.09,-126.19,-122.38,-117.19,-114.44,-111.55,-109.87,-105.29,-102.85,-99.796,-98.117,-96.133,-95.065,-92.471,-90.182,-86.367,-82.553,-78.585,-77.212,-74.007,-72.939,-70.04,-68.056,-64.394,-60.579,-55.696,-51.271,-46.693,-42.116,-37.08,-32.807,-27.161,-23.194,-16.785,-12.665,-6.5615,-1.8311,4.4252,11.139,18.464,23.194,27.467,31.587,36.927,39.064,39.827,36.47,34.944,34.486,35.554,36.927,38.911,38.606,37.385,35.249,35.401,36.47,36.775,37.843,39.216,37.538,39.674,39.674,39.064,36.012,33.113,28.23,24.11,19.379,15.259,10.376,6.8667,3.5096,1.5259,-0.76296,-2.2889,-5.7985,-7.6296,-11.139,-12.207,-16.175,-21.058,-26.551,-30.671,-32.502,-31.281,-29.908,-25.941,-27.009,-28.23,-30.976,-31.739,-31.587,-30.213,-31.587,-34.028,-35.249,-34.486,-33.876,-29.908,-28.077,-27.314,-28.687,-28.077,-29.45,-30.976,-32.502,-33.113,-32.502,-31.434,-30.366,-28.687,-27.009,-23.652,-23.347,-23.957,-26.399,-26.856,-29.45,-31.739,-36.927,-40.437,-45.473,-50.966,-55.544,-59.206,-64.699,-71.108,-79.653,-84.536,-90.945,-95.676,-104.22,-111.24,-115.97,-116.89,-116.28,-115.21,-115.21,-113.38,-110.63,-105.59,-100.25,-92.471,-86.673,-78.89,-73.092,-67.446,-62.716,-56.612,-49.287,-41.81,-37.538,-32.35,-28.687,-21.973,-18.616,-15.564,-15.412,-13.276,-10.987,-8.5452,-8.24,-6.2563,-6.1037,-5.6459,-6.8667,-6.7141,-9.7659,-12.055,-16.327,-18.159,-20.295,-24.11,-28.535,-34.333,-40.132,-44.404,-48.677,-50.661,-52.644,-52.797,-55.696,-58.901,-65.615,-69.735,-73.55,-78.738,-83.01,-86.52,-89.114,-89.114,-87.283,-83.468,-80.569,-75.076,-70.345,-65.767,-62.563,-56.917,-50.661,-46.388,-42.879,-38.301,-34.791,-32.655,-32.655,-31.434,-33.265,-32.502,-32.044,-28.535,-24.72,-23.499,-25.33,-27.467,-30.671,-34.944,-38.911,-40.132,-42.268,-42.879,-44.557,-44.71,-46.236,-48.067,-49.745,-50.661,-52.339,-53.102,-54.323,-53.56,-54.476,-54.476,-56.459,-56.154,-55.238,-53.56,-53.255,-50.661,-48.83,-46.541,-43.641,-39.216,-36.317,-32.044,-28.84,-23.804,-19.532,-14.801,-13.428,-9.7659,-8.3926,-6.8667,-5.4933,-4.7304,-5.0356,-7.477,-10.224,-11.902,-16.48,-20.905,-26.093,-27.314,-30.213,-30.976,-35.707,-39.827,-43.947,-46.693,-52.95,-58.443,-62.105,-64.089,-68.514,-72.481,-77.212,-78.433,-80.111,-80.416,-80.416,-79.043,-77.975,-75.228,-74.007,-71.718,-69.277,-62.716,-58.138,-53.255,-51.424,-49.745,-50.508,-50.966,-50.05,-48.219,-47.609,-46.083,-45.167,-43.489,-44.557,-44.404,-44.71,-39.979,-36.622,-32.807,-31.587,-31.587,-32.35,-31.587,-32.655,-34.181,-37.233,-39.064,-43.184,-43.794,-43.794,-40.132,-38.606,-36.164,-35.554,-35.859,-38.148,-38.606,-37.996,-35.249,-33.723,-32.35,-32.502,-30.061,-30.671,-27.924,-26.551,-22.889,-19.99,-17.548,-16.785,-14.954,-14.954,-12.055,-10.681,-11.139,-15.717,-17.853,-22.279,-26.246,-29.908,-32.197,-34.181,-34.181,-32.96,-31.739,-30.824,-31.587,-37.996,-40.742,-44.862,-47.151,-52.797,-58.443,-63.784,-66.836,-70.65,-76.296,-80.874,-82.705,-84.384,-86.367,-88.504,-86.062,-85.299,-83.621,-84.841,-86.825,-86.978,-86.062,-85.91,-83.01,-80.569,-76.907,-69.887,-61.495,-55.086,-44.404,-36.622,-29.756,-25.941,-23.804,-19.684,-12.207,-5.0356,1.5259,5.7985,11.444,14.039,16.633,16.938,19.074,18.921,20.447,19.837,18.464,16.785,17.396,17.853,21.516,23.804,24.415,20.753,17.396,13.276,9.003,1.6785,-3.8148,-10.224,-14.801,-18.769,-21.516,-22.584,-22.126,-25.33,-27.467,-30.976,-31.587,-33.113,-30.366,-26.551,-21.973,-17.701,-13.123,-11.444,-11.292,-8.5452,-2.2889,2.5941,5.1881,6.7141,10.681,10.376,8.6978,1.6785,-6.2563,-12.513,-17.09,-20.142,-23.347,-26.551,-26.093,-26.093,-25.025,-27.924,-29.756,-31.281,-30.519,-31.739,-29.756,-24.72,-18.769,-13.276,-8.5452,-6.1037,-5.0356,-5.0356,-5.7985,-9.7659,-10.376,-9.6133,-3.6622,-0,6.7141,11.139,13.581,16.48,20.447,22.736,24.873,25.483,28.993,30.824,35.859,37.996,41.353,41.81,41.047,41.353,45.167,46.541,46.541,46.999,50.508,50.203,50.356,50.203,50.813,49.287,50.661,48.524,43.641,38.911,37.69,35.096,32.807,29.603,28.687,24.415,22.736,19.379,18.006,14.801,15.259,16.327,19.074,21.973,24.567,26.246,27.467,26.399,26.704,27.314,32.197,36.164,39.827,39.979,39.521,38.606,40.437,45.015,49.287,50.813,52.797,51.118,48.219,44.404,43.641,39.216,36.012,31.129,27.467,22.431,17.396,11.597,7.9348,5.3407,1.6785,-4.7304,-6.1037,-7.3244,-6.5615,-8.8504,-9.003,-5.7985,-0.91556,1.0681,2.7467,3.6622,5.4933,5.0356,4.5778,1.2207,-0.30519,-4.883,-7.1718,-9.3081,-8.6978,-6.7141,-4.2726,-1.6785,-0.30519,1.2207,3.2044,6.5615,12.207,16.327,22.431,27.619,32.96,36.927,41.658,43.641,43.641,42.421,41.505,38.453,34.944,29.908,28.84,27.772,26.551,25.33,24.11,23.499,24.262,25.788,24.567,22.431,21.821,18.006,13.276,7.6296,5.9511,4.2726,4.2726,3.357,1.9837,1.3733,0.76296,-1.6785,-5.4933,-9.6133,-13.123,-17.548,-17.853,-17.09,-15.259,-14.954,-17.09,-16.785,-15.259,-16.633,-20.295,-24.72,-27.161,-28.382,-28.687,-29.45,-28.687,-27.314,-26.246,-25.025,-23.804,-21.821,-18.769,-18.464,-16.327,-13.581,-9.6133,-7.9348,-6.7141,-4.883,-2.5941,-1.5259,-0.61037,0.61037,-0.30519,-2.8993,-6.2563,-12.97,-19.837,-25.025,-29.145,-35.096,-41.505,-47.456,-53.56,-59.358,-61.8,-63.784,-64.089,-64.547,-59.511,-55.086,-49.287,-46.541,-44.099,-42.726,-39.216,-34.333,-28.84,-25.025,-17.853,-9.6133,-2.7467,-0.61037,4.5778,7.7822,12.513,13.886,17.701,18.921,19.074,17.701,19.379,22.736,27.772,30.519,35.707,37.233,38.453,37.385,36.622,33.723,33.113,32.35,30.213,27.009,25.178,22.889,21.516,18.616,17.396,14.954,13.733,9.6133,5.9511,1.5259,0.45778,-0.30519,-0.30519,-1.6785,0.15259,1.5259,4.4252,7.6296,14.344,21.058,30.671,37.538,44.862,49.745,58.29,64.394,70.193,73.702,77.212,80.264,84.231,88.351,93.387,96.133,98.727,99.49,103,106.66,110.93,114.6,118.87,122.38,124.06,124.52,124.21,120.85,118.87,113.99,107.88,98.727,91.098,83.773,77.822,73.855,68.667,62.105,56.307,50.813,44.862,36.775,31.281,27.009,25.483,24.415,27.314,29.908,35.249,41.81,45.473,46.846,46.846,44.862,41.963,39.216,37.08,32.655,28.077,19.227,12.36,4.883,1.6785,0.91556,2.7467,1.3733,1.2207,1.6785,4.7304,6.8667,10.681,12.513,16.175,18.616,22.431,27.009,29.756,30.061,30.061,30.671,30.976,28.535,26.856,23.499,21.363,17.701,17.09,15.259,12.97,8.6978,5.9511,2.5941,0.45778,-1.8311,-1.8311,-3.9674,-5.4933,-8.6978,-9.1556,-11.444,-9.003,-7.9348,-4.12,-0.30519,1.9837,4.5778,7.6296,9.1556,10.834,12.665,14.801,14.191,16.175,15.87,15.717,14.344,14.039,11.597,9.3081,7.0193,4.12,2.4415,-0.15259,-1.9837,-4.883,-10.071,-11.444,-13.123,-13.276,-13.123,-12.36,-9.4607,-6.8667,-6.4089,-4.883,-3.6622,-1.0681,2.4415,7.477,7.9348,12.818,18.311,24.72,28.993,35.554,41.81,46.083,51.424,56.612,62.868,67.446,70.803,75.991,82.4,91.25,96.591,101.63,103.15,104.07,104.07,104.37,106.2,108.19,108.34,108.19,102.85,98.88,93.539,91.708,84.689,74.923,65.004,56.764,48.83,41.505,35.249,29.756,26.093,25.025,23.957,26.704,26.704,25.941,22.736,21.821,23.957,24.873,23.957,22.431,21.058,21.973,25.636,30.671,36.012,42.116,46.846,51.271,52.95,53.102,54.018,55.238,57.222,58.29,60.579,63.173,64.699,64.852,62.868,60.579,56.459,52.95,48.067,43.947,37.233,28.077,19.99,13.733,6.1037,-2.2889,-12.665,-20.753,-26.856,-26.399,-25.178,-21.21,-21.21,-18.921,-18.159,-16.022,-12.207,-4.5778,0.15259,1.3733,-2.7467,-4.7304,-8.5452,-9.4607,-11.292,-8.8504,-9.3081,-8.5452,-6.2563,-2.5941,-0,5.1881,9.3081,12.207,13.581,17.701,21.363,25.025,25.941,28.382,28.077,27.161,27.467,28.84,30.519,32.96,33.723,34.791,36.775,40.742,43.031,46.388,47.914,47.151,42.726,40.895,42.116,44.862,47.304,50.203,52.187,53.865,56.001,58.748,57.375,56.764,53.865,50.661,45.778,41.505,37.08,32.502,27.314,21.668,14.496,8.24,4.4252,4.4252,3.357,3.0519,3.0519,3.8148,3.5096,-0,-3.0519,-6.7141,-12.36,-18.464,-26.246,-31.281,-37.538,-41.963,-46.541,-46.541,-46.388,-45.625,-46.388,-46.236,-44.71,-38.606,-35.707,-34.333,-35.859,-35.401,-35.707,-35.401,-39.674,-43.489,-50.508,-56.154,-59.358,-57.375,-54.476,-52.644,-52.492,-50.203,-48.982,-47.151,-45.625,-41.2,-37.233,-29.908,-23.194,-19.074,-18.921,-18.769,-19.837,-25.178,-30.671,-34.791,-37.538,-36.317,-37.69,-38.301,-39.827,-38.148,-36.927,-39.674,-42.726,-45.32,-46.999,-46.388,-45.015,-43.947,-46.693,-46.541,-52.034,-56.001,-60.884,-61.19,-62.258,-60.732,-57.833,-55.391,-53.407,-49.593,-50.05,-47.304,-43.794,-38.606,-37.538,-36.927,-34.944,-32.96,-32.96,-31.129,-27.314,-24.72,-24.72,-24.11,-26.856,-28.687,-30.824,-30.519,-31.739,-30.976,-31.739,-31.892,-32.655,-30.519,-27.467,-24.11,-25.025,-23.804,-25.483,-26.093,-27.314,-24.415,-23.804,-23.041,-24.72,-24.567,-25.636,-26.246,-27.467,-28.23,-27.161,-22.279,-23.804,-25.788,-31.281,-32.044,-32.197,-33.57,-34.639,-34.333,-35.249,-36.47,-37.996,-38.148,-39.827,-38.759,-38.911,-37.385,-38.453,-39.979,-42.879,-44.404,-44.862,-44.099,-47.304,-52.492,-57.68,-57.985,-60.732,-60.579,-61.647,-61.19,-62.105,-61.495,-63.326,-65.767,-69.735,-71.108,-72.481,-74.313,-78.127,-78.738,-78.127,-74.007,-71.566,-66.836,-63.021,-56.459,-50.05,-43.489,-37.69,-32.655,-29.756,-26.093,-23.804,-21.516,-23.041,-23.804,-24.262,-19.99,-18.159,-15.107,-14.039,-15.412,-18.921,-22.431,-26.856,-32.35,-39.064,-43.184,-49.287,-54.17,-60.579,-63.326,-67.141,-69.277,-70.65,-72.176,-77.822,-81.637,-85.91,-88.504,-94.913,-99.948,-105.9,-109.1,-115.05,-119.02,-121.92,-121.31,-118.26,-115.21,-112.77,-108.34,-103.92,-97.354,-91.403,-84.384,-79.958,-71.718,-64.241,-56.917,-53.255,-50.203,-46.999,-43.641,-39.827,-34.486,-31.281,-24.873,-20.295,-13.581,-10.987,-7.0193,-3.2044,0.45778,1.9837,3.6622,5.3407,8.0874,10.224,14.496,17.396,22.126,23.499,26.093,25.636,26.551,23.652,22.126,20.753,19.837,16.022,11.902,3.8148,-1.5259,-5.6459,-9.003,-12.207,-14.801,-18.159,-19.074,-20.295,-19.532,-20.6,-21.058,-19.227,-15.412,-13.428,-10.834,-11.139,-10.376,-12.36,-13.886,-17.701,-20.447,-22.736,-22.431,-23.499,-23.194,-22.431,-21.363,-19.532,-16.633,-15.107,-12.207,-11.292,-9.1556,-8.24,-6.4089,-3.9674,-0.15259,2.5941,3.6622,3.5096,2.5941,2.2889,2.5941,1.6785,3.357,4.4252,4.5778,-0.15259,-2.5941,-2.1363,-0.30519,-1.3733,-3.9674,-5.6459,-5.9511,-8.24,-7.3244,-7.477,-8.8504,-13.581,-17.701,-25.788,-32.502,-39.827,-46.999,-54.018,-59.511,-64.394,-68.209,-71.261,-71.566,-73.55,-75.076,-76.449,-75.228,-71.871,-67.293,-64.241,-60.427,-56.917,-54.323,-51.729,-47.456,-45.167,-42.268,-40.437,-37.996,-36.927,-33.265,-30.061,-26.093,-23.652,-19.99,-17.853,-15.259,-13.886,-11.597,-9.7659,-7.3244,-7.6296,-7.477,-9.003,-8.8504,-9.7659,-8.5452,-7.7822,-6.7141,-3.357,0.30519,2.4415,4.4252,4.7304,7.1718,8.5452,12.207,12.818,13.276,10.376,9.1556,7.0193,4.4252,2.4415,2.2889,0.15259,0.30519,-0.30519,1.9837,3.8148,8.0874,10.681,13.276,14.039,15.107,15.107,14.649,13.276,14.496,16.175,20.142,21.516,25.941,26.856,29.298,31.892,36.927,40.895,44.71,47.609,51.729,55.391,60.121,61.647,62.868,61.495,61.037,57.985,55.391,52.034,52.187,52.644,53.713,54.323,53.255,52.492,54.323,56.917,58.596,59.053,61.037,61.647,64.089,68.514,72.329,76.601,80.264,85.452,89.877,92.929,97.201,100.56,105.59,108.49,111.24,113.22,115.97,119.63,125.28,129.4,131.99,131.38,131.53,128.33,124.21,117.19,114.44,110.93,107.43,102.85,96.591,89.114,81.79,74.313,69.582,66.988,67.751,65.462,60.427,54.476,49.44,44.862,42.879,40.284,38.148,36.317,36.317,36.775,37.08,37.08,36.164,33.113,30.519,27.009,23.499,18.464,13.886,10.681,8.0874,4.7304,1.6785,-1.6785,-0.61037,0.15259,2.7467,5.9511,9.4607,9.7659,9.3081,8.24,6.2563,4.5778,3.357,4.12,5.1881,6.4089,8.3926,9.3081,11.597,13.886,16.633,19.379,20.142,19.532,18.464,16.48,15.564,16.175,17.701,17.243,19.99,21.058,22.126,21.821,24.72,26.551,26.246,23.652,22.279,21.821,23.652,24.567,27.924,30.671,35.096,36.317,37.843,36.012,32.807,28.84,25.788,24.262,25.178,26.093,28.382,27.924,28.993,29.756,33.876,35.401,37.233,36.927,35.859,33.723,33.57,34.944,36.622,36.012,38.453,39.521,42.268,43.031,43.336,45.32,50.356,54.781,59.358,63.173,68.056,69.582,72.176,73.244,74.618,72.329,71.261,68.819,67.293,66.836,66.836,66.225,64.394,62.41,63.326,61.953,61.19,57.375,54.323,50.05,48.067,47.456,47.761,46.999,46.693,45.778,44.404,40.437,35.554,28.993,25.33,19.227,14.954,9.7659,5.9511,5.0356,5.3407,4.4252,2.2889,-0.15259,-1.3733,-1.0681,1.0681,4.12,7.9348,9.003,8.6978,8.24,9.1556,9.1556,7.9348,4.883,1.9837,-0.45778,-2.4415,-6.8667,-12.818,-18.464,-19.074,-18.311,-15.107,-11.902,-10.834,-12.36,-14.344,-16.938,-18.769,-21.668,-23.347,-25.33,-26.704,-28.84,-28.993,-30.519,-31.739,-32.807,-33.723,-34.639,-37.843,-41.658,-44.71,-45.625,-43.641,-43.184,-41.81,-41.963,-39.827,-38.148,-36.012,-34.181,-31.892,-27.772,-23.652,-19.99,-18.769,-19.99,-19.684,-17.243,-12.36,-8.24,-3.5096,-1.2207,-0.30519,0.45778,0.15259,-1.2207,-4.12,-6.7141,-7.1718,-7.7822,-7.6296,-9.7659,-12.207,-16.938,-21.516,-26.704,-30.213,-31.587,-29.908,-28.535,-25.178,-23.041,-20.142,-22.126,-22.736,-25.483,-27.467,-32.35,-34.639,-38.301,-39.674,-41.963,-42.726,-43.794,-43.336,-44.71,-45.625,-48.677,-48.524,-49.593,-49.287,-49.44,-46.541,-44.404,-44.099,-45.015,-46.083,-47.914,-49.898,-54.018,-55.238,-58.901,-57.985,-57.985,-53.407,-51.271,-48.982,-46.999,-42.116,-38.453,-33.876,-30.213,-26.093,-24.262,-21.363,-18.311,-14.649,-14.801,-12.665,-11.75,-8.5452,-7.9348,-7.7822,-8.3926,-8.6978,-8.0874,-5.0356,-4.4252,-3.357,-4.883,-5.6459,-7.0193,-5.1881,-3.2044,1.2207,4.883,9.003,10.834,11.444,11.597,13.123,14.344,17.548,21.058,27.619,33.265,37.996,39.216,39.674,40.284,41.047,42.116,44.252,44.099,46.541,45.778,46.541,43.794,41.963,38.453,36.927,36.012,34.333,33.265,30.213,25.178,19.837,16.175,14.039,10.224,7.7822,2.7467,-4.12,-13.886,-21.058,-26.399,-31.434,-35.249,-37.08,-37.843,-35.707,-32.807,-26.093,-20.753,-15.412,-10.376,-2.5941,3.0519,9.1556,14.801,19.074,23.499,28.535,32.044,36.775,41.2,47.304,49.593,53.102,54.781,56.612,56.612,54.933,50.508,46.388,39.521,33.113,27.161,24.873,21.668,18.769,15.259,14.496,13.581,11.597,10.681,9.1556,8.24,7.3244,8.3926,9.003,7.9348,6.7141,4.883,4.12,2.4415,1.5259,-1.5259,-2.4415,-2.7467,-3.2044,-3.0519,-2.1363,-0.76296,0.15259,2.7467,7.1718,10.681,13.276,12.513,12.513,10.376,9.3081,9.003,9.3081,12.055,16.327,21.821,25.788,28.382,31.892,32.655,34.333,33.723,32.807,29.756,25.483,20.905,15.259,7.7822,1.3733,-4.5778,-11.292,-17.701,-22.584,-29.145,-33.723,-37.996,-40.59,-43.184,-45.015,-45.167,-47.151,-48.372,-47.761,-46.388,-43.336,-41.505,-37.08,-31.892,-24.415,-19.074,-12.97,-6.7141,-1.6785,2.7467,7.7822,11.292,14.801,19.227,25.636,29.756,35.554,39.674,45.473,47.151,51.271,55.544,58.901,59.969,59.358,57.68,57.375,55.391,56.001,55.086,55.696,55.696,57.527,59.053,60.274,59.664,59.206,57.222,56.001,53.713,53.865,50.813,52.644,53.865,55.544,54.476,55.086,55.391,54.933,54.018,55.086,55.849,54.628,54.323,56.612,57.07,59.206,59.358,59.206,57.222,55.696,53.255,51.576,49.898,46.236,42.726,39.369,33.57,30.671,25.788,23.041,18.006,13.428,6.5615,-1.3733,-10.987,-18.921,-26.551,-31.892,-35.249,-35.859,-39.521,-39.979,-41.353,-40.742,-40.59,-38.606,-38.606,-38.301,-36.47,-35.249,-34.639,-32.197,-29.45,-24.72,-22.584,-18.921,-16.022,-10.224,-4.12,1.3733,3.8148,1.2207,-2.5941,-4.7304,-7.3244,-8.3926,-11.75,-14.191,-17.243,-19.379,-22.736,-26.704,-30.061,-31.587,-31.434,-29.298,-31.587,-34.791,-41.047,-45.778,-51.118,-55.086,-57.222,-57.375,-56.764,-56.001,-57.07,-58.29,-61.037,-62.716,-65.157,-64.852,-63.326,-62.41,-61.8,-58.443,-53.255,-48.677,-42.726,-36.012,-30.366,-25.178,-20.905,-15.717,-13.123,-9.1556,-7.1718,-5.6459,-5.7985,-7.3244,-10.224,-11.902,-15.564,-17.396,-18.159,-15.259,-14.954,-15.564,-17.548,-18.616,-18.159,-16.938,-15.87,-14.954,-16.022,-17.548,-20.905,-25.941,-33.418,-39.521,-47.304,-51.424,-56.612,-59.511,-61.342,-64.852,-67.751,-70.04,-73.244,-74.465,-75.533,-75.991,-79.653,-79.958,-81.332,-79.196,-77.059,-71.718,-66.836,-62.868,-58.901,-53.102,-48.067,-41.81,-34.486,-27.619,-21.821,-15.564,-10.987,-5.3407,-1.2207,3.2044,6.7141,9.7659,12.207,12.36,11.292,8.5452,5.7985,4.5778,1.6785,-0.76296,-3.9674,-5.6459,-7.9348,-9.4607,-9.7659,-9.9185,-9.7659,-10.529,-10.224,-8.3926,-9.4607,-8.24,-5.6459,0.30519,3.8148,8.8504,12.665,17.09,21.058,23.804,26.551,29.756,34.333,37.385,38.911,42.268,44.71,46.236,45.473,44.862,45.167,48.372,52.034,54.476,55.238,55.849,57.527,57.68,53.865,51.576,46.388,42.116,34.944,30.519,27.314,23.804,18.616,15.87,15.259,16.327,18.464,20.6,21.973,25.483,26.856,27.924,26.704,25.483,21.058,14.954,7.0193,-1.9837,-7.1718,-10.834,-14.801,-18.769,-25.025,-30.976,-38.148,-42.268,-46.693,-47.609,-45.778,-42.726,-38.148,-32.96,-28.687,-24.567,-20.905,-18.006,-17.09,-15.259,-14.649,-13.123,-12.665,-12.055,-11.139,-12.665,-14.039,-13.886,-13.428,-13.733,-17.396,-19.532,-20.905,-20.142,-17.09,-13.123,-11.75,-12.513,-15.107,-21.21,-27.009,-32.502,-39.064,-45.167,-54.323,-62.868,-72.634,-84.231,-97.507,-106.51,-113.99,-120.24,-124.52,-124.97,-125.43,-125.13,-126.8,-126.19,-126.8,-126.19,-127.57,-126.5,-126.96,-124.82,-122.53,-119.94,-117.65,-115.82,-117.04,-117.8,-121.46,-121.62,-124.36,-124.06,-125.43,-124.06,-124.21,-125.74,-129.25,-132.45,-136.11,-138.1,-142.98,-145.57,-149.69,-150.76,-152.59,-152.9,-154.42,-156.1,-159.46,-163.27,-167.85,-172.89,-176.55,-177.62,-180.36,-180.06,-180.52,-181.59,-184.18,-184.64,-184.94,-183.26,-182.96,-180.67,-180.52,-177.62,-174.41,-166.94,-161.44,-154.73,-148.93,-142.37,-138.55,-135.96,-132.76,-130.31,-128.03,-126.19,-128.03,-129.7,-133.21,-135.65,-139.93,-141.61,-145.88,-150.61,-155.34,-157.32,-158.24,-159.76,-162.97,-166.17,-171.97,-175.48,-178.08,-178.69,-181.89,-184.18,-186.93,-187.69,-188.6,-188.76,-185.09,-181.43,-179.3,-175.94,-173.5,-170.45,-167.85,-161.44,-155.64,-150.61,-147.1,-145.27,-144.35,-142.83,-141.15,-138.71,-138.4,-137.03,-136.11,-135.35,-135.35,-133.37,-130.62,-127.11,-123.45,-120.7,-118.11,-116.12,-115.51,-114.29,-115.51,-116.43,-118.41,-117.5,-120.09,-121.62,-123.29,-124.36,-126.8,-131.38,-137.49,-144.05,-153.36,-160.99,-166.17,-169.38,-175.02,-178.23,-179.45,-179.3,-178.08,-175.02,-172.12,-168.77,-164.19,-157.48,-151.68,-144.81,-140.84,-136.88,-133.98,-129.86,-125.43,-121.92,-118.26,-115.82,-115.05,-113.99,-112.92,-108.8,-106.2,-101.78,-99.338,-93.387,-87.436,-81.484,-75.533,-70.956,-68.056,-64.547,-62.868,-61.342,-63.021,-67.598,-75.533,-80.874,-85.299,-86.062,-87.436,-87.436,-87.283,-85.147,-80.874,-75.686,-73.092,-67.141,-61.037,-52.797,-48.372,-42.421,-34.486,-26.093,-18.921,-12.207,-7.7822,-4.4252,-1.6785,2.1363,4.2726,8.24,9.9185,11.597,14.344,18.616,21.821,25.483,26.856,27.467,26.856,27.772,28.687,31.739,31.892,32.044,30.366,29.756,27.772,25.025,22.279,19.379,15.412,14.649,14.191,15.259,12.97,12.36,10.071,9.3081,9.3081,12.055,16.633,21.516,25.33,30.671,33.723,37.996,41.658,47.761,52.034,56.612,59.664,66.225,73.855,79.806,84.689,91.098,96.286,103.46,109.1,115.36,117.19,120.7,123.75,127.41,131.08,137.33,142.67,147.25,149.24,152.13,152.44,153.51,153.66,155.19,155.49,155.95,154.27,155.34,154.88,156.25,156.87,158.85,160.99,163.43,165.87,166.63,166.48,169.07,171.67,173.65,175.48,178.53,181.59,185.25,188.45,189.06,190.13,189.52,188.3,190.59,191.2,194.4,196.23,198.68,202.49,205.85,207.83,211.49,213.93,218.51,222.94,229.96,233.01,236.82,240.49,242.93,243.23,243.08,240.64,238.2,234.08,230.41,225.23,222.02,219.73,219.12,216.99,214.24,210.58,205.08,197.3,189.83,181.13,175.94,171.06,165.41,156.25,148.47,140.39,132.15,122.23,112.31,102.69,94.302,85.299,79.806,76.144,73.55,69.277,66.53,63.631,59.816,53.865,48.677,44.252,40.284,34.639,29.908,24.262,22.126,19.532,18.464,18.159,18.616,17.701,15.564,11.902,8.8504,5.6459,4.4252,-0.61037,-3.0519,-3.6622,-2.7467,-3.5096,-4.12,-4.883,-4.7304,-8.0874,-10.224,-14.344,-15.87,-17.548,-16.938,-17.243,-16.785,-16.785,-15.87,-17.09,-18.159,-19.532,-18.464,-19.684,-19.074,-19.532,-18.616,-16.785,-15.259,-13.581,-12.207,-11.444,-10.834,-10.987,-10.529,-10.987,-10.834,-11.597,-12.818,-14.801,-14.649,-14.191,-12.665,-10.834,-8.0874,-6.2563,-3.2044,-1.5259,1.9837,4.7304,8.6978,13.733,16.785,19.379,23.804,29.45,33.57,34.639,36.47,35.859,37.538,39.827,43.184,44.862,45.32,46.999,50.203,53.102,56.459,56.612,57.833,56.154,54.628,51.118,49.287,46.693,44.557,41.658,39.216,37.843,36.47,34.333,31.892,26.704,23.347,18.006,12.36,6.7141,3.2044,-1.5259,-7.0193,-12.818,-16.48,-19.379,-21.21,-25.483,-27.161,-28.535,-28.077,-29.756,-30.061,-32.502,-33.57,-36.012,-37.996,-38.606,-40.59,-43.794,-45.93,-48.067,-49.593,-52.644,-53.713,-56.154,-56.917,-57.833,-57.07,-57.07,-56.154,-58.29,-59.206,-59.511,-57.375,-58.596,-57.985,-59.816,-59.969,-62.563,-60.579,-57.833,-54.933,-54.476,-53.102,-52.187,-50.813,-50.661,-48.677,-50.05,-49.287,-50.05,-46.083,-44.252,-42.421,-42.116,-41.658,-42.268,-43.031,-46.693,-47.914,-50.356,-49.745,-51.271,-51.118,-52.644,-52.797,-51.881,-50.813,-50.203,-48.677,-47.456,-45.93,-45.778,-42.268,-40.895,-37.08,-34.486,-31.129,-29.603,-26.551,-23.347,-19.227,-17.243,-14.191,-12.055,-7.3244,-5.3407,-1.6785,0.30519,4.2726,6.8667,9.9185,11.75,13.886,16.633,19.074,21.516,23.804,23.652,25.025,25.33,26.704,26.551,26.246,25.33,23.499,21.516,20.295,19.227,18.464,16.48,15.87,14.039,14.801,14.191,14.649,13.733,14.496,14.496,15.259,15.107,16.633,18.006,20.295,18.769,19.684,19.074,19.074,17.548,16.938,14.954,12.36,9.6133,10.224,10.834,12.207,12.36,14.344,15.412,17.701,18.464,20.142,21.363,23.804,25.636,28.382,30.671,35.096,36.47,38.911,39.674,42.726,44.557,46.083,46.083,46.846,46.541,46.083,44.557,44.404,42.421,41.81,37.233,32.807,28.23,24.262,22.126,19.837,17.396,13.733,10.071,8.3926,4.4252,1.0681,-3.9674,-7.0193,-11.597,-12.818,-13.886,-14.649,-14.344,-12.665,-10.987,-8.0874,-5.3407,-2.7467,-2.7467,-1.0681,0.30519,1.9837,2.8993,3.357,3.6622,4.4252,5.4933,7.3244,9.3081,13.123,14.649,18.311,20.295,22.889,23.652,26.246,28.993,33.113,37.538,41.963,44.862,50.05,51.881,53.865,54.018,55.544,54.933,56.001,57.07,58.29,59.206,60.121,59.664,58.901,55.696,55.544,53.713,54.018,53.255,53.713,53.407,53.713,51.271,49.135,46.693,44.099,40.59,36.775,31.587,28.535,24.415,24.262,23.041,21.516,19.684,18.921,16.633,12.97,9.4607,7.1718,3.8148,1.3733,-3.2044,-7.3244,-14.191,-18.769,-24.11,-28.84,-32.044,-34.028,-37.08,-43.031,-51.424,-56.764,-62.716,-66.225,-68.972,-70.345,-72.481,-74.465,-76.296,-78.433,-77.517,-74.465,-72.481,-71.413,-72.634,-73.702,-75.991,-76.754,-74.77,-71.108,-68.056,-67.904,-65.462,-60.121,-54.323,-47.914,-41.81,-37.538,-35.401,-32.197,-27.314,-18.464,-9.9185,-6.1037,-6.1037,-8.6978,-14.191,-22.736,-33.265,-38.759,-42.879,-44.099,-42.573,-39.216,-39.064,-42.879,-47.914,-54.323,-61.342,-66.683,-72.481,-76.754,-76.449,-71.108,-69.887,-74.16,-83.468,-97.964,-117.34,-136.11,-154.88,-165.87,-170.9,-166.02,-163.58,-164.49,-168.31,-167.24,-164.8,-163.73,-162.97,-155.95,-148.47,-139.32,-133.67,-125.43,-110.02,-87.893,-62.41,-38.911,-30.824,-43.184,-68.819,-93.234,-103.61,-83.926,-44.404,-0.76296,30.213,52.797,65.615,60.274,41.658,30.976,41.047,69.124,105.14,143.13,166.17,169.53,158.39,141.3,124.97,113.53,120.85,141.91,152.9,154.27,154.27,154.42,148.78,137.49,113.99,91.098,91.098,107.43,130.62,156.1,171.06,171.97,159.61,142.67,126.65,115.36,116.89,136.88,167.55,203.25,228.74,234.99,214.85,176.24,136.27,102.69,76.601,71.871,86.062,102.69,106.2,93.844,67.751,42.268,11.444,-22.736,-64.699,-100.1,-121.01,-131.53,-141.3,-150.61,-164.19,-181.59,-204.32,-228.89,-258.64,-287.48,-312.05,-335.25,-361.8,-391.4,-422.68,-453.81,-486.62,-520.8,-554.98,-584.43,-609.91,-625.48,-632.5,-631.89,-633.41,-639.52,-651.57,-667.74,-690.63,-717.8,-747.09,-771.05,-790.58,-802.79,-810.72,-813.17,-819.12,-827.36,-833.61,-839.56,-845.67,-848.57,-848.57,-844.75,-838.95,-832.39,-829.19,-829.19,-833.16,-840.02,-848.72,-855.28,-859.25,-862.76,-867.34,-872.37,-879.24,-879.09,-873.9,-862.61,-849.94,-835.29,-822.78,-813.78,-811.03,-812.71,-815,-816.98,-819.27,-818.2,-817.59,-816.52,-815.3,-812.71,-810.27,-803.55,-792.41,-780.05,-768.46,-759.45,-753.35,-748.92,-745.57,-741.45,-739.31,-736.11,-734.28,-731.38,-726.34,-722.22,-716.12,-709.25,-702.84,-696.13,-689.26,-680.56,-671.86,-660.57,-648.82,-635.4,-622.27,-608.54,-594.81,-581.99,-568.56,-555.74,-543.08,-529.65,-518.2,-506,-494.4,-481.89,-468.76,-454.88,-439.47,-423.44,-406.96,-390.18,-374.61,-358.29,-344.4,-330.52,-317.85,-304.12,-290.99,-278.63,-267.8,-256.97,-245.83,-235.76,-224.62,-212.1,-199.9,-186.47,-175.48,-163.27,-152.59,-142.06,-133.82,-127.26,-122.38,-119.02,-115.67,-109.71,-101.17,-90.945,-81.027,-71.108,-65.615,-59.816,-54.933,-48.524,-42.116,-37.69,-30.976,-25.025,-18.616,-14.039,-12.818,-12.665,-11.902,-11.597,-12.36,-10.681,-6.5615,-0.61037,7.0193,13.886,19.837,23.804,25.788,27.924,28.535,28.84,27.619,28.993,32.044,36.622,43.336,49.287,55.544,60.579,64.547,71.718,77.059,80.416,80.874,82.553,83.468,85.299,87.893,91.098,95.065,99.49,103.31,107.88,110.32,113.68,117.04,122.07,125.43,128.94,133.06,138.1,143.74,148.47,152.29,155.64,157.32,160.07,160.99,162.51,164.49,167.55,171.06,174.57,179.3,184.64,190.44,196.69,204.17,212.1,218.21,225.07,230.11,235.6,241.1,247.51,253.61,259.87,266.43,272.84,279.24,287.79,294.81,302.9,309.92,317.39,323.5,330.52,337.69,344.55,350.2,356.15,360.42,365.61,369.88,376.9,382.55,389.26,394.45,400.1,404.98,409.41,413.53,417.95,422.07,426.65,431.23,436.11,439.62,446.64,452.13,458.69,463.88,468.76,471.51,474.87,478.07,482.19,484.02,489.97,494.4,499.59,502.79,505.69,507.68,510.42,513.17,515.15,515.61,515.92,515.92,518.51,519.88,523.54,525.38,527.66,528.12,531.33,533.16,535.6,537.28,539.87,542.01,545.37,547.04,550.86,551.77,552.39,551.77,553.15,554.52,557.12,558.18,559.25,559.86,560.32,559.86,560.47,560.01,561.54,561.24,562.15,561.39,562.3,564.59,566.88,567.8,568.56,567.19,565.81,566.27,569.63,570.09,570.54,569.02,568.1,563.68,560.01,555.59,551.47,548.88,546.59,544.45,542.47,537.74,532.55,527.21,522.48,514.85,510.27,504.32,499.28,493.64,485.24,475.63,467.24,456.25,446.18,435.35,426.95,415.97,406.05,396.59,390.94,386.36,383.47,381.94,378.12,370.19,360.58,350.35,342.72,334.94,329.14,322.89,318.46,313.27,308.54,304.57,301.68,298.32,298.01,298.17,300.45,299.54,299.84,300.15,300.61,302.59,306.1,309,312.05,316.32,320.75,324.87,330.97,335.4,339.67,340.43,342.27,345.01,348.83,352.95,357.37,362.87,370.49,376.6,383.16,388.81,399.03,410.02,420.09,428.79,434.74,437.03,438.09,439.92,441.91,442.06,443.28,443.28,442.37,442.21,442.37,444.35,446.33,446.33,445.72,444.2,445.11,444.2,442.37,439.47,439.62,438.09,437.64,435.5,431.84,428.17,421.92,415.51,410.17,403.91,397.81,388.81,380.57,371.72,362.25,349.44,336.92,323.04,308.39,291.91,276.96,263.68,251.78,240.64,229.65,215.77,203.1,187.99,171.36,155.19,140.23,127.26,115.67,102.54,92.471,79.653,68.361,56.917,45.93,35.249,25.483,15.717,9.1556,2.7467,-4.883,-15.717,-24.415,-34.028,-40.742,-49.44,-56.154,-66.53,-77.364,-86.367,-94.455,-101.63,-107.58,-114.29,-118.26,-125.43,-128.33,-131.08,-133.06,-137.33,-142.52,-147.71,-152.44,-158.09,-160.83,-162.66,-163.43,-164.95,-164.65,-164.65,-165.11,-167.39,-168.46,-168.46,-167.7,-166.02,-162.97,-157.93,-154.73,-152.75,-150,-148.78,-145.27,-142.52,-137.18,-136.57,-135.81,-135.65,-135.81,-136.42,-138.25,-140.84,-144.51,-150.61,-154.27,-160.22,-165.26,-172.43,-179.3,-185.25,-189.52,-193.64,-198.07,-202.03,-203.1,-204.63,-205.24,-207.53,-206.61,-206.15,-206.15,-206.46,-207.37,-206,-202.03,-201.12,-198.98,-198.37,-198.68,-200.66,-198.68,-195.01,-190.28,-187.99,-185.71,-184.18,-179.45,-176.4,-170.29,-164.8,-156.56,-148.32,-137.64,-127.72,-120.4,-116.12,-114.44,-115.05,-113.07,-108.95,-101.93,-98.88,-97.201,-96.286,-94.607,-91.708,-87.741,-83.163,-78.585,-75.228,-71.566,-71.261,-69.735,-68.361,-64.394,-59.358,-54.17,-50.356,-46.541,-43.031,-39.674,-34.333,-28.84,-26.856,-26.246,-28.993,-32.044,-35.401,-37.538,-38.453,-38.606,-38.606,-39.674,-44.404,-49.745,-54.323,-56.154,-59.206,-58.443,-58.138,-57.222,-58.596,-58.901,-59.969,-61.037,-63.326,-66.378,-72.024,-75.686,-82.4,-86.978,-91.861,-94.455,-98.117,-99.49,-100.86,-102.39,-102.24,-98.422,-95.065,-89.877,-86.978,-79.806,-74.618,-70.803,-69.887,-69.582,-73.55,-76.296,-77.059,-76.754,-79.348,-82.095,-83.773,-80.569,-78.28,-77.67,-82.247,-87.283,-93.844,-97.201,-99.643,-103.15,-107.73,-110.78,-116.58,-121.01,-125.74,-128.48,-131.84,-133.52,-138.4,-145.73,-153.81,-160.53,-166.63,-169.99,-174.11,-177.77,-184.48,-189.21,-197.45,-207.68,-219.58,-226.29,-231.03,-234.08,-238.81,-240.94,-240.18,-237.59,-235.6,-233.16,-232.25,-228.58,-224.01,-217.14,-211.19,-205.08,-200.66,-197.76,-196.69,-193.49,-188.6,-184.18,-181.74,-179.91,-180.52,-178.38,-178.08,-177.77,-180.67,-186.01,-188.76,-185.86,-180.97,-178.38,-179.45,-180.97,-188.15,-197.3,-209.05,-218.82,-226.29,-225.84,-220.34,-212.87,-208.14,-208.9,-213.17,-221.72,-233.01,-240.94,-246.74,-246.13,-243.08,-237.74,-236.37,-240.79,-247.81,-255.29,-260.78,-260.93,-259.71,-259.1,-262.92,-267.65,-276.19,-282.6,-286.72,-284.28,-279.4,-278.33,-279.85,-282.91,-290.08,-296.33,-299.54,-295.57,-286.72,-273.45,-263.53,-256.51,-253,-251.47,-257.42,-263.22,-256.66,-236.98,-214.85,-190.13,-165.72,-146.03,-145.57,-160.83,-176.85,-164.65,-120.85,-57.222,12.207,65.767,94.455,108.04,109.87,106.05,97.507,95.828,99.185,105.9,105.9,103.76,94.455,83.01,74.465,72.634,75.228,86.52,101.47,116.89,122.23,121.16,106.66,79.806,45.167,22.431,22.736,41.505,63.784,79.653,83.773,76.907,54.018,21.973,-14.039,-39.979,-45.32,-26.856,0.61037,27.009,39.521,36.164,21.973,1.6785,-24.72,-53.713,-79.958,-88.961,-78.585,-55.086,-35.249,-20.142,-13.276,-16.022,-29.145,-50.508,-77.67,-109.71,-144.66,-167.7,-176.7,-174.26,-167.24,-157.93,-151.22,-151.37,-157.93,-167.7,-183.11,-202.19,-218.67,-235.45,-250.25,-260.17,-268.72,-275.73,-283.06,-287.64,-290.08,-289.93,-287.18,-283.52,-279.7,-276.8,-275.12,-274.82,-274.82,-274.82,-276.96,-277.41,-272.53,-255.9,-234.84,-214.39,-198.68,-186.93,-178.99,-175.02,-169.99,-165.11,-160.53,-152.9,-146.79,-138.55,-130.47,-119.79,-109.41,-99.033,-87.893,-76.907,-65.157,-52.95,-40.59,-27.161,-13.733,0.45778,12.513,25.636,36.775,49.745,61.342,76.601,92.624,108.04,121.46,136.11,148.63,161.29,170.45,180.21,189.52,199.44,208.29,218.82,226.91,234.84,240.49,246.13,248.88,253.15,256.81,263.68,268.87,276.04,282.45,287.03,290.69,294.5,297.71,302.74,306.1,311.9,316.17,320.9,324.72,328.68,330.97,333.11,335.25,338.3,339.37,341.5,342.11,344.1,344.25,345.93,345.32,345.16,345.77,345.77,346.08,347.45,348.22,350.35,351.73,354.32,354.47,357.07,358.59,359.66,360.58,361.95,363.48,366.07,369.27,373.85,375.53,379.35,381.48,385.6,388.35,392.77,398.42,403,407.73,411.54,414.59,418.56,419.17,419.63,418.71,418.26,416.43,415.66,414.44,412.46,410.32,407.73,403.15,400.1,394.91,391.86,387.43,384.23,379.96,377.97,375.23,372.78,370.95,370.95,370.95,371.72,372.17,372.17,371.56,371.56,369.88,369.27,367.29,366.07,364.54,363.63,362.56,362.41,361.95,362.25,362.56,364.09,364.24,364.24,363.17,361.64,358.59,356.15,354.17,352.34,350.66,349.44,348.22,346.54,343.94,342.11,338.91,336.62,334.64,332.65,330.67,327.62,325.17,322.89,320.14,317.55,315.87,316.02,315.71,317.24,316.17,315.41,314.19,315.1,314.8,314.34,313.12,311.9,310.53,309,307.02,307.17,305.8,305.34,302.74,301.83,300,298.93,297.71,296.64,297.1,297.56,296.79,297.56,297.1,297.4,297.4,299.39,300.45,303.05,303.35,305.49,307.63,309.76,310.53,311.44,312.66,314.95,316.02,317.85,317.24,318.16,318.31,319.07,319.07,320.14,320.6,321.05,322.28,323.04,323.19,321.97,321.36,321.36,319.83,319.07,317.39,316.32,314.04,312.66,311.9,311.44,309.76,308.85,307.32,303.81,300.61,297.86,292.21,289.16,286.26,283.97,279.7,274.67,268.26,261.85,256.36,251.47,245.98,239.11,231.18,223.7,218.05,214.39,208.44,203.71,197.76,193.33,189.37,184.64,179.6,175.79,170.45,166.63,161.44,156.71,152.75,150.76,150,150.46,150,150.3,150.91,150.46,150.3,151.22,151.98,153.97,157.17,161.6,164.49,167.7,169.23,171.67,172.58,173.5,173.8,173.96,172.89,171.82,170.29,167.39,163.58,159.92,154.12,148.32,141.91,137.49,133.37,131.53,129.7,128.94,127.57,125.43,122.68,121.01,120.24,121.77,123.6,126.96,126.19,125.74,124.82,128.33,132.6,136.11,138.1,139.77,141.91,146.64,151.68,157.17,161.14,165.87,168.61,172.28,174.11,176.24,177.16,178.84,180.21,179.75,179.14,178.69,177.01,176.24,175.33,177.47,176.55,175.33,173.04,170.75,170.75,172.12,171.97,169.84,166.63,160.99,154.12,146.34,135.04,124.52,112.92,103.76,93.844,84.994,75.686,65.615,55.544,45.015,34.486,25.178,14.801,6.7141,-4.12,-12.97,-22.279,-30.366,-41.047,-52.034,-64.241,-75.686,-84.384,-92.471,-99.796,-105.9,-112.31,-117.65,-126.19,-135.65,-147.86,-158.39,-169.53,-180.67,-190.13,-197.76,-203.25,-206.76,-210.43,-211.49,-213.78,-213.48,-212.1,-209.36,-208.14,-206.46,-204.47,-201.27,-200.2,-203.56,-207.53,-210.88,-219.89,-230.57,-242.62,-251.78,-260.02,-265.66,-270.7,-272.23,-272.68,-272.84,-272.23,-271.92,-274.51,-276.96,-280.77,-284.13,-287.94,-289.16,-291.6,-293.13,-295.42,-294.81,-292.67,-289.01,-289.32,-287.79,-286.57,-284.13,-284.43,-283.36,-284.89,-284.89,-285.81,-284.28,-282.6,-280.77,-279.55,-277.72,-276.35,-276.19,-276.19,-274.67,-275.28,-275.73,-276.04,-274.21,-274.06,-272.68,-273.29,-274.67,-277.11,-278.79,-282.91,-286.11,-292.98,-299.39,-307.02,-310.37,-316.48,-321.05,-327.62,-333.11,-338.3,-341.5,-343.94,-346.08,-349.89,-352.34,-355.24,-357.68,-363.02,-364.09,-365.15,-365.15,-367.14,-366.99,-366.68,-362.87,-355.54,-346.23,-337.84,-330.06,-327.31,-323.34,-317.85,-305.8,-296.79,-289.47,-286.26,-281.99,-275.73,-268.41,-257.88,-235.91,-204.47,-164.95,-128.79,-95.523,-67.598,-43.184,-30.366,-20.6,-17.09,-19.532,-24.262,-30.824,-38.453,-45.778,-57.222,-71.871,-85.299,-97.049,-110.93,-122.38,-132.76,-133.06,-126.04,-116.58,-110.78,-106.81,-107.58,-113.22,-123.6,-132.6,-133.52,-120.85,-96.438,-66.53,-45.625,-34.181,-27.314,-25.941,-35.249,-55.391,-76.907,-86.52,-82.247,-64.241,-38.759,-9.3081,7.3244,9.003,0.45778,-2.7467,3.6622,19.227,34.028,38.301,32.197,17.853,-1.3733,-16.785,-26.093,-25.025,-23.804,-27.009,-36.164,-46.083,-53.865,-56.917,-58.29,-59.358,-62.716,-65.767,-75.228,-84.384,-98.575,-116.28,-141.45,-168.92,-189.98,-200.35,-204.47,-200.96,-195.32,-191.81,-193.03,-196.39,-205.85,-216.99,-234.99,-254.22,-271.92,-284.28,-297.1,-307.63,-315.56,-321.21,-325.63,-326.4,-323.34,-319.83,-321.21,-324.41,-328.23,-330.06,-334.64,-337.38,-341.65,-346.23,-350.96,-354.32,-358.29,-361.95,-364.54,-364.85,-366.22,-365.31,-365.46,-365,-367.29,-370.8,-375.07,-379.96,-386.36,-391.09,-395.52,-400.86,-408.49,-414.14,-418.56,-418.87,-419.17,-419.17,-419.17,-418.41,-416.88,-414.59,-410.47,-408.19,-406.2,-402.84,-399.79,-395.06,-392.62,-389.26,-386.21,-381.18,-376.6,-371.26,-364.09,-357.07,-348.67,-338.91,-331.74,-325.02,-319.53,-312.2,-306.41,-298.17,-290.23,-281.99,-273.6,-265.97,-260.48,-254.83,-250.25,-243.84,-240.33,-235.45,-229.35,-221.11,-212.26,-204.17,-196.54,-189.98,-183.26,-178.69,-175.79,-171.36,-169.99,-166.33,-162.36,-156.87,-150.91,-144.66,-139.62,-133.21,-127.87,-121.16,-114.6,-107.43,-101.47,-92.013,-82.553,-72.329,-65.157,-57.68,-51.271,-45.625,-39.216,-31.892,-25.33,-17.09,-9.9185,-1.5259,6.2563,17.243,25.483,35.249,42.421,50.203,56.154,61.953,65.92,70.345,75.228,81.332,86.673,93.387,99.49,108.04,112.46,119.33,123.45,129.25,134.43,140.23,142.52,146.49,149.69,153.2,154.58,157.32,158.09,160.83,162.05,164.19,165.72,168.46,169.38,169.07,168.77,169.84,170.29,171.82,174.87,179.3,181.59,184.64,186.93,190.44,193.33,195.01,196.39,198.52,200.81,203.56,206.15,211.8,215.77,221.87,225.68,230.87,233.31,238.2,242.77,246.59,249.18,254.52,260.17,265.05,267.65,271.77,273.45,276.8,278.33,279.24,276.04,275.73,275.28,275.43,274.82,273.14,271,269.17,266.12,266.27,265.82,265.36,262.46,260.17,257.73,257.12,257.58,260.17,263.83,267.65,269.78,269.48,267.04,266.73,264.29,265.21,267.65,271.61,274.51,277.26,279.4,281.84,284.74,288.55,291.76,294.05,295.57,298.47,299.54,300.45,298.62,299.23,301.22,304.42,307.47,310.37,310.53,309.76,309.31,310.37,306.41,300.76,294.05,289.01,281.69,276.04,270.09,265.21,261.85,259.41,256.97,254.22,249.64,244.76,236.37,229.35,222.17,217.6,212.26,207.98,203.25,197.91,193.64,192.11,190.13,189.21,190.59,192.42,192.42,193.79,193.64,193.49,193.33,195.78,198.98,202.95,206.15,208.9,210.73,211.95,212.1,213.02,211.8,211.49,209.66,207.53,204.02,202.03,199.29,197.15,195.47,193.79,190.28,187.84,184.79,182.2,177.47,174.72,170.45,167.39,163.58,162.36,160.53,158.85,157.17,153.97,151.37,149.24,146.49,143.74,139.16,137.33,135.81,137.03,136.72,136.27,133.98,130.47,128.64,128.64,129.55,130.47,129.86,128.94,126.04,123.6,121.31,120.7,118.26,118.56,117.95,113.68,108.65,104.98,103.92,103.31,103.61,105.9,107.27,108.65,107.12,106.51,104.98,104.98,102.39,99.338,96.896,93.692,90.182,86.978,82.858,79.958,74.923,71.413,67.293,65.615,63.784,63.936,63.478,62.105,60.274,58.748,57.833,56.917,55.086,54.628,53.865,56.154,57.222,58.29,56.764,55.544,53.102,51.729,50.966,51.729,51.271,50.966,50.508,50.813,49.44,49.745,49.135,49.44,48.067,46.083,43.336,40.437,37.08,33.113,28.535,24.567,20.447,18.311,14.801,12.207,8.0874,5.9511,4.4252,3.8148,2.5941,1.9837,3.357,3.9674,2.5941,4.2726,3.2044,2.8993,1.2207,-0.45778,-3.8148,-4.4252,-5.1881,-5.7985,-5.9511,-4.883,-4.5778,-4.4252,-4.883,-2.2889,-1.2207,1.5259,2.8993,6.5615,6.1037,6.2563,5.7985,5.0356,3.5096,2.1363,0.76296,-0,-1.3733,-0.61037,-0.15259,2.4415,1.2207,-0.61037,-3.6622,-8.0874,-14.191,-20.142,-26.093,-31.587,-36.47,-39.521,-43.947,-47.304,-52.797,-56.459,-60.732,-64.089,-68.819,-70.65,-70.956,-72.024,-73.702,-74.465,-74.618,-73.244,-72.939,-70.65,-70.04,-70.803,-74.007,-76.144,-80.569,-85.147,-92.013,-95.065,-95.218,-94.913,-92.776,-84.994,-79.348,-75.533,-73.855,-72.176,-72.939,-71.718,-72.176,-74.16,-76.449,-77.517,-77.822,-77.364,-79.196,-81.79,-89.877,-96.744,-103.15,-105.14,-104.07,-99.033,-96.133,-94.76,-94.76,-94.455,-94.302,-92.166,-92.624,-90.793,-90.945,-88.656,-87.741,-86.978,-85.452,-81.942,-77.822,-74.923,-74.923,-74.16,-70.803,-64.394,-62.258,-58.29,-57.527,-54.323,-52.797,-50.661,-48.372,-48.372,-49.745,-47.761,-44.862,-41.047,-38.606,-35.401,-32.807,-29.145,-27.314,-22.431,-16.48,-8.8504,-4.4252,-0.45778,3.8148,8.3926,10.529,11.902,11.292,11.139,9.7659,10.834,9.6133,10.071,9.3081,10.376,11.139,13.276,13.428,13.123,10.529,5.3407,-0.30519,-3.2044,-3.8148,-1.6785,-0.61037,-0.61037,-1.2207,-1.0681,-2.2889,-2.7467,-2.8993,-5.0356,-8.24,-12.513,-18.311,-21.058,-25.636,-27.924,-30.976,-30.824,-35.401,-38.606,-43.489,-48.219,-54.476,-60.579,-67.904,-73.55,-80.874,-86.52,-95.523,-104.22,-115.67,-124.97,-134.28,-141,-147.71,-152.9,-156.87,-160.53,-165.11,-170.45,-179.14,-186.47,-194.71,-200.66,-205.69,-209.05,-216.53,-222.79,-229.96,-235.15,-238.35,-240.33,-241.25,-242.16,-243.69,-245.22,-249.18,-251.47,-256.05,-260.02,-265.05,-271.61,-279.55,-287.64,-297.4,-307.32,-320.9,-335.7,-350.2,-359.97,-368.36,-372.78,-376.75,-378.89,-382.24,-385.91,-390.48,-394.6,-399.18,-402.69,-405.44,-410.32,-415.81,-417.34,-419.17,-419.63,-418.87,-415.81,-412,-404.68,-396.74,-388.96,-381.33,-374.46,-365.92,-357.07,-352.79,-347.76,-341.65,-331.89,-321.67,-311.9,-302.9,-292.67,-281.69,-269.17,-258.19,-249.95,-243.69,-236.52,-230.26,-222.33,-216.68,-207.68,-198.52,-189.21,-181.43,-172.12,-165.56,-160.22,-156.87,-150.76,-146.03,-139.16,-136.27,-137.33,-140.23,-141.61,-143.28,-141.91,-139.62,-133.98,-128.94,-124.06,-122.23,-121.31,-122.23,-119.33,-116.43,-111.55,-111.55,-111.85,-112.46,-111.7,-109.56,-107.58,-104.37,-100.25,-98.27,-96.896,-95.37,-90.03,-85.757,-80.874,-76.144,-69.43,-63.021,-58.138,-56.459,-53.865,-52.644,-51.729,-52.187,-52.339,-55.696,-54.933,-53.407,-51.881,-53.407,-54.323,-54.17,-52.95,-51.424,-49.745,-48.524,-46.083,-44.099,-40.742,-39.827,-36.317,-33.113,-27.619,-22.126,-18.006,-14.649,-12.513,-11.597,-10.834,-11.444,-9.3081,-9.6133,-7.7822,-8.24,-3.2044,3.2044,11.75,18.159,23.804,26.704,30.213,33.113,39.674,46.846,57.222,67.598,75.838,82.247,87.588,90.03,90.335,91.556,89.877,86.825,83.468,77.975,74.313,68.514,63.326,55.238,46.236,38.148,35.859,35.554,37.538,39.216,41.658,44.252,47.609,49.135,49.593,50.661,53.713,55.544,57.68,57.07,53.255,48.219,44.862,43.947,46.693,50.508,56.917,62.41,68.667,72.634,75.076,79.806,90.793,106.97,123.75,140.08,154.73,162.66,164.8,162.51,161.44,159.92,161.44,163.73,168.16,168.92,168.92,167.39,166.33,164.34,163.88,161.6,158.85,152.9,151.22,148.32,146.95,142.52,139.01,136.72,134.89,130.01,122.38,115.05,105.75,93.539,77.67,58.596,42.573,28.382,19.074,7.7822,-5.3407,-19.227,-33.265,-47.609,-59.206,-70.65,-79.348,-86.367,-87.741,-90.487,-93.234,-99.185,-104.07,-108.65,-112.16,-116.28,-119.17,-121.77,-120.7,-114.9,-101.17,-91.25,-83.773,-83.316,-85.91,-93.081,-98.727,-101.32,-99.643,-96.438,-91.25,-81.027,-68.972,-61.647,-55.849,-52.034,-45.015,-35.096,-21.363,-14.954,-15.107,-24.11,-35.401,-40.895,-34.639,-14.954,11.902,41.505,67.751,84.078,101.78,112.46,121.16,130.31,147.1,164.19,166.78,155.64,136.11,113.53,92.013,70.803,55.849,47.304,46.083,44.71,43.031,31.892,15.87,1.8311,-3.9674,-4.12,4.4252,11.139,13.733,12.665,13.428,8.3926,1.9837,-2.8993,-4.2726,-8.5452,-15.717,-24.415,-30.671,-37.69,-44.404,-54.781,-65.767,-77.212,-82.553,-86.367,-85.452,-82.858,-81.027,-83.926,-87.588,-95.523,-103.76,-112.31,-121.16,-131.08,-137.94,-145.42,-150.3,-154.73,-158.09,-157.63,-154.88,-151.52,-149.69,-154.12,-157.48,-162.66,-162.21,-161.29,-154.27,-145.57,-140.69,-140.54,-144.51,-151.68,-158.24,-166.78,-173.04,-178.23,-177.92,-174.57,-164.8,-156.71,-150.46,-145.57,-139.01,-136.88,-136.27,-136.42,-136.88,-140.69,-144.2,-148.32,-150.76,-154.42,-153.36,-151.98,-148.93,-146.03,-143.28,-138.4,-129.25,-117.04,-105.29,-96.591,-88.046,-84.536,-83.621,-86.673,-87.283,-92.013,-94.607,-94.455,-96.438,-102.69,-110.17,-117.04,-124.67,-130.01,-127.87,-123.91,-116.89,-110.17,-104.68,-98.575,-88.351,-79.196,-72.939,-70.956,-72.329,-78.585,-85.91,-92.318,-96.133,-97.507,-94.302,-90.182,-82.858,-76.144,-68.819,-62.41,-56.917,-52.644,-49.593,-46.693,-42.573,-40.437,-39.369,-41.353,-42.879,-46.083,-50.203,-54.476,-56.459,-55.391,-51.729,-46.846,-40.132,-34.791,-30.061,-26.246,-23.347,-23.194,-23.652,-25.025,-23.957,-23.194,-21.668,-20.295,-16.785,-11.902,-6.1037,-0.91556,7.0193,13.428,17.396,19.379,22.889,21.516,20.753,22.431,26.856,31.587,37.843,45.625,53.407,57.68,62.563,64.852,67.751,68.972,72.176,74.77,77.975,78.585,81.484,86.52,92.776,98.117,102.08,101.78,104.98,107.88,113.22,114.75,115.36,115.82,117.04,116.12,116.58,116.12,117.95,119.17,122.84,124.82,128.64,129.86,131.99,133.52,136.72,139.47,141.91,143.13,145.42,148.01,152.13,155.19,158.54,157.63,157.02,154.27,154.88,157.63,159.92,162.51,164.65,164.95,165.56,164.65,163.58,162.05,163.43,163.73,167.55,171.06,177.01,182.5,189.37,195.78,202.34,206.31,207.98,208.44,207.98,204.93,205.85,205.39,206.92,208.29,211.8,216.99,222.17,226.14,231.03,234.69,236.98,236.82,238.96,238.04,238.35,237.59,240.49,243.69,246.74,249.18,249.64,248.27,244.76,237.43,232.4,226.91,224.92,221.11,221.72,222.17,222.33,222.79,223.7,223.4,223.4,220.5,216.53,212.87,211.49,206,199.44,190.74,182.96,175.18,170.6,166.94,165.72,162.05,159.46,154.58,150.76,144.35,139.16,131.38,125.43,118.56,114.44,108.95,103,93.692,85.91,78.585,72.176,66.225,61.8,58.748,59.358,60.121,61.8,62.41,63.478,63.936,64.089,63.936,64.394,62.868,61.342,60.884,61.8,60.121,61.037,60.884,61.19,61.8,63.478,63.936,62.41,57.375,52.644,48.067,47.914,45.625,44.252,41.505,39.369,36.012,34.486,31.739,28.993,26.246,22.584,18.464,14.954,10.834,9.1556,6.2563,1.9837,-2.8993,-7.9348,-13.581,-18.464,-21.516,-24.11,-27.009,-27.772,-31.281,-36.622,-41.963,-44.099,-48.219,-50.508,-53.407,-54.476,-56.001,-57.375,-60.121,-63.173,-65.157,-64.241,-62.868,-60.427,-59.053,-56.764,-55.849,-54.476,-52.95,-51.271,-46.846,-42.879,-39.521,-33.723,-28.993,-23.957,-20.142,-15.717,-13.886,-14.191,-15.107,-15.259,-14.954,-13.581,-13.733,-14.954,-15.259,-13.123,-11.444,-8.0874,-5.9511,-3.357,-2.5941,-2.2889,-1.9837,-1.6785,-1.2207,1.5259,4.12,6.2563,6.1037,8.0874,7.1718,9.3081,9.3081,10.071,10.071,11.75,14.954,17.701,19.837,23.194,25.788,28.382,29.756,32.807,35.401,40.132,43.794,48.524,51.576,55.086,59.511,64.699,71.261,77.517,82.858,86.825,89.267,93.387,96.286,101.63,104.53,106.81,105.59,104.22,101.17,98.422,95.523,92.929,88.961,86.062,81.179,76.907,72.939,71.413,69.582,69.735,68.667,67.598,66.683,65.462,63.936,63.936,64.394,66.225,66.53,68.209,67.904,68.514,68.361,70.345,71.871,72.481,73.397,74.618,73.702,72.481,69.735,68.056,64.852,64.547,62.41,62.563,61.8,60.274,58.138,56.307,54.933,53.865,51.881,50.05,47.609,46.541,44.71,45.473,45.32,47.304,48.982,52.492,55.696,58.443,59.969,58.138,55.544,53.255,51.576,51.881,50.813,50.05,47.761,46.999,45.015,44.099,44.099,41.505,37.233,31.434,25.33,20.142,16.022,12.97,9.4607,7.477,5.0356,3.2044,-2.2889,-8.0874,-17.701,-27.161,-36.164,-42.421,-50.661,-56.307,-61.953,-67.446,-75.991,-82.858,-92.013,-98.27,-105.9,-111.24,-118.26,-125.89,-130.92,-132.6,-132.6,-129.7,-122.99,-108.34,-93.997,-77.822,-63.326,-51.118,-45.93,-45.015,-50.203,-55.391,-59.511,-62.716,-65.157,-67.598,-75.686,-82.858,-90.335,-92.776,-95.523,-96.286,-98.422,-99.185,-99.796,-100.56,-101.02,-99.643,-100.56,-99.643,-99.185,-96.133,-94.302,-91.556,-90.793,-88.656,-88.961,-88.961,-90.64,-90.487,-90.487,-89.877,-90.64,-90.64,-91.098,-89.419,-88.504,-86.978,-87.588,-86.978,-86.52,-86.673,-88.961,-90.793,-93.692,-96.133,-95.828,-94.455,-92.013,-84.841,-78.28,-70.498,-66.073,-58.596,-51.118,-42.421,-34.486,-27.924,-24.72,-22.431,-21.821,-17.396,-11.75,-4.883,-2.5941,1.5259,4.7304,11.597,18.921,26.704,32.96,39.216,45.015,52.034,59.969,70.193,79.958,90.335,100.1,110.17,115.67,122.23,124.36,125.28,121.77,116.73,112.61,109.71,106.66,103.92,100.86,100.25,99.796,100.56,101.32,104.53,105.75,106.36,105.75,105.44,102.69,99.796,96.744,93.081,90.487,90.182,88.504,90.182,92.166,95.065,93.692,94.302,96.286,95.37,93.539,93.081,91.403,89.114,85.452,84.689,82.095,79.653,74.313,68.667,63.784,61.495,59.053,58.443,55.544,49.44,41.2,32.807,21.821,12.665,5.1881,-0.30519,-6.2563,-13.123,-21.21,-27.924,-33.723,-39.216,-42.879,-45.473,-48.067,-49.593,-50.661,-48.83,-48.524,-45.778,-45.625,-43.031,-40.437,-34.944,-30.366,-25.178,-19.837,-12.513,-6.7141,0.30519,6.7141,14.191,19.227,24.11,29.298,36.927,45.32,53.713,61.342,69.124,76.754,84.994,93.081,101.47,108.34,116.43,121.62,128.64,132.45,137.94,141.15,146.18,151.37,156.41,160.37,165.56,171.21,178.99,186.01,192.88,197.3,201.42,204.78,207.37,207.07,204.32,201.57,199.44,200.05,201.88,202.8,203.56,203.56,205.39,205.69,207.37,206.46,204.78,203.41,204.02,203.71,203.86,204.17,206.76,208.75,212.1,216.22,221.26,224.92,228.28,230.11,231.64,233.01,235.6,238.2,239.88,242.16,244.91,246.59,251.47,253.91,257.42,258.64,260.63,262,264.9,268.56,274.06,278.02,280.47,281.53,280.77,279.7,279.7,277.26,277.11,276.19,275.73,275.28,276.96,279.24,281.23,283.36,287.33,291.45,296.03,297.86,300.3,301.98,303.96,305.19,307.93,309.61,312.36,314.95,316.32,317.24,317.55,315.71,313.43,310.37,308.24,303.51,299.23,294.05,290.38,287.18,284.13,280.31,276.65,271.77,265.82,261.09,256.66,251.63,248.73,243.69,239.88,235.76,231.79,225.23,219.89,214.24,209.81,206,203.25,200.66,199.9,198.37,197.76,195.01,194.71,194.4,195.32,193.03,190.13,187.69,184.79,180.82,176.7,171.82,167.39,161.75,158.39,154.58,151.98,148.93,147.4,143.89,140.54,137.33,135.65,133.98,130.92,126.35,122.23,115.67,109.41,103.31,100.25,97.659,96.896,94.455,92.624,92.471,94.302,95.523,95.676,94.302,89.267,82.858,79.806,76.449,74.923,73.702,72.787,69.735,66.988,64.547,61.953,59.206,56.001,52.034,47.761,42.573,37.996,33.113,27.619,19.074,13.276,7.9348,2.7467,-1.8311,-6.5615,-12.207,-17.701,-22.736,-27.314,-30.824,-32.807,-35.401,-36.927,-40.895,-43.489,-46.693,-50.966,-55.238,-58.29,-61.19,-63.021,-65.92,-67.904,-70.193,-70.956,-72.787,-71.871,-71.261,-69.887,-68.972,-69.735,-71.108,-72.329,-72.634,-72.787,-73.855,-73.397,-72.329,-70.498,-70.498,-69.735,-68.972,-68.056,-69.43,-71.871,-72.787,-71.413,-68.972,-66.073,-67.446,-67.141,-69.582,-70.193,-72.329,-73.092,-74.465,-77.975,-81.79,-86.215,-90.487,-92.776,-92.929,-91.098,-90.945,-88.351,-87.893,-86.673,-88.809,-90.793,-91.861,-92.166,-91.098,-88.961,-89.114,-92.318,-97.812,-103.15,-109.26,-111.24,-112.16,-112.61,-118.41,-126.5,-135.81,-144.51,-153.51,-160.22,-166.63,-171.67,-178.53,-183.72,-190.13,-195.93,-202.8,-205.54,-208.44,-211.8,-214.85,-215,-215.31,-214.55,-212.87,-211.49,-213.32,-215.92,-219.58,-221.26,-223.55,-224.92,-225.07,-224.01,-223.24,-222.48,-222.79,-223.4,-224.01,-222.17,-220.04,-214.09,-207.83,-201.12,-197,-193.49,-190.44,-187.69,-184.18,-182.5,-181.28,-180.36,-180.21,-178.23,-177.16,-175.63,-175.79,-175.33,-175.79,-176.09,-178.69,-183.42,-188.3,-188.45,-188.6,-188.6,-190.74,-192.88,-199.29,-204.63,-212.87,-215.92,-220.8,-223.09,-225.23,-224.31,-224.46,-227.67,-230.57,-232.4,-234.69,-233.77,-234.38,-230.87,-226.6,-217.44,-207.83,-195.47,-184.48,-175.94,-166.02,-157.17,-147.25,-135.81,-122.99,-111.09,-99.338,-88.351,-79.348,-70.803,-65.462,-58.138,-52.187,-44.862,-35.859,-24.262,-15.564,-12.36,-11.902,-9.6133,-12.055,-12.818,-16.785,-22.889,-33.57,-43.031,-51.576,-60.121,-71.108,-82.553,-95.065,-108.8,-122.68,-132.91,-139.93,-144.66,-150.76,-155.03,-158.39,-159.31,-159,-161.75,-167.09,-171.51,-175.33,-175.18,-174.41,-169.38,-167.24,-164.49,-162.82,-160.22,-158.24,-155.8,-153.81,-152.59,-151.52,-151.07,-150.61,-147.4,-143.13,-137.49,-134.13,-129.55,-127.87,-126.35,-124.67,-121.92,-119.17,-116.43,-115.21,-112.46,-108.04,-102.85,-97.201,-89.724,-82.247,-73.397,-68.361,-62.716,-59.206,-56.307,-52.339,-48.677,-44.71,-40.895,-37.69,-34.639,-33.876,-30.671,-29.298,-26.551,-24.567,-20.753,-17.09,-11.902,-9.003,-6.8667,-4.7304,-2.1363,2.5941,7.3244,9.9185,15.564,20.295,25.636,28.23,31.434,32.197,33.723,33.57,32.807,31.281,28.84,24.11,22.126,19.99,18.311,15.259,14.496,13.123,13.428,15.259,17.396,18.311,18.311,18.769,19.532,20.142,21.973,24.873,28.84,32.044,35.249,37.843,39.827,41.963,45.167,47.914,50.203,51.424,52.95,56.154,60.579,65.157,71.261,75.381,78.585,79.348,81.942,82.858,84.536,85.604,85.91,83.01,79.348,75.533,71.871,67.598,65.462,61.953,58.748,54.628,51.271,46.999,44.252,41.353,38.148,34.639,33.418,33.418,33.876,34.944,36.47,36.927,37.538,37.538,39.216,41.2,43.794,46.846,50.813,55.849,59.969,62.716,63.326,63.021,63.478,61.495,59.816,56.917,57.07,57.222,58.443,60.884,64.394,68.514,72.634,76.144,79.043,80.416,83.316,83.773,86.52,88.046,90.793,89.724,87.283,83.773,81.79,79.806,76.449,72.787,69.277,64.852,61.342,53.865,48.677,41.658,35.859,26.399,16.633,6.7141,-3.9674,-14.801,-22.431,-29.145,-35.707,-43.794,-49.745,-54.933,-56.001,-56.154,-54.476,-53.102,-51.576,-50.966,-49.745,-47.456,-45.167,-43.641,-40.59,-38.301,-35.401,-34.333,-32.197,-32.197,-32.807,-34.486,-35.096,-34.028,-32.655,-33.57,-34.486,-36.012,-36.775,-39.521,-41.353,-44.252,-43.184,-41.963,-40.132,-37.69,-36.317,-36.927,-38.606,-41.505,-43.336,-43.489,-42.116,-40.742,-38.148,-36.927,-35.554,-36.164,-35.554,-33.418,-31.739,-29.603,-28.382,-28.23,-27.161,-27.772,-27.924,-29.145,-29.603,-30.061,-27.619,-25.636,-21.058,-15.107,-5.6459,1.3733,7.1718,11.597,16.022,20.447,25.636,28.382,32.96,36.775,41.353,45.167,48.83,51.729,55.544,58.748,60.427,60.427,60.732,58.29,57.527,55.849,55.544,53.255,53.56,52.797,51.424,51.424,51.729,52.339,52.187,52.95,56.001,57.375,61.037,64.089,67.293,68.667,69.582,71.566,74.16,78.28,83.316,85.452,87.436,90.03,94.15,95.676,98.117,99.185,101.17,99.49,97.049,92.166,88.046,85.299,85.299,85.91,85.604,84.689,84.994,84.536,85.299,84.078,84.231,81.484,76.449,69.277,62.41,56.764,53.102,49.593,47.304,43.489,38.759,31.587,25.483,17.701,12.36,5.0356,-1.6785,-7.477,-13.733,-19.074,-22.584,-24.873,-25.941,-28.382,-30.366,-32.96,-34.181,-36.775,-39.064,-41.81,-41.963,-40.895,-40.59,-39.369,-37.843,-36.317,-33.113,-31.434,-28.993,-27.467,-25.33,-23.652,-21.21,-19.837,-17.243,-14.191,-11.139,-9.4607,-9.1556,-9.1556,-8.3926,-8.24,-5.6459,-3.357,-0.30519,0.61037,1.3733,-0,-1.5259,-3.8148,-7.9348,-11.902,-15.564,-19.837,-24.567,-28.687,-32.197,-38.453,-41.2,-44.71,-46.083,-47.151,-46.083,-45.167,-45.778,-46.541,-46.693,-47.304,-48.067,-50.813,-50.356,-52.644,-52.492,-53.407,-53.255,-54.781,-53.865,-53.56,-50.813,-47.914,-44.862,-42.726,-37.996,-33.876,-28.382,-24.72,-19.99,-17.701,-14.801,-14.344,-13.428,-12.97,-13.276,-13.428,-14.191,-15.412,-13.886,-13.428,-11.902,-11.75,-10.834,-12.97,-14.801,-16.633,-19.99,-24.567,-28.23,-30.061,-30.976,-32.502,-33.418,-34.181,-31.434,-30.824,-31.281,-34.028,-37.538,-41.81,-47.609,-51.576,-54.628,-56.917,-57.375,-58.596,-57.985,-59.816,-61.953,-66.225,-66.073,-66.988,-67.598,-67.141,-65.615,-64.089,-63.784,-63.021,-62.716,-66.378,-72.634,-80.264,-86.215,-93.844,-99.338,-109.87,-117.5,-121.01,-121.31,-121.77,-121.92,-124.06,-128.03,-133.82,-134.89,-133.82,-129.4,-125.89,-121.01,-115.82,-106.66,-99.185,-93.997,-91.861,-90.487,-90.03,-86.825,-85.452,-82.247,-82.4,-81.332,-81.484,-75.533,-68.361,-59.664,-51.118,-43.336,-38.759,-34.486,-32.197,-29.145,-28.84,-27.619,-30.061,-34.333,-38.911,-42.268,-45.93,-48.83,-53.56,-58.29,-63.326,-66.836,-72.634,-76.296,-81.79,-83.01,-84.841,-84.994,-86.978,-86.215,-85.452,-86.52,-90.182,-93.081,-97.659,-99.185,-99.796,-97.049,-94.455,-92.166,-92.318,-90.335,-87.893,-84.536,-81.942,-79.196,-79.043,-81.027,-83.163,-84.078,-88.656,-91.25,-92.929,-90.487,-88.198,-83.468,-80.111,-76.296,-74.007,-70.345,-67.446,-65.004,-64.394,-64.394,-65.92,-65.462,-66.378,-64.547,-63.936,-60.732,-60.427,-60.427,-63.631,-65.31,-67.446,-66.378,-65.31,-63.784,-64.699,-63.936,-66.683,-68.056,-70.498,-70.345,-73.397,-74.923,-78.89,-82.553,-86.367,-90.335,-94.913,-97.964,-104.22,-108.8,-114.29,-116.28,-121.62,-125.74,-128.94,-129.25,-130.47,-130.62,-131.23,-130.31,-130.92,-130.01,-131.53,-128.94,-127.11,-124.06,-123.45,-121.77,-119.48,-117.04,-115.21,-111.39,-108.19,-103.92,-99.948,-94.302,-91.098,-88.351,-88.046,-85.757,-84.384,-80.721,-77.822,-73.397,-68.514,-63.784,-60.884,-57.527,-54.323,-51.576,-51.271,-48.982,-48.219,-46.846,-46.388,-44.862,-41.963,-37.385,-34.486,-30.213,-26.551,-21.668,-16.785,-8.5452,-4.7304,1.3733,5.7985,12.36,17.548,24.72,31.281,38.301,45.473,51.424,57.375,64.089,69.735,76.754,82.858,90.793,96.896,106.2,113.83,122.53,130.31,137.33,143.28,150,153.81,157.78,160.22,164.34,166.48,169.53,173.04,176.4,179.6,182.2,183.87,183.72,184.03,183.42,182.04,180.97,179.45,177.92,174.72,175.02,174.11,175.02,177.16,179.45,180.21,178.69,177.47,177.47,177.47,179.91,179.91,180.67,180.82,182.2,183.11,184.03,184.64,187.99,192.72,196.69,197.76,200.2,204.02,209.36,211.65,214.39,217.14,221.26,223.7,226.14,226.45,226.75,227.36,227.97,228.13,228.58,226.75,224.31,220.65,219.73,216.53,215.31,214.7,214.85,214.24,212.56,210.73,206.92,201.57,197.3,193.03,189.37,183.57,177.47,171.67,168.31,164.65,160.37,154.27,149.85,145.27,139.16,131.99,126.5,119.02,109.71,97.354,84.078,67.751,53.865,41.353,30.366,20.905,12.207,3.5096,-2.7467,-7.6296,-11.292,-17.396,-22.584,-31.434,-38.148,-45.32,-48.83,-53.713,-59.511,-66.988,-70.65,-74.618,-78.585,-82.858,-84.384,-84.078,-80.416,-77.059,-73.55,-72.024,-71.261,-72.787,-74.16,-73.55,-70.803,-70.04,-70.498,-73.55,-74.16,-78.89,-83.01,-88.504,-91.403,-94.76,-95.065,-93.234,-90.03,-86.367,-84.841,-83.773,-81.179,-78.585,-72.939,-70.65,-66.683,-65.615,-66.225,-70.345,-73.855,-76.907,-82.4,-88.656,-95.828,-105.14,-112.16,-118.26,-119.79,-123.75,-128.18,-133.67,-133.82,-133.67,-132.3,-131.38,-129.55,-129.09,-130.92,-135.65,-139.16,-146.64,-153.05,-160.53,-165.26,-169.23,-169.84,-170.9,-170.45,-170.45,-169.84,-169.99,-172.43,-176.09,-177.77,-180.82,-181.59,-184.18,-186.32,-189.98,-191.5,-192.72,-192.57,-192.27,-191.96,-191.2,-191.35,-191.96,-191.05,-192.57,-188.6,-182.81,-177.62,-174.72,-170.45,-170.45,-172.28,-175.18,-175.18,-173.96,-172.43,-168.92,-161.75,-156.56,-151.68,-150.3,-149.08,-150,-152.75,-155.8,-157.32,-157.48,-155.95,-153.51,-147.4,-142.67,-138.4,-135.96,-131.08,-129.55,-126.96,-125.13,-121.16,-114.75,-107.43,-99.49,-91.556,-85.757,-81.179,-78.433,-76.144,-76.449,-75.838,-75.838,-73.55,-71.718,-69.124,-68.209,-68.972,-67.751,-66.378,-67.141,-67.904,-71.108,-74.16,-79.958,-82.095,-83.773,-83.468,-84.536,-85.147,-86.062,-85.91,-86.978,-88.809,-91.708,-94.607,-95.523,-94.302,-94.913,-92.318,-90.335,-87.436,-85.452,-80.416,-77.67,-75.686,-72.787,-69.124,-64.547,-57.833,-54.628,-47.761,-43.031,-38.301,-37.996,-35.401,-33.57,-31.434,-30.824,-28.382,-24.262,-20.6,-19.379,-16.785,-15.87,-13.581,-10.834,-4.7304,1.6785,10.987,17.396,21.973,24.72,26.551,27.619,28.077,27.314,28.382,27.009,28.84,29.603,29.298,29.145,29.145,29.603,30.519,29.756,28.23,27.009,26.856,26.856,29.603,33.113,37.843,42.421,46.846,48.524,49.593,50.966,52.339,54.17,58.138,61.953,68.819,76.907,87.283,94.913,103.76,112.46,120.24,126.8,133.06,138.25,140.69,141.15,141.76,140.54,140.08,135.5,131.53,126.96,123.75,120.4,118.41,118.72,121.16,122.07,123.75,122.68,119.33,112,104.53,94.455,87.436,82.553,81.79,80.111,80.111,81.484,83.316,85.604,88.351,87.893,86.825,84.231,86.062,87.436,90.335,92.929,93.844,92.624,90.335,86.978,84.078,80.569,77.517,74.16,72.176,68.514,65.767,62.563,57.833,50.508,44.557,38.606,31.281,20.447,11.902,3.8148,-2.2889,-11.139,-19.379,-28.077,-36.012,-44.71,-52.339,-59.358,-66.225,-72.481,-77.67,-82.095,-83.926,-87.13,-85.91,-84.384,-83.163,-82.553,-82.247,-81.484,-79.196,-76.144,-72.481,-70.193,-66.988,-67.446,-65.31,-64.547,-61.8,-60.884,-59.816,-60.427,-59.053,-57.985,-55.238,-52.95,-49.44,-46.541,-40.284,-37.385,-34.639,-34.333,-31.434,-28.84,-25.025,-22.736,-21.668,-20.447,-17.548,-15.717,-13.886,-13.428,-12.818,-12.818,-10.224,-9.7659,-9.3081,-9.1556,-7.1718,-5.6459,-2.8993,2.7467,7.7822,12.207,16.633,20.142,23.652,26.246,29.603,29.756,30.366,29.908,30.061,29.45,29.908,31.739,33.113,34.181,34.028,34.028,36.164,37.385,37.69,33.723,29.908,27.009,25.636,26.856,28.535,32.655,36.775,41.2,45.625,46.236,47.914,47.456,48.219,48.524,49.898,51.729,53.713,53.255,53.713,54.933,57.833,61.19,65.31,66.53,70.65,74.618,79.958,82.095,84.689,86.673,89.419,90.64,91.556,94.76,98.727,101.47,104.22,106.51,107.12,104.53,103.76,101.47,97.659,93.997,92.318,90.487,89.877,91.556,96.286,96.591,99.185,99.948,100.71,100.1,99.948,97.659,97.049,96.438,94.455,91.098,87.893,84.841,82.095,78.738,77.364,75.381,74.465,72.176,71.413,69.124,66.836,64.089,60.732,55.849,53.102,46.541,39.979,32.96,30.366,26.704,24.415,21.668,18.921,16.785,15.564,13.428,13.428,13.581,15.412,13.428,12.665,8.8504,5.6459,0.30519,-4.4252,-9.003,-11.444,-14.191,-18.464,-24.262,-29.603,-34.486,-37.08,-40.437,-41.963,-45.167,-47.151,-52.644,-56.307,-60.121,-64.699,-71.413,-79.196,-86.978,-91.708,-95.676,-99.338,-106.36,-112.16,-113.83,-111.09,-109.1,-105.9,-101.32,-98.727,-96.896,-91.098,-84.689,-80.721,-78.28,-72.329,-66.073,-59.969,-52.95,-46.846,-42.879,-38.759,-37.996,-38.301,-38.606,-36.775,-34.791,-28.84,-25.941,-22.736,-24.11,-24.11,-25.788,-26.551,-28.077,-27.467,-28.993,-33.418,-38.911,-42.879,-47.151,-49.135,-51.576,-55.849,-60.732,-63.936,-67.598,-72.024,-73.397,-71.566,-68.361,-61.495,-56.001,-50.813,-45.93,-39.979,-37.538,-34.944,-34.028,-31.434,-29.756,-27.619,-24.567,-21.21,-20.295,-19.379,-19.074,-18.006,-19.074,-17.701,-17.853,-18.464,-17.243,-12.818,-11.75,-14.649,-19.837,-21.668,-22.431,-22.736,-23.194,-20.142,-17.243,-14.191,-13.123,-11.139,-12.36,-15.564,-20.753,-24.11,-25.636,-27.619,-29.298,-31.129,-34.486,-39.521,-45.167,-50.966,-56.764,-61.495,-65.31,-70.193,-73.702,-77.975,-82.4,-85.604,-87.588,-86.673,-84.841,-81.942,-78.28,-74.465,-70.803,-68.056,-66.378,-65.157,-65.462,-66.378,-66.836,-67.598,-69.735,-70.193,-71.871,-71.718,-68.514,-61.953,-56.307,-50.508,-45.015,-41.353,-40.284,-40.742,-41.505,-41.353,-42.421,-41.047,-40.437,-38.759,-40.132,-42.421,-43.641,-45.32,-47.304,-51.729,-56.307,-61.8,-64.394,-63.631,-64.394,-63.631,-62.41,-58.138,-55.238,-53.56,-51.424,-46.541,-38.759,-31.739,-27.314,-21.516,-17.09,-13.886,-14.344,-14.649,-16.022,-15.717,-14.801,-13.428,-13.581,-15.564,-18.464,-23.804,-27.772,-28.687,-30.061,-27.467,-26.093,-23.957,-20.142,-15.412,-15.87,-21.363,-28.993,-35.554,-42.116,-48.524,-52.492,-53.407,-54.476,-53.102,-51.576,-45.625,-42.116,-40.59,-40.59,-41.047,-43.947,-45.625,-46.083,-47.304,-46.846,-42.421,-38.606,-33.57,-29.45,-23.652,-19.837,-15.717,-12.055,-8.0874,-4.4252,-0.91556,3.9674,8.8504,9.3081,10.987,11.292,14.801,18.159,23.041,25.941,26.551,23.804,21.21,18.616,18.616,20.6,24.415,27.009,32.044,31.892,30.671,27.161,22.584,20.905,22.279,27.314,35.707,42.421,49.287,51.424,50.966,49.287,46.541,43.947,41.81,41.047,41.963,42.268,44.404,47.151,54.933,63.631,73.397,78.89,81.484,84.231,88.351,92.624,99.338,103.92,110.78,114.14,116.58,117.34,114.9,106.36,93.997,83.163,74.618,68.972,66.073,61.647,56.917,53.407,51.271,49.287,46.999,45.473,43.336,41.047,39.979,37.996,38.148,36.164,33.265,27.924,23.041,17.09,12.97,11.902,12.818,16.327,19.684,19.837,21.973,19.99,20.142,23.499,31.129,41.047,53.865,66.836,79.806,90.335,100.25,107.12,115.36,122.68,130.16,132.3,129.55,124.06,121.46,119.94,119.17,118.72,115.97,109.87,102.69,95.981,91.556,86.673,82.4,77.822,75.381,72.024,65.92,58.443,51.576,45.625,42.879,41.2,42.879,43.489,45.93,44.252,40.284,36.012,33.876,32.197,29.908,27.009,23.804,18.616,17.548,14.344,10.224,5.0356,5.9511,6.5615,8.5452,7.9348,9.3081,12.97,17.548,20.295,22.889,24.11,26.246,26.399,30.061,30.824,30.519,28.077,25.788,23.041,19.074,13.581,8.6978,4.5778,1.5259,-1.5259,-4.5778,-9.7659,-14.344,-18.769,-20.6,-24.11,-28.993,-32.807,-35.096,-36.927,-36.622,-36.317,-35.249,-32.197,-27.161,-23.499,-21.21,-19.379,-15.87,-12.97,-8.8504,-4.883,2.1363,7.7822,12.055,17.853,24.567,28.993,34.944,38.759,46.236,51.576,56.764,60.121,63.631,65.615,66.073,63.936,60.274,53.102,47.151,42.879,39.521,32.044,27.009,18.311,11.597,5.1881,1.0681,-2.4415,-7.0193,-12.665,-22.126,-33.418,-45.015,-56.001,-64.394,-73.244,-79.653,-88.656,-97.964,-107.12,-112,-116.89,-116.12,-114.14,-108.49,-101.78,-92.318,-84.231,-70.803,-56.459,-40.284,-26.246,-14.191,-5.6459,1.8311,7.9348,15.259,19.227,20.905,21.821,21.21,16.938,16.48,13.886,12.818,9.3081,5.3407,0.61037,-1.6785,-4.883,-11.597,-20.905,-29.45,-39.979,-52.797,-67.751,-78.585,-89.419,-99.948,-110.32,-114.29,-118.11,-120.09,-122.84,-125.13,-128.03,-129.25,-130.16,-124.36,-119.79,-114.44,-112.16,-109.71,-110.32,-110.78,-111.09,-109.71,-107.58,-104.68,-102.69,-99.338,-100.25,-102.69,-106.05,-106.2,-106.51,-104.68,-105.14,-105.44,-105.29,-101.02,-95.37,-89.572,-84.689,-79.501,-77.67,-74.618,-72.634,-67.904,-61.19,-50.966,-44.862,-39.216,-34.791,-31.129,-28.687,-26.246,-24.567,-20.905,-14.954,-11.139,-10.681,-11.444,-12.513,-12.207,-13.886,-13.581,-13.276,-12.207,-12.207,-10.681,-8.3926,-7.0193,-5.4933,-1.8311,1.3733,8.24,14.191,20.142,27.009,35.707,41.353,49.135,57.527,66.53,75.991,87.893,98.117,111.39,121.77,131.23,136.11,142.06,147.25,151.22,153.05,155.8,157.48,156.87,152.9,148.17,142.06,136.88,128.48,121.92,116.28,112,106.36,97.354,90.335,86.062,79.806,74.618,69.887,70.193,71.566,73.55,70.498,65.767,59.511,54.628,50.813,50.661,51.271,50.203,46.999,45.015,41.658,40.284,38.759,38.759,37.385,36.164,34.333,34.486,35.554,36.47,35.859,38.453,38.606,39.827,37.996,36.164,33.418,30.213,27.161,26.856,25.33,22.431,19.684,17.09,14.039,11.444,5.6459,0.15259,-7.6296,-10.987,-12.513,-11.75,-11.902,-12.97,-16.175,-18.464,-21.973,-25.788,-30.671,-33.265,-35.554,-35.249,-37.843,-38.606,-39.521,-38.606,-35.707,-31.892,-27.467,-24.567,-24.415,-25.025,-25.483,-23.041,-20.6,-19.99,-21.058,-19.837,-17.548,-14.039,-12.055,-10.071,-8.8504,-7.477,-9.4607,-9.9185,-12.055,-12.665,-14.954,-17.853,-22.584,-23.499,-21.973,-21.516,-21.973,-23.957,-24.72,-24.567,-25.025,-25.483,-26.856,-28.993,-31.129,-30.671,-32.044,-32.35,-32.197,-29.908,-24.72,-20.447,-16.327,-13.733,-13.581,-12.36,-13.733,-12.513,-10.834,-6.5615,-5.6459,-6.7141,-9.1556,-12.665,-17.701,-21.973,-24.567,-23.041,-19.99,-16.785,-15.717,-14.191,-18.159,-22.279,-26.399,-31.587,-36.164,-39.674,-41.81,-42.573,-45.93,-47.456,-51.271,-53.407,-55.238,-56.154,-57.833,-57.222,-56.307,-54.628,-54.628,-53.407,-52.187,-48.524,-45.93,-41.047,-37.385,-32.35,-30.213,-28.23,-27.009,-24.415,-22.736,-20.295,-17.548,-14.496,-12.207,-7.6296,-4.4252,0.30519,1.5259,0.61037,-3.2044,-8.5452,-15.564,-24.262,-33.57,-42.268,-51.729,-59.206,-68.209,-72.939,-78.89,-81.942,-84.689,-83.468,-83.621,-83.621,-81.027,-76.601,-72.481,-68.819,-64.089,-56.307,-50.05,-41.047,-33.57,-25.636,-21.363,-17.701,-14.496,-10.834,-8.8504,-8.5452,-7.6296,-4.7304,-2.8993,2.2889,4.7304,8.0874,8.5452,9.4607,7.6296,5.1881,2.4415,3.357,3.2044,4.5778,4.7304,6.7141,5.7985,6.1037,5.0356,5.4933,6.5615,9.1556,10.834,13.581,17.09,20.905,25.33,30.671,31.587,35.859,39.521,44.252,46.388,47.456,47.761,48.067,46.846,46.388,46.999,49.135,50.05,51.118,49.135,48.372,45.473,41.963,37.69,34.486,29.45,23.652,18.616,14.954,9.7659,7.477,4.2726,3.9674,1.5259,0.15259,-3.2044,-5.4933,-9.3081,-13.123,-19.684,-23.347,-26.551,-28.077,-28.84,-25.33,-23.194,-21.516,-22.584,-22.431,-25.025,-27.772,-34.181,-37.843,-40.59,-42.726,-43.489,-43.641,-44.099,-39.979,-36.317,-32.197,-29.756,-25.636,-25.33,-23.652,-24.567,-25.33,-26.551,-27.161,-29.45,-29.45,-30.213,-28.535,-28.84,-29.603,-31.587,-31.281,-29.908,-27.009,-24.873,-21.668,-20.295,-21.363,-24.873,-27.161,-32.655,-37.538,-43.336,-46.693,-51.424,-52.492,-53.56,-52.644,-51.881,-50.661,-51.576,-52.492,-54.781,-55.391,-58.596,-61.037,-64.699,-64.699,-61.19,-56.154,-51.118,-44.252,-37.233,-29.908,-23.194,-16.022,-9.4607,-1.0681,5.3407,13.886,19.074,25.788,31.281,37.233,43.336,50.356,55.696,61.037,65.157,71.871,77.517,84.384,89.724,95.828,98.575,99.948,101.17,101.47,100.25,98.88,98.117,96.896,92.624,86.215,78.127,73.397,67.446,63.478,57.985,52.339,46.388,42.573,38.759,34.333,29.908,28.993,25.483,23.499,21.668,22.126,22.431,25.788,30.519,36.012,40.895,45.625,51.118,58.596,64.699,71.413,77.059,85.91,94.455,104.53,113.53,124.82,135.5,144.05,152.75,160.68,168.16,173.65,180.52,187.54,188.91,190.44,191.35,191.66,189.98,187.69,182.81,178.84,174.87,168.31,161.6,156.71,150.15,144.66,138.86,133.98,128.79,125.43,120.24,114.6,110.17,107.88,104.37,99.948,95.37,94.455,91.098,87.741,80.874,74.923,67.598,63.173,61.953,62.258,64.547,69.43,73.855,77.517,77.822,78.127,79.043,81.332,83.01,84.994,85.91,86.062,86.215,85.299,83.316,83.926,85.757,89.114,93.692,97.659,97.964,99.185,95.523,91.098,86.978,85.452,83.926,82.858,81.79,81.484,78.738,75.838,71.261,67.446,63.326,60.274,56.459,55.391,54.17,51.729,47.304,42.726,40.437,39.979,39.979,41.505,38.453,34.181,27.314,23.041,18.159,12.36,4.883,-3.0519,-12.055,-18.159,-23.041,-26.246,-28.687,-30.061,-31.434,-32.655,-36.012,-39.064,-44.862,-52.339,-59.053,-65.31,-71.108,-73.855,-76.296,-76.907,-80.264,-83.773,-88.656,-92.318,-97.049,-96.438,-95.523,-93.844,-93.844,-92.166,-89.267,-85.91,-85.91,-86.367,-90.793,-93.081,-95.676,-97.049,-97.964,-97.354,-97.964,-99.948,-101.47,-102.54,-103.31,-103.92,-106.2,-106.81,-108.04,-108.34,-109.87,-110.17,-111.09,-112.16,-112.46,-111.39,-107.12,-102.69,-101.32,-101.02,-100.41,-97.812,-98.727,-98.422,-97.964,-96.744,-96.133,-95.676,-96.744,-98.422,-99.796,-101.02,-102.69,-103.61,-104.68,-103.15,-103.76,-103.15,-103.31,-101.47,-99.49,-98.422,-95.981,-93.692,-91.861,-89.572,-84.536,-77.059,-70.956,-62.258,-55.391,-48.524,-43.184,-37.385,-34.639,-33.113,-29.145,-26.399,-24.415,-22.736,-23.194,-23.804,-26.551,-27.467,-27.619,-24.873,-20.753,-13.733,-6.8667,-1.9837,1.5259,5.7985,9.1556,12.207,16.175,21.363,26.399,32.197,35.096,41.505,48.677,56.154,58.443,62.258,67.293,70.04,67.904,63.936,60.732,59.816,55.238,53.102,51.729,53.713,54.933,57.222,56.612,53.713,50.05,48.219,45.473,42.268,37.08,34.486,31.434,29.298,25.025,23.652,21.973,21.516,17.243,12.055,5.6459,0.61037,-3.8148,-5.7985,-8.6978,-10.071,-10.376,-10.681,-12.36,-16.938,-23.804,-27.467,-28.077,-28.23,-26.704,-24.567,-22.736,-21.363,-20.6,-19.99,-20.295,-18.159,-14.191,-7.7822,-2.4415,3.357,10.376,19.837,27.009,32.35,38.301,44.557,51.118,60.121,65.615,72.634,75.076,79.196,81.79,84.231,86.825,90.335,90.182,90.487,89.877,87.13,82.095,76.907,69.887,66.073,61.19,59.511,58.443,57.527,57.68,57.375,54.781,54.17,53.713,52.034,49.135,49.745,48.83,48.372,45.625,44.404,41.353,39.064,36.164,34.639,33.265,35.096,37.538,41.353,45.32,51.881,53.255,53.102,48.067,43.336,36.164,29.756,23.347,17.396,13.123,10.987,9.3081,7.9348,3.8148,2.1363,-0.45778,-2.2889,-3.6622,-5.0356,-10.376,-15.87,-23.194,-28.687,-33.265,-35.859,-38.911,-39.216,-42.116,-45.32,-48.372,-49.135,-52.797,-54.476,-55.238,-56.459,-59.053,-59.969,-56.307,-50.203,-46.236,-43.336,-42.726,-40.895,-40.284,-36.47,-34.486,-30.976,-28.535,-27.161,-26.551,-25.33,-25.025,-25.788,-26.856,-27.314,-26.856,-25.33,-27.924,-31.892,-38.911,-43.947,-48.219,-52.95,-55.696,-56.917,-57.833,-59.206,-60.884,-60.732,-61.342,-61.19,-60.579,-58.443,-56.612,-52.797,-48.83,-45.93,-45.625,-46.236,-44.252,-39.369,-33.723,-28.535,-25.483,-23.499,-23.347,-22.126,-20.905,-17.243,-12.97,-5.3407,3.0519,10.376,16.785,22.584,26.856,33.113,35.707,37.538,35.859,34.028,29.756,28.077,27.924,26.856,26.399,26.551,25.178,24.262,19.99,19.684,21.821,24.72,24.72,25.941,23.804,21.516,19.684,17.701,15.259,12.055,10.834,10.529,8.6978,6.5615,3.8148,3.0519,1.3733,-0.91556,-2.2889,-2.8993,-4.2726,-7.0193,-5.7985,-2.2889,-0,-1.0681,-3.2044,-3.8148,-5.0356,-6.2563,-9.3081,-12.055,-16.327,-21.058,-28.077,-34.944,-40.284,-44.71,-47.456,-50.813,-54.933,-57.375,-60.274,-59.816,-59.511,-58.29,-59.511,-60.427,-61.647,-63.936,-68.819,-73.397,-79.501,-83.621,-87.893,-87.893,-89.267,-88.961,-90.945,-90.793,-92.166,-90.487,-88.198,-84.536,-81.027,-77.364,-75.228,-72.481,-71.108,-68.056,-64.699,-58.443,-53.865,-48.067,-46.083,-45.473,-46.846,-47.609,-48.83,-48.219,-49.135,-48.524,-47.456,-45.473,-45.473,-42.268,-41.505,-38.759,-37.233,-35.249,-37.843,-40.742,-42.726,-44.557,-48.219,-53.407,-60.579,-65.157,-69.582,-71.871,-75.991,-79.501,-83.316,-83.926,-86.062,-88.504,-90.03,-88.809,-89.419,-88.961,-89.419,-88.656,-87.588,-84.841,-83.163,-78.738,-75.838,-73.092,-72.024,-69.735,-68.056,-66.073,-64.852,-61.495,-58.748,-56.459,-56.764,-55.238,-54.476,-52.797,-55.544,-57.833,-59.206,-61.342,-63.478,-63.936,-64.699,-66.683,-68.209,-67.293,-67.904,-66.53,-67.446,-67.141,-69.43,-69.887,-69.582,-67.293,-64.852,-61.8,-57.985,-53.56,-52.187,-49.44,-50.508,-50.356,-52.034,-51.881,-53.56,-53.713,-51.729,-50.508,-49.745,-48.524,-46.541,-44.71,-43.947,-43.031,-43.184,-42.879,-42.116,-41.353,-41.505,-38.911,-37.843,-36.47,-35.707,-33.876,-31.739,-30.519,-29.145,-25.636,-23.499,-19.99,-18.616,-16.022,-14.496,-9.3081,-4.883,-1.9837,-1.6785,-1.0681,-2.7467,-3.2044,-1.5259,0.91556,0.61037,1.6785,3.0519,6.2563,7.7822,9.9185,11.139,14.954,19.074,24.11,26.856,29.908,29.145,28.077,23.804,19.684,12.97,10.224,5.7985,1.8311,0.91556,2.8993,5.4933,9.1556,11.444,16.175,18.616,19.684,15.717,13.428,11.444,11.139,11.292,11.75,9.6133,7.1718,5.1881,5.6459,6.4089,9.1556,10.681,15.717,17.701,22.584,26.856,35.707,43.031,46.541,49.898,52.644,54.018,54.628,55.086,56.764,59.206,63.326,66.073,68.667,67.141,64.699,61.19,56.459,50.356,42.268,33.876,25.636,16.48,10.681,2.7467,-0,-4.5778,-9.1556,-17.396,-24.262,-29.298,-33.418,-38.606,-44.099,-49.135,-50.813,-50.508,-48.677,-50.05,-48.677,-47.456,-43.031,-38.759,-32.96,-26.856,-21.058,-15.87,-11.444,-7.0193,-1.9837,3.5096,11.597,17.396,22.889,24.11,24.72,21.821,18.769,14.496,9.4607,4.2726,-0.30519,-5.3407,-11.139,-20.753,-28.23,-35.401,-40.284,-47.151,-52.034,-59.511,-64.852,-70.65,-74.007,-76.754,-78.738,-81.637,-86.215,-90.182,-91.556,-92.624,-89.114,-86.825,-80.874,-76.601,-69.43,-65.157,-60.884,-59.053,-57.68,-55.391,-51.729,-50.508,-49.135,-49.287,-46.388,-46.693,-45.93,-47.151,-46.999,-47.761,-47.914,-47.914,-47.456,-48.83,-49.135,-54.323,-58.748,-64.547,-66.988,-69.887,-71.566,-74.465,-74.923,-76.449,-79.653,-83.163,-83.926,-84.994,-83.621,-81.484,-76.754,-73.092,-70.956,-69.43,-65.615,-62.41,-60.732,-60.121,-56.764,-54.628,-50.356,-45.473,-41.81,-40.284,-36.927,-33.723,-27.314,-20.295,-10.071,-0.61037,7.3244,15.717,26.704,34.639,40.895,46.999,55.086,63.784,74.465,80.874,84.994,86.367,87.436,88.046,90.487,92.624,94.913,95.676,98.88,100.1,103.61,106.97,111.85,111.7,110.78,110.78,111.55,112.31,115.05,117.5,121.01,124.67,130.01,133.37,139.16,141.45,142.37,140.69,139.93,136.27,133.06,131.08,130.01,127.72,126.8,122.38,117.8,111.55,107.73,100.71,94.15,87.13,80.111,72.176,65.615,59.664,55.391,53.102,52.95,52.034,52.034,50.356,49.745,48.219,47.151,45.32,43.336,42.879,43.184,43.947,44.099,44.862,44.71,42.573,43.489,42.421,42.726,43.184,43.336,44.099,44.71,45.778,46.236,45.778,45.167,45.625,47.456,47.761,49.44,50.356,52.034,54.323,56.917,58.443,59.206,59.816,60.427,60.427,61.19,60.884,61.342,60.121,60.732,60.274,60.121,59.664,59.816,60.884,62.258,63.173,62.41,61.953,63.021,62.563,62.716,59.511,57.375,54.628,53.407,50.356,50.508,49.135,47.914,46.541,45.93,44.404,43.489,41.658,43.489,43.947,46.999,49.287,52.339,53.865,56.154,58.596,61.953,64.241,65.92,68.514,72.024,73.702,75.838,76.449,77.975,76.601,76.754,75.381,75.838,76.296,77.059,77.67,78.585,79.501,81.332,81.79,83.926,83.621,85.91,86.978,89.114,89.724,91.25,91.403,91.861,92.624,94.607,94.607,98.88,100.41,104.83,106.81,108.95,110.32,113.99,117.19,120.4,121.31,124.97,126.65,128.64,129.4,130.92,130.16,130.31,128.94,130.01,127.72,126.96,126.19,126.5,127.11,128.48,128.18,129.86,130.62,132.91,133.82,137.18,139.62,145.42,148.63,151.68,153.81,157.93,162.21,168.16,173.5,180.97,185.71,191.66,196.69,202.64,207.22,214.09,218.67,221.87,222.94,223.55,223.09,222.48,220.95,220.95,218.97,218.67,216.38,214.39,210.27,207.53,204.63,200.05,193.95,188.3,183.11,179.45,175.63,174.11,171.21,169.68,165.72,163.88,161.9,159.92,157.93,156.87,156.41,155.34,154.42,155.19,155.34,155.8,154.42,153.51,152.29,151.68,150.15,149.08,147.1,147.1,146.64,147.56,147.1,148.17,146.34,145.73,142.06,139.62,134.89,131.53,127.41,122.99,117.19,110.78,101.63,94.302,84.384,76.449,68.972,63.631,54.476,48.83,44.862,41.81,37.385,34.791,32.502,32.044,31.281,33.113,34.028,37.996,41.353,44.71,45.93,48.219,52.339,57.07,60.427,62.716,63.478,63.173,62.563,61.953,60.884,62.105,60.579,59.358,57.375,55.696,52.339,47.914,43.336,40.132,36.622,37.385,38.453,41.353,43.336,45.015,43.947,42.573,39.216,37.385,36.622,37.843,40.742,45.015,46.999,48.83,49.898,52.034,52.187,52.95,51.424,49.593,45.93,40.132,33.113,27.924,22.736,20.905,19.99,20.905,17.853,13.581,9.1556,6.7141,4.5778,1.8311,0.30519,-1.3733,-4.883,-8.3926,-14.649,-21.363,-29.603,-33.113,-35.096,-34.791,-32.35,-26.704,-20.295,-16.175,-14.954,-12.97,-9.6133,-6.1037,-8.8504,-9.4607,-8.3926,-3.2044,2.7467,9.003,14.191,16.633,16.022,12.665,9.7659,8.0874,5.3407,3.9674,-0.45778,-4.5778,-10.987,-14.954,-19.379,-26.246,-30.671,-28.077,-28.382,-31.129,-36.012,-40.437,-50.356,-64.699,-82.858,-99.033,-116.43,-133.82,-154.42,-176.24,-193.49,-207.68,-222.02,-235.15,-247.66,-256.05,-264.75,-273.75,-283.67,-291.76,-305.64,-321.97,-340.13,-356.91,-372.63,-383.77,-393.23,-398.42,-402.39,-404.98,-408.95,-413.22,-420.7,-425.58,-428.33,-432.14,-436.72,-443.28,-451.06,-458.08,-464.03,-467.7,-472.88,-475.78,-479.14,-478.84,-478.23,-477.31,-474.11,-468.15,-463.58,-456.56,-452.89,-447.86,-445.27,-442.67,-440.23,-439.16,-441.45,-445.42,-448.16,-449.39,-451.52,-452.89,-456.25,-456.1,-455.03,-453.81,-452.89,-451.52,-450.91,-448.47,-447.55,-445.27,-445.27,-442.37,-439.16,-437.03,-432.91,-426.95,-421.46,-418.1,-414.29,-409.41,-405.9,-398.57,-390.79,-382.24,-375.23,-367.44,-361.49,-357.37,-352.18,-345.47,-338.15,-330.06,-325.63,-321.36,-318.77,-314.04,-308.54,-302.59,-295.88,-290.23,-284.74,-278.18,-272.38,-261.85,-253.46,-245.98,-240.79,-233.16,-228.74,-224.01,-218.97,-214.24,-212.1,-208.9,-204.93,-198.52,-191.35,-183.26,-178.53,-172.12,-167.7,-163.43,-159.92,-153.97,-149.54,-143.74,-138.71,-131.69,-126.8,-118.72,-111.09,-102.24,-94.302,-84.841,-77.517,-69.43,-59.816,-48.067,-36.622,-25.178,-17.548,-8.8504,-3.0519,4.5778,9.4607,16.785,24.567,32.197,40.132,48.372,56.307,63.021,67.904,73.092,75.838,78.89,81.79,86.367,90.64,95.218,99.033,103.61,107.88,112.92,117.34,124.97,130.47,137.03,141.45,148.93,155.19,160.37,164.65,169.68,175.33,181.28,187.84,196.39,203.41,214.39,223.7,233.47,241.25,248.42,253.46,257.12,262,268.41,272.53,277.41,279.4,282.45,284.28,287.48,289.01,293.28,296.79,300.15,301.83,303.81,304.27,304.57,304.12,306.25,307.47,310.98,314.65,319.53,322.73,326.09,330.06,332.65,335.7,339.98,343.79,348.83,352.79,356.46,358.44,362.56,366.83,370.65,373.39,375.23,376.14,377.21,377.06,376.9,374.46,374.46,373.7,373.24,371.26,371.11,371.26,372.17,374.31,376.6,377.97,379.35,379.19,380.57,380.41,381.02,381.18,383.01,383.62,382.4,380.72,379.35,377.36,375.07,372.63,369.27,362.87,356.46,349.59,344.4,337.08,330.97,324.41,317.55,311.14,303.66,295.42,287.64,280.47,274.21,266.73,260.78,252.69,246.44,239.88,235.15,230.57,227.52,224.16,220.65,217.9,218.21,216.68,215.16,212.26,210.12,207.22,205.39,205.39,204.93,205.08,206,205.24,203.41,199.74,196.08,190.44,184.03,175.48,168.31,160.83,151.37,141,133.21,125.89,118.72,110.32,101.47,91.25,81.79,69.735,60.732,51.576,40.895,33.113,26.399,21.21,17.243,11.902,6.1037,1.3733,-0.30519,-5.3407,-11.139,-16.785,-18.921,-21.058,-21.363,-21.21,-20.447,-20.295,-20.905,-23.194,-24.567,-28.535,-31.739,-34.486,-36.317,-40.895,-46.846,-52.339,-55.391,-58.443,-61.495,-66.836,-72.939,-79.501,-80.721,-81.027,-78.585,-78.89,-79.653,-81.179,-80.874,-81.942,-82.247,-84.689,-85.299,-81.942,-76.144,-72.787,-70.498,-68.972,-66.53,-65.004,-63.478,-62.868,-59.969,-58.443,-59.358,-63.784,-66.225,-70.65,-74.465,-81.637,-87.893,-95.065,-99.338,-107.12,-117.5,-129.7,-138.4,-148.17,-160.83,-175.02,-186.32,-201.12,-217.14,-228.43,-234.69,-243.39,-249.34,-249.95,-250.25,-251.93,-251.17,-250.25,-248.27,-244.76,-236.67,-230.87,-223.55,-214.7,-204.17,-195.17,-188.91,-184.33,-183.57,-181.74,-178.23,-173.19,-164.65,-156.56,-142.98,-129.25,-113.83,-101.17,-91.556,-86.673,-81.79,-79.806,-77.364,-73.244,-67.293,-65.157,-65.157,-69.887,-73.702,-79.043,-83.621,-88.351,-92.776,-96.744,-98.727,-104.07,-110.17,-117.19,-125.28,-133.98,-138.71,-142.37,-143.59,-146.64,-148.32,-147.86,-144.05,-139.77,-136.72,-134.89,-135.81,-142.06,-146.64,-149.08,-146.95,-144.35,-139.47,-132.76,-124.82,-116.58,-108.49,-101.63,-95.828,-92.624,-90.64,-89.114,-86.062,-83.163,-80.569,-79.653,-78.28,-74.77,-72.024,-71.413,-72.024,-74.77,-79.043,-83.926,-88.198,-93.692,-97.659,-103.31,-106.66,-111.55,-115.36,-119.33,-120.4,-121.62,-123.75,-126.5,-127.87,-131.23,-132.15,-132.91,-129.86,-127.26,-121.46,-115.67,-107.12,-99.033,-92.929,-87.588,-81.484,-74.923,-68.514,-63.936,-58.748,-56.459,-53.407,-51.729,-49.593,-46.236,-41.963,-39.521,-38.606,-38.453,-38.759,-40.59,-42.116,-45.167,-47.151,-52.492,-56.764,-62.868,-68.972,-73.092,-75.381,-76.754,-76.144,-73.55,-71.413,-69.735,-66.836,-65.157,-63.021,-59.969,-55.849,-52.339,-50.508,-47.456,-42.573,-35.096,-26.551,-19.532,-11.597,-4.7304,4.2726,11.902,21.058,28.993,37.538,45.473,55.086,64.394,74.465,83.621,93.539,100.25,106.51,112,117.34,120.55,125.13,128.94,132.76,135.2,137.33,138.71,139.47,139.16,140.39,141.91,144.81,145.57,147.1,145.88,145.73,145.88,146.49,147.71,150.91,152.75,156.41,157.63,159.15,159.46,161.9,162.66,165.26,167.85,169.99,171.67,173.35,175.02,175.79,174.87,176.09,176.09,177.47,178.69,179.91,179.91,180.67,179.45,178.08,176.4,174.87,172.12,169.84,168.77,169.07,169.53,171.36,171.36,171.06,171.36,173.04,173.96,176.4,178.69,180.67,182.65,184.64,186.01,188.3,189.67,192.57,192.72,194.25,193.64,193.95,193.49,194.1,195.47,195.62,196.08,196.84,197.15,198.22,197.45,197.91,197.3,198.37,198.22,197.61,196.23,194.25,192.42,190.74,188.3,187.08,183.57,180.67,176.7,174.87,173.04,172.43,170.29,168.46,168,167.7,167.24,167.55,166.94,167.39,165.72,165.72,164.04,163.12,161.14,160.53,159.61,158.54,156.25,153.2,151.22,149.69,147.86,146.49,143.89,144.2,143.89,144.81,144.35,145.27,144.81,143.28,140.23,137.64,135.2,133.37,130.92,128.94,126.8,126.35,124.21,124.06,123.14,122.23,121.31,122.38,123.45,124.06,123.6,123.14,121.46,119.94,119.33,119.48,117.8,116.58,115.67,115.36,114.44,111.09,106.97,102.08,97.354,93.387,88.961,87.436,84.689,83.01,78.89,74.465,68.819,63.784,58.596,56.001,54.323,52.644,49.898,48.982,46.388,42.879,36.317,31.434,26.093,21.058,15.87,10.376,4.5778,-0.30519,-3.357,-2.8993,-3.9674,-5.9511,-10.529,-15.564,-22.431,-28.23,-37.538,-44.557,-50.966,-55.238,-58.596,-60.884,-64.241,-66.073,-67.598,-70.345,-77.517,-83.773,-90.64,-95.523,-99.948,-102.54,-106.97,-110.32,-115.51,-124.82,-135.96,-144.2,-150.46,-155.8,-163.27,-168.46,-175.02,-180.21,-189.52,-197.15,-203.56,-207.68,-213.78,-218.36,-222.17,-225.38,-230.57,-233.47,-235.76,-237.74,-242.16,-243.69,-244.61,-241.86,-242.01,-241.55,-241.71,-240.94,-239.42,-236.52,-236.37,-237.59,-239.42,-237.43,-236.67,-233.47,-232.25,-230.11,-231.94,-231.79,-228.58,-221.72,-215.16,-211.19,-209.51,-207.37,-205.08,-202.8,-201.27,-195.17,-190.89,-187.08,-184.18,-180.97,-177.92,-178.69,-184.94,-189.06,-188.3,-179.6,-167.24,-152.29,-142.22,-134.59,-134.89,-137.94,-141.61,-141.45,-136.88,-122.53,-106.2,-92.471,-84.841,-85.452,-96.591,-108.49,-121.31,-133.82,-148.32,-162.82,-181.43,-198.98,-216.99,-236.37,-254.07,-267.19,-277.26,-283.97,-289.32,-292.52,-297.25,-299.39,-299.69,-296.49,-293.89,-291.76,-290.84,-289.32,-289.01,-291.3,-293.28,-294.81,-296.33,-295.27,-292.67,-288.09,-284.89,-281.23,-279.4,-277.41,-274.51,-267.19,-257.73,-248.27,-238.5,-230.11,-221.41,-215.31,-212.71,-209.81,-210.12,-208.14,-206.76,-202.8,-198.98,-196.08,-192.88,-188.45,-185.25,-181.59,-178.23,-172.58,-167.85,-164.65,-163.12,-160.83,-160.22,-160.68,-161.14,-161.14,-159.92,-157.63,-153.97,-150.91,-149.69,-148.01,-149.69,-150.61,-153.97,-157.02,-162.82,-167.24,-172.12,-176.85,-181.28,-184.03,-184.79,-185.25,-185.25,-183.72,-185.09,-186.01,-185.86,-183.42,-181.59,-178.99,-176.7,-174.87,-174.87,-174.72,-175.02,-175.48,-175.33,-173.5,-173.04,-171.51,-171.97,-170.29,-168.46,-166.78,-164.34,-161.44,-160.68,-159.76,-158.24,-156.56,-153.81,-149.54,-147.1,-142.22,-138.86,-133.37,-129.86,-126.04,-123.14,-119.63,-116.12,-111.7,-105.9,-98.727,-92.776,-85.452,-78.738,-69.582,-62.258,-54.17,-48.219,-39.979,-30.976,-21.516,-13.123,-3.8148,5.4933,13.886,22.431,33.418,41.505,50.508,57.375,66.53,73.244,81.179,90.793,101.02,110.93,119.48,124.97,131.99,135.65,139.77,140.54,144.35,147.1,150.3,151.83,153.51,154.88,157.48,158.54,160.37,162.36,164.95,165.72,166.94,168.31,172.73,176.4,180.67,184.18,189.83,194.56,199.59,202.49,205.69,209.36,213.17,217.29,221.72,225.07,229.19,231.33,234.99,236.67,236.98,236.67,236.67,237.13,238.81,240.33,242.47,242.77,243.08,242.77,246.28,248.73,252.08,253.15,257.58,259.25,260.78,262.31,264.75,267.8,272.23,276.8,281.38,281.23,280.31,277.87,278.02,276.8,276.19,274.06,272.23,270.24,266.88,261.85,256.51,251.47,252.24,253.76,253.76,250.86,249.34,245.83,241.55,236.98,232.86,228.58,224.62,221.87,220.5,219.43,220.95,221.11,220.65,218.51,218.97,218.36,216.38,213.48,210.12,205.08,202.49,198.98,195.62,192.42,191.81,190.74,189.83,185.86,180.82,174.41,169.53,164.19,158.54,150.3,143.13,137.03,134.59,132.6,130.92,128.64,130.16,129.4,127.41,123.14,119.79,115.05,112.61,110.02,107.43,103.92,101.17,98.422,97.354,95.218,95.676,94.302,92.166,89.267,86.673,83.773,81.484,78.127,73.55,67.293,64.699,59.358,56.154,51.881,49.745,46.388,44.099,38.759,31.892,24.873,18.769,10.834,6.4089,1.2207,-3.2044,-7.477,-9.9185,-11.75,-12.36,-15.259,-19.074,-23.194,-25.33,-27.009,-29.145,-32.502,-35.096,-39.064,-42.573,-46.846,-49.287,-50.508,-50.508,-54.476,-57.527,-60.274,-64.547,-67.598,-69.735,-73.092,-75.381,-75.381,-74.77,-73.855,-70.65,-67.446,-63.021,-61.19,-58.596,-56.612,-55.544,-56.459,-59.511,-64.547,-68.819,-73.55,-76.296,-82.4,-88.046,-95.065,-98.575,-104.22,-107.43,-111.85,-114.75,-118.41,-120.55,-123.29,-125.13,-127.41,-127.57,-132.15,-136.88,-143.13,-146.49,-152.75,-157.48,-162.97,-168.31,-175.79,-182.2,-187.54,-190.59,-192.27,-189.67,-188.3,-184.64,-178.99,-170.75,-167.55,-166.78,-168.16,-170.6,-171.82,-170.14,-166.94,-162.82,-160.22,-153.66,-146.79,-141.3,-139.47,-138.86,-139.93,-139.93,-138.86,-133.98,-127.41,-120.7,-114.29,-106.66,-102.69,-99.338,-98.575,-95.981,-99.49,-106.97,-117.04,-123.75,-130.01,-136.88,-146.18,-157.02,-167.24,-172.89,-178.84,-183.42,-191.2,-195.78,-203.1,-208.75,-212.71,-211.49,-207.22,-200.66,-197.15,-196.39,-197.45,-200.2,-203.41,-206.76,-209.66,-210.12,-209.36,-204.93,-202.49,-197.91,-192.11,-184.03,-174.11,-165.41,-157.93,-150.61,-145.88,-138.55,-133.37,-127.41,-123.75,-116.73,-106.81,-94.913,-86.215,-78.433,-71.718,-66.836,-65.462,-66.683,-71.566,-74.618,-78.433,-79.348,-80.874,-81.637,-85.452,-90.487,-95.828,-100.25,-106.36,-111.09,-117.19,-119.02,-115.82,-102.85,-90.182,-77.67,-71.871,-70.04,-72.787,-76.601,-80.416,-82.095,-84.231,-84.231,-83.621,-79.653,-77.059,-72.176,-70.803,-68.667,-68.667,-65.615,-62.258,-58.901,-55.849,-49.898,-45.015,-38.606,-33.57,-27.772,-24.873,-22.126,-22.584,-17.548,-12.665,-5.6459,0.76296,5.1881,9.4607,12.97,13.428,11.75,7.6296,4.7304,3.2044,4.883,5.3407,8.6978,10.376,11.902,12.36,12.207,12.207,11.902,9.9185,10.224,6.2563,2.4415,-2.4415,-3.9674,-7.9348,-9.9185,-12.513,-15.564,-19.837,-22.584,-23.804,-24.873,-27.009,-27.619,-31.739,-36.47,-43.336,-47.609,-53.865,-57.833,-61.19,-63.631,-65.157,-63.784,-62.716,-61.342,-61.647,-61.342,-61.953,-62.41,-64.852,-63.936,-62.105,-55.849,-47.151,-37.996,-26.856,-14.191,-5.6459,1.8311,6.8667,12.055,13.581,17.396,19.532,25.788,30.976,38.148,43.794,49.593,52.187,55.696,58.443,63.173,64.852,66.225,67.598,72.939,77.975,86.52,92.776,97.201,100.1,101.47,104.53,106.66,107.88,109.1,108.19,109.41,109.56,109.41,109.56,112.92,116.89,122.68,124.06,123.6,118.56,111.85,104.37,98.422,91.861,87.283,83.468,84.384,87.741,93.081,95.676,97.812,99.033,99.948,98.422,95.676,91.708,88.656,83.316,80.111,75.991,76.754,75.686,75.838,75.838,74.16,69.43,65.004,59.816,55.086,50.813,50.966,50.05,51.881,53.102,54.476,52.95,51.576,47.761,45.625,44.404,46.236,47.609,49.745,48.982,51.424,54.476,57.07,55.696,52.644,50.966,51.424,53.102,58.901,65.615,70.04,70.193,71.718,70.65,69.735,66.378,61.647,55.086,48.982,41.353,34.028,25.025,19.837,19.227,21.058,24.873,31.892,35.707,39.216,37.233,31.129,22.431,12.818,3.8148,-4.883,-13.123,-19.684,-25.636,-31.281,-38.911,-46.999,-57.222,-61.953,-68.056,-68.667,-68.361,-68.667,-70.345,-70.498,-71.108,-70.345,-70.956,-70.65,-72.787,-72.939,-75.076,-77.212,-82.858,-86.367,-90.182,-94.607,-97.964,-99.643,-102.69,-106.97,-110.48,-112.77,-116.89,-118.87,-121.16,-121.77,-124.82,-126.19,-126.35,-123.45,-119.94,-115.67,-112.61,-110.02,-109.1,-105.59,-103.61,-100.56,-100.1,-95.981,-92.318,-87.588,-81.637,-76.449,-75.686,-74.313,-73.397,-71.108,-71.566,-69.735,-69.735,-68.667,-70.65,-71.718,-72.329,-72.481,-73.397,-73.55,-73.55,-72.634,-74.313,-74.313,-76.296,-76.144,-76.601,-75.228,-76.449,-75.228,-74.16,-72.024,-70.193,-67.141,-65.157,-62.105,-60.121,-57.07,-55.544,-51.424,-48.067,-43.031,-38.301,-32.197,-27.314,-22.279,-18.006,-12.665,-5.9511,0.30519,4.883,10.224,13.886,20.905,26.093,34.791,42.116,51.424,59.664,67.598,73.244,79.348,84.078,88.198,90.64,93.539,93.234,94.455,92.929,92.471,92.776,94.76,96.896,100.71,104.07,108.49,110.17,112.31,114.14,119.79,123.91,130.01,134.89,140.69,143.89,148.47,154.73,162.82,169.53,176.7,184.48,193.79,202.19,212.1,219.58,227.97,232.25,237.59,240.03,243.69,246.74,249.18,249.95,251.47,253.3,256.05,256.66,258.64,256.97,256.51,253.46,248.73,242.77,239.88,238.65,236.06,232.55,229.19,225.38,222.48,218.36,216.83,215,215.46,213.32,213.17,212.26,213.48,213.48,213.17,212.71,213.93,214.39,215.31,215.31,217.6,219.28,222.79,225.53,228.13,228.74,230.41,232.55,234.53,236.21,238.35,241.1,243.08,241.4,240.33,238.2,238.65,237.89,238.2,238.2,237.74,237.89,237.89,235.6,233.77,230.72,228.58,225.23,221.11,215.16,210.88,204.63,198.68,191.2,184.79,179.3,173.96,167.7,160.37,153.05,146.95,140.54,138.4,135.96,135.35,134.43,135.2,132.45,131.53,131.23,132.15,131.69,132.6,134.43,137.79,138.86,139.16,137.18,135.96,133.52,132.6,130.31,127.72,122.99,118.41,115.05,111.24,105.29,97.812,88.351,81.942,73.702,65.157,58.138,53.713,48.067,44.71,39.827,32.96,25.483,19.379,16.938,17.243,18.159,20.295,21.21,24.415,23.957,23.347,23.194,23.652,23.041,20.295,15.107,10.376,5.0356,1.2207,-3.8148,-4.883,-7.6296,-10.224,-11.292,-11.902,-12.36,-12.207,-11.902,-13.276,-15.259,-15.87,-18.769,-20.295,-24.72,-27.161,-30.824,-32.197,-31.129,-29.908,-30.671,-35.249,-38.606,-39.216,-43.184,-48.982,-55.086,-57.68,-60.427,-58.443,-56.612,-56.154,-56.307,-59.206,-64.852,-70.65,-79.653,-89.267,-101.02,-110.02,-116.73,-120.55,-123.91,-126.19,-125.89,-126.35,-129.4,-131.69,-134.13,-135.96,-139.47,-140.69,-143.44,-142.06,-140.84,-139.32,-139.62,-139.77,-141.3,-139.62,-138.55,-135.96,-133.82,-131.69,-131.84,-132.6,-133.98,-136.27,-138.71,-139.77,-143.59,-147.86,-152.13,-151.68,-151.07,-151.07,-155.49,-158.85,-164.34,-170.6,-177.31,-184.33,-189.83,-193.64,-195.93,-195.78,-196.69,-194.71,-192.27,-190.59,-192.11,-195.01,-198.83,-202.49,-206.61,-208.9,-206.61,-202.19,-199.59,-200.35,-207.22,-215.16,-222.17,-225.84,-226.75,-224.77,-220.8,-214.24,-206.61,-203.71,-204.32,-205.08,-209.05,-210.12,-208.29,-201.27,-191.35,-177.92,-163.88,-152.44,-144.2,-138.71,-134.43,-123.75,-108.34,-88.504,-66.988,-42.726,-28.993,-25.941,-32.96,-35.554,-29.298,-14.649,1.6785,20.295,29.45,25.33,6.7141,-9.3081,-4.883,26.246,71.261,118.41,154.12,171.51,169.68,159.61,149.54,147.56,147.86,150,149.24,147.1,140.69,132.45,118.87,104.07,91.098,79.653,71.566,65.004,54.018,39.827,23.194,7.0193,-11.292,-28.535,-43.947,-57.07,-68.819,-77.975,-88.198,-98.27,-107.27,-113.83,-119.79,-125.58,-133.21,-138.1,-142.22,-143.59,-144.51,-145.42,-147.56,-146.79,-146.64,-142.83,-138.1,-132.3,-126.96,-120.55,-113.99,-107.12,-100.56,-93.387,-87.893,-81.332,-75.838,-67.751,-59.206,-49.593,-40.742,-33.113,-26.093,-16.022,-6.2563,3.5096,11.597,20.905,28.535,39.064,48.219,57.222,65.615,74.923,84.384,93.844,102.69,113.22,121.62,132.76,142.98,153.2,163.12,172.73,183.26,193.03,201.12,210.27,216.83,224.46,231.79,240.94,248.27,255.59,262.92,270.85,277.72,285.96,292.52,299.84,306.71,313.27,319.38,325.63,332.04,338.6,343.49,348.06,351.27,354.47,357.37,359.2,361.49,364.85,367.75,372.17,374.92,379.04,381.33,384.84,388.2,391.4,393.84,396.89,399.33,403.15,405.29,406.81,406.51,404.98,402.84,400.56,397.5,394.76,391.71,389.57,386.06,383.47,379.04,377.51,375.84,375.53,375.68,375.23,374.77,375.99,376.29,377.21,375.99,374.77,370.19,364.39,358.13,352.03,347.15,344.1,340.89,337.99,335.7,335.25,332.96,331.28,327.77,324.56,321.82,317.55,312.36,306.56,300,293.74,287.94,283.82,279.55,276.65,271.61,268.87,265.51,263.37,261.39,258.8,255.29,251.78,249.18,247.51,244.45,242.93,240.64,239.42,236.82,234.69,231.94,229.65,226.75,223.55,221.41,219.43,219.12,218.67,216.22,214.24,210.12,206.31,202.49,199.59,194.86,191.2,185.86,179.3,173.19,169.84,166.63,163.88,160.22,158.54,155.49,153.51,150.46,147.71,145.12,143.28,142.22,141.3,138.71,136.11,133.52,130.47,127.87,127.41,125.28,124.52,123.45,123.91,121.46,118.87,115.97,113.38,111.24,109.71,106.66,104.22,101.47,97.659,92.166,86.367,78.738,71.871,64.241,57.222,49.593,41.963,34.028,25.941,17.548,10.987,4.12,-1.0681,-5.1881,-6.7141,-9.4607,-11.597,-15.564,-18.464,-20.447,-21.516,-23.499,-23.652,-23.194,-22.279,-23.194,-22.431,-22.736,-21.058,-18.006,-14.039,-10.071,-4.883,-0.15259,4.12,7.7822,11.597,13.733,14.649,12.36,10.834,9.9185,11.292,9.6133,9.1556,9.9185,11.597,13.581,14.954,15.412,17.701,18.769,19.532,17.853,16.633,12.97,9.9185,4.7304,0.76296,-0.30519,-1.2207,-3.8148,-6.7141,-10.681,-13.123,-18.006,-23.041,-30.213,-34.486,-38.606,-43.184,-47.609,-51.271,-54.17,-56.307,-62.105,-68.819,-78.28,-87.436,-97.201,-105.59,-112.77,-117.8,-122.53,-128.03,-134.74,-142.83,-151.37,-158.39,-165.87,-171.51,-178.69,-184.64,-193.64,-202.95,-214.55,-224.16,-232.4,-242.01,-252.39,-260.48,-270.7,-279.24,-289.93,-298.47,-309.15,-318.16,-327.62,-333.26,-339.52,-344.55,-349.59,-352.03,-353.86,-354.32,-358.13,-359.97,-363.02,-364.24,-363.78,-363.78,-364.24,-365.92,-371.56,-374.61,-377.67,-377.06,-377.21,-375.84,-374.31,-372.63,-372.33,-372.17,-374.16,-372.94,-371.56,-369.58,-373.85,-380.11,-389.72,-398.57,-407.73,-415.66,-424.51,-433.82,-441.76,-446.79,-456.4,-466.17,-481.12,-493.79,-504.78,-514.69,-523.09,-527.82,-524,-503.56,-469.99,-426.65,-386.97,-352.95,-332.35,-327.92,-339.06,-351.42,-362.25,-372.17,-384.99,-395.67,-404.37,-415.97,-431.99,-449.54,-468.31,-481.58,-490.74,-496.08,-499.59,-498.21,-491.35,-486.01,-483.11,-477,-473.34,-468,-459,-441.3,-423.44,-404.98,-387.13,-369.43,-354.47,-342.88,-333.41,-325.17,-315.41,-307.17,-299.39,-287.18,-276.65,-266.43,-258.95,-250.86,-241.71,-235.3,-228.74,-220.04,-207.68,-197.3,-188.15,-181.13,-180.52,-179.45,-178.08,-172.89,-167.85,-163.73,-163.12,-164.49,-165.41,-166.63,-168.77,-172.43,-179.14,-187.69,-196.39,-201.88,-207.22,-209.81,-211.34,-214.09,-218.36,-224.31,-231.94,-241.55,-252.85,-263.53,-274.67,-283.67,-292.52,-298.93,-305.19,-311.59,-318,-327.31,-338.91,-350.81,-360.42,-368.36,-375.07,-381.18,-387.28,-390.94,-395.06,-398.11,-400.1,-401.47,-402.39,-402.23,-401.01,-399.18,-396.59,-392.16,-387.74,-381.18,-375.07,-369.73,-364.54,-358.44,-352.95,-348.67,-343.33,-338.45,-333.11,-327.92,-323.5,-319.22,-317.7,-317.39,-317.24,-313.88,-311.44,-308.24,-303.81,-296.64,-286.72,-274.97,-260.63,-245.22,-231.03,-215.92,-201.88,-188.45,-178.38,-169.84,-161.29,-152.9,-144.51,-135.81,-126.96,-119.48,-112.77,-105.44,-100.25,-94.607,-89.267,-83.621,-77.517,-71.108,-65.157,-58.138,-51.424,-44.862,-38.301,-30.519,-23.347,-15.412,-8.3926,-0.15259,8.8504,18.311,28.84,38.911,49.135,60.427,72.787,87.13,100.71,114.6,127.26,140.39,155.19,169.07,182.65,197.45,212.87,227.52,241.71,256.97,270.55,283.97,296.49,309.92,323.65,338.91,352.79,366.99,379.65,392.93,404.37,415.97,422.99,432.6,439.92,451.37,461.59,472.88,482.8,493.03,502.03,509.2,513.17,518.51,522.02,528.89,533.16,538.65,540.79,544.15,545.82,546.28,547.2,548.42,549.94,552.39,553.91,555.89,555.59,556.51,555.28,555.28,552.23,551.77,552.39,555.44,557.73,559.71,560.93,561.24,559.4,559.86,558.95,560.93,562.46,562.61,562.3,562,560.78,558.79,557.42,556.51,554.06,553.15,551.47,551.32,548.57,547.2,544.45,542.01,537.74,532.55,525.99,519.58,513.32,507.83,501.57,497.3,491.04,484.63,478.38,472.58,464.95,455.18,446.03,436.57,428.33,421.77,417.04,412.92,406.51,402.84,397.2,392.62,388.65,387.43,386.52,383.92,381.79,378.28,372.48,365.92,357.98,350.96,343.94,339.21,332.65,327.16,318.92,309.76,299.69,290.08,281.38,274.67,269.33,264.44,258.19,252.08,244,236.06,226.14,219.73,214.85,210.58,204.32,198.68,189.98,182.81,176.55,173.96,168.61,163.88,155.95,151.52,146.95,144.51,140.84,137.33,134.74,132.76,129.09,126.04,122.23,119.02,113.68,108.95,103.61,99.338,94.607,90.487,87.436,83.316,76.601,71.871,65.157,60.121,54.628,51.118,47.304,45.167,43.184,40.437,37.233,34.486,31.129,26.856,21.058,17.09,13.886,13.123,12.055,13.428,14.496,16.48,17.243,16.938,16.48,16.48,15.107,14.039,10.681,10.681,7.7822,6.2563,3.5096,1.5259,-1.5259,-5.7985,-10.834,-15.259,-22.279,-29.603,-37.843,-40.895,-44.099,-44.862,-49.44,-52.797,-56.764,-61.037,-63.784,-66.53,-69.43,-70.04,-74.77,-78.738,-84.994,-87.588,-91.708,-93.387,-96.286,-99.033,-102.85,-105.75,-109.56,-113.53,-117.04,-119.63,-123.6,-125.74,-128.79,-131.53,-133.82,-136.27,-140.23,-144.35,-149.54,-154.12,-158.24,-160.22,-163.12,-163.88,-164.65,-164.8,-167.24,-167.24,-169.38,-167.55,-166.63,-165.87,-166.17,-166.33,-168.61,-171.51,-174.57,-175.79,-177.16,-176.4,-175.94,-174.41,-174.87,-173.04,-172.28,-171.06,-169.99,-169.84,-171.67,-173.8,-175.79,-174.72,-177.47,-179.75,-185.4,-189.83,-194.1,-197.45,-201.27,-206.76,-213.32,-217.6,-220.95,-224.16,-227.21,-229.19,-232.09,-232.7,-234.08,-233.16,-233.31,-235.6,-239.27,-243.23,-245.67,-247.81,-249.64,-249.79,-251.17,-249.64,-248.88,-247.66,-251.17,-251.63,-251.63,-250.56,-249.18,-245.83,-242.01,-235.6,-232.7,-228.58,-227.67,-226.29,-228.43,-226.14,-222.94,-217.75,-213.48,-206.31,-200.51,-196.39,-193.64,-192.11,-192.88,-191.5,-191.5,-192.11,-190.89,-183.42,-173.04,-158.85,-146.34,-138.71,-132.91,-128.64,-127.87,-129.55,-131.23,-128.94,-124.21,-117.95,-120.7,-128.18,-141.45,-160.37,-181.13,-202.34,-222.33,-238.04,-251.17,-258.19,-266.58,-271.77,-276.19,-277.87,-279.55,-277.41,-275.58,-271.31,-264.6,-257.42,-249.34,-236.82,-223.4,-207.53,-191.5,-175.94,-166.17,-154.12,-142.67,-133.37,-127.26,-122.07,-117.5,-112.61,-108.04,-103.61,-98.575,-91.098,-87.13,-80.569,-72.024,-66.836,-67.598,-71.108,-75.076,-77.364,-79.348,-79.806,-81.179,-80.569,-81.637,-82.858,-84.384,-88.046,-92.929,-96.896,-101.02,-103.76,-108.34,-111.39,-117.19,-120.85,-125.89,-131.84,-139.77,-144.81,-150,-153.81,-159.46,-164.95,-172.89,-181.43,-192.42,-203.56,-214.85,-225.99,-238.04,-248.88,-260.17,-269.78,-280.16,-287.48,-295.42,-298.47,-301.98,-303.05,-305.8,-306.41,-307.93,-309.92,-311.9,-314.19,-318.46,-321.36,-324.41,-326.09,-330.06,-332.19,-334.79,-334.03,-333.26,-331.74,-329.14,-325.79,-322.89,-319.83,-316.48,-311.75,-310.37,-306.25,-302.9,-296.95,-291.6,-284.59,-278.18,-272.23,-267.8,-261.7,-253.91,-245.52,-236.37,-225.53,-215.77,-204.32,-195.01,-185.86,-177.47,-168,-158.85,-148.78,-138.86,-129.25,-118.87,-106.05,-93.387,-81.027,-68.361,-54.476,-42.726,-29.908,-20.295,-8.8504,1.5259,12.818,24.72,36.775,47.151,57.07,66.225,74.923,83.468,94.455,103.76,114.14,123.75,134.13,143.89,154.12,162.66,171.51,181.59,191.05,199.29,208.44,217.75,228.13,235.91,245.67,253.76,261.85,269.94,278.18,284.59,291.15,297.25,302.59,307.32,313.27,318,322.73,325.63,330.21,332.35,335.09,337.69,341.96,345.32,348.22,352.18,357.52,361.8,365.61,366.83,366.99,364.7,363.32,359.97,358.29,356.61,355.39,354.93,353.86,351.73,349.74,347.61,347.76,347.15,347.76,346.84,347.3,347.61,349.28,350.51,350.66,350.35,349.44,349.74,351.42,354.17,358.13,360.58,366.07,369.12,373.24,376.6,380.72,383.62,385.6,387.59,390.64,394.45,397.96,401.32,406.51,408.34,409.25,407.73,407.12,404.98,404.68,404.98,402.84,401.32,399.79,398.27,397.66,396.28,397.2,396.89,398.88,398.57,398.27,397.2,394.91,392.77,393.38,393.84,393.23,392.47,393.23,392.47,392.93,390.94,389.87,387.28,386.67,388.04,389.72,390.33,391.09,392.47,395.21,395.37,395.52,393.54,392.01,389.42,386.82,383.47,379.96,376.14,371.87,366.53,363.93,359.97,355.69,349.89,344.86,337.69,332.19,326.85,319.83,310.83,301.22,292.83,284.59,275.12,267.04,257.88,250.1,242.16,238.04,232.25,225.38,218.97,214.24,209.51,204.32,200.05,196.39,193.03,190.59,186.32,182.81,177.31,172.73,166.78,163.12,160.68,158.09,155.95,154.27,151.68,148.17,142.52,138.55,133.37,129.4,124.97,123.45,120.09,117.95,113.83,110.17,107.73,106.36,104.37,103,101.78,99.796,96.591,92.624,86.367,81.79,76.907,72.176,65.92,61.19,59.053,58.443,57.07,55.086,52.492,50.508,44.862,38.453,27.161,16.938,8.0874,2.1363,-2.7467,-8.24,-15.717,-23.347,-31.739,-40.437,-49.287,-57.527,-64.394,-68.972,-75.838,-82.553,-90.335,-95.218,-102.08,-109.87,-117.8,-124.97,-131.99,-137.94,-144.81,-150.61,-157.32,-163.27,-170.9,-176.09,-181.43,-183.26,-186.62,-184.94,-183.57,-183.72,-186.16,-189.06,-193.03,-194.71,-195.32,-196.23,-198.68,-200.05,-200.96,-199.9,-200.51,-200.51,-200.51,-202.19,-204.32,-207.53,-210.73,-212.56,-215.16,-213.63,-211.19,-207.22,-204.47,-198.83,-193.95,-189.21,-185.55,-183.57,-183.11,-182.5,-183.87,-184.33,-185.4,-186.16,-189.83,-192.42,-197,-198.07,-200.66,-204.78,-211.19,-215.92,-221.72,-225.23,-228.43,-228.89,-229.35,-228.58,-229.96,-228.28,-228.13,-227.67,-230.41,-230.41,-232.4,-234.38,-236.52,-237.28,-238.96,-241.55,-246.59,-247.66,-251.01,-252.24,-256.05,-258.34,-262.76,-265.05,-267.04,-267.19,-266.73,-266.88,-265.66,-261.54,-257.12,-250.86,-245.52,-238.81,-236.98,-234.38,-233.31,-230.26,-227.82,-223.4,-218.97,-215.92,-214.7,-213.17,-213.48,-212.56,-214.09,-212.87,-209.2,-198.68,-183.87,-161.75,-136.88,-115.97,-103.46,-99.338,-100.41,-102.69,-98.422,-88.961,-79.501,-63.326,-47.304,-38.148,-48.219,-74.77,-104.83,-128.64,-151.07,-172.28,-195.32,-224.31,-260.32,-294.05,-323.5,-342.88,-355.69,-362.25,-371.87,-386.52,-404.07,-415.97,-420.09,-419.48,-414.9,-407.73,-399.03,-392.77,-391.4,-387.89,-386.67,-387.74,-393.08,-397.2,-399.33,-397.66,-392.77,-384.69,-378.73,-376.45,-375.84,-373.09,-368.51,-361.34,-353.4,-342.57,-335.4,-332.19,-331.28,-329.45,-328.38,-327.01,-324.11,-316.78,-303.96,-287.79,-278.02,-269.17,-266.88,-272.38,-285.2,-297.1,-307.32,-317.39,-327.01,-332.65,-335.7,-337.69,-337.69,-334.33,-338.3,-347.91,-361.34,-366.37,-364.54,-360.42,-357.68,-352.34,-347.45,-343.79,-341.65,-343.64,-349.59,-355.69,-364.39,-372.63,-381.33,-389.26,-395.83,-398.42,-398.88,-392.62,-379.5,-367.14,-359.81,-356.15,-356,-356.91,-361.19,-368.66,-379.04,-386.82,-396.28,-404.98,-411.08,-416.27,-421.61,-426.8,-430.62,-429.09,-426.8,-422.99,-419.63,-415.2,-411.69,-406.66,-400.71,-396.44,-392.47,-387.43,-382.85,-376.29,-368.82,-360.27,-351.88,-340.89,-330.97,-320.29,-309.46,-297.25,-285.35,-273.75,-260.93,-247.35,-234.99,-222.02,-209.97,-197.15,-185.4,-172.58,-160.37,-147.86,-135.2,-121.92,-109.41,-96.591,-83.163,-68.667,-55.544,-41.963,-30.061,-17.09,-5.0356,8.6978,23.194,37.843,52.339,66.53,79.958,91.861,104.22,118.56,130.31,141.91,154.12,167.7,177.92,188.15,199.29,211.95,223.7,235.91,246.89,259.25,269.33,280.01,287.79,295.72,298.93,301.52,300.91,298.32,291.91,286.72,281.84,277.11,270.55,267.65,265.66,265.36,261.7,260.02,258.03,255.75,253.61,251.17,245.98,241.4,236.98,234.53,230.57,228.43,223.55,222.48,221.56,221.72,224.01,226.45,229.65,236.37,244.61,252.69,259.71,268.11,274.67,283.67,291.6,298.47,303.81,309.15,313.43,317.55,319.68,321.36,323.5,326.7,329.45,334.79,339.37,345.01,345.93,348.06,349.44,351.42,353.71,355.69,357.98,362.1,364.54,367.75,370.65,375.38,377.97,382.4,385.6,389.42,393.08,397.2,399.79,402.69,408.19,413.83,420.09,426.8,429.85,435.19,441.15,448.93,456.4,463.88,469.37,473.19,475.94,478.23,480.51,485.09,489.67,496.23,500.2,506,509.51,512.71,512.86,512.56,511.18,509.35,506.15,502.79,498.21,493.03,486.31,481.58,477.46,474.72,469.07,463.12,454.42,445.57,436.87,427.41,417.49,408.95,397.96,388.35,378.28,368.82,356.91,345.32,332.35,319.22,305.95,291.91,278.18,265.82,257.42,251.01,244.91,239.42,231.18,223.24,213.17,202.8,191.35,180.67,168.61,158.7,149.08,141.3,131.69,122.68,112.16,104.07,95.37,88.198,80.111,73.397,65.615,56.001,46.846,39.674,31.587,25.788,17.548,11.139,2.5941,-4.7304,-12.97,-20.447,-28.23,-37.69,-46.846,-54.476,-62.41,-69.277,-78.127,-84.689,-92.471,-96.133,-101.32,-104.22,-107.88,-110.63,-111.09,-110.78,-109.71,-106.97,-106.97,-106.81,-110.02,-111.85,-113.22,-113.53,-113.68,-114.44,-115.67,-115.82,-116.28,-116.58,-116.43,-114.9,-113.68,-111.85,-110.63,-109.87,-107.73,-105.9,-104.07,-102.24,-101.32,-100.71,-101.17,-100.25,-101.47,-101.02,-101.02,-99.643,-97.049,-92.929,-89.267,-85.452,-81.79,-77.67,-74.313,-70.345,-67.141,-63.784,-63.326,-61.19,-58.443,-56.001,-54.17,-52.797,-52.339,-51.424,-51.729,-52.492,-54.628,-55.544,-56.612,-57.527,-59.206,-60.884,-63.478,-66.225,-68.819,-69.735,-72.329,-74.007,-75.991,-75.381,-75.381,-73.55,-72.176,-71.718,-70.956,-70.345,-69.277,-66.073,-65.157,-63.478,-63.326,-61.037,-58.596,-55.849,-53.865,-51.271,-49.135,-46.693,-45.625,-44.557,-44.862,-43.641,-43.489,-42.573,-42.268,-42.421,-41.505,-40.895,-37.538,-33.57,-30.519,-26.246,-23.652,-19.227,-16.327,-13.581,-10.834,-7.477,-5.3407,-3.357,-2.5941,-0.45778,-0.76296,-0.91556,-2.4415,-3.357,-5.6459,-7.1718,-7.3244,-8.8504,-10.834,-11.75,-13.733,-16.175,-19.684,-20.905,-24.262,-26.399,-29.145,-31.129,-32.807,-33.57,-34.486,-36.317,-37.996,-38.911,-40.895,-39.979,-40.132,-39.064,-38.911,-39.216,-39.521,-39.216,-39.979,-39.521,-40.284,-38.759,-38.759,-36.622,-36.317,-34.791,-33.113,-31.434,-29.45,-27.619,-27.314,-27.161,-28.535,-28.23,-29.145,-27.924,-30.366,-32.35,-35.707,-38.148,-41.505,-45.167,-52.187,-58.443,-64.089,-67.598,-73.55,-78.738,-85.604,-91.708,-101.32,-112.77,-126.19,-140.23,-154.58,-166.02,-176.09,-181.43,-187.69,-189.52,-192.27,-194.4,-197.15,-201.57,-203.41,-201.88,-197.3,-192.57,-189.06,-184.03,-181.13,-178.84,-180.52,-182.65,-185.71,-185.25,-182.35,-180.82,-180.67,-180.52,-183.72,-184.94,-188.15,-188.15,-188.15,-184.64,-180.36,-175.94,-175.33,-177.47,-184.64,-191.66,-195.78,-196.54,-194.4,-189.98,-187.69,-182.96,-181.43,-179.14,-180.06,-182.81,-182.96,-180.36,-177.47,-173.35,-169.53,-166.02,-166.94,-165.87,-164.8,-163.58,-162.66,-162.97,-167.09,-173.8,-182.5,-186.77,-189.98,-187.23,-189.83,-195.01,-200.81,-202.34,-206,-204.93,-202.49,-197.76,-193.79,-188.3,-184.94,-176.4,-170.6,-165.26,-161.75,-155.95,-152.13,-149.24,-148.78,-146.79,-144.51,-140.08,-134.59,-128.03,-124.36,-119.63,-115.97,-113.53,-110.93,-111.24,-114.14,-116.43,-121.01,-124.21,-127.11,-126.19,-124.97,-126.04,-129.7,-131.38,-135.96,-143.59,-151.83,-156.25,-162.97,-168.16,-175.18,-178.69,-182.65,-185.25,-187.38,-191.2,-195.32,-198.37,-204.93,-208.75,-213.78,-215.61,-218.67,-220.04,-220.95,-221.41,-222.48,-222.02,-221.87,-221.26,-221.11,-219.28,-218.36,-214.85,-212.26,-207.98,-204.32,-200.81,-199.13,-198.52,-196.69,-195.01,-193.33,-189.21,-187.99,-185.25,-183.72,-181.59,-182.2,-182.96,-185.4,-186.32,-185.71,-184.79,-184.79,-182.2,-179.6,-177.16,-177.77,-176.55,-175.18,-174.87,-174.87,-175.02,-177.01,-177.31,-178.23,-179.45,-181.43,-179.75,-179.14,-177.92,-177.47,-176.4,-177.47,-178.23,-179.6,-179.91,-181.74,-180.36,-181.13,-179.14,-178.38,-176.09,-175.48,-176.55,-178.84,-177.92,-177.47,-176.09,-175.33,-171.51,-168.92,-162.66,-157.17,-150.3,-144.2,-137.03,-130.01,-122.07,-113.83,-104.07,-97.354,-89.267,-83.468,-77.822,-74.313,-68.972,-61.953,-52.95,-43.794,-35.554,-30.671,-25.483,-21.973,-17.548,-13.428,-7.6296,-2.8993,1.5259,4.5778,7.7822,12.665,17.396,22.584,28.077,31.434,36.012,37.538,41.047,43.641,49.287,52.492,57.68,64.394,70.345,75.228,81.637,89.267,98.117,104.53,111.7,116.12,122.53,127.11,135.5,142.37,149.08,153.97,157.78,159.31,161.44,160.37,160.99,159.46,161.44,161.14,162.36,161.14,161.29,160.53,161.29,160.99,160.68,160.07,162.97,163.88,167.55,168.16,169.99,171.06,174.11,176.55,179.6,182.35,185.55,187.69,188.76,188.76,187.84,185.09,183.57,182.5,184.03,183.42,182.96,180.52,178.99,178.08,177.31,176.85,175.79,175.63,175.33,173.35,173.19,172.73,173.65,174.87,176.4,175.48,175.33,175.18,174.72,172.73,170.45,168.31,168,167.39,167.85,167.7,169.53,168.46,166.33,164.49,160.99,157.17,153.2,147.4,139.62,129.09,116.89,102.54,93.539,88.046,88.046,88.198,92.471,94.76,97.049,94.455,88.656,79.653,70.956,63.478,64.241,71.566,87.13,103.92,121.16,131.08,132.3,121.31,101.93,89.877,100.25,113.99,128.64,146.95,159.31,156.56,163.12,179.91,215.46,277.87,340.89,378.58,396.44,404.07,414.59,430.16,458.69,507.22,563.37,589.31,582.45,556.66,523.39,482.04,432.91,387.89,358.59,337.08,309.31,271,232.7,200.05,178.99,166.94,176.09,201.42,232.86,263.83,276.65,259.25,232.09,217.6,214.55,213.93,222.17,232.7,227.67,202.03,168.77,137.18,112.46,91.556,72.939,48.067,18.616,-13.276,-40.132,-52.339,-48.677,-34.791,-13.733,1.8311,9.003,-3.0519,-37.843,-80.111,-96.896,-95.676,-77.975,-44.099,-5.1881,9.1556,4.5778,-1.8311,-13.581,-30.366,-27.772,-9.7659,19.684,62.868,112,146.79,165.72,172.58,163.27,144.66,137.49,140.39,142.52,148.01,153.81,145.42,119.63,81.484,45.625,11.139,-5.1881,2.2889,17.853,20.295,1.0681,-26.551,-59.358,-98.88,-137.18,-172.73,-194.56,-206.46,-220.34,-241.4,-267.8,-298.47,-330.52,-365.61,-391.55,-402.54,-395.37,-376.14,-358.59,-357.22,-377.51,-405.74,-426.8,-442.37,-442.21,-431.53,-420.09,-416.43,-420.85,-429.24,-435.19,-440.53,-440.69,-429.09,-404.22,-375.84,-352.34,-353.56,-364.24,-371.26,-368.66,-364.54,-357.52,-343.49,-329.75,-328.07,-343.03,-366.53,-379.8,-382.4,-380.11,-375.68,-370.34,-374.16,-392.47,-427.11,-469.99,-506.15,-521.41,-525.38,-522.93,-516.22,-516.53,-542.31,-594.04,-661.18,-714.29,-727.56,-697.04,-643.33,-600.6,-586.57,-593.28,-617.39,-649.13,-688.19,-735.34,-781.58,-813.62,-823.24,-816.68,-802.64,-787.07,-780.66,-784.48,-798.21,-819.27,-842.77,-854.06,-854.21,-850.86,-843.07,-825.53,-803.86,-783.56,-771.97,-775.32,-791.65,-806.3,-808.59,-800.2,-788.14,-778.83,-774.86,-772.88,-773.34,-774.71,-774.71,-771.36,-766.01,-757.62,-747.25,-734.73,-722.83,-708.33,-694.14,-682.7,-669.88,-653.55,-635.4,-618,-603.81,-590.08,-577.72,-562.3,-545.37,-527.36,-510.88,-494.25,-478.84,-463.88,-449.23,-433.36,-417.95,-404.52,-391.25,-376.75,-364.24,-350.2,-336.62,-321.21,-305.64,-288.09,-269.48,-251.63,-234.69,-218.51,-202.34,-187.23,-173.8,-160.22,-146.64,-131.23,-118.11,-103.46,-90.487,-77.059,-64.394,-51.118,-36.164,-21.058,-6.1037,7.0193,19.074,31.281,44.252,58.596,71.413,84.536,95.981,108.04,118.72,131.08,144.35,156.56,168.16,180.06,193.18,205.69,216.83,228.74,239.27,250.25,259.1,267.49,274.67,281.23,288.86,297.4,306.25,314.34,322.89,332.19,340.13,350.66,358.9,368.66,377.36,386.52,395.37,404.98,414.14,424.05,434.28,444.5,455.64,466.17,474.87,486.16,496.23,507.52,515.61,524,533.46,542.92,551.01,559.4,566.12,572.83,578.78,586.87,592.52,600.91,605.94,611.44,614.18,616.93,621.51,626.7,631.28,636.16,640.13,646.53,652.94,661.34,667.29,674.61,680.72,688.5,694.3,700.09,705.89,712.15,719.17,726.19,733.05,739.46,745.26,751.67,754.42,759,761.59,764.79,764.18,764.64,764.49,764.18,763.42,762.2,760.37,758.08,756.25,755.79,754.11,753.04,749.84,747.55,744.65,743.43,742.67,740.68,740.07,740.23,739.62,740.07,741.45,743.89,745.57,747.55,748.62,751.37,755.18,758.23,760.83,763.12,766.01,769.37,771.36,771.81,771.36,772.58,771.36,770.13,766.62,764.64,760.83,756.55,752.59,749.38,744.96,740.53,736.41,733.36,727.26,720.85,714.13,709.86,704.52,698.87,694.14,690.18,687.12,684.07,680.87,677.66,672.78,669.42,664.39,660.57,656.76,654.93,650.5,645.47,640.13,635.85,630.66,626.39,623.34,620.44,616.17,612.2,606.56,601.67,595.26,589.01,583.06,577.1,570.39,564.29,559.4,554.52,551.01,547.81,542.01,536.52,530.11,526.29,520.34,515.92,510.27,507.07,504.78,501.88,497.76,493.94,490.74,486.01,480.97,477.61,472.27,468.31,464.03,459.91,455.49,452.59,450.3,448.16,446.03,444.81,443.74,440.99,436.57,431.99,425.28,420.09,411.85,404.68,396.89,389.26,382.55,375.68,368.82,362.25,355.85,350.51,344.71,338.6,331.43,326.4,320.75,314.95,308.85,303.81,301.37,300,298.32,295.57,290.23,286.87,283.21,280.47,278.18,276.65,276.19,275.58,273.45,269.78,265.21,260.63,255.9,253.91,250.4,245.98,240.03,233.77,225.23,216.99,207.22,196.39,185.86,178.99,172.58,165.56,158.39,154.58,151.68,148.93,146.95,143.13,138.86,135.96,135.2,135.65,134.74,134.59,133.06,129.86,125.28,121.16,115.21,108.95,104.68,100.41,94.15,86.367,77.212,69.277,60.427,51.729,38.911,28.077,16.48,6.8667,-1.5259,-9.1556,-16.175,-21.973,-26.551,-30.671,-35.707,-39.064,-40.284,-40.132,-41.2,-41.81,-43.031,-43.336,-45.778,-48.219,-49.745,-51.118,-49.593,-46.693,-44.557,-41.505,-41.658,-40.59,-39.979,-37.08,-36.012,-36.47,-38.911,-42.421,-44.557,-47.151,-50.661,-54.476,-58.443,-61.037,-65.157,-69.735,-74.923,-77.517,-80.721,-84.994,-90.64,-96.744,-101.17,-103.92,-105.9,-108.49,-111.55,-113.38,-117.95,-120.4,-121.77,-120.7,-118.72,-114.44,-110.48,-106.2,-100.86,-94.913,-90.64,-88.198,-87.436,-86.825,-86.215,-84.078,-84.536,-84.841,-86.367,-88.809,-91.098,-93.081,-96.591,-100.71,-106.05,-110.02,-113.68,-114.44,-114.6,-112.92,-112,-109.1,-108.19,-109.41,-111.85,-113.83,-117.65,-119.79,-122.68,-127.11,-133.21,-137.33,-142.06,-146.03,-151.22,-154.27,-157.78,-157.48,-155.95,-154.27,-153.2,-151.52,-152.13,-153.97,-155.19,-152.44,-150.76,-150.15,-150.91,-150.15,-150.3,-151.07,-153.36,-156.71,-159.31,-161.44,-164.49,-167.85,-171.51,-173.8,-177.16,-179.14,-184.48,-188.3,-193.03,-195.01,-196.08,-197.15,-198.52,-198.83,-197.45,-195.93,-195.47,-193.33,-191.05,-185.86,-182.35,-178.69,-175.48,-171.82,-169.53,-166.63,-164.49,-164.04,-164.34,-164.34,-167.09,-168.16,-169.53,-169.38,-170.9,-169.38,-167.24,-165.87,-166.63,-166.48,-164.34,-163.43,-164.95,-166.48,-169.38,-171.36,-174.11,-176.4,-176.24,-175.18,-174.87,-176.4,-180.06,-181.13,-181.43,-180.21,-180.06,-179.3,-177.92,-175.02,-172.73,-171.82,-171.36,-171.21,-171.36,-173.04,-178.99,-183.42,-186.77,-188.3,-189.52,-190.89,-193.03,-194.1,-196.39,-198.37,-198.37,-198.22,-200.2,-201.88,-204.02,-206.15,-207.98,-207.68,-207.07,-208.29,-211.95,-216.53,-220.95,-225.23,-229.04,-232.4,-235.6,-235.76,-236.67,-236.98,-239.57,-243.08,-246.13,-247.51,-250.25,-250.4,-250.86,-248.57,-247.66,-244.3,-242.93,-240.79,-239.27,-236.52,-233.77,-230.11,-225.68,-220.19,-216.22,-210.73,-207.83,-204.32,-202.34,-200.2,-199.44,-198.07,-197.61,-195.78,-195.32,-195.32,-195.78,-194.1,-192.11,-187.69,-184.64,-177.92,-173.5,-168.61,-166.33,-164.04,-162.21,-160.68,-159.76,-157.48,-154.73,-149.69,-147.56,-145.57,-147.1,-147.25,-148.01,-146.18,-143.28,-139.32,-135.65,-129.4,-122.53,-115.97,-113.07,-109.87,-106.97,-104.22,-104.68,-101.78,-99.49,-97.049,-96.896,-95.523,-94.913,-94.15,-93.539,-91.556,-89.572,-87.588,-86.52,-83.163,-79.806,-73.702,-68.972,-60.884,-56.154,-52.492,-50.966,-48.219,-46.388,-46.388,-48.677,-50.966,-52.95,-52.95,-54.018,-54.933,-57.222,-59.511,-65.31,-68.819,-73.397,-75.381,-75.991,-77.212,-79.653,-82.247,-84.384,-84.536,-84.689,-81.179,-77.517,-71.566,-69.582,-67.293,-66.073,-64.699,-65.462,-67.751,-71.871,-75.991,-77.364,-76.907,-76.907,-76.449,-78.738,-80.874,-84.536,-86.062,-89.419,-90.64,-90.945,-89.572,-89.877,-90.335,-91.098,-90.335,-90.945,-88.809,-88.351,-86.673,-86.673,-86.978,-90.182,-92.013,-95.981,-98.727,-103.61,-106.97,-109.71,-112.61,-114.14,-113.83,-114.44,-113.22,-113.99,-113.83,-115.97,-114.44,-112,-106.51,-101.78,-99.033,-97.354,-94.913,-93.997,-92.929,-92.166,-88.809,-88.198,-86.062,-83.01,-77.517,-73.702,-69.887,-64.547,-59.664,-56.154,-54.323,-52.187,-50.05,-50.661,-48.677,-50.661,-50.05,-49.135,-46.999,-47.304,-46.693,-47.304,-48.067,-49.898,-50.356,-50.203,-47.456,-47.151,-46.541,-48.524,-48.83,-49.593,-48.372,-49.898,-49.898,-48.83,-44.404,-40.895,-36.622,-33.723,-32.807,-31.587,-30.061,-27.924,-23.499,-19.837,-13.428,-10.529,-8.3926,-8.5452,-10.834,-13.581,-15.107,-17.853,-19.379,-23.957,-28.993,-33.723,-34.791,-36.317,-35.554,-36.012,-34.944,-35.859,-37.08,-39.216,-41.963,-43.336,-42.726,-40.895,-37.996,-38.148,-37.385,-37.843,-32.807,-29.756,-25.636,-23.804,-22.431,-22.279,-21.516,-20.6,-19.379,-18.464,-17.09,-19.227,-21.21,-24.415,-26.704,-29.298,-28.077,-26.093,-25.636,-27.619,-30.366,-34.791,-39.216,-45.778,-50.05,-56.307,-59.816,-65.462,-69.124,-73.855,-75.076,-75.838,-76.601,-79.958,-80.264,-79.348,-77.059,-75.838,-73.397,-72.329,-70.193,-68.514,-64.852,-61.495,-57.07,-52.644,-47.304,-43.184,-38.453,-34.333,-32.502,-33.876,-33.265,-35.401,-39.369,-45.32,-50.661,-56.612,-61.342,-66.378,-71.871,-78.433,-82.705,-86.215,-90.487,-93.997,-94.455,-97.354,-98.27,-98.88,-96.438,-96.744,-94.607,-92.929,-89.572,-86.062,-80.874,-75.228,-68.514,-62.105,-53.102,-45.167,-36.164,-30.061,-24.873,-20.295,-13.581,-7.3244,0.45778,9.1556,17.396,23.194,29.603,34.028,37.385,38.148,41.047,41.2,40.132,35.707,31.739,26.856,20.753,13.733,8.5452,2.7467,-2.5941,-9.4607,-15.87,-24.567,-33.876,-44.71,-54.476,-66.073,-77.67,-90.182,-101.17,-106.51,-106.51,-104.98,-102.08,-102.08,-100.71,-100.86,-96.896,-93.844,-88.198,-81.942,-75.381,-68.056,-60.732,-55.696,-50.966,-46.541,-40.132,-35.249,-31.587,-32.35,-32.655,-33.113,-30.213,-28.382,-26.551,-23.347,-20.295,-19.684,-17.548,-16.48,-13.428,-13.123,-10.529,-9.6133,-9.6133,-9.003,-8.0874,-6.2563,-5.6459,-7.3244,-9.7659,-13.733,-16.938,-20.447,-21.363,-24.567,-26.246,-28.535,-31.129,-33.723,-34.333,-35.401,-35.249,-37.996,-37.385,-35.554,-31.129,-30.671,-29.145,-27.009,-24.72,-21.668,-19.684,-18.616,-17.853,-19.532,-16.938,-15.107,-10.987,-7.477,-4.5778,-2.5941,-1.2207,-0.30519,0.45778,0.15259,-1.9837,-5.1881,-5.3407,-7.6296,-8.8504,-10.681,-13.428,-17.09,-20.6,-21.973,-20.295,-16.938,-12.207,-9.3081,-5.6459,-3.5096,1.2207,5.4933,7.6296,9.6133,11.292,13.581,16.022,14.954,13.733,12.97,14.954,15.564,17.09,16.633,12.513,5.0356,-3.8148,-10.376,-14.954,-18.311,-18.464,-19.532,-20.447,-22.279,-22.889,-25.33,-28.23,-31.281,-33.876,-36.622,-38.606,-41.81,-43.794,-48.219,-48.067,-49.44,-48.83,-49.745,-49.44,-48.982,-46.236,-42.116,-36.012,-30.061,-22.126,-16.633,-11.444,-10.376,-7.9348,-9.1556,-9.3081,-8.24,-9.1556,-10.834,-11.444,-12.055,-11.444,-12.97,-13.276,-16.327,-17.853,-19.837,-23.194,-27.009,-29.756,-30.519,-28.687,-27.924,-25.178,-20.905,-17.09,-15.259,-12.207,-10.224,-9.4607,-9.003,-7.3244,-5.6459,-3.357,-0.61037,5.3407,9.1556,14.191,15.717,18.464,21.21,25.178,30.671,34.486,37.08,40.284,42.726,46.083,49.135,53.102,54.018,57.68,59.511,61.19,60.121,58.901,54.933,50.05,44.252,37.69,32.96,30.824,27.009,26.246,24.873,24.567,23.347,21.516,17.853,16.327,17.548,20.295,21.21,22.889,24.567,28.077,29.145,32.502,34.944,38.759,40.742,42.421,43.184,43.947,45.015,43.184,40.437,36.622,33.265,30.366,25.941,22.889,18.616,14.344,8.5452,3.357,-3.2044,-9.6133,-13.581,-15.564,-16.175,-13.428,-10.834,-7.9348,-8.8504,-9.6133,-13.886,-18.311,-23.194,-26.399,-28.382,-28.687,-30.061,-30.519,-29.145,-26.856,-25.483,-23.194,-19.684,-14.649,-13.123,-10.987,-10.987,-11.292,-11.292,-11.139,-12.818,-12.818,-14.039,-14.954,-15.87,-13.886,-13.428,-12.513,-13.581,-13.733,-16.327,-19.532,-22.584,-27.924,-36.317,-43.794,-50.813,-55.544,-59.969,-61.495,-66.225,-69.735,-71.871,-71.108,-70.345,-68.667,-67.293,-64.699,-62.563,-59.664,-58.901,-56.612,-57.222,-55.238,-53.713,-49.745,-47.304,-46.999,-44.557,-40.437,-37.538,-35.707,-34.028,-28.382,-22.889,-16.633,-13.123,-7.3244,-4.4252,-1.2207,0.91556,2.8993,5.3407,7.9348,9.1556,12.055,14.649,16.938,14.801,10.529,4.2726,0.61037,-2.5941,-4.883,-7.477,-10.529,-16.48,-23.804,-31.434,-41.505,-55.696,-69.582,-84.536,-96.591,-111.24,-123.91,-133.21,-140.39,-148.47,-156.1,-159.46,-160.07,-158.54,-153.36,-148.93,-140.84,-132.3,-119.94,-106.2,-88.046,-72.787,-60.732,-51.424,-41.81,-30.976,-16.175,-3.5096,10.681,20.142,28.23,30.976,34.486,37.69,42.573,48.219,52.644,55.086,57.07,56.764,54.781,48.982,43.336,35.401,28.23,22.736,21.363,20.295,19.074,16.785,14.344,8.5452,3.8148,-3.357,-9.7659,-19.379,-26.551,-33.418,-37.385,-40.895,-41.505,-40.437,-37.233,-35.554,-34.028,-34.486,-33.723,-34.486,-32.96,-31.892,-30.671,-31.281,-31.129,-33.723,-33.876,-32.502,-27.314,-22.431,-16.633,-13.581,-10.529,-10.224,-9.003,-14.039,-23.041,-33.57,-41.2,-47.761,-53.407,-60.427,-68.361,-75.381,-82.705,-92.318,-99.643,-105.9,-107.88,-111.7,-113.07,-115.82,-117.34,-119.17,-119.94,-122.38,-122.38,-124.82,-125.58,-129.09,-131.84,-136.27,-138.86,-142.67,-144.66,-147.56,-150.3,-154.42,-157.93,-160.37,-160.83,-164.04,-164.8,-165.56,-162.97,-163.43,-163.12,-163.43,-161.75,-159.76,-156.71,-150.61,-142.06,-135.81,-131.08,-129.7,-126.96,-126.04,-123.91,-124.36,-125.43,-126.35,-124.67,-125.89,-126.65,-127.72,-126.96,-126.8,-123.29,-120.85,-117.04,-115.36,-112.92,-112.31,-113.68,-117.65,-120.7,-123.14,-123.91,-128.94,-132.3,-137.49,-139.62,-143.13,-146.34,-148.78,-151.98,-158.7,-163.88,-168.61,-169.23,-171.06,-171.82,-175.94,-178.69,-181.89,-182.81,-182.96,-181.74,-182.5,-181.43,-180.97,-178.08,-176.7,-169.53,-164.65,-158.54,-153.97,-147.4,-140.39,-132.6,-125.58,-118.56,-113.22,-105.9,-101.93,-99.185,-96.286,-93.081,-88.351,-83.621,-79.501,-77.822,-79.196,-79.501,-81.942,-83.316,-85.757,-84.841,-84.078,-82.858,-80.569,-77.975,-75.533,-71.413,-69.582,-66.988,-64.394,-60.884,-59.053,-56.307,-54.628,-53.407,-51.576,-51.424,-52.644,-51.424,-51.424,-51.424,-53.713,-54.781,-53.713,-52.034,-51.729,-52.644,-54.628,-55.544,-56.612,-55.391,-54.628,-53.102,-53.713,-52.797,-52.797,-52.034,-52.492,-49.593,-47.761,-49.745,-53.56,-56.459,-61.8,-64.699,-69.277,-71.108,-76.601,-81.027,-84.536,-86.062,-88.351,-88.809,-90.793,-92.929,-96.286,-97.659,-101.78,-103.92,-108.04,-112,-116.12,-118.87,-121.31,-120.85,-121.77,-122.99,-126.96,-127.87,-128.64,-128.03,-130.31,-132.45,-134.13,-135.96,-138.71,-140.84,-143.28,-144.81,-146.79,-146.49,-147.1,-145.57,-145.73,-143.74,-141.3,-137.18,-133.21,-127.57,-124.06,-116.89,-110.17,-101.47,-96.744,-90.487,-87.436,-84.689,-84.078,-83.316,-83.316,-81.484,-82.247,-81.179,-83.468,-84.689,-88.046,-90.793,-93.692,-94.76,-96.438,-96.286,-95.218,-95.37,-96.744,-95.523,-96.438,-96.591,-99.796,-103,-106.2,-109.26,-112.61,-113.53,-117.04,-121.92,-128.64,-134.13,-141.91,-147.86,-154.88,-160.83,-168.46,-175.18,-181.89,-187.84,-194.1,-197.15,-200.81,-203.41,-206.15,-207.37,-208.75,-207.53,-206.31,-203.56,-199.9,-194.25,-186.93,-179.14,-173.35,-167.39,-162.82,-155.64,-149.08,-139.62,-130.47,-119.17,-107.58,-95.676,-84.994,-71.261,-59.358,-45.473,-31.434,-15.564,-3.0519,9.4607,22.584,34.639,46.846,59.664,73.244,89.114,102.08,115.97,126.19,135.96,144.35,151.98,159.15,168,175.79,183.57,188.3,192.27,193.33,195.78,198.07,200.51,200.96,200.96,199.13,197.61,194.25,190.89,183.72,176.4,169.38,163.43,157.78,153.81,149.54,145.12,139.01,135.35,132.15,130.01,126.04,123.6,117.65,110.63,98.727,87.13,77.67,69.887,59.053,49.135,36.927,26.704,16.327,6.8667,-1.0681,-9.7659,-17.243,-24.11,-31.587,-38.759,-46.999,-51.424,-55.696,-59.816,-65.157,-69.887,-77.67,-83.468,-89.419,-93.387,-97.812,-99.948,-104.37,-108.49,-116.89,-123.45,-130.92,-137.49,-145.12,-151.22,-157.32,-162.36,-169.23,-173.04,-177.47,-177.01,-175.02,-173.96,-175.79,-177.31,-180.67,-181.28,-182.96,-184.79,-187.69,-188.91,-191.05,-196.84,-204.02,-210.58,-217.29,-221.26,-224.92,-226.6,-227.97,-226.91,-225.07,-222.33,-219.73,-216.38,-215,-212.26,-211.49,-209.05,-208.75,-208.59,-207.68,-206.46,-206.61,-204.93,-201.27,-196.23,-194.71,-190.59,-188.6,-185.86,-183.72,-182.5,-182.04,-181.13,-180.36,-177.62,-176.4,-171.97,-167.7,-161.6,-155.95,-150.15,-145.73,-140.69,-137.49,-130.92,-127.87,-123.6,-121.01,-117.19,-113.99,-110.93,-108.04,-104.37,-102.69,-97.964,-92.776,-86.52,-81.484,-75.381,-68.514,-62.868,-58.443,-51.118,-45.015,-38.148,-36.164,-32.197,-29.908,-23.804,-18.769,-13.428,-7.9348,-2.7467,0.30519,4.2726,6.7141,10.834,11.902,13.123,15.412,16.175,16.785,17.701,19.074,23.194,28.535,35.859,43.947,52.797,62.258,71.871,78.585,84.994,89.572,95.218,97.964,103,106.81,110.93,113.07,113.38,113.53,115.05,115.67,117.04,116.58,118.11,118.11,120.7,124.67,128.18,130.16,131.08,131.69,132.91,132.76,131.99,130.62,132.6,135.35,137.94,140.54,143.28,143.89,144.66,144.66,147.25,149.85,153.81,156.87,160.22,161.44,165.72,168.92,173.8,178.69,183.26,187.84,192.72,195.01,197.15,197.45,201.57,204.93,210.27,214.85,218.36,220.5,221.11,220.5,220.04,216.83,215.31,214.09,216.38,218.67,222.33,226.29,228.74,229.8,230.57,230.72,231.94,231.18,231.64,232.09,235.91,238.2,240.03,241.1,241.71,242.32,243.69,244.91,246.74,246.28,247.96,248.73,249.34,247.81,245.06,240.64,236.98,236.21,237.59,240.64,243.84,243.54,244.45,245.37,248.42,249.79,252.24,254.83,256.05,256.05,256.2,254.07,253.15,252.08,254.07,253.76,253.46,253.15,252.54,251.47,252.24,255.44,260.78,265.51,269.48,273.45,276.19,275.89,273.9,271.46,268.72,266.58,266.43,267.04,267.65,269.02,271.77,273.9,276.35,275.58,275.73,275.43,276.35,276.96,276.96,276.19,278.33,279.09,280.01,278.18,274.36,269.33,267.49,264.6,263.22,262.61,261.09,257.27,252.39,245.83,240.03,233.62,227.67,219.73,214.39,206.61,200.66,192.57,186.93,181.59,175.48,170.14,163.88,157.63,151.52,146.34,144.2,141.45,138.25,133.98,131.69,127.57,124.52,120.4,115.97,111.85,109.26,106.66,101.78,96.286,93.234,90.335,87.588,82.247,77.67,72.939,68.972,64.241,61.342,58.138,56.917,56.917,57.68,56.459,57.07,55.391,53.56,50.356,49.135,46.693,45.93,45.32,46.388,45.015,43.336,40.284,40.59,38.148,37.843,37.385,38.759,38.148,39.216,40.132,42.268,43.947,43.336,39.827,37.08,32.502,25.483,15.107,10.529,6.5615,5.6459,6.7141,8.8504,5.0356,-0.45778,-5.7985,-8.8504,-10.529,-11.75,-11.292,-8.6978,-8.0874,-4.883,-1.5259,3.357,3.8148,5.6459,4.7304,4.5778,4.7304,5.0356,5.9511,7.3244,9.4607,14.039,17.243,21.668,25.025,32.502,40.284,49.135,56.917,66.225,75.533,82.858,90.03,98.27,105.29,111.55,116.89,122.38,125.89,130.47,132.91,135.96,139.93,144.05,148.17,150.46,150.15,145.12,137.33,132.15,126.65,121.16,115.21,109.41,101.02,93.387,84.841,76.144,66.988,59.053,49.898,43.031,34.333,25.178,16.633,11.444,4.883,-0.30519,-9.003,-15.412,-22.584,-28.382,-33.265,-38.301,-44.557,-48.982,-52.187,-56.001,-60.579,-66.378,-74.923,-80.721,-85.604,-86.062,-86.978,-86.825,-86.367,-85.299,-82.247,-78.433,-74.16,-71.566,-69.582,-66.683,-63.326,-56.917,-52.339,-46.846,-43.641,-38.759,-33.876,-27.772,-23.194,-19.379,-15.87,-10.681,-6.5615,-0.91556,3.2044,10.224,14.954,19.684,21.821,25.636,28.382,31.587,35.707,40.132,42.726,45.93,48.982,52.797,56.154,62.258,66.683,71.566,74.618,79.501,82.247,86.367,90.64,96.133,100.86,106.36,111.39,116.73,118.41,121.92,123.91,127.57,129.25,133.21,138.86,144.96,150.3,155.19,157.78,160.53,161.9,163.27,162.66,164.04,165.11,167.7,168.16,170.29,170.14,170.75,170.45,170.75,171.51,173.5,175.33,176.09,177.47,180.36,181.74,183.87,183.11,182.65,181.13,179.6,175.94,173.19,168.31,162.36,158.39,153.66,149.54,146.79,144.66,144.51,144.96,146.79,146.49,148.32,150.15,151.98,150.46,149.08,149.54,151.68,153.97,155.8,156.1,156.1,153.81,152.59,150.91,150.46,149.08,147.1,144.05,143.44,142.52,140.69,137.79,133.98,129.25,122.84,115.21,111.09,107.12,104.07,101.02,100.86,98.88,97.659,97.507,100.1,103,105.29,105.9,105.44,103.92,103.15,101.47,101.47,100.56,103.31,106.2,110.17,114.29,116.73,119.48,120.85,120.24,119.48,120.4,123.29,122.23,121.62,120.09,119.63,119.79,118.56,113.83,108.8,104.22,98.575,92.166,87.436,83.01,78.585,75.228,73.855,70.498,70.193,68.209,66.988,64.547,63.326,62.41,60.884,58.748,56.612,53.255,51.118,48.83,48.982,47.456,47.151,45.625,44.862,43.031,41.963,39.674,36.317,32.96,30.671,26.399,23.347,21.058,20.142,16.938,14.039,9.7659,6.1037,0.61037,-5.3407,-11.444,-17.09,-21.516,-25.788,-32.96,-39.674,-46.693,-50.508,-54.781,-56.459,-57.985,-59.358,-61.342,-61.8,-62.41,-61.647,-61.342,-61.342,-62.41,-60.579,-60.274,-58.596,-57.07,-52.797,-49.287,-45.015,-41.963,-39.521,-37.538,-35.707,-33.723,-31.892,-33.57,-34.944,-38.453,-40.284,-46.083,-51.576,-55.544,-59.206,-61.8,-63.326,-64.547,-63.936,-63.021,-61.495,-63.021,-63.478,-65.462,-65.615,-67.751,-68.361,-69.582,-71.871,-73.855,-74.007,-71.718,-68.972,-64.699,-56.612,-50.661,-45.015,-40.895,-35.859,-33.723,-28.993,-24.11,-20.295,-18.616,-18.006,-17.548,-15.87,-14.801,-13.581,-16.175,-15.259,-16.175,-18.464,-23.194,-25.941,-29.298,-33.265,-38.148,-43.184,-50.508,-56.917,-61.342,-65.767,-72.634,-77.212,-81.79,-83.468,-86.215,-84.841,-82.705,-79.958,-77.822,-77.059,-74.313,-70.65,-66.988,-59.816,-57.68,-55.696,-56.307,-56.001,-56.917,-54.476,-49.745,-45.625,-43.641,-43.641,-48.219,-54.17,-64.394,-75.686,-89.267,-99.185,-108.65,-115.82,-123.75,-129.55,-135.2,-138.25,-141.15,-140.39,-139.01,-136.72,-136.72,-134.43,-133.98,-133.82,-134.28,-132.45,-132.91,-131.38,-129.55,-127.26,-124.36,-119.94,-117.34,-111.55,-107.27,-102.39,-101.93,-99.948,-99.033,-95.676,-91.25,-86.215,-84.078,-84.231,-86.978,-89.114,-90.793,-91.403,-95.065,-95.523,-99.796,-103,-104.53,-103.31,-102.69,-102.39,-103.46,-103.31,-103.92,-104.22,-107.73,-106.97,-106.2,-101.93,-97.049,-90.335,-83.773,-77.212,-74.465,-74.618,-74.465,-74.007,-72.329,-70.65,-72.481,-74.007,-76.449,-74.007,-76.296,-79.043,-81.484,-82.858,-83.926,-83.926,-82.553,-79.653,-82.095,-84.384,-89.114,-90.793,-92.624,-91.556,-92.013,-92.471,-92.624,-90.793,-88.351,-83.621,-77.517,-70.803,-67.751,-62.258,-56.612,-48.372,-43.794,-39.369,-37.385,-35.859,-34.028,-30.976,-26.704,-22.279,-19.837,-15.107,-12.36,-9.6133,-9.9185,-9.1556,-10.071,-10.681,-11.597,-13.276,-16.48,-21.516,-28.993,-34.791,-41.2,-45.625,-51.424,-54.628,-59.969,-63.173,-67.598,-68.819,-69.582,-70.345,-74.16,-75.381,-74.007,-69.887,-67.904,-62.868,-59.816,-54.933,-51.424,-46.388,-43.489,-41.963,-41.505,-39.369,-36.164,-31.739,-26.399,-18.769,-11.597,-3.0519,4.5778,12.97,20.905,29.756,35.859,39.827,41.505,45.015,49.593,56.154,61.342,66.683,67.751,67.598,62.868,57.07,50.05,43.336,36.775,30.519,23.347,16.022,7.9348,1.8311,-6.1037,-12.818,-21.973,-31.434,-40.437,-45.32,-50.05,-52.95,-53.407,-55.238,-57.985,-58.138,-61.037,-63.478,-69.277,-73.855,-76.907,-74.618,-72.634,-70.65,-71.413,-73.702,-76.754,-78.127,-79.043,-76.144,-75.991,-75.381,-75.838,-73.092,-71.871,-68.667,-64.699,-59.969,-57.07,-55.544,-56.307,-54.476,-52.644,-46.388,-40.437,-33.57,-28.382,-21.973,-17.243,-14.344,-12.818,-9.3081,-6.8667,-5.0356,-3.8148,0.61037,3.6622,8.8504,13.276,20.142,25.941,32.35,37.69,43.794,49.745,55.849,60.427,64.241,67.293,68.819,67.446,65.615,64.699,66.073,67.293,68.819,70.65,71.871,70.956,70.345,69.582,68.056,64.547,63.784,64.852,66.683,65.462,64.241,61.19,58.443,54.781,49.898,44.404,39.827,36.927,38.911,41.658,45.473,45.93,47.304,47.151,46.846,45.625,44.862,42.573,39.521,37.538,39.979,42.573,48.067,50.356,53.255,55.086,56.154,54.933,56.154,57.375,56.612,55.849,54.781,52.644,50.661,48.524,48.677,47.456,48.982,50.356,52.187,53.102,52.797,49.593,46.083,45.015,43.794,39.827,38.606,37.69,36.47,33.723,32.96,32.655,32.35,30.366,29.603,28.993,27.009,25.178,25.33,26.093,27.467,27.467,28.23,29.45,33.113,34.181,34.333,33.113,34.333,38.148,43.336,47.609,49.745,50.05,50.356,47.609,48.067,47.456,49.287,48.83,48.067,45.32,41.658,35.707,31.281,30.061,31.434,32.655,33.113,31.129,32.35,32.807,34.028,32.655,29.45,25.025,19.837,15.564,10.681,5.1881,3.0519,0.91556,0.15259,-1.9837,-2.4415,-5.0356,-6.5615,-7.9348,-7.3244,-7.1718,-9.003,-10.529,-11.75,-11.75,-9.7659,-7.3244,-1.0681,2.1363,6.7141,7.477,7.3244,7.6296,10.834,16.175,20.295,22.431,24.11,24.11,22.889,17.396,13.886,10.681,8.6978,6.2563,5.0356,3.357,2.4415,0.45778,-2.8993,-8.0874,-11.75,-15.107,-18.006,-21.821,-23.194,-24.415,-22.736,-22.584,-22.584,-23.499,-24.567,-26.399,-27.467,-29.298,-29.298,-29.603,-28.687,-29.603,-29.603,-30.976,-30.824,-30.976,-31.434,-32.655,-33.57,-34.333,-34.486,-34.333,-34.944,-40.132,-43.641,-50.05,-55.391,-63.021,-68.972,-73.092,-77.822,-84.384,-88.809,-89.877,-89.267,-88.504,-87.13,-89.572,-90.945,-93.387,-92.013,-89.724,-86.825,-84.841,-83.163,-81.942,-80.111,-79.196,-77.212,-74.618,-68.972,-63.784,-57.527,-54.323,-51.881,-50.661,-50.966,-51.881,-52.034,-52.797,-52.95,-53.407,-54.933,-57.222,-58.901,-63.021,-65.767,-70.04,-72.787,-75.228,-77.212,-78.738,-80.569,-81.942,-81.637,-81.027,-78.127,-75.533,-72.787,-71.261,-68.819,-67.904,-66.378,-63.478,-58.596,-55.849,-54.933,-54.476,-52.644,-52.644,-50.356,-47.761,-41.2,-36.317,-33.265,-32.807,-31.587,-30.976,-31.892,-33.876,-33.265,-34.486,-34.333,-35.554,-35.707,-37.08,-36.164,-36.775,-38.453,-40.742,-44.557,-50.966,-57.222,-62.868,-65.31,-68.361,-69.887,-71.566,-71.871,-75.228,-77.212,-80.874,-81.942,-83.163,-84.384,-85.91,-86.978,-89.724,-89.572,-89.572,-88.198,-89.267,-87.741,-87.893,-86.062,-84.689,-82.705,-82.095,-80.874,-80.569,-79.653,-81.484,-82.705,-87.436,-90.03,-91.556,-94.455,-99.185,-103.92,-107.12,-107.88,-109.1,-110.93,-116.58,-123.91,-133.21,-140.54,-147.1,-150.61,-155.64,-160.07,-165.26,-167.55,-171.51,-177.77,-185.4,-190.59,-195.32,-195.78,-196.39,-195.32,-197,-197.45,-198.83,-198.83,-199.9,-202.03,-202.95,-200.2,-200.05,-198.98,-198.52,-196.23,-195.78,-191.5,-185.4,-178.08,-171.82,-161.6,-150.76,-136.11,-123.91,-112.61,-106.05,-101.17,-101.02,-100.25,-99.49,-94.607,-88.961,-83.163,-79.043,-74.313,-70.04,-67.751,-67.598,-68.972,-73.244,-76.144,-79.501,-79.348,-77.364,-71.413,-65.92,-62.563,-64.852,-67.904,-72.176,-74.313,-77.059,-76.754,-76.296,-75.076,-74.007,-70.956,-68.819,-63.478,-59.664,-54.628,-52.187,-48.83,-47.456,-44.252,-42.268,-37.08,-31.892,-25.636,-19.99,-14.344,-10.834,-6.4089,-4.883,-1.2207,1.0681,4.4252,7.0193,12.207,21.058,27.467,28.993,28.382,25.941,24.262,19.532,14.954,10.224,7.477,7.0193,7.6296,7.7822,8.5452,8.8504,9.7659,13.428,18.769,21.363,22.126,19.532,17.09,15.259,15.107,16.938,19.99,21.973,21.668,19.99,18.769,17.396,20.142,21.21,24.415,25.483,26.246,25.941,25.941,24.567,24.262,23.194,23.652,20.905,19.684,19.074,18.159,15.259,15.107,16.175,18.311,16.785,14.344,9.7659,5.7985,1.8311,-2.1363,-7.9348,-10.987,-13.123,-14.039,-14.191,-12.665,-14.801,-18.159,-19.837,-20.142,-19.074,-19.532,-21.973,-24.72,-27.772,-30.366,-34.791,-40.132,-45.167,-46.999,-46.236,-46.236,-44.71,-43.641,-43.947,-41.963,-41.047,-36.927,-33.876,-31.281,-30.061,-29.298,-28.382,-27.619,-27.467,-26.704,-28.535,-27.924,-28.993,-29.756,-32.044,-32.35,-32.502,-33.876,-36.775,-40.742,-45.93,-49.287,-53.102,-53.255,-57.68,-63.326,-73.092,-81.332,-86.978,-90.182,-92.166,-93.081,-97.354,-100.56,-102.54,-102.54,-104.98,-104.53,-107.12,-107.88,-109.87,-110.93,-113.07,-114.44,-115.51,-117.19,-120.7,-124.36,-129.25,-132.3,-136.27,-138.55,-143.74,-147.25,-152.29,-156.56,-160.37,-163.88,-168.16,-172.12,-175.94,-178.99,-181.43,-181.28,-183.87,-185.25,-188.45,-189.21,-188.6,-187.08,-185.71,-182.04,-174.11,-164.49,-157.48,-151.37,-144.2,-135.5,-127.11,-116.43,-105.44,-93.387,-84.384,-75.228,-64.699,-52.187,-40.132,-25.483,-13.123,0.15259,10.376,24.11,35.401,46.388,56.154,65.92,75.533,83.316,89.724,96.744,101.78,106.05,108.49,112.77,114.75,117.34,118.26,119.17,116.89,117.8,121.01,122.99,120.85,117.34,112.46,107.73,99.796,95.676,90.793,85.452,77.364,69.582,61.495,53.102,44.099,36.317,26.399,18.159,9.1556,0.61037,-9.1556,-18.616,-30.519,-40.895,-53.102,-62.258,-72.176,-80.874,-91.708,-99.643,-110.32,-118.11,-126.04,-129.55,-135.81,-141.15,-148.63,-154.42,-158.85,-163.27,-169.84,-174.26,-180.67,-185.4,-190.13,-191.81,-194.4,-193.95,-192.57,-189.83,-187.69,-185.25,-182.96,-177.92,-174.57,-169.53,-166.48,-160.37,-156.1,-150,-144.2,-138.4,-133.21,-128.18,-123.91,-118.11,-115.05,-110.93,-107.73,-102.85,-98.575,-92.929,-88.046,-82.553,-77.517,-72.024,-69.124,-63.784,-61.19,-56.154,-51.271,-44.71,-40.132,-35.554,-32.044,-28.84,-25.941,-23.194,-21.668,-19.532,-19.074,-16.175,-15.717,-11.902,-8.8504,-4.7304,-1.5259,2.1363,4.883,8.5452,11.75,17.243,21.058,26.551,31.434,38.148,43.947,50.05,54.323,57.985,61.342,64.089,66.836,70.04,72.481,75.228,76.601,78.28,78.433,79.348,80.721,81.637,81.942,82.4,82.247,82.095,82.247,83.926,84.689,86.673,86.673,88.809,91.25,94.455,98.117,101.78,104.07,106.81,109.26,113.68,116.28,121.01,123.14,126.96,131.69,137.03,140.23,143.44,144.2,144.96,143.89,144.96,143.59,143.89,141.3,139.77,137.94,136.72,134.74,133.06,130.62,128.18,124.67,121.92,119.17,118.87,117.8,118.87,119.48,119.94,119.79,120.4,119.94,120.4,119.02,118.87,117.34,117.95,116.89,117.04,116.43,116.73,117.34,118.11,119.48,120.7,121.46,124.97,125.28,126.5,126.35,126.35,126.19,125.74,124.97,124.06,122.99,122.68,122.38,122.38,121.62,122.99,123.91,124.06,123.91,121.46,117.34,113.99,113.53,115.51,114.9,115.82,114.75,114.29,113.07,113.22,114.14,115.97,116.89,119.17,119.63,118.87,115.97,115.36,113.38,114.29,115.05,115.51,112.92,109.71,107.73,106.66,105.44,103.15,99.948,98.575,96.591,96.591,95.218,93.692,89.572,87.741,85.757,84.536,82.4,80.111,77.212,75.228,72.024,69.887,66.836,66.225,65.157,64.241,61.495,59.816,58.901,58.748,56.612,53.407,48.524,44.557,40.59,39.216,37.385,38.148,37.843,38.606,40.284,41.81,44.099,46.693,47.151,47.151,46.541,47.761,48.524,50.966,52.034,55.391,60.274,65.462,68.361,74.923,82.553,91.403,98.422,105.14,111.55,119.48,124.36,128.64,132.91,137.94,142.67,143.13,140.23,137.33,131.53,124.67,117.5,114.29,109.71,105.29,99.033,95.218,89.877,80.416,72.787,69.277,65.004,60.732,56.917,56.001,53.56,52.492,49.593,46.693,43.184,43.336,42.116,38.301,32.044,27.161,24.72,25.025,24.262,27.924,32.044,37.08,36.47,34.028,30.824,27.619,25.483,22.431,19.532,16.633,12.665,9.3081,5.1881,4.12,-0.61037,-4.4252,-9.3081,-12.97,-17.09,-23.347,-31.739,-39.827,-44.71,-45.93,-46.999,-48.067,-51.729,-53.255,-55.544,-59.358,-62.258,-65.767,-67.446,-66.53,-65.92,-65.615,-66.683,-65.767,-64.394,-60.884,-57.68,-55.544,-53.255,-48.219,-45.167,-44.404,-43.184,-44.099,-47.456,-50.966,-54.17,-57.222,-60.884,-61.495,-61.953,-62.41,-68.056,-72.787,-77.67,-81.484,-85.452,-87.893,-89.114,-87.283,-85.757,-82.095,-78.28,-71.718,-69.277,-67.141,-70.04,-71.261,-72.481,-68.667,-66.53,-65.462,-67.141,-69.124,-70.65,-70.193,-68.972,-66.073,-67.293,-66.53,-66.53,-65.767,-66.836,-65.157,-64.089,-60.579,-58.443,-57.527,-57.527,-57.07,-56.764,-56.917,-58.443,-57.375,-58.29,-59.969,-62.716,-64.547,-65.767,-65.615,-65.31,-65.157,-65.157,-65.157,-64.852,-63.021,-60.274,-57.07,-54.323,-51.118,-48.219,-44.862,-41.047,-36.775,-33.418,-30.519,-28.993,-26.399,-24.415,-20.142,-11.902,1.5259,16.785,30.976,42.573,49.593,54.933,60.427,66.683,75.076,81.332,90.945,97.659,102.08,103.46,106.81,107.88,109.71,108.8,109.26,109.71,109.71,108.49,107.43,102.85,100.86,95.523,93.234,89.724,88.504,88.046,88.809,88.809,89.267,88.198,87.893,88.198,91.098,92.013,95.523,98.88,101.78,100.71,101.32,100.56,99.796,96.591,94.76,94.15,95.523,94.607,91.25,84.994,79.196,73.092,68.056,58.443,49.593,39.216,30.976,23.652,19.074,15.87,12.207,7.3244,2.7467,-3.2044,-6.4089,-10.529,-11.139,-12.207,-13.276,-16.785,-19.379,-22.126,-24.415,-24.11,-21.516,-20.447,-19.379,-20.295,-20.447,-23.194,-25.025,-27.772,-27.467,-27.314,-27.467,-26.246,-25.33,-25.941,-27.772,-28.077,-29.45,-34.944,-39.521,-43.336,-45.015,-46.388,-46.236,-47.761,-49.745,-50.356,-52.492,-53.56,-56.154,-60.732,-62.563,-64.394,-62.868,-59.816,-54.628,-50.356,-45.778,-40.437,-35.249,-30.976,-29.603,-31.281,-33.57,-35.554,-35.707,-37.08,-38.911,-41.658,-41.658,-40.742,-38.148,-36.622,-34.181,-31.434,-30.061,-33.113,-40.284,-51.118,-59.969,-67.751,-74.007,-80.569,-86.825,-93.081,-96.286,-94.455,-89.572,-85.452,-82.705,-84.231,-86.062,-88.198,-87.741,-86.978,-81.942,-75.686,-71.871,-70.04,-70.04,-69.582,-68.667,-66.53,-63.173,-61.495,-56.001,-50.508,-45.473,-44.862,-46.388,-47.456,-46.846,-45.473,-43.031,-40.59,-36.164,-31.281,-22.126,-19.379,-18.921,-15.87,-8.0874,0.15259,13.123,25.025,37.385,47.761,57.527,65.157,76.296,85.757,92.471,97.354,101.17,104.37,106.2,106.36,105.29,100.86,97.812,94.302,93.539,88.656,83.163,76.907,71.413,63.326,58.596,54.628,51.271,48.982,47.914,44.252,41.2,36.622,31.892,22.431,15.412,7.6296,2.1363,-2.8993,-7.6296,-13.123,-16.785,-19.684,-24.72,-28.993,-29.145,-30.061,-28.993,-28.077,-25.025,-23.041,-19.99,-19.074,-19.227,-18.769,-17.243,-14.801,-10.529,-8.0874,-5.7985,-7.9348,-9.003,-11.902,-14.496,-14.191,-12.207,-9.4607,-4.12,-0.30519,2.7467,4.12,6.7141,4.2726,4.12,2.5941,1.8311,0.91556,0.45778,1.5259,3.8148,6.1037,9.1556,9.6133,9.3081,9.4607,9.9185,6.2563,7.7822,10.529,18.006,25.33,30.976,32.96,34.028,34.791,34.639,32.35,32.502,34.181,37.233,38.759,42.268,43.947,45.625,48.219,52.644,55.849,59.511,62.41,62.105,60.121,59.969,57.375,56.612,57.833,64.089,67.446,69.735,74.007,80.569,85.91,90.182,92.471,96.133,97.507,101.02,103.46,107.43,108.04,111.39,112.77,115.97,117.19,119.02,119.94,120.4,123.14,128.18,130.92,135.35,139.62,144.05,143.74,143.89,143.44,143.28,140.23,136.27,131.08,124.21,118.26,116.58,113.53,113.22,112.46,113.83,115.67,119.17,122.68,126.04,126.5,126.8,125.28,123.45,120.24,117.19,112.16,108.8,104.53,101.47,95.981,92.624,88.809,86.215,83.316,82.4,77.822,72.024,64.699,57.833,48.524,42.421,34.486,28.687,19.532,11.444,3.6622,-1.6785,-8.0874,-16.785,-25.788,-32.655,-38.148,-40.284,-44.252,-45.167,-46.388,-45.93,-45.473,-45.015,-45.015,-43.184,-37.69,-28.077,-16.938,-8.0874,-2.8993,3.357,8.5452,13.123,13.276,14.954,14.954,16.327,15.564,14.649,13.581,13.886,14.191,14.954,14.039,12.665,6.2563,-0.76296,-11.75,-18.159,-21.21,-19.532,-16.48,-12.97,-8.8504,-6.5615,-5.9511,-4.4252,-3.0519,0.91556,5.3407,12.665,20.142,28.993,33.876,37.08,39.064,40.59,41.658,44.862,48.524,54.628,58.29,62.868,66.53,72.787,77.059,82.553,84.841,86.367,84.536,81.179,76.907,74.923,74.16,75.228,73.855,70.498,63.021,57.68,48.524,42.116,35.096,31.587,28.382,23.499,17.243,10.987,4.4252,-1.3733,-6.4089,-10.987,-18.464,-23.804,-27.772,-28.84,-30.213,-28.382,-25.025,-22.889,-19.379,-13.428,-6.5615,0.30519,5.3407,13.276,22.431,33.57,43.489,59.358,75.076,89.267,99.49,105.44,109.87,116.12,118.72,119.17,119.48,120.85,119.63,119.33,117.5,119.02,115.05,109.41,102.08,95.676,89.419,84.536,80.264,75.991,70.498,66.836,61.037,56.154,48.219,39.521,30.213,23.957,19.074,16.327,11.597,6.4089,3.9674,2.8993,-1.2207,-1.2207,-1.8311,-2.2889,-4.2726,-2.8993,-3.6622,-2.8993,-5.0356,-6.7141,-6.7141,-4.5778,0.76296,8.3926,12.818,18.769,23.194,29.756,35.859,44.71,51.881,59.206,67.293,75.381,83.01,87.588,90.793,93.234,91.098,90.335,87.436,85.604,83.163,83.163,82.4,84.231,87.588,92.471,97.659,101.47,101.32,99.185,95.37,91.403,83.773,78.28,72.634,69.582,68.972,72.176,76.144,79.501,79.501,79.501,79.196,84.689,89.267,94.455,97.507,103.61,111.39,123.14,133.67,143.13,149.24,154.12,161.6,169.23,172.28,175.79,178.38,180.97,182.35,186.62,188.45,188.45,186.16,183.57,181.89,180.67,178.08,175.48,170.75,167.39,162.36,156.56,149.54,144.2,137.49,131.84,129.86,128.48,124.36,119.33,112.92,108.65,104.53,102.24,95.981,89.877,82.553,74.618,68.361,64.241,60.884,56.001,50.05,43.947,36.012,29.603,21.21,12.97,4.2726,-0.15259,-3.6622,-5.7985,-7.9348,-8.5452,-8.0874,-6.8667,-6.5615,-5.6459,-7.0193,-4.7304,-3.8148,-3.2044,-3.9674,-3.357,-0.91556,-0,-0.91556,-1.2207,-2.8993,-3.5096,-0.91556,3.6622,5.4933,8.6978,10.224,13.428,13.886,13.123,12.055,14.954,17.701,18.159,17.09,17.548,18.311,20.142,21.363,24.262,22.889,21.363,18.769,18.006,16.48,15.87,17.853,20.295,20.295,20.295,22.736,25.636,26.399,29.145,30.213,30.366,27.314,26.093,25.636,28.382,32.044,37.843,41.963,43.641,43.184,43.794,43.794,44.404,43.641,45.32,46.083,47.914,49.44,49.44,47.761,43.794,39.827,37.538,35.707,36.47,35.707,35.401,32.96,32.502,31.129,28.535,25.178,21.821,15.259,8.3926,1.0681,-5.3407,-10.376,-11.444,-13.886,-15.87,-19.99,-24.873,-31.281,-34.333,-37.538,-39.827,-45.473,-50.508,-56.459,-61.8,-66.836,-67.293,-68.819,-70.04,-74.007,-74.007,-70.498,-64.241,-58.748,-52.797,-49.745,-48.067,-49.745,-50.356,-51.576,-51.881,-52.034,-51.729,-53.713,-54.476,-55.238,-55.391,-52.797,-47.304,-42.116,-36.47,-32.96,-30.671,-31.587,-31.434,-32.35,-31.281,-32.655,-33.113,-33.876,-33.265,-34.486,-36.927,-38.453,-36.775,-34.944,-31.434,-28.382,-23.041,-19.379,-16.633,-14.649,-10.224,-7.7822,-7.9348,-6.8667,-4.4252,-2.8993,-1.2207,-4.7304,-7.0193,-9.003,-7.1718,-5.3407,-2.2889,0.61037,4.4252,7.7822,10.071,11.292,11.902,10.987,11.75,12.207,14.344,14.039,17.09,18.769,19.684,16.785,12.665,9.9185,10.834,13.428,13.581,12.055,13.276,14.496,19.379,21.821,22.584,21.668,21.363,22.431,23.957,25.636,27.619,26.551,27.467,28.993,32.96,33.418,32.96,32.197,32.502,31.281,32.96,35.401,37.385,36.775,32.197,26.704,22.279,15.564,10.681,6.5615,4.12,-1.2207,-6.2563,-12.055,-16.175,-20.6,-25.33,-29.298,-32.807,-36.775,-39.521,-43.336,-46.388,-49.745,-51.729,-54.323,-54.628,-54.018,-53.865,-52.797,-49.898,-49.745,-48.677,-47.304,-45.625,-45.473,-45.167,-47.151,-48.83,-49.898,-51.118,-52.339,-50.508,-50.813,-51.271,-53.102,-53.102,-54.781,-54.17,-53.713,-52.797,-53.407,-54.933,-58.748,-60.579,-60.732,-60.579,-62.105,-61.342,-62.563,-63.631,-66.073,-67.598,-67.904,-68.972,-71.566,-73.702,-75.381,-74.923,-73.855,-68.056,-65.157,-60.884,-59.969,-58.596,-59.969,-58.748,-56.764,-53.407,-51.881,-50.05,-51.729,-54.018,-58.138,-60.121,-64.241,-65.92,-68.209,-69.887,-74.465,-79.653,-84.384,-86.673,-87.588,-88.809,-89.419,-90.945,-92.166,-90.64,-89.877,-86.215,-84.384,-83.316,-84.994,-86.673,-88.351,-87.588,-85.147,-83.316,-82.4,-83.926,-85.604,-86.825,-89.114,-88.961,-88.504,-86.978,-85.757,-82.705,-79.958,-77.67,-76.449,-75.076,-71.566,-66.073,-60.884,-55.086,-51.729,-50.203,-50.356,-48.524,-47.456,-45.93,-44.557,-45.015,-45.93,-46.846,-48.524,-50.05,-52.95,-53.713,-54.17,-54.476,-55.391,-55.391,-56.154,-56.307,-56.307,-57.985,-59.664,-59.816,-60.427,-58.596,-54.476,-48.677,-43.794,-37.233,-30.976,-25.636,-21.516,-18.616,-14.954,-11.292,-5.4933,1.8311,5.3407,10.071,13.123,15.87,14.191,14.191,12.97,12.513,10.987,10.071,8.3926,6.5615,5.1881,4.4252,0.30519,-2.5941,-6.2563,-6.7141,-8.0874,-9.003,-11.902,-14.344,-17.853,-22.279,-28.23,-31.281,-32.502,-34.181,-36.775,-38.148,-41.353,-42.421,-45.625,-47.914,-52.797,-57.833,-63.021,-66.683,-71.718,-74.618,-80.111,-82.247,-85.91,-86.52,-88.809,-91.708,-94.302,-96.133,-96.286,-94.455,-93.081,-89.419,-87.13,-83.163,-78.585,-70.04,-60.884,-48.982,-37.538,-27.619,-21.516,-16.327,-12.818,-9.003,-7.1718,-3.6622,-2.5941,-0.91556,-0.76296,-1.5259,-3.6622,-2.7467,-0.45778,2.2889,5.3407,8.24,8.6978,9.9185,8.5452,7.9348,2.7467,-3.0519,-8.24,-14.191,-21.668,-29.603,-37.996,-41.2,-41.505,-39.064,-38.759,-38.606,-41.505,-42.879,-46.693,-50.661,-58.138,-65.92,-73.55,-79.348,-85.452,-86.978,-88.351,-87.283,-87.13,-82.858,-78.433,-73.092,-66.683,-58.443,-50.05,-41.658,-31.587,-19.99,-9.7659,3.357,15.107,27.467,38.301,50.966,63.021,75.228,88.046,100.25,111.24,122.07,131.08,140.84,150.61,159.46,167.55,174.87,182.04,189.52,198.68,209.66,220.95,232.86,243.69,253.3,260.48,270.55,280.01,290.08,299.84,309.92,318.16,325.63,332.96,341.2,349.28,358.44,367.75,378.12,386.36,393.99,401.78,410.02,420.09,431.68,441.6,450,457.32,464.49,470.9,478.53,484.18,491.04,496.69,501.11,503.1,503.1,502.79,501.57,501.11,501.88,500.96,502.18,502.03,501.11,497.3,494.25,491.65,488.6,486.16,483.72,481.12,478.84,475.78,474.41,470.6,467.54,465.56,464.8,464.49,463.88,463.73,462.66,459.76,457.32,455.79,454.42,453.66,453.66,451.67,450,447.25,444.04,439.92,435.19,430.16,424.82,419.63,415.36,410.93,409.56,405.9,401.32,394.45,388.5,381.48,375.38,368.97,363.17,358.59,354.01,350.2,347.76,343.49,340.43,334.94,329.6,322.43,316.48,310.22,305.49,300.45,296.18,290.84,286.26,281.08,276.35,269.63,263.53,254.68,247.51,238.65,231.03,222.94,213.02,202.95,192.27,182.35,175.48,166.63,159.31,151.22,144.51,136.57,127.72,117.8,109.26,101.47,92.929,85.452,79.958,72.176,65.615,57.985,51.118,45.32,41.505,38.911,35.096,29.603,22.736,16.175,10.071,3.0519,-1.5259,-8.5452,-14.344,-20.753,-25.483,-30.824,-35.554,-39.369,-43.031,-45.778,-47.914,-50.661,-51.424,-50.508,-48.83,-51.118,-51.271,-50.661,-48.83,-46.083,-41.2,-35.554,-29.603,-25.636,-22.279,-21.21,-18.159,-15.87,-13.886,-14.496,-15.412,-15.259,-12.97,-13.123,-15.107,-16.175,-14.344,-13.733,-14.344,-15.259,-16.327,-18.616,-18.769,-18.311,-15.412,-12.055,-9.7659,-9.9185,-9.1556,-8.24,-7.477,-9.3081,-8.5452,-8.8504,-7.7822,-7.7822,-5.3407,-5.0356,-7.0193,-10.224,-15.87,-22.736,-28.382,-34.791,-39.216,-42.726,-45.167,-51.271,-58.29,-66.225,-72.329,-77.059,-80.721,-85.604,-92.166,-98.727,-107.27,-117.34,-125.74,-137.18,-149.24,-161.75,-170.14,-178.38,-183.87,-187.84,-191.2,-196.39,-201.73,-206.92,-211.65,-218.05,-222.33,-227.52,-234.23,-242.93,-249.03,-254.22,-259.25,-261.85,-265.21,-269.63,-274.36,-282.14,-289.32,-294.2,-293.74,-292.67,-292.21,-293.74,-295.42,-296.79,-295.72,-294.2,-292.21,-290.99,-288.71,-287.64,-286.57,-286.26,-285.04,-283.97,-281.69,-281.08,-281.99,-282.14,-282.14,-285.65,-289.93,-294.2,-298.47,-303.96,-305.95,-307.02,-306.25,-306.56,-307.47,-307.32,-305.03,-301.68,-296.33,-292.21,-287.03,-285.2,-282.6,-282.14,-280.16,-280.01,-276.5,-272.53,-266.88,-259.56,-251.63,-244.45,-237.59,-231.48,-224.92,-220.04,-213.63,-206.61,-197.45,-190.89,-186.32,-180.97,-177.31,-176.09,-175.63,-176.09,-173.8,-172.43,-169.68,-169.07,-168,-169.07,-169.07,-172.28,-176.4,-180.21,-181.13,-182.65,-183.57,-186.47,-186.62,-186.62,-183.72,-179.91,-173.96,-168.46,-160.53,-154.88,-149.54,-144.81,-140.08,-134.74,-128.48,-123.45,-116.89,-112.92,-110.02,-110.63,-110.02,-111.55,-111.85,-110.48,-108.34,-107.88,-106.81,-106.51,-104.07,-103,-101.78,-101.47,-99.185,-98.422,-98.88,-101.63,-103.15,-105.44,-108.04,-111.09,-112.77,-116.28,-118.26,-122.23,-125.43,-131.99,-137.94,-145.42,-150.15,-153.05,-153.51,-153.05,-149.24,-146.18,-143.59,-139.62,-135.04,-135.2,-135.35,-135.5,-135.96,-141.91,-148.93,-158.39,-165.87,-173.96,-179.6,-184.33,-184.18,-185.4,-182.04,-178.08,-173.04,-170.45,-165.56,-160.99,-158.7,-159,-158.09,-156.87,-154.42,-155.64,-154.58,-156.56,-159.15,-162.51,-164.34,-169.38,-174.72,-180.82,-184.18,-187.23,-188.45,-189.83,-189.98,-191.81,-190.74,-189.52,-187.08,-186.62,-185.4,-185.4,-186.47,-185.55,-183.11,-179.3,-175.79,-172.43,-167.7,-163.27,-157.32,-153.05,-148.47,-145.57,-142.67,-140.08,-136.88,-135.04,-131.53,-128.33,-125.13,-122.84,-118.56,-115.36,-110.02,-106.36,-101.63,-97.354,-94.913,-94.302,-93.844,-93.081,-93.692,-94.76,-94.455,-94.302,-94.455,-96.133,-97.507,-100.41,-101.32,-102.24,-102.39,-102.08,-101.78,-100.56,-98.88,-98.27,-97.049,-97.964,-98.422,-100.1,-101.17,-102.39,-101.32,-97.659,-92.318,-86.215,-79.653,-76.601,-73.397,-72.024,-66.683,-62.868,-59.358,-59.206,-57.985,-57.07,-54.17,-51.881,-50.203,-50.203,-47.456,-43.947,-39.521,-38.148,-35.859,-35.859,-34.181,-32.502,-29.298,-27.467,-23.652,-20.295,-17.396,-17.701,-17.396,-19.99,-20.753,-21.821,-17.853,-15.107,-12.818,-13.276,-15.564,-18.616,-19.99,-22.279,-22.279,-22.126,-19.379,-18.311,-14.801,-13.886,-10.834,-7.0193,-3.5096,-2.1363,-0.45778,0.91556,1.5259,2.2889,5.1881,7.6296,13.123,16.785,21.973,21.516,20.447,18.769,16.938,15.259,16.327,18.921,22.126,21.973,21.21,17.853,16.327,12.665,9.003,4.4252,0.30519,-3.5096,-6.7141,-8.3926,-10.224,-11.444,-13.733,-16.785,-20.142,-24.262,-26.856,-31.281,-33.418,-34.944,-33.876,-33.418,-34.181,-34.791,-35.401,-34.944,-33.57,-30.976,-28.077,-26.399,-21.821,-16.175,-9.4607,-4.12,1.9837,7.7822,14.344,19.99,26.246,30.824,36.622,42.268,48.524,50.813,53.407,52.187,52.797,53.56,56.001,58.901,60.579,60.579,58.901,56.459,54.781,51.881,47.609,41.2,36.622,31.434,28.23,21.821,17.548,13.733,10.529,6.2563,3.8148,-0.30519,-2.4415,-4.7304,-4.7304,-6.5615,-5.0356,-5.1881,-4.7304,-5.3407,-5.0356,-5.0356,-5.1881,-4.12,-1.5259,-0.45778,2.5941,4.883,7.7822,10.681,16.175,18.006,17.853,15.87,14.649,13.733,12.97,14.039,18.464,21.821,23.957,23.957,26.246,27.314,28.687,27.772,28.687,28.23,28.23,28.23,28.382,27.619,27.161,24.415,20.6,15.717,13.123,9.7659,7.3244,3.9674,3.5096,3.357,2.5941,0.45778,-3.5096,-9.3081,-11.75,-16.175,-17.548,-17.548,-15.717,-16.175,-15.87,-14.191,-10.224,-5.4933,-0.45778,3.8148,6.8667,8.3926,10.071,9.003,10.376,11.139,15.717,19.684,24.873,27.009,27.161,23.957,20.142,17.09,17.243,18.159,21.058,20.295,23.499,26.856,30.976,32.655,35.249,38.148,41.505,45.167,48.219,49.44,50.661,49.287,48.982,46.541,45.625,44.862,44.862,43.947,44.099,43.031,42.726,42.879,43.336,41.963,42.573,41.2,42.421,42.268,44.252,45.32,48.982,52.339,55.696,58.596,60.732,60.732,62.716,65.157,69.124,70.65,73.855,76.144,78.433,78.28,78.585,78.127,79.653,82.553,84.841,86.062,88.809,87.893,86.062,82.858,80.111,76.144,71.108,66.53,61.953,58.748,58.138,57.68,58.29,56.917,56.917,54.323,52.492,50.05,47.761,45.015,40.895,39.521,41.047,42.573,46.999,49.287,51.271,49.745,49.287,47.609,45.32,42.268,39.674,39.216,38.759,37.843,39.216,39.674,41.047,40.742,41.505,41.353,43.794,46.693,49.745,52.492,55.086,57.222,59.053,60.121,63.173,62.716,61.647,56.917,52.339,49.135,47.609,46.236,45.473,42.573,37.69,32.502,27.924,22.126,18.769,13.581,9.003,3.8148,1.5259,-1.2207,-2.5941,-3.5096,-4.5778,-8.3926,-11.75,-12.513,-13.276,-14.954,-13.581,-13.276,-10.376,-8.5452,-5.6459,-3.8148,0.45778,6.1037,11.902,17.396,24.262,30.061,36.775,42.268,49.135,53.713,58.29,61.647,65.462,69.277,71.566,71.108,69.735,65.31,60.274,55.696,53.865,49.287,44.252,38.453,34.791,30.213,27.924,24.873,22.126,20.295,18.311,16.785,16.633,18.464,22.736,26.246,29.756,31.129,32.197,32.655,36.012,39.827,43.336,45.778,48.982,51.881,57.527,62.716,67.598,68.972,72.787,82.247,99.185,115.82,129.55,140.39,148.32,151.98,153.2,154.73,157.32,159.92,164.8,167.55,171.67,177.92,192.42,208.14,218.05,221.56,223.09,224.16,225.23,222.33,223.7,226.45,228.58,228.74,227.36,227.36,227.36,224.16,217.29,209.66,199.29,184.64,171.06,156.1,140.39,122.23,105.9,86.52,68.056,50.356,33.418,15.717,-0.30519,-15.564,-29.908,-47.304,-62.41,-77.975,-90.487,-103.92,-114.29,-123.45,-130.01,-135.81,-139.93,-144.2,-146.18,-147.56,-148.47,-150.3,-149.69,-149.85,-147.4,-146.34,-142.67,-139.93,-135.96,-132.6,-129.25,-126.04,-122.53,-119.33,-114.9,-112.61,-107.43,-103.31,-96.896,-90.487,-81.942,-74.16,-65.157,-56.612,-47.761,-39.674,-30.519,-23.194,-13.886,-5.9511,3.6622,11.139,20.142,28.382,37.385,46.083,54.476,62.258,70.04,77.822,87.893,97.964,109.56,120.24,130.92,140.23,149.69,158.85,168.77,178.23,186.47,193.64,200.66,206.46,212.71,216.22,222.17,226.6,231.79,237.74,245.06,249.49,252.85,256.05,259.71,263.68,267.49,271.31,275.73,277.57,281.38,283.21,285.04,284.89,286.26,287.79,290.23,292.21,294.35,295.57,297.71,298.17,300.61,302.13,305.03,305.34,305.64,304.12,302.9,303.2,301.68,301.07,302.74,302.44,303.51,301.98,302.13,299.84,297.25,293.59,289.32,285.2,280.62,273.6,270.55,267.04,265.05,261.85,259.41,254.07,250.86,249.03,247.81,246.59,245.06,243.39,242.77,241.1,237.74,233.62,231.64,229.65,228.89,227.67,224.46,220.04,216.83,211.8,205.85,199.59,195.47,190.28,187.08,184.33,182.81,180.52,177.62,174.72,171.06,166.94,162.97,158.24,155.19,152.9,153.81,153.36,152.59,151.68,150.15,148.78,146.64,143.59,138.25,131.84,126.96,121.31,117.04,111.09,106.97,102.24,95.065,88.504,82.553,75.991,68.209,60.274,54.323,47.609,44.862,41.047,37.996,32.502,28.535,24.873,19.837,14.344,8.8504,3.357,1.3733,0.45778,0.91556,0.45778,1.2207,-0.91556,-4.5778,-10.681,-15.717,-18.464,-19.379,-20.447,-22.279,-25.941,-30.213,-36.622,-42.116,-49.44,-55.086,-62.716,-71.871,-78.433,-83.926,-87.588,-89.419,-90.335,-90.03,-91.403,-90.03,-89.877,-88.809,-90.64,-93.081,-94.455,-95.37,-97.507,-100.25,-104.22,-108.65,-113.38,-118.11,-122.99,-124.82,-124.82,-122.53,-120.85,-120.24,-121.16,-123.29,-126.04,-129.25,-135.04,-139.16,-143.59,-146.34,-150.91,-153.05,-156.25,-158.09,-162.21,-166.63,-169.84,-171.06,-171.82,-171.36,-172.12,-173.65,-177.01,-177.01,-178.08,-177.77,-179.45,-183.42,-188.15,-192.88,-198.83,-206.31,-213.32,-215.77,-220.65,-223.09,-227.67,-227.52,-228.13,-228.58,-229.35,-231.79,-237.59,-241.71,-244.61,-245.37,-247.05,-248.12,-251.17,-251.47,-252.24,-251.47,-252.24,-248.27,-245.67,-242.77,-238.81,-233.62,-230.26,-226.6,-224.77,-223.4,-223.55,-220.04,-218.97,-215.92,-214.85,-213.02,-211.49,-208.14,-203.86,-200.2,-197.91,-194.56,-191.35,-187.38,-186.32,-184.18,-185.4,-186.93,-188.45,-189.67,-191.66,-193.64,-195.93,-198.52,-202.19,-201.57,-200.96,-201.12,-201.88,-203.41,-206.61,-206.15,-203.56,-201.88,-200.96,-200.81,-200.51,-199.44,-200.35,-198.83,-197.61,-193.33,-190.74,-187.69,-185.09,-180.36,-175.33,-169.68,-163.88,-157.78,-153.51,-148.93,-146.79,-143.28,-139.62,-135.96,-133.67,-131.84,-131.84,-131.23,-131.99,-132.91,-136.27,-138.86,-142.67,-145.73,-148.63,-150,-150.3,-150.15,-149.54,-147.56,-148.63,-148.93,-150.76,-150.15,-149.24,-145.57,-141.61,-136.42,-131.08,-127.11,-122.84,-119.94,-120.09,-119.02,-120.7,-121.31,-122.53,-122.84,-126.35,-128.33,-130.31,-132.76,-134.43,-135.5,-138.86,-141.15,-146.49,-148.01,-148.17,-146.18,-144.51,-142.98,-142.06,-141,-139.47,-136.88,-133.98,-128.18,-122.53,-115.51,-111.24,-104.83,-100.1,-95.218,-92.929,-90.945,-90.182,-87.436,-84.994,-84.231,-85.757,-84.994,-86.52,-86.825,-88.198,-87.588,-88.809,-92.929,-98.422,-104.22,-110.02,-115.51,-122.38,-125.43,-125.74,-123.14,-121.92,-119.94,-118.72,-117.65,-117.34,-117.5,-115.67,-109.71,-104.83,-100.71,-99.338,-96.744,-96.133,-95.065,-94.913,-93.844,-92.776,-87.588,-82.4,-75.533,-71.871,-68.361,-65.31,-60.579,-57.833,-53.713,-51.576,-48.677,-47.761,-46.693,-44.71,-42.421,-39.521,-35.249,-32.96,-31.739,-32.807,-31.434,-31.892,-33.723,-34.639,-34.486,-34.333,-34.639,-36.012,-36.012,-34.791,-32.502,-31.892,-31.129,-31.434,-32.807,-32.35,-32.197,-33.113,-32.044,-30.519,-27.314,-27.161,-24.72,-23.804,-20.447,-15.717,-13.276,-14.649,-14.954,-15.87,-17.243,-19.227,-19.227,-18.464,-17.701,-21.058,-24.72,-28.382,-26.093,-24.262,-24.415,-23.652,-21.363,-23.041,-25.941,-30.061,-30.976,-33.876,-35.096,-37.538,-40.284,-42.421,-44.099,-46.083,-45.473,-46.083,-49.135,-54.323,-56.001,-57.68,-57.07,-57.222,-57.07,-57.222,-55.238,-49.745,-42.421,-35.554,-28.687,-25.178,-20.295,-16.48,-10.681,-5.9511,0.76296,7.9348,15.564,21.21,25.788,31.892,37.233,37.69,36.317,32.502,28.535,22.736,19.684,16.48,14.344,12.665,10.681,5.9511,-0.15259,-8.0874,-14.649,-21.363,-24.415,-29.756,-36.164,-44.862,-54.17,-64.089,-75.838,-89.114,-101.02,-112.77,-120.7,-131.08,-138.1,-145.57,-151.07,-153.2,-155.8,-157.93,-155.64,-155.34,-157.02,-161.44,-162.82,-164.8,-166.02,-167.39,-166.02,-164.34,-162.21,-160.37,-154.42,-152.13,-148.63,-148.47,-148.17,-147.25,-143.59,-136.57,-126.96,-117.95,-110.17,-106.66,-104.98,-105.44,-102.85,-102.08,-100.71,-99.338,-101.63,-104.22,-105.29,-106.97,-107.12,-108.49,-107.43,-104.22,-98.117,-90.64,-80.111,-71.871,-64.394,-58.138,-48.524,-41.963,-33.876,-26.093,-17.243,-12.207,-8.3926,-3.5096,1.2207,4.7304,10.376,15.564,18.616,19.684,22.126,23.957,26.856,30.213,33.57,37.385,40.284,41.963,42.421,40.284,40.437,40.284,41.505,42.573,46.083,49.593,52.339,56.001,60.884,66.988,75.533,81.79,87.741,89.114,88.809,87.893,89.724,91.708,96.438,104.83,117.34,126.35,133.52,136.72,136.42,132.3,131.08,129.86,127.41,121.92,117.04,113.99,110.48,106.2,100.25,91.25,85.452,78.585,71.871,65.767,62.258,58.901,57.527,55.696,50.508,42.116,35.096,31.739,30.519,29.45,29.603,27.772,29.298,27.009,25.483,24.72,24.262,27.314,31.281,33.876,35.249,33.265,29.756,23.652,20.6,17.396,17.701,20.295,23.347,26.093,27.924,27.772,27.619,27.009,27.924,27.619,29.756,28.993,28.993,28.687,26.856,24.567,24.567,26.551,28.84,30.976,34.639,37.538,45.015,49.898,52.95,53.407,50.813,47.304,43.489,37.843,34.181,30.213,26.856,23.347,22.889,20.905,19.227,16.327,12.207,6.2563,0.61037,-3.357,-4.4252,-5.0356,-5.0356,-6.1037,-6.5615,-7.9348,-9.7659,-13.886,-18.921,-24.11,-29.603,-34.944,-37.538,-41.047,-42.879,-42.726,-36.775,-29.45,-23.957,-20.447,-15.717,-13.276,-10.529,-9.4607,-6.4089,-3.8148,1.3733,8.6978,16.785,22.431,26.093,29.603,32.502,35.707,39.827,41.81,44.557,43.489,42.116,40.437,38.453,37.08,37.08,36.927,33.723,27.009,22.431,16.633,13.581,8.0874,3.0519,-2.7467,-6.8667,-7.477,-6.1037,-7.7822,-9.003,-11.597,-11.597,-11.902,-10.224,-11.292,-9.3081,-4.883,2.4415,9.3081,15.412,21.363,26.704,29.145,32.044,31.587,32.044,32.655,34.486,33.265,30.366,27.619,26.399,24.567,22.889,20.6,20.295,17.853,18.616,18.464,20.295,20.905,22.736,22.889,21.516,17.396,12.818,7.9348,5.3407,1.9837,0.91556,-3.0519,-5.1881,-8.3926,-6.7141,-4.12,-0.30519,3.5096,9.3081,16.938,27.619,37.538,48.982,57.833,67.904,73.855,78.433,80.264,81.79,82.705,84.536,86.673,88.656,89.724,89.114,85.452,81.79,76.296,75.686,75.533,75.838,74.465,72.024,69.582,67.598,65.767,64.699,64.241,65.157,63.326,64.699,63.936,65.157,63.784,63.326,61.8,60.884,59.206,57.833,55.238,54.628,53.102,53.255,50.203,47.914,42.573,39.827,35.859,34.791,34.028,34.028,34.486,35.859,35.859,36.47,35.707,36.775,37.08,36.927,34.944,32.807,31.434,31.129,30.213,29.756,30.519,32.807,32.96,34.486,31.892,27.924,22.431,19.074,14.954,12.36,12.513,14.344,15.107,14.801,12.818,11.902,9.4607,6.7141,1.3733,-4.2726,-12.055,-18.159,-23.194,-27.161,-31.129,-33.418,-35.096,-34.181,-32.502,-29.908,-30.519,-30.976,-34.791,-36.317,-35.249,-32.96,-32.197,-29.756,-26.704,-23.957,-21.058,-17.09,-16.327,-14.801,-13.886,-12.055,-11.597,-9.6133,-5.6459,-1.8311,1.6785,6.1037,8.24,10.224,10.987,14.191,16.785,20.447,21.516,24.415,25.483,23.957,20.6,16.785,15.717,16.633,18.006,21.821,25.025,28.382,29.908,31.434,29.908,28.993,27.619,25.178,22.279,20.905,18.769,17.548,15.87,15.259,14.954,18.464,20.142,20.905,20.6,20.753,19.379,16.785,14.649,10.987,5.4933,2.5941,1.3733,3.0519,3.357,3.9674,2.8993,2.7467,1.3733,-0.15259,-0,0.61037,0.61037,1.3733,1.5259,1.5259,-0.76296,-3.8148,-11.292,-18.464,-28.535,-34.028,-38.911,-43.336,-47.151,-48.982,-48.677,-45.93,-45.167,-44.252,-44.862,-43.184,-43.336,-42.421,-42.268,-36.927,-32.044,-26.399,-23.957,-26.093,-31.587,-35.554,-39.674,-42.421,-47.151,-50.661,-55.849,-59.511,-64.089,-66.073,-68.972,-70.345,-72.939,-74.923,-77.517,-79.806,-83.468,-86.52,-90.03,-90.182,-91.25,-89.267,-89.114,-88.656,-88.198,-88.046,-88.504,-86.062,-82.705,-77.212,-74.007,-70.65,-69.735,-66.378,-63.631,-59.969,-58.138,-56.154,-54.476,-50.661,-46.083,-40.437,-38.759,-36.775,-36.47,-31.434,-27.772,-22.126,-18.769,-13.123,-7.6296,-1.0681,4.12,8.8504,11.597,14.954,17.09,21.363,24.72,28.23,27.314,27.467,26.856,26.093,24.415,24.262,23.652,23.499,24.567,25.941,26.856,28.687,26.704,24.415,18.464,15.717,9.9185,5.4933,-0.30519,-5.4933,-10.224,-12.97,-15.107,-15.107,-16.022,-16.938,-19.227,-19.379,-18.921,-16.633,-14.954,-12.97,-10.987,-6.8667,-5.1881,-3.5096,-3.357,-3.8148,-6.5615,-6.1037,-7.477,-7.0193,-7.1718,-3.6622,-3.5096,-3.9674,-5.7985,-7.3244,-10.834,-12.818,-13.886,-14.496,-16.022,-16.175,-19.684,-20.295,-22.889,-24.415,-27.467,-30.671,-33.57,-35.249,-36.927,-37.996,-38.911,-39.521,-42.573,-43.641,-44.71,-45.167,-48.219,-50.356,-53.865,-58.748,-63.478,-66.683,-67.141,-66.988,-65.92,-64.089,-64.394,-64.699,-66.378,-67.293,-70.345,-72.787,-75.076,-76.601,-76.907,-77.822,-79.196,-78.433,-77.822,-75.381,-75.076,-73.702,-74.465,-75.076,-75.533,-75.228,-72.481,-69.124,-65.615,-62.258,-59.664,-58.29,-59.969,-61.8,-66.073,-68.209,-70.345,-72.176,-75.228,-79.501,-83.01,-85.604,-87.283,-87.893,-90.03,-91.861,-95.065,-98.727,-103.61,-107.43,-111.85,-113.68,-116.89,-121.16,-126.04,-130.77,-135.2,-138.25,-143.13,-145.73,-150.15,-151.68,-156.56,-160.68,-166.17,-169.53,-173.8,-176.7,-181.43,-186.01,-192.27,-197.15,-202.8,-206.61,-210.58,-213.48,-217.6,-219.12,-221.72,-225.07,-229.19,-231.79,-234.23,-235.6,-239.42,-241.86,-246.89,-250.1,-253.3,-253.46,-253.91,-254.22,-254.37,-255.44,-256.2,-256.66,-259.25,-260.48,-261.7,-261.85,-262.76,-263.07,-263.37,-262,-260.32,-257.73,-255.75,-253.91,-252.39,-251.47,-251.01,-249.34,-248.27,-245.67,-244.3,-241.1,-237.89,-234.69,-231.48,-226.6,-222.33,-218.36,-214.55,-209.05,-204.93,-200.35,-197.91,-193.95,-191.5,-187.99,-184.18,-180.06,-175.63,-171.82,-168.61,-164.95,-160.83,-155.03,-151.37,-147.1,-144.35,-139.47,-137.03,-135.5,-133.82,-131.84,-130.47,-128.94,-127.11,-125.28,-125.43,-124.52,-125.58,-125.13,-125.58,-124.36,-123.75,-122.38,-120.7,-120.55,-120.09,-120.09,-119.94,-119.33,-119.17,-118.41,-118.87,-117.95,-118.26,-118.11,-118.11,-117.34,-117.04,-117.34,-118.56,-118.72,-119.63,-119.79,-120.09,-118.56,-119.02,-118.11,-119.48,-120.09,-120.4,-120.7,-122.07,-122.99,-124.21,-124.36,-124.06,-121.77,-122.84,-123.45,-124.06,-124.97,-125.89,-126.04,-126.04,-126.65,-126.8,-125.28,-124.21,-122.68,-121.16,-118.26,-117.04,-114.6,-113.99,-112.46,-111.85,-110.17,-107.88,-105.75,-103.15,-99.643,-96.591,-93.234,-89.724,-85.757,-83.01,-78.433,-74.923,-69.124,-64.241,-60.121,-55.544,-50.508,-45.167,-40.284,-36.775,-31.587,-27.619,-23.041,-20.142,-15.412,-12.055,-6.5615,-1.2207,4.2726,9.6133,15.259,19.379,22.889,27.467,32.96,36.927,41.81,45.32,48.982,50.813,55.086,58.901,62.41,65.462,68.514,72.024,77.364,82.858,87.283,89.724,92.929,94.76,98.117,100.1,102.54,103.92,106.2,109.26,113.22,115.97,120.09,123.45,128.03,130.77,135.35,138.4,142.22,145.88,151.68,156.1,160.22,164.04,168.46,171.67,175.79,178.99,183.26,186.47,191.2,194.56,196.69,196.69,198.52,199.74,201.88,204.02,205.69,206.46,206.31,206.92,207.37,206.15,207.07,205.39,203.86,200.96,201.27,201.57,203.86,205.08,206.46,207.53,208.14,209.05,211.95,213.17,216.38,218.97,222.79,223.7,228.58,233.31,237.43,240.18,245.06,247.96,249.18,249.95,251.93,253.15,254.83,256.05,258.03,258.19,258.19,255.9,253.15,251.01,249.64,248.27,247.35,247.51,247.66,246.28,245.67,243.69,242.62,240.64,240.33,240.79,242.01,242.47,241.86,244,246.89,248.73,250.4,250.86,252.69,253,254.83,255.59,258.49,259.41,261.54,262.92,263.99,265.05,267.8,270.39,274.67,278.02,283.67,287.18,292.67,297.25,304.42,310.07,317.09,323.95,331.58,337.38,342.57,347.3,352.18,355.24,356.46,355.24,353.71,350.05,348.22,343.64,339.06,334.18,327.16,319.83,309.61,299.08,290.23,281.23,275.12,268.56,263.68,257.42,250.71,242.16,234.69,226.75,220.65,215.61,211.04,207.37,207.22,206.92,207.37,207.53,209.97,210.73,212.1,213.02,214.55,215.46,216.83,218.05,218.21,216.07,213.78,211.04,210.58,208.75,208.29,207.83,207.68,206,204.02,200.51,196.08,191.5,189.06,186.32,184.48,181.13,180.06,177.62,176.85,174.87,175.63,177.77,181.13,184.48,186.62,187.23,189.83,192.88,197.76,200.05,202.8,206.15,212.1,214.55,215.31,215.61,212.87,208.14,202.64,195.93,189.52,186.62,187.84,187.84,191.66,197.15,208.29,221.41,232.55,240.18,242.47,237.74,227.97,216.53,204.32,187.38,172.58,156.25,141.15,122.23,98.27,71.108,41.047,9.003,-23.499,-53.56,-81.332,-109.1,-132.45,-155.64,-178.08,-200.96,-221.11,-242.16,-259.56,-276.35,-290.84,-303.35,-309,-310.53,-309.92,-313.27,-316.93,-323.8,-330.36,-335.55,-338.6,-341.5,-343.94,-345.01,-343.94,-342.88,-338.76,-338.45,-336.92,-335.25,-332.35,-328.68,-323.5,-320.14,-316.78,-315.56,-313.88,-314.19,-311.9,-312.05,-310.98,-310.22,-307.17,-304.88,-302.9,-301.52,-296.03,-289.77,-281.38,-276.04,-269.63,-264.75,-258.34,-249.95,-241.4,-233.62,-223.55,-215.46,-205.39,-197,-185.71,-173.65,-163.27,-153.66,-144.51,-138.86,-132.91,-129.7,-122.99,-117.65,-108.95,-100.71,-92.776,-86.825,-81.79,-77.67,-74.16,-73.55,-72.329,-71.871,-69.124,-68.209,-64.089,-60.732,-59.664,-60.274,-62.105,-66.683,-69.735,-72.329,-70.498,-69.43,-66.836,-68.667,-69.277,-67.751,-66.988,-69.582,-71.108,-73.397,-73.244,-73.55,-70.193,-66.073,-57.222,-51.424,-47.761,-48.982,-48.982,-48.372,-46.541,-43.489,-40.132,-38.759,-37.385,-40.59,-42.879,-44.71,-43.184,-43.947,-41.353,-39.064,-35.554,-30.976,-23.041,-15.259,-6.1037,-0.91556,2.2889,3.6622,7.3244,10.834,18.006,22.889,27.772,30.366,32.655,34.333,37.69,42.116,47.914,50.203,55.086,58.596,63.021,64.241,67.446,71.718,75.991,77.212,76.907,76.449,75.686,75.076,77.059,77.67,79.806,84.689,90.945,96.591,101.32,101.63,96.286,90.335,86.825,85.604,88.046,86.367,83.926,81.027,78.127,70.803,65.31,61.342,56.612,49.745,42.116,32.96,24.262,15.87,8.3926,0.91556,-3.5096,-9.4607,-13.581,-19.684,-26.093,-31.434,-37.08,-43.031,-48.982,-52.187,-55.696,-59.206,-61.342,-65.462,-68.819,-74.313,-77.822,-82.705,-84.536,-85.452,-84.841,-85.604,-87.283,-89.267,-89.267,-88.504,-85.299,-83.01,-78.585,-74.007,-68.361,-63.021,-57.68,-53.865,-50.661,-47.456,-42.268,-36.012,-31.587,-29.45,-27.314,-26.399,-25.178,-25.33,-23.041,-21.973,-18.616,-14.954,-10.071,-5.1881,-0.76296,2.8993,5.9511,7.477,10.224,10.224,11.902,12.818,16.022,16.48,19.227,21.058,24.567,28.077,32.502,36.317,41.2,42.879,43.794,44.557,47.151,48.677,50.356,49.898,51.424,53.102,54.628,55.849,57.68,58.29,60.579,61.8,64.241,63.784,65.157,66.836,70.345,69.582,68.514,67.446,68.056,68.514,70.65,72.481,74.465,74.77,76.754,73.855,70.04,63.784,59.053,50.813,44.557,38.759,34.028,28.077,23.347,18.311,14.954,12.207,9.4607,6.7141,6.2563,2.2889,0.91556,-1.8311,-5.6459,-11.597,-16.022,-19.227,-21.516,-23.194,-23.652,-23.652,-24.262,-25.788,-25.178,-25.636,-25.33,-25.483,-25.025,-23.041,-21.668,-21.058,-17.701,-12.055,-6.4089,-1.8311,3.357,4.7304,3.6622,0.76296,1.0681,3.9674,5.7985,5.4933,4.12,3.5096,3.9674,8.6978,14.344,20.6,26.704,28.687,30.824,34.333,43.184,50.203,58.748,65.462,70.498,76.296,84.384,92.318,98.88,104.83,110.48,117.65,128.18,139.77,152.75,165.56,182.5,193.33,196.39,197,197.15,198.83,203.56,209.97,214.7,213.78,211.95,208.14,205.85,200.96,194.71,186.93,177.47,167.09,154.27,139.77,123.75,106.81,90.335,72.787,54.781,37.08,20.905,5.3407,-6.7141,-16.327,-26.246,-36.775,-46.236,-58.29,-66.683,-73.244,-77.67,-84.994,-92.471,-99.796,-106.2,-111.09,-112.46,-112.46,-112.16,-110.02,-108.65,-108.04,-108.49,-109.87,-110.02,-112,-111.7,-110.78,-108.19,-105.75,-103.46,-99.948,-94.76,-90.487,-86.062,-83.01,-79.501,-78.28,-75.381,-74.618,-73.702,-72.939,-71.871,-69.582,-66.073,-63.173,-59.664,-56.764,-50.813,-45.473,-39.674,-36.47,-32.197,-29.756,-28.23,-27.619,-25.788,-25.025,-22.889,-22.126,-18.616,-18.616,-18.159,-17.853,-16.938,-18.769,-18.311,-20.447,-21.821,-23.957,-23.652,-21.668,-18.616,-16.175,-10.834,-7.9348,-3.357,-1.0681,2.7467,6.2563,9.3081,10.987,12.97,14.039,15.412,13.276,9.1556,3.357,1.5259,-0.76296,-1.5259,-3.357,-3.5096,-4.7304,-7.0193,-10.071,-9.1556,-7.1718,-3.0519,-0.45778,1.8311,2.7467,6.7141,10.071,13.581,16.938,21.21,24.873,29.756,33.265,37.538,40.437,44.71,46.846,51.118,53.407,57.985,58.901,59.206,56.612,53.713,49.593,44.557,39.674,35.554,31.434,31.129,30.519,32.502,34.791,37.69,37.843,38.453,38.301,36.164,32.502,29.908,24.873,22.431,19.684,20.447,20.6,23.499,25.025,25.483,25.178,24.873,21.21,18.921,17.853,19.684,20.6,24.873,27.467,31.434,32.502,34.028,34.791,34.486,32.807,30.976,26.704,23.347,23.957,27.924,29.45,33.57,34.944,37.843,41.047,45.778,48.982,49.745,47.609,46.236,46.083,47.609,48.83,50.813,52.034,55.086,56.307,56.459,53.56,50.203,46.388,43.794,42.268,43.794,45.473,49.44,50.508,52.034,51.576,53.102,52.187,51.576,50.508,51.576,54.628,59.969,64.852,69.735,74.007,78.585,80.416,83.773,83.621,84.994,85.604,87.283,88.961,90.182,92.166,93.539,92.929,91.708,88.656,87.893,86.367,84.841,82.095,80.721,77.67,75.381,73.092,70.498,68.056,67.293,66.988,66.225,63.936,63.326,61.495,59.358,57.07,56.154,55.086,52.797,51.118,50.05,49.44,48.372,46.846,46.236,44.71,44.862,43.947,44.099,42.116,41.81,42.268,43.641,46.693,49.135,50.966,52.644,53.407,54.476,54.018,55.086,53.407,52.797,50.966,52.644,55.696,60.121,63.326,67.141,70.193,74.16,77.822,84.384,90.335,97.964,104.53,112.61,119.02,125.74,132.15,137.49,143.44,148.78,153.97,160.68,166.33,173.19,178.69,186.16,193.03,198.37,203.41,207.98,212.71,218.21,223.85,231.18,236.21,242.62,245.67,248.73,250.4,252.85,256.05,258.95,261.7,264.29,266.88,270.39,274.51,279.4,283.06,288.55,292.06,295.42,297.56,299.69,302.13,305.8,309.92,314.34,318,321.67,323.65,325.63,325.33,325.48,325.02,326.7,327.77,327.92,327.62,326.7,325.33,325.79,324.26,321.05,316.32,313.12,309.15,304.73,301.07,298.62,294.5,289.01,282.75,277.57,271,264.6,257.73,251.47,244.61,239.57,235.45,230.57,226.75,224.31,220.95,217.9,214.7,211.95,208.14,205.69,203.1,201.27,198.83,196.08,192.72,188.6,184.33,179.91,174.41,169.38,163.73,158.39,151.37,145.12,137.03,130.31,123.29,116.58,111.24,106.51,103.61,99.185,93.539,87.588,79.348,73.397,66.988,62.41,56.612,50.356,43.947,38.911,32.655,25.178,16.633,9.1556,0.45778,-6.4089,-12.818,-18.159,-24.415,-29.145,-34.486,-39.064,-43.184,-48.219,-51.729,-54.323,-57.985,-60.274,-64.241,-65.462,-65.31,-63.326,-61.8,-59.206,-57.833,-57.527,-57.375,-55.696,-54.476,-52.644,-54.018,-54.781,-56.764,-56.917,-58.29,-57.833,-57.07,-56.154,-55.696,-55.696,-55.238,-56.154,-59.969,-62.41,-64.089,-64.241,-65.92,-66.836,-68.514,-68.819,-69.735,-71.566,-74.77,-77.975,-80.416,-82.095,-85.299,-89.724,-95.676,-98.88,-103.31,-106.2,-109.71,-110.32,-110.48,-110.93,-112.92,-116.58,-119.48,-121.77,-125.58,-128.03,-133.37,-137.33,-141,-141.3,-141.61,-138.4,-134.89,-127.72,-118.87,-111.09,-104.53,-98.117,-93.539,-89.877,-89.267,-88.656,-90.03,-91.098,-90.945,-86.978,-81.79,-76.449,-70.956,-64.241,-56.307,-51.271,-48.677,-46.846,-47.914,-48.067,-48.219,-44.404,-41.505,-40.437,-39.979,-38.759,-37.996,-36.164,-34.944,-34.944,-36.012,-36.927,-43.031,-49.745,-54.781,-55.391,-52.492,-48.982,-46.693,-46.693,-49.44,-54.781,-57.833,-58.138,-65.615,-72.481,-82.095,-87.588,-93.081,-95.37,-96.744,-96.133,-94.15,-93.844,-97.507,-103.31,-114.29,-126.5,-139.01,-149.24,-161.9,-172.89,-185.09,-195.62,-205.54,-212.71,-218.82,-224.31,-232.09,-236.37,-239.57,-239.27,-244.15,-252.39,-263.99,-274.67,-286.26,-298.93,-309.76,-316.17,-319.38,-317.39,-316.32,-315.1,-318.16,-319.53,-319.38,-316.63,-316.17,-314.19,-311.9,-309.76,-310.98,-312.97,-316.17,-316.93,-317.85,-316.48,-315.71,-313.58,-311.29,-308.39,-306.1,-304.73,-301.22,-295.57,-289.01,-282.75,-279.09,-275.43,-274.06,-271.92,-270.7,-269.33,-268.72,-270.09,-273.9,-277.26,-280.92,-282.75,-284.59,-284.89,-288.55,-288.86,-291.91,-292.21,-293.13,-292.06,-290.08,-285.81,-283.82,-283.06,-282.45,-282.3,-281.08,-278.48,-276.19,-269.94,-265.97,-259.1,-253.76,-248.42,-244.61,-240.03,-236.98,-233.16,-229.04,-223.4,-218.82,-212.41,-208.14,-201.12,-194.71,-187.54,-180.67,-171.21,-162.51,-154.12,-145.12,-134.43,-124.21,-112.61,-103.31,-95.37,-90.03,-83.926,-78.738,-70.956,-63.631,-57.07,-51.424,-45.625,-40.59,-36.164,-32.044,-26.856,-23.194,-18.006,-14.039,-7.6296,-2.2889,5.3407,11.902,19.684,27.924,38.453,50.966,64.241,75.381,86.978,99.643,113.83,124.82,136.88,147.56,160.99,172.73,184.18,192.27,198.52,204.17,210.58,215.77,220.34,221.87,223.4,224.01,224.31,225.38,226.14,225.38,224.92,225.23,225.53,223.55,220.65,216.22,213.32,209.05,205.24,199.59,193.18,187.69,183.11,176.7,170.75,163.12,157.32,149.85,142.98,135.04,130.01,124.67,117.95,111.55,105.75,99.796,93.234,85.299,77.364,65.462,54.17,40.895,27.009,11.139,-3.357,-19.227,-33.113,-45.625,-56.917,-68.514,-78.585,-88.351,-94.913,-104.53,-112.31,-121.92,-129.4,-138.1,-146.03,-154.42,-162.97,-170.29,-177.62,-184.33,-189.52,-194.4,-198.68,-204.78,-209.66,-215.31,-218.36,-223.24,-226.91,-232.4,-237.13,-243.08,-248.12,-253.46,-257.58,-262.46,-266.12,-271.31,-274.97,-280.92,-286.26,-292.98,-298.93,-304.57,-309.46,-313.88,-317.85,-323.34,-328.23,-333.87,-337.53,-343.33,-348.67,-356,-361.03,-366.68,-371.56,-375.07,-378.73,-382.85,-387.13,-392.47,-397.96,-406.2,-415.81,-426.04,-435.19,-446.49,-454.88,-462.2,-471.05,-480.67,-491.2,-501.88,-511.95,-523.24,-533.46,-545.82,-556.96,-570.39,-582.14,-595.57,-607.62,-619.07,-628.99,-637.07,-643.18,-647.91,-651.26,-652.79,-654.32,-659.2,-661.18,-662.25,-658.89,-650.96,-638.6,-620.9,-598.77,-580.46,-571.92,-571,-559.25,-524,-466.63,-408.19,-332.96,-264.9,-279.09,-301.22,-246.13,-182.65,-75.991,61.342,158.54,226.29,233.62,200.51,235.6,302.44,352.18,411.54,444.65,406.05,349.44,306.71,278.02,269.02,280.92,283.52,258.34,215.77,169.38,132.6,116.89,110.78,95.676,66.225,26.399,-17.548,-58.443,-101.78,-140.08,-165.72,-185.25,-215.61,-251.47,-282.6,-304.27,-327.01,-352.18,-371.87,-384.38,-395.21,-401.32,-402.84,-406.51,-411.39,-409.41,-403,-393.84,-375.99,-352.03,-333.11,-325.02,-327.46,-337.53,-355.54,-376.14,-390.18,-392.47,-382.85,-366.37,-350.81,-335.25,-329.29,-330.36,-336.77,-342.42,-346.84,-354.01,-360.12,-351.88,-329.29,-306.1,-287.94,-279.85,-286.26,-303.51,-325.79,-348.06,-369.88,-387.43,-397.5,-398.88,-394.45,-389.87,-384.38,-377.97,-374.61,-374,-378.73,-384.08,-390.79,-394.45,-393.99,-392.47,-391.09,-393.08,-394.6,-393.23,-391.4,-388.2,-384.23,-378.73,-372.94,-366.83,-361.34,-352.64,-342.27,-332.35,-321.97,-311.59,-301.22,-290.99,-281.08,-269.17,-258.19,-246.13,-234.84,-221.87,-209.81,-198.52,-186.16,-173.19,-159,-144.96,-130.01,-114.29,-98.727,-81.637,-64.089,-45.167,-27.314,-10.834,4.7304,19.684,34.181,47.304,61.037,75.838,91.556,105.9,118.72,132.3,143.13,156.1,168.46,181.13,192.11,203.56,215.77,229.35,243.23,256.97,267.8,277.41,286.57,296.18,303.51,311.14,317.7,327.46,336.16,343.64,349.44,354.78,362.1,369.73,375.68,381.02,384.69,388.65,390.64,392.93,393.23,394.45,394.15,395.83,398.11,402.84,407.57,413.22,419.32,426.5,432.29,440.84,446.03,453.05,457.01,462.66,467.54,474.41,480.51,486.77,494.25,501.88,509.2,516.98,524.31,531.63,536.52,543.53,549.33,557.27,562.76,569.48,574.82,580.31,585.96,592.36,598.93,605.64,613.12,621.97,628.22,635.09,640.28,645.16,649.89,654.77,659.96,663.78,666.68,669.12,672.17,674.92,675.37,676.9,676.9,678.58,678.73,681.17,681.48,682.7,684.38,686.21,687.58,688.5,689.41,691.85,694.91,700.25,703.45,706.96,708.64,710.62,710.47,710.93,711.69,713.06,713.37,713.37,712,710.32,708.18,706.96,704.52,704.98,704.37,704.67,704.21,704.82,704.06,701.77,699.33,696.74,692.92,688.19,684.84,681.94,678.73,676.6,674.61,673.7,671.1,669.12,664.69,659.35,653.86,649.89,647.3,645.01,642.57,640.13,636.62,634.02,629.9,627,623.19,619.53,615.41,611.13,606.71,601.82,599.54,597.09,593.89,592.21,589.01,586.72,583.82,582.14,578.94,575.58,572.83,568.86,564.13,558.95,552.08,544.91,537.43,532.24,526.44,522.93,519.73,517.75,513.32,508.29,502.18,495.77,489.36,483.57,479.14,475.48,469.99,464.8,458.39,452.28,447.71,444.81,440.38,435.35,430.46,425.73,420.24,413.83,407.27,399.95,391.25,384.23,373.24,363.48,352.95,344.55,335.4,328.68,323.5,318.77,313.88,308.69,301.98,296.64,289.62,283.67,277.11,272.68,267.49,262.15,254.98,246.89,238.65,229.96,221.87,215.46,208.29,200.66,192.11,187.54,182.35,177.92,171.67,166.94,162.82,160.07,157.32,155.34,151.83,147.4,143.13,140.69,139.01,138.86,135.81,133.37,127.26,123.45,120.4,117.65,115.21,112.92,110.17,105.44,99.643,97.201,92.471,88.961,84.231,79.348,73.397,67.446,61.342,56.001,52.034,49.135,45.015,41.2,35.707,28.687,20.295,13.276,3.9674,-2.8993,-8.6978,-12.055,-16.022,-19.837,-23.041,-26.399,-29.45,-33.57,-37.08,-39.674,-43.031,-46.541,-50.356,-52.797,-59.053,-64.089,-69.887,-76.601,-83.468,-90.03,-96.591,-101.63,-106.97,-110.32,-116.58,-122.53,-129.25,-134.28,-137.94,-139.01,-139.32,-139.32,-139.62,-140.69,-141.45,-142.98,-143.59,-142.67,-143.89,-144.51,-147.1,-148.47,-152.29,-154.73,-157.32,-161.14,-166.94,-174.41,-181.59,-187.08,-191.81,-196.54,-202.64,-207.53,-214.09,-219.58,-225.68,-227.97,-231.03,-233.77,-236.67,-238.2,-240.18,-239.27,-237.28,-235.45,-234.53,-232.55,-232.86,-234.53,-235.15,-231.64,-229.96,-229.5,-229.04,-230.26,-231.94,-232.4,-231.79,-231.03,-231.48,-232.25,-236.37,-240.49,-245.52,-247.96,-249.64,-248.88,-246.89,-244.45,-241.4,-237.13,-232.7,-227.21,-221.87,-218.36,-218.51,-218.67,-219.73,-221.26,-222.48,-220.8,-216.99,-211.65,-205.85,-200.05,-196.54,-192.57,-190.89,-189.37,-190.44,-189.67,-190.59,-192.27,-195.93,-197.91,-199.74,-202.95,-205.69,-206.61,-206.76,-207.53,-207.53,-204.63,-202.95,-197.45,-191.5,-185.4,-182.35,-179.75,-176.85,-176.55,-177.62,-176.09,-173.5,-171.36,-171.51,-172.12,-174.87,-173.5,-171.67,-168.46,-166.94,-165.11,-162.66,-159.31,-157.02,-156.71,-157.78,-158.09,-157.93,-156.41,-155.03,-152.9,-152.13,-149.54,-148.63,-147.71,-149.69,-152.13,-152.44,-151.07,-150.3,-148.47,-146.34,-143.89,-140.69,-136.27,-134.13,-131.38,-128.94,-123.91,-120.7,-116.73,-112.77,-108.8,-104.98,-101.02,-95.828,-89.724,-83.316,-76.754,-71.718,-64.241,-57.222,-49.593,-44.557,-39.827,-36.775,-32.655,-26.856,-20.447,-14.191,-7.7822,-4.7304,-1.9837,-2.1363,-2.7467,-1.8311,2.5941,6.4089,7.7822,7.7822,7.6296,7.477,9.4607,12.818,18.006,21.058,25.636,29.45,31.434,32.807,35.554,38.453,40.895,42.116,43.336,46.388,50.813,54.476,59.816,61.953,63.478,62.563,62.258,61.342,59.816,55.849,49.44,41.505,33.418,27.161,24.873,24.11,23.652,22.584,26.704,33.113,39.674,41.81,40.742,35.554,31.434,27.467,23.347,17.243,12.055,6.4089,4.7304,2.8993,2.2889,-1.6785,-10.529,-19.684,-25.636,-29.908,-34.486,-39.064,-41.81,-45.93,-48.372,-53.255,-56.307,-61.495,-65.92,-69.887,-74.313,-79.196,-83.163,-87.588,-92.776,-97.354,-98.88,-101.17,-104.22,-109.56,-113.53,-117.34,-119.17,-123.45,-127.11,-131.84,-133.82,-135.5,-137.64,-141.15,-144.2,-148.17,-150.61,-153.36,-153.36,-154.42,-155.64,-157.78,-159.76,-160.22,-157.48,-154.27,-151.68,-149.54,-148.17,-147.25,-143.74,-141.45,-137.49,-133.21,-128.79,-126.65,-125.74,-125.43,-124.36,-123.45,-122.07,-124.06,-124.52,-126.5,-128.33,-130.77,-129.86,-129.7,-130.31,-131.23,-131.53,-131.99,-130.62,-129.7,-126.19,-124.06,-121.92,-122.07,-122.68,-126.35,-130.92,-135.2,-138.25,-139.93,-137.79,-136.42,-134.43,-131.84,-125.43,-121.62,-116.58,-113.83,-110.93,-111.09,-112.46,-115.36,-115.21,-113.38,-106.51,-98.727,-90.182,-82.705,-73.092,-67.141,-61.647,-60.732,-60.427,-60.427,-57.07,-55.238,-52.187,-49.898,-45.167,-41.963,-39.216,-37.843,-34.333,-33.876,-31.892,-31.892,-30.976,-33.265,-34.791,-39.064,-41.353,-42.116,-40.895,-41.658,-42.421,-43.947,-44.099,-45.625,-46.083,-47.761,-46.999,-46.541,-42.268,-40.59,-37.385,-34.944,-30.671,-27.619,-25.941,-27.314,-25.025,-21.21,-15.564,-11.902,-6.7141,-1.9837,3.8148,7.477,10.987,14.039,16.785,19.837,23.347,25.788,25.178,24.72,25.025,21.821,18.921,14.191,11.75,9.003,9.1556,10.071,10.681,8.8504,5.7985,4.7304,5.1881,4.883,4.2726,2.1363,2.8993,3.8148,5.6459,7.3244,8.8504,7.3244,3.2044,-1.6785,-5.9511,-8.8504,-8.3926,-8.5452,-6.5615,-7.9348,-4.4252,-0.45778,4.12,5.3407,6.5615,7.0193,5.4933,3.2044,2.4415,4.5778,8.6978,11.444,13.886,11.597,10.987,10.987,11.139,10.987,12.055,12.055,11.597,10.376,9.1556,6.4089,2.7467,-3.0519,-8.8504,-12.513,-13.276,-13.428,-13.428,-13.733,-13.276,-14.649,-16.022,-18.921,-20.753,-20.753,-20.753,-20.295,-17.853,-17.09,-16.175,-18.159,-18.311,-18.769,-16.022,-12.055,-8.0874,-4.7304,-1.0681,0.30519,1.9837,3.2044,5.3407,3.5096,1.6785,-0.45778,-1.9837,-4.5778,-6.2563,-7.7822,-7.3244,-7.477,-6.4089,-5.9511,-5.7985,-7.3244,-7.0193,-8.6978,-10.376,-13.123,-12.513,-12.207,-12.665,-13.886,-13.733,-13.886,-16.175,-18.006,-18.921,-21.21,-21.668,-23.652,-24.873,-26.551,-25.483,-24.72,-23.194,-23.957,-24.72,-26.399,-28.077,-29.45,-31.739,-36.012,-38.301,-40.742,-40.895,-41.2,-39.827,-41.353,-41.2,-41.047,-41.353,-40.742,-37.996,-36.47,-34.486,-34.181,-32.35,-34.181,-35.249,-37.233,-37.69,-39.369,-39.521,-37.843,-36.317,-35.401,-35.249,-37.08,-37.996,-41.505,-43.641,-47.304,-48.982,-51.271,-52.339,-54.628,-55.696,-56.764,-58.748,-60.274,-60.274,-61.495,-59.969,-59.969,-58.138,-58.901,-58.748,-60.884,-62.105,-63.631,-65.157,-67.751,-68.514,-68.819,-69.582,-74.007,-75.686,-80.264,-84.689,-91.861,-95.676,-99.796,-103.61,-108.49,-112.31,-116.89,-122.23,-125.28,-128.64,-130.16,-131.69,-137.03,-142.22,-147.25,-149.69,-152.9,-153.81,-153.51,-153.05,-150,-144.96,-141.15,-137.49,-133.82,-127.87,-122.68,-117.65,-115.51,-114.29,-113.22,-109.87,-105.29,-99.643,-93.387,-86.825,-81.179,-75.228,-69.43,-63.784,-59.816,-54.628,-51.729,-48.524,-45.167,-41.047,-38.759,-35.707,-34.639,-32.35,-30.976,-28.535,-27.314,-24.262,-21.516,-17.09,-14.496,-11.139,-11.597,-10.529,-10.224,-9.1556,-9.1556,-9.1556,-9.1556,-8.0874,-6.7141,-4.4252,-4.5778,-3.2044,-3.9674,-3.5096,-5.0356,-5.6459,-5.1881,-3.8148,-2.5941,-2.4415,-3.2044,-4.4252,-8.0874,-11.75,-16.785,-20.753,-27.314,-30.061,-31.281,-29.603,-27.467,-24.72,-23.194,-20.905,-18.769,-14.649,-12.055,-9.7659,-11.444,-10.987,-10.529,-5.0356,1.5259,11.292,19.227,24.873,29.145,32.655,34.791,38.148,39.064,39.674,38.301,37.843,36.47,37.08,36.622,37.69,37.233,36.927,36.927,37.385,37.996,38.606,39.369,41.505,42.421,43.641,42.421,43.794,43.336,44.099,43.947,44.862,44.557,45.167,44.252,43.489,42.116,42.573,42.879,45.93,47.151,50.356,51.576,52.797,53.255,53.713,52.644,51.424,49.287,47.456,45.625,44.099,41.81,42.116,42.879,45.32,47.151,49.287,50.966,53.865,57.222,61.19,64.547,68.209,69.887,72.329,73.092,75.838,75.533,77.517,78.89,79.958,80.874,82.553,84.841,88.504,92.166,96.744,100.25,104.98,107.27,109.56,111.39,114.14,114.44,114.6,116.12,119.33,122.23,125.89,129.4,134.13,137.79,143.44,147.1,150.91,153.2,156.41,159.76,162.51,165.26,166.78,168.92,171.21,174.26,177.47,179.45,182.96,184.18,185.86,185.86,186.77,187.38,187.23,186.93,187.54,186.32,185.71,186.32,186.77,186.93,188.6,189.06,189.37,188.6,188.76,188.3,189.52,190.74,191.2,192.57,195.17,196.84,197.91,198.52,200.51,201.12,201.57,200.35,200.05,198.37,197,193.79,189.52,184.64,178.69,173.19,168.77,164.95,162.51,158.39,155.95,154.12,152.75,149.85,148.63,147.4,146.64,146.34,145.88,146.49,147.1,146.49,146.34,145.27,146.03,146.03,147.4,147.71,147.4,146.49,144.81,143.28,144.2,143.89,146.03,148.17,150.76,151.83,155.34,157.17,159.76,161.9,162.51,164.04,166.33,168.61,171.21,172.28,174.72,176.4,180.97,183.87,186.62,187.54,186.32,184.94,183.11,180.82,179.14,176.7,176.09,173.96,173.35,171.36,168.31,163.43,158.39,153.81,150.15,148.01,148.01,144.96,141.91,138.25,136.57,133.67,131.84,129.09,126.96,123.91,119.63,113.68,107.73,100.1,95.828,90.945,87.13,81.637,77.975,72.176,64.241,57.833,52.492,46.846,40.895,33.265,27.924,22.736,17.243,10.224,3.5096,-1.2207,-5.9511,-11.444,-17.243,-23.499,-29.603,-36.317,-41.505,-47.456,-52.644,-60.427,-66.836,-73.397,-77.67,-83.01,-88.961,-95.676,-102.54,-110.02,-116.28,-123.75,-130.62,-138.71,-145.88,-155.95,-166.78,-178.38,-188.15,-195.32,-202.19,-211.19,-221.56,-229.8,-236.82,-245.22,-251.63,-258.19,-263.99,-271.61,-278.02,-285.35,-291.15,-297.1,-302.9,-310.98,-316.93,-323.04,-326.4,-332.96,-337.69,-343.64,-349.89,-357.07,-362.56,-366.53,-371.11,-375.53,-378.89,-381.33,-380.87,-381.79,-382.24,-381.48,-379.04,-376.45,-374.61,-373.7,-373.39,-373.39,-371.26,-368.21,-364.54,-361.49,-357.52,-355.08,-352.18,-352.49,-352.03,-349.28,-347.3,-345.01,-339.82,-335.55,-332.5,-333.11,-331.13,-331.58,-331.43,-331.28,-327.16,-325.48,-323.34,-321.21,-317.55,-314.65,-310.07,-305.95,-300.91,-296.03,-291.15,-290.08,-288.71,-287.94,-283.52,-277.72,-271.61,-264.9,-258.34,-252.24,-245.83,-239.42,-230.72,-223.24,-214.85,-208.14,-201.42,-194.86,-188.6,-183.42,-178.53,-173.96,-168.92,-165.56,-162.21,-159.61,-156.41,-154.73,-153.36,-153.2,-152.44,-152.13,-151.52,-150.15,-148.93,-148.17,-144.2,-142.22,-140.54,-140.23,-138.55,-136.57,-134.28,-132.6,-130.47,-128.33,-126.65,-125.28,-122.23,-120.09,-117.5,-116.43,-113.83,-109.56,-105.29,-102.39,-99.033,-94.913,-90.335,-88.656,-85.604,-83.773,-81.79,-84.384,-87.893,-91.708,-88.961,-83.621,-77.517,-76.907,-79.501,-82.553,-86.062,-92.471,-94.607,-97.049,-96.286,-97.659,-100.25,-103.61,-104.37,-103.92,-104.68,-107.58,-110.78,-113.99,-115.36,-115.51,-113.83,-113.22,-112.31,-113.07,-113.83,-114.75,-116.12,-114.6,-109.26,-103.92,-100.56,-96.438,-89.419,-79.043,-64.394,-49.287,-32.502,-18.616,-2.8993,9.3081,19.99,29.756,43.184,59.206,75.686,86.825,94.15,100.71,110.32,119.02,127.11,135.04,142.67,148.32,152.44,154.88,157.17,156.71,153.2,150.46,149.54,147.1,142.67,137.64,132.15,121.62,110.48,101.02,93.234,84.689,75.381,65.157,57.375,49.44,45.473,41.658,40.742,38.606,40.437,41.963,43.794,44.404,44.252,43.184,42.879,37.538,30.366,25.33,20.6,16.022,13.123,7.1718,2.8993,-1.0681,-5.6459,-11.902,-15.717,-20.142,-26.093,-32.96,-39.827,-46.236,-48.524,-49.135,-48.219,-49.745,-48.372,-46.693,-45.167,-47.151,-48.677,-50.356,-50.661,-50.508,-50.05,-51.576,-52.339,-54.018,-54.476,-56.612,-55.391,-55.086,-54.018,-55.696,-55.238,-55.544,-51.881,-47.609,-40.742,-31.129,-21.058,-9.6133,0.91556,11.75,23.804,33.57,43.947,52.339,62.563,71.261,82.095,92.013,101.17,111.09,121.16,130.01,139.77,148.78,160.07,170.14,178.23,185.4,191.2,193.33,194.71,197.45,200.05,201.57,204.32,208.59,214.24,216.68,219.12,218.51,217.29,215.77,217.75,219.12,218.51,215.31,211.8,207.22,202.49,196.69,192.88,187.38,183.57,178.38,172.89,166.02,159.76,155.03,152.44,149.39,148.32,146.03,144.81,141.76,140.08,135.81,134.74,134.13,135.04,135.04,133.98,131.99,129.25,123.91,118.41,112.16,107.12,101.32,97.964,93.692,90.335,86.52,82.858,78.433,73.55,68.667,66.073,65.157,64.394,61.953,61.342,59.969,59.053,56.612,54.628,49.593,45.167,40.437,38.911,37.385,36.164,34.639,33.113,30.824,29.45,26.704,25.788,22.431,20.295,17.09,14.954,12.665,10.681,7.7822,7.0193,6.5615,7.477,6.7141,7.1718,5.7985,6.2563,5.1881,4.883,3.5096,4.12,5.0356,6.5615,7.1718,9.3081,12.055,16.938,23.499,30.061,34.486,41.658,48.524,58.29,65.462,73.702,81.332,90.793,98.575,104.83,111.39,116.73,118.41,120.4,121.92,124.82,126.5,127.87,128.18,129.86,131.08,133.21,134.59,136.72,138.55,138.86,138.71,139.77,137.64,137.33,137.33,140.54,142.67,143.89,144.66,145.12,144.35,144.2,143.44,141.91,139.47,137.79,134.28,133.52,131.53,130.47,128.03,127.72,127.72,126.96,126.8,126.5,124.82,123.14,122.99,124.82,126.04,130.01,131.53,133.82,135.04,137.94,138.25,136.27,134.28,134.59,138.4,141.15,142.22,143.89,142.67,142.52,139.93,136.11,131.99,127.57,123.6,120.4,117.19,114.9,111.7,109.87,106.97,103,98.575,97.354,97.201,100.56,103.92,105.14,104.37,101.32,98.27,93.539,88.351,83.926,77.212,72.787,65.92,59.511,54.018,49.898,45.625,41.658,37.843,33.876,28.687,25.941,21.363,16.633,10.987,10.529,10.529,10.834,10.071,10.224,10.834,11.139,12.36,12.818,12.513,12.36,10.529,9.9185,10.224,11.597,12.818,14.039,15.259,16.175,15.107,12.665,9.6133,6.4089,2.4415,1.3733,-0,-0,0.15259,3.2044,5.9511,6.4089,6.2563,5.7985,5.3407,4.4252,0.45778,-2.5941,-7.7822,-11.444,-14.496,-17.701,-21.058,-21.821,-22.889,-22.736,-23.194,-25.025,-28.687,-31.587,-35.401,-38.301,-44.71,-50.508,-56.612,-57.375,-57.527,-56.307,-56.154,-55.696,-55.849,-55.238,-56.764,-57.985,-58.901,-58.443,-59.358,-56.917,-54.476,-50.203,-46.693,-44.099,-43.947,-44.557,-45.167,-44.557,-43.794,-43.794,-44.557,-44.252,-45.625,-42.421,-40.59,-39.674,-40.742,-43.184,-48.524,-56.764,-65.31,-72.939,-81.027,-89.267,-96.591,-102.08,-109.26,-113.53,-118.56,-122.38,-126.35,-128.48,-131.23,-133.37,-135.96,-137.18,-137.64,-135.96,-135.04,-131.69,-129.09,-124.67,-121.92,-119.17,-116.12,-113.99,-112.77,-110.93,-110.78,-111.39,-113.22,-114.6,-116.28,-115.67,-113.53,-111.55,-108.95,-104.98,-101.32,-97.201,-92.929,-87.893,-83.926,-78.738,-77.059,-75.228,-74.16,-71.108,-70.498,-69.124,-67.446,-64.852,-60.121,-55.544,-51.881,-48.524,-48.067,-49.44,-52.492,-54.628,-58.443,-61.19,-64.241,-67.141,-71.261,-75.533,-79.806,-81.484,-83.316,-84.994,-85.147,-82.858,-82.095,-78.433,-76.601,-73.702,-72.481,-72.939,-74.618,-77.364,-79.806,-80.569,-80.416,-79.196,-81.484,-81.027,-79.958,-75.991,-72.329,-67.141,-62.258,-57.375,-54.781,-51.576,-48.524,-47.304,-48.219,-48.067,-49.287,-48.982,-48.83,-45.473,-42.573,-38.301,-37.233,-37.233,-36.622,-34.791,-36.622,-40.132,-43.336,-43.489,-41.963,-40.132,-41.963,-42.116,-43.641,-43.031,-43.184,-42.726,-42.421,-41.81,-40.437,-37.843,-37.233,-36.012,-34.181,-30.671,-27.467,-24.415,-22.126,-19.837,-16.48,-14.954,-12.36,-8.3926,-4.883,-3.0519,-3.357,-0,0.91556,1.9837,-0.76296,-2.5941,-3.0519,-1.8311,-1.0681,-1.9837,-1.5259,-0.76296,-1.5259,-4.5778,-10.071,-13.886,-16.938,-17.853,-22.889,-28.077,-34.028,-34.639,-34.639,-35.707,-37.843,-39.064,-40.132,-41.81,-46.236,-48.067,-49.745,-48.067,-47.151,-44.71,-44.099,-43.336,-40.895,-39.216,-38.759,-35.707,-31.892,-27.772,-26.704,-24.567,-24.567,-23.347,-25.636,-27.009,-28.23,-29.603,-32.35,-34.181,-36.47,-36.012,-36.164,-33.265,-30.976,-26.399,-24.873,-23.804,-25.178,-25.33,-25.941,-26.246,-27.924,-29.603,-30.671,-29.603,-29.145,-26.246,-26.704,-25.636,-24.72,-23.347,-22.279,-19.99,-19.074,-17.396,-16.938,-15.717,-15.87,-16.022,-17.09,-19.532,-22.889,-24.72,-27.619,-28.382,-31.587,-33.113,-34.028,-35.554,-36.317,-37.538,-39.369,-41.047,-42.879,-42.879,-46.236,-47.761,-50.05,-49.898,-50.203,-47.609,-44.404,-40.437,-38.759,-36.47,-35.401,-34.181,-33.265,-30.519,-30.061,-28.23,-30.061,-30.366,-33.265,-35.096,-36.012,-35.554,-35.096,-33.265,-31.892,-30.061,-30.519,-29.298,-28.535,-27.009,-28.23,-27.161,-28.535,-29.145,-30.366,-30.671,-31.281,-29.145,-26.856,-24.72,-23.804,-21.973,-20.295,-16.327,-12.97,-9.1556,-5.3407,0.15259,5.0356,11.444,16.48,21.058,24.567,29.908,35.096,41.353,44.71,48.83,52.034,56.612,60.884,67.446,73.092,76.601,78.89,82.247,86.062,89.267,93.692,99.49,103.15,109.41,113.99,118.87,122.53,126.19,128.03,129.55,130.47,132.6,134.59,138.55,142.37,147.71,150.46,154.73,159.46,165.41,171.51,175.02,178.99,182.35,185.25,187.38,190.74,194.1,197.61,202.95,206.15,208.75,209.81,209.2,207.98,207.83,207.83,207.98,209.66,211.95,212.26,211.95,210.12,208.59,204.32,201.27,196.69,192.88,188.45,185.09,182.35,179.75,177.31,177.01,173.8,170.45,166.02,164.19,160.99,159.15,157.32,157.02,157.02,158.24,160.53,165.87,167.7,168.16,166.17,166.33,166.94,168.46,171.36,174.11,177.47,180.82,184.48,188.3,190.74,193.03,194.1,196.08,197.61,197.45,195.93,194.56,193.64,195.32,195.78,195.17,193.03,192.11,189.83,188.15,183.87,176.85,170.45,165.11,158.54,151.68,145.88,141.45,136.57,131.23,123.45,117.34,110.32,104.68,99.643,94.913,89.114,84.841,80.874,78.89,76.601,75.228,71.718,68.972,65.31,62.258,58.29,56.307,53.865,49.287,44.404,40.59,38.606,37.385,36.164,37.233,36.775,37.538,36.47,35.401,33.723,31.129,27.467,25.178,21.21,17.243,14.039,13.733,12.055,10.681,5.4933,0.76296,-4.7304,-9.9185,-13.886,-18.464,-23.499,-29.908,-35.249,-39.369,-45.32,-48.982,-54.018,-57.222,-62.105,-64.394,-68.361,-71.108,-72.787,-72.634,-71.871,-72.329,-74.618,-77.364,-80.569,-84.078,-89.572,-95.065,-99.796,-102.08,-104.68,-107.58,-110.48,-114.9,-122.84,-131.08,-138.55,-143.44,-148.78,-152.13,-154.27,-154.42,-153.97,-154.88,-156.56,-158.39,-160.68,-162.05,-166.17,-169.68,-172.43,-171.06,-172.28,-174.87,-176.09,-177.31,-180.67,-184.79,-188.3,-192.72,-197.3,-199.9,-203.41,-204.63,-208.75,-212.1,-216.38,-218.05,-219.28,-219.58,-217.75,-214.55,-212.26,-209.66,-208.9,-205.39,-203.1,-199.29,-196.84,-191.05,-186.93,-182.65,-177.47,-172.73,-167.55,-159.31,-153.2,-146.34,-142.67,-137.64,-136.57,-134.13,-131.53,-130.01,-129.4,-129.4,-128.64,-126.19,-126.65,-125.43,-126.19,-127.11,-129.55,-130.01,-130.16,-129.86,-127.87,-126.35,-126.19,-127.41,-129.86,-129.86,-131.23,-130.62,-131.38,-132.3,-136.27,-138.86,-140.39,-138.71,-137.94,-135.81,-134.74,-133.82,-136.42,-138.1,-144.05,-146.95,-150.46,-150.61,-149.08,-144.96,-141.61,-137.33,-133.52,-129.4,-127.72,-126.65,-127.57,-128.18,-131.38,-132.15,-134.74,-135.04,-137.03,-137.33,-137.18,-135.04,-134.28,-133.06,-134.74,-136.11,-139.62,-139.93,-140.39,-140.39,-141.91,-142.83,-144.2,-144.81,-145.42,-143.59,-144.81,-143.44,-143.44,-140.54,-137.79,-133.21,-128.94,-126.96,-126.96,-125.43,-122.07,-117.95,-113.53,-109.26,-109.1,-105.9,-103,-97.201,-91.861,-87.741,-83.621,-78.433,-74.16,-67.293,-61.647,-56.764,-53.56,-49.898,-46.693,-42.879,-39.064,-35.249,-32.655,-29.45,-25.33,-17.853,-13.123,-6.2563,-0.91556,6.7141,13.123,16.48,19.074,21.668,21.821,20.753,19.379,18.311,16.48,16.327,15.107,15.107,16.022,17.853,22.736,28.687,33.418,37.69,41.047,44.404,47.914,53.56,58.901,64.547,69.277,75.838,82.858,88.961,93.387,99.49,104.53,109.56,111.7,115.36,116.89,117.65,119.17,120.24,120.85,122.53,124.36,126.96,127.57,130.77,133.67,134.89,135.96,136.42,135.04,131.38,126.8,123.91,121.31,118.56,112.77,108.95,105.9,103,100.41,97.659,94.76,90.64,85.757,82.247,78.433,75.228,69.887,66.836,63.784,59.969,55.544,51.729,45.93,40.895,35.859,33.113,28.23,25.636,22.736,21.821,20.295,20.905,20.447,20.295,19.837,21.058,19.837,20.295,21.668,23.652,26.551,28.687,27.619,25.788,24.262,24.567,25.941,28.687,30.061,32.807,34.333,34.181,34.028,35.554,36.012,39.979,43.184,48.372,51.881,55.238,55.849,54.628,51.424,48.219,45.625,44.557,43.184,41.81,38.759,35.859,30.976,29.45,28.382,25.636,21.668,18.921,13.581,8.0874,1.0681,-3.6622,-10.529,-18.769,-27.467,-34.639,-39.064,-41.505,-43.947,-44.862,-43.947,-40.132,-36.775,-31.739,-28.077,-23.041,-18.311,-16.785,-18.159,-20.753,-23.804,-25.483,-27.314,-26.399,-27.924,-29.145,-30.061,-29.908,-30.671,-29.603,-28.535,-29.756,-32.807,-35.401,-39.521,-39.369,-39.521,-40.59,-42.573,-46.388,-52.034,-53.713,-53.56,-52.492,-52.187,-50.661,-52.644,-56.154,-59.053,-60.579,-63.021,-67.904,-68.514,-67.141,-66.836,-66.988,-67.904,-67.904,-68.819,-70.04,-69.887,-67.904,-66.988,-65.31,-64.699,-63.631,-61.953,-56.154,-49.287,-39.674,-33.723,-30.061,-29.298,-28.993,-30.366,-32.502,-34.944,-35.401,-35.707,-34.944,-36.164,-36.164,-38.148,-41.2,-44.404,-45.015,-42.879,-38.453,-34.639,-28.993,-25.788,-21.516,-18.464,-13.733,-8.6978,-1.9837,4.5778,11.139,17.09,20.142,22.279,25.788,28.84,32.96,36.012,40.742,43.947,47.761,50.508,53.102,56.001,58.748,59.053,58.29,56.001,56.001,54.323,53.407,54.018,53.713,52.644,52.95,53.255,53.102,52.644,54.018,52.797,53.713,55.849,59.206,63.021,69.277,76.449,82.4,88.198,94.913,98.727,102.85,103.61,105.59,108.8,112.61,116.28,121.16,125.89,130.77,135.2,137.18,136.42,138.1,138.86,140.84,141.61,144.2,146.95,148.01,148.32,148.47,146.49,145.12,141.61,139.77,136.42,132.76,127.26,119.79,110.78,102.24,96.591,94.302,89.724,84.841,79.043,75.533,72.176,66.683,56.154,45.167,35.554,27.924,20.905,14.801,8.24,4.12,-1.2207,-3.5096,-7.1718,-9.7659,-12.055,-14.496,-17.243,-19.532,-22.431,-24.873,-28.535,-29.145,-33.57,-38.453,-42.268,-45.015,-46.541,-46.846,-46.541,-45.473,-46.388,-48.067,-52.644,-54.018,-57.07,-59.358,-62.105,-62.716,-64.852,-67.446,-69.277,-70.193,-69.277,-65.157,-61.8,-57.222,-53.102,-45.778,-37.538,-27.009,-15.717,-5.3407,5.3407,16.327,25.636,35.707,41.963,46.083,46.846,51.271,57.527,61.8,63.326,65.157,66.073,65.92,65.157,67.751,70.04,72.634,74.465,77.822,80.111,81.179,81.484,81.179,80.874,80.874,79.958,77.822,74.16,71.718,70.04,68.667,65.157,60.732,56.154,52.339,50.203,49.593,46.083,43.184,41.047,41.047,39.979,40.284,40.284,41.2,41.81,41.81,40.132,38.759,34.181,28.687,22.431,18.159,14.039,12.055,10.834,9.4607,6.8667,5.3407,4.2726,3.6622,1.9837,3.0519,4.2726,6.8667,9.003,10.529,12.665,16.327,20.142,23.194,22.279,21.821,16.785,14.496,12.513,12.36,10.681,8.5452,6.1037,2.1363,-2.1363,-5.3407,-8.3926,-8.24,-8.0874,-8.6978,-9.6133,-11.139,-11.902,-9.4607,-6.4089,-2.5941,-0.91556,1.8311,3.5096,4.7304,3.8148,3.9674,5.4933,9.1556,14.801,20.905,26.704,34.486,40.437,46.999,50.508,53.713,54.781,57.07,58.443,58.596,55.238,51.424,46.693,43.794,41.963,41.963,39.521,36.164,31.281,28.077,23.804,22.584,21.821,21.21,21.21,22.126,24.873,28.077,27.314,26.856,27.619,29.298,28.687,29.298,31.739,35.707,37.233,39.216,40.284,43.641,46.083,49.898,53.255,58.748,60.732,60.427,56.154,52.034,48.677,47.456,43.947,39.521,33.57,29.298,23.957,20.905,17.853,13.123,8.6978,5.0356,0.76296,-4.883,-10.834,-16.175,-22.584,-26.856,-30.519,-30.976,-30.366,-30.976,-32.35,-32.502,-29.145,-24.415,-23.957,-22.889,-20.295,-13.733,-7.1718,0.91556,7.1718,12.665,16.175,18.159,18.006,17.243,15.412,16.327,14.649,14.496,11.292,8.0874,2.4415,-2.4415,-8.6978,-14.191,-18.769,-21.363,-24.567,-26.246,-28.23,-28.687,-28.535,-27.467,-26.551,-26.399,-26.093,-27.009,-28.077,-27.467,-29.145,-29.756,-31.892,-29.603,-27.009,-22.431,-18.464,-15.107,-11.444,-8.0874,-4.883,-1.5259,1.2207,2.8993,2.5941,3.2044,1.6785,0.91556,0.61037,0.76296,0.76296,-1.0681,-2.4415,-3.5096,-3.357,-3.0519,-5.0356,-6.2563,-7.7822,-7.6296,-6.7141,-5.6459,-3.9674,-4.2726,-6.5615,-7.3244,-7.7822,-7.7822,-8.6978,-6.8667,-6.1037,-3.5096,-2.8993,-4.7304,-7.6296,-10.529,-15.564,-19.837,-21.973,-21.058,-20.753,-21.21,-23.347,-25.178,-30.976,-36.164,-41.658,-46.083,-49.898,-52.492,-55.238,-57.375,-59.358,-60.121,-60.579,-57.68,-54.628,-50.05,-47.761,-45.93,-45.32,-45.015,-47.304,-50.813,-53.407,-53.865,-53.102,-50.05,-46.693,-43.184,-41.658,-38.148,-33.876,-33.113,-34.181,-33.418,-32.044,-31.587,-29.45,-24.11,-19.837,-14.954,-12.818,-11.75,-15.564,-19.227,-23.041,-26.704,-29.298,-29.756,-28.687,-29.756,-32.807,-34.333,-37.385,-39.674,-42.879,-44.862,-47.761,-49.287,-51.729,-52.492,-52.492,-53.255,-57.375,-61.342,-67.751,-72.024,-75.686,-78.89,-83.316,-85.604,-85.757,-86.673,-88.198,-88.351,-87.283,-86.673,-87.893,-84.841,-83.01,-80.111,-78.585,-77.059,-77.517,-76.754,-76.754,-79.653,-83.926,-86.978,-90.335,-92.776,-93.387,-93.081,-95.37,-96.133,-97.964,-97.201,-97.049,-96.744,-95.065,-91.556,-88.351,-83.926,-79.196,-74.007,-72.176,-70.65,-72.481,-72.787,-73.855,-73.092,-73.092,-73.55,-74.618,-75.686,-76.144,-75.076,-75.686,-73.702,-72.176,-69.735,-67.446,-64.852,-61.495,-57.222,-55.544,-54.323,-53.255,-51.881,-54.17,-54.628,-56.001,-54.323,-54.781,-54.628,-54.781,-52.95,-52.034,-51.576,-52.644,-54.17,-55.696,-56.764,-59.816,-60.732,-63.173,-63.936,-65.462,-65.004,-64.852,-64.089,-63.478,-61.953,-59.664,-56.001,-52.339,-49.287,-50.356,-49.593,-50.813,-50.508,-51.881,-50.966,-49.898,-47.609,-46.693,-46.236,-47.609,-48.372,-51.576,-52.644,-55.849,-55.391,-54.17,-52.339,-52.492,-54.17,-55.696,-55.391,-56.154,-55.696,-54.17,-52.187,-49.745,-45.32,-41.658,-34.791,-30.671,-28.382,-28.077,-27.772,-28.23,-29.45,-29.756,-29.298,-30.519,-30.519,-33.113,-34.486,-34.791,-34.028,-34.791,-33.723,-33.265,-33.418,-34.181,-34.181,-36.012,-38.911,-41.81,-43.641,-49.593,-53.865,-61.342,-68.819,-75.991,-81.179,-84.841,-87.283,-88.198,-89.114,-88.046,-84.536,-83.01,-81.027,-78.89,-74.313,-72.481,-68.361,-65.462,-64.089,-63.173,-61.19,-59.206,-57.07,-56.307,-54.323,-52.339,-47.456,-45.167,-39.674,-35.401,-30.824,-28.077,-25.941,-23.194,-20.142,-17.853,-13.581,-9.4607,-4.4252,0.30519,5.9511,10.987,17.243,24.262,30.061,33.876,36.317,39.521,43.794,47.304,52.492,55.086,58.29,59.206,60.274,62.563,66.378,71.566,75.991,80.111,81.79,79.501,75.686,70.498,67.141,62.868,61.647,59.664,59.969,60.579,60.732,60.427,60.884,61.342,62.41,62.868,64.699,64.241,65.004,63.326,63.326,63.478,62.716,62.41,61.647,60.427,60.121,59.816,60.884,60.427,59.969,59.969,60.579,60.427,60.884,61.8,62.563,63.021,62.105,61.495,62.563,63.936,67.751,69.43,71.261,72.024,73.092,72.634,73.397,74.618,75.381,75.838,75.686,76.449,76.907,76.144,76.296,74.77,74.465,72.329,72.939,72.481,72.634,72.176,71.718,71.108,72.634,74.16,76.449,76.601,79.196,81.179,83.926,86.52,90.335,92.929,94.76,96.896,100.56,101.63,103.31,103,105.44,107.58,110.93,113.22,115.36,115.97,116.12,116.12,115.67,114.9,116.12,116.28,118.72,119.33,122.99,125.13,127.72,128.48,128.64,128.18,128.18,128.18,129.55,128.79,128.79,127.87,128.03,128.18,129.09,130.31,130.47,130.31,130.31,130.47,131.53,131.69,131.23,129.4,128.18,127.72,126.96,126.04,124.97,123.75,121.92,119.79,119.94,118.56,119.79,121.31,123.14,124.67,125.43,125.28,124.97,123.75,123.14,122.53,121.92,120.4,121.16,120.55,119.48,117.34,115.51,113.07,110.78,108.8,107.27,105.44,106.66,106.2,106.81,106.51,107.27,108.65,110.48,112.92,114.6,116.73,118.87,120.85,123.29,123.45,125.28,127.26,129.86,132.6,137.18,140.54,142.52,144.35,146.34,147.56,149.69,150,152.29,152.44,153.66,155.19,155.64,156.25,156.71,158.7,161.9,163.88,166.63,167.09,168.61,168.16,168.61,170.14,171.51,174.57,177.92,181.43,184.64,185.25,186.32,184.94,186.62,187.99,188.45,189.37,189.67,191.5,193.49,196.08,197.45,198.68,201.73,203.1,203.56,203.56,203.41,200.81,197.61,194.1,192.42,192.27,192.27,191.35,191.96,190.28,190.89,191.2,191.66,191.96,190.89,189.83,188.6,187.54,186.77,186.77,187.54,187.38,187.69,187.54,187.54,187.38,188.3,190.89,192.88,194.25,196.69,195.47,193.03,189.83,187.84,187.08,184.48,180.97,177.62,173.8,169.99,165.56,164.49,161.14,158.39,154.42,150.3,146.34,142.67,138.71,133.21,127.57,122.84,119.48,116.73,110.78,105.29,99.643,95.676,90.335,86.673,83.01,79.806,77.67,76.449,76.907,79.958,80.416,80.721,79.958,80.416,80.416,82.095,84.841,87.741,90.793,95.065,98.575,101.63,102.69,104.98,105.59,107.43,107.58,110.02,112.46,114.9,115.97,117.34,118.72,119.33,117.65,116.73,115.21,115.82,114.75,113.68,111.55,108.8,106.51,102.85,98.117,95.828,91.403,88.809,86.062,85.757,85.604,84.231,82.858,81.484,80.111,79.043,77.059,74.923,71.108,69.277,69.43,71.871,72.481,72.481,71.566,70.498,68.972,66.378,63.173,61.19,57.375,55.544,53.407,51.729,48.219,45.473,42.268,39.064,36.927,35.554,34.944,36.317,35.096,35.249,35.401,35.401,35.096,33.57,32.502,32.655,33.876,34.486,33.265,33.113,33.723,36.317,36.927,37.233,35.707,34.486,32.655,29.298,25.025,23.499,21.363,20.6,16.633,10.834,4.5778,-1.8311,-8.8504,-17.09,-25.33,-33.265,-39.979,-44.71,-52.95,-60.884,-70.65,-79.196,-87.283,-95.37,-104.53,-113.83,-124.21,-132.91,-141.76,-146.95,-154.73,-163.27,-173.8,-184.33,-193.64,-204.17,-216.22,-227.52,-237.28,-244.61,-253.61,-261.24,-267.8,-271.77,-276.5,-279.24,-282.6,-285.96,-288.55,-291.15,-295.57,-301.07,-308.54,-316.63,-324.56,-329.14,-333.11,-336.92,-339.82,-340.43,-340.89,-339.52,-337.99,-336.16,-336.01,-334.64,-332.04,-327.77,-324.56,-319.68,-316.32,-314.34,-314.19,-316.78,-319.83,-321.36,-325.02,-327.92,-330.97,-333.26,-339.06,-341.65,-343.18,-344.1,-343.94,-343.64,-346.23,-349.13,-353.71,-358.9,-365.15,-369.43,-375.23,-378.73,-381.79,-385.91,-390.03,-391.86,-392.62,-391.86,-393.08,-391.25,-389.57,-385.75,-381.33,-375.99,-370.65,-364.85,-362.56,-361.19,-359.2,-354.32,-350.51,-343.94,-337.23,-328.38,-320.75,-313.58,-305.8,-297.25,-288.25,-279.4,-273.29,-265.05,-256.51,-246.59,-236.21,-225.38,-215.61,-207.83,-201.27,-195.62,-192.88,-187.23,-181.89,-175.02,-171.97,-168.61,-165.87,-161.44,-156.56,-152.9,-148.78,-144.81,-144.05,-141.45,-140.69,-138.55,-138.55,-137.33,-135.2,-134.74,-135.96,-137.03,-135.2,-131.23,-130.47,-128.94,-129.25,-126.19,-121.46,-113.07,-104.53,-98.422,-93.539,-91.098,-88.198,-84.384,-80.264,-75.076,-71.413,-65.92,-60.121,-55.544,-55.696,-54.476,-52.034,-50.356,-46.999,-41.963,-36.775,-33.113,-33.265,-34.028,-37.385,-37.233,-37.538,-37.69,-38.301,-37.69,-36.164,-32.35,-28.23,-24.873,-21.973,-18.159,-14.191,-7.6296,-1.3733,6.7141,9.3081,10.987,13.428,17.853,22.889,28.382,33.876,39.827,43.184,46.846,47.761,49.44,49.44,50.813,51.881,56.001,61.647,68.667,75.228,79.501,80.416,81.332,79.653,80.111,78.585,80.416,81.484,84.689,88.046,88.809,88.198,84.536,80.416,77.212,74.007,71.566,66.378,62.716,58.596,54.628,47.761,42.879,39.827,37.08,33.265,28.84,22.584,17.548,13.276,10.681,7.9348,7.7822,7.1718,9.1556,10.376,9.3081,7.6296,9.6133,10.987,10.376,8.6978,9.4607,12.513,14.801,13.428,12.513,12.513,17.243,21.668,25.178,27.161,28.535,29.145,29.756,32.96,36.317,35.859,36.012,34.181,34.181,34.791,37.69,39.979,43.947,47.151,51.118,53.255,53.407,51.424,49.44,46.999,46.083,43.031,40.59,36.317,32.044,27.467,24.415,22.584,22.584,22.736,23.957,25.025,24.262,24.72,26.399,27.772,28.84,27.619,28.077,27.924,32.197,35.096,37.996,40.284,43.489,45.167,48.219,50.813,54.323,56.307,57.68,57.527,57.375,54.17,50.661,46.693,44.404,43.641,42.421,42.116,41.81,40.742,40.284,39.216,39.674,36.927,33.876,28.687,24.567,20.142,17.396,14.496,11.902,8.5452,6.5615,5.6459,5.1881,3.2044,3.357,1.8311,0.15259,-0.30519,2.2889,3.8148,5.1881,7.1718,9.4607,10.681,11.444,11.75,13.581,14.954,15.717,14.344,13.886,11.139,7.7822,3.8148,1.9837,-0.15259,-1.6785,-1.9837,-2.8993,-1.8311,-0.61037,-1.3733,0.15259,0.30519,0.76296,-1.6785,-3.8148,-5.7985,-6.8667,-8.0874,-10.071,-10.987,-11.444,-13.733,-14.191,-15.259,-16.938,-21.973,-25.483,-29.298,-32.35,-34.944,-36.775,-37.69,-36.622,-34.791,-32.197,-30.366,-25.788,-20.295,-13.581,-12.665,-12.055,-13.123,-12.97,-12.207,-12.055,-11.902,-10.987,-8.0874,-3.8148,-1.5259,-0.91556,-1.8311,-0.91556,-2.5941,-5.6459,-8.6978,-9.6133,-9.6133,-10.224,-10.071,-9.9185,-11.444,-12.513,-18.311,-23.347,-28.84,-34.333,-39.369,-43.184,-46.388,-47.761,-49.135,-48.219,-45.93,-43.489,-41.505,-37.996,-35.249,-31.129,-28.077,-24.873,-22.431,-20.142,-17.396,-15.564,-14.954,-12.818,-8.5452,-2.5941,-2.2889,-2.8993,-5.7985,-9.4607,-12.97,-15.259,-18.159,-19.532,-18.464,-17.243,-18.311,-18.616,-20.753,-22.431,-25.025,-27.314,-27.619,-25.636,-22.431,-19.379,-16.785,-13.886,-12.36,-11.292,-12.36,-9.9185,-6.4089,-1.9837,1.9837,6.1037,8.5452,10.529,11.902,15.107,16.022,16.175,14.649,11.597,5.1881,-0.45778,-7.0193,-9.3081,-9.003,-8.6978,-6.4089,-3.0519,-3.2044,-5.0356,-6.7141,-4.883,-3.2044,-0.15259,2.8993,7.6296,10.224,13.733,15.87,19.99,27.161,36.012,44.252,50.661,54.628,58.901,60.579,63.478,66.53,72.787,78.127,83.621,87.13,89.724,92.318,93.081,91.403,89.114,84.689,80.721,76.754,74.007,70.345,68.056,66.073,66.225,64.699,61.953,56.459,49.287,40.59,33.723,27.314,24.262,21.668,21.973,22.736,24.567,25.483,27.161,26.704,26.246,24.72,23.194,22.736,23.347,24.567,25.025,23.957,21.973,18.006,16.022,12.818,10.987,9.7659,11.902,12.665,13.276,10.681,7.6296,2.7467,-1.8311,-7.1718,-10.224,-15.259,-18.616,-21.821,-23.804,-28.84,-32.197,-34.639,-35.707,-36.47,-34.791,-30.366,-23.804,-21.058,-19.684,-21.516,-21.973,-20.905,-17.396,-18.464,-19.379,-22.126,-23.499,-25.941,-27.314,-28.535,-28.993,-32.35,-34.944,-39.827,-42.421,-47.609,-50.203,-53.102,-52.644,-52.95,-50.356,-47.151,-41.353,-37.996,-34.028,-29.908,-25.636,-24.72,-22.889,-22.736,-20.753,-22.279,-22.431,-23.347,-22.126,-22.584,-22.584,-23.499,-25.788,-28.382,-29.908,-30.366,-30.671,-31.892,-30.519,-29.603,-28.077,-29.298,-30.061,-33.265,-34.639,-35.859,-34.944,-34.639,-34.944,-35.554,-33.876,-32.35,-30.671,-29.908,-30.366,-32.96,-32.197,-32.197,-30.519,-30.213,-27.161,-25.33,-20.142,-16.022,-11.292,-8.24,-5.6459,-3.9674,0.15259,3.357,7.3244,9.7659,14.191,15.87,21.21,26.246,33.265,39.216,46.083,53.255,59.969,68.056,76.296,84.536,91.098,96.438,102.08,105.59,110.32,114.29,119.17,121.46,123.45,124.82,126.04,127.41,129.25,130.92,134.13,136.11,139.47,143.13,148.17,150.46,151.68,151.07,153.51,154.58,155.03,155.95,154.27,151.68,150.61,148.01,145.73,143.89,144.05,145.73,150.91,154.27,159.15,159.92,161.29,161.44,160.83,159.46,159.31,159.76,160.07,159.46,160.07,157.78,158.24,157.02,155.64,153.66,153.2,152.59,151.98,151.98,152.29,153.51,154.58,156.41,159.92,162.36,167.09,168.77,170.9,172.28,174.57,173.35,173.65,175.63,178.53,180.36,182.35,182.65,184.64,185.71,186.16,184.94,184.48,182.04,180.82,177.77,174.87,173.5,172.73,172.58,170.6,167.39,165.72,160.53,156.56,152.13,149.24,145.57,142.98,140.23,135.96,131.53,127.41,125.28,123.91,121.62,119.79,116.28,113.38,109.71,107.27,105.75,104.53,104.22,105.75,106.97,108.19,106.05,104.53,100.86,98.575,94.302,89.877,84.841,79.196,73.855,66.225,58.138,50.813,43.794,38.301,31.434,27.467,23.194,19.837,15.259,9.6133,3.9674,-1.6785,-6.5615,-12.36,-18.006,-22.736,-30.976,-37.385,-44.557,-51.729,-58.901,-65.615,-72.939,-79.958,-83.926,-86.825,-89.877,-92.013,-96.744,-99.643,-101.93,-103,-104.22,-104.22,-104.83,-104.22,-101.78,-98.422,-93.387,-84.841,-79.196,-74.77,-71.871,-66.836,-64.241,-63.478,-61.495,-58.29,-54.17,-49.44,-45.778,-44.252,-44.862,-46.388,-48.067,-48.219,-50.966,-54.018,-56.154,-57.527,-58.748,-58.138,-56.764,-56.612,-58.596,-58.748,-59.816,-61.19,-65.92,-68.972,-70.498,-72.176,-73.244,-74.16,-76.754,-79.043,-80.569,-79.501,-79.196,-77.517,-77.364,-76.296,-75.228,-73.397,-71.108,-69.887,-66.836,-63.326,-62.563,-63.021,-65.767,-67.904,-72.787,-77.212,-82.553,-85.757,-88.351,-88.961,-89.419,-92.929,-98.117,-102.39,-105.44,-105.9,-107.43,-110.02,-113.38,-114.44,-113.68,-112.46,-112.16,-110.48,-107.43,-104.83,-102.08,-98.88,-99.185,-100.41,-102.85,-103.46,-105.9,-107.43,-107.58,-105.59,-102.85,-101.63,-100.86,-101.93,-104.98,-104.83,-103.46,-98.88,-94.607,-88.504,-82.705,-77.67,-73.702,-69.582,-65.004,-59.511,-55.696,-51.729,-50.203,-49.287,-50.356,-49.593,-48.677,-47.609,-48.982,-49.593,-51.271,-51.271,-51.118,-48.982,-46.999,-44.252,-43.489,-42.726,-40.59,-36.775,-34.181,-30.061,-28.23,-25.483,-23.652,-23.804,-23.652,-22.279,-20.447,-19.074,-18.921,-17.548,-18.921,-22.279,-27.619,-31.434,-35.859,-39.827,-46.388,-52.492,-57.222,-61.037,-63.631,-66.225,-68.819,-70.345,-71.108,-69.582,-70.345,-69.887,-72.176,-72.329,-73.855,-75.991,-79.348,-81.027,-82.247,-82.247,-81.332,-82.553,-84.231,-84.231,-84.536,-84.689,-87.283,-87.741,-89.877,-94.15,-99.185,-103.15,-109.1,-114.6,-119.48,-123.45,-128.18,-131.99,-137.03,-139.77,-144.05,-143.89,-144.35,-143.13,-142.83,-142.52,-142.22,-139.16,-137.49,-134.74,-130.62,-123.75,-119.63,-114.44,-111.55,-108.34,-105.9,-100.41,-94.455,-88.504,-84.231,-80.416,-76.754,-73.397,-73.397,-73.55,-76.296,-76.907,-78.127,-78.28,-79.196,-77.975,-75.991,-74.923,-76.754,-79.196,-82.553,-83.316,-84.231,-82.553,-80.721,-76.449,-72.481,-66.378,-63.784,-62.868,-62.41,-61.342,-60.579,-59.206,-56.917,-50.966,-46.693,-41.81,-40.437,-38.606,-40.132,-41.2,-42.573,-41.353,-40.742,-40.59,-39.979,-38.606,-36.927,-34.944,-35.249,-34.333,-36.927,-36.164,-38.759,-39.521,-43.031,-47.151,-53.255,-57.985,-61.647,-63.784,-66.225,-66.683,-67.293,-65.92,-66.073,-64.852,-63.478,-63.478,-66.225,-68.972,-69.43,-69.277,-69.735,-72.024,-74.77,-76.754,-77.212,-77.212,-77.364,-76.144,-76.144,-76.754,-78.127,-78.433,-82.095,-84.384,-85.452,-85.757,-87.588,-86.367,-82.705,-77.975,-75.076,-74.16,-76.296,-77.67,-79.196,-79.348,-81.332,-84.078,-87.13,-89.267,-90.03,-89.267,-87.741,-85.299,-84.384,-83.163,-84.994,-84.384,-85.91,-87.13,-87.893,-87.741,-88.046,-88.656,-90.945,-91.861,-90.182,-88.504,-86.978,-85.452,-83.316,-79.653,-76.296,-72.939,-72.024,-69.582,-68.972,-65.767,-61.8,-59.969,-60.121,-61.037,-62.716,-62.716,-61.495,-59.053,-60.579,-61.342,-64.394,-64.699,-65.615,-64.089,-61.8,-57.375,-52.95,-48.219,-44.71,-41.963,-40.437,-37.69,-37.385,-38.606,-42.268,-43.336,-45.015,-46.541,-45.93,-41.81,-38.301,-35.249,-31.892,-27.924,-27.009,-26.704,-27.924,-28.84,-29.756,-29.145,-27.467,-24.873,-20.142,-14.801,-9.6133,-2.1363,3.2044,8.6978,11.902,14.039,15.564,19.99,21.821,24.873,26.399,27.467,28.382,29.908,30.976,32.197,34.639,37.385,37.08,36.927,35.401,34.028,31.434,30.061,28.23,26.093,23.194,21.516,18.006,14.496,9.9185,7.3244,4.12,2.8993,0.15259,-0.45778,-2.2889,-2.5941,-2.1363,-1.2207,-1.9837,-0.91556,1.5259,7.477,10.681,16.938,22.279,28.535,31.739,35.401,37.996,40.59,42.116,43.794,45.32,48.982,51.424,53.255,53.102,55.849,56.459,58.596,59.358,62.258,67.293,72.634,75.381,77.517,78.28,76.754,75.076,74.465,73.092,73.55,72.481,73.855,73.855,74.618,76.754,79.501,83.163,87.741,92.166,95.218,97.201,101.32,104.07,106.51,106.36,105.59,105.59,104.68,101.02,94.913,87.436,81.179,73.397,69.124,62.563,57.527,51.576,45.93,38.301,30.671,22.889,15.412,8.24,4.4252,2.2889,1.6785,0.76296,-0.15259,-1.6785,-0.30519,0.76296,2.2889,4.12,7.6296,11.444,16.022,19.074,22.431,23.194,23.957,22.736,21.668,19.837,18.159,17.853,21.821,23.652,23.804,23.499,22.736,18.921,14.954,11.75,9.9185,6.5615,5.6459,3.8148,2.8993,1.2207,1.2207,2.2889,3.357,2.4415,-0.30519,-2.7467,-5.0356,-8.8504,-8.8504,-9.4607,-8.5452,-7.3244,-4.7304,-4.4252,-4.883,-6.2563,-7.1718,-9.6133,-11.597,-11.597,-10.376,-9.9185,-6.1037,-2.8993,1.2207,3.9674,7.3244,10.224,10.529,8.8504,7.0193,5.0356,4.12,-0.30519,-3.0519,-4.883,-3.0519,-1.8311,-0,1.3733,2.1363,2.1363,3.2044,4.12,5.0356,4.2726,3.6622,1.5259,-0.30519,-3.2044,-4.5778,-5.9511,-7.477,-8.24,-8.8504,-10.529,-13.123,-15.564,-13.886,-13.276,-11.75,-11.292,-10.987,-12.36,-11.292,-11.139,-11.597,-14.649,-16.022,-15.259,-13.276,-12.36,-12.36,-13.123,-12.207,-14.496,-14.649,-13.733,-11.902,-13.123,-14.039,-16.48,-17.548,-18.616,-19.227,-21.21,-21.973,-25.33,-28.077,-32.807,-36.317,-42.268,-45.93,-49.287,-52.797,-55.544,-56.917,-59.358,-61.495,-64.089,-66.378,-69.124,-68.361,-70.193,-69.43,-69.277,-66.53,-63.173,-61.037,-60.884,-59.969,-58.443,-54.323,-51.881,-46.693,-41.81,-35.249,-29.145,-21.668,-17.548,-14.191,-7.6296,-0.61037,4.12,8.24,9.4607,9.9185,8.0874,8.3926,6.8667,8.0874,9.003,11.597,13.428,15.87,18.769,20.295,20.142,20.905,19.99,20.142,17.396,17.09,15.564,14.649,13.581,13.428,12.055,8.8504,2.7467,-3.6622,-11.597,-16.175,-21.668,-26.704,-33.418,-39.674,-45.625,-51.729,-57.527,-64.089,-73.092,-81.942,-90.793,-97.507,-102.39,-102.85,-103.61,-102.08,-102.24,-103,-103.15,-101.17,-99.185,-97.507,-98.575,-97.354,-97.354,-94.15,-91.403,-85.299,-77.975,-68.056,-60.579,-54.933,-53.255,-53.407,-55.086,-57.07,-57.222,-55.696,-54.018,-50.508,-49.135,-45.93,-41.963,-38.606,-36.622,-35.707,-37.08,-40.59,-45.625,-50.813,-57.68,-59.816,-60.579,-61.495,-64.852,-66.988,-69.887,-73.855,-77.822,-81.179,-84.536,-86.673,-89.572,-89.114,-89.877,-89.877,-90.487,-89.572,-91.098,-92.471,-93.997,-93.844,-95.065,-94.15,-92.471,-89.724,-88.656,-86.062,-83.163,-78.433,-74.618,-67.598,-60.884,-52.644,-45.93,-40.284,-34.486,-27.161,-21.058,-14.344,-7.7822,1.0681,8.0874,15.87,22.126,29.756,36.317,44.404,51.881,60.274,66.988,75.076,84.384,93.692,101.32,109.71,115.21,121.46,126.04,132.3,137.49,142.83,147.25,151.22,155.64,160.99,167.39,173.35,177.62,183.42,187.69,192.88,196.23,200.35,204.02,208.59,213.17,218.21,222.79,226.14,228.89,233.92,237.28,242.47,244.91,247.81,247.51,247.35,247.96,248.73,248.27,246.89,245.52,243.54,240.49,236.52,230.57,226.29,221.87,219.58,215.77,213.32,212.41,211.65,210.12,210.27,209.97,209.36,207.68,208.59,209.2,210.12,209.66,210.73,211.95,213.02,214.55,216.53,219.58,220.95,220.34,220.34,219.28,220.19,218.51,218.51,216.83,215.77,215.31,216.83,217.44,217.29,217.29,216.83,215,214.55,213.17,212.1,209.2,206.31,204.17,201.73,198.22,194.56,191.2,186.62,180.67,175.94,171.36,169.38,167.55,167.09,165.72,163.12,161.6,161.29,159.46,157.93,154.88,154.42,153.81,153.97,153.51,152.59,150,146.34,141.76,137.64,133.67,130.01,124.97,120.85,116.89,115.05,111.85,109.87,107.12,104.07,100.86,96.896,92.318,86.978,81.027,76.144,70.04,65.157,61.19,57.222,52.339,48.372,45.473,42.726,40.59,38.301,35.707,32.96,28.84,26.093,22.431,19.837,15.107,12.207,9.4607,6.5615,3.0519,-1.0681,-5.0356,-8.6978,-12.055,-12.97,-15.412,-16.022,-18.006,-19.684,-21.668,-22.126,-22.584,-23.499,-25.941,-28.687,-32.044,-31.892,-32.197,-31.892,-33.723,-34.181,-36.012,-37.69,-41.047,-45.167,-49.135,-52.95,-57.07,-59.358,-61.8,-62.258,-63.173,-63.326,-65.767,-66.836,-68.819,-69.887,-70.345,-69.43,-69.582,-71.718,-75.228,-78.585,-82.4,-83.621,-85.91,-84.078,-84.689,-85.299,-88.046,-88.809,-90.182,-93.692,-97.354,-99.796,-103.31,-104.68,-106.51,-107.43,-109.87,-111.24,-114.14,-115.36,-117.04,-117.34,-120.4,-122.38,-124.67,-126.96,-129.09,-130.47,-131.84,-129.7,-130.31,-129.25,-130.16,-130.16,-132.6,-132.91,-133.37,-135.2,-137.18,-138.55,-140.23,-141.61,-144.05,-145.88,-148.63,-148.32,-149.54,-149.69,-152.44,-155.64,-158.39,-159.76,-160.22,-159,-158.09,-155.03,-153.81,-152.29,-151.37,-148.01,-146.03,-142.37,-141,-138.4,-136.57,-133.67,-129.09,-121.62,-115.67,-111.7,-109.87,-106.36,-102.69,-94.76,-87.588,-80.874,-76.144,-70.65,-65.462,-59.511,-53.865,-48.982,-46.541,-45.167,-45.778,-45.778,-47.456,-48.219,-48.83,-46.693,-44.557,-42.268,-40.895,-40.132,-40.437,-41.047,-42.116,-42.116,-44.252,-41.353,-37.843,-34.791,-36.317,-37.538,-39.521,-39.979,-39.827,-37.538,-34.944,-32.807,-32.96,-33.265,-36.775,-38.759,-41.353,-41.81,-43.489,-43.794,-44.404,-44.71,-46.846,-47.914,-48.677,-49.287,-51.118,-53.255,-56.764,-60.579,-65.92,-68.819,-72.024,-72.634,-73.702,-71.871,-68.972,-67.293,-67.904,-67.904,-69.277,-71.261,-72.024,-70.65,-70.65,-68.667,-66.53,-63.021,-63.631,-65.004,-66.988,-69.735,-72.939,-76.296,-81.179,-83.926,-87.893,-89.877,-92.929,-92.624,-92.013,-94.607,-98.727,-99.643,-99.338,-98.575,-100.25,-102.24,-105.75,-106.97,-110.17,-113.68,-117.04,-118.56,-117.65,-114.14,-111.09,-108.34,-108.04,-106.97,-106.2,-104.07,-102.85,-100.86,-100.1,-98.422,-95.065,-92.776,-93.539,-93.387,-93.234,-93.692,-96.896,-99.033,-101.78,-104.22,-106.2,-108.65,-112.46,-114.6,-115.97,-116.73,-117.95,-116.12,-114.9,-112.92,-115.05,-117.5,-122.07,-126.8,-132.3,-137.33,-142.67,-148.01,-154.42,-159.31,-164.04,-168.31,-175.02,-181.89,-189.67,-197.45,-204.47,-212.1,-220.8,-226.75,-232.55,-238.35,-247.35,-253.46,-260.48,-265.21,-271.46,-276.35,-283.97,-290.23,-297.56,-302.74,-306.86,-310.37,-314.34,-315.56,-316.63,-316.02,-316.93,-317.85,-320.44,-321.36,-323.5,-323.8,-324.56,-324.41,-323.5,-321.21,-320.29,-320.75,-322.28,-323.65,-325.79,-325.33,-325.63,-326.24,-326.09,-323.5,-321.36,-320.44,-318.16,-315.1,-312.66,-310.53,-307.93,-302.9,-298.78,-293.89,-290.23,-284.13,-278.63,-271.46,-263.53,-256.66,-249.79,-243.39,-239.11,-234.38,-232.55,-230.11,-226.6,-221.41,-216.22,-209.81,-202.95,-195.93,-194.71,-195.17,-196.84,-196.69,-192.42,-188.15,-185.4,-180.82,-171.67,-154.58,-138.86,-125.43,-113.22,-99.033,-90.487,-86.978,-83.316,-75.381,-64.699,-57.985,-51.271,-37.233,-18.769,1.5259,19.379,33.265,40.437,49.745,58.138,68.972,75.686,78.738,76.907,72.634,67.141,67.751,74.007,83.773,91.25,99.033,102.69,108.49,107.73,105.44,97.964,87.436,71.871,53.407,36.164,23.652,12.513,2.8993,-6.8667,-15.412,-23.652,-29.908,-38.301,-44.252,-51.424,-59.511,-71.413,-83.773,-94.76,-106.81,-119.79,-131.08,-144.05,-155.19,-167.39,-180.06,-193.18,-204.02,-215.61,-227.21,-237.43,-247.2,-255.75,-263.68,-271.46,-275.89,-281.38,-284.89,-288.09,-287.79,-286.87,-286.57,-287.18,-286.72,-284.89,-282.45,-279.85,-274.21,-270.85,-265.51,-261.7,-255.13,-248.27,-239.11,-231.33,-223.09,-214.55,-206.31,-199.44,-191.2,-182.81,-174.72,-167.85,-159.61,-152.13,-143.89,-136.57,-129.55,-122.38,-113.38,-103,-93.387,-83.773,-73.244,-65.31,-53.407,-42.268,-28.993,-16.633,-3.8148,8.5452,21.058,32.502,44.862,56.459,70.04,81.637,95.065,106.36,118.87,129.09,138.86,148.01,157.78,167.39,176.24,183.87,191.81,195.17,200.81,205.54,212.56,218.36,225.07,231.18,237.89,244.3,251.32,257.42,262.92,268.11,275.43,280.77,287.03,292.98,300.15,306.56,312.97,318.77,324.72,330.97,339.21,344.55,349.74,354.32,359.36,363.93,369.73,374.16,378.28,383.16,387.89,392.16,397.66,401.93,406.35,410.02,415.2,419.17,422.83,427.11,430.77,433.97,437.48,440.99,444.2,447.1,452.59,457.32,462.81,469.07,476.7,483.72,490.13,496.38,503.25,510.12,515.46,519.12,522.02,524.61,526.6,526.29,526.44,525.68,525.22,524.77,524.16,521.87,520.65,518.05,516.37,511.95,508.13,504.01,498.67,492.72,487.38,482.04,476.7,470.9,467.54,462.51,459.15,455.34,451.67,448.77,447.86,445.88,442.37,438.25,435.8,431.68,430.31,428.79,428.48,427.87,426.04,421.92,418.87,416.27,413.22,408.49,404.83,401.78,399.33,394.45,390.03,385.14,379.5,372.78,367.29,361.19,356.76,350.2,345.77,340.13,336.62,332.65,328.38,323.5,318,314.34,310.98,308.39,308.08,307.32,306.86,304.12,302.13,298.47,293.59,289.16,287.03,285.65,283.97,282.14,280.92,276.96,273.6,268.72,265.05,260.17,256.2,253.91,251.47,249.03,247.35,245.98,244,242.16,241.71,239.72,238.81,236.37,235.3,232.7,230.41,227.06,224.77,222.33,219.73,217.44,215.16,212.41,211.49,209.81,207.83,204.17,202.03,199.74,198.22,196.54,193.03,189.67,185.86,181.74,177.47,172.43,168.16,161.29,155.95,151.22,148.93,146.79,143.74,140.54,138.1,137.03,134.28,129.86,127.11,124.52,122.07,119.79,119.63,121.01,124.52,126.35,124.36,121.77,118.72,116.43,113.83,110.78,109.26,105.59,101.78,96.744,92.318,88.351,83.926,77.67,70.04,61.19,51.881,42.116,34.486,26.551,20.447,13.123,5.9511,-1.2207,-7.6296,-13.123,-17.853,-21.058,-21.973,-24.567,-27.161,-32.35,-36.622,-41.2,-43.184,-45.167,-46.388,-46.541,-46.846,-49.135,-50.508,-53.407,-56.917,-63.936,-71.413,-78.585,-84.078,-88.046,-90.793,-92.166,-92.013,-91.556,-91.556,-94.455,-97.201,-100.71,-101.32,-103.15,-104.98,-108.8,-113.07,-117.04,-120.85,-123.6,-124.67,-127.57,-129.09,-131.53,-131.53,-133.67,-135.65,-139.01,-142.67,-144.96,-147.4,-151.83,-157.17,-163.27,-167.24,-172.89,-176.24,-177.47,-176.7,-179.14,-181.59,-183.72,-185.4,-188.91,-193.64,-197.15,-199.13,-200.35,-199.59,-198.22,-195.17,-193.64,-190.44,-187.54,-184.18,-181.59,-181.13,-181.13,-180.36,-180.97,-182.5,-186.01,-188.76,-192.88,-194.4,-198.07,-199.29,-201.12,-201.12,-203.1,-204.47,-205.24,-204.93,-204.47,-203.25,-205.08,-204.93,-205.39,-202.49,-200.35,-197.91,-197,-194.56,-191.05,-187.23,-184.18,-183.42,-184.94,-186.62,-190.89,-193.49,-196.69,-197.76,-199.9,-201.27,-204.63,-206.76,-209.66,-211.19,-211.95,-210.88,-209.51,-208.14,-209.2,-208.9,-207.53,-202.64,-197.15,-190.89,-182.04,-171.82,-163.12,-156.56,-153.2,-152.75,-152.9,-148.78,-145.57,-142.52,-143.74,-143.74,-144.81,-144.05,-143.74,-143.59,-143.74,-144.51,-144.2,-143.74,-146.79,-148.78,-151.22,-152.29,-150.91,-148.32,-145.88,-141.3,-136.42,-131.08,-126.96,-124.52,-120.55,-115.05,-111.7,-107.73,-106.36,-103.15,-101.63,-100.56,-102.39,-104.37,-105.9,-108.19,-110.02,-108.34,-112,-117.5,-124.06,-128.18,-132.3,-133.21,-133.06,-132.6,-132.15,-129.7,-129.55,-133.06,-135.81,-135.96,-139.62,-141.45,-143.59,-145.42,-147.71,-147.25,-147.25,-150.91,-154.58,-154.42,-155.8,-158.7,-164.04,-169.99,-176.24,-177.31,-179.6,-179.6,-178.38,-177.92,-177.77,-176.85,-178.84,-182.04,-186.77,-190.28,-193.03,-193.79,-195.32,-193.64,-190.74,-187.08,-183.87,-184.48,-187.08,-189.21,-190.89,-188.3,-184.79,-180.21,-176.09,-171.67,-169.53,-168.31,-167.55,-167.7,-168,-170.29,-173.65,-175.79,-178.84,-181.13,-185.55,-187.69,-190.44,-195.93,-202.64,-207.68,-209.81,-210.27,-211.8,-212.71,-213.48,-213.48,-217.14,-219.89,-225.07,-228.58,-230.72,-233.16,-237.28,-239.42,-239.72,-237.13,-235.76,-235.15,-236.37,-234.84,-235.76,-233.16,-230.72,-227.67,-225.68,-223.09,-220.65,-216.68,-213.17,-207.53,-204.02,-198.83,-194.56,-187.69,-182.2,-175.33,-170.6,-166.94,-165.11,-162.82,-161.14,-158.09,-155.19,-150.76,-149.24,-147.1,-146.79,-142.52,-138.1,-131.69,-126.04,-120.85,-117.65,-112.92,-106.81,-98.117,-95.218,-89.114,-85.452,-81.484,-78.28,-73.244,-68.667,-62.563,-58.138,-54.628,-53.255,-50.966,-49.44,-44.71,-40.437,-35.096,-32.96,-29.45,-26.399,-21.973,-16.175,-11.139,-6.4089,-3.8148,-1.3733,2.4415,5.6459,9.003,10.681,13.276,17.243,22.431,25.636,29.298,33.113,35.401,34.944,34.791,34.333,33.265,31.281,31.434,30.976,30.976,30.824,32.35,32.655,32.35,31.434,31.892,31.281,28.687,24.873,24.873,24.72,25.788,26.704,30.671,33.265,36.164,39.064,42.879,43.336,45.015,45.32,45.625,44.71,47.761,49.135,52.797,54.17,56.459,56.307,58.596,59.969,61.647,62.868,63.326,61.647,59.969,57.375,56.917,55.391,55.544,54.17,53.865,53.407,53.407,53.713,53.865,53.713,54.781,55.238,58.29,59.969,63.478,64.699,64.241,61.953,61.495,62.716,60.884,56.764,53.865,49.745,50.203,52.492,56.459,57.07,57.68,56.917,58.29,60.274,61.495,61.647,64.241,66.378,69.124,70.956,73.55,75.076,78.28,77.517,77.364,75.838,74.007,71.108,67.446,63.631,62.105,57.985,54.628,50.508,46.999,42.726,39.674,36.012,33.57,30.976,27.467,23.804,22.126,19.532,18.769,15.717,13.886,9.3081,4.5778,-1.2207,-6.2563,-11.902,-14.649,-14.954,-11.292,-7.3244,-1.9837,1.5259,5.4933,10.681,15.564,21.058,26.856,31.587,35.249,36.164,37.996,37.69,39.369,39.064,39.674,37.996,36.622,34.639,34.181,34.944,36.622,35.401,33.876,30.671,26.856,23.347,23.804,26.093,29.908,33.265,34.486,35.249,35.554,35.096,34.944,36.164,39.064,38.911,39.979,40.895,43.031,44.862,46.846,48.83,50.508,50.05,50.356,49.44,49.287,48.83,50.356,50.356,50.966,50.966,50.356,49.44,49.287,48.677,50.813,53.865,58.901,61.8,63.021,65.004,66.683,69.735,72.329,73.397,74.313,75.533,76.907,74.465,73.092,69.277,66.378,63.936,63.478,63.936,65.31,66.836,67.751,68.056,68.514,70.04,75.076,78.585,80.111,79.653,78.28,75.076,72.176,70.956,70.803,69.735,69.735,66.836,62.258,55.391,51.271,46.999,44.557,43.641,44.099,45.625,49.287,50.508,51.881,52.034,54.323,55.544,57.375,58.138,62.41,68.361,73.55,78.127,81.79,84.078,85.91,85.757,86.062,85.147,86.673,85.91,87.588,89.572,92.471,93.844,93.692,91.861,89.419,86.978,84.536,80.416,77.212,74.313,75.533,76.449,74.16,70.498,68.361,66.836,65.615,64.547,64.699,62.258,59.053,53.56,50.356,48.219,47.914,48.219,49.745,51.118,52.187,53.407,55.544,55.086,52.492,48.067,42.573,36.775,32.655,29.45,28.535,27.467,27.314,24.415,23.957,24.11,25.636,26.551,28.687,29.145,28.382,25.788,23.957,19.684,17.09,15.412,12.665,7.9348,2.1363,-1.8311,-4.12,-6.4089,-10.071,-18.159,-25.025,-29.908,-28.84,-25.941,-20.905,-15.412,-11.597,-9.1556,-8.24,-8.5452,-7.6296,-8.5452,-7.6296,-6.8667,-4.883,-4.7304,-3.5096,0.45778,5.6459,10.529,14.344,19.227,25.025,27.009,30.976,31.129,31.129,31.587,32.35,30.671,26.856,24.567,21.21,16.022,12.665,9.6133,8.3926,4.5778,1.9837,-0.61037,0.15259,3.6622,7.7822,8.0874,6.8667,5.9511,4.2726,0.15259,-3.0519,-7.3244,-6.7141,-8.24,-8.5452,-11.139,-8.8504,-3.0519,3.6622,10.071,13.123,13.733,13.428,13.886,16.48,18.006,21.21,23.194,27.009,28.993,29.756,31.434,36.164,42.421,46.693,51.118,56.612,62.105,67.141,69.582,68.972,62.41,56.917,52.187,47.456,45.167,43.947,42.726,43.489,42.726,43.031,41.2,40.284,37.843,38.148,34.028,28.687,23.194,16.633,11.444,6.8667,-0.30519,-5.9511,-10.224,-10.376,-9.3081,-6.1037,-1.6785,4.4252,10.987,18.311,28.687,38.148,42.421,44.862,44.404,44.252,43.794,45.625,47.609,50.203,54.323,59.206,65.157,69.43,71.566,74.313,74.313,75.686,74.77,75.686,74.77,73.092,70.498,68.514,66.836,64.699,62.563,61.19,59.511,58.748,58.901,63.021,65.462,66.53,63.326,58.748,54.476,50.966,46.999,43.947,38.301,31.434,22.279,15.717,6.8667,-1.0681,-7.9348,-10.834,-12.36,-15.717,-19.99,-23.652,-27.467,-28.077,-27.924,-27.009,-27.619,-27.619,-27.924,-26.551,-24.415,-23.804,-24.567,-22.126,-20.295,-18.159,-16.785,-16.022,-18.311,-21.363,-22.889,-23.499,-24.567,-25.178,-27.772,-30.519,-34.333,-36.47,-39.521,-41.353,-45.015,-47.914,-47.914,-48.677,-50.661,-50.05,-48.982,-45.778,-42.421,-39.064,-36.317,-31.739,-27.009,-23.347,-22.126,-22.584,-22.889,-21.21,-20.753,-19.837,-18.921,-16.175,-12.055,-7.1718,-1.5259,4.5778,8.5452,13.733,15.412,16.633,16.48,17.396,18.006,19.227,21.668,23.957,26.246,29.45,29.756,30.213,31.587,34.639,35.554,35.249,36.012,36.775,36.47,38.911,39.674,38.911,34.944,30.061,26.093,25.33,23.957,23.194,23.652,25.483,25.483,27.161,27.772,27.924,26.246,21.363,17.243,14.191,10.376,5.1881,-1.3733,-8.5452,-15.412,-17.701,-17.853,-18.311,-19.227,-20.142,-19.532,-18.616,-20.6,-23.041,-25.941,-27.467,-31.587,-35.859,-42.726,-48.524,-51.424,-52.187,-52.492,-52.797,-54.933,-56.764,-57.68,-56.001,-55.849,-54.476,-53.56,-50.508,-48.83,-46.693,-44.557,-41.505,-40.437,-37.996,-37.233,-37.538,-39.369,-41.047,-43.489,-44.404,-45.625,-43.641,-43.184,-41.963,-43.947,-45.167,-49.287,-51.118,-53.102,-55.544,-60.274,-63.631,-67.751,-71.261,-77.059,-81.027,-85.299,-90.64,-96.744,-100.1,-102.69,-103.31,-103.31,-101.78,-98.88,-93.692,-89.572,-84.689,-79.348,-72.024,-65.462,-59.664,-55.544,-52.797,-50.203,-47.761,-45.32,-41.81,-39.521,-35.096,-32.35,-27.619,-22.431,-19.379,-18.006,-15.564,-15.259,-14.649,-14.649,-14.191,-15.717,-17.09,-18.311,-19.379,-19.227,-19.684,-21.821,-22.889,-25.33,-27.009,-30.061,-31.739,-35.096,-38.148,-39.521,-41.047,-42.116,-42.573,-44.252,-44.557,-47.304,-50.05,-54.018,-57.375,-60.274,-61.19,-60.579,-58.596,-59.358,-59.511,-60.274,-61.342,-65.004,-69.277,-75.076,-80.264,-80.264,-76.296,-74.007,-70.193,-69.887,-69.43,-69.582,-66.073,-60.427,-54.018,-47.609,-41.2,-36.317,-30.366,-26.399,-21.821,-19.99,-16.938,-14.801,-12.207,-10.224,-10.529,-10.529,-9.1556,-9.6133,-9.9185,-12.513,-14.496,-15.717,-17.243,-20.753,-23.499,-25.941,-25.636,-28.23,-31.281,-35.249,-37.538,-39.369,-41.505,-44.862,-46.541,-49.898,-52.339,-57.07,-62.563,-67.598,-72.481,-77.517,-82.4,-88.198,-92.929,-97.354,-100.25,-106.66,-113.53,-119.48,-123.91,-128.18,-131.84,-131.23,-128.48,-127.41,-125.13,-124.21,-119.63,-112.46,-106.2,-99.185,-91.861,-86.52,-78.585,-70.956,-63.173,-56.612,-48.372,-40.742,-34.486,-28.993,-24.11,-17.853,-10.529,-3.8148,2.8993,5.7985,6.5615,4.883,3.0519,-0.30519,-2.5941,-4.4252,-4.883,-8.5452,-10.071,-12.818,-16.175,-18.921,-19.837,-20.753,-20.447,-19.227,-16.938,-16.327,-13.733,-10.834,-5.6459,-2.8993,-0,2.4415,3.357,5.4933,11.75,18.769,28.23,35.401,41.81,48.067,52.187,53.713,56.154,57.222,60.274,62.105,65.92,69.124,73.55,75.076,76.907,76.601,76.144,78.585,81.332,83.163,85.452,88.961,92.776,93.387,94.76,95.523,94.15,95.523,98.422,96.896,96.438,95.828,95.828,97.354,100.71,102.24,103.92,106.66,110.02,111.85,114.44,115.97,117.5,117.8,118.41,116.89,115.51,114.9,115.21,114.9,114.14,113.68,114.9,113.22,112.16,109.87,108.49,108.34,110.63,112.46,113.83,114.29,114.6,112.16,110.32,108.95,108.04,106.81,104.68,103.31,100.41,98.575,96.438,91.25,85.147,77.212,72.787,71.261,71.108,68.667,64.394,58.901,54.018,47.609,43.031,37.69,32.807,28.535,25.33,23.347,21.668,19.837,18.769,17.701,18.921,19.837,21.821,23.499,26.551,31.587,37.538,43.489,49.745,55.086,61.342,66.073,72.634,79.043,85.452,91.556,97.964,104.37,110.48,115.05,121.77,126.8,132.6,135.81,137.64,137.64,136.27,135.04,134.43,133.06,133.21,131.38,130.77,128.79,128.48,128.03,128.33,126.8,126.19,125.74,125.74,124.67,124.82,127.72,132.45,133.06,133.21,132.3,130.31,128.18,125.43,122.23,118.56,115.67,115.97,115.82,114.6,108.95,104.37,100.25,95.828,92.776,92.776,92.166,92.318,92.318,92.318,91.25,92.624,92.624,91.708,90.64,89.267,87.283,86.825,86.825,88.198,87.436,88.809,89.724,91.403,89.572,84.994,81.942,77.975,74.16,70.803,66.378,63.021,59.511,57.527,53.407,50.203,46.388,43.489,41.963,40.132,37.996,35.554,31.281,31.129,29.908,29.603,28.23,25.941,25.33,26.246,27.161,28.993,31.434,34.028,33.57,33.57,33.876,33.723,33.723,34.028,33.723,35.096,36.012,38.148,38.759,39.979,39.674,39.369,38.759,39.979,40.895,40.59,38.148,36.164,33.418,31.281,28.993,28.535,28.23,28.23,28.687,27.619,26.551,28.23,28.535,30.061,31.281,34.791,36.012,37.08,36.164,34.028,30.976,27.924,25.636,25.941,26.856,29.45,28.84,28.993,28.382,26.399,24.72,22.889,20.6,19.837,16.938,11.597,4.4252,-1.3733,-10.987,-19.074,-24.262,-26.551,-29.45,-31.739,-34.639,-36.164,-37.08,-35.859,-36.775,-36.012,-35.249,-35.096,-35.096,-36.47,-38.148,-36.164,-34.181,-32.197,-32.502,-31.587,-30.061,-26.856,-22.584,-21.668,-19.532,-15.564,-11.597,-7.477,-7.3244,-6.2563,-7.1718,-8.0874,-10.224,-11.597,-11.75,-10.376,-9.1556,-6.8667,-6.8667,-5.9511,-7.1718,-7.9348,-12.818,-15.717,-17.09,-18.006,-19.684,-22.279,-26.093,-28.535,-32.35,-34.791,-37.233,-36.927,-38.148,-37.538,-35.096,-34.639,-33.265,-30.213,-26.856,-23.804,-23.957,-22.126,-21.058,-18.311,-14.039,-9.4607,-4.7304,-1.3733,2.1363,4.7304,3.2044,2.5941,0.61037,0.30519,1.0681,2.8993,5.3407,7.0193,5.1881,4.2726,1.8311,-0.45778,-5.0356,-9.003,-10.834,-10.681,-13.123,-17.853,-24.567,-30.366,-34.944,-39.064,-46.693,-53.102,-58.901,-62.41,-63.631,-65.31,-65.92,-64.699,-65.767,-65.462,-66.53,-65.462,-64.852,-64.241,-64.547,-64.394,-64.241,-64.852,-68.056,-70.345,-72.481,-74.465,-76.601,-78.28,-82.858,-88.198,-94.607,-99.796,-102.85,-106.51,-110.48,-113.99,-117.19,-118.11,-120.24,-120.7,-118.87,-114.6,-114.14,-112.31,-110.17,-105.9,-100.1,-93.692,-86.978,-76.907,-68.667,-59.206,-52.187,-45.167,-39.827,-35.096,-30.824,-25.941,-20.6,-14.649,-10.681,-7.0193,-5.6459,-3.8148,-4.883,-4.7304,-6.1037,-7.6296,-8.8504,-9.6133,-10.987,-10.376,-12.513,-13.886,-18.006,-20.753,-23.194,-24.72,-27.924,-32.96,-37.538,-40.895,-43.794,-42.573,-42.421,-42.116,-42.573,-41.2,-40.742,-40.895,-41.047,-39.979,-39.369,-37.538,-37.843,-36.317,-35.859,-34.639,-32.044,-30.824,-30.976,-31.587,-34.333,-37.08,-40.437,-40.437,-43.031,-44.862,-49.745,-55.391,-63.173,-69.887,-74.465,-78.433,-81.332,-83.163,-88.504,-92.929,-97.812,-101.32,-106.36,-109.1,-113.53,-116.58,-118.41,-121.62,-123.45,-121.92,-123.6,-123.29,-123.91,-121.92,-119.02,-116.89,-113.68,-110.48,-108.04,-105.75,-103.61,-100.25,-96.591,-91.556,-87.741,-81.332,-73.855,-66.378,-60.884,-56.917,-53.102,-47.456,-44.557,-40.284,-36.47,-30.519,-26.246,-22.736,-20.6,-19.379,-18.616,-17.853,-17.548,-16.022,-16.785,-16.327,-15.107,-13.581,-14.496,-15.717,-17.548,-20.6,-22.889,-22.126,-21.973,-20.447,-21.363,-22.889,-26.856,-30.671,-32.655,-31.892,-30.061,-28.077,-24.873,-20.447,-17.09,-13.581,-12.665,-12.665,-16.48,-22.279,-28.382,-33.265,-36.164,-39.827,-43.489,-45.32,-46.541,-45.167,-46.388,-49.287,-52.797,-56.154,-55.696,-52.797,-51.729,-52.187,-52.187,-52.797,-55.086,-53.865,-52.95,-49.898,-47.304,-44.557,-43.641,-43.489,-43.336,-43.794,-44.099,-43.947,-44.71,-44.252,-44.862,-43.947,-41.353,-38.759,-36.164,-35.096,-33.57,-31.129,-30.366,-27.924,-26.399,-24.72,-24.873,-22.584,-20.295,-17.09,-14.039,-12.97,-12.97,-12.36,-10.681,-4.2726,-0.15259,2.4415,1.5259,1.5259,2.4415,4.4252,2.7467,0.91556,-1.2207,-3.5096,-5.7985,-8.8504,-13.428,-15.717,-18.311,-17.853,-17.243,-13.733,-9.6133,-4.2726,2.8993,11.597,20.142,27.009,29.756,32.96,33.418,35.401,35.401,35.096,32.502,29.45,27.619,25.33,23.041,21.516,18.311,13.886,8.24,7.3244,6.7141,9.1556,13.123,17.09,19.227,21.821,23.347,25.33,26.551,30.824,32.197,33.723,35.707,38.606,40.742,41.658,42.116,42.726,42.879,43.947,43.947,43.947,41.047,39.521,37.538,36.775,33.113,27.314,21.21,17.09,14.191,14.496,12.818,12.513,11.292,10.681,9.3081,11.292,15.259,19.532,24.415,29.298,34.333,41.047,46.388,52.492,57.375,64.241,69.582,75.991,79.653,80.874,81.637,83.773,84.536,83.773,81.179,77.212,74.007,74.465,73.702,74.007,76.601,77.059,76.449,76.449,76.296,79.348,82.4,86.062,87.741,91.708,94.913,97.507,99.49,100.56,101.17,104.98,108.34,112.46,113.22,117.8,121.16,127.11,131.23,133.21,133.37,130.62,126.8,121.16,113.83,107.88,101.78,96.744,91.708,87.741,83.773,81.179,78.89,79.653,81.027,81.484,81.79,82.858,81.027,80.721,79.806,79.043,75.533,70.65,66.378,61.8,59.816,59.358,57.985,57.222,55.544,56.001,53.56,50.813,46.693,42.726,41.353,42.879,45.473,46.388,47.609,51.576,54.018,56.917,55.849,56.612,57.375,60.274,61.8,61.8,61.342,61.953,60.732,58.596,53.255,46.236,40.132,35.096,27.467,21.058,14.344,12.513,11.597,10.987,7.6296,5.0356,3.5096,3.5096,4.4252,6.7141,6.5615,6.2563,5.1881,7.0193,9.1556,13.733,19.532,25.788,30.976,33.418,31.739,29.145,27.619,30.976,35.401,41.81,47.609,54.17,56.612,56.764,53.713,50.05,45.167,43.336,40.742,37.385,32.502,30.061,27.772,25.941,20.295,12.818,5.9511,-0.15259,-4.883,-8.0874,-11.902,-17.701,-24.262,-28.382,-31.892,-34.944,-39.827,-42.116,-45.778,-49.287,-50.966,-51.576,-50.508,-47.914,-45.167,-41.2,-37.538,-33.113,-30.824,-29.45,-30.366,-30.671,-31.129,-28.84,-26.399,-25.636,-25.33,-25.33,-26.551,-26.704,-27.161,-26.246,-27.314,-27.924,-28.993,-29.756,-31.587,-32.655,-32.807,-32.044,-31.587,-32.655,-36.012,-39.979,-45.167,-49.135,-56.154,-62.868,-70.193,-76.296,-83.163,-90.335,-98.727,-108.04,-116.89,-124.82,-133.52,-139.93,-145.88,-149.85,-151.98,-152.59,-154.73,-154.42,-153.05,-151.07,-150.46,-149.54,-149.24,-149.69,-151.98,-153.97,-157.02,-157.48,-159.31,-159,-158.24,-155.19,-152.44,-152.9,-155.95,-157.48,-159,-160.83,-163.58,-164.65,-168,-168.61,-168.61,-166.48,-167.24,-168.16,-167.7,-165.72,-163.58,-162.66,-165.26,-166.17,-169.68,-170.29,-172.12,-169.84,-169.38,-166.02,-162.97,-159,-154.42,-149.24,-145.12,-141.15,-135.81,-128.79,-124.21,-116.43,-108.34,-99.948,-93.539,-85.147,-79.501,-74.007,-69.277,-65.767,-63.326,-60.274,-57.527,-52.797,-48.219,-43.794,-42.726,-43.184,-43.184,-41.047,-39.827,-38.606,-37.233,-36.012,-37.538,-37.233,-38.606,-38.301,-38.148,-35.401,-34.181,-32.502,-31.434,-28.535,-26.399,-24.567,-21.821,-15.564,-11.902,-7.9348,-7.0193,-4.883,-1.0681,6.7141,13.581,23.347,34.333,46.388,57.833,70.345,83.316,95.523,103,112.31,120.7,131.38,142.37,153.66,163.73,171.97,178.23,184.64,187.23,187.84,186.16,182.65,176.85,171.97,166.48,165.11,162.82,158.39,153.36,148.78,144.2,139.77,135.65,131.99,126.65,122.68,120.09,118.72,115.82,113.53,110.48,109.1,107.12,104.37,103.76,105.29,108.65,114.29,119.79,125.43,128.33,129.25,125.89,121.62,115.21,108.95,104.83,101.93,99.033,95.218,91.098,90.64,88.656,87.436,84.689,83.621,82.553,82.247,82.858,82.553,81.484,82.553,83.468,83.926,82.095,80.569,78.127,77.212,75.686,74.618,74.923,75.686,76.449,76.449,75.533,75.686,76.754,77.975,76.907,78.585,81.027,85.604,88.809,91.708,94.76,96.286,95.218,94.15,92.929,93.234,94.302,96.286,96.286,97.812,97.659,97.507,96.286,95.523,94.15,93.234,92.013,90.793,90.335,88.656,85.604,84.689,81.027,77.822,74.618,74.16,74.618,76.296,76.296,74.923,73.702,72.024,69.735,68.209,66.225,65.004,62.258,59.816,58.443,56.612,53.56,51.271,50.05,49.898,49.898,50.661,48.982,46.541,42.573,39.674,36.927,34.028,31.434,27.924,26.399,26.246,26.093,28.535,29.908,32.807,33.418,32.502,28.535,25.636,25.178,24.567,23.499,21.821,19.99,20.447,20.447,24.11,24.873,26.093,26.551,24.415,21.516,18.464,15.564,11.75,8.8504,9.9185,10.834,13.276,15.87,19.379,21.668,21.973,20.447,17.396,14.039,11.139,7.477,6.1037,5.6459,8.8504,12.207,15.107,17.243,21.058,24.415,29.756,33.265,37.843,39.827,40.59,39.216,37.538,36.012,36.012,35.859,35.401,34.028,32.197,28.382,26.551,23.957,21.973,20.295,19.532,21.668,25.025,27.009,28.23,28.077,29.145,27.924,29.145,29.45,30.366,30.061,29.145,30.213,32.655,35.859,38.453,40.59,44.862,48.524,54.018,59.206,66.073,73.092,80.416,87.13,92.471,94.607,96.438,97.507,95.828,91.403,88.504,84.841,83.316,82.4,81.027,77.059,71.718,65.615,61.19,57.07,56.307,53.56,51.881,49.135,49.135,50.356,49.593,46.846,42.116,37.69,35.554,32.96,30.671,26.093,21.668,17.09,13.886,9.1556,7.1718,5.0356,1.8311,-3.9674,-10.681,-18.769,-25.483,-32.807,-36.927,-42.573,-46.388,-47.151,-47.304,-47.151,-45.32,-43.336,-40.437,-41.353,-41.2,-42.421,-41.353,-39.521,-37.538,-34.486,-32.044,-31.129,-31.281,-32.96,-31.129,-30.366,-28.535,-28.993,-28.23,-28.077,-31.892,-36.927,-38.606,-38.606,-37.08,-35.401,-33.113,-32.807,-30.366,-29.45,-27.924,-27.161,-26.399,-23.499,-21.058,-20.295,-21.21,-24.567,-27.009,-31.281,-33.723,-39.064,-43.489,-48.067,-54.476,-62.41,-70.956,-78.585,-83.773,-90.793,-93.997,-97.659,-100.71,-103.31,-104.37,-106.2,-107.88,-106.36,-103.92,-101.93,-95.523,-90.03,-84.231,-79.653,-74.465,-71.261,-67.751,-65.157,-63.631,-64.852,-65.462,-65.31,-63.631,-63.478,-63.326,-66.225,-67.293,-66.378,-63.784,-61.8,-61.8,-63.173,-66.225,-71.871,-75.686,-81.179,-84.689,-87.436,-87.13,-86.52,-88.046,-92.013,-97.201,-104.83,-111.7,-119.79,-126.19,-133.21,-137.33,-141.15,-144.96,-150,-155.95,-161.29,-166.63,-172.89,-178.08,-183.57,-186.16,-189.52,-192.42,-199.9,-204.93,-206.46,-205.39,-204.17,-200.2,-195.78,-191.81,-189.21,-184.03,-181.43,-178.99,-177.77,-174.57,-172.12,-169.99,-165.11,-159,-152.44,-144.66,-137.33,-128.94,-122.68,-115.82,-112.16,-109.1,-106.36,-104.07,-102.69,-101.93,-100.41,-97.507,-95.218,-91.098,-86.978,-79.501,-72.024,-60.274,-48.524,-35.401,-22.889,-13.123,-6.4089,1.0681,8.8504,16.175,20.905,27.467,32.807,37.843,41.047,43.031,45.32,46.236,45.778,45.167,43.641,45.625,47.456,51.881,56.001,62.716,66.836,68.667,69.887,72.176,75.228,78.738,83.01,85.604,87.588,89.572,88.961,90.487,90.945,93.692,95.981,101.02,105.9,111.7,118.26,124.97,129.4,133.21,137.03,141.15,142.98,145.57,146.18,148.78,150.61,151.83,152.9,153.05,156.1,158.85,159.76,159,157.48,158.24,158.54,157.48,154.27,150.15,147.4,149.39,150,149.69,148.47,148.32,147.56,148.93,149.08,147.1,141.15,135.35,127.41,120.55,113.07,104.98,101.02,100.86,99.033,94.76,89.724,84.689,76.601,71.413,65.767,62.258,58.748,56.001,53.713,51.729,47.761,44.71,42.421,43.184,43.489,46.236,50.05,57.375,63.021,68.056,70.345,71.261,72.634,75.838,78.738,82.247,85.299,88.961,91.25,95.828,99.49,102.39,100.41,98.117,93.234,86.825,80.569,74.923,69.124,64.241,59.511,52.492,45.167,40.59,37.385,35.554,32.197,29.145,25.941,20.905,14.039,5.9511,-2.7467,-8.5452,-15.412,-19.837,-24.11,-27.161,-29.145,-28.382,-27.924,-25.636,-21.973,-15.87,-9.7659,-3.357,3.0519,9.4607,12.665,16.633,18.616,20.142,18.616,16.48,17.243,18.159,19.227,20.905,19.684,20.295,18.921,17.548,15.717,13.428,10.529,7.477,6.1037,5.0356,2.1363,-1.9837,-9.3081,-15.107,-21.516,-23.652,-24.567,-22.279,-20.447,-18.616,-17.243,-16.633,-17.09,-17.396,-18.921,-18.769,-18.006,-14.954,-10.376,-6.2563,-1.3733,2.8993,8.5452,15.412,19.227,23.041,23.194,23.194,22.584,22.431,22.584,25.025,29.603,31.434,32.96,35.249,36.47,39.369,43.336,46.999,49.287,51.881,51.729,53.102,54.628,57.527,57.527,56.001,53.407,53.407,53.102,52.95,50.05,46.999,44.404,41.353,37.08,34.181,30.671,29.145,27.314,28.23,30.671,32.655,34.028,35.249,35.707,36.164,36.47,37.233,36.622,38.911,39.521,38.759,38.453,37.385,36.012,35.554,34.181,31.739,28.077,23.957,18.159,14.344,9.1556,3.0519,-4.883,-12.665,-18.769,-23.347,-29.298,-33.723,-38.453,-40.742,-44.099,-45.93,-46.999,-46.236,-43.794,-41.658,-38.911,-34.944,-29.45,-23.957,-21.21,-16.785,-15.412,-16.785,-19.99,-20.142,-18.769,-15.564,-13.886,-14.344,-14.344,-14.344,-16.327,-18.311,-22.431,-25.025,-28.84,-32.502,-36.775,-42.268,-47.761,-53.255,-59.206,-65.31,-75.838,-83.163,-89.572,-91.708,-93.234,-94.607,-100.25,-105.14,-108.19,-110.32,-108.8,-102.24,-95.981,-87.741,-81.484,-76.144,-71.261,-63.784,-57.07,-52.797,-48.372,-42.116,-36.012,-29.45,-25.025,-20.6,-16.48,-12.513,-11.444,-10.681,-9.7659,-10.071,-10.529,-12.818,-15.87,-19.837,-24.72,-27.467,-32.502,-36.47,-39.827,-42.268,-45.167,-47.609,-48.982,-50.813,-52.187,-52.492,-52.034,-50.508,-49.593,-48.067,-48.067,-47.151,-49.135,-52.187,-59.358,-66.988,-72.329,-76.907,-82.247,-85.757,-91.25,-95.065,-99.796,-100.71,-99.948,-98.575,-95.676,-90.03,-83.163,-77.364,-73.244,-70.193,-67.446,-62.563,-59.206,-54.018,-51.576,-48.982,-46.846,-41.81,-37.385,-32.35,-26.093,-22.126,-20.295,-16.175,-11.597,-4.883,1.2207,7.6296,13.886,20.295,23.804,27.314,29.756,30.519,31.129,29.756,26.551,22.431,15.412,9.3081,0.76296,-6.4089,-14.039,-19.99,-27.314,-34.791,-40.742,-47.304,-55.696,-64.241,-73.855,-81.484,-90.182,-95.065,-102.69,-110.63,-115.82,-117.19,-117.8,-117.8,-115.36,-108.49,-100.1,-91.861,-84.841,-77.517,-70.498,-60.427,-52.797,-43.794,-37.233,-32.044,-28.23,-25.483,-23.499,-20.142,-18.159,-12.818,-9.003,-1.5259,4.7304,8.24,7.9348,7.6296,5.1881,1.6785,0.15259,-1.0681,-4.12,-5.7985,-10.224,-13.733,-18.159,-20.447,-24.72,-28.687,-33.723,-38.759,-45.778,-52.187,-57.833,-62.563,-68.056,-71.718,-75.381,-77.67,-82.247,-88.961,-96.591,-102.69,-107.12,-110.78,-113.68,-112,-107.58,-103,-99.796,-90.793,-82.553,-74.77,-70.193,-65.767,-60.121,-54.323,-47.304,-38.606,-31.434,-23.957,-20.905,-16.48,-14.649,-13.428,-12.97,-11.902,-12.818,-13.123,-11.75,-11.444,-12.97,-14.344,-17.09,-20.6,-26.551,-31.281,-36.622,-40.742,-45.625,-51.881,-61.647,-70.193,-77.517,-81.79,-86.215,-89.114,-93.081,-97.354,-102.85,-108.49,-115.05,-119.33,-124.67,-127.41,-129.55,-127.87,-127.11,-125.43,-125.89,-125.58,-126.04,-125.13,-124.06,-123.14,-124.06,-122.84,-120.7,-115.67,-111.39,-104.07,-99.338,-92.166,-83.01,-73.244,-63.784,-54.781,-46.999,-39.979,-35.554,-30.519,-27.772,-25.025,-24.415,-22.736,-20.905,-21.668,-23.652,-25.483,-27.161,-28.535,-31.281,-31.434,-32.197,-31.892,-31.892,-30.519,-30.213,-29.756,-29.908,-29.298,-28.535,-26.399,-24.72,-20.753,-16.633,-9.6133,-2.8993,5.0356,11.597,18.616,26.093,33.723,40.132,45.778,52.034,61.037,68.514,77.822,87.283,98.727,107.58,116.73,124.97,133.52,142.06,151.52,162.21,174.41,184.79,195.01,202.03,209.51,215.16,221.26,227.97,234.53,240.79,247.05,252.54,258.19,263.07,267.34,270.85,275.73,278.63,280.62,282.3,283.67,285.65,287.33,288.09,288.09,286.42,284.89,282.6,280.62,278.48,277.57,275.43,274.82,274.36,275.12,276.5,278.18,278.63,280.62,283.21,287.18,289.47,295.11,299.84,305.8,310.53,314.19,316.17,319.07,320.9,322.73,324.26,326.24,325.79,324.56,322.73,322.58,320.75,320.29,318.77,315.41,310.53,305.49,298.62,293.13,288.09,284.13,278.48,275.12,270.39,265.51,262.46,259.25,254.98,250.56,247.81,245.06,242.93,242.47,242.01,243.54,242.77,242.47,240.94,239.57,238.81,238.2,238.04,239.27,239.72,241.4,241.4,242.16,241.25,241.55,239.27,236.67,234.38,232.86,231.33,229.19,225.68,222.48,218.51,215.77,211.49,207.22,200.51,192.11,183.11,176.24,169.53,162.82,155.95,149.69,140.69,134.28,126.19,116.89,106.2,97.049,89.877,80.721,72.939,66.53,59.358,52.797,44.862,36.927,26.704,19.837,15.717,13.123,10.376,9.1556,7.1718,2.5941,-3.9674,-10.376,-17.853,-21.973,-26.704,-29.603,-34.333,-42.116,-50.813,-60.732,-72.176,-81.484,-88.046,-90.487,-95.676,-101.63,-108.49,-114.9,-123.6,-132.45,-138.86,-140.39,-139.77,-137.64,-135.04,-128.79,-121.92,-114.9,-117.5,-122.68,-124.97,-118.11,-109.41,-90.487,-59.969,-31.739,-9.4607,14.039,40.437,59.358,69.43,88.351,111.85,131.08,135.81,118.87,94.607,84.536,84.384,83.316,74.618,65.92,50.966,28.993,9.6133,5.1881,6.5615,-0.45778,-14.649,-28.993,-51.729,-78.585,-105.75,-130.31,-151.07,-168.16,-185.86,-201.42,-214.39,-222.48,-228.58,-235.45,-241.86,-246.59,-250.71,-251.78,-252.69,-254.68,-254.52,-252.69,-252.54,-250.71,-249.34,-244.15,-239.88,-236.37,-234.08,-235.45,-240.49,-244.61,-248.42,-248.73,-249.18,-245.83,-241.4,-235.76,-229.35,-222.02,-215.77,-212.26,-213.02,-213.63,-216.99,-218.05,-220.5,-221.72,-223.7,-223.85,-220.8,-216.07,-211.8,-208.14,-206.31,-203.56,-201.12,-197.45,-196.23,-194.25,-191.5,-189.06,-185.4,-182.04,-179.3,-176.7,-176.4,-175.48,-175.02,-172.89,-171.67,-169.23,-166.63,-163.73,-160.53,-156.87,-152.9,-150,-148.01,-143.74,-140.69,-135.96,-131.69,-124.82,-116.28,-107.43,-98.575,-89.114,-80.111,-70.193,-60.884,-50.203,-40.437,-30.366,-22.279,-12.207,-2.4415,5.7985,13.733,23.041,31.129,38.606,44.71,52.797,60.274,69.582,76.754,84.536,92.929,100.41,108.8,117.19,125.89,133.37,140.54,148.78,155.95,162.97,167.24,172.73,177.01,181.28,186.01,189.98,193.64,199.13,203.86,209.2,213.17,218.05,222.02,227.21,232.55,237.59,242.62,247.05,251.78,257.88,260.78,264.29,267.04,269.33,270.85,272.07,272.99,273.29,272.68,272.38,270.7,269.02,264.14,259.56,254.07,248.57,243.69,238.81,234.99,231.18,226.29,221.72,215.31,210.12,206.31,204.63,199.9,196.84,192.88,190.59,188.91,186.93,186.16,187.69,190.28,193.49,197.45,201.57,203.86,209.05,212.26,217.29,219.73,222.48,222.63,223.85,226.6,230.11,232.25,233.92,235.76,237.13,236.67,236.98,233.92,231.94,229.19,226.91,222.94,218.67,215.31,211.95,208.29,205.69,204.02,203.56,202.64,202.8,201.27,201.57,200.81,201.27,200.81,199.74,197.76,195.78,193.79,191.5,190.59,189.83,187.84,184.48,177.92,171.67,164.65,158.7,150.91,144.96,140.23,135.04,129.4,124.52,119.48,115.05,108.19,102.08,95.37,90.945,86.062,82.4,77.364,71.871,67.141,61.495,56.001,50.813,47.456,44.404,39.979,36.927,33.265,30.976,26.399,23.041,18.311,14.801,11.139,3.6622,-5.4933,-14.954,-25.178,-33.723,-42.421,-50.203,-60.274,-69.887,-79.043,-86.215,-94.302,-103.92,-114.29,-125.28,-134.13,-139.01,-141.15,-142.52,-146.18,-149.54,-152.59,-154.27,-158.24,-164.04,-166.94,-168.61,-169.38,-169.99,-171.67,-174.41,-176.4,-176.7,-177.31,-178.08,-180.97,-184.48,-186.62,-186.93,-186.77,-187.08,-187.54,-187.23,-188.91,-190.28,-194.1,-197.15,-200.96,-203.25,-207.68,-212.1,-217.14,-221.56,-225.53,-227.36,-227.21,-226.75,-230.11,-233.47,-238.5,-242.32,-245.06,-243.69,-238.96,-234.99,-230.41,-223.85,-217.75,-213.48,-210.73,-209.36,-210.27,-208.59,-206,-202.64,-200.96,-201.12,-202.64,-204.02,-206.92,-209.05,-212.71,-215.16,-217.44,-217.14,-218.21,-218.21,-217.9,-215.31,-210.58,-208.14,-207.68,-207.98,-209.51,-209.2,-209.81,-208.44,-206.15,-203.1,-200.05,-197.15,-196.23,-195.62,-195.17,-193.64,-194.1,-194.56,-194.25,-191.35,-190.13,-191.66,-192.88,-194.71,-197.3,-198.52,-202.34,-205.08,-207.22,-207.83,-207.68,-208.14,-209.2,-210.43,-210.88,-211.04,-213.32,-211.04,-208.29,-203.41,-202.95,-203.1,-202.95,-201.73,-198.07,-193.95,-193.18,-193.49,-197,-199.9,-203.25,-202.64,-203.41,-204.17,-207.37,-211.19,-212.41,-210.12,-207.83,-204.93,-202.95,-197.3,-192.72,-185.55,-177.31,-168.31,-160.07,-152.75,-148.17,-146.95,-147.71,-150,-154.73,-159.61,-163.43,-162.51,-162.97,-162.36,-162.82,-163.88,-163.27,-163.27,-162.51,-160.53,-159,-152.9,-145.88,-136.72,-129.55,-121.77,-113.99,-105.59,-96.896,-88.656,-80.721,-72.176,-65.767,-58.596,-55.849,-54.628,-54.628,-51.881,-49.44,-45.167,-38.301,-31.587,-24.72,-18.159,-13.428,-10.224,-7.9348,-2.7467,1.5259,6.5615,9.9185,11.75,14.496,19.684,23.957,27.924,31.587,35.249,36.317,38.453,38.148,37.69,34.639,33.418,30.824,30.519,29.45,27.772,24.873,20.905,16.175,13.276,11.292,9.7659,5.7985,3.8148,2.1363,1.9837,-0.61037,-2.7467,-6.7141,-11.444,-16.48,-20.142,-18.464,-15.564,-14.344,-11.75,-14.801,-17.09,-20.295,-22.889,-28.382,-35.707,-42.573,-48.067,-54.323,-62.41,-68.209,-69.735,-69.582,-66.683,-63.936,-61.647,-60.884,-59.969,-60.427,-61.342,-63.631,-65.004,-64.394,-62.716,-63.631,-63.936,-65.615,-66.073,-68.209,-70.498,-74.77,-77.059,-78.433,-81.484,-84.536,-86.062,-84.841,-81.942,-82.705,-82.095,-84.689,-83.163,-79.806,-75.076,-72.024,-70.04,-71.108,-72.024,-69.887,-67.751,-67.293,-67.904,-69.124,-70.345,-73.092,-72.329,-72.329,-71.261,-70.803,-69.887,-69.43,-68.972,-69.43,-70.65,-72.481,-74.16,-74.007,-73.855,-75.991,-76.601,-78.28,-78.28,-82.095,-87.13,-91.861,-94.302,-95.065,-95.218,-97.812,-98.422,-100.1,-104.22,-111.39,-116.28,-120.55,-123.29,-124.21,-123.29,-124.21,-125.13,-124.67,-123.6,-123.91,-122.84,-125.43,-127.57,-130.47,-129.25,-130.16,-130.31,-131.99,-134.89,-136.88,-135.5,-133.06,-130.92,-129.7,-127.57,-126.5,-121.77,-117.34,-111.85,-109.41,-105.14,-103.92,-102.85,-104.22,-106.36,-109.26,-113.53,-119.17,-121.46,-124.06,-123.45,-123.45,-124.06,-124.52,-125.58,-128.79,-131.69,-132.45,-128.03,-124.52,-119.94,-116.43,-112,-108.95,-106.36,-107.43,-107.58,-107.27,-103.76,-101.17,-98.575,-95.828,-90.793,-87.893,-85.147,-84.994,-83.773,-82.553,-82.705,-81.79,-77.822,-75.686,-73.092,-70.193,-67.446,-67.598,-65.157,-64.852,-64.241,-66.073,-64.394,-61.953,-56.459,-49.287,-41.2,-36.012,-30.061,-24.72,-14.191,-5.6459,3.8148,9.4607,15.87,20.142,23.041,27.772,34.791,40.742,47.609,51.881,56.917,60.427,65.31,67.598,72.176,75.686,78.738,82.553,87.436,90.335,94.455,97.964,100.41,101.02,103.15,102.69,100.71,95.065,92.624,91.25,89.419,86.52,81.79,74.16,66.988,60.884,57.833,58.138,63.478,70.803,81.637,90.487,97.812,102.54,105.29,106.2,108.8,112.16,116.12,119.94,124.06,124.06,123.14,119.79,117.04,113.38,112.92,113.22,115.67,118.41,118.87,117.8,114.75,108.8,103.76,97.201,92.166,87.436,83.773,77.975,74.007,71.108,68.819,67.598,68.972,68.514,66.836,62.105,55.544,47.304,41.963,37.233,36.775,37.08,39.369,42.116,43.794,44.557,46.846,49.44,52.034,52.492,54.323,53.865,54.018,54.17,55.086,54.476,54.933,56.917,58.138,58.748,58.748,58.748,59.511,57.985,55.238,50.661,45.625,38.606,32.655,26.246,21.821,17.548,14.191,10.987,10.224,7.1718,6.4089,6.8667,7.477,6.4089,5.9511,6.7141,9.7659,12.36,16.785,22.736,28.382,33.265,39.979,48.067,57.07,64.852,72.787,79.501,86.825,94.76,100.1,102.85,104.68,106.05,108.8,112.31,118.11,122.53,126.96,129.25,133.06,136.57,139.01,139.62,139.93,138.71,139.16,137.79,135.96,133.21,132.6,130.16,128.48,125.74,118.72,108.8,97.812,88.046,84.689,83.773,86.673,88.961,92.166,94.76,98.117,101.63,106.51,113.22,119.17,121.62,121.01,116.12,110.17,103.61,102.39,101.63,101.02,97.049,93.692,92.318,93.539,95.981,99.033,101.93,105.44,106.51,109.71,110.02,109.26,108.49,109.56,107.12,104.98,104.22,102.54,101.32,98.88,94.15,89.724,85.147,81.637,76.907,72.329,67.293,62.563,55.391,49.287,43.184,35.707,31.434,29.603,27.009,23.804,20.6,20.6,22.431,27.467,34.181,43.947,53.713,62.868,68.514,71.413,74.16,78.89,84.536,88.656,90.64,92.471,91.25,89.419,86.215,84.689,81.484,76.449,69.887,64.241,58.29,52.187,46.083,41.353,36.317,32.502,27.314,21.21,14.039,8.5452,0.91556,-5.4933,-13.428,-20.447,-28.84,-35.554,-40.742,-45.93,-51.424,-57.68,-64.241,-67.751,-71.871,-75.381,-81.027,-83.773,-87.283,-86.825,-84.841,-81.027,-77.364,-74.923,-78.433,-84.078,-89.572,-91.098,-91.098,-87.741,-83.163,-78.433,-72.787,-62.105,-50.813,-40.437,-33.113,-22.736,-10.834,0.45778,11.444,19.227,22.431,24.415,22.126,20.142,18.616,20.753,22.889,26.093,27.009,28.382,29.298,29.603,28.535,29.908,30.213,32.655,35.249,37.69,39.521,40.895,41.353,41.505,42.573,43.794,43.489,44.557,45.625,45.167,39.064,35.249,34.181,35.554,37.233,41.81,46.999,50.203,50.813,53.865,59.358,68.361,76.296,77.822,75.228,73.55,72.024,73.244,70.04,67.141,66.988,66.988,66.836,66.683,67.141,70.345,75.076,82.705,87.893,91.25,92.624,93.692,92.624,92.166,91.098,90.487,90.03,86.673,79.501,74.16,67.751,61.647,50.813,41.2,29.756,17.853,6.2563,-5.4933,-18.464,-31.129,-43.947,-57.375,-70.65,-81.179,-91.403,-98.88,-104.53,-106.97,-109.56,-111.09,-113.22,-116.43,-121.16,-124.52,-126.8,-128.03,-130.77,-130.16,-128.79,-126.19,-124.82,-122.99,-121.01,-119.02,-116.73,-113.07,-108.49,-105.29,-104.53,-103,-105.59,-106.81,-110.32,-111.24,-110.32,-108.65,-107.27,-104.53,-101.78,-99.948,-98.117,-98.27,-100.1,-99.643,-99.643,-98.117,-100.56,-102.69,-104.98,-109.56,-115.82,-120.4,-122.99,-124.06,-122.07,-115.82,-108.8,-100.71,-95.523,-89.877,-86.215,-80.569,-77.364,-73.702,-70.498,-66.073,-60.579,-53.102,-44.71,-37.996,-33.265,-27.467,-23.652,-16.633,-11.597,-6.4089,-0.61037,7.0193,14.039,21.21,27.314,33.57,38.759,42.726,46.388,51.271,53.713,57.222,57.527,57.985,55.544,51.729,47.456,42.421,36.012,30.671,25.483,19.379,12.36,7.3244,2.5941,0.45778,-0,0.91556,1.2207,1.3733,3.5096,7.1718,9.9185,10.987,9.7659,7.9348,4.7304,3.357,4.4252,9.003,12.36,16.785,22.431,27.161,31.281,34.791,37.233,39.216,41.2,44.862,46.541,49.135,50.508,52.644,54.018,56.001,58.596,61.037,61.8,62.41,63.021,64.089,63.326,62.563,60.884,60.732,58.901,58.901,57.375,54.476,51.118,50.508,50.661,51.271,50.966,49.745,49.44,50.661,49.135,46.846,42.116,41.353,39.979,39.216,38.453,40.437,41.81,43.184,44.71,46.236,46.236,45.015,42.421,40.742,37.69,36.927,33.265,30.976,27.924,26.856,25.178,23.804,24.11,26.704,28.993,31.281,33.723,36.622,38.606,39.064,37.538,37.843,38.453,40.284,40.895,42.421,42.573,43.336,43.489,45.015,47.609,50.05,50.05,47.609,44.862,42.116,39.827,41.047,41.353,42.268,39.521,37.08,34.181,30.519,28.84,26.551,21.973,16.48,9.6133,6.7141,3.2044,2.2889,0.91556,-0.30519,-2.2889,-1.5259,0.91556,3.357,5.0356,7.0193,7.7822,9.7659,12.207,14.954,16.938,19.379,20.295,24.415,28.84,36.164,41.505,43.336,44.252,46.388,49.898,53.713,54.933,56.154,55.086,54.018,50.813,51.729,51.576,50.661,48.524,46.083,44.252,44.252,41.047,35.554,30.519,27.314,23.804,19.99,14.954,12.055,7.9348,2.5941,-3.357,-9.6133,-15.412,-21.363,-29.756,-39.827,-48.067,-49.745,-50.813,-48.83,-45.167,-40.132,-39.216,-36.164,-32.35,-27.467,-23.499,-18.159,-13.581,-10.681,-10.529,-11.902,-13.886,-12.207,-12.513,-13.733,-17.09,-17.701,-20.142,-22.889,-27.009,-32.655,-39.064,-44.557,-48.677,-52.492,-58.138,-62.41,-68.819,-75.381,-81.942,-85.452,-90.03,-94.607,-98.88,-102.39,-107.12,-110.93,-112.46,-113.22,-115.05,-115.97,-117.95,-117.04,-116.28,-113.99,-113.99,-110.78,-108.19,-104.68,-101.63,-97.201,-93.081,-89.724,-86.978,-84.536,-83.316,-80.569,-79.806,-78.127,-77.67,-75.533,-73.855,-72.634,-75.076,-77.212,-78.28,-77.67,-78.28,-78.127,-79.348,-78.738,-80.874,-81.179,-82.4,-82.4,-83.621,-83.468,-85.452,-88.351,-90.335,-92.013,-93.387,-93.081,-93.844,-93.387,-94.913,-93.539,-92.624,-90.793,-92.776,-92.624,-91.708,-89.572,-88.046,-85.757,-83.468,-80.569,-81.332,-79.196,-77.517,-74.618,-72.176,-66.225,-61.647,-56.764,-52.034,-47.609,-44.252,-42.116,-41.353,-40.437,-39.216,-34.181,-31.892,-28.077,-25.636,-23.499,-24.873,-25.636,-28.687,-31.587,-35.859,-39.827,-43.031,-45.015,-45.32,-43.184,-41.2,-37.08,-34.333,-31.892,-32.655,-32.96,-33.876,-33.113,-31.434,-26.246,-22.126,-15.717,-10.681,-7.0193,-4.7304,-1.0681,0.91556,5.4933,9.4607,15.412,22.584,31.892,39.064,44.404,48.524,52.187,56.307,59.358,60.274,63.478,67.598,73.855,78.433,83.316,85.757,88.656,89.724,90.03,91.556,94.302,98.117,102.24,103.76,108.04,109.56,110.17,109.56,108.19,105.14,103.15,101.78,100.56,102.08,102.24,102.24,102.39,100.1,97.507,93.081,87.741,80.416,77.212,73.702,70.803,65.767,63.784,61.19,59.053,57.07,54.476,50.05,45.015,38.148,34.791,29.756,28.84,29.603,32.502,35.096,37.233,36.164,32.655,28.84,25.788,22.889,21.821,21.363,23.347,25.178,27.467,27.772,30.213,31.129,31.129,28.993,26.856,22.889,19.99,17.853,17.396,18.159,17.701,16.633,16.175,15.259,19.074,23.499,29.603,33.876,37.538,37.08,36.622,34.486,35.096,36.47,38.759,40.132,41.047,41.047,40.59,39.674,41.047,39.674,40.59,40.437,41.2,39.521,39.827,40.59,41.963,43.031,43.336,42.116,40.895,40.59,44.099,45.015,45.473,46.846,50.05,52.034,54.628,53.102,53.713,55.849,58.138,59.511,62.716,61.8,58.443,55.391,53.56,50.966,51.424,50.966,51.729,50.813,50.05,46.693,42.726,37.996,33.876,27.314,19.684,11.139,4.12,-3.5096,-8.24,-12.818,-15.107,-17.701,-18.006,-18.006,-15.717,-16.175,-16.938,-16.785,-16.633,-16.48,-14.954,-14.954,-15.259,-17.701,-18.921,-20.753,-18.159,-17.09,-15.412,-13.886,-10.376,-6.7141,-2.8993,0.45778,2.4415,2.7467,3.2044,4.12,4.4252,1.6785,-0.15259,-2.5941,-1.3733,-0,1.3733,0.91556,-1.6785,-5.7985,-10.071,-14.344,-19.227,-25.025,-30.366,-34.944,-36.164,-36.775,-36.317,-35.401,-34.028,-34.028,-36.927,-41.047,-46.388,-52.95,-59.511,-68.209,-76.144,-83.01,-88.961,-96.133,-99.948,-103.76,-109.26,-115.82,-120.7,-127.11,-130.77,-134.43,-136.27,-142.98,-149.08,-156.1,-160.22,-164.49,-165.87,-167.09,-168.77,-172.12,-177.01,-183.57,-188.15,-195.93,-202.19,-209.36,-213.78,-218.82,-222.94,-227.82,-233.16,-237.13,-242.62,-247.51,-251.32,-254.52,-256.66,-260.78,-261.54,-264.9,-266.27,-271,-272.07,-274.51,-275.89,-276.8,-274.36,-271.92,-268.11,-265.66,-262.31,-260.32,-254.68,-251.01,-243.84,-236.67,-225.99,-215,-202.95,-192.88,-180.97,-168.92,-156.1,-143.89,-130.92,-121.31,-110.02,-100.25,-89.114,-81.484,-73.092,-64.699,-55.238,-47.151,-36.775,-28.077,-17.09,-7.9348,3.2044,12.665,22.889,31.281,39.827,48.067,54.933,61.19,68.209,74.923,81.027,86.978,93.539,99.796,107.88,113.83,121.77,129.25,135.5,141.15,146.79,152.9,160.07,167.85,177.16,185.09,194.71,202.8,210.73,217.14,224.16,231.48,238.96,245.67,252.85,260.48,267.19,272.07,279.09,284.28,288.4,290.54,295.11,299.23,303.2,307.78,312.2,315.26,318.61,320.9,324.56,327.62,330.97,333.11,335.55,336.31,338.76,340.89,343.33,347.61,352.95,357.37,361.49,364.54,368.51,371.11,375.07,377.67,382.24,384.69,388.81,391.86,394.76,396.13,396.13,395.52,394.91,394.91,396.28,396.74,398.11,397.66,398.27,397.96,397.96,397.66,397.2,397.66,398.11,397.05,395.37,393.54,390.94,386.52,383.62,379.35,375.84,373.24,371.56,369.12,367.75,365.61,364.09,362.87,361.95,360.73,361.34,359.97,359.05,356,353.71,350.66,347,343.03,338.6,333.72,330.97,326.7,323.8,319.83,317.55,312.66,310.22,309.15,307.32,305.34,301.52,297.56,295.11,291.3,288.4,284.43,282.3,278.33,275.89,272.38,268.11,264.14,259.87,254.07,248.12,242.93,237.43,232.86,231.94,228.58,224.77,219.73,216.22,210.88,206,201.57,197.61,193.64,190.13,187.08,185.25,184.18,184.79,181.89,180.67,178.23,176.09,171.97,170.29,168.92,167.24,164.8,163.58,162.36,161.14,160.99,160.99,159.46,158.54,156.56,154.73,151.07,148.01,143.59,140.08,136.27,132.91,131.53,130.77,128.48,125.43,120.4,115.36,110.78,109.1,105.44,101.63,96.133,92.013,86.062,79.043,71.108,63.631,57.985,52.95,49.287,48.219,48.219,49.135,49.135,49.898,52.95,58.138,61.19,66.53,72.481,78.127,82.247,84.384,87.436,92.929,99.338,106.05,109.41,114.44,116.73,117.95,117.34,116.12,114.75,112,107.88,104.68,100.41,97.812,96.286,97.659,96.591,97.049,95.218,93.692,93.234,94.455,95.828,94.913,93.234,90.335,86.215,81.484,76.449,73.702,72.634,73.397,73.702,71.718,69.43,68.209,66.225,65.462,65.31,64.394,62.258,61.953,60.121,60.274,60.427,60.579,59.664,58.29,55.391,51.118,47.304,41.963,35.401,27.314,15.87,7.3244,-0.15259,-5.9511,-11.139,-18.311,-23.041,-27.772,-35.707,-45.93,-59.664,-72.329,-79.958,-81.484,-84.994,-91.861,-102.54,-113.53,-126.65,-138.1,-152.13,-168.77,-187.38,-204.17,-225.07,-245.37,-268.87,-289.93,-309.46,-325.94,-342.57,-360.42,-377.21,-389.11,-397.66,-402.69,-411.08,-417.8,-425.58,-431.84,-438.86,-446.79,-453.81,-457.47,-462.51,-466.02,-465.41,-462.05,-462.05,-460.22,-458.69,-455.95,-454.88,-451.67,-452.28,-455.95,-457.63,-458.69,-461.9,-462.51,-465.71,-468.31,-471.51,-471.51,-470.6,-465.87,-463.58,-463.27,-461.75,-459.76,-462.36,-466.48,-473.34,-476.55,-479.45,-478.68,-477,-475.48,-475.17,-474.41,-474.41,-475.17,-474.41,-472.27,-471.05,-469.22,-468.76,-464.8,-461.9,-457.32,-454.73,-452.59,-450,-444.96,-440.99,-437.18,-434.13,-429.09,-426.34,-423.75,-420.55,-414.75,-409.41,-400.56,-393.38,-387.89,-384.08,-380.87,-376.29,-371.56,-368.51,-364.7,-361.49,-357.83,-353.71,-348.67,-346.54,-343.79,-340.43,-336.31,-331.89,-326.09,-321.21,-315.26,-308.85,-302.29,-295.88,-289.16,-283.97,-276.8,-267.49,-256.81,-244.91,-233.16,-224.01,-214.85,-205.85,-195.62,-186.77,-176.55,-168.16,-157.63,-148.93,-138.71,-129.86,-121.31,-113.83,-106.97,-100.56,-91.25,-86.673,-80.569,-76.144,-70.956,-68.972,-67.598,-66.225,-66.378,-66.073,-65.615,-64.852,-63.631,-63.631,-61.037,-58.748,-54.018,-48.067,-42.726,-39.369,-32.807,-26.551,-19.379,-14.649,-10.224,-6.5615,-2.2889,-0,3.5096,6.8667,13.123,18.159,24.567,30.366,36.012,39.827,44.099,49.135,55.544,62.258,69.43,73.244,76.754,76.754,77.975,78.738,82.247,85.604,87.588,88.656,89.114,89.267,88.809,89.114,90.03,90.335,93.081,94.455,96.896,94.607,90.335,86.52,83.621,82.4,79.501,75.838,72.176,68.056,66.073,62.41,60.732,58.138,55.238,52.187,49.593,46.693,43.947,40.742,37.08,33.113,32.044,30.824,31.129,30.519,29.908,26.551,22.431,17.396,11.444,5.9511,1.9837,-3.2044,-5.7985,-12.97,-20.295,-29.298,-35.401,-40.437,-45.015,-49.745,-54.17,-57.527,-58.901,-60.274,-61.495,-60.274,-55.391,-51.729,-46.083,-41.963,-36.927,-33.723,-32.044,-32.35,-32.044,-29.756,-27.772,-26.093,-23.499,-22.584,-21.058,-21.821,-21.973,-22.126,-22.584,-23.194,-24.262,-27.314,-30.366,-32.807,-33.265,-33.723,-31.434,-31.434,-29.45,-27.772,-24.873,-22.889,-22.584,-21.363,-20.142,-18.616,-16.175,-14.191,-11.139,-10.987,-10.224,-10.224,-7.9348,-7.477,-7.477,-8.0874,-8.5452,-10.987,-13.581,-14.649,-14.191,-16.633,-18.616,-20.142,-20.753,-21.973,-22.279,-23.499,-25.33,-27.161,-27.467,-28.687,-27.314,-27.161,-27.314,-28.535,-27.924,-27.619,-25.636,-25.788,-27.772,-28.84,-28.23,-28.535,-27.924,-27.467,-24.262,-20.142,-14.039,-9.003,-2.7467,0.30519,1.9837,1.8311,1.5259,-0.30519,-1.5259,-1.3733,1.6785,4.12,8.5452,9.003,8.5452,7.7822,7.7822,8.0874,7.9348,5.4933,1.9837,-2.4415,-5.1881,-8.24,-9.1556,-9.003,-8.3926,-12.97,-16.48,-19.074,-19.227,-18.006,-18.464,-18.769,-18.311,-18.006,-15.259,-12.97,-10.529,-10.071,-6.7141,-3.8148,-1.5259,2.2889,7.3244,13.276,19.379,23.041,27.467,29.298,31.739,32.35,33.876,33.876,34.791,35.859,36.775,37.385,37.08,34.486,31.587,27.161,24.415,20.905,19.227,18.464,20.447,22.889,25.178,26.856,27.619,28.077,30.671,29.756,29.145,27.161,26.399,22.736,20.905,17.701,15.87,14.344,14.191,14.344,17.548,19.684,22.279,24.415,27.161,29.908,31.434,32.655,32.96,32.807,32.655,31.892,32.044,29.908,28.23,23.499,18.464,10.987,3.2044,-1.5259,-6.7141,-13.428,-18.769,-25.33,-31.281,-37.843,-42.726,-50.813,-57.222,-61.647,-65.157,-69.582,-74.313,-77.975,-78.127,-76.907,-76.754,-81.179,-87.741,-96.286,-103.15,-108.95,-113.07,-116.73,-117.65,-118.87,-116.89,-114.75,-109.41,-106.97,-104.68,-104.98,-102.85,-101.63,-96.438,-92.318,-90.487,-90.335,-89.877,-89.877,-89.114,-90.03,-88.809,-87.741,-84.841,-83.316,-79.958,-78.585,-78.585,-78.127,-78.433,-81.179,-82.4,-83.926,-83.163,-85.299,-84.536,-83.316,-81.942,-82.858,-85.299,-88.961,-92.166,-95.523,-96.438,-97.354,-95.981,-95.828,-96.438,-96.744,-96.896,-94.455,-91.098,-89.724,-87.13,-84.841,-82.095,-80.721,-78.28,-75.686,-72.024,-67.904,-63.784,-62.258,-59.664,-57.985,-56.459,-56.154,-55.544,-54.17,-53.56,-51.576,-48.524,-45.473,-42.879,-41.505,-38.453,-36.622,-34.639,-34.181,-33.723,-31.892,-28.993,-25.483,-21.516,-18.921,-12.97,-7.477,-1.8311,2.5941,7.0193,14.039,20.6,21.21,19.684,17.548,18.311,18.311,20.295,22.126,23.499,22.584,21.516,21.21,18.921,16.633,17.701,18.006,19.532,21.668,26.551,29.756,31.587,34.028,37.233,40.59,45.625,52.339,61.953,68.819,74.16,74.16,71.871,66.683,62.563,58.748,56.764,54.476,54.933,55.086,55.696,54.781,56.459,56.764,57.07,55.849,55.391,56.764,60.427,63.936,66.836,67.598,68.819,68.209,67.293,63.784,59.206,53.407,48.677,44.557,41.505,38.148,37.996,36.47,33.723,28.84,25.33,21.668,18.006,15.107,13.886,11.444,10.071,7.7822,8.24,7.6296,6.8667,3.9674,-1.0681,-7.6296,-13.733,-20.905,-25.483,-29.298,-30.824,-32.502,-33.723,-35.859,-36.622,-37.538,-38.301,-38.606,-36.622,-32.96,-28.077,-27.314,-23.652,-22.126,-18.616,-14.344,-9.003,-3.9674,2.1363,7.1718,10.681,12.207,15.717,18.769,24.11,26.856,27.924,28.687,30.824,30.671,30.061,28.993,29.908,29.908,30.366,28.993,26.704,24.262,21.821,19.074,17.701,17.243,18.159,17.09,17.243,16.633,17.701,18.464,19.227,20.753,22.736,24.567,25.178,26.399,28.84,30.976,32.96,34.639,36.927,33.723,30.671,28.84,27.772,25.178,24.415,23.194,23.194,22.431,23.957,25.788,30.213,35.554,43.184,48.372,53.56,59.664,66.378,71.413,77.212,84.689,92.166,98.575,106.97,112.77,118.41,123.75,128.03,131.53,135.35,141,148.17,157.63,166.63,171.21,176.24,180.06,185.86,191.2,197.76,203.56,207.53,209.66,210.27,208.29,203.86,197.45,192.72,188.76,188.3,187.38,186.62,185.25,182.96,177.92,172.58,170.45,169.07,165.72,160.99,154.58,151.07,146.49,143.59,142.98,142.37,139.32,135.5,131.99,127.41,121.01,116.89,112.46,109.26,105.44,103.61,100.56,99.49,97.812,96.896,93.539,91.098,88.198,87.283,84.841,81.332,79.196,79.043,78.28,79.043,78.738,78.28,77.059,74.465,71.871,71.261,68.361,66.683,63.936,61.647,59.206,57.68,56.307,54.476,50.05,46.846,41.353,38.759,33.57,28.382,23.041,18.769,15.412,14.344,13.428,10.987,8.5452,6.5615,3.9674,2.8993,0.91556,-2.1363,-6.1037,-5.9511,-4.12,-2.5941,-3.2044,-3.2044,-2.4415,-2.2889,-3.9674,-3.9674,-3.8148,-1.6785,-3.9674,-7.0193,-13.123,-17.396,-21.21,-24.11,-25.788,-27.467,-30.366,-32.502,-35.554,-36.927,-38.759,-39.827,-43.947,-46.846,-48.982,-50.813,-50.966,-51.424,-51.881,-52.644,-54.781,-55.391,-58.29,-58.901,-60.884,-61.342,-63.021,-64.547,-66.683,-67.904,-69.582,-70.956,-72.481,-72.176,-73.244,-72.176,-71.413,-70.65,-71.261,-70.803,-69.887,-68.972,-66.683,-64.089,-62.716,-61.037,-57.985,-51.576,-47.456,-41.2,-36.927,-31.129,-28.23,-25.483,-24.873,-23.194,-22.279,-20.753,-19.227,-16.785,-12.818,-9.1556,-8.6978,-9.003,-8.8504,-6.1037,-5.6459,-7.477,-9.3081,-10.529,-10.224,-9.3081,-9.1556,-8.0874,-8.5452,-7.9348,-9.3081,-10.071,-13.733,-15.564,-16.175,-15.564,-16.327,-17.243,-19.684,-21.363,-23.804,-23.041,-21.363,-15.107,-11.292,-8.5452,-7.1718,-7.1718,-9.3081,-15.107,-20.905,-22.584,-24.72,-23.499,-23.804,-23.041,-21.668,-19.074,-14.649,-11.139,-9.9185,-10.224,-11.139,-7.9348,-3.9674,0.45778,1.8311,4.4252,8.6978,11.139,12.97,16.175,18.616,23.041,24.262,25.788,26.399,26.093,24.262,23.347,22.584,22.431,23.194,23.499,21.973,22.431,21.363,22.279,25.025,30.061,36.622,43.489,46.999,47.609,49.593,50.661,47.914,48.067,44.252,39.979,34.181,28.23,23.499,19.074,16.633,15.564,13.581,13.733,15.717,19.074,21.516,21.821,20.905,22.279,24.11,26.246,27.467,27.314,24.72,22.584,20.295,17.09,13.276,12.513,10.681,9.6133,9.003,7.3244,3.5096,-2.8993,-12.207,-22.584,-33.723,-41.658,-50.05,-56.001,-63.631,-66.988,-67.446,-67.293,-67.904,-66.683,-65.462,-64.394,-64.852,-62.41,-58.29,-49.898,-41.963,-33.723,-27.314,-21.973,-17.243,-13.276,-8.6978,-3.357,-0.91556,3.9674,6.5615,9.9185,12.207,12.97,12.818,14.496,18.006,23.194,25.483,26.704,23.957,22.279,22.584,23.652,22.584,19.532,17.701,18.159,16.327,14.039,10.987,9.4607,7.7822,7.1718,3.6622,0.91556,-3.2044,-6.4089,-10.071,-11.444,-13.276,-12.97,-13.123,-9.9185,-7.6296,-5.6459,-5.0356,-4.4252,-5.9511,-7.0193,-6.7141,-3.8148,-1.5259,1.6785,5.1881,9.4607,12.665,17.853,19.99,19.684,18.006,16.022,12.055,4.5778,-4.883,-12.665,-20.753,-27.619,-36.775,-41.81,-47.151,-51.118,-55.696,-59.969,-64.394,-70.193,-75.381,-79.043,-81.942,-82.705,-82.705,-80.264,-78.89,-77.212,-75.991,-74.618,-72.329,-68.361,-65.615,-63.326,-61.342,-58.29,-58.596,-58.596,-59.816,-57.527,-56.154,-55.086,-54.17,-53.865,-53.255,-51.729,-51.271,-53.56,-59.358,-64.241,-70.345,-76.144,-81.179,-83.468,-86.673,-90.182,-94.302,-100.41,-104.07,-102.69,-101.32,-96.744,-93.539,-86.673,-79.806,-70.65,-64.241,-60.732,-59.664,-56.001,-49.593,-41.047,-36.012,-29.145,-21.973,-11.597,-3.357,6.2563,14.649,22.736,28.535,30.824,31.434,30.671,25.33,21.973,16.938,12.665,8.24,6.7141,5.1881,4.883,5.0356,6.1037,3.0519,0.76296,-2.8993,-3.9674,-5.1881,-4.5778,-4.7304,-5.1881,-6.2563,-5.3407,-3.6622,-1.2207,0.30519,3.8148,7.3244,12.97,18.006,23.957,26.704,28.993,32.35,36.317,39.521,42.268,43.947,46.999,47.151,48.067,47.761,49.745,51.576,52.95,50.05,44.862,37.996,31.281,26.399,24.262,22.279,19.99,12.97,3.5096,-5.0356,-11.902,-19.532,-25.788,-28.993,-30.061,-29.298,-25.178,-20.295,-13.733,-9.3081,-3.8148,2.7467,14.039,25.178,37.233,45.473,49.593,52.492,54.018,58.901,66.988,72.634,78.738,83.316,88.351,90.487,91.403,91.861,90.182,88.046,87.588,84.994,81.027,75.838,69.887,63.326,58.29,51.881,46.083,39.979,31.587,23.957,18.464,15.412,13.886,14.344,14.954,14.496,15.412,14.344,14.191,13.428,13.886,15.107,19.532,23.347,24.72,22.889,17.853,12.818,10.376,6.7141,6.4089,5.0356,2.2889,-2.4415,-5.0356,-9.4607,-16.48,-23.957,-31.587,-38.453,-43.336,-47.761,-51.118,-57.527,-62.868,-69.277,-75.838,-81.484,-85.604,-89.572,-91.861,-93.997,-94.455,-96.133,-96.744,-96.591,-92.624,-89.419,-84.384,-80.416,-75.076,-68.972,-61.495,-54.17,-44.557,-35.554,-29.145,-24.873,-19.837,-15.717,-9.4607,-5.7985,-0.91556,3.6622,6.2563,7.7822,10.834,14.801,21.058,25.788,31.892,36.317,41.81,43.641,45.167,45.167,45.473,46.236,45.167,44.862,46.388,46.999,47.304,45.015,45.625,43.489,40.895,33.876,28.23,25.483,24.873,24.415,22.736,20.905,24.262,27.619,31.587,34.486,38.301,37.843,36.775,34.333,32.197,32.35,32.35,32.655,34.181,35.859,37.996,35.707,32.502,28.84,24.873,18.006,11.292,5.4933,0.45778,-4.5778,-7.0193,-10.834,-13.428,-16.633,-18.616,-23.499,-26.093,-27.924,-29.603,-32.807,-36.47,-37.996,-39.521,-41.353,-44.862,-52.95,-61.647,-68.667,-73.092,-77.212,-77.67,-77.517,-78.127,-78.585,-79.043,-80.874,-82.095,-87.283,-91.708,-96.438,-99.033,-101.93,-104.37,-106.2,-107.58,-110.48,-112.31,-113.83,-111.7,-111.7,-110.93,-112.31,-111.85,-111.55,-110.63,-109.87,-108.65,-107.73,-108.8,-111.09,-110.17,-110.63,-110.63,-112.31,-112.61,-112,-109.87,-108.49,-107.27,-105.9,-103.46,-102.54,-100.71,-98.575,-94.607,-91.556,-88.961,-87.13,-83.926,-81.484,-79.653,-78.89,-76.449,-73.397,-69.735,-66.378,-61.19,-59.358,-53.865,-48.067,-40.742,-34.181,-27.924,-22.126,-14.649,-10.071,-5.1881,-1.9837,5.3407,11.139,18.769,26.399,33.113,37.538,41.658,46.236,51.881,55.391,60.427,62.105,65.92,68.361,70.04,70.498,67.446,65.004,62.105,58.748,56.307,53.865,53.713,52.797,52.644,52.644,52.492,49.593,46.236,43.336,41.505,40.742,39.827,39.521,37.538,35.401,35.249,34.028,34.639,34.333,36.317,37.69,41.047,44.557,47.914,51.271,54.628,58.901,65.31,69.124,72.939,74.923,78.585,80.111,80.874,79.958,78.127,74.618,68.972,62.41,55.849,49.135,46.236,40.59,36.164,31.129,26.246,19.99,15.412,8.0874,1.2207,-5.1881,-9.9185,-13.886,-15.412,-16.48,-16.785,-18.464,-20.6,-24.72,-24.567,-24.567,-25.025,-26.551,-28.382,-28.84,-28.382,-29.45,-29.45,-27.619,-24.415,-21.516,-17.548,-17.243,-18.464,-20.905,-20.295,-16.327,-9.3081,-1.9837,4.2726,9.6133,14.496,17.853,21.668,22.126,23.804,24.415,26.399,27.924,30.824,34.181,36.47,36.775,36.775,37.233,36.47,33.876,31.587,26.246,22.126,16.633,14.649,10.987,8.24,4.2726,-1.9837,-8.5452,-16.175,-23.499,-28.23,-32.96,-36.775,-41.353,-41.963,-43.947,-44.099,-44.404,-42.726,-41.2,-37.08,-31.739,-25.33,-19.684,-13.886,-7.477,-0.91556,4.5778,10.529,14.801,20.142,24.72,30.824,33.876,38.301,40.895,44.099,47.456,50.203,50.356,49.593,47.609,47.609,48.067,49.898,48.524,48.982,47.609,46.541,45.015,45.167,45.015,43.947,42.726,43.336,44.099,43.336,43.031,43.489,42.573,41.963,40.59,41.047,40.742,41.047,40.437,42.573,44.099,45.015,46.083,47.609,49.898,53.255,53.865,55.086,55.696,60.579,65.767,72.939,77.517,81.79,84.078,87.13,90.793,94.455,97.354,97.049,94.913,94.455,91.25,86.367,80.264,75.838,71.261,68.361,62.868,59.511,55.849,51.881,46.846,43.031,38.606,35.554,33.418,32.35,30.061,28.993,24.873,23.347,22.279,20.905,18.921,18.921,18.159,16.633,16.175,16.48,16.022,16.48,13.886,12.665,9.6133,7.7822,6.4089,3.9674,2.2889,0.91556,-0.61037,-2.2889,-4.5778,-7.9348,-13.428,-17.243,-22.431,-27.314,-33.113,-38.606,-44.557,-52.492,-58.748,-63.631,-66.378,-66.378,-64.394,-58.443,-52.187,-44.557,-38.911,-34.486,-28.993,-23.194,-17.853,-10.834,-5.1881,5.4933,15.259,25.636,31.739,39.064,47.609,53.713,55.086,53.713,54.933,57.375,57.375,59.206,59.511,60.274,59.816,58.29,57.68,57.527,56.917,55.849,55.391,55.086,52.492,50.05,45.473,42.116,37.69,32.96,28.687,24.873,19.532,13.123,7.7822,4.7304,1.0681,-1.2207,-3.5096,-5.6459,-7.9348,-9.4607,-8.5452,-7.7822,-6.2563,-3.6622,-2.2889,-0.30519,-2.4415,-2.1363,0.45778,7.0193,14.801,23.652,31.587,37.233,40.742,42.573,43.641,48.067,52.492,58.596,62.258,65.92,68.667,71.261,70.956,69.887,68.056,68.056,65.157,60.274,52.797,49.287,44.862,39.064,31.739,26.093,20.295,11.292,0.76296,-4.5778,-11.444,-15.107,-19.074,-20.905,-24.415,-30.061,-37.996,-43.489,-49.287,-53.102,-57.07,-59.969,-60.884,-57.07,-52.95,-47.609,-42.116,-35.249,-27.467,-21.058,-15.564,-9.9185,-3.5096,2.2889,7.3244,11.902,14.191,16.48,16.175,15.564,12.36,10.224,8.5452,7.1718,4.883,1.6785,-0.61037,-2.8993,-9.003,-13.886,-19.837,-23.499,-29.603,-34.333,-37.385,-38.606,-39.064,-41.81,-45.625,-47.456,-51.576,-58.138,-65.615,-70.345,-76.296,-79.348,-83.621,-85.147,-85.147,-85.452,-85.452,-83.621,-82.095,-78.127,-74.77,-70.65,-68.209,-65.31,-66.988,-70.498,-71.413,-71.871,-72.787,-72.024,-72.024,-70.803,-69.735,-69.43,-70.498,-69.124,-66.988,-65.615,-66.988,-68.667,-70.345,-72.024,-74.313,-76.296,-79.196,-79.196,-79.348,-79.348,-82.553,-85.91,-90.64,-94.302,-97.354,-97.507,-95.676,-93.692,-91.708,-86.367,-83.01,-79.958,-79.196,-76.296,-76.144,-75.533,-73.702,-70.65,-67.751,-64.699,-61.8,-58.748,-56.612,-54.476,-55.238,-54.17,-52.187,-47.761,-44.404,-41.81,-41.505,-41.658,-42.268,-42.268,-42.421,-42.268,-40.895,-36.775,-34.944,-31.739,-30.061,-27.161,-26.093,-23.957,-21.973,-19.074,-15.564,-12.36,-10.834,-10.834,-10.681,-9.7659,-10.681,-10.834,-13.276,-13.276,-14.801,-14.649,-15.717,-16.633,-17.09,-15.87,-16.022,-17.396,-18.464,-17.853,-18.006,-16.022,-15.107,-12.513,-13.123,-13.733,-14.496,-13.733,-12.665,-12.207,-12.207,-12.36,-12.97,-12.36,-14.344,-15.107,-18.311,-19.684,-21.668,-20.905,-22.279,-22.431,-25.025,-26.551,-28.23,-28.993,-29.908,-28.077,-26.704,-25.483,-26.093,-24.873,-25.025,-25.178,-27.619,-28.23,-28.535,-27.772,-29.298,-28.993,-25.636,-21.516,-18.769,-13.733,-11.444,-9.7659,-11.597,-12.818,-15.564,-16.175,-17.09,-17.243,-21.363,-24.262,-25.941,-27.009,-27.314,-28.993,-31.434,-32.96,-35.096,-36.012,-37.69,-34.791,-31.129,-24.262,-18.921,-12.818,-6.4089,2.4415,10.681,17.548,22.279,27.161,28.993,28.84,28.382,30.671,31.281,34.486,36.47,40.895,43.489,46.999,51.118,54.476,58.748,63.326,68.514,72.176,75.533,80.569,84.078,87.588,87.436,85.757,84.078,81.79,79.348,76.754,72.329,66.988,60.579,53.865,47.456,42.726,38.759,36.164,32.044,30.366,28.077,27.467,27.009,26.093,23.804,21.821,19.532,18.921,18.464,18.006,16.938,17.853,17.396,19.074,20.6,25.025,28.687,33.723,37.233,40.895,42.573,43.336,43.794,44.862,45.473,44.404,43.794,46.388,47.456,48.067,46.236,43.031,37.538,33.876,31.892,29.908,26.399,21.821,14.344,5.1881,-3.9674,-8.0874,-12.665,-14.801,-17.853,-19.379,-24.873,-30.366,-37.08,-42.116,-48.067,-52.492,-54.323,-52.797,-50.356,-45.167,-38.453,-30.976,-26.093,-18.464,-11.75,-5.7985,-1.5259,2.7467,5.9511,10.681,16.633,22.584,28.077,34.028,36.927,40.59,43.794,46.236,46.541,47.151,46.999,46.541,46.083,47.151,46.846,45.473,43.489,41.2,37.385,35.096,32.197,31.129,30.671,31.434,29.45,27.161,23.957,20.295,17.396,15.87,12.665,8.5452,3.0519,-0.45778,-4.5778,-7.477,-10.224,-10.529,-12.055,-13.123,-12.513,-7.9348,-1.9837,6.2563,11.444,17.09,20.142,24.11,27.619,31.129,33.418,36.775,41.658,46.541,50.661,55.086,58.901,63.021,62.868,63.478,62.258,60.884,57.985,53.407,49.44,43.489,36.012,29.45,23.499,19.227,14.039,9.1556,2.1363,-4.2726,-14.191,-24.11,-34.333,-41.658,-46.846,-52.339,-58.748,-63.784,-70.956,-75.838,-80.111,-80.264,-80.416,-80.721,-83.316,-85.147,-86.062,-84.689,-82.247,-79.043,-75.381,-71.413,-69.43,-65.462,-61.495,-57.07,-54.17,-52.187,-50.203,-48.372,-46.541,-43.489,-40.132,-38.301,-39.064,-38.759,-40.742,-41.963,-42.879,-44.099,-45.015,-45.625,-47.151,-47.456,-49.593,-53.255,-57.985,-62.868,-69.582,-73.855,-79.196,-84.231,-91.556,-96.744,-100.86,-103.76,-106.05,-107.88,-109.71,-109.87,-109.26,-104.83,-100.25,-93.539,-89.419,-83.163,-79.806,-75.533,-69.582,-64.394,-60.427,-54.628,-49.135,-42.573,-38.911,-32.502,-26.246,-18.616,-13.123,-7.3244,-1.2207,5.4933,11.597,16.633,20.142,23.804,25.636,28.382,29.298,30.671,28.84,25.788,22.279,19.379,16.327,14.344,10.987,6.5615,1.2207,-2.5941,-6.8667,-8.8504,-14.496,-18.769,-23.347,-24.72,-27.161,-27.772,-28.382,-28.23,-27.924,-25.941,-24.72,-24.567,-27.009,-26.399,-25.941,-23.957,-22.736,-18.311,-11.444,-1.9837,4.883,12.055,18.616,24.567,29.756,34.181,36.622,38.301,37.843,40.132,42.421,46.541,48.067,50.966,53.56,55.238,55.544,57.07,58.29,58.596,57.375,56.917,54.17,50.661,46.999,42.421,33.265,24.262,12.665,1.5259,-8.0874,-15.717,-23.041,-27.161,-30.824,-30.976,-32.96,-33.876,-35.554,-35.554,-36.47,-37.08,-37.385,-34.181,-30.519,-25.788,-22.279,-18.311,-16.785,-14.954,-14.496,-12.055,-10.376,-7.3244,-3.6622,1.0681,4.2726,9.3081,12.207,14.191,14.191,16.633,16.327,16.785,14.954,11.597,6.1037,0.61037,-7.0193,-13.733,-20.295,-26.399,-34.944,-42.268,-48.219,-52.034,-57.985,-62.563,-65.004,-66.53,-67.904,-65.462,-60.121,-50.966,-40.59,-28.84,-18.159,-6.8667,3.9674,17.09,28.382,39.369,47.609,55.544,63.478,70.345,76.144,82.095,86.062,91.403,94.607,97.354,98.27,101.63,103.76,104.22,103.46,104.07,103.92,104.83,107.43,108.8,106.51,100.71,91.098,81.484,69.887,61.8,55.086,48.982,42.573,36.622,30.519,24.415,20.295,15.564,10.376,5.0356,-0.91556,-2.1363,-3.9674,-7.0193,-12.513,-17.243,-21.973,-25.636,-28.23,-28.382,-28.687,-29.298,-31.129,-30.519,-30.519,-26.399,-24.873,-23.347,-19.684,-14.649,-12.207,-10.987,-10.834,-10.681,-11.444,-12.97,-16.175,-19.074,-21.973,-21.668,-24.873,-28.382,-33.418,-36.164,-39.369,-42.268,-46.083,-50.356,-58.138,-65.157,-75.076,-80.721,-85.757,-88.046,-88.504,-88.046,-86.673,-82.4,-77.364,-72.634,-68.819,-63.784,-60.121,-54.018,-50.05,-43.947,-40.284,-34.791,-27.924,-20.753,-16.175,-12.513,-11.292,-10.071,-8.0874,-4.7304,-2.2889,3.2044,7.477,11.75,14.039,15.412,14.344,13.276,12.055,12.665,13.886,12.818,10.224,9.1556,6.7141,6.7141,6.5615,7.7822,7.477,7.1718,5.0356,3.2044,1.6785,0.61037,0.30519,-0.30519,-2.1363,-3.0519,-5.0356,-5.4933,-6.2563,-5.7985,-7.477,-8.6978,-10.987,-12.207,-13.886,-15.564,-15.87,-16.022,-16.633,-16.022,-15.412,-13.733,-13.428,-11.444,-11.597,-11.597,-11.292,-10.681,-12.207,-14.344,-18.006,-21.21,-23.652,-24.415,-27.009,-27.772,-28.84,-26.551,-27.161,-27.314,-26.856,-27.161,-28.687,-30.976,-33.265,-32.044,-30.213,-26.246,-23.041,-17.548,-14.191,-10.071,-9.4607,-8.3926,-6.7141,-5.6459,-5.6459,-5.6459,-8.5452,-10.529,-13.733,-16.327,-22.431,-27.161,-32.96,-36.012,-38.911,-39.674,-38.148,-35.401,-33.113,-30.061,-28.23,-24.873,-23.194,-21.516,-21.973,-18.006,-15.717,-14.191,-14.039,-11.75,-10.071,-10.834,-12.665,-14.344,-17.09,-19.074,-21.21,-20.6,-23.652,-27.314,-32.044,-35.249,-39.521,-41.353,-44.404,-48.372,-52.492,-53.713,-53.713,-52.797,-54.323,-52.797,-53.713,-52.644,-54.17,-54.018,-54.781,-52.644,-51.424,-50.966,-50.203,-46.999,-44.099,-41.353,-37.69,-33.418,-30.976,-27.924,-27.161,-23.804,-23.652,-20.6,-16.785,-13.276,-9.7659,-3.9674,1.0681,5.0356,7.0193,8.0874,7.9348,12.36,15.259,20.142,22.584,23.957,24.11,25.178,24.262,23.194,23.041,23.804,25.636,27.772,29.603,32.807,32.502,35.249,36.775,38.148,36.622,34.944,34.639,34.639,34.486,35.096,35.249,37.843,40.437,44.404,44.71,44.557,43.336,41.81,40.59,39.674,40.895,42.421,44.099,46.846,46.693,47.151,45.778,45.015,43.031,42.116,39.827,37.233,35.401,34.181,30.976,28.535,25.636,24.11,19.074,16.938,14.954,13.733,11.139,12.055,12.055,11.444,11.444,10.681,9.003,7.0193,6.4089,7.9348,8.24,9.4607,10.224,9.9185,7.6296,6.7141,5.6459,5.1881,3.0519,1.2207,-0.15259,0.45778,0.30519,0.30519,-0.91556,-0.15259,-1.6785,-1.6785,-1.2207,0.76296,3.6622,5.6459,5.9511,5.1881,3.9674,3.2044,0.91556,1.2207,-0.61037,-0.91556,-2.1363,-1.0681,-1.2207,-1.5259,-1.5259,-1.6785,-2.5941,-2.8993,-3.0519,-0.91556,-0.15259,1.9837,2.5941,4.5778,4.883,5.6459,4.12,3.9674,3.2044,0.76296,-2.7467,-4.12,-6.1037,-7.3244,-8.24,-9.4607,-12.97,-14.649,-16.327,-15.412,-15.259,-14.191,-12.055,-9.1556,-5.7985,-2.5941,0.61037,5.7985,9.1556,14.801,19.684,24.415,27.314,30.061,28.23,26.856,26.399,27.314,28.993,30.366,30.824,31.434,30.824,32.044,32.35,33.418,32.655,32.807,33.57,36.927,38.911,37.996,35.707,34.486,32.655,30.824,28.382,27.772,25.483,23.804,21.668,20.753,18.921,18.159,18.769,19.837,19.379,20.142,20.6,21.516,19.684,16.938,11.292,8.6978,5.7985,2.8993,1.8311,1.2207,-1.8311,-3.8148,-6.5615,-8.8504,-11.444,-12.665,-14.649,-15.717,-16.022,-15.87,-17.548,-18.616,-20.295,-20.447,-21.821,-22.889,-26.093,-26.246,-26.856,-24.873,-21.973,-17.243,-14.039,-12.513,-11.75,-12.207,-13.886,-12.513,-13.733,-14.649,-16.022,-15.564,-14.649,-12.055,-10.987,-10.376,-10.224,-9.1556,-8.24,-6.8667,-7.0193,-6.8667,-7.477,-5.0356,-2.7467,-1.0681,-2.1363,-0.76296,0.30519,-0.15259,1.5259,4.7304,6.4089,5.0356,2.5941,3.0519,1.0681,-1.3733,-6.2563,-8.6978,-11.75,-11.444,-10.681,-10.224,-11.139,-9.7659,-7.3244,-6.8667,-8.5452,-9.1556,-10.987,-9.7659,-8.8504,-5.6459,-2.7467,0.61037,1.8311,1.8311,3.2044,5.0356,5.6459,5.3407,4.5778,4.7304,3.9674,1.6785,-3.9674,-9.003,-14.191,-19.532,-25.178,-31.587,-37.08,-43.794,-48.219,-48.982,-51.424,-53.865,-58.901,-63.936,-69.277,-74.465,-79.196,-81.637,-84.384,-85.299,-85.757,-82.705,-82.095,-80.569,-79.501,-75.838,-73.092,-67.751,-60.732,-51.729,-41.505,-31.129,-24.72,-16.785,-8.8504,-2.4415,-0.91556,-0.45778,-4.2726,-6.4089,-7.477,-9.7659,-13.123,-16.175,-19.684,-22.126,-24.567,-27.009,-31.434,-35.249,-40.284,-42.116,-45.32,-46.999,-50.203,-54.323,-55.086,-54.323,-54.018,-48.982,-43.947,-37.233,-32.044,-24.72,-22.279,-21.21,-19.379,-16.327,-14.649,-13.276,-11.292,-7.1718,-4.12,0.45778,2.8993,7.0193,9.9185,12.97,14.496,16.022,15.717,14.801,13.276,12.665,11.292,11.139,8.24,6.8667,1.5259,-3.8148,-10.987,-18.311,-28.077,-36.012,-41.81,-46.388,-51.576,-53.102,-54.018,-53.865,-55.696,-54.933,-53.255,-46.236,-41.047,-35.554,-32.502,-28.077,-26.704,-27.314,-27.619,-24.567,-21.973,-16.48,-10.681,-1.6785,5.6459,13.581,18.616,24.567,30.671,34.944,37.538,39.521,40.132,39.979,39.979,41.047,41.963,45.32,46.846,46.388,43.489,42.421,41.81,41.047,38.148,36.317,32.044,27.772,25.483,27.467,27.009,28.687,30.519,33.876,35.096,38.759,39.216,38.606,38.453,37.996,36.317,33.57,32.35,34.333,35.401,38.606,39.216,38.148,35.707,36.775,37.08,35.859,33.418,30.976,27.924,27.772,28.23,30.519,28.993,29.298,29.603,30.519,29.145,29.45,30.061,29.908,29.603,28.077,24.873,21.058,16.175,14.191,13.276,16.175,17.396,19.684,21.973,25.33,27.924,30.824,31.434,30.976,30.061,29.603,27.924,27.772,26.399,25.178,23.804,25.636,25.788,27.009,26.856,25.788,23.041,18.464,14.496,11.444,10.071,10.529,11.902,15.259,16.785,18.464,17.701,17.09,15.87,13.123,9.003,3.357,-2.4415,-8.5452,-14.801,-18.006,-23.041,-26.551,-29.298,-31.739,-34.944,-36.622,-38.453,-41.047,-41.963,-41.2,-42.421,-43.641,-48.067,-50.203,-53.102,-54.628,-56.154,-56.459,-57.07,-57.527,-57.07,-56.154,-56.612,-57.07,-58.29,-57.68,-58.443,-57.833,-57.985,-58.138,-57.527,-55.849,-54.323,-54.628,-56.764,-57.07,-57.07,-56.001,-57.68,-57.68,-60.274,-63.021,-66.378,-70.345,-74.923,-77.364,-78.433,-77.822,-79.043,-79.196,-82.095,-83.163,-85.147,-85.604,-86.062,-86.825,-88.046,-88.656,-89.114,-87.893,-87.436,-84.231,-83.01,-79.501,-77.364,-72.787,-70.803,-67.598,-63.478,-56.917,-50.356,-42.268,-36.47,-31.587,-31.281,-29.298,-26.856,-22.279,-19.684,-16.327,-14.801,-14.039,-12.97,-11.292,-11.139,-13.276,-16.327,-17.701,-22.279,-27.314,-34.791,-42.116,-50.356,-57.375,-62.716,-65.31,-67.446,-68.514,-70.498,-70.498,-71.108,-70.803,-71.566,-68.667,-69.277,-69.887,-68.514,-65.004,-60.732,-54.781,-48.677,-41.963,-35.401,-28.687,-23.804,-17.701,-13.581,-8.0874,-4.4252,-3.0519,-3.0519,-1.3733,1.6785,7.3244,11.139,14.496,15.717,18.006,17.396,16.633,14.496,13.581,14.039,14.954,15.412,15.259,15.107,15.564,13.123,13.428,12.207,10.834,8.24,7.477,6.7141,5.4933,3.8148,1.5259,-2.1363,-3.8148,-7.7822,-10.071,-13.123,-12.36,-12.055,-10.681,-8.6978,-6.1037,-3.357,-0.76296,1.5259,4.7304,6.2563,9.6133,12.055,16.175,18.006,20.142,21.821,23.347,23.804,25.636,26.856,28.993,30.213,33.113,34.486,37.233,38.301,42.116,43.336,43.641,44.252,43.184,40.895,38.606,37.233,35.859,34.486,35.401,34.791,35.707,35.096,34.333,33.418,34.639,34.944,34.028,32.807,32.655,31.434,30.519,28.382,27.619,27.009,27.314,27.161,26.704,27.924,30.671,34.181,38.606,41.658,42.726,41.963,42.573,40.742,38.606,35.554,32.96,31.281,30.976,29.603,27.772,26.399,26.551,25.025,26.399,27.467,29.145,31.434,31.434,28.993,27.619,26.093,26.246,25.483,28.077,29.45,30.671,32.655,33.113,32.655,33.876,36.012,37.538,38.148,40.132,39.216,39.979,40.437,43.336,44.252,45.473,45.778,46.999,46.693,46.846,45.015,43.641,39.827,35.707,30.213,25.025,20.447,17.853,16.175,14.039,12.665,11.444,9.9185,8.0874,4.5778,2.7467,0.45778,-1.2207,-3.6622,-5.6459,-6.1037,-4.883,-4.4252,-1.3733,-0.91556,0.15259,0.61037,0.15259,-1.0681,-0.30519,1.9837,3.9674,5.9511,8.5452,11.139,13.276,14.344,16.327,15.107,14.649,14.039,14.649,13.581,11.139,7.9348,6.1037,4.4252,4.4252,5.7985,7.3244,6.7141,7.3244,5.1881,6.2563,6.8667,6.8667,7.477,6.7141,3.6622,0.76296,-2.8993,-3.6622,-4.2726,-3.357,-4.2726,-6.4089,-6.4089,-5.9511,-3.6622,-1.9837,-2.1363,-2.8993,-5.4933,-5.4933,-6.5615,-4.12,-2.4415,0.15259,4.2726,9.4607,13.886,16.633,18.464,20.753,20.753,20.905,18.311,17.853,16.48,14.649,12.97,12.207,10.681,8.5452,4.4252,0.30519,-4.4252,-8.24,-14.039,-16.785,-18.006,-19.99,-22.279,-23.804,-25.941,-27.314,-29.45,-31.129,-33.113,-33.723,-36.47,-37.843,-37.996,-35.096,-33.265,-31.739,-30.671,-30.213,-31.739,-32.044,-32.197,-32.96,-34.791,-36.47,-39.216,-40.284,-41.505,-41.963,-43.184,-42.268,-41.505,-38.606,-38.301,-38.453,-39.827,-39.979,-38.759,-37.385,-36.164,-32.35,-29.298,-25.33,-24.415,-24.72,-28.687,-32.807,-36.012,-40.132,-43.947,-45.473,-47.456,-47.914,-49.745,-51.118,-55.086,-57.68,-59.664,-59.969,-60.274,-60.884,-62.258,-61.953,-61.495,-59.053,-58.138,-56.459,-56.764,-55.391,-55.696,-56.459,-57.07,-56.612,-53.56,-51.576,-50.966,-49.135,-49.898,-49.593,-49.898,-49.135,-46.999,-44.557,-40.132,-35.249,-32.044,-27.161,-23.652,-19.532,-18.464,-16.48,-13.886,-9.7659,-6.1037,-2.7467,-1.3733,-0.61037,-1.2207,-0.61037,-2.2889,-2.1363,-3.0519,-3.8148,-4.2726,-6.1037,-7.7822,-7.3244,-5.7985,-3.5096,-2.5941,-3.6622,-7.477,-10.224,-13.733,-17.09,-18.921,-19.379,-19.532,-19.227,-19.532,-17.548,-15.717,-12.97,-10.987,-9.7659,-12.055,-14.191,-16.175,-17.243,-18.006,-17.701,-19.684,-19.99,-21.363,-20.295,-19.837,-21.21,-22.279,-24.11,-27.009,-29.298,-33.876,-37.538,-41.353,-41.81,-42.268,-40.895,-38.606,-38.301,-40.284,-41.963,-44.252,-45.32,-47.304,-47.304,-47.609,-45.32,-44.252,-42.116,-39.064,-36.775,-36.164,-34.486,-33.57,-30.824,-31.434,-32.35,-33.113,-32.807,-32.502,-32.044,-30.671,-29.756,-32.197,-34.333,-38.301,-37.996,-36.927,-36.012,-38.148,-40.742,-43.947,-46.541,-49.287,-50.203,-52.797,-51.576,-49.593,-45.93,-42.268,-41.505,-43.031,-45.625,-49.593,-51.271,-53.407,-52.95,-53.56,-55.238,-57.985,-60.274,-61.8,-62.105,-62.258,-62.41,-64.699,-67.293,-72.481,-76.296,-80.264,-82.095,-83.01,-83.316,-83.926,-84.994,-87.436,-87.283,-88.809,-89.724,-93.539,-94.607,-95.828,-96.438,-96.591,-95.981,-95.676,-94.15,-93.387,-90.64,-87.436,-83.316,-81.79,-79.043,-79.196,-77.67,-76.296,-73.702,-72.787,-72.176,-71.718,-68.514,-65.92,-62.105,-60.579,-59.816,-64.089,-65.615,-68.056,-71.413,-77.67,-82.4,-85.757,-86.825,-90.487,-94.913,-100.56,-105.44,-109.71,-110.93,-111.24,-109.87,-107.43,-104.83,-105.14,-105.75,-106.66,-108.34,-108.19,-106.2,-102.08,-98.88,-97.201,-97.659,-99.033,-98.422,-100.25,-101.63,-104.37,-103.61,-100.56,-94.913,-88.961,-86.062,-85.452,-82.858,-80.721,-75.991,-74.465,-73.244,-73.092,-71.718,-69.735,-65.767,-62.563,-59.816,-57.222,-54.628,-52.339,-51.729,-50.508,-50.966,-52.492,-53.255,-55.544,-56.459,-58.138,-60.427,-64.547,-68.209,-70.498,-69.277,-66.988,-64.699,-61.495,-57.222,-53.56,-50.813,-46.999,-40.437,-33.113,-23.957,-16.633,-11.444,-6.8667,-0.91556,3.0519,5.7985,7.9348,9.4607,11.292,14.039,14.344,13.123,9.9185,8.8504,5.6459,6.7141,6.7141,6.2563,2.2889,-2.2889,-7.1718,-10.681,-13.428,-16.022,-19.074,-20.142,-23.499,-27.924,-32.96,-36.622,-39.674,-41.658,-45.625,-50.356,-54.018,-55.544,-55.391,-54.17,-51.881,-49.135,-48.982,-44.862,-41.047,-33.876,-30.061,-27.009,-23.041,-15.87,-8.6978,-3.5096,-1.2207,-1.0681,-0.91556,-1.5259,-3.8148,-5.6459,-6.5615,-7.0193,-9.4607,-12.055,-15.412,-18.159,-19.99,-22.584,-28.077,-33.265,-36.164,-36.775,-40.742,-42.879,-46.846,-49.135,-55.391,-61.953,-68.667,-72.787,-76.754,-78.585,-79.806,-80.416,-82.247,-82.095,-82.705,-82.4,-81.637,-79.501,-75.838,-72.024,-67.446,-62.41,-57.527,-50.813,-45.32,-36.775,-29.603,-22.584,-18.921,-16.633,-16.938,-16.48,-15.412,-15.717,-17.09,-17.243,-19.99,-24.415,-32.96,-39.979,-45.778,-49.287,-51.576,-53.407,-56.154,-59.358,-58.901,-57.527,-57.375,-55.849,-54.933,-50.661,-46.388,-41.047,-37.996,-34.944,-31.281,-26.704,-20.753,-15.717,-13.123,-11.902,-7.9348,-1.5259,3.5096,9.003,12.97,17.701,19.99,22.431,23.957,25.178,25.33,27.161,29.298,32.044,32.655,35.554,36.622,37.538,34.791,32.502,28.687,25.483,22.126,17.396,12.818,11.75,11.597,12.513,11.597,12.97,13.276,16.175,19.074,24.11,30.976,38.759,45.473,51.271,53.713,56.764,58.901,62.868,65.31,69.43,74.618,79.501,85.757,91.098,94.607,98.575,101.02,105.29,106.2,109.41,112.61,115.67,117.19,117.5,115.82,116.58,114.44,112.92,110.63,108.19,104.98,101.02,96.744,92.013,88.656,87.13,85.604,85.452,86.062,87.741,86.978,86.367,84.689,82.095,81.332,82.095,83.773,85.452,85.604,87.436,88.504,91.708,94.455,98.727,102.85,106.81,110.32,113.22,115.67,117.65,118.41,123.29,126.19,129.4,131.08,132.91,133.37,133.52,132.45,127.26,122.07,117.19,110.17,106.05,103.31,102.08,99.49,96.591,93.387,88.809,83.773,79.958,76.601,74.007,68.514,64.852,61.037,59.664,59.969,60.732,60.579,57.833,54.781,53.56,52.187,53.255,54.018,57.222,59.664,63.478,67.141,69.735,72.481,77.364,80.721,84.078,85.299,87.283,86.062,83.926,79.806,77.822,76.296,73.855,71.718,68.972,65.31,62.258,59.816,58.901,58.138,59.358,60.579,59.206,56.001,51.118,46.999,43.641,40.437,41.505,42.573,43.336,42.116,41.658,40.742,38.759,36.012,33.876,34.181,38.606,41.963,45.93,47.914,50.356,51.118,53.102,54.476,56.307,59.053,61.8,63.936,65.462,65.157,66.683,65.767,65.767,64.852,63.326,61.8,59.664,57.985,58.596,59.358,61.495,61.495,61.19,59.511,58.596,57.375,55.086,51.271,48.067,45.167,44.862,43.336,44.099,43.794,45.778,45.93,45.473,43.947,41.81,40.437,40.284,39.979,40.132,36.927,35.249,32.502,30.824,26.856,24.262,22.279,22.736,22.279,22.279,21.821,21.973,20.295,19.684,17.09,16.327,13.733,12.055,11.597,11.75,12.36,14.344,16.175,17.243,14.801,12.055,7.6296,4.7304,-1.0681,-5.3407,-10.681,-14.191,-15.564,-16.48,-19.074,-22.584,-25.788,-25.941,-29.756,-30.824,-32.96,-32.655,-32.35,-29.756,-26.856,-24.415,-21.668,-18.921,-16.175,-10.834,-7.477,-3.8148,-1.5259,4.12,7.6296,11.139,12.055,15.87,20.447,25.636,28.687,31.129,32.807,34.639,34.944,35.096,34.333,36.012,36.622,37.69,37.843,39.216,39.064,40.437,41.505,41.81,40.895,39.369,37.385,35.249,31.281,30.519,27.314,25.178,22.889,23.194,20.753,19.684,18.159,17.396,16.48,16.327,15.717,17.09,17.853,20.447,22.889,27.314,29.603,33.418,34.639,36.47,37.385,39.216,40.437,42.573,42.421,42.268,42.879,44.862,44.557,44.099,42.879,42.573,40.437,41.047,40.59,39.216,37.69,37.538,35.249,32.655,27.924,24.72,20.447,19.227,16.785,17.548,18.159,21.668,23.194,22.279,20.6,18.616,16.48,14.496,12.818,10.529,6.5615,2.2889,-2.4415,-3.8148,-4.883,-4.883,-5.9511,-4.12,-2.5941,0.61037,2.5941,3.8148,2.2889,2.5941,1.3733,1.3733,0.30519,0.45778,-1.2207,-2.2889,-3.2044,-4.2726,-6.4089,-7.9348,-7.477,-6.7141,-6.5615,-4.883,-4.4252,-2.8993,-2.5941,-0.30519,-0.15259,0.15259,1.0681,1.0681,1.5259,3.5096,4.4252,7.0193,6.8667,6.8667,5.9511,5.7985,4.5778,2.7467,0.15259,-1.8311,-5.3407,-8.24,-12.36,-16.48,-21.668,-25.636,-31.587,-36.317,-42.268,-45.778,-48.982,-52.339,-57.375,-60.732,-65.615,-67.293,-68.819,-66.988,-65.31,-64.089,-63.631,-60.732,-57.222,-56.154,-56.154,-54.628,-53.407,-52.034,-53.255,-52.644,-52.797,-50.05,-46.388,-42.573,-39.979,-37.996,-35.096,-31.281,-30.671,-30.824,-31.434,-32.044,-32.655,-33.723,-34.791,-35.707,-37.538,-39.979,-43.031,-45.778,-51.881,-57.527,-63.631,-66.988,-70.498,-70.498,-72.024,-72.634,-71.261,-69.582,-69.735,-66.073,-63.784,-61.342,-58.29,-54.476,-51.118,-48.219,-46.541,-42.879,-38.759,-34.333,-30.519,-23.652,-18.921,-12.513,-9.4607,-7.7822,-7.7822,-6.8667,-3.2044,-0.15259,2.5941,5.1881,4.7304,4.7304,1.6785,-1.3733,-5.4933,-7.477,-9.6133,-10.834,-11.444,-10.834,-10.987,-9.7659,-11.902,-13.428,-17.09,-20.295,-25.788,-31.434,-36.927,-40.437,-42.573,-43.336,-45.167,-45.015,-47.761,-48.372,-50.661,-50.356,-49.745,-46.999,-44.862,-46.388,-50.966,-53.713,-57.985,-58.748,-61.037,-60.732,-59.358,-56.764,-56.307,-56.459,-57.375,-58.748,-60.121,-59.511,-59.664,-58.901,-59.664,-59.664,-59.816,-61.8,-64.699,-67.904,-71.566,-73.55,-75.686,-78.585,-82.095,-82.247,-83.621,-84.536,-86.215,-87.436,-90.182,-93.234,-96.133,-97.049,-98.27,-95.981,-95.065,-92.166,-92.929,-92.929,-93.997,-92.776,-87.588,-83.01,-79.958,-78.585,-78.585,-76.296,-74.007,-68.056,-61.647,-55.544,-50.966,-47.761,-45.625,-44.557,-45.32,-44.099,-43.489,-41.353,-41.658,-40.132,-40.132,-39.064,-40.437,-41.658,-42.421,-43.641,-44.862,-46.236,-46.693,-43.947,-41.505,-37.538,-37.69,-36.622,-36.47,-33.265,-30.976,-27.467,-25.636,-24.262,-24.72,-24.72,-26.246,-26.704,-28.84,-30.061,-32.197,-31.129,-30.366,-30.671,-32.044,-31.892,-32.502,-31.129,-29.908,-26.704,-25.483,-21.973,-18.921,-11.444,-3.9674,3.6622,9.7659,17.396,25.178,33.418,42.116,52.034,60.121,68.361,73.55,79.348,83.163,88.351,92.624,97.049,100.56,102.85,102.85,103.31,104.37,104.68,101.32,99.033,95.065,91.25,84.689,75.686,65.004,55.696,49.135,43.947,38.301,35.096,31.434,29.603,27.924,27.161,25.636,25.025,24.72,24.567,23.957,24.873,24.72,24.567,21.821,20.905,19.379,16.022,13.428,12.513,11.139,9.7659,7.477,7.1718,7.3244,7.477,7.6296,6.8667,5.1881,3.357,1.3733,0.61037,-0.45778,-2.4415,-8.6978,-13.123,-20.6,-24.262,-27.161,-27.619,-26.246,-24.72,-25.33,-24.415,-26.246,-24.567,-24.262,-23.652,-24.262,-23.652,-22.126,-20.142,-19.99,-17.396,-11.597,-3.6622,2.8993,8.8504,12.055,16.938,21.973,27.161,32.807,37.69,41.658,45.473,47.914,52.187,55.238,60.274,63.173,66.073,66.53,65.157,63.936,63.021,61.8,60.579,60.884,61.342,59.358,58.596,58.138,58.443,59.358,59.816,59.969,60.274,62.105,63.936,62.258,61.647,60.427,62.258,62.563,62.41,60.427,59.053,59.664,61.647,66.378,70.193,74.77,81.484,86.825,92.166,96.133,100.41,103.76,106.36,109.87,112.61,112.46,111.85,111.55,112.61,111.55,112.16,110.78,109.26,106.51,104.68,103.15,100.86,96.591,91.708,86.825,82.4,75.228,69.124,61.342,57.375,51.576,45.778,39.216,33.876,30.671,28.993,28.993,29.45,28.535,28.84,27.161,27.314,27.619,27.619,27.161,27.467,29.145,32.96,36.775,38.301,38.606,40.284,41.353,43.794,43.794,43.641,42.268,42.573,41.353,37.538,33.418,29.45,25.33,23.347,20.753,19.379,17.396,16.785,14.191,12.36,8.24,6.1037,5.1881,4.2726,3.5096,3.2044,2.8993,3.0519,2.7467,2.7467,1.3733,1.0681,0.61037,2.7467,3.8148,6.1037,7.9348,9.003,10.376,12.97,14.344,14.191,13.733,14.344,14.039,13.581,10.376,8.6978,6.1037,4.2726,3.2044,1.5259,-0.76296,-3.0519,-6.2563,-7.6296,-11.444,-14.039,-18.921,-21.516,-25.025,-26.093,-28.687,-30.213,-31.434,-31.434,-30.824,-29.45,-28.077,-25.178,-24.873,-24.72,-25.788,-23.499,-22.431,-20.142,-16.938,-14.039,-11.292,-9.7659,-9.4607,-9.003,-10.834,-11.139,-11.139,-10.071,-10.834,-10.529,-13.123,-14.496,-17.243,-20.142,-22.889,-25.788,-30.061,-33.113,-37.843,-41.353,-47.914,-51.118,-54.018,-54.17,-54.018,-50.661,-47.304,-44.252,-42.268,-39.369,-36.622,-32.044,-28.84,-25.636,-24.567,-21.668,-22.431,-21.21,-20.6,-20.447,-20.447,-19.379,-19.99,-21.21,-21.516,-20.753,-21.821,-21.363,-23.194,-24.11,-28.077,-31.434,-35.859,-40.132,-45.473,-49.898,-53.255,-55.238,-55.849,-54.933,-56.459,-56.154,-58.596,-60.121,-64.089,-68.361,-75.533,-82.4,-90.335,-95.676,-98.88,-100.25,-103.31,-105.14,-109.41,-112.61,-116.89,-117.19,-115.82,-112.77,-110.17,-110.63,-114.9,-118.87,-123.45,-123.91,-126.04,-125.43,-125.28,-123.45,-121.31,-115.36,-106.2,-97.659,-92.166,-86.825,-80.264,-73.092,-68.514,-64.089,-61.647,-59.053,-57.833,-55.849,-54.018,-52.034,-50.203,-48.372,-47.914,-46.846,-45.167,-39.674,-36.317,-33.265,-33.113,-32.35,-29.145,-25.636,-21.821,-16.785,-10.681,-3.8148,1.2207,7.0193,9.1556,12.055,14.344,17.09,19.074,21.516,24.567,28.382,31.281,35.859,38.453,42.726,46.236,48.524,49.135,48.524,45.167,40.742,34.791,27.619,20.142,12.207,3.5096,-1.9837,-6.5615,-8.6978,-15.412,-21.516,-28.077,-35.401,-43.184,-49.593,-55.696,-60.427,-68.667,-74.923,-80.416,-82.858,-84.689,-85.91,-86.215,-84.994,-81.79,-77.67,-73.244,-67.904,-64.699,-60.121,-57.222,-52.644,-51.424,-51.729,-55.544,-57.68,-59.358,-60.884,-62.716,-66.073,-69.43,-70.956,-74.923,-77.364,-82.705,-86.062,-90.945,-94.15,-95.218,-95.37,-96.591,-97.354,-95.37,-91.708,-88.351,-83.621,-81.179,-76.754,-73.397,-69.277,-66.836,-63.326,-60.579,-57.833,-55.238,-51.729,-48.067,-43.641,-42.116,-38.301,-36.164,-34.486,-34.486,-33.57,-33.418,-32.502,-31.587,-30.671,-31.281,-29.298,-30.976,-32.197,-35.859,-36.927,-40.437,-40.437,-40.437,-38.759,-35.096,-30.824,-27.314,-24.11,-22.126,-15.87,-13.428,-10.224,-6.1037,-1.0681,3.6622,11.139,20.142,29.298,38.911,48.219,54.323,60.579,63.784,67.141,69.735,72.939,75.838,78.127,78.28,78.738,76.601,75.686,73.702,74.923,74.923,75.686,76.449,78.28,79.653,82.705,86.215,91.708,95.37,99.643,103.15,107.58,109.1,111.55,112.61,113.22,115.36,118.26,121.92,125.58,127.26,130.92,133.52,136.11,136.72,139.01,142.98,147.25,151.98,155.95,157.93,160.68,160.99,162.66,162.05,161.75,160.83,161.29,161.6,160.53,159.31,159.46,159.15,160.07,159.31,160.37,161.44,164.04,165.72,168,168.92,170.45,172.43,176.7,177.62,178.08,176.4,175.33,173.04,171.36,169.84,167.7,165.26,164.49,164.8,166.94,166.94,166.48,165.11,164.65,166.94,168.92,169.23,171.06,173.96,177.31,180.36,185.4,189.52,193.79,196.39,198.22,198.52,196.39,193.49,189.83,186.93,185.55,183.57,182.65,179.14,177.31,173.35,169.99,166.33,162.36,158.24,154.73,151.22,147.4,143.89,141.91,139.16,136.88,133.67,131.69,130.16,131.08,132.91,132.45,129.4,125.58,122.38,120.55,118.87,119.33,118.87,118.72,116.12,116.43,117.65,118.11,117.19,115.82,115.36,115.97,116.28,117.19,115.67,115.82,114.9,114.29,112.31,110.32,106.97,104.07,100.41,96.896,94.76,91.556,88.809,87.741,85.147,83.316,80.721,78.127,73.244,67.141,62.41,58.443,54.933,50.966,46.693,44.862,42.116,40.742,39.827,40.132,39.979,40.59,39.827,37.385,34.486,34.028,34.944,37.233,37.843,38.606,36.164,34.181,28.687,22.431,15.564,9.003,3.357,-0.91556,-8.5452,-16.938,-26.551,-34.181,-41.963,-46.083,-51.118,-53.56,-54.476,-55.391,-57.07,-57.985,-58.443,-57.375,-56.001,-53.407,-52.95,-53.407,-58.29,-61.037,-63.326,-63.326,-63.326,-63.478,-63.631,-61.495,-57.833,-56.001,-56.612,-55.391,-57.07,-59.053,-62.868,-65.462,-70.65,-76.144,-81.027,-85.91,-89.114,-90.945,-92.318,-92.776,-97.354,-101.02,-106.66,-110.32,-113.22,-114.75,-116.28,-115.67,-113.68,-111.7,-110.02,-107.88,-108.49,-108.65,-110.48,-112.46,-116.89,-120.09,-122.53,-122.23,-122.99,-123.14,-123.91,-125.58,-128.33,-131.08,-134.43,-136.88,-137.94,-137.33,-142.37,-148.32,-155.34,-160.22,-166.33,-170.45,-174.11,-175.79,-178.38,-179.45,-179.3,-174.57,-172.12,-168.61,-166.94,-162.66,-158.39,-152.75,-149.69,-147.4,-146.79,-143.59,-139.62,-133.06,-127.26,-117.04,-108.65,-99.033,-91.861,-84.994,-78.738,-70.193,-60.579,-52.492,-45.93,-40.284,-35.096,-30.061,-27.924,-25.33,-23.499,-21.363,-19.837,-19.074,-17.396,-15.717,-16.327,-18.616,-17.701,-10.071,-2.7467,5.7985,10.834,16.022,17.701,11.75,-2.1363,-22.431,-43.336,-57.833,-72.176,-84.384,-92.166,-92.929,-91.25,-91.098,-93.081,-96.438,-98.575,-99.033,-100.25,-101.32,-102.69,-102.54,-104.37,-104.53,-101.78,-96.438,-88.198,-79.043,-70.65,-60.579,-52.95,-46.388,-42.573,-35.554,-30.671,-25.636,-20.905,-17.243,-12.513,-8.6978,-8.3926,-7.477,-11.597,-16.633,-19.379,-20.753,-23.041,-26.399,-33.418,-40.742,-52.95,-63.326,-76.296,-86.673,-92.776,-96.286,-98.727,-100.1,-101.93,-104.98,-111.39,-116.28,-122.38,-127.26,-132.76,-137.94,-146.18,-151.98,-157.17,-159.76,-161.75,-163.58,-165.11,-165.11,-166.63,-166.94,-168.31,-167.55,-165.72,-163.12,-159.92,-155.49,-150.15,-144.96,-140.84,-135.5,-131.23,-124.06,-118.87,-111.39,-105.59,-98.727,-91.861,-83.773,-75.838,-66.836,-57.833,-47.304,-37.08,-25.636,-17.09,-7.477,-0.15259,9.003,18.006,25.636,33.265,41.963,52.339,63.936,76.144,89.419,100.71,113.22,124.52,136.11,147.25,158.85,168.92,180.06,189.67,200.51,210.73,221.56,229.8,239.42,247.51,257.58,265.66,273.6,280.92,288.55,297.4,306.56,314.95,321.51,325.63,330.97,336.31,343.49,348.98,354.93,359.36,362.71,365.31,367.14,367.75,368.36,369.12,371.56,373.39,375.53,376.45,376.9,376.45,375.53,374.61,374.31,374.61,374.31,374.61,376.9,376.29,376.9,375.84,375.99,373.85,371.56,369.73,367.75,367.29,368.36,368.97,370.04,369.43,368.97,367.14,364.39,359.97,358.9,356.76,354.17,352.34,350.2,346.84,343.18,338.45,335.55,332.19,330.36,327.31,326.4,324.41,322.12,318.77,315.26,309.76,304.88,299.39,295.88,290.38,286.26,280.77,277.26,273.75,271.92,269.78,266.73,262.46,258.95,254.68,250.25,244.61,241.86,237.74,234.23,229.19,225.68,221.26,214.55,209.2,204.63,199.9,195.32,190.59,186.32,180.06,175.48,171.21,167.85,164.49,165.26,166.33,167.39,167.55,166.02,163.73,162.97,160.37,157.32,152.44,146.95,141.61,136.42,130.77,124.21,118.72,112.61,106.51,101.02,95.37,91.25,87.893,85.299,83.163,80.874,78.89,76.907,74.618,72.024,69.124,68.209,66.073,65.92,64.394,63.326,62.716,63.173,64.547,66.988,70.193,74.465,76.449,77.059,77.67,79.806,80.569,81.179,81.484,81.484,81.179,80.874,79.348,77.822,73.855,72.176,67.751,63.478,59.816,55.086,51.118,49.898,49.593,46.693,39.674,32.655,23.957,16.48,7.6296,-2.5941,-14.954,-27.009,-37.08,-45.625,-52.339,-57.222,-66.378,-76.601,-87.588,-94.302,-101.32,-105.29,-109.1,-111.39,-112.92,-117.19,-125.43,-131.53,-138.25,-143.44,-149.54,-154.88,-162.21,-167.39,-170.75,-174.57,-180.36,-189.21,-197.61,-203.71,-209.51,-213.17,-217.14,-221.72,-226.14,-227.67,-229.35,-232.25,-236.52,-238.5,-238.65,-238.2,-239.11,-240.18,-242.77,-244,-249.79,-257.27,-265.66,-274.06,-282.6,-286.87,-287.64,-288.86,-289.93,-291.15,-294.05,-296.64,-301.83,-307.02,-313.58,-318.46,-323.19,-327.31,-329.91,-330.82,-332.96,-334.64,-338.91,-341.2,-340.74,-337.08,-336.92,-335.7,-332.35,-328.38,-326.4,-323.95,-322.58,-321.21,-319.07,-318.31,-322.28,-326.24,-331.43,-334.64,-339.37,-343.79,-348.06,-349.89,-351.12,-352.18,-352.95,-353.4,-355.85,-358.59,-361.49,-364.7,-370.65,-371.26,-372.17,-371.56,-372.17,-371.56,-370.49,-369.12,-365.46,-359.36,-352.79,-345.16,-341.5,-336.62,-333.72,-329.29,-327.01,-322.12,-319.53,-315.71,-313.73,-311.75,-310.37,-307.02,-304.57,-303.05,-303.96,-303.05,-303.81,-302.29,-302.13,-300.15,-296.49,-288.55,-282.45,-279.09,-278.18,-278.63,-281.38,-281.84,-282.14,-281.38,-285.5,-288.25,-291.15,-292.21,-290.69,-279.85,-260.17,-231.79,-201.42,-173.96,-158.39,-151.52,-153.05,-155.8,-159.61,-152.59,-139.62,-124.36,-113.07,-105.59,-103.15,-102.85,-103.15,-101.93,-96.896,-88.656,-81.637,-73.397,-66.683,-61.8,-60.884,-59.511,-57.985,-55.086,-53.407,-50.813,-48.067,-45.93,-39.216,-29.908,-21.058,-12.36,-7.9348,-5.7985,-9.7659,-14.039,-18.616,-24.567,-31.434,-38.301,-44.557,-49.135,-52.492,-55.391,-60.274,-64.547,-69.124,-68.819,-66.836,-62.716,-59.358,-55.849,-52.797,-52.492,-53.56,-55.696,-59.206,-63.784,-67.904,-71.413,-75.991,-80.416,-86.215,-91.708,-97.201,-101.63,-106.51,-111.09,-115.51,-119.17,-126.19,-133.06,-140.54,-144.2,-148.78,-151.37,-155.8,-158.54,-160.22,-161.29,-160.83,-158.7,-157.93,-156.56,-155.03,-151.52,-149.85,-143.89,-139.93,-133.37,-127.87,-119.79,-114.29,-107.27,-100.56,-92.013,-83.163,-73.244,-64.089,-53.255,-44.404,-33.113,-23.041,-12.207,-2.4415,8.3926,19.074,30.824,43.336,57.07,68.972,80.721,90.793,104.37,116.43,129.55,141,154.42,166.02,177.47,190.44,203.1,214.85,227.36,238.5,250.4,258.95,268.87,277.41,286.57,295.42,304.12,311.75,318.61,325.02,330.82,336.01,342.57,347.76,353.71,359.51,365.15,368.36,372.02,376.75,383.47,389.11,393.99,399.33,404.52,410.63,416.12,420.09,426.8,432.6,438.7,443.59,447.71,450.91,452.59,453.96,454.27,454.57,457.32,459.76,462.81,465.56,469.68,473.19,475.02,477.46,479.29,481.43,483.11,484.48,486.01,484.18,482.65,480.36,478.99,478.38,478.84,478.84,478.68,478.53,478.84,477.77,478.07,477.31,478.68,479.14,478.99,476.55,474.41,471.05,469.07,466.78,466.48,465.87,466.02,465.1,465.1,463.42,461.9,460.68,459.46,457.63,456.71,456.71,454.57,451.98,448.77,446.49,444.81,440.99,439.16,435.04,432.14,426.34,420.09,413.68,407.27,399.95,393.23,386.67,380.57,373.09,365.76,357.83,351.57,344.4,337.69,331.74,325.02,319.38,313.43,308.69,305.34,301.68,298.62,293.89,291.15,287.94,287.03,286.26,286.26,286.57,287.33,286.87,285.2,281.84,278.33,274.36,271.16,266.43,263.22,259.25,256.36,251.63,247.2,242.16,235.76,229.65,223.85,219.12,215.31,211.19,207.37,201.42,197.61,193.95,191.05,186.01,182.5,180.82,179.91,178.08,175.63,173.04,169.07,164.65,162.05,158.85,157.17,155.34,155.64,155.49,156.25,155.8,152.59,149.08,146.34,142.98,141.91,141,139.93,136.57,136.11,132.76,130.47,128.18,125.28,122.07,118.41,114.6,110.63,105.9,103.46,101.02,98.727,92.624,86.52,81.332,77.67,74.618,72.634,69.735,63.936,55.238,46.541,38.606,30.519,21.21,15.259,8.6978,3.357,-2.4415,-6.4089,-12.055,-16.327,-18.464,-21.058,-24.262,-28.535,-32.655,-35.554,-39.216,-40.59,-42.573,-41.658,-39.979,-38.301,-38.911,-41.505,-44.71,-46.083,-48.067,-52.644,-59.358,-63.936,-67.751,-68.361,-69.43,-69.735,-72.787,-75.686,-79.501,-86.673,-96.133,-103.76,-110.32,-118.26,-126.65,-133.37,-139.93,-145.27,-150.76,-154.58,-160.37,-164.95,-170.75,-175.79,-181.74,-188.76,-197,-205.39,-214.39,-222.48,-231.94,-238.35,-245.22,-249.64,-254.98,-261.54,-267.34,-272.68,-280.01,-287.33,-293.28,-297.1,-303.2,-309.92,-317.39,-321.67,-327.92,-332.8,-337.08,-340.13,-343.49,-348.06,-356.15,-365.92,-375.23,-379.96,-386.06,-391.09,-397.2,-398.88,-401.93,-404.98,-408.19,-411.85,-413.98,-413.68,-415.66,-416.43,-418.56,-420.09,-423.9,-425.12,-426.65,-424.36,-421.61,-415.05,-402.69,-388.5,-374.46,-362.71,-354.47,-349.89,-350.66,-352.95,-362.25,-373.09,-384.53,-392.62,-403.15,-414.75,-423.9,-431.23,-438.86,-447.1,-454.88,-459.61,-467.7,-475.17,-486.16,-494.71,-502.03,-506.45,-510.42,-511.34,-509.96,-507.22,-505.08,-500.96,-496.08,-487.08,-478.84,-466.93,-456.25,-445.72,-436.26,-427.87,-424.21,-421.61,-419.63,-415.97,-414.9,-413.37,-412.76,-411.24,-412.15,-410.63,-408.03,-404.37,-402.08,-401.17,-401.17,-399.95,-397.66,-395.37,-394.45,-387.89,-379.35,-368.82,-362.25,-356,-353.86,-350.51,-345.93,-341.2,-334.94,-325.79,-315.71,-307.63,-303.96,-300.45,-301.22,-300.76,-300.15,-297.86,-299.08,-299.39,-300.76,-300.91,-301.37,-299.54,-297.71,-296.49,-297.4,-296.79,-298.17,-297.4,-297.25,-296.49,-298.47,-299.39,-300.61,-300.91,-299.84,-296.79,-294.35,-290.84,-287.18,-283.21,-280.31,-276.35,-274.21,-270.85,-266.73,-261.7,-258.49,-256.51,-256.05,-255.44,-255.44,-251.63,-248.73,-245.52,-242.32,-235.91,-232.25,-226.29,-221.41,-215.61,-209.81,-203.41,-199.13,-192.42,-186.93,-179.14,-173.04,-166.17,-158.85,-150.61,-142.67,-134.43,-126.19,-119.33,-114.29,-108.65,-104.83,-99.49,-94.76,-87.13,-80.874,-74.77,-68.209,-60.121,-52.95,-45.778,-40.437,-33.876,-29.45,-22.279,-17.548,-10.681,-3.5096,4.12,12.36,18.769,24.262,30.519,35.401,42.573,47.609,55.238,61.647,69.887,77.212,84.994,91.403,97.049,102.39,110.78,118.26,126.5,133.21,141.15,148.17,153.05,157.63,160.99,164.49,168.61,171.82,174.87,175.18,178.23,179.6,181.43,181.43,182.04,181.89,180.97,180.21,181.13,180.21,181.59,182.81,185.71,188.15,191.5,197,202.64,207.37,213.48,217.29,221.11,224.92,233.01,240.79,246.74,250.86,254.68,258.64,265.36,269.33,273.29,276.5,279.85,283.52,288.25,292.52,295.72,299.39,302.44,302.44,304.88,306.56,309.31,310.68,312.05,312.66,311.44,311.59,312.2,312.81,312.81,311.59,312.05,310.22,307.78,302.44,298.01,296.33,294.5,291.6,288.71,284.43,279.55,274.82,270.09,264.29,260.17,255.75,251.78,248.88,245.67,243.08,241.1,239.57,238.35,237.28,237.89,236.98,236.82,233.47,230.87,227.82,227.52,226.45,225.23,223.85,222.48,220.34,219.73,218.97,218.36,215.92,214.85,212.71,209.05,204.78,201.73,198.52,195.78,192.42,190.59,187.84,186.77,184.48,183.11,180.52,179.6,177.92,176.24,175.18,174.72,174.72,175.79,175.48,177.77,179.6,181.74,181.43,181.28,181.28,181.43,181.28,180.52,179.14,177.31,174.87,174.57,173.8,174.41,173.8,173.35,172.73,172.73,172.43,171.36,169.53,167.24,165.11,164.19,162.66,161.75,160.07,158.39,154.58,151.68,148.93,144.81,141.76,139.16,137.18,136.57,132.91,129.7,126.96,125.89,123.6,120.4,117.04,114.75,112.16,110.02,107.27,104.37,99.796,96.591,92.776,89.724,86.978,84.078,79.653,75.381,72.329,69.43,66.53,63.021,59.358,56.459,51.576,48.372,42.879,39.064,33.113,28.535,25.025,22.736,20.753,18.769,16.327,12.97,5.7985,-1.5259,-10.224,-19.684,-30.671,-37.69,-43.031,-48.83,-56.154,-62.41,-65.615,-67.446,-69.735,-72.329,-76.449,-80.264,-83.468,-83.773,-86.215,-86.062,-84.689,-83.163,-82.705,-81.179,-81.942,-83.773,-86.673,-87.741,-87.588,-85.604,-85.604,-86.062,-89.877,-91.403,-92.318,-95.065,-97.964,-99.796,-100.86,-100.71,-101.63,-102.24,-103.76,-101.47,-100.86,-100.1,-100.25,-98.27,-95.981,-92.471,-89.724,-87.741,-84.689,-79.501,-73.092,-65.157,-59.816,-53.102,-48.83,-42.421,-37.538,-33.265,-30.519,-25.788,-19.379,-13.276,-4.883,5.3407,13.581,19.532,20.905,23.499,26.856,31.739,32.807,32.655,30.366,28.23,26.704,25.025,24.262,22.736,19.532,18.159,15.259,13.886,12.055,12.207,15.259,16.938,14.801,12.818,10.681,10.529,9.7659,8.8504,5.6459,3.0519,1.8311,1.5259,0.76296,0.91556,-0.91556,-5.1881,-11.139,-15.87,-23.804,-30.519,-37.69,-43.489,-48.219,-52.644,-58.443,-64.394,-68.209,-69.887,-71.413,-70.803,-73.702,-77.822,-82.705,-85.757,-90.03,-95.828,-102.69,-110.63,-120.24,-127.57,-135.96,-144.35,-155.8,-169.68,-183.11,-194.56,-204.63,-216.83,-230.26,-242.32,-255.44,-265.82,-273.9,-280.01,-286.87,-292.67,-300.45,-308.08,-315.71,-319.68,-322.58,-321.05,-322.28,-324.41,-327.46,-327.92,-330.97,-336.92,-344.25,-349.44,-355.24,-361.8,-364.39,-364.09,-367.9,-370.65,-376.6,-379.96,-382.4,-382.85,-382.85,-380.26,-376.75,-373.85,-375.07,-375.23,-379.65,-381.18,-381.33,-378.28,-379.8,-383.16,-389.57,-394.76,-398.27,-399.03,-400.56,-398.27,-394.45,-388.96,-383.62,-376.9,-372.33,-366.07,-363.48,-360.12,-357.07,-351.88,-345.77,-339.98,-335.7,-330.67,-325.02,-318.77,-315.26,-309.46,-305.03,-300,-300.15,-300.91,-300.3,-300,-299.54,-299.39,-301.98,-307.02,-313.27,-315.87,-320.14,-323.04,-326.4,-327.16,-329.14,-330.82,-334.18,-338.76,-344.55,-350.05,-355.69,-358.29,-359.36,-357.22,-353.25,-348.98,-346.54,-342.27,-340.74,-338.6,-336.62,-332.8,-329.29,-326.09,-321.36,-316.78,-310.37,-302.59,-293.89,-283.97,-275.28,-265.97,-257.27,-246.28,-236.37,-224.92,-213.93,-201.42,-189.52,-174.41,-160.53,-145.73,-132.6,-120.09,-107.88,-96.744,-84.994,-73.397,-61.037,-46.846,-33.723,-21.21,-8.8504,4.4252,14.954,26.399,35.401,47.151,56.917,66.53,75.533,85.604,96.896,110.02,122.07,133.37,143.13,155.95,165.72,175.63,182.35,190.59,197.3,205.08,210.73,216.07,220.04,223.4,227.67,231.94,236.52,242.16,246.89,253.46,259.71,267.49,274.36,283.36,290.08,299.84,307.78,315.41,322.28,328.84,335.09,340.74,347,352.95,357.68,363.93,368.36,373.24,375.07,377.97,378.58,379.96,380.57,381.02,380.57,380.57,380.72,380.41,379.96,383.31,384.08,385.6,386.36,389.87,392.77,396.28,399.33,401.32,402.23,402.23,401.93,401.93,402.23,404.52,405.44,407.73,408.19,409.86,410.17,412.15,413.68,414.14,414.59,414.9,414.75,415.2,413.83,412,408.64,406.96,404.83,403.61,400.1,396.74,393.38,389.42,384.84,379.04,372.48,368.36,363.63,360.42,357.37,356.46,352.79,349.89,347.76,344.71,341.2,338.3,336.16,333.11,329.29,327.92,327.46,329.91,331.58,332.8,333.87,335.09,335.55,335.7,336.47,336.62,337.38,337.53,335.86,333.72,331.13,330.67,328.23,324.87,320.29,315.87,312.66,310.53,308.39,307.47,303.81,300.61,297.56,296.03,294.05,292.37,291.3,289.01,286.57,283.97,279.55,274.06,270.09,268.41,266.12,265.97,263.83,262.31,260.63,261.7,261.85,261.7,260.78,258.8,255.44,252.69,249.95,249.03,248.73,249.34,247.96,246.59,244.15,242.93,240.64,238.96,236.21,231.94,226.6,221.87,219.89,216.83,212.87,209.2,203.86,200.2,195.93,191.81,185.4,179.3,171.36,163.88,158.54,153.97,149.54,145.12,139.32,132.6,124.21,117.19,109.71,104.37,97.659,91.403,84.078,76.754,70.193,63.784,57.985,52.95,47.151,41.658,37.385,33.418,28.687,27.009,23.804,19.074,12.97,7.6296,4.2726,2.1363,-1.8311,-7.3244,-14.344,-19.074,-25.178,-28.993,-33.723,-39.521,-43.794,-46.999,-51.729,-59.206,-64.547,-70.04,-77.364,-83.01,-87.588,-89.724,-92.166,-93.844,-96.286,-98.27,-101.47,-103.92,-107.43,-111.85,-116.12,-118.72,-123.45,-128.33,-134.28,-138.71,-142.98,-148.93,-155.03,-161.29,-167.55,-171.67,-173.35,-173.8,-175.94,-179.3,-186.77,-193.33,-198.37,-201.42,-202.34,-203.86,-205.85,-207.83,-210.58,-213.17,-219.12,-223.4,-230.72,-236.21,-243.84,-246.44,-245.83,-244.15,-244.15,-245.83,-246.44,-249.03,-255.9,-263.53,-270.24,-272.23,-274.67,-275.12,-277.87,-279.4,-281.23,-281.38,-278.94,-275.89,-274.97,-271.31,-267.95,-263.07,-258.95,-254.07,-250.4,-243.69,-236.98,-228.43,-223.4,-217.29,-211.04,-205.54,-202.95,-202.19,-203.1,-200.66,-200.51,-198.22,-197,-194.1,-190.59,-185.86,-179.3,-171.06,-164.49,-158.7,-152.9,-146.18,-141,-134.28,-128.18,-121.46,-117.95,-113.99,-110.93,-107.27,-106.05,-106.2,-108.19,-110.32,-113.22,-114.14,-115.36,-113.53,-113.53,-112.31,-112.61,-113.38,-117.65,-122.53,-129.86,-136.11,-140.54,-142.67,-145.73,-146.64,-146.95,-148.63,-152.13,-155.49,-161.44,-165.87,-169.53,-171.82,-173.04,-173.19,-172.58,-171.67,-173.35,-175.48,-178.84,-182.04,-185.4,-182.35,-178.99,-176.4,-173.8,-169.84,-168.92,-169.23,-167.09,-160.07,-152.59,-143.74,-134.89,-123.45,-114.6,-107.43,-104.98,-100.86,-95.828,-91.708,-91.25,-93.997,-98.727,-106.05,-115.21,-121.92,-128.33,-130.01,-129.09,-124.52,-121.62,-119.02,-121.01,-125.74,-129.09,-126.19,-117.5,-107.43,-100.56,-91.098,-84.231,-81.484,-83.468,-83.316,-84.384,-85.299,-85.452,-80.569,-74.618,-63.173,-53.56,-44.862,-41.353,-40.132,-39.521,-35.401,-29.145,-23.347,-21.21,-21.058,-23.499,-27.161,-37.08,-46.846,-55.086,-58.29,-58.748,-56.764,-53.865,-49.44,-47.761,-47.914,-50.356,-54.476,-62.868,-70.345,-77.975,-81.179,-86.062,-87.893,-90.945,-95.676,-100.56,-105.29,-111.7,-115.67,-120.4,-124.52,-129.86,-134.59,-140.54,-145.27,-150.76,-157.63,-164.19,-169.99,-175.33,-178.84,-182.65,-185.25,-190.59,-195.62,-201.57,-204.47,-208.14,-208.59,-207.83,-204.32,-201.42,-197.3,-194.86,-191.96,-190.44,-186.93,-185.25,-180.06,-175.33,-169.53,-165.56,-159.92,-154.27,-147.71,-139.93,-131.69,-123.91,-115.05,-107.88,-99.948,-94.15,-86.367,-79.196,-71.261,-63.631,-56.459,-50.966,-45.473,-38.606,-32.197,-25.941,-17.548,-10.376,-3.2044,1.8311,9.4607,16.48,25.483,32.655,40.437,47.914,56.612,63.784,69.735,76.296,85.147,91.098,97.964,103.31,110.32,115.51,123.75,131.99,140.39,148.63,156.25,162.82,171.67,180.06,189.06,195.78,203.86,211.04,217.6,222.63,227.06,231.48,235.91,239.42,243.54,246.74,250.86,254.07,258.03,259.56,261.09,260.63,261.24,261.54,260.93,260.48,260.17,258.8,256.66,255.44,255.75,255.13,255.9,254.68,253.61,250.56,249.95,250.4,250.71,249.64,247.66,246.13,245.06,242.62,242.93,243.54,244.91,243.54,243.23,240.94,240.79,241.25,241.71,242.62,243.54,242.16,240.64,239.11,236.37,233.01,231.64,228.43,227.82,226.14,225.38,221.41,216.68,210.88,205.54,198.07,191.35,183.72,177.31,171.67,167.7,161.9,157.48,151.68,148.78,144.96,143.44,141,137.49,135.35,133.82,132.45,131.99,131.08,132.6,133.52,136.42,138.4,141.15,144.81,148.01,150,151.22,151.52,150.46,149.54,149.39,146.95,146.34,145.42,147.25,147.4,147.1,145.73,142.83,137.64,131.38,123.91,116.28,108.8,103.46,96.896,91.556,85.91,83.163,80.111,77.364,72.024,67.141,62.716,57.985,52.95,48.677,46.083,43.794,42.268,42.268,41.658,41.658,39.674,41.658,43.641,47.304,52.95,57.527,61.953,66.683,70.65,72.481,73.244,74.618,72.939,69.887,66.378,65.004,64.394,64.089,62.868,60.884,58.29,55.849,53.102,50.508,47.761,46.083,45.015,43.794,41.353,38.606,34.028,30.519,24.415,20.295,15.717,10.987,6.2563,2.1363,-3.357,-7.477,-12.513,-17.09,-22.431,-25.483,-29.298,-31.892,-36.012,-37.843,-38.148,-36.012,-33.418,-29.756,-25.941,-22.279,-21.668,-20.753,-18.006,-13.123,-9.6133,-5.7985,-3.0519,-1.2207,-0.45778,0.91556,2.7467,3.9674,4.2726,4.883,5.0356,3.6622,1.6785,-3.0519,-10.224,-16.48,-23.652,-30.061,-35.401,-39.216,-43.336,-46.541,-51.424,-55.849,-59.053,-62.563,-67.446,-72.787,-79.806,-84.841,-89.419,-91.861,-94.15,-94.76,-94.913,-93.692,-95.37,-97.354,-97.507,-96.133,-96.896,-97.049,-97.354,-93.692,-89.572,-85.91,-83.163,-81.027,-80.264,-78.127,-76.296,-72.939,-69.887,-65.004,-62.716,-61.342,-61.647,-59.053,-57.07,-56.001,-56.154,-56.307,-57.985,-57.222,-56.154,-54.476,-54.018,-51.271,-49.745,-46.999,-43.489,-40.895,-38.301,-35.096,-32.502,-29.603,-27.314,-22.736,-18.464,-16.938,-18.464,-18.769,-19.227,-20.142,-19.99,-17.853,-16.938,-18.159,-21.21,-22.584,-26.399,-30.671,-37.385,-42.573,-47.304,-50.508,-54.476,-58.29,-62.868,-67.751,-72.329,-75.533,-77.517,-78.433,-83.163,-86.367,-90.182,-91.403,-90.64,-87.741,-86.215,-86.52,-90.182,-92.166,-92.624,-89.572,-87.588,-84.231,-84.841,-85.299,-88.961,-93.692,-99.796,-104.53,-108.8,-112.46,-118.56,-123.75,-126.96,-128.18,-129.55,-128.33,-129.7,-132.15,-137.49,-141.76,-149.08,-155.49,-161.9,-164.49,-165.87,-166.17,-166.63,-166.33,-166.94,-166.48,-168.16,-166.17,-165.11,-161.44,-158.09,-155.95,-156.71,-158.54,-158.85,-157.78,-157.48,-154.73,-152.75,-149.85,-150,-150.61,-154.42,-157.78,-161.75,-164.34,-166.33,-164.95,-163.73,-163.12,-166.78,-169.23,-175.48,-180.21,-185.4,-189.37,-195.62,-200.66,-206.15,-211.49,-216.68,-218.51,-220.04,-218.05,-215.77,-211.8,-208.9,-205.08,-203.25,-198.22,-195.62,-192.27,-188.15,-181.43,-174.41,-164.95,-157.32,-149.85,-143.89,-136.88,-128.64,-117.8,-109.71,-104.68,-99.948,-94.455,-91.708,-90.335,-91.25,-91.403,-92.471,-93.081,-94.302,-93.539,-94.76,-96.744,-97.659,-96.744,-95.981,-94.302,-95.828,-95.676,-95.37,-93.539,-94.455,-94.455,-93.997,-94.15,-94.607,-92.776,-89.724,-86.52,-84.536,-81.484,-81.179,-79.653,-79.196,-77.67,-74.16,-69.582,-67.751,-65.92,-64.241,-61.037,-59.969,-55.086,-50.356,-43.184,-39.216,-32.96,-28.993,-23.652,-19.99,-17.853,-19.227,-18.921,-21.21,-24.262,-29.145,-31.434,-33.723,-33.723,-36.164,-38.606,-41.963,-42.726,-47.456,-53.713,-58.138,-57.68,-56.459,-54.323,-58.29,-64.699,-74.77,-84.231,-95.523,-105.9,-112,-116.12,-115.51,-110.32,-103,-94.76,-88.656,-84.994,-85.91,-88.809,-95.676,-101.02,-105.14,-109.26,-109.41,-108.65,-107.73,-105.9,-103.76,-101.47,-98.422,-94.15,-94.76,-96.133,-99.49,-100.1,-97.507,-91.861,-87.13,-83.621,-83.773,-85.757,-88.809,-90.64,-91.861,-92.013,-93.387,-93.997,-95.37,-97.049,-99.49,-105.44,-112.61,-114.9,-111.85,-102.08,-93.539,-87.283,-87.588,-90.335,-94.76,-100.71,-106.51,-111.24,-113.38,-116.89,-118.41,-116.73,-115.05,-112.61,-112.16,-111.55,-111.7,-110.63,-110.02,-108.49,-104.98,-100.41,-96.591,-91.556,-87.741,-82.4,-79.043,-73.092,-66.073,-57.833,-52.187,-47.914,-46.236,-45.778,-46.541,-47.761,-50.661,-52.187,-54.628,-54.781,-55.696,-55.849,-56.764,-58.596,-62.716,-67.446,-71.566,-75.076,-78.127,-80.111,-83.163,-84.994,-85.757,-83.621,-82.247,-80.721,-78.28,-77.517,-76.907,-75.991,-75.686,-74.313,-72.939,-69.735,-67.141,-62.716,-57.985,-53.56,-48.677,-44.71,-41.047,-37.538,-34.028,-29.298,-27.161,-20.295,-14.039,-4.5778,3.8148,11.444,18.159,26.704,35.401,41.963,46.388,53.865,62.41,70.65,76.296,82.095,85.452,88.656,89.724,90.793,94.76,98.575,100.86,104.53,107.43,112,113.83,116.12,116.12,115.97,115.82,116.89,121.31,125.28,128.03,131.53,132.76,135.5,135.81,137.79,141.91,145.88,149.24,153.51,158.24,161.6,164.19,168.16,171.06,173.35,172.73,169.68,163.58,157.32,151.83,147.71,143.89,140.39,133.82,125.58,115.21,108.34,101.63,98.117,93.997,88.046,80.264,72.481,66.53,64.241,62.868,63.478,60.884,59.969,56.612,53.865,51.576,51.271,50.661,50.661,49.593,48.524,48.067,47.914,45.32,43.641,40.132,39.979,41.505,44.099,47.609,51.729,54.781,57.68,60.427,65.004,66.073,66.225,62.41,58.901,55.086,53.713,49.287,44.404,39.979,35.859,31.892,27.161,21.363,17.853,12.665,6.4089,-0.76296,-6.4089,-12.36,-17.243,-19.684,-20.6,-23.804,-27.009,-29.45,-30.671,-34.333,-35.096,-39.064,-42.268,-46.083,-45.625,-45.778,-44.71,-43.031,-41.353,-41.505,-38.301,-38.606,-39.216,-39.979,-36.622,-32.35,-27.009,-22.126,-17.548,-14.954,-14.191,-14.344,-9.3081,-3.9674,2.4415,5.9511,7.7822,6.7141,6.7141,5.3407,3.9674,2.5941,2.4415,1.5259,1.8311,0.91556,-0.30519,-2.2889,0.61037,2.2889,4.5778,5.0356,4.2726,0.45778,-4.12,-9.1556,-13.581,-18.616,-20.905,-23.652,-20.6,-16.785,-13.123,-10.224,-7.1718,-7.7822,-10.529,-15.717,-19.837,-23.804,-25.788,-29.908,-32.044,-34.181,-37.538,-46.388,-55.544,-60.427,-61.342,-63.021,-64.089,-65.157,-66.53,-73.244,-79.043,-84.231,-86.215,-87.13,-86.215,-87.436,-88.961,-89.114,-89.724,-95.37,-98.422,-103.76,-105.29,-107.58,-109.26,-112.16,-112.16,-111.55,-110.17,-110.48,-108.95,-109.56,-107.12,-104.98,-101.78,-100.41,-97.659,-94.607,-91.861,-90.182,-90.487,-92.624,-92.166,-92.624,-91.403,-93.081,-95.065,-98.422,-101.32,-102.69,-104.07,-105.44,-105.29,-102.85,-100.1,-100.56,-101.32,-102.39,-103.31,-105.9,-108.34,-112.31,-114.29,-111.24,-107.88,-105.59,-102.85,-100.71,-97.049,-93.844,-88.809,-84.994,-81.637,-76.601,-69.582,-61.647,-52.644,-45.32,-35.554,-28.687,-21.668,-16.785,-9.1556,-4.4252,-2.5941,-1.6785,0.61037,2.7467,3.8148,2.7467,3.9674,5.0356,8.5452,9.003,11.139,12.36,15.259,16.022,14.801,12.207,10.681,8.6978,7.9348,3.9674,2.7467,1.2207,3.2044,3.357,3.8148,2.1363,-0,-2.5941,-4.4252,-9.1556,-12.207,-15.107,-13.886,-16.022,-16.785,-20.142,-24.11,-30.061,-34.333,-38.759,-41.2,-43.794,-44.862,-46.236,-43.489,-44.71,-45.778,-48.524,-50.356,-53.102,-55.086,-58.596,-61.495,-66.836,-70.956,-79.043,-83.926,-87.588,-88.198,-90.335,-92.929,-99.033,-105.14,-112.46,-116.12,-120.85,-124.21,-128.79,-131.53,-133.06,-133.21,-133.37,-133.37,-134.89,-138.71,-143.28,-144.81,-144.66,-142.06,-142.22,-145.27,-150.61,-156.1,-161.9,-169.53,-177.77,-184.18,-189.52,-191.96,-195.93,-198.07,-200.05,-203.56,-207.83,-212.26,-218.67,-223.24,-230.87,-234.84,-241.71,-248.12,-255.44,-261.85,-267.49,-271.46,-277.11,-281.23,-287.48,-290.08,-293.59,-295.57,-299.39,-304.12,-306.71,-307.02,-309.61,-309.92,-312.81,-314.95,-318,-319.22,-319.53,-318.77,-318.77,-319.83,-322.43,-323.8,-324.41,-321.97,-318.92,-312.66,-308.69,-304.88,-301.52,-298.78,-296.49,-292.06,-289.32,-284.43,-280.01,-271.92,-264.44,-257.12,-249.34,-242.32,-237.28,-231.48,-225.68,-217.9,-212.41,-206.15,-202.03,-196.69,-192.11,-188.91,-186.77,-182.35,-178.53,-172.58,-168.77,-165.87,-163.88,-160.83,-156.87,-152.29,-149.08,-144.66,-142.52,-136.72,-130.92,-125.43,-121.77,-118.41,-117.95,-116.89,-117.04,-114.29,-114.29,-113.99,-114.14,-110.78,-108.95,-106.81,-105.29,-103.46,-101.93,-100.56,-101.32,-99.796,-98.727,-96.438,-96.133,-95.37,-93.692,-90.335,-88.504,-84.994,-84.231,-82.553,-81.79,-79.348,-78.28,-75.381,-71.718,-67.751,-65.31,-60.732,-57.222,-53.102,-51.424,-48.067,-46.236,-44.862,-42.421,-37.996,-32.655,-26.856,-21.668,-16.327,-14.039,-9.7659,-6.2563,-2.8993,-0.15259,2.1363,4.4252,8.6978,13.581,18.921,22.584,27.924,31.739,37.69,40.59,44.099,46.846,50.813,55.544,60.732,66.836,74.16,81.179,88.198,95.523,102.85,109.71,120.09,128.48,137.18,142.06,149.39,153.51,160.07,166.78,175.02,182.35,187.84,193.79,199.13,203.71,208.59,211.95,214.7,216.38,218.67,219.73,221.56,223.55,225.53,227.06,228.43,228.58,228.89,228.89,229.04,227.36,227.36,227.06,228.43,228.28,230.26,231.64,232.09,232.86,235.3,238.96,241.1,242.62,244.3,244.15,243.39,241.25,238.81,234.84,230.72,225.23,219.43,213.48,207.68,200.51,191.2,182.2,176.09,170.9,165.41,153.36,139.47,123.75,113.07,104.83,99.796,92.013,85.147,78.127,74.465,71.566,70.345,68.514,66.378,63.021,58.29,51.729,46.388,38.148,32.807,26.399,20.447,11.75,5.3407,-2.1363,-8.8504,-16.175,-24.72,-34.486,-46.388,-57.68,-69.277,-80.416,-91.708,-105.44,-118.41,-128.18,-134.13,-140.08,-143.89,-147.56,-151.22,-152.9,-152.44,-150.91,-147.4,-140.39,-131.38,-121.62,-110.78,-98.575,-84.384,-71.871,-58.29,-44.862,-28.23,-11.444,5.6459,22.584,38.759,53.255,69.124,86.673,106.2,124.21,143.28,161.14,180.21,195.47,210.58,222.33,239.27,254.52,269.48,283.82,296.03,304.42,310.68,317.24,322.58,324.87,327.31,329.45,332.65,332.96,331.58,328.38,324.72,317.39,310.07,301.83,294.96,285.2,273.45,258.03,243.39,226.75,212.26,195.62,179.3,161.29,144.2,123.91,102.69,80.569,58.596,33.57,9.4607,-15.564,-40.742,-65.615,-89.419,-111.85,-132.91,-153.97,-175.02,-196.84,-217.6,-239.88,-258.03,-276.35,-294.05,-312.51,-328.07,-342.88,-358.59,-373.7,-388.96,-403.76,-416.27,-427.87,-439.16,-448.47,-455.95,-463.73,-470.44,-477,-479.29,-481.58,-482.96,-486.31,-489.06,-491.35,-493.64,-496.54,-497.3,-498.06,-497.6,-496.69,-495.47,-496.38,-495.47,-495.47,-493.33,-493.48,-492.57,-489.97,-487.08,-483.87,-478.84,-474.11,-470.14,-466.17,-462.81,-458.69,-454.42,-450.91,-445.88,-442.37,-436.41,-432.14,-429.4,-428.79,-432.45,-437.48,-441.6,-442.06,-442.21,-439.77,-436.11,-435.04,-435.35,-439.01,-444.5,-451.37,-457.01,-462.97,-465.71,-467.7,-469.99,-472.43,-476.39,-481.43,-490.59,-496.99,-499.44,-503.71,-506,-508.59,-512.56,-517.9,-523.09,-530.41,-537.43,-542.16,-543.84,-545.37,-547.65,-551.01,-553.61,-557.27,-560.93,-564.29,-564.9,-565.05,-561.69,-559.56,-556.35,-554.67,-551.47,-547.96,-544.45,-541.09,-537.89,-533.31,-527.21,-520.8,-513.93,-509.05,-502.79,-496.08,-488.75,-481.28,-475.48,-469.99,-465.56,-462.2,-458.08,-454.88,-451.52,-448.47,-442.67,-437.33,-430.01,-422.99,-415.66,-408.64,-400.1,-391.4,-384.23,-376.75,-368.97,-359.05,-349.89,-338.91,-327.46,-318,-307.02,-298.01,-287.64,-277.26,-267.19,-256.36,-244.91,-233.47,-222.02,-211.04,-199.29,-187.08,-173.8,-162.05,-149.24,-138.1,-124.82,-111.85,-98.575,-86.367,-73.397,-60.274,-47.304,-35.859,-25.483,-15.564,-5.0356,2.5941,11.444,18.769,27.924,36.012,45.32,54.17,63.326,72.481,80.569,88.656,95.828,102.39,110.93,118.26,125.58,130.16,135.96,141.15,146.18,151.52,156.41,160.07,163.73,168.61,173.65,178.99,184.33,188.76,195.17,201.42,208.44,214.7,222.02,227.52,232.86,236.98,241.55,246.89,251.63,256.51,262.46,267.65,273.6,276.96,281.23,282.75,285.5,285.2,285.81,286.72,289.16,292.52,296.18,299.23,302.59,304.57,308.39,312.81,318.61,323.65,328.53,331.89,336.77,340.74,345.01,348.98,352.18,355.24,358.13,362.71,366.99,368.82,370.19,370.65,372.48,373.7,376.6,376.45,376.9,375.53,376.29,377.67,378.73,381.02,384.08,387.59,391.09,393.23,397.35,401.78,408.19,412.61,416.73,418.41,420.7,422.83,426.34,430.77,435.65,440.84,448.62,453.05,457.63,458.54,461.9,464.34,468.76,471.36,473.34,474.56,475.94,477,478.99,480.21,483.26,484.18,485.4,483.26,482.35,480.67,480.67,482.5,485.24,488.14,491.2,491.5,490.74,488.14,489.52,490.74,491.81,490.28,487.53,485.85,483.41,480.36,480.36,476.39,469.83,459.91,447.71,435.5,425.43,419.63,415.97,411.54,406.96,397.66,391.71,386.97,381.48,375.99,371.87,368.21,367.29,365.46,364.39,359.05,353.86,348.06,346.39,344.86,342.88,339.67,336.47,329.29,321.36,314.04,311.14,310.22,312.51,311.75,309.92,307.47,307.02,307.63,310.68,314.04,316.63,317.24,318.46,320.44,324.41,327.01,330.21,330.36,327.01,323.19,318.92,315.26,314.8,314.19,311.44,308.85,309.61,306.56,300.76,290.23,280.92,269.33,257.58,245.06,235.45,224.92,216.68,209.2,202.34,195.47,190.74,184.79,180.52,175.18,171.67,167.09,164.65,163.43,163.58,162.21,158.85,156.87,158.24,156.87,155.03,148.47,142.37,136.11,130.77,124.67,119.33,113.53,108.04,103.92,98.88,98.422,113.99,138.55,169.38,204.17,245.06,281.53,297.25,302.9,311.59,324.26,364.54,429.85,503.25,587.02,665.46,699.64,691.7,672.32,653.86,640.13,632.34,620.14,611.29,599.84,574.21,534.23,491.96,455.95,434.13,421.46,406.96,386.06,365.76,343.49,313.43,281.99,256.66,230.72,197.91,164.49,137.79,113.99,92.013,69.124,52.644,38.911,23.041,1.9837,-18.006,-32.96,-39.369,-39.827,-33.876,-32.197,-32.807,-36.47,-42.421,-55.849,-68.972,-77.822,-81.332,-80.264,-71.261,-57.833,-38.759,-18.616,1.6785,10.987,1.8311,-20.753,-45.778,-63.173,-63.326,-49.135,-24.567,0.15259,16.785,19.379,6.7141,-15.564,-39.521,-59.664,-65.767,-57.375,-43.794,-33.113,-30.519,-37.843,-47.151,-53.865,-61.495,-74.618,-92.318,-110.48,-124.21,-134.74,-146.95,-162.82,-174.26,-181.13,-183.87,-184.03,-178.99,-175.33,-174.26,-176.55,-186.62,-200.96,-213.93,-228.43,-239.88,-251.47,-262.76,-271.92,-278.33,-284.59,-289.32,-290.23,-285.35,-283.67,-283.82,-291.15,-303.2,-318.16,-330.67,-336.16,-331.58,-320.44,-303.96,-290.08,-277.26,-271.31,-274.67,-284.89,-298.17,-312.51,-324.72,-337.38,-346.23,-354.93,-359.81,-365.15,-368.21,-369.43,-369.43,-369.88,-369.88,-371.11,-367.9,-365.31,-359.51,-352.64,-344.4,-336.92,-329.75,-324.11,-318,-312.66,-304.88,-301.22,-294.35,-288.71,-281.08,-271,-259.71,-248.27,-236.67,-226.75,-218.82,-211.49,-204.17,-198.07,-188.91,-180.52,-171.51,-164.49,-158.09,-151.37,-141.76,-132.76,-122.07,-113.83,-103.46,-92.776,-81.942,-70.65,-58.901,-48.372,-35.707,-24.415,-10.071,1.2207,13.428,27.161,40.742,55.086,69.43,81.79,95.523,107.58,121.01,131.53,142.52,152.59,162.66,171.67,181.59,190.44,198.68,206.61,213.32,216.22,220.04,221.87,224.62,229.8,235.15,240.49,246.13,251.47,256.51,260.17,265.05,269.63,276.35,284.59,294.81,305.64,314.65,323.5,333.57,342.42,352.79,360.12,369.88,378.12,388.2,397.35,408.03,419.17,431.07,442.67,452.74,461.44,471.21,477.92,484.94,489.52,494.86,500.05,504.93,509.35,514.54,518.05,521.71,525.68,529.95,533.31,537.74,539.26,541.55,543.99,546.28,548.72,550.86,552.84,554.67,557.12,560.47,562.15,565.51,567.8,569.63,570.39,569.93,570.7,571.15,569.32,569.48,569.17,569.63,567.8,567.19,566.27,566.27,566.42,565.81,563.83,563.37,560.62,558.95,556.2,554.37,552.84,552.08,551.32,550.55,549.49,546.74,542.16,537.89,532.4,529.34,526.6,524,520.65,518.05,516.83,515.61,514.69,515.76,515.46,516.83,516.22,516.68,517.44,517.75,515.92,512.86,510.88,510.12,505.84,501.72,497.45,495.32,493.64,491.04,487.08,481.43,474.26,468.92,464.03,459.91,455.64,452.89,448.32,444.96,441.45,437.79,434.58,432.45,429.55,424.67,420.55,416.58,411.08,406.2,399.49,393.38,387.89,382.55,377.82,372.78,370.04,368.82,367.75,366.22,361.49,357.52,353.1,350.05,347.76,345.62,344.4,342.88,341.81,339.98,336.47,333.41,325.79,319.68,314.8,310.68,304.42,295.11,285.04,273.6,263.22,255.13,247.35,243.08,237.89,233.77,226.75,221.11,216.38,210.27,203.71,196.23,187.99,182.2,176.4,172.12,167.24,163.12,157.63,152.9,146.79,139.77,130.01,118.41,107.88,98.422,89.572,82.4,75.533,70.345,64.394,58.596,50.966,45.625,40.742,36.927,33.265,27.772,21.821,18.006,15.87,16.633,17.396,15.107,9.003,2.8993,-4.12,-10.681,-17.396,-24.262,-30.671,-37.843,-43.336,-47.304,-52.034,-55.849,-64.394,-71.261,-78.585,-84.994,-92.166,-97.507,-100.56,-104.83,-108.19,-110.17,-113.68,-116.73,-120.4,-123.75,-128.94,-130.31,-132.76,-136.72,-141.76,-145.57,-149.24,-153.51,-158.24,-162.82,-166.48,-168.16,-168.61,-167.85,-168,-164.65,-162.66,-160.07,-159.31,-157.48,-156.71,-154.88,-155.19,-156.56,-158.09,-158.39,-160.37,-164.65,-168.16,-168.77,-170.14,-170.29,-171.21,-171.82,-175.94,-177.77,-177.47,-176.09,-173.8,-170.9,-167.55,-166.17,-166.33,-166.02,-168.31,-168.16,-169.84,-169.07,-169.84,-172.43,-175.02,-176.55,-176.85,-177.01,-178.38,-180.21,-181.43,-181.43,-182.35,-182.81,-184.48,-184.64,-184.64,-184.79,-185.86,-188.3,-190.74,-194.1,-197.15,-199.44,-203.56,-206.61,-209.97,-212.1,-216.22,-216.99,-216.99,-215.92,-216.22,-216.38,-217.6,-218.67,-220.34,-224.31,-227.97,-232.55,-236.67,-239.42,-242.62,-244.45,-246.44,-245.83,-245.52,-244,-243.08,-242.16,-242.47,-242.01,-240.64,-237.89,-237.89,-237.59,-237.59,-235.6,-234.38,-233.92,-237.28,-238.96,-238.96,-237.13,-236.82,-235.6,-232.25,-227.21,-224.77,-223.24,-220.8,-217.14,-215.77,-213.17,-211.65,-209.81,-211.65,-213.32,-216.07,-219.28,-224.16,-227.52,-231.64,-236.06,-240.94,-242.16,-243.23,-242.77,-243.23,-241.71,-241.86,-240.64,-237.89,-229.96,-224.01,-218.67,-213.78,-208.44,-205.24,-202.8,-202.49,-198.98,-197.91,-197.45,-197.45,-195.62,-196.84,-197.45,-199.44,-201.88,-204.02,-205.08,-206.31,-207.37,-207.98,-207.98,-209.51,-212.1,-217.14,-220.34,-223.7,-224.92,-227.52,-228.28,-228.74,-226.45,-226.29,-223.4,-220.65,-216.22,-215.16,-215.46,-219.89,-224.16,-227.52,-229.35,-231.18,-232.25,-233.77,-231.94,-229.19,-223.85,-220.19,-215.31,-211.04,-204.47,-198.22,-192.11,-187.08,-180.67,-174.72,-166.94,-159.61,-150.46,-142.98,-137.18,-132.15,-119.33,-105.59,-91.098,-80.416,-73.397,-68.514,-65.92,-70.345,-81.027,-92.166,-98.727,-104.07,-110.48,-118.11,-121.92,-127.26,-132.6,-139.01,-143.74,-149.69,-154.73,-161.29,-169.53,-179.6,-188.76,-196.54,-202.03,-207.53,-211.19,-216.38,-222.48,-229.65,-229.5,-227.82,-221.41,-213.63,-202.03,-192.88,-184.64,-180.21,-176.7,-177.62,-178.99,-178.99,-177.16,-176.24,-174.11,-173.65,-169.84,-171.21,-172.58,-175.63,-175.94,-178.38,-180.06,-182.96,-184.94,-186.16,-185.86,-186.01,-186.32,-188.76,-191.81,-196.23,-198.37,-202.19,-203.41,-205.39,-207.37,-212.1,-218.36,-225.07,-228.74,-227.97,-221.87,-214.09,-205.24,-197.15,-188.6,-182.2,-173.96,-169.23,-164.49,-161.6,-158.24,-157.48,-156.1,-155.64,-155.95,-158.24,-160.68,-163.88,-165.11,-166.78,-164.04,-162.97,-160.22,-161.44,-159.15,-157.93,-153.97,-150.76,-145.88,-142.37,-137.64,-134.74,-132.6,-134.89,-134.89,-132.91,-127.26,-125.74,-124.36,-124.97,-121.62,-117.04,-110.63,-105.44,-100.86,-97.812,-95.981,-95.37,-91.556,-91.556,-91.25,-94.302,-95.523,-99.796,-103,-107.73,-111.24,-116.73,-119.94,-120.7,-119.63,-120.7,-121.92,-123.45,-120.7,-114.6,-105.75,-98.27,-90.03,-82.095,-73.092,-68.056,-65.615,-66.378,-63.631,-58.29,-50.05,-45.32,-42.726,-43.336,-43.794,-43.184,-41.505,-41.963,-38.759,-35.096,-28.687,-21.058,-14.954,-9.003,-4.5778,-3.5096,-5.4933,-6.5615,-7.3244,-9.003,-5.7985,-1.5259,0.15259,-1.2207,1.9837,7.1718,13.733,20.295,24.873,27.772,32.807,37.69,42.573,47.304,52.797,54.323,59.206,64.394,71.718,78.433,83.163,84.994,85.147,84.231,84.994,85.147,87.741,90.03,95.065,98.117,101.78,104.07,104.98,106.51,108.49,108.49,111.24,113.53,119.33,126.5,134.59,138.1,139.01,139.01,140.39,139.77,137.03,132.3,125.58,116.28,110.17,104.07,101.47,97.354,92.013,82.858,73.855,65.31,56.917,49.135,43.489,41.505,43.336,43.947,43.641,39.369,35.707,29.145,23.194,15.717,10.834,5.7985,1.0681,-2.1363,-4.4252,-10.071,-14.344,-21.363,-27.161,-35.249,-43.184,-51.881,-59.664,-68.361,-76.754,-82.705,-86.673,-92.013,-97.201,-103,-107.73,-113.22,-118.56,-123.75,-128.64,-135.35,-142.22,-150,-158.7,-168.31,-177.47,-186.01,-190.89,-196.08,-199.29,-203.86,-205.39,-207.98,-208.29,-209.36,-211.04,-213.78,-215.16,-216.07,-213.78,-210.27,-206,-203.25,-199.9,-197.91,-195.78,-196.69,-195.93,-195.17,-192.57,-191.5,-188.76,-184.94,-181.28,-179.3,-175.48,-170.75,-164.65,-160.53,-156.1,-155.64,-153.66,-151.52,-150.3,-148.93,-146.18,-144.66,-143.74,-143.13,-141.91,-140.84,-137.64,-136.72,-133.82,-132.91,-130.62,-130.62,-127.72,-125.13,-122.68,-121.77,-119.48,-118.11,-115.82,-112.61,-107.73,-105.59,-100.41,-94.76,-86.825,-80.264,-71.718,-63.326,-52.187,-40.284,-28.84,-18.921,-7.477,1.9837,15.107,25.636,37.996,47.609,58.29,66.225,75.533,82.4,90.64,99.185,108.49,117.8,127.41,136.72,144.81,150.91,158.09,162.97,169.68,173.5,176.7,179.3,183.26,187.99,191.5,191.2,192.72,193.79,194.1,192.57,192.11,188.6,186.77,182.96,181.89,179.14,177.92,175.79,173.8,170.29,168,166.33,163.27,160.83,161.14,160.53,162.36,163.73,165.87,164.34,162.97,160.83,159.46,157.93,157.63,156.56,156.41,158.24,162.51,165.11,168.31,168.46,170.6,171.06,173.04,172.58,173.04,175.33,176.24,175.94,175.94,176.09,175.33,174.57,174.87,173.8,171.06,167.09,165.41,163.58,162.05,160.22,159.46,157.02,154.58,151.98,147.1,141.76,137.03,131.38,128.48,124.67,123.45,122.99,123.6,124.06,125.74,127.87,130.01,130.16,128.18,125.58,124.67,121.46,124.36,125.58,127.26,125.89,122.68,117.04,111.24,106.97,101.78,97.049,93.387,86.673,78.585,70.04,65.157,59.816,54.323,48.067,45.93,41.353,34.791,29.603,27.619,28.077,32.044,38.759,46.388,51.881,54.933,54.323,55.696,56.307,57.985,59.053,59.053,58.443,57.527,54.17,48.982,43.031,41.658,38.148,38.148,37.08,38.759,41.81,46.693,50.661,54.17,54.628,53.102,49.44,47.914,48.677,53.407,56.154,58.443,57.375,53.713,45.625,44.404,49.287,57.833,64.547,70.803,77.212,81.79,82.858,85.147,86.673,88.198,88.504,88.961,89.114,91.556,93.997,97.507,100.71,103.61,107.43,110.32,109.41,107.88,106.66,108.65,109.26,109.71,106.66,101.93,95.676,89.572,86.215,84.994,87.588,92.166,97.354,103.76,107.43,109.56,107.12,103.46,95.676,87.588,81.484,77.822,72.481,65.462,61.037,60.579,57.985,56.764,57.222,59.816,57.985,56.001,52.95,53.56,53.713,54.933,57.07,61.037,63.173,64.241,66.683,68.819,68.972,69.887,69.735,72.024,70.803,69.582,68.056,67.904,67.293,66.225,66.073,65.157,61.495,57.833,53.255,52.339,52.644,56.307,57.527,59.206,57.527,56.307,55.238,57.68,59.053,59.664,59.053,56.764,52.644,49.287,44.862,42.421,38.606,35.554,30.366,27.467,24.262,23.041,21.058,19.99,15.87,10.681,6.5615,1.9837,-1.0681,-2.4415,-7.6296,-13.733,-19.227,-20.905,-22.431,-18.616,-15.412,-12.055,-11.75,-9.9185,-10.224,-9.1556,-9.003,-7.6296,-8.24,-7.1718,-3.6622,0.30519,0.15259,-1.3733,-6.1037,-9.3081,-13.733,-16.938,-19.532,-19.684,-23.957,-31.129,-41.505,-50.05,-54.933,-56.459,-56.764,-56.764,-59.816,-65.004,-70.193,-74.007,-79.196,-83.01,-87.436,-90.182,-93.844,-94.455,-95.676,-101.47,-108.8,-113.99,-119.02,-121.77,-122.84,-122.38,-123.6,-123.14,-123.29,-120.85,-118.72,-115.82,-115.21,-112.31,-108.65,-104.83,-101.02,-95.828,-92.471,-87.893,-84.689,-80.111,-76.296,-70.956,-67.293,-62.41,-58.596,-54.17,-50.203,-47.914,-47.914,-46.541,-44.71,-43.947,-43.184,-43.947,-47.304,-48.677,-51.576,-50.813,-50.356,-49.135,-49.898,-48.219,-46.999,-44.557,-43.184,-42.879,-45.473,-47.761,-48.372,-48.219,-48.982,-46.236,-45.625,-43.336,-43.794,-43.794,-44.404,-43.489,-45.015,-44.099,-40.895,-35.401,-32.655,-32.35,-32.655,-31.587,-32.807,-32.502,-31.434,-26.856,-24.262,-21.363,-19.379,-17.09,-16.785,-18.006,-19.379,-19.074,-18.311,-16.175,-12.818,-9.003,-5.9511,-3.6622,-2.5941,1.6785,4.2726,7.7822,8.24,8.3926,9.003,11.444,15.412,20.6,25.483,30.824,36.164,42.421,45.015,46.541,45.778,48.677,51.118,52.644,50.661,47.914,44.862,41.81,38.453,35.859,36.927,41.2,46.388,51.118,54.933,59.206,61.953,65.767,66.988,69.582,70.956,74.77,78.28,83.468,88.504,96.438,102.85,107.58,108.95,111.7,111.39,109.41,104.83,101.63,96.591,92.318,86.367,83.01,81.484,81.179,82.553,84.689,85.604,87.13,86.673,85.604,81.79,82.247,83.468,87.13,88.046,88.809,88.046,86.367,82.247,76.754,71.413,66.53,58.29,50.05,40.895,33.876,26.093,20.295,14.344,12.36,8.6978,6.2563,3.8148,1.0681,-3.6622,-6.8667,-11.139,-14.191,-14.496,-11.902,-7.6296,-3.6622,-3.9674,-2.8993,-3.6622,-3.0519,-3.9674,-1.8311,0.76296,3.9674,6.1037,7.3244,6.7141,4.4252,2.5941,1.8311,-1.3733,-3.9674,-7.9348,-9.6133,-13.581,-15.564,-14.954,-15.87,-19.684,-24.72,-32.96,-39.827,-49.898,-54.933,-58.901,-60.579,-61.495,-59.816,-59.358,-56.612,-54.933,-51.881,-50.05,-45.167,-41.81,-39.674,-39.827,-35.249,-31.739,-26.551,-24.262,-21.363,-21.21,-18.159,-15.412,-10.224,-5.1881,-0.30519,1.8311,2.7467,3.8148,7.3244,9.6133,10.071,7.9348,6.4089,4.5778,6.1037,6.5615,9.1556,11.292,13.276,15.564,17.09,16.327,16.785,16.022,16.48,16.48,18.921,20.6,23.804,25.33,28.687,31.587,33.57,32.197,29.756,29.145,29.45,29.298,32.96,37.233,45.778,52.339,59.664,63.784,66.988,68.819,69.582,69.887,69.887,70.193,69.735,68.514,68.667,67.904,68.514,65.31,63.326,59.969,59.358,60.427,61.8,63.021,65.157,68.209,70.956,71.413,70.04,65.31,60.274,53.865,52.034,49.287,49.593,50.203,52.644,54.323,55.849,56.307,55.696,53.255,51.118,49.593,48.982,47.609,47.304,47.456,50.05,52.95,56.612,57.375,57.527,56.764,54.476,52.187,51.118,49.135,48.219,46.693,46.083,41.658,39.369,36.164,33.418,29.756,28.077,26.551,25.788,25.483,25.788,27.467,28.993,32.197,34.791,35.554,38.301,40.284,40.895,37.233,32.96,28.382,24.72,23.499,21.973,17.09,11.902,5.7985,3.8148,2.5941,2.2889,-1.2207,-2.8993,-5.3407,-8.3926,-10.834,-12.36,-14.191,-14.649,-13.276,-11.75,-12.055,-13.581,-16.633,-17.853,-19.837,-21.973,-26.246,-29.145,-29.298,-31.434,-34.486,-36.47,-36.47,-34.791,-33.57,-33.113,-33.876,-33.113,-34.944,-35.249,-33.876,-29.603,-29.145,-28.23,-28.687,-29.756,-28.535,-25.941,-22.126,-18.464,-16.938,-15.412,-17.09,-17.701,-18.006,-15.564,-15.564,-16.022,-17.243,-18.311,-19.837,-21.973,-25.025,-26.551,-27.924,-28.535,-33.265,-35.707,-39.827,-42.879,-46.846,-50.508,-54.476,-57.222,-59.511,-60.579,-62.105,-65.615,-70.193,-72.787,-76.754,-78.89,-81.027,-78.585,-77.517,-74.923,-74.313,-72.481,-69.277,-65.31,-63.021,-62.258,-63.326,-65.004,-66.073,-64.241,-63.326,-61.647,-62.868,-62.563,-64.241,-65.31,-67.751,-70.956,-75.991,-79.196,-83.01,-84.536,-87.893,-90.945,-95.523,-96.896,-98.88,-97.659,-97.354,-95.981,-95.218,-95.218,-95.676,-95.218,-94.455,-93.081,-92.166,-90.03,-89.114,-87.13,-85.147,-79.348,-73.397,-62.563,-53.56,-45.32,-42.879,-43.794,-48.219,-51.271,-55.391,-57.222,-58.596,-54.628,-49.135,-40.59,-35.554,-31.129,-28.077,-26.246,-22.889,-18.616,-16.022,-13.123,-8.24,-2.5941,1.9837,6.7141,10.376,16.327,19.532,22.584,23.499,24.567,23.804,22.431,20.142,17.853,13.276,10.071,7.7822,10.071,10.834,12.665,12.97,12.513,12.818,13.123,14.344,14.496,17.243,22.431,26.399,30.976,32.96,37.08,41.353,46.083,47.151,47.761,48.067,47.304,44.557,40.742,36.775,34.181,29.145,25.178,20.142,16.48,10.681,5.4933,3.2044,2.2889,2.5941,3.6622,3.5096,3.5096,3.2044,3.5096,0.61037,1.2207,0.15259,-0.91556,-5.9511,-9.6133,-13.123,-15.564,-17.396,-18.616,-18.769,-17.09,-18.769,-18.616,-20.447,-21.058,-25.025,-28.535,-30.671,-28.993,-26.551,-25.178,-23.194,-20.6,-17.243,-12.97,-9.7659,-6.4089,-5.4933,-2.4415,-1.6785,-0.91556,-1.8311,-1.5259,-1.8311,-4.5778,-8.8504,-11.75,-13.733,-15.717,-19.379,-22.584,-28.993,-31.281,-33.418,-34.944,-35.859,-34.028,-30.824,-26.093,-21.516,-19.074,-20.295,-22.584,-26.704,-28.993,-31.739,-32.96,-36.012,-35.859,-36.927,-36.012,-34.639,-33.265,-32.96,-32.655,-32.044,-31.587,-31.129,-28.382,-27.924,-24.567,-22.126,-18.464,-14.649,-9.3081,-4.5778,1.0681,7.1718,15.107,22.279,29.756,34.791,40.132,41.353,42.573,40.59,39.216,39.064,38.453,35.554,32.044,28.687,24.567,19.684,16.022,10.834,6.5615,2.8993,2.5941,0.45778,-1.8311,-4.883,-6.8667,-9.4607,-12.665,-18.769,-25.636,-31.892,-34.944,-39.827,-40.742,-43.336,-43.184,-43.336,-41.505,-41.047,-39.369,-36.622,-33.265,-30.213,-27.314,-25.025,-21.821,-19.379,-17.09,-17.09,-14.039,-12.97,-10.681,-11.597,-10.834,-9.003,-7.1718,-7.477,-9.7659,-14.649,-18.311,-21.516,-25.178,-29.908,-34.333,-41.81,-45.167,-48.219,-48.83,-50.356,-52.492,-55.849,-59.206,-60.274,-58.901,-57.68,-55.238,-52.034,-48.219,-45.93,-42.726,-42.421,-38.453,-36.775,-31.739,-30.061,-26.704,-23.347,-19.227,-14.801,-9.4607,-3.6622,1.5259,4.4252,8.5452,10.529,14.801,18.769,24.11,26.551,27.924,30.213,31.434,30.519,28.23,23.652,20.905,16.022,13.581,10.071,10.071,10.071,10.224,8.3926,5.6459,-0.61037,-6.5615,-11.75,-14.496,-19.227,-23.347,-30.976,-39.369,-51.576,-62.258,-72.176,-74.923,-74.465,-72.787,-74.007,-77.059,-79.958,-82.247,-84.078,-81.484,-78.127,-74.16,-74.16,-72.634,-70.345,-68.972,-70.803,-72.939,-73.702,-72.634,-72.024,-72.634,-75.381,-77.364,-80.416,-81.484,-82.553,-81.179,-81.332,-81.484,-82.247,-82.553,-83.926,-86.825,-90.182,-93.387,-95.981,-97.812,-99.033,-97.201,-94.76,-90.487,-88.046,-85.604,-85.299,-84.536,-84.078,-83.621,-83.468,-83.926,-84.841,-85.757,-86.52,-86.825,-88.504,-88.351,-90.487,-91.708,-93.539,-91.708,-90.182,-88.504,-89.877,-90.03,-89.724,-89.572,-89.267,-88.046,-86.673,-80.416,-76.296,-70.345,-64.699,-57.833,-52.797,-46.999,-41.2,-33.723,-27.314,-23.347,-19.532,-15.564,-9.3081,-1.0681,7.0193,16.633,24.873,35.096,43.947,52.187,55.696,59.816,62.563,62.41,60.427,59.969,59.664,60.884,61.8,63.631,63.326,63.784,61.19,59.664,57.68,57.833,55.849,54.933,54.323,56.001,55.391,54.018,52.95,55.544,57.833,60.274,62.105,66.53,66.836,67.904,67.904,68.209,65.157,63.173,60.884,56.307,51.576,48.83,45.778,43.947,41.505,41.963,39.674,38.453,37.538,40.437,42.268,44.404,46.083,49.135,51.424,51.729,50.966,52.034,52.95,57.222,63.021,70.65,77.212,83.468,88.504,92.929,94.607,96.591,97.964,100.25,102.54,104.83,105.29,107.27,108.95,110.32,108.65,108.19,107.43,107.88,108.8,109.87,110.02,109.26,106.05,100.71,94.302,88.351,81.79,77.364,72.634,69.277,63.326,58.29,53.713,50.966,50.356,49.898,48.83,48.067,46.693,48.067,48.83,53.865,58.138,65.157,72.176,79.501,84.078,87.741,89.877,92.776,96.438,99.796,102.39,104.83,105.29,104.83,100.86,98.117,94.15,91.25,88.198,85.757,81.484,77.364,73.397,71.108,66.683,63.478,58.596,55.696,51.881,48.219,44.557,40.895,36.317,35.401,36.317,39.216,39.521,37.538,32.35,28.84,26.093,27.467,27.619,31.281,33.113,34.639,35.554,36.164,35.554,37.233,37.538,36.317,34.791,31.739,27.467,26.856,27.467,30.671,32.044,34.944,36.47,37.233,37.69,37.385,36.47,36.164,36.47,36.622,34.486,33.876,31.739,33.876,32.35,30.976,27.009,25.33,22.584,23.041,21.363,17.09,13.428,13.123,12.818,12.055,10.376,7.9348,3.0519,-0.61037,-4.12,-3.0519,-1.2207,1.3733,2.8993,4.7304,4.883,4.4252,3.6622,5.0356,5.4933,5.7985,3.2044,2.1363,0.76296,3.357,5.4933,11.292,16.022,21.058,24.873,28.23,29.603,30.671,31.587,32.807,32.35,31.739,27.924,26.551,24.262,23.652,22.126,23.804,25.025,25.941,24.415,19.837,12.055,6.1037,0.61037,-1.3733,-7.0193,-11.597,-19.074,-25.483,-33.265,-37.538,-43.184,-47.761,-51.576,-51.118,-51.576,-52.187,-52.492,-54.018,-58.901,-62.41,-66.073,-65.92,-67.141,-65.767,-62.868,-57.985,-55.391,-51.118,-48.372,-48.372,-46.999,-44.862,-44.404,-42.573,-43.184,-44.557,-46.541,-46.541,-49.287,-51.118,-53.713,-59.053,-65.004,-70.193,-74.465,-76.754,-78.433,-81.484,-84.384,-84.841,-84.841,-83.621,-81.179,-76.754,-74.618,-72.176,-71.108,-73.855,-79.196,-83.468,-85.604,-86.825,-88.809,-89.267,-90.182,-89.114,-90.487,-93.997,-97.354,-99.033,-99.796,-100.86,-104.53,-109.1,-111.39,-111.85,-110.63,-109.41,-109.41,-107.27,-105.75,-104.68,-106.36,-109.41,-112.31,-115.05,-119.63,-123.6,-127.26,-133.21,-138.86,-142.98,-150.61,-155.19,-159.15,-160.22,-164.65,-168.46,-172.73,-175.48,-176.7,-175.63,-176.24,-175.48,-176.7,-178.99,-182.81,-183.57,-184.18,-179.6,-174.26,-169.23,-166.02,-161.14,-155.64,-147.4,-138.55,-130.01,-121.16,-111.39,-102.39,-91.25,-83.773,-76.754,-73.244,-69.277,-67.904,-64.547,-64.394,-62.563,-60.427,-58.138,-56.612,-54.17,-51.576,-46.999,-44.404,-40.742,-41.2,-41.658,-43.641,-44.099,-45.778,-41.963,-36.164,-30.213,-26.704,-21.973,-16.938,-9.6133,-1.9837,7.6296,13.733,18.921,22.736,26.856,30.061,33.876,36.775,39.216,41.505,43.947,46.693,48.83,50.356,50.356,50.661,50.966,49.287,49.287,48.372,49.593,48.219,47.456,45.015,43.489,43.031,44.71,43.947,43.031,40.742,36.47,30.671,27.009,21.973,19.227,17.09,16.022,12.665,12.207,10.987,8.6978,5.1881,3.9674,3.2044,0.91556,-4.5778,-7.9348,-11.139,-14.649,-18.921,-21.821,-23.804,-24.72,-27.619,-26.856,-25.178,-23.804,-20.905,-18.616,-16.938,-16.175,-18.159,-19.99,-20.905,-18.769,-17.09,-13.428,-14.344,-15.107,-17.396,-19.684,-20.753,-19.074,-17.243,-16.785,-17.548,-15.717,-14.191,-12.818,-15.107,-16.175,-17.701,-15.107,-10.681,-5.4933,-2.1363,-0.15259,0.91556,1.5259,1.0681,0.30519,-2.4415,-2.7467,-5.3407,-5.6459,-4.5778,-4.883,-9.7659,-16.175,-21.363,-25.178,-28.535,-29.603,-29.908,-30.824,-32.807,-34.639,-37.538,-37.69,-35.859,-32.96,-30.366,-25.941,-20.295,-15.412,-10.376,-7.9348,-7.0193,-5.7985,-4.12,-3.2044,-5.7985,-7.9348,-9.3081,-5.1881,-4.2726,-4.7304,-5.7985,-7.1718,-7.3244,-7.0193,-7.9348,-7.3244,-7.3244,-7.477,-9.3081,-9.003,-9.003,-5.0356,1.6785,9.7659,18.616,25.788,31.434,36.317,37.996,38.911,39.369,41.353,44.862,50.356,53.713,59.206,62.868,69.887,73.397,78.127,78.89,78.738,77.975,78.127,78.89,81.179,83.01,88.046,92.013,97.049,99.643,102.54,103.15,103.15,103.31,105.9,109.56,113.83,115.67,117.04,117.19,117.19,114.6,113.07,110.93,109.1,104.37,101.17,97.812,97.049,96.286,95.981,96.286,96.286,96.286,97.354,97.507,96.744,91.861,90.182,86.062,84.078,82.095,83.468,86.978,95.065,102.24,107.88,112,113.99,110.48,104.98,97.964,91.861,83.163,76.449,70.498,68.209,64.089,61.037,58.748,56.459,50.356,43.489,37.08,33.113,31.739,31.587,30.061,31.129,30.213,29.603,26.399,24.567,19.837,14.954,8.6978,3.8148,-1.6785,-2.8993,-1.2207,2.4415,3.8148,5.7985,6.4089,7.1718,5.3407,7.0193,10.376,15.259,19.379,25.178,31.129,37.538,43.641,49.44,53.865,59.206,63.021,66.683,68.361,71.871,73.397,76.907,76.754,78.28,78.28,77.517,76.907,76.907,75.533,69.582,61.495,56.307,53.102,52.797,50.813,48.677,43.184,38.148,31.892,29.908,26.856,23.194,20.142,19.99,18.921,20.142,21.668,22.736,21.363,21.821,20.753,19.379,15.107,12.055,11.444,13.733,14.344,14.039,13.886,14.191,14.191,13.886,12.207,12.055,10.376,9.7659,4.7304,-0.45778,-7.1718,-10.681,-15.259,-18.006,-19.379,-21.973,-27.772,-35.401,-41.963,-46.541,-50.356,-51.424,-52.187,-52.339,-53.56,-56.001,-59.358,-63.173,-67.904,-72.481,-79.653,-83.316,-87.13,-87.436,-89.267,-87.588,-82.705,-75.076,-68.667,-65.004,-63.478,-60.884,-53.865,-44.099,-36.317,-28.23,-23.957,-21.973,-21.821,-20.6,-18.159,-17.396,-17.243,-18.006,-21.058,-25.941,-30.976,-35.554,-43.031,-46.999,-52.187,-57.985,-65.92,-71.718,-77.67,-83.621,-90.182,-93.692,-97.659,-100.71,-104.68,-106.2,-109.1,-111.09,-117.5,-122.68,-127.11,-127.72,-128.48,-129.09,-130.47,-130.01,-130.92,-128.64,-128.79,-127.87,-129.25,-128.48,-128.18,-124.97,-121.31,-115.21,-109.56,-102.24,-95.523,-86.673,-78.433,-69.277,-62.716,-57.985,-57.222,-54.17,-53.407,-52.339,-53.255,-54.018,-54.018,-53.255,-53.56,-52.95,-55.849,-58.29,-62.41,-63.631,-65.767,-67.446,-68.361,-69.735,-74.007,-76.907,-81.027,-84.384,-89.877,-92.776,-97.049,-98.727,-99.796,-100.86,-105.29,-110.17,-117.04,-122.38,-126.35,-125.89,-125.89,-123.91,-122.68,-118.26,-113.53,-109.1,-103.76,-96.438,-89.572,-83.316,-78.433,-72.787,-68.972,-63.478,-60.732,-56.154,-54.781,-51.729,-49.44,-47.609,-48.677,-49.287,-48.83,-45.473,-44.557,-41.2,-40.742,-38.453,-36.164,-32.197,-28.382,-22.431,-16.48,-11.75,-8.0874,-3.2044,-0.61037,2.5941,4.2726,7.477,11.597,18.006,21.821,23.041,22.279,21.21,21.363,22.279,23.194,27.924,29.145,30.824,30.213,30.519,28.382,26.856,25.025,24.415,23.957,23.804,24.415,26.399,28.535,31.129,30.366,30.671,29.603,29.603,29.298,29.145,28.993,28.993,31.281,34.639,35.096,36.012,35.859,37.08,37.08,37.69,37.538,39.674,40.132,42.421,45.32,48.524,52.187,58.138,63.478,71.413,77.364,86.673,93.387,99.796,104.98,112.16,119.79,127.11,134.13,142.52,150.76,158.09,164.49,171.36,176.09,182.04,187.08,193.33,197.45,202.95,209.51,217.9,225.84,233.31,242.01,248.27,253.3,259.56,265.05,270.7,274.51,280.47,285.2,292.83,298.93,304.57,310.07,314.19,318.46,322.89,327.46,332.04,334.48,337.23,337.38,338.6,338.45,340.43,341.96,344.4,348.52,352.49,355.39,358.44,361.64,363.63,366.37,369.58,372.63,376.9,379.5,382.7,383.62,385.14,384.69,384.99,387.13,390.33,393.69,397.2,400.71,404.83,407.42,410.63,411.39,414.44,416.12,419.48,421.61,423.14,424.67,425.89,427.56,427.87,427.72,428.02,427.87,428.17,429.24,429.85,429.09,429.4,428.79,428.48,427.11,425.28,422.99,420.7,418.71,417.8,416.12,415.81,413.98,412.31,409.41,408.95,406.35,403.3,399.33,395.83,389.87,384.53,379.65,374.61,369.12,362.71,356.15,350.05,343.94,338.76,332.19,326.85,320.44,315.41,309.92,304.27,298.32,293.13,287.33,281.23,272.07,262.15,251.32,242.16,231.79,222.02,211.04,202.95,194.71,185.71,179.75,173.96,168.31,162.21,156.1,149.85,143.44,138.71,133.06,128.79,123.45,119.48,113.53,109.71,105.29,101.47,97.049,91.708,88.656,86.367,82.553,79.806,74.313,70.345,66.988,63.021,58.443,54.628,50.356,47.304,44.557,39.216,32.35,25.178,17.853,13.428,7.6296,2.4415,-4.4252,-9.4607,-15.107,-18.159,-19.532,-20.6,-23.041,-25.636,-26.856,-26.246,-25.025,-21.821,-20.295,-17.701,-17.09,-16.48,-17.548,-16.633,-16.938,-18.921,-22.279,-25.025,-27.314,-28.382,-30.061,-29.603,-28.993,-28.84,-34.181,-37.538,-42.268,-45.32,-48.524,-51.424,-56.459,-60.732,-63.631,-65.767,-68.209,-68.819,-68.972,-69.124,-70.803,-72.939,-77.822,-79.806,-83.163,-86.215,-90.64,-95.37,-102.69,-111.09,-117.8,-122.07,-126.8,-133.37,-140.08,-143.28,-146.49,-147.1,-148.01,-148.01,-150.3,-151.52,-153.97,-158.24,-164.65,-172.43,-178.84,-184.48,-190.59,-195.32,-201.88,-206,-209.51,-212.1,-216.99,-222.94,-228.13,-231.18,-235.15,-240.03,-244.61,-250.86,-257.73,-262.92,-267.04,-268.87,-271.61,-274.97,-281.99,-285.81,-286.87,-286.26,-286.72,-290.08,-298.32,-305.03,-311.9,-315.41,-319.53,-319.53,-320.44,-319.38,-321.05,-322.58,-323.5,-323.8,-323.19,-323.8,-325.48,-326.7,-326.85,-325.79,-326.85,-327.46,-329.29,-329.45,-329.91,-330.21,-331.58,-332.96,-334.94,-332.8,-329.45,-325.17,-323.95,-321.82,-322.73,-322.12,-319.53,-313.88,-310.98,-306.86,-303.2,-300.91,-297.1,-291.76,-285.96,-280.92,-276.5,-271.61,-266.88,-261.09,-255.13,-247.2,-238.04,-229.04,-219.73,-209.97,-200.81,-193.18,-185.71,-177.62,-170.14,-161.9,-156.1,-150.3,-147.71,-143.59,-140.84,-137.33,-134.89,-132.3,-130.77,-128.94,-127.41,-123.6,-121.31,-116.89,-113.38,-109.1,-107.88,-105.44,-104.22,-100.25,-95.981,-91.098,-87.13,-83.621,-82.553,-78.738,-75.381,-71.108,-68.056,-65.92,-64.089,-61.037,-60.121,-60.427,-61.953,-61.342,-59.511,-55.849,-52.339,-48.372,-48.219,-46.388,-45.32,-43.947,-45.473,-45.167,-44.252,-41.963,-37.385,-29.603,-22.279,-14.954,-10.224,-5.4933,-2.8993,0.30519,0.15259,0.15259,-1.5259,-1.3733,-0,0.45778,-0.30519,-2.2889,-3.2044,-1.5259,2.1363,7.3244,11.139,15.259,17.701,23.652,28.23,31.587,33.113,35.859,37.996,40.284,41.963,43.947,42.573,41.81,40.59,40.437,39.369,40.437,44.252,49.44,54.018,58.901,62.41,62.868,60.274,55.696,51.576,52.492,53.255,56.154,58.596,62.868,66.225,66.225,63.478,61.495,61.19,59.816,58.138,57.985,57.68,59.664,58.596,58.596,58.596,60.121,59.664,58.901,58.901,58.596,57.222,54.933,52.797,51.424,46.236,39.979,32.044,25.788,16.938,7.3244,-3.0519,-11.75,-17.853,-21.973,-26.551,-32.655,-38.606,-43.794,-48.982,-53.102,-61.8,-69.582,-76.601,-80.416,-84.384,-86.52,-87.588,-87.741,-89.114,-91.403,-95.37,-97.507,-100.41,-100.25,-100.1,-98.117,-97.049,-93.234,-92.013,-90.945,-89.267,-87.741,-85.604,-82.705,-81.942,-80.569,-77.822,-74.77,-75.991,-78.28,-82.4,-83.621,-84.841,-85.91,-86.673,-87.893,-90.03,-90.945,-91.403,-89.724,-91.403,-91.861,-93.387,-91.708,-91.708,-92.318,-93.997,-92.776,-91.708,-89.877,-89.267,-87.436,-85.757,-83.621,-84.078,-84.841,-88.046,-91.556,-95.523,-98.88,-102.08,-105.75,-110.48,-115.82,-123.45,-128.18,-133.82,-135.5,-141.76,-146.95,-152.13,-158.39,-166.02,-171.06,-174.57,-174.11,-170.45,-164.34,-160.53,-154.42,-151.07,-146.64,-140.84,-133.21,-128.18,-122.23,-113.83,-107.12,-102.08,-95.37,-90.945,-84.231,-78.28,-70.04,-63.936,-56.612,-48.83,-39.064,-28.687,-18.616,-9.3081,0.61037,9.4607,20.142,29.603,40.895,50.356,59.206,66.683,74.77,83.316,92.471,101.32,109.56,115.36,120.09,123.14,126.5,126.04,126.19,125.43,123.75,121.01,116.28,110.32,104.98,99.948,97.812,94.913,92.624,89.877,89.419,89.724,91.403,91.708,89.877,87.588,86.825,88.046,88.351,89.724,95.523,101.63,108.04,112.46,118.56,122.99,127.41,134.43,142.67,149.24,156.1,158.85,160.37,159.76,160.37,159,158.39,154.88,153.66,151.37,148.32,146.34,144.81,144.2,143.44,142.37,141.61,137.49,132.91,126.35,122.23,119.79,117.5,112.92,107.43,101.32,94.455,87.283,80.874,72.787,66.378,58.748,53.56,45.778,38.606,31.587,24.262,13.733,4.12,-2.2889,-5.9511,-9.6133,-11.292,-12.818,-10.834,-8.8504,-5.3407,-1.8311,0.45778,1.2207,-0,-3.2044,-6.5615,-8.0874,-7.6296,-8.24,-8.6978,-10.834,-11.139,-12.207,-12.36,-10.987,-9.3081,-10.224,-12.36,-15.717,-16.938,-18.616,-18.769,-21.973,-23.194,-24.72,-25.33,-28.23,-31.129,-34.791,-39.674,-42.726,-42.726,-43.184,-41.81,-40.284,-37.08,-35.707,-32.655,-29.145,-25.941,-23.652,-22.889,-24.567,-27.161,-30.976,-29.908,-30.519,-29.298,-27.161,-23.957,-20.447,-14.496,-7.3244,-0.45778,6.5615,12.207,16.022,20.905,24.415,28.077,30.061,33.876,37.843,41.505,44.557,47.914,50.05,51.729,52.187,53.713,54.628,57.07,57.833,60.579,62.105,65.462,68.514,70.345,72.634,75.838,79.043,81.637,82.095,82.858,84.384,88.046,89.572,93.234,96.133,99.185,102.39,104.22,106.05,108.8,111.7,117.19,120.09,123.91,125.89,130.01,132.3,136.27,139.01,141.76,144.05,144.81,146.49,149.54,151.37,153.2,153.51,153.66,151.98,152.44,152.29,153.97,156.1,157.78,160.68,162.82,163.88,166.33,166.33,166.48,166.17,168,168.92,170.9,172.43,174.87,174.87,175.02,173.35,171.36,168.46,168.31,168.92,170.6,171.06,173.35,174.57,173.65,172.73,170.9,168.16,164.65,159,155.49,150.15,144.96,137.79,133.37,128.33,123.6,120.09,119.02,116.58,111.39,106.36,103.61,101.02,103.31,103,101.78,97.964,94.913,92.318,91.708,90.945,89.114,87.741,89.724,88.656,88.198,87.283,88.504,86.673,86.367,85.91,86.062,83.926,81.942,80.721,79.653,79.043,80.416,79.348,78.738,75.686,73.702,70.345,68.667,68.209,66.378,65.615,63.936,60.427,56.917,50.661,45.167,38.911,33.57,25.941,19.227,13.276,7.7822,2.7467,-3.357,-8.24,-12.513,-17.243,-21.058,-25.941,-28.535,-30.061,-29.908,-31.129,-30.061,-27.924,-25.025,-21.363,-18.311,-16.327,-12.207,-8.8504,-6.4089,-6.8667,-6.1037,-7.9348,-9.003,-12.207,-15.107,-18.006,-19.99,-21.973,-23.347,-28.84,-34.791,-42.879,-50.966,-61.19,-71.413,-83.468,-96.133,-106.81,-116.73,-128.18,-137.64,-148.47,-157.32,-167.24,-175.02,-182.65,-188.76,-195.32,-200.05,-203.1,-206.61,-210.27,-211.19,-210.73,-209.81,-210.58,-209.2,-207.37,-202.19,-195.78,-190.44,-186.47,-181.43,-176.55,-171.67,-168.61,-162.05,-156.71,-150.3,-147.56,-144.81,-141.61,-141.15,-141.76,-140.39,-140.23,-139.16,-137.49,-135.2,-136.88,-137.33,-137.49,-136.72,-137.94,-138.55,-138.71,-140.08,-142.52,-145.57,-148.78,-150.76,-157.48,-162.36,-166.48,-167.24,-167.85,-165.87,-163.58,-162.51,-163.43,-164.04,-166.17,-166.78,-165.41,-161.75,-159.61,-154.27,-150.46,-144.96,-141.45,-138.86,-133.82,-127.26,-121.62,-116.12,-111.55,-107.43,-106.51,-105.14,-102.24,-95.981,-91.556,-86.367,-84.689,-83.468,-87.588,-90.945,-92.929,-94.15,-96.133,-97.964,-101.63,-106.97,-111.55,-113.38,-113.83,-112,-111.55,-113.38,-118.26,-119.02,-120.4,-120.7,-120.85,-121.01,-119.63,-118.26,-117.8,-116.43,-114.29,-112.92,-113.07,-111.39,-109.1,-104.68,-102.69,-100.56,-101.47,-101.93,-103.15,-103.31,-103.46,-103.15,-101.47,-97.812,-96.133,-94.455,-92.318,-87.893,-86.978,-85.147,-85.91,-85.452,-86.978,-87.893,-89.419,-90.335,-94.302,-98.422,-102.24,-104.68,-108.8,-111.85,-118.72,-124.06,-130.47,-135.04,-140.54,-142.98,-144.96,-146.95,-148.63,-149.85,-152.13,-153.36,-156.41,-158.39,-161.29,-162.36,-163.27,-162.97,-164.65,-167.39,-170.45,-173.35,-175.48,-178.53,-181.13,-182.81,-185.55,-187.54,-190.13,-191.05,-191.5,-189.98,-188.91,-186.47,-187.54,-188.45,-189.21,-189.98,-188.91,-187.69,-187.08,-184.33,-181.89,-177.47,-174.87,-170.6,-167.85,-164.65,-161.75,-157.93,-153.81,-150.15,-146.03,-143.13,-141.3,-138.1,-136.72,-135.2,-133.67,-131.23,-127.72,-124.06,-118.72,-115.21,-112.92,-109.56,-106.51,-103.92,-102.39,-99.643,-98.27,-95.523,-93.234,-89.572,-86.825,-84.536,-83.163,-80.874,-77.212,-73.855,-70.04,-64.241,-59.969,-54.018,-49.287,-43.336,-39.064,-34.944,-29.603,-24.567,-19.684,-14.039,-7.477,-1.9837,1.9837,8.24,12.513,17.853,22.584,29.45,35.707,42.879,49.135,57.07,64.394,70.803,76.144,81.332,86.215,91.708,95.981,101.78,106.51,110.93,113.38,116.58,118.56,121.16,123.6,126.04,127.87,130.01,130.77,131.69,131.53,132.6,132.76,135.35,137.79,141.91,145.12,148.32,151.68,155.95,160.37,164.8,168.77,172.28,175.33,179.6,182.65,187.54,190.74,196.08,200.2,204.02,206.46,208.59,211.95,214.7,214.85,214.85,212.87,214.09,213.02,211.49,208.9,208.59,207.53,206,203.86,202.19,200.66,198.68,195.62,193.18,189.67,186.62,180.97,175.33,167.39,160.68,153.66,148.17,142.22,135.81,129.55,123.14,117.5,111.39,103.92,98.727,92.166,86.673,80.264,73.702,66.53,59.664,52.797,46.236,40.59,35.401,29.603,26.551,21.668,18.921,14.649,11.75,7.0193,2.4415,-2.2889,-6.7141,-11.75,-16.022,-20.447,-23.194,-27.009,-30.671,-35.554,-38.911,-42.421,-45.015,-49.135,-52.95,-57.833,-61.495,-66.225,-68.667,-73.855,-76.296,-81.179,-84.231,-88.809,-92.318,-97.812,-103,-108.65,-112.46,-117.95,-120.4,-125.28,-127.87,-132.3,-135.35,-139.47,-142.83,-146.64,-149.85,-153.66,-157.32,-159.76,-162.36,-166.63,-168.77,-172.12,-175.48,-179.91,-182.35,-184.79,-186.62,-188.76,-189.52,-191.35,-191.96,-193.79,-193.79,-195.78,-196.39,-198.37,-198.52,-199.59,-197.15,-196.39,-194.4,-192.72,-191.05,-190.13,-189.21,-188.45,-187.08,-185.86,-180.97,-177.62,-171.67,-167.7,-162.05,-158.54,-154.12,-150.46,-146.95,-144.51,-140.84,-138.1,-134.13,-131.99,-128.48,-125.28,-120.7,-117.34,-111.85,-108.95,-104.83,-101.02,-95.37,-90.03,-84.384,-78.89,-72.176,-65.92,-57.985,-51.729,-42.879,-36.164,-27.619,-21.821,-15.107,-8.3926,-0.61037,5.7985,13.581,22.736,32.044,41.963,51.576,59.358,66.073,71.261,77.212,80.721,87.893,92.624,98.422,103.15,107.88,113.68,120.7,128.03,134.74,137.03,138.71,139.77,146.18,152.59,159.92,164.04,167.24,167.85,169.53,168.31,167.55,166.33,164.65,164.34,162.51,159.92,157.02,151.68,149.54,144.2,138.55,130.47,122.38,111.85,101.32,87.588,74.618,58.748,41.963,24.415,5.7985,-13.428,-31.434,-51.271,-64.699,-76.907,-84.536,-92.166,-99.796,-110.63,-118.87,-126.65,-130.77,-133.67,-137.18,-140.69,-143.28,-143.74,-137.64,-130.47,-121.77,-116.12,-107.88,-103.31,-93.539,-80.111,-62.41,-45.473,-29.298,-14.191,0.61037,16.022,31.434,44.71,59.664,72.024,86.367,97.812,107.43,113.68,121.92,128.64,133.82,139.01,143.13,146.03,148.17,147.71,146.49,142.83,141.15,137.64,133.52,128.18,122.23,116.12,109.56,101.47,93.539,87.436,82.705,77.212,74.313,68.209,63.631,57.375,53.255,48.524,46.083,44.71,44.099,43.184,41.505,41.353,43.336,46.541,50.356,50.05,45.015,33.57,22.889,11.444,1.3733,-13.733,-26.399,-36.47,-47.609,-60.732,-73.55,-89.572,-108.65,-126.5,-142.37,-159.46,-172.12,-186.93,-201.42,-215.92,-229.96,-247.35,-263.53,-277.26,-290.08,-303.35,-312.97,-323.34,-341.65,-363.17,-381.63,-397.5,-413.98,-432.45,-449.08,-467.7,-485.24,-502.64,-516.53,-529.5,-542.31,-556.35,-570.39,-583.67,-595.11,-606.1,-616.02,-623.8,-630.05,-635.4,-638.45,-642.11,-646.99,-652.03,-655.08,-659.96,-664.08,-666.22,-668.36,-670.03,-674.76,-678.88,-682.09,-683.46,-682.55,-681.78,-681.17,-684.53,-689.72,-697.5,-706.35,-714.59,-722.83,-730.46,-736.56,-739.31,-741.6,-745.11,-751.52,-759.45,-767.39,-775.93,-784.94,-795.62,-803.7,-811.79,-819.57,-825.37,-828.58,-833,-838.19,-842.62,-845.36,-848.11,-851.31,-854.82,-857.42,-860.01,-860.93,-863.06,-863.67,-863.52,-861.84,-858.79,-855.74,-853.6,-850.25,-844.9,-839.87,-834.22,-827.05,-819.73,-811.64,-804.01,-794.85,-785.85,-773.34,-761.28,-748.31,-734.58,-721,-707.42,-693.84,-680.26,-666.98,-653.25,-637.84,-623.49,-608.54,-594.5,-580.77,-568.25,-554.67,-541.86,-529.65,-516.98,-503.71,-491.04,-478.23,-465.87,-454.27,-443.13,-430.77,-419.78,-408.34,-399.33,-389.42,-380.26,-370.8,-361.34,-352.95,-344.4,-336.16,-327.92,-320.29,-312.51,-303.05,-294.35,-285.2,-277.87,-269.02,-261.09,-252.08,-242.47,-233.16,-223.4,-214.39,-205.39,-196.39,-187.08,-177.31,-169.99,-160.68,-151.07,-140.39,-132.3,-124.36,-116.89,-109.87,-102.39,-94.302,-86.062,-78.738,-72.787,-64.394,-57.68,-50.661,-45.473,-37.843,-30.824,-23.957,-15.259,-6.7141,2.2889,12.665,24.415,37.08,48.982,60.121,69.43,80.569,91.861,104.22,116.73,127.26,134.74,140.08,146.03,153.81,160.22,168.46,174.41,180.67,184.64,188.6,193.18,197.15,201.27,205.54,208.75,212.56,214.39,216.83,218.67,220.65,221.11,223.85,226.45,230.11,231.79,233.62,235.15,236.98,239.11,241.1,242.32,244,245.06,247.2,248.12,250.86,252.85,255.44,257.88,261.85,264.44,267.49,271.77,276.8,281.23,284.43,286.87,290.23,292.37,295.88,297.71,302.13,305.34,308.39,311.75,315.26,318.61,321.51,324.56,327.31,329.75,333.87,335.86,339.06,340.59,343.79,345.47,347.61,350.05,351.88,352.49,354.17,356.15,357.52,359.36,363.02,365.15,368.82,371.72,375.68,377.82,380.72,383.01,387.89,392.62,398.57,404.83,412.31,418.41,424.97,429.55,435.96,442.21,450,454.88,460.98,465.87,472.43,477.77,481.73,484.63,489.06,491.81,495.16,496.84,502.18,506.3,513.63,518.97,523.85,525.38,526.75,529.5,532.24,533.77,536.52,537.43,539.57,540.64,543.84,547.2,551.01,553.61,554.98,556.51,556.66,553.61,552.08,550.55,551.77,553.45,557.88,560.17,561.85,562.76,562.76,562.61,563.07,562.76,563.22,561.08,557.57,548.11,536.97,527.66,518.81,508.74,497.6,485.4,472.12,458.69,447.71,437.33,429.4,420.7,410.78,400.56,390.94,380.57,372.63,366.53,360.58,352.95,347.3,343.03,341.65,340.74,342.88,343.49,343.03,342.42,343.18,342.72,341.5,338.15,334.64,331.13,326.7,322.43,319.53,315.1,312.97,309.76,309.92,309.76,313.27,316.48,318,316.63,314.65,310.53,309.46,309.92,308.24,301.52,295.27,291.3,289.77,287.94,286.42,286.26,289.32,291.3,294.96,294.5,295.11,295.27,295.72,296.33,297.1,298.01,297.4,294.66,292.37,288.09,287.79,288.86,292.06,296.33,301.83,306.25,310.53,313.43,317.85,322.12,325.63,329.29,334.64,337.84,342.57,345.77,347.45,345.47,345.16,345.01,346.08,346.54,346.08,345.77,342.11,335.09,326.09,317.24,314.04,309.15,300.61,286.57,275.73,262.92,250.4,237.59,222.94,207.22,189.98,171.36,152.9,134.89,118.72,103.76,89.114,70.345,52.339,31.587,10.376,-13.428,-33.723,-53.407,-70.803,-88.961,-105.29,-122.68,-139.77,-158.54,-175.02,-190.59,-200.05,-208.59,-216.07,-228.89,-241.71,-255.59,-267.65,-278.33,-287.33,-295.57,-302.13,-309.92,-317.55,-325.17,-331.28,-339.67,-346.08,-351.42,-355.08,-360.27,-366.53,-374,-381.02,-389.11,-398.72,-408.49,-416.58,-420.7,-423.29,-425.12,-424.97,-428.33,-428.94,-428.17,-426.19,-428.33,-431.68,-433.21,-434.58,-438.09,-440.69,-443.28,-446.79,-448.01,-446.33,-445.27,-443.89,-442.67,-439.31,-439.01,-440.84,-445.72,-449.23,-450.15,-452.59,-455.95,-462.05,-468.92,-473.49,-477.92,-476.85,-473.65,-471.82,-470.9,-468.46,-468.61,-470.44,-472.27,-474.26,-473.19,-473.65,-473.04,-471.21,-467.24,-458.54,-447.86,-433.67,-421.77,-410.78,-401.93,-394.15,-388.96,-386.82,-384.99,-384.38,-381.48,-375.38,-368.36,-359.66,-350.35,-339.98,-332.19,-322.43,-312.05,-301.07,-290.69,-283.36,-277.41,-270.7,-263.37,-257.88,-256.66,-256.05,-255.29,-250.56,-245.83,-237.28,-227.97,-217.6,-212.1,-209.66,-208.29,-209.81,-213.02,-218.21,-223.09,-224.01,-223.4,-218.05,-211.95,-206.92,-204.78,-200.81,-195.62,-185.25,-173.8,-162.36,-153.05,-148.32,-146.18,-146.95,-148.32,-145.73,-142.98,-137.79,-133.21,-125.58,-119.48,-115.36,-111.7,-103.15,-89.114,-69.582,-44.404,-23.041,-9.003,-2.7467,-0.61037,1.6785,4.4252,13.581,30.519,51.729,68.361,79.196,89.419,99.338,106.81,114.75,122.23,131.38,142.52,159.46,172.12,181.13,187.08,190.74,191.96,188.91,181.59,176.55,175.33,181.28,185.71,186.77,182.96,178.08,174.11,174.11,170.29,165.56,159.31,151.98,142.52,135.2,125.13,114.75,105.59,98.422,88.504,81.332,73.244,68.514,63.631,60.274,56.612,55.086,52.492,49.745,43.641,38.148,30.061,23.041,14.649,8.24,2.7467,-2.2889,-6.7141,-7.0193,-6.8667,-6.8667,-8.8504,-9.1556,-10.529,-9.9185,-10.376,-8.8504,-7.3244,-4.12,0.30519,5.4933,12.36,18.616,24.11,30.366,37.996,46.846,53.56,62.716,71.871,82.553,90.945,102.39,113.53,125.43,136.72,147.1,157.48,166.33,174.26,184.79,196.69,206.46,217.44,229.19,240.64,253.91,264.9,276.19,283.67,292.21,298.62,305.19,312.81,323.04,333.87,345.32,353.71,362.41,369.43,375.07,378.89,384.23,389.42,396.59,402.84,411.08,416.43,421,423.75,427.87,431.68,435.65,437.18,439.77,440.69,441.91,443.13,444.81,445.88,449.69,451.37,454.57,457.17,460.68,461.13,462.05,460.52,457.93,454.57,451.37,448.62,447.71,447.86,450.15,449.23,449.08,446.49,445.42,442.37,443.28,444.04,444.81,445.42,447.1,447.86,447.55,446.64,446.33,443.89,441.15,438.7,438.25,436.87,436.87,438.09,440.84,441.15,442.37,442.98,443.13,443.74,444.65,445.11,444.04,443.59,444.5,442.37,440.84,437.94,435.65,432.6,431.38,430.01,430.16,430.01,428.94,428.63,426.95,424.21,422.38,419.78,417.65,414.44,412.61,409.25,406.51,403.45,403,400.4,397.66,396.28,395.37,395.37,395.67,394.6,394.3,393.69,395.06,395.67,397.5,398.88,400.86,401.32,401.93,401.47,401.62,401.78,401.17,400.71,401.62,402.84,403.3,403.15,403.61,401.93,399.64,396.28,396.13,395.52,395.67,395.52,395.83,394.76,393.84,393.23,390.79,389.26,388.81,386.21,383.77,378.73,375.53,370.95,369.58,367.29,366.07,365.61,364.54,364.09,364.09,364.09,363.93,363.17,362.87,360.27,359.36,355.85,353.1,348.52,345.62,342.72,342.27,342.72,341.2,339.06,337.23,334.33,330.36,326.4,322.73,317.24,311.59,304.88,300.15,295.27,292.21,289.01,283.36,276.96,270.09,262,254.07,245.98,236.52,227.06,219.89,212.26,204.32,198.68,194.4,188.6,183.87,178.23,170.45,161.75,153.05,144.35,137.49,130.01,124.21,116.73,110.32,104.83,100.56,94.913,89.724,84.384,78.89,75.381,73.092,71.413,67.751,64.394,62.258,59.053,56.154,52.339,50.05,45.473,39.674,34.944,30.824,27.772,25.483,23.652,22.126,19.99,19.532,16.327,14.344,9.9185,6.7141,1.2207,-3.5096,-9.003,-15.717,-23.347,-30.976,-38.911,-46.388,-55.696,-62.868,-72.024,-80.569,-91.25,-102.39,-115.67,-128.64,-142.52,-154.12,-160.99,-167.55,-176.24,-184.64,-189.98,-191.05,-193.64,-195.93,-195.78,-193.03,-190.28,-189.06,-186.62,-181.59,-177.16,-170.9,-168,-166.78,-167.7,-166.17,-165.87,-166.33,-165.72,-166.63,-170.9,-173.96,-175.94,-177.77,-180.82,-182.81,-184.48,-184.94,-185.86,-184.18,-183.11,-182.5,-182.65,-182.04,-182.35,-180.82,-182.35,-182.04,-182.5,-182.35,-184.33,-186.93,-191.66,-198.07,-206.31,-212.41,-218.51,-225.84,-235.3,-242.77,-249.49,-253.3,-258.8,-264.75,-277.57,-290.38,-302.74,-311.14,-320.44,-325.94,-325.94,-322.58,-317.55,-307.78,-295.27,-279.7,-261.09,-240.03,-231.94,-222.48,-204.47,-181.59,-160.07,-141.15,-131.08,-131.84,-137.64,-139.47,-136.72,-126.5,-115.97,-102.24,-89.419,-78.585,-74.618,-72.329,-68.514,-62.716,-56.764,-55.238,-57.375,-59.664,-65.767,-73.244,-80.111,-82.247,-82.4,-78.433,-71.871,-67.141,-65.92,-68.819,-76.296,-86.673,-99.796,-112.46,-123.14,-130.01,-139.01,-147.4,-157.02,-167.24,-176.55,-183.42,-184.64,-183.87,-186.32,-187.99,-191.05,-194.71,-200.96,-205.69,-211.95,-215.16,-218.82,-223.24,-230.11,-236.82,-244,-249.03,-254.07,-257.27,-262.46,-266.27,-271.61,-273.14,-277.57,-278.79,-281.69,-285.35,-291.45,-297.4,-303.96,-308.08,-313.58,-320.29,-329.75,-336.62,-345.62,-352.95,-361.03,-367.44,-375.53,-382.24,-388.04,-393.38,-398.88,-403.61,-408.49,-410.32,-415.51,-420.39,-425.58,-427.56,-431.07,-431.38,-433.67,-436.72,-439.16,-441.3,-443.59,-446.33,-449.39,-450.45,-451.52,-450.15,-449.39,-447.55,-447.25,-444.96,-442.52,-438.7,-433.82,-430.16,-427.11,-424.36,-421.46,-418.41,-415.36,-410.47,-406.05,-399.79,-394.3,-388.35,-383.31,-376.29,-369.73,-362.87,-354.93,-346.23,-337.38,-329.14,-320.75,-311.75,-301.68,-290.23,-279.4,-266.27,-254.07,-241.86,-230.57,-219.12,-207.98,-196.84,-186.16,-175.48,-164.34,-153.97,-142.98,-132.3,-122.53,-110.78,-100.86,-91.098,-84.078,-76.144,-70.345,-63.326,-57.222,-51.576,-47.761,-45.015,-41.963,-38.453,-35.707,-32.502,-30.976,-27.314,-25.941,-22.889,-21.21,-18.921,-16.785,-14.801,-13.276,-10.224,-9.003,-8.3926,-8.3926,-5.4933,-4.2726,-0.30519,0.91556,2.8993,2.8993,5.1881,5.6459,6.7141,7.9348,9.3081,9.1556,10.071,10.987,13.581,13.428,14.496,13.886,15.412,15.87,18.311,19.532,21.973,23.652,25.483,25.941,29.45,30.366,33.265,34.791,37.538,39.064,41.963,45.015,48.067,50.813,53.713,56.612,59.358,62.41,66.378,68.972,72.939,74.77,77.67,79.043,81.79,84.689,87.893,90.335,93.234,93.234,95.218,94.76,95.981,95.523,97.201,97.812,99.948,101.17,102.08,104.22,106.97,109.56,113.07,113.99,116.89,117.34,120.09,121.31,123.91,126.35,128.94,131.69,134.89,136.11,138.86,139.16,141.91,142.98,144.35,146.18,148.47,150.3,152.29,152.59,152.29,151.37,151.68,151.68,153.66,153.51,152.59,151.52,150,149.54,150,149.39,148.78,148.78,150.61,151.22,152.75,151.98,152.29,151.07,151.52,152.44,153.97,155.19,158.39,160.53,162.21,162.66,164.04,163.58,165.11,165.56,166.02,165.72,165.26,166.02,167.85,171.06,174.87,176.24,177.47,177.16,178.08,179.3,182.65,186.62,190.13,191.66,192.57,192.72,193.95,195.17,198.68,200.96,204.02,206.61,210.43,214.39,218.36,221.56,223.85,227.82,230.87,233.62,235.76,236.06,237.89,237.13,238.2,238.5,239.57,237.74,234.99,232.25,229.65,226.14,222.63,217.6,211.95,205.54,199.13,192.27,185.55,178.08,172.89,164.95,156.1,148.47,142.37,135.81,129.86,123.6,117.5,111.55,109.1,104.22,100.1,93.692,89.877,83.773,79.501,74.16,70.345,69.582,70.65,72.787,74.313,75.533,77.517,81.484,86.215,88.961,92.166,94.455,96.744,99.948,107.27,114.6,122.53,129.09,136.57,144.05,151.37,158.09,165.87,173.04,182.96,190.28,197.61,204.47,210.12,216.53,222.94,229.04,234.23,237.89,243.23,249.34,254.83,258.34,263.37,268.11,271.31,271.77,270.85,266.88,262.92,259.71,258.95,259.1,260.78,259.56,258.49,258.34,259.1,258.64,255.29,250.71,245.52,241.25,240.64,237.43,235.91,231.64,227.82,224.16,220.19,214.85,207.83,200.66,194.56,189.06,179.75,167.7,157.17,147.1,139.93,131.69,125.43,118.41,112.31,107.12,101.17,96.438,94.15,91.403,90.335,88.046,83.01,72.787,64.699,58.138,52.339,43.947,33.876,20.295,4.4252,-14.801,-35.859,-54.933,-68.361,-79.196,-90.64,-102.85,-112.61,-124.06,-132.15,-140.23,-145.73,-153.81,-157.63,-162.97,-165.56,-169.38,-175.79,-183.42,-190.59,-195.62,-199.13,-202.64,-204.47,-209.36,-211.34,-215.46,-216.83,-218.67,-216.53,-218.97,-221.11,-224.46,-228.43,-234.53,-239.11,-242.77,-244.45,-243.69,-242.77,-244.15,-241.55,-241.25,-241.1,-241.4,-240.79,-242.62,-242.62,-243.84,-247.2,-250.1,-251.47,-253.46,-256.81,-262.46,-267.19,-272.38,-275.12,-280.31,-282.3,-282.75,-280.31,-278.02,-276.04,-278.33,-280.62,-281.23,-281.84,-281.53,-283.06,-285.35,-285.35,-284.43,-281.99,-278.63,-274.06,-271,-268.11,-268.26,-266.58,-265.97,-264.6,-262.46,-259.71,-256.51,-255.44,-255.29,-254.83,-253.15,-250.25,-248.88,-248.88,-251.01,-252.85,-255.9,-256.51,-257.12,-254.83,-252.54,-251.63,-252.54,-252.39,-250.71,-247.05,-243.69,-240.94,-238.81,-235.15,-232.86,-228.58,-222.94,-218.21,-216.53,-215,-213.93,-210.58,-204.47,-197.61,-191.81,-185.55,-181.43,-179.45,-177.77,-175.02,-172.12,-166.63,-162.97,-156.87,-152.29,-147.56,-143.44,-137.49,-133.21,-127.57,-121.46,-115.36,-109.26,-103.31,-98.117,-95.37,-94.76,-92.471,-88.961,-83.01,-80.264,-75.533,-72.481,-67.904,-63.173,-57.375,-52.95,-49.898,-48.524,-46.083,-47.304,-49.593,-53.255,-55.086,-57.222,-59.664,-65.004,-67.598,-71.108,-72.481,-72.481,-72.176,-71.871,-69.735,-69.735,-68.209,-65.004,-62.716,-63.784,-61.8,-60.121,-58.901,-59.206,-56.307,-57.68,-59.664,-61.8,-63.936,-65.615,-64.394,-62.41,-57.68,-54.018,-48.067,-44.404,-37.843,-30.519,-20.753,-13.886,-9.003,-4.12,0.76296,4.2726,6.7141,8.6978,12.055,15.87,20.753,23.652,28.382,32.96,40.132,46.693,54.323,62.716,69.887,75.686,82.247,87.283,92.318,94.76,99.033,103,110.32,115.97,123.14,128.79,135.04,139.77,145.27,149.24,151.37,150.46,149.08,145.27,142.52,138.55,137.33,134.89,133.67,131.08,130.47,128.64,124.82,121.16,118.72,113.83,108.8,100.25,93.692,89.114,86.825,80.569,73.855,64.089,57.375,52.644,47.761,41.047,35.707,30.366,25.483,19.379,12.36,7.3244,4.883,2.4415,1.3733,0.91556,0.61037,-3.357,-6.2563,-7.3244,-8.5452,-9.7659,-10.529,-10.071,-7.477,-2.2889,0.76296,2.5941,4.4252,6.1037,11.139,14.801,18.159,19.837,22.126,25.178,29.298,35.096,43.641,52.644,63.326,70.04,73.702,73.244,74.923,73.702,76.296,78.738,86.367,91.556,95.523,98.117,101.32,104.53,106.51,105.14,102.39,95.065,88.351,81.942,79.348,76.601,74.465,69.582,65.31,61.8,60.732,59.358,57.985,59.053,63.631,69.735,75.533,79.653,86.062,88.809,93.692,95.523,96.438,95.523,91.25,84.689,80.111,76.907,75.381,72.939,72.329,73.397,75.076,74.618,73.55,70.345,66.53,62.41,58.901,53.713,46.999,41.353,39.827,39.216,39.979,41.047,47.456,50.966,54.628,53.56,51.729,48.067,48.677,49.287,45.778,34.028,22.889,20.142,33.113,55.391,85.147,115.21,147.4,171.06,180.52,176.24,168.61,164.34,162.82,173.96,201.27,225.53,243.39,256.2,251.63,221.26,182.2,148.17,136.42,149.24,180.52,210.27,229.8,225.84,197.45,160.07,128.03,114.75,116.58,127.26,142.67,151.22,150.46,133.37,103.31,66.073,34.333,8.6978,-8.24,-18.616,-22.889,-22.889,-24.567,-30.976,-42.268,-61.953,-84.536,-106.05,-122.99,-136.11,-135.81,-127.26,-118.72,-117.65,-121.01,-129.09,-142.67,-161.75,-181.89,-202.8,-219.28,-227.82,-229.19,-225.23,-214.24,-204.17,-193.95,-192.27,-192.42,-198.52,-211.8,-229.5,-245.83,-255.75,-255.75,-249.18,-238.96,-231.64,-224.31,-217.6,-215.16,-222.17,-230.87,-241.1,-244.15,-242.16,-241.4,-249.64,-265.82,-284.89,-301.37,-314.95,-321.97,-325.33,-323.34,-322.12,-322.89,-328.84,-332.8,-337.84,-343.94,-352.49,-360.12,-363.78,-363.02,-360.27,-358.59,-358.9,-357.07,-356.15,-353.4,-352.64,-351.73,-351.12,-347.61,-343.94,-339.67,-335.86,-333.11,-330.97,-327.31,-322.73,-318.77,-316.63,-312.2,-309.46,-303.2,-296.79,-287.33,-277.57,-269.94,-262.61,-255.13,-248.57,-240.64,-234.38,-226.75,-217.6,-206,-196.54,-186.16,-175.94,-163.43,-151.52,-139.47,-127.41,-115.05,-103.61,-91.403,-79.196,-66.836,-54.933,-39.979,-26.551,-12.818,-2.7467,7.7822,17.243,28.687,40.895,55.238,68.514,81.637,94.15,107.73,120.24,135.96,149.24,163.43,176.55,189.67,200.51,211.49,220.5,229.35,238.81,247.05,255.29,264.6,275.12,287.33,296.33,304.88,312.2,321.36,327.92,335.86,342.42,350.66,358.59,365.92,372.02,377.82,383.01,388.81,394.91,401.78,407.12,412.15,414.14,416.58,417.65,420.09,421.61,424.21,425.73,425.89,425.12,423.9,423.44,425.28,426.04,427.72,427.11,426.95,425.28,425.12,424.51,424.05,421.61,420.09,418.71,416.12,413.83,412.15,410.02,409.86,408.95,409.41,407.57,404.83,402.39,399.95,398.42,397.2,396.13,395.83,393.99,392.32,389.26,387.74,385.75,384.69,381.18,379.19,375.99,372.63,368.82,363.02,356.61,352.79,347.91,343.94,338.76,336.31,333.57,329.14,325.17,319.83,314.19,308.08,301.83,295.27,286.57,278.33,268.11,258.34,248.73,240.49,233.01,225.38,218.05,210.73,202.49,195.78,187.84,181.13,173.35,166.94,161.14,154.12,147.56,141.91,136.42,130.62,124.36,120.7,116.58,114.14,111.55,108.49,104.68,99.948,96.286,94.15,91.556,89.724,85.299,82.705,78.28,72.634,66.378,61.19,57.985,56.459,55.849,54.323,51.729,48.982,45.778,44.862,40.437,36.164,30.671,23.347,18.464,17.396,16.022,13.276,11.75,11.139,8.0874,7.7822,8.6978,12.36,14.191,14.954,14.954,13.581,12.665,15.87,20.753,27.314,32.655,36.47,36.47,37.69,41.81,45.778,49.135,51.118,53.56,53.56,53.102,54.781,56.154,58.748,59.664,60.427,59.511,59.816,60.884,62.258,64.089,67.446,72.634,77.517,83.163,88.809,90.487,90.945,90.335,89.114,85.91,83.926,83.468,83.468,83.163,83.316,79.806,77.364,74.16,71.871,70.956,69.124,66.073,62.716,59.358,55.544,50.356,48.219,45.625,45.778,45.015,43.184,42.116,40.132,38.301,37.538,36.622,37.996,40.132,42.726,43.031,41.047,35.401,27.009,18.159,11.75,8.24,7.9348,4.883,3.0519,-0.91556,-4.4252,-7.477,-11.292,-15.107,-18.006,-18.769,-19.837,-24.11,-29.908,-36.47,-41.81,-47.304,-52.034,-56.917,-59.358,-59.816,-61.19,-64.241,-66.378,-66.225,-62.563,-58.596,-52.644,-49.44,-46.083,-43.489,-40.742,-36.164,-30.824,-25.178,-19.227,-13.123,-6.7141,-1.9837,1.8311,5.3407,9.3081,11.139,15.107,18.921,23.804,27.467,31.434,36.317,40.284,44.404,48.83,52.95,57.222,61.037,66.225,70.193,74.923,77.059,80.264,83.926,88.504,92.471,93.234,93.692,94.302,96.133,98.575,99.338,101.63,101.78,103.92,105.9,109.71,112.46,115.97,118.11,120.55,122.68,123.75,124.97,126.5,129.86,134.74,138.86,144.81,147.86,152.44,156.41,160.53,163.73,166.17,169.38,172.73,177.31,182.96,190.44,198.68,204.93,210.58,213.93,217.14,218.67,221.26,222.63,223.55,224.62,226.6,230.41,235.91,241.4,247.66,252.54,257.27,259.71,262.76,264.6,266.88,269.02,271.16,273.75,277.57,282.75,284.89,283.82,285.35,286.87,290.08,290.84,291.91,290.84,287.48,285.04,283.21,281.38,280.01,277.72,273.45,267.49,262.46,255.44,251.17,246.13,240.64,234.99,228.58,222.02,214.09,206.15,197.61,187.69,178.23,167.85,156.56,144.51,134.43,123.45,112.61,102.24,93.081,84.384,75.686,65.462,55.391,43.184,32.655,20.142,7.7822,-5.3407,-18.464,-31.129,-44.252,-56.764,-67.904,-81.332,-92.471,-103.31,-112.31,-121.62,-128.33,-136.72,-144.66,-151.22,-159.31,-166.33,-172.89,-179.3,-183.72,-189.83,-195.01,-201.12,-206,-211.95,-217.29,-221.11,-225.07,-228.89,-231.94,-235.6,-239.27,-245.67,-248.88,-253.15,-255.13,-257.58,-259.71,-263.22,-265.36,-267.95,-271.16,-273.14,-274.67,-278.18,-281.53,-282.3,-279.4,-275.73,-269.48,-264.6,-260.17,-253.46,-245.37,-238.96,-236.52,-236.21,-231.64,-226.75,-221.26,-215,-206.61,-198.07,-187.54,-177.62,-171.67,-168.31,-166.63,-167.7,-168,-168.31,-168,-170.75,-174.26,-177.62,-180.52,-184.94,-191.66,-200.2,-209.05,-215.61,-216.99,-216.38,-213.32,-214.39,-216.38,-219.73,-222.94,-223.55,-223.85,-222.17,-216.07,-208.59,-200.66,-201.27,-205.85,-213.32,-218.21,-218.05,-204.32,-180.97,-153.36,-121.62,-98.117,-92.624,-103.15,-120.7,-130.16,-134.89,-132.6,-126.19,-120.85,-119.48,-117.8,-118.56,-123.75,-133.98,-141.15,-145.42,-143.59,-139.62,-131.69,-125.58,-120.7,-116.89,-116.12,-117.19,-121.01,-123.14,-121.46,-121.31,-122.68,-125.13,-125.13,-126.65,-127.72,-128.18,-129.09,-131.69,-134.43,-137.94,-142.22,-148.78,-154.58,-163.27,-171.06,-178.84,-183.87,-189.67,-193.33,-195.78,-198.98,-204.47,-208.75,-212.71,-215.46,-219.73,-222.17,-225.23,-224.77,-227.82,-229.5,-231.64,-233.01,-234.99,-236.98,-237.74,-239.11,-240.94,-240.18,-239.27,-237.89,-238.2,-236.52,-236.98,-237.59,-238.5,-238.81,-239.72,-239.57,-238.65,-237.28,-236.67,-234.99,-233.92,-231.79,-230.57,-227.52,-226.6,-222.79,-219.43,-214.55,-210.27,-204.78,-198.22,-191.2,-183.72,-175.48,-166.63,-157.78,-150.91,-141.3,-132.76,-124.36,-118.41,-111.7,-104.83,-98.575,-93.844,-89.267,-84.384,-78.28,-74.16,-69.582,-65.767,-61.037,-56.764,-50.356,-45.015,-37.385,-32.502,-28.535,-26.551,-23.041,-20.447,-17.701,-14.954,-10.681,-6.8667,-1.9837,1.5259,7.1718,11.444,16.785,21.516,25.33,29.603,33.876,36.622,40.742,44.71,49.745,53.255,57.833,60.732,65.615,68.361,71.718,73.397,77.059,80.569,82.705,83.926,84.994,85.757,85.299,83.468,82.247,80.111,80.111,78.89,80.111,80.569,81.637,84.231,88.046,89.267,90.793,92.776,94.76,96.438,100.25,102.54,105.59,106.2,108.34,109.87,112.77,113.83,114.29,115.67,116.12,116.73,116.73,114.44,114.14,113.38,115.36,115.05,114.75,112.92,111.55,110.78,109.87,109.56,109.56,107.88,106.36,106.81,110.32,112.92,115.36,116.73,117.65,115.97,114.44,114.6,114.14,115.21,117.19,119.33,122.84,124.82,129.09,130.31,132.76,132.91,132.3,129.86,127.57,124.06,122.23,120.09,117.65,113.83,111.24,107.12,104.22,99.49,96.744,96.286,96.744,96.744,95.065,93.692,92.776,91.25,92.318,92.929,95.523,97.964,101.32,104.53,109.56,114.6,118.72,121.46,125.28,127.26,128.94,127.26,124.97,122.99,122.99,125.28,126.8,127.57,128.18,127.57,125.58,121.62,118.72,114.29,112,110.48,109.56,108.19,106.66,103.15,100.56,98.727,100.1,99.796,99.948,99.643,101.47,101.32,101.47,100.25,99.185,98.727,99.948,101.32,102.54,102.69,104.07,105.14,106.81,106.2,106.36,106.51,107.27,107.27,107.58,107.88,108.65,109.26,110.02,110.78,111.39,109.56,106.51,101.93,97.507,94.76,92.471,89.877,86.215,80.874,76.144,71.108,66.988,61.647,56.917,50.356,44.404,38.759,32.502,25.025,18.464,12.665,7.9348,3.8148,1.8311,-1.5259,-1.9837,-1.8311,-1.0681,-0.76296,1.2207,2.7467,2.2889,1.2207,1.6785,2.4415,6.2563,8.6978,10.681,9.3081,7.0193,6.4089,7.477,8.6978,10.071,8.5452,6.5615,3.9674,3.9674,3.0519,1.9837,0.91556,0.15259,-0.61037,-0.91556,-1.6785,-1.9837,-3.5096,-4.883,-7.9348,-10.376,-13.886,-17.853,-21.973,-26.399,-31.739,-39.369,-47.456,-52.492,-57.07,-59.816,-62.41,-66.225,-71.413,-75.838,-78.127,-80.569,-81.637,-79.501,-80.874,-81.942,-83.316,-82.4,-81.484,-80.721,-79.348,-79.806,-81.637,-82.4,-84.536,-85.147,-86.062,-86.978,-86.52,-84.384,-81.79,-79.348,-75.838,-70.956,-67.141,-61.037,-57.527,-57.222,-58.138,-57.833,-57.985,-57.985,-56.154,-52.339,-50.203,-48.372,-47.151,-44.557,-41.047,-37.08,-33.57,-30.366,-28.687,-27.314,-27.314,-25.33,-23.652,-20.753,-18.006,-15.717,-15.259,-15.87,-17.701,-18.616,-21.21,-23.041,-27.009,-32.044,-34.639,-35.249,-37.538,-41.047,-43.794,-45.473,-46.999,-44.71,-41.047,-36.622,-32.502,-26.856,-20.6,-15.564,-10.834,-6.1037,-1.5259,4.883,9.9185,16.022,21.363,24.72,28.077,31.434,37.233,44.862,51.576,60.579,68.972,78.433,83.163,85.604,86.52,85.604,85.91,85.452,86.367,88.656,90.64,91.556,91.708,95.523,100.25,109.87,124.36,145.42,166.17,183.11,196.54,215.77,238.5,261.24,274.21,275.73,262.76,243.54,227.67,217.9,212.1,203.41,192.72,185.71,175.94,160.68,138.55,117.5,99.796,83.621,64.852,46.693,39.674,38.148,32.044,20.447,6.8667,-1.9837,-11.292,-18.311,-22.279,-21.668,-20.905,-20.905,-21.821,-23.499,-28.382,-33.876,-36.47,-33.113,-30.519,-29.145,-27.467,-27.619,-32.807,-38.759,-44.252,-47.151,-49.44,-53.255,-59.053,-62.563,-66.378,-69.124,-69.582,-69.124,-68.972,-69.124,-70.956,-74.16,-79.806,-83.773,-87.436,-88.504,-90.487,-91.25,-93.234,-95.828,-97.049,-97.507,-98.88,-99.033,-98.575,-95.065,-93.081,-91.403,-93.692,-95.981,-100.41,-105.44,-110.93,-113.99,-117.19,-120.24,-124.52,-128.64,-131.84,-133.06,-134.89,-133.98,-133.37,-131.53,-131.53,-130.62,-131.84,-132.6,-133.21,-132.45,-132.76,-133.21,-136.11,-137.33,-137.94,-138.4,-141.3,-141.45,-143.28,-142.06,-142.37,-139.77,-137.64,-133.37,-130.31,-127.26,-125.13,-121.46,-118.26,-112.77,-107.73,-101.93,-95.065,-86.978,-81.179,-73.244,-67.751,-60.732,-55.391,-48.219,-41.81,-36.164,-32.807,-29.908,-26.704,-20.6,-14.039,-6.8667,-1.0681,6.1037,10.376,16.175,18.921,21.668,25.178,27.924,30.671,34.486,37.538,41.353,45.32,52.034,57.07,63.326,69.124,76.144,81.484,86.215,91.098,97.812,105.14,112.16,119.02,126.19,134.43,142.98,148.78,154.58,158.7,164.8,170.9,178.84,186.01,190.59,193.18,197.15,200.35,202.49,203.86,205.39,206.15,207.98,205.85,203.86,199.13,196.54,193.49,192.11,191.05,190.89,191.05,191.2,192.11,193.33,193.03,193.95,193.33,194.25,194.4,195.62,196.39,198.52,198.22,195.01,189.37,183.42,178.38,174.72,170.45,167.7,164.04,161.6,158.54,157.78,155.64,155.19,152.75,150.76,148.47,146.03,141.61,135.2,128.94,124.06,120.7,118.41,113.53,109.41,103.46,99.948,95.37,92.471,89.572,85.757,81.637,78.585,76.296,75.076,73.092,71.108,67.598,65.157,60.579,56.917,52.492,51.271,50.05,49.898,48.524,47.456,44.557,41.658,38.606,37.08,37.08,39.064,40.437,43.947,45.93,49.593,51.118,53.102,54.476,55.544,56.154,56.154,57.375,58.748,57.222,54.933,51.118,47.761,44.404,41.963,38.301,36.622,35.249,33.113,31.129,28.077,23.652,20.447,17.853,18.464,17.396,17.396,16.175,16.785,16.327,14.191,11.75,10.071,8.8504,7.477,5.6459,4.883,3.8148,4.883,5.9511,8.5452,8.0874,8.3926,8.3926,7.6296,4.5778,0.76296,-1.3733,-4.7304,-7.6296,-9.3081,-11.444,-12.207,-14.801,-15.564,-16.48,-15.717,-16.785,-18.159,-21.363,-23.499,-24.873,-27.314,-30.671,-35.554,-41.81,-45.625,-50.508,-53.407,-57.68,-61.19,-67.751,-73.092,-77.517,-80.264,-81.179,-81.027,-79.501,-76.449,-74.465,-71.108,-70.04,-66.836,-62.868,-57.985,-54.628,-51.118,-46.693,-42.116,-39.064,-38.911,-39.521,-38.911,-37.538,-34.333,-32.655,-31.281,-31.739,-32.96,-36.47,-40.437,-43.184,-44.71,-45.625,-45.778,-46.236,-48.067,-53.102,-56.917,-59.511,-59.816,-60.121,-58.901,-58.596,-57.68,-59.053,-61.495,-63.631,-66.53,-68.819,-71.108,-75.991,-79.806,-82.858,-81.637,-80.569,-78.738,-78.738,-78.433,-78.433,-78.89,-77.517,-75.686,-72.939,-67.293,-63.784,-59.816,-57.527,-53.713,-50.661,-47.914,-46.693,-46.999,-47.456,-47.609,-49.745,-52.187,-56.764,-59.206,-60.427,-60.121,-62.258,-65.157,-68.972,-71.261,-73.55,-76.754,-79.958,-81.79,-85.604,-90.03,-95.37,-98.27,-102.54,-106.05,-113.38,-119.63,-122.99,-124.21,-125.74,-126.96,-128.48,-127.72,-127.41,-126.65,-125.89,-123.75,-124.97,-123.45,-121.62,-119.17,-119.17,-117.8,-116.89,-117.95,-118.72,-117.04,-114.29,-109.56,-105.9,-100.1,-95.523,-91.403,-90.182,-89.724,-90.793,-89.572,-88.809,-88.046,-87.588,-85.757,-82.247,-79.043,-76.907,-71.566,-68.667,-66.073,-67.293,-66.988,-65.92,-64.547,-62.716,-60.732,-57.222,-54.323,-51.729,-47.761,-44.252,-41.658,-41.047,-37.996,-37.233,-33.57,-29.756,-25.33,-19.379,-12.97,-6.5615,-2.4415,0.61037,2.5941,2.5941,3.9674,2.5941,4.12,5.1881,7.7822,10.376,11.139,10.681,11.444,9.7659,9.4607,9.6133,10.376,10.071,11.597,13.123,15.87,15.717,16.633,15.107,11.444,8.3926,5.9511,2.1363,-1.6785,-6.4089,-11.597,-16.633,-22.431,-29.45,-33.57,-37.08,-39.064,-37.69,-35.401,-34.639,-36.927,-38.911,-38.911,-41.658,-44.557,-50.356,-56.001,-61.19,-70.193,-83.621,-96.744,-110.63,-124.21,-138.86,-153.51,-173.5,-191.66,-211.8,-226.75,-240.33,-249.95,-255.59,-259.41,-264.9,-269.02,-270.09,-265.66,-260.63,-250.86,-241.55,-234.38,-229.96,-223.24,-219.73,-216.53,-214.24,-208.14,-196.69,-181.74,-166.94,-154.27,-146.64,-137.94,-127.41,-112.31,-99.643,-89.877,-83.01,-78.127,-75.991,-74.923,-79.348,-87.283,-99.49,-108.95,-117.34,-122.53,-125.13,-123.75,-122.38,-122.99,-126.5,-130.62,-136.42,-140.08,-145.57,-148.93,-154.42,-160.68,-169.84,-177.62,-185.25,-191.96,-197.3,-202.03,-207.07,-212.56,-217.75,-220.19,-222.02,-222.79,-223.55,-223.4,-226.29,-228.28,-233.16,-237.74,-244.45,-248.12,-252.39,-255.59,-258.8,-258.03,-258.49,-257.88,-260.17,-260.78,-263.83,-263.83,-264.75,-264.29,-262.92,-259.56,-255.75,-251.32,-247.81,-244.91,-244.15,-242.47,-244.61,-245.83,-249.95,-251.17,-252.08,-250.4,-247.96,-246.28,-243.84,-237.74,-233.47,-229.5,-226.91,-224.01,-225.23,-224.31,-223.4,-218.97,-214.39,-205.85,-200.35,-195.78,-190.28,-183.57,-179.45,-174.87,-171.06,-166.33,-162.21,-155.95,-151.37,-144.2,-137.94,-129.55,-123.91,-117.95,-114.14,-110.02,-109.26,-105.59,-103.61,-99.643,-94.302,-87.13,-82.553,-74.923,-69.887,-64.394,-59.511,-53.102,-47.609,-42.726,-37.08,-30.519,-23.194,-15.564,-8.24,1.0681,8.5452,16.327,22.584,30.519,36.317,43.947,50.661,57.985,63.936,70.193,75.533,81.79,86.062,91.098,94.455,100.41,104.53,111.39,117.19,122.84,127.26,131.99,136.42,139.77,144.05,149.85,152.59,157.02,159.15,163.27,164.65,168.31,171.97,174.87,176.7,178.53,179.75,182.04,183.42,185.86,186.16,187.23,186.01,185.86,186.16,187.69,189.37,191.66,194.4,197.15,199.59,201.57,200.96,201.12,201.12,202.64,203.25,204.02,204.47,203.41,201.42,199.29,196.23,193.64,190.74,188.45,184.64,181.89,178.84,176.85,174.41,170.9,166.17,161.75,155.95,149.39,142.98,137.64,131.99,128.33,122.53,118.56,114.29,112,109.56,106.97,103,100.25,97.659,96.286,93.692,93.539,92.929,93.539,92.318,93.844,95.218,95.676,96.286,97.201,97.812,99.948,101.17,103.31,104.22,106.81,107.12,108.19,106.97,106.36,105.44,105.14,104.68,104.68,104.37,103.61,101.63,99.948,99.033,99.948,98.575,97.964,94.913,92.929,89.419,87.436,85.91,83.01,79.958,76.907,73.55,70.956,68.361,67.446,65.157,64.089,62.868,63.173,62.105,61.8,61.19,61.8,63.326,64.394,65.92,68.209,69.277,72.634,74.313,76.907,77.059,78.433,78.433,79.043,80.111,82.247,84.384,85.91,86.978,89.419,92.013,93.844,97.354,101.93,103.46,105.29,104.07,104.98,105.59,107.27,109.26,112.77,116.73,120.55,123.29,126.35,129.25,133.21,136.27,140.69,142.37,145.12,145.27,145.88,145.42,146.03,146.49,147.71,148.78,150.76,152.75,154.58,153.81,155.34,156.25,156.87,156.41,155.8,152.75,150.91,148.17,146.03,143.13,139.62,136.11,132.15,127.26,122.99,117.8,113.83,110.63,111.39,111.85,112.61,109.56,107.88,108.49,107.43,103.61,98.88,94.76,90.487,87.13,84.994,80.416,76.907,75.533,79.806,80.569,80.569,80.111,78.585,76.754,76.296,74.77,72.939,71.413,70.345,68.209,66.683,63.326,60.121,57.07,53.865,48.677,42.268,34.486,27.314,17.853,9.1556,4.5778,4.4252,3.8148,4.5778,4.12,6.5615,6.1037,5.7985,3.2044,-0.45778,-2.7467,-5.6459,-9.1556,-10.681,-11.902,-13.886,-18.006,-22.126,-29.756,-38.606,-47.609,-53.102,-56.154,-57.07,-60.121,-63.173,-66.073,-66.683,-68.361,-71.108,-76.601,-80.721,-84.994,-85.299,-86.062,-88.656,-96.286,-101.93,-106.81,-112.61,-121.16,-127.57,-131.08,-134.13,-137.18,-134.43,-131.08,-125.58,-124.21,-120.85,-117.8,-112.16,-106.36,-99.033,-89.877,-83.468,-79.043,-71.566,-63.021,-51.576,-45.015,-37.69,-30.366,-21.973,-16.48,-10.681,-7.3244,-6.1037,-5.3407,-2.1363,1.6785,7.3244,13.276,19.532,23.804,29.756,36.927,46.846,54.323,60.274,64.852,69.887,75.991,81.637,84.078,85.604,83.621,80.416,75.076,72.939,68.972,65.462,62.563,62.105,62.716,61.953,58.901,57.375,53.865,51.424,49.44,48.524,46.846,45.015,40.284,33.418,27.467,21.821,17.243,17.396,14.954,11.444,5.4933,-0.61037,-7.9348,-15.259,-22.736,-26.399,-31.129,-37.385,-44.252,-49.593,-54.476,-58.443,-65.462,-71.108,-76.907,-82.095,-88.198,-95.218,-101.63,-106.51,-111.85,-118.72,-126.65,-132.15,-141,-148.17,-157.32,-165.72,-173.35,-177.47,-179.45,-179.75,-178.08,-176.4,-178.08,-180.21,-184.79,-188.91,-192.57,-195.78,-203.41,-209.05,-212.56,-210.58,-204.63,-198.52,-195.62,-195.47,-196.08,-195.47,-199.44,-206.92,-222.48,-237.59,-251.63,-258.34,-265.36,-269.94,-275.73,-279.4,-282.91,-283.52,-282.3,-282.3,-280.47,-274.06,-270.09,-265.21,-260.93,-255.44,-252.39,-249.95,-248.42,-243.08,-233.47,-219.73,-206.61,-195.32,-186.01,-176.85,-169.68,-161.6,-157.93,-151.68,-144.2,-129.4,-113.07,-94.913,-77.67,-61.953,-48.372,-39.064,-32.807,-29.756,-28.077,-26.246,-23.041,-15.717,-11.75,-4.4252,3.357,9.003,5.3407,0.15259,-6.1037,-9.6133,-9.1556,-9.4607,-11.597,-14.039,-17.396,-22.736,-27.009,-29.756,-36.164,-40.742,-46.541,-47.609,-50.966,-54.781,-57.375,-58.901,-62.716,-65.31,-67.904,-68.819,-67.904,-63.936,-62.105,-57.985,-56.764,-53.56,-51.576,-47.456,-45.167,-43.336,-42.879,-40.895,-38.301,-34.944,-34.028,-31.281,-30.366,-26.856,-23.652,-16.785,-11.444,-6.5615,-2.5941,1.0681,2.8993,4.12,1.0681,-1.6785,-4.883,-7.0193,-10.987,-13.581,-16.938,-18.006,-17.853,-14.649,-10.987,-7.9348,-3.8148,0.91556,4.2726,5.6459,6.4089,10.224,12.36,15.564,17.701,23.804,28.382,32.35,33.876,34.791,37.233,38.606,39.521,39.979,39.979,40.284,39.827,39.979,38.453,38.453,37.08,38.453,41.658,42.726,42.726,43.947,45.015,45.167,44.862,45.778,45.167,47.914,48.982,50.813,50.508,51.576,50.661,49.898,47.914,46.999,47.761,48.83,47.456,46.236,44.404,44.557,43.794,44.252,43.947,44.252,44.404,45.625,47.151,48.524,49.135,52.644,56.307,61.19,65.157,71.261,75.381,79.196,80.264,81.332,82.095,81.79,80.111,78.89,76.907,76.601,73.855,73.55,72.634,74.77,76.754,79.958,83.316,88.198,93.692,99.338,103.76,107.43,110.02,112.46,112.77,115.51,116.89,119.63,119.94,121.16,122.53,122.38,121.77,122.84,124.82,127.87,131.38,136.72,142.52,148.32,151.52,154.58,155.95,156.25,156.71,156.1,155.34,155.34,154.42,154.27,152.13,152.13,150.76,150.76,149.54,148.32,147.56,147.86,148.01,148.47,148.17,148.93,148.32,148.78,148.32,149.54,150,152.29,155.19,159.76,164.34,167.39,169.84,172.28,175.18,179.6,185.4,192.88,197.76,201.73,203.71,206.76,207.53,208.75,209.97,211.19,212.41,215.31,217.44,218.97,218.97,220.34,219.43,216.83,210.88,204.47,195.47,185.71,177.16,168.46,159.31,153.05,150,148.63,145.57,142.98,139.62,138.71,137.79,138.71,141.15,144.51,147.71,150.46,152.75,154.27,152.29,150.46,146.64,143.28,140.08,139.62,139.62,138.4,136.27,133.37,130.77,128.64,126.35,125.58,123.6,122.07,119.79,119.33,118.26,119.17,119.33,118.11,114.9,111.7,108.8,106.05,102.54,99.796,96.286,93.081,88.351,83.926,78.89,76.449,75.076,76.601,80.264,82.4,83.621,84.689,84.841,84.841,84.384,86.978,87.741,90.03,91.556,93.234,95.065,95.828,95.065,93.844,92.471,90.945,90.64,88.656,84.536,82.553,77.67,75.076,71.413,69.43,67.141,64.699,64.241,63.631,61.8,59.053,54.476,50.508,45.93,43.794,38.759,32.807,25.33,18.921,12.207,7.1718,4.12,2.7467,2.2889,3.5096,3.357,4.5778,6.4089,8.6978,8.5452,7.7822,3.9674,2.2889,0.45778,1.6785,0.30519,1.6785,3.9674,6.4089,7.9348,9.4607,9.1556,8.5452,6.4089,5.7985,5.0356,5.7985,5.7985,8.24,10.376,12.97,14.039,15.107,13.581,9.9185,5.6459,1.3733,-1.8311,-3.8148,-7.9348,-11.75,-18.006,-23.652,-31.434,-39.674,-48.372,-55.391,-60.732,-67.141,-73.702,-79.196,-83.621,-86.062,-90.335,-93.234,-97.049,-99.643,-104.07,-107.43,-109.71,-111.39,-112.16,-112.92,-116.12,-117.19,-117.8,-116.73,-117.04,-115.21,-115.05,-114.14,-112.61,-110.93,-108.19,-102.54,-97.812,-93.387,-87.588,-82.553,-79.196,-77.059,-73.092,-67.904,-67.904,-65.462,-62.716,-57.68,-50.661,-45.167,-41.963,-40.742,-42.421,-44.557,-46.999,-49.898,-53.407,-57.375,-60.274,-58.748,-55.849,-47.761,-40.59,-31.739,-25.33,-21.516,-17.396,-15.717,-14.344,-12.055,-12.055,-10.071,-9.4607,-8.3926,-9.003,-9.003,-9.003,-10.071,-10.987,-12.36,-15.259,-18.159,-19.379,-19.379,-19.99,-17.701,-16.175,-11.444,-7.3244,-3.6622,-2.7467,-4.12,-5.1881,-5.1881,-6.4089,-9.6133,-13.886,-16.327,-21.516,-23.652,-23.499,-19.837,-17.701,-15.87,-16.327,-20.753,-26.246,-31.129,-32.807,-30.976,-30.824,-28.382,-27.161,-24.72,-24.567,-23.652,-24.262,-23.957,-24.415,-25.025,-24.873,-23.499,-22.736,-21.668,-23.194,-22.279,-21.668,-19.532,-19.379,-16.327,-15.107,-12.665,-9.9185,-4.883,-4.4252,-8.8504,-13.276,-18.006,-23.957,-26.399,-31.281,-32.807,-34.791,-38.759,-45.625,-49.745,-54.781,-59.816,-64.394,-68.056,-73.397,-80.721,-90.945,-98.27,-105.9,-112,-120.4,-127.11,-132.45,-132.6,-133.98,-134.74,-137.33,-141,-145.27,-149.08,-153.05,-157.17,-162.36,-167.55,-173.8,-178.23,-181.43,-182.04,-182.96,-182.2,-182.2,-182.81,-183.11,-182.35,-181.28,-182.2,-184.79,-187.84,-193.49,-197.45,-202.19,-205.24,-208.75,-211.65,-216.83,-221.11,-225.99,-231.33,-236.52,-238.96,-240.18,-241.55,-243.69,-243.23,-245.52,-244,-244.76,-243.08,-244.76,-245.98,-246.28,-244.61,-244.3,-240.03,-234.38,-227.82,-223.24,-215.31,-211.04,-203.25,-197.61,-191.05,-186.16,-179.45,-171.82,-165.56,-160.68,-156.71,-154.73,-152.29,-149.69,-144.2,-139.47,-135.04,-133.52,-130.77,-128.48,-126.8,-125.89,-125.74,-124.67,-123.45,-121.16,-119.17,-115.97,-111.85,-109.26,-106.2,-104.53,-102.24,-101.32,-99.948,-99.338,-98.422,-95.981,-93.234,-88.656,-83.621,-78.585,-72.787,-68.361,-64.089,-62.41,-59.053,-58.138,-55.544,-53.102,-51.271,-48.372,-44.252,-40.284,-34.486,-30.366,-24.11,-19.99,-12.207,-3.2044,6.5615,14.496,22.279,28.077,34.791,39.521,43.641,47.609,52.187,56.001,61.495,64.394,69.582,74.465,80.416,83.01,84.689,85.299,85.604,84.231,82.247,80.416,79.043,76.754,77.059,77.364,79.196,77.975,77.059,75.076,75.076,76.144,78.127,79.501,82.858,87.436,93.234,95.981,101.63,106.2,113.99,118.56,123.91,128.48,131.38,133.37,133.67,132.45,131.53,129.86,128.18,124.82,122.84,120.4,118.72,116.73,115.67,115.36,116.58,119.63,120.85,120.55,119.33,117.95,118.41,118.56,119.02,116.73,116.12,112,106.2,100.86,96.438,91.098,85.452,81.484,79.196,77.67,76.601,73.55,72.176,69.887,68.819,65.157,62.563,59.969,58.443,58.138,57.222,56.001,55.238,52.95,53.255,53.102,52.95,52.034,52.95,52.797,54.476,54.17,54.781,55.238,54.17,53.865,54.17,53.255,50.966,48.372,48.372,48.83,51.271,52.95,55.238,54.781,56.001,56.764,57.07,57.375,57.833,59.664,61.647,61.495,59.511,56.154,55.849,54.476,54.476,51.881,48.524,46.693,45.93,43.947,42.116,41.2,39.369,36.47,35.249,32.96,32.35,30.519,29.603,27.619,27.619,27.772,26.399,23.499,19.227,15.259,12.513,9.7659,9.003,7.6296,8.5452,8.3926,10.224,11.597,12.665,13.276,13.733,15.412,15.717,13.733,12.97,12.207,12.665,11.139,11.444,8.3926,7.3244,4.883,4.883,3.8148,3.2044,2.2889,-0,-2.7467,-4.5778,-7.7822,-9.9185,-12.665,-15.259,-17.243,-16.633,-17.701,-15.107,-13.123,-12.207,-14.039,-18.616,-26.093,-35.249,-44.404,-50.813,-58.901,-65.157,-73.855,-79.806,-88.198,-97.201,-106.36,-113.38,-122.99,-134.13,-144.2,-153.81,-163.12,-170.6,-176.85,-181.28,-185.86,-189.37,-195.01,-197.45,-200.05,-200.66,-199.59,-195.01,-193.03,-193.03,-192.72,-190.44,-188.91,-184.03,-179.3,-172.43,-166.17,-158.54,-153.81,-146.18,-137.49,-126.8,-114.9,-101.17,-85.452,-70.345,-58.748,-46.083,-35.401,-22.736,-9.1556,7.0193,23.804,40.132,57.222,75.686,92.471,106.97,116.28,122.99,127.87,133.67,138.25,143.44,147.1,151.07,155.19,160.99,165.26,170.6,170.6,169.38,167.7,165.56,163.27,161.14,158.54,154.73,149.85,144.51,135.35,127.41,116.89,108.04,97.659,85.604,73.092,61.495,51.729,42.726,32.807,23.499,12.818,3.357,-8.8504,-21.668,-33.876,-43.947,-53.255,-60.121,-66.225,-72.481,-80.721,-87.283,-96.133,-103.61,-112.61,-119.17,-126.65,-132.15,-139.62,-147.1,-155.8,-161.9,-166.94,-172.12,-178.69,-183.26,-187.08,-189.06,-191.5,-194.1,-198.83,-202.8,-206.46,-209.2,-211.34,-213.32,-215.16,-217.44,-221.72,-224.92,-230.72,-235.15,-240.94,-245.98,-253,-256.81,-261.24,-266.27,-272.07,-276.8,-280.77,-284.43,-288.25,-291.15,-295.72,-296.03,-296.79,-295.88,-296.64,-294.96,-293.28,-290.84,-289.77,-288.86,-287.94,-285.2,-283.36,-279.4,-276.5,-271.77,-268.26,-263.07,-259.1,-251.63,-247.35,-240.94,-236.98,-233.47,-227.36,-219.89,-213.17,-206.61,-202.34,-197.76,-194.86,-191.81,-191.96,-191.35,-190.13,-186.77,-186.32,-186.93,-189.37,-189.52,-187.99,-183.57,-176.09,-162.66,-151.22,-140.54,-135.04,-131.53,-133.21,-136.72,-142.37,-147.1,-151.83,-154.42,-156.56,-156.25,-156.56,-154.58,-154.58,-157.32,-166.33,-172.89,-180.36,-187.54,-191.66,-193.33,-195.47,-195.32,-196.69,-200.81,-205.24,-204.78,-203.86,-202.03,-204.63,-204.63,-205.39,-203.56,-203.1,-203.25,-203.1,-197.45,-191.5,-185.09,-179.91,-173.35,-166.17,-157.32,-151.22,-141.45,-132.15,-123.75,-119.94,-115.97,-112.77,-107.58,-103.15,-99.643,-96.286,-88.046,-81.332,-73.092,-67.141,-61.19,-58.443,-54.17,-52.339,-46.999,-39.064,-27.314,-15.412,-3.6622,6.4089,13.886,13.428,10.681,9.6133,18.159,31.434,52.187,74.007,95.218,109.41,115.67,117.8,117.34,114.44,115.67,115.82,118.87,128.79,146.18,165.72,186.01,200.81,203.25,196.84,187.54,177.16,172.73,175.63,192.27,219.28,250.1,271.31,280.47,276.04,258.19,231.94,203.1,180.21,167.09,162.82,165.87,171.51,179.3,181.13,176.09,162.21,144.35,126.35,108.8,89.114,70.65,56.917,50.203,48.067,50.05,50.966,51.424,45.625,36.317,23.652,13.428,7.3244,3.9674,0.30519,-1.2207,-3.8148,-8.24,-16.327,-23.957,-33.265,-42.116,-50.813,-56.764,-62.41,-63.631,-64.241,-66.225,-70.193,-72.176,-71.718,-67.446,-62.563,-58.748,-58.596,-57.222,-59.206,-59.511,-59.969,-59.511,-59.664,-58.596,-58.596,-57.68,-58.443,-56.459,-54.323,-47.456,-40.895,-33.418,-27.009,-20.753,-16.633,-10.681,-3.9674,3.0519,7.0193,12.818,18.921,27.924,34.181,43.184,52.339,60.121,66.073,70.956,74.923,77.517,79.501,84.536,88.656,94.76,99.49,103,106.05,110.78,116.12,124.97,134.89,146.03,153.81,163.12,169.68,175.02,178.08,181.43,184.03,186.77,189.06,189.83,189.83,190.89,191.05,193.79,194.71,197.76,202.49,205.85,208.75,209.81,211.34,212.71,212.71,213.32,213.17,215,215.77,217.44,219.12,220.34,221.11,223.85,227.21,230.11,231.64,232.86,233.16,234.38,235.45,234.69,233.77,233.31,233.16,234.08,233.62,232.09,227.97,224.62,220.5,216.99,214.39,211.19,206.92,203.1,200.2,198.83,196.69,196.84,197.3,200.2,201.42,202.64,201.73,202.03,201.73,203.41,206.15,209.51,211.8,215,217.14,221.11,223.24,226.29,227.36,229.04,229.8,231.33,232.4,234.84,238.04,240.18,241.4,245.98,249.03,252.69,254.07,256.51,257.73,258.8,259.56,259.25,259.25,260.02,260.02,261.39,262,263.68,263.07,265.51,267.49,269.78,272.07,274.06,276.35,277.11,276.96,278.48,278.94,281.69,283.36,285.5,287.03,289.32,289.47,290.54,293.28,295.27,297.1,300.3,303.66,307.17,306.25,305.95,302.74,300.3,300.15,301.37,301.37,301.07,300,300.76,300.3,302.59,303.05,304.57,306.41,308.39,309.15,309.92,309,307.78,305.64,304.88,303.2,302.74,301.52,300.15,299.23,299.39,297.56,296.18,295.57,293.59,293.28,294.66,293.74,293.59,291.91,290.69,287.79,283.06,277.11,270.85,265.05,260.48,254.98,251.01,248.57,247.05,243.84,240.33,237.74,234.53,231.03,228.28,227.21,225.23,222.17,220.95,218.97,218.82,218.67,219.89,218.67,216.99,213.02,209.97,208.59,208.44,206.31,204.63,200.81,198.07,194.25,191.35,186.62,181.13,174.26,166.94,159.76,152.44,147.71,142.98,135.2,128.79,121.77,115.21,108.65,105.14,102.08,98.88,92.471,86.367,79.196,72.329,67.598,64.547,61.342,58.138,52.95,49.593,45.473,41.658,35.249,29.756,25.483,23.957,22.279,19.684,17.09,14.344,10.987,10.987,10.224,10.376,6.7141,1.6785,-3.6622,-6.7141,-10.834,-16.175,-22.126,-28.382,-33.876,-37.69,-40.59,-41.963,-43.184,-42.573,-44.862,-45.93,-51.729,-56.154,-63.631,-70.65,-79.653,-87.283,-92.929,-96.133,-98.88,-102.08,-107.88,-113.53,-120.55,-124.67,-128.18,-128.64,-128.94,-128.94,-129.55,-130.01,-130.16,-130.92,-132.91,-136.57,-139.32,-138.71,-139.62,-140.69,-144.05,-146.79,-150.46,-154.12,-157.32,-160.37,-163.73,-166.94,-168.16,-166.02,-164.04,-157.93,-154.27,-149.39,-144.81,-140.69,-139.62,-137.94,-135.04,-132.76,-129.25,-124.52,-119.48,-110.93,-101.63,-91.861,-86.062,-82.858,-82.4,-81.179,-79.196,-77.212,-76.907,-76.754,-76.754,-76.296,-78.585,-79.501,-82.705,-84.689,-89.572,-96.744,-106.05,-117.5,-128.94,-135.81,-141,-147.25,-152.13,-153.97,-157.32,-157.93,-154.58,-145.57,-134.43,-122.99,-114.6,-109.1,-107.27,-108.19,-112,-111.39,-108.04,-100.1,-93.539,-87.588,-83.926,-82.095,-82.4,-80.721,-78.433,-75.533,-70.65,-65.462,-61.342,-56.917,-51.729,-43.641,-40.742,-39.979,-37.08,-28.687,-20.6,-12.665,-5.9511,-3.357,-3.2044,-3.9674,-6.1037,-5.6459,-4.5778,-1.3733,2.2889,4.7304,4.7304,4.7304,4.2726,1.8311,-5.3407,-14.191,-22.431,-28.84,-34.639,-36.775,-37.996,-36.164,-33.723,-30.213,-31.739,-36.012,-40.742,-46.236,-52.797,-58.748,-64.547,-68.667,-74.923,-81.332,-90.182,-95.828,-103.15,-109.26,-115.51,-120.4,-123.29,-125.58,-127.11,-129.86,-133.37,-134.43,-136.42,-136.88,-138.86,-140.69,-144.2,-147.25,-151.68,-156.25,-162.21,-166.33,-173.19,-180.06,-187.08,-190.59,-194.71,-196.23,-198.22,-198.52,-201.42,-203.86,-206.31,-207.53,-205.85,-203.41,-200.05,-193.79,-187.99,-182.96,-181.59,-177.77,-174.26,-168.92,-164.49,-157.32,-148.01,-138.55,-132.3,-127.11,-121.01,-115.21,-111.24,-105.75,-102.54,-97.964,-94.913,-90.793,-88.046,-83.773,-79.043,-73.55,-69.887,-67.751,-66.988,-66.836,-67.446,-65.615,-65.157,-63.326,-63.784,-62.563,-61.037,-59.664,-59.969,-59.053,-58.29,-56.001,-53.255,-49.898,-45.93,-43.641,-43.489,-41.81,-38.453,-32.35,-28.535,-24.415,-22.431,-18.311,-15.564,-10.987,-6.8667,-0.91556,5.3407,12.055,18.311,23.804,27.314,29.45,29.756,31.587,30.519,28.687,26.093,25.178,24.415,26.093,28.077,28.382,26.399,24.262,21.668,18.769,11.902,3.9674,-6.5615,-14.649,-22.889,-27.619,-33.113,-37.233,-40.895,-43.184,-46.388,-50.813,-55.849,-57.222,-56.154,-52.187,-51.881,-50.05,-50.966,-50.966,-53.407,-55.696,-56.459,-54.17,-50.05,-45.93,-43.031,-37.996,-31.892,-23.194,-17.09,-12.97,-12.207,-10.071,-10.987,-13.123,-14.496,-15.717,-14.801,-12.818,-12.36,-12.36,-11.902,-8.6978,-8.3926,-8.8504,-12.97,-17.243,-22.584,-27.161,-30.519,-32.044,-33.418,-34.028,-34.639,-36.164,-39.216,-41.658,-43.794,-42.421,-40.895,-37.08,-36.012,-34.028,-32.197,-31.892,-30.366,-27.619,-25.941,-23.957,-18.769,-11.292,-5.9511,-0.76296,1.9837,5.0356,6.7141,9.003,9.7659,7.477,5.0356,3.6622,3.5096,5.9511,6.5615,7.3244,6.8667,5.7985,2.4415,-2.4415,-6.2563,-8.24,-8.0874,-5.9511,-4.7304,-4.12,-6.8667,-10.071,-15.412,-21.058,-26.551,-29.145,-32.044,-36.164,-41.353,-45.015,-49.44,-52.034,-56.001,-56.917,-58.901,-58.29,-57.985,-57.07,-55.086,-53.407,-54.476,-56.307,-58.596,-58.443,-57.07,-53.407,-51.118,-48.372,-47.151,-48.372,-48.83,-49.898,-50.813,-51.271,-52.034,-51.271,-51.424,-48.677,-45.93,-42.573,-40.284,-39.827,-41.2,-39.979,-37.843,-38.301,-42.116,-45.015,-47.151,-47.304,-46.083,-45.167,-47.151,-48.524,-47.151,-46.388,-45.015,-43.641,-41.505,-40.132,-41.2,-41.047,-43.184,-46.236,-50.356,-52.95,-55.849,-55.849,-54.628,-52.644,-50.966,-48.219,-46.846,-46.236,-48.677,-48.372,-50.05,-49.287,-47.761,-47.456,-47.914,-50.966,-55.849,-58.443,-60.427,-58.901,-58.443,-56.917,-54.933,-51.271,-51.271,-51.118,-52.034,-53.865,-58.138,-61.8,-64.394,-63.478,-62.868,-62.563,-62.716,-60.121,-57.68,-53.713,-50.508,-48.372,-47.304,-45.625,-43.947,-43.489,-45.32,-44.862,-43.794,-40.437,-38.301,-36.012,-35.096,-33.57,-32.655,-32.35,-34.028,-37.08,-40.284,-40.59,-40.284,-37.08,-36.012,-32.96,-30.061,-26.551,-24.11,-23.041,-21.21,-16.785,-10.529,-3.8148,0.15259,3.357,4.12,7.3244,8.8504,8.8504,5.3407,1.6785,-3.2044,-5.4933,-5.1881,-4.883,-3.9674,0.15259,1.0681,2.4415,-1.3733,-6.2563,-13.428,-15.564,-18.006,-21.363,-24.11,-25.025,-24.873,-23.041,-21.363,-17.396,-17.853,-20.905,-24.11,-26.246,-30.824,-33.723,-34.791,-32.655,-29.908,-24.262,-16.633,-10.224,-5.3407,0.91556,6.7141,14.191,18.159,22.431,26.856,32.807,38.148,43.794,47.609,48.982,49.135,49.745,51.881,54.17,57.527,65.615,72.787,78.127,80.111,83.468,83.773,83.163,81.332,76.601,72.024,70.193,68.514,67.751,68.361,71.261,72.024,74.16,75.838,77.975,79.043,79.043,78.433,77.67,75.076,72.787,71.108,69.124,67.141,66.225,62.563,59.816,56.154,57.375,61.19,65.615,68.972,70.956,71.413,69.43,67.446,67.446,67.446,68.056,70.498,77.212,83.163,88.504,89.572,93.539,96.438,99.338,98.88,94.15,87.741,84.384,82.247,78.738,71.108,64.852,59.816,56.612,52.339,49.593,45.625,43.184,40.132,35.554,28.382,21.821,15.107,7.9348,0.15259,-5.6459,-10.834,-14.954,-19.684,-22.736,-27.619,-30.366,-34.486,-36.622,-40.284,-43.794,-47.304,-52.339,-56.764,-61.037,-63.478,-62.716,-59.664,-56.154,-53.56,-50.966,-49.898,-48.524,-45.93,-43.336,-40.742,-37.233,-34.791,-32.502,-30.519,-27.772,-29.298,-30.824,-35.401,-40.895,-47.761,-54.781,-61.19,-64.852,-66.53,-67.598,-68.361,-65.462,-60.121,-54.933,-52.95,-48.83,-45.778,-40.59,-36.622,-32.655,-28.077,-22.431,-17.396,-12.36,-8.24,-0.61037,6.4089,14.496,21.973,30.061,35.707,41.353,46.083,49.593,52.339,53.56,53.56,53.407,53.255,53.713,51.424,48.067,42.726,37.843,31.434,25.483,21.058,17.396,12.055,7.0193,3.0519,0.61037,-1.8311,-2.4415,-4.883,-7.7822,-10.834,-9.4607,-7.6296,-7.1718,-9.3081,-12.36,-14.801,-16.327,-17.548,-15.87,-12.818,-8.24,-4.2726,-0,1.5259,0.91556,0.15259,-0.76296,-1.9837,-2.4415,-1.6785,-0.30519,-2.1363,-3.8148,-6.4089,-5.7985,-5.1881,-4.2726,-1.0681,5.4933,12.055,18.311,23.957,33.265,39.827,46.083,50.813,55.391,57.07,59.206,60.427,62.563,67.293,72.481,76.449,81.484,87.588,93.844,97.659,100.71,100.1,100.71,97.659,94.455,89.114,84.078,78.738,73.702,70.04,69.43,68.667,68.209,66.683,65.462,62.868,60.884,59.816,60.121,63.478,67.904,69.887,70.956,72.939,77.364,81.027,86.062,87.13,87.436,89.114,90.793,88.351,84.231,78.738,75.838,72.634,71.718,70.803,72.634,72.634,71.413,68.667,66.073,63.631,63.478,66.683,71.718,78.28,85.604,91.556,98.88,103,105.75,106.2,108.19,108.95,111.09,112.92,115.82,119.17,121.31,122.38,122.68,120.24,116.73,111.55,105.9,98.27,91.25,86.062,81.484,77.822,76.296,75.228,72.939,69.582,67.446,64.394,60.274,52.492,47.761,43.489,40.59,38.148,38.301,37.69,35.859,35.401,34.639,32.197,31.739,30.519,30.519,29.145,31.129,32.502,33.57,34.333,37.843,40.59,43.947,46.693,47.914,46.846,45.778,45.167,46.999,45.473,41.047,33.418,27.619,22.279,19.532,17.243,13.581,9.6133,6.1037,0.15259,-6.7141,-14.344,-21.668,-28.993,-32.502,-34.181,-33.876,-35.859,-34.944,-34.028,-33.876,-35.096,-35.096,-34.333,-30.671,-25.483,-18.769,-14.344,-7.9348,-1.8311,6.4089,12.665,21.058,29.603,38.606,46.083,51.881,56.764,59.969,60.427,59.206,54.933,52.339,47.609,44.71,38.911,34.639,29.756,26.856,26.856,28.382,28.993,28.077,26.093,26.704,26.399,29.756,32.655,34.028,30.976,29.145,27.924,25.788,21.668,18.921,18.921,18.616,21.668,26.856,30.213,32.044,30.976,28.535,23.499,20.905,19.227,19.837,22.584,23.957,24.567,26.399,27.161,28.535,28.382,27.619,23.041,19.227,14.191,9.3081,4.12,0.61037,-1.6785,-3.9674,-6.8667,-10.071,-14.344,-18.616,-24.567,-27.314,-32.35,-34.791,-38.606,-41.505,-44.862,-48.982,-52.034,-52.034,-51.576,-50.203,-50.203,-52.187,-57.68,-61.647,-66.225,-67.751,-67.598,-67.293,-64.852,-61.19,-58.443,-57.375,-56.154,-54.018,-53.407,-53.255,-54.476,-54.781,-58.596,-60.427,-64.699,-67.904,-73.092,-79.348,-85.757,-90.335,-92.013,-93.997,-95.828,-95.37,-94.76,-92.929,-90.64,-87.588,-88.504,-87.436,-88.046,-86.52,-84.536,-80.264,-75.838,-72.787,-69.735,-64.241,-59.053,-53.255,-51.729,-51.118,-50.966,-47.456,-41.353,-33.57,-25.941,-19.532,-15.412,-11.444,-6.4089,-0.91556,-1.0681,-3.5096,-9.4607,-15.107,-23.957,-30.061,-32.807,-35.707,-39.216,-41.658,-45.778,-51.118,-57.833,-64.547,-73.397,-78.738,-80.569,-81.484,-84.536,-86.062,-84.841,-80.569,-74.77,-68.667,-64.852,-62.105,-59.969,-57.833,-55.849,-52.187,-51.118,-50.356,-54.476,-55.696,-56.154,-55.238,-55.086,-52.034,-49.287,-48.83,-50.508,-52.95,-55.696,-57.833,-62.41,-65.31,-69.277,-71.871,-72.787,-74.16,-75.533,-76.144,-77.975,-81.332,-83.773,-82.858,-85.299,-87.741,-91.403,-94.76,-101.17,-105.75,-110.63,-114.6,-118.72,-121.46,-124.06,-128.03,-130.62,-130.31,-132.91,-137.64,-144.35,-147.1,-148.01,-146.64,-146.34,-144.05,-141.76,-141,-142.67,-143.89,-146.18,-147.4,-152.59,-155.49,-160.37,-161.9,-165.26,-167.39,-171.51,-173.5,-173.96,-175.02,-175.94,-176.55,-178.84,-181.74,-184.64,-184.18,-182.5,-181.28,-179.75,-176.09,-171.97,-167.24,-160.53,-155.8,-152.13,-145.88,-139.01,-130.92,-124.67,-117.04,-112.77,-106.36,-101.32,-94.607,-91.556,-89.114,-87.893,-86.978,-85.604,-81.027,-78.585,-76.601,-76.907,-76.144,-76.907,-76.907,-77.67,-75.991,-75.381,-73.55,-71.108,-69.124,-68.819,-68.361,-67.141,-63.784,-64.241,-63.173,-64.547,-64.852,-66.836,-67.141,-69.277,-70.04,-68.514,-66.378,-64.241,-59.206,-56.307,-50.966,-47.914,-42.573,-41.505,-39.064,-37.233,-33.418,-29.908,-25.025,-21.516,-17.853,-14.191,-9.4607,-6.8667,-3.357,-2.2889,1.0681,2.7467,3.6622,3.6622,3.5096,5.3407,8.0874,12.055,18.311,23.041,28.382,30.213,32.655,34.181,37.233,41.047,46.541,51.881,58.29,64.089,69.735,74.618,79.043,81.79,87.13,90.793,94.913,97.812,101.63,106.66,111.85,117.95,123.14,127.87,131.69,133.52,135.65,136.11,138.71,139.77,140.69,141.91,142.83,143.74,144.96,145.42,146.18,147.1,149.24,149.39,150.61,151.22,153.36,156.25,159.92,164.34,169.99,176.4,183.26,187.99,193.64,197.45,202.64,208.14,215.31,220.65,225.99,230.26,232.09,232.7,231.48,229.04,227.97,225.68,224.92,223.09,222.63,220.95,218.21,217.14,216.07,213.17,211.34,211.19,210.88,209.05,208.75,207.22,206.61,205.85,204.47,202.95,202.8,204.78,207.98,211.49,216.83,219.58,222.79,223.7,224.77,224.77,224.31,224.46,225.53,225.53,223.4,220.34,217.75,212.87,208.44,204.32,201.42,199.29,194.1,189.37,185.55,181.28,178.53,175.18,171.97,167.55,166.02,162.66,158.39,154.12,150,146.34,142.67,139.01,135.65,128.48,123.91,120.85,118.56,116.12,113.83,111.09,106.66,101.32,98.27,95.676,93.844,90.64,89.572,88.961,90.793,90.945,88.809,86.215,81.942,76.754,72.176,68.056,64.699,60.579,57.222,51.271,45.778,37.69,28.535,20.753,13.276,4.5778,-3.8148,-13.428,-24.11,-34.333,-41.658,-50.356,-56.917,-62.868,-65.004,-66.378,-65.004,-64.394,-66.073,-67.904,-67.751,-68.667,-69.582,-69.582,-66.073,-60.579,-52.797,-45.93,-36.927,-29.756,-21.058,-12.513,-4.883,0.61037,5.1881,8.24,10.681,13.123,16.022,18.311,21.821,23.194,24.415,23.499,21.516,18.769,17.701,20.905,25.025,25.483,21.668,14.649,9.3081,3.5096,-0.91556,-3.6622,-4.12,-1.9837,0.91556,3.2044,6.2563,12.055,20.142,25.33,29.145,31.281,32.655,32.197,32.35,34.486,36.622,39.674,45.625,48.83,55.086,61.495,70.04,77.822,84.994,88.656,91.25,94.76,98.117,100.1,100.25,96.591,92.929,87.283,81.027,70.956,62.868,56.917,51.271,45.93,39.827,34.486,28.535,22.431,18.921,13.886,9.7659,7.1718,3.5096,-2.8993,-10.529,-16.785,-22.584,-33.265,-46.388,-59.969,-68.209,-78.28,-87.588,-99.796,-113.53,-129.25,-146.34,-163.88,-183.42,-203.25,-220.34,-235.76,-247.96,-259.71,-266.88,-275.73,-281.99,-289.32,-297.25,-305.64,-313.73,-325.17,-335.25,-342.57,-347.61,-352.03,-354.17,-359.51,-364.54,-368.97,-369.73,-370.95,-372.17,-372.94,-372.17,-369.58,-366.99,-364.09,-359.2,-355.69,-353.86,-357.37,-358.9,-361.34,-360.27,-360.27,-358.29,-356.76,-354.47,-354.63,-353.1,-354.93,-355.24,-356.61,-355.39,-354.47,-354.63,-357.22,-358.59,-361.03,-363.78,-367.14,-368.97,-371.72,-374,-378.89,-381.48,-386.67,-390.03,-393.84,-395.67,-397.81,-399.64,-401.17,-402.84,-407.57,-412.31,-417.65,-419.48,-421.46,-422.38,-422.99,-420.55,-420.85,-420.85,-422.22,-423.29,-426.34,-431.07,-436.57,-439.31,-443.74,-445.27,-447.55,-445.57,-445.27,-445.27,-446.18,-448.01,-450.15,-450.45,-449.39,-447.25,-444.2,-438.7,-434.28,-428.17,-422.68,-416.58,-411.69,-403.76,-396.74,-388.81,-381.18,-372.63,-366.68,-357.83,-350.05,-340.28,-332.35,-322.58,-312.66,-301.52,-291.6,-284.13,-276.19,-266.43,-256.97,-247.66,-240.18,-231.18,-225.53,-218.21,-212.1,-205.54,-199.74,-194.1,-187.84,-180.52,-172.58,-164.49,-156.87,-149.54,-142.98,-133.98,-127.72,-119.02,-111.7,-102.08,-95.37,-88.046,-81.637,-75.686,-71.413,-66.53,-62.258,-55.849,-50.508,-41.658,-34.639,-26.704,-19.99,-11.75,-3.357,4.4252,11.139,17.548,25.636,32.655,39.216,46.541,51.729,56.917,59.664,63.173,64.699,67.751,70.956,75.686,80.264,85.757,90.335,95.828,99.033,104.07,106.81,111.09,112.61,116.43,118.11,120.85,123.6,125.89,128.33,130.16,132.6,134.89,136.42,137.79,137.18,138.86,139.62,141.61,142.37,144.05,147.4,151.83,156.41,160.53,164.04,168.61,173.96,179.3,182.96,189.83,194.4,198.83,203.25,207.68,211.49,212.71,213.93,216.53,216.83,217.75,217.29,218.82,220.19,221.11,223.4,225.99,227.97,229.19,229.8,229.96,228.74,227.52,224.77,223.55,221.11,220.04,218.05,216.38,215.92,218.36,221.56,223.7,225.38,227.97,228.89,231.03,232.86,236.67,239.57,242.77,245.52,248.27,251.32,254.07,255.59,257.12,256.51,256.81,256.05,257.27,258.49,261.39,263.53,265.05,264.44,263.99,263.53,263.83,262.76,264.14,264.44,266.43,267.19,268.11,267.34,266.12,262.92,258.19,253.3,248.73,245.52,244.61,243.39,242.47,241.25,241.4,240.49,238.35,236.67,235.15,234.69,234.84,234.84,235.91,234.69,234.23,232.86,232.55,230.72,229.65,228.58,227.36,228.43,228.89,228.43,228.43,226.29,224.46,221.41,221.11,220.19,220.95,220.8,219.58,216.99,214.39,211.19,209.36,205.69,202.8,198.52,194.71,188.76,183.42,177.92,172.73,168.31,163.27,156.71,151.68,147.71,145.12,142.22,139.93,135.5,130.62,125.13,119.48,112.77,108.04,102.39,95.828,88.961,85.604,84.078,81.484,77.67,72.939,66.225,58.748,51.881,48.982,47.914,46.236,42.268,38.759,36.317,34.333,32.807,29.298,23.347,21.516,22.126,23.499,23.957,27.467,31.587,34.486,34.944,34.639,34.639,36.012,36.775,38.911,40.437,42.573,44.099,46.846,47.609,47.304,47.456,48.219,48.067,49.745,51.881,57.222,61.647,66.53,72.634,78.433,84.231,88.961,93.692,100.41,104.07,105.9,102.85,97.964,94.455,93.997,96.438,101.93,107.43,112.16,114.75,117.65,118.41,118.56,113.53,110.48,109.1,108.34,109.41,110.78,111.55,111.55,113.22,114.6,114.44,117.5,119.17,120.55,122.07,124.97,128.48,131.38,132.45,130.47,127.11,128.03,128.48,129.86,128.48,126.65,123.14,119.63,115.97,113.53,111.09,111.85,114.29,116.43,120.55,124.36,122.23,120.7,118.26,116.43,112.77,110.78,109.87,109.1,106.97,101.93,97.812,98.117,100.41,102.85,100.71,97.964,95.065,93.081,87.436,79.043,73.092,71.871,70.803,66.683,61.953,57.527,53.713,50.966,46.541,43.794,40.132,40.742,39.216,36.012,33.113,29.756,26.856,25.941,26.856,29.145,27.924,25.33,22.584,23.347,21.363,18.464,12.97,6.8667,-0.76296,-9.7659,-18.159,-23.499,-28.077,-31.739,-34.333,-35.859,-38.759,-40.437,-40.895,-41.81,-44.404,-50.203,-58.138,-68.361,-80.569,-94.76,-109.71,-119.79,-130.47,-137.79,-142.22,-141.3,-140.69,-139.01,-136.88,-133.21,-129.7,-122.07,-107.12,-96.591,-94.913,-92.013,-90.03,-89.114,-90.03,-87.283,-83.163,-75.838,-69.735,-65.615,-61.037,-56.459,-54.628,-52.95,-52.797,-51.118,-48.372,-43.489,-43.184,-47.761,-52.644,-54.476,-54.781,-53.713,-52.034,-48.677,-47.151,-47.914,-52.492,-56.459,-59.664,-63.784,-68.819,-72.787,-76.144,-77.975,-81.637,-83.01,-86.673,-89.572,-94.455,-97.201,-99.948,-101.63,-103.15,-103,-103,-103,-104.53,-103.31,-103.92,-102.69,-99.948,-95.676,-91.403,-87.741,-84.994,-81.179,-78.738,-74.923,-72.787,-68.056,-63.478,-58.443,-54.323,-50.508,-46.999,-42.573,-38.911,-30.213,-23.194,-15.87,-11.75,-5.3407,0.61037,6.2563,12.207,20.905,29.298,37.69,43.184,48.982,54.476,62.563,69.582,75.838,80.416,85.757,90.945,96.133,99.49,103.46,105.75,110.17,114.44,118.56,122.38,126.04,131.38,138.86,146.18,152.44,157.78,165.26,170.29,174.87,178.08,181.13,184.94,187.54,189.52,191.81,192.27,195.93,199.13,205.54,210.43,213.48,213.48,213.78,216.07,220.8,224.77,230.26,233.77,236.98,237.13,237.13,237.74,238.5,239.42,241.4,244.3,248.42,251.01,254.07,254.52,253.46,252.85,253.76,252.39,249.79,247.2,244.76,241.86,241.4,241.1,242.01,241.86,243.69,243.84,241.4,236.98,231.03,226.45,222.79,218.82,218.67,217.29,215.31,211.95,208.75,203.86,200.66,196.84,192.27,189.67,188.6,185.86,185.71,183.87,182.65,180.52,179.45,178.23,179.45,180.97,182.5,184.48,186.32,186.93,187.69,187.99,188.3,186.16,185.4,182.96,177.16,168.77,160.83,152.59,144.35,137.64,134.59,130.01,124.82,116.28,109.87,104.07,100.25,97.354,95.523,92.776,89.114,84.689,83.01,81.942,81.942,79.653,77.975,76.601,77.059,78.585,83.468,86.673,91.25,94.302,97.201,96.438,95.676,94.913,95.676,97.201,98.575,97.812,97.964,96.744,94.607,90.487,88.198,86.215,86.367,88.198,87.588,87.13,85.604,83.01,81.027,76.601,72.329,66.073,62.41,57.07,55.696,55.086,55.391,55.086,56.764,57.985,58.901,56.459,54.933,52.95,51.881,50.966,49.593,48.83,48.372,50.356,53.255,55.544,57.985,59.053,59.816,57.375,56.612,54.933,49.135,42.879,37.843,33.418,28.993,23.499,17.853,11.139,7.3244,2.5941,0.15259,-1.9837,-5.6459,-9.1556,-12.513,-15.107,-18.616,-25.788,-34.333,-45.93,-56.459,-65.615,-71.261,-76.601,-80.111,-81.179,-81.79,-82.705,-83.773,-86.062,-86.673,-86.673,-84.841,-84.994,-84.536,-83.01,-77.975,-75.686,-75.838,-76.601,-76.601,-77.67,-80.111,-84.994,-88.198,-92.166,-94.15,-97.507,-100.25,-103.46,-106.51,-109.71,-113.22,-115.82,-117.19,-120.4,-122.23,-123.45,-125.58,-129.7,-133.52,-136.88,-139.16,-141,-142.37,-141,-140.54,-143.89,-146.49,-149.24,-151.68,-155.34,-157.32,-160.68,-161.75,-163.73,-163.88,-163.88,-164.65,-165.87,-166.63,-167.09,-166.94,-167.55,-168.31,-171.36,-173.8,-176.55,-178.84,-182.04,-182.2,-181.59,-182.04,-179.75,-176.85,-173.5,-170.9,-168.92,-166.02,-164.49,-163.73,-165.87,-166.78,-167.24,-167.24,-166.94,-168.31,-171.51,-173.04,-173.5,-171.97,-171.97,-171.36,-170.14,-167.09,-166.17,-166.02,-165.41,-164.04,-163.88,-165.41,-168,-170.29,-174.87,-175.94,-176.7,-174.87,-176.09,-177.01,-175.94,-173.19,-169.23,-164.34,-159.61,-155.49,-156.41,-157.32,-160.68,-162.66,-166.02,-168.61,-170.45,-172.43,-175.18,-177.16,-181.13,-185.55,-190.13,-192.88,-197.45,-202.19,-204.78,-205.24,-203.71,-200.2,-198.37,-200.35,-205.08,-210.27,-215.77,-216.53,-217.14,-215.77,-216.38,-215.61,-214.09,-216.53,-221.26,-226.14,-232.55,-237.59,-239.57,-239.11,-239.27,-237.13,-236.06,-232.55,-229.8,-227.21,-224.77,-223.24,-222.17,-218.21,-213.17,-205.85,-200.05,-193.49,-192.11,-188.6,-185.86,-182.2,-180.67,-178.69,-178.08,-177.31,-174.26,-171.82,-171.36,-169.23,-166.94,-166.02,-169.99,-173.35,-174.72,-176.4,-177.77,-179.3,-182.65,-184.79,-188.45,-190.28,-191.05,-188.76,-186.62,-183.26,-180.21,-179.14,-178.53,-175.48,-173.19,-168.77,-166.02,-161.9,-159.76,-157.63,-153.81,-147.86,-141.91,-135.81,-130.47,-123.75,-117.04,-109.56,-104.37,-101.02,-97.964,-95.828,-95.828,-96.591,-97.507,-99.796,-103.92,-105.14,-110.32,-114.75,-118.87,-119.94,-119.79,-118.26,-115.05,-111.55,-105.75,-102.54,-102.39,-99.796,-96.438,-92.776,-89.114,-86.52,-84.078,-80.264,-73.092,-65.31,-61.8,-58.748,-56.612,-51.576,-45.93,-39.369,-34.486,-30.976,-28.382,-23.194,-17.243,-10.376,-6.2563,-0.61037,3.0519,8.5452,10.834,14.039,17.548,23.347,30.671,37.233,43.947,50.203,55.238,60.732,62.105,63.021,61.953,61.647,61.19,60.121,59.053,58.443,59.206,61.647,62.716,65.31,65.004,65.004,65.004,64.699,63.326,61.495,58.29,55.086,51.881,51.271,49.135,45.32,38.911,36.927,35.707,34.791,34.028,32.35,28.23,25.483,22.126,20.447,19.684,23.499,27.772,30.366,31.434,31.892,31.739,32.96,32.807,35.707,38.759,42.879,42.726,41.81,40.742,39.674,38.301,36.317,33.113,32.35,31.434,31.129,28.687,27.161,25.178,23.194,21.516,18.616,15.564,17.09,18.464,20.142,21.058,23.957,28.23,34.486,41.81,49.287,54.933,61.342,68.667,75.381,80.111,87.436,90.03,91.861,93.234,94.607,95.676,95.523,96.286,98.117,101.02,105.9,109.87,114.6,117.34,122.84,127.57,132.6,135.81,139.01,141.45,142.37,140.23,140.69,139.77,137.79,135.2,135.65,134.59,134.28,133.67,133.82,133.52,134.13,133.98,133.98,130.01,126.5,122.23,119.79,116.89,112.92,110.48,110.32,109.1,107.88,105.14,102.69,99.033,97.507,96.133,95.065,94.607,96.896,99.49,103.76,107.73,113.38,116.43,116.58,115.36,115.36,115.05,118.11,119.63,122.38,124.97,126.8,127.41,127.41,126.5,125.58,123.91,123.75,121.62,119.63,114.9,112.16,108.19,103,94.913,84.689,74.007,66.836,61.647,59.358,54.17,49.44,43.794,38.759,32.35,25.941,19.532,15.412,12.36,9.3081,8.8504,10.834,13.886,18.921,22.584,25.636,25.788,26.856,25.636,23.804,20.142,15.259,9.7659,6.4089,4.7304,4.2726,3.6622,3.5096,0.91556,-0.76296,-3.6622,-5.1881,-9.6133,-13.428,-16.48,-21.668,-29.298,-36.012,-39.216,-40.742,-42.573,-43.794,-45.93,-48.524,-51.729,-52.95,-55.544,-57.68,-62.258,-66.53,-68.056,-68.972,-69.277,-70.803,-74.465,-78.28,-83.163,-85.91,-88.351,-88.504,-88.961,-86.673,-82.247,-77.67,-73.855,-72.024,-70.04,-66.836,-62.105,-55.696,-48.83,-43.641,-40.59,-36.317,-33.876,-31.129,-30.671,-28.077,-26.704,-24.415,-22.431,-21.058,-20.295,-19.99,-20.142,-20.6,-22.889,-25.788,-33.876,-40.742,-48.067,-53.255,-59.358,-63.936,-67.598,-71.718,-77.364,-83.01,-90.64,-96.133,-98.27,-98.117,-99.338,-99.49,-99.185,-95.065,-92.013,-86.825,-83.01,-79.043,-75.686,-69.887,-62.716,-57.07,-52.187,-48.372,-46.541,-44.404,-42.116,-36.775,-32.35,-26.704,-23.652,-19.532,-13.886,-8.0874,-5.7985,-7.0193,-9.6133,-11.902,-14.344,-15.107,-19.99,-25.025,-29.908,-31.892,-33.57,-35.401,-39.216,-46.388,-55.086,-61.495,-66.683,-69.43,-69.43,-66.225,-63.326,-59.969,-58.29,-57.222,-60.274,-62.563,-63.936,-64.547,-67.141,-70.498,-72.329,-74.313,-78.28,-81.179,-84.078,-84.689,-85.604,-85.757,-85.91,-84.231,-83.621,-81.637,-79.196,-77.67,-74.618,-67.904,-61.19,-54.628,-51.881,-47.304,-45.625,-42.268,-38.606,-32.35,-26.551,-23.041,-19.837,-17.243,-16.327,-15.717,-16.022,-14.954,-15.564,-14.954,-14.649,-12.513,-12.818,-12.36,-13.886,-16.48,-19.227,-19.532,-20.6,-21.516,-23.957,-25.636,-28.687,-30.213,-32.197,-32.35,-33.113,-30.671,-26.093,-24.11,-24.415,-25.025,-26.399,-28.23,-30.213,-30.366,-33.723,-36.164,-40.132,-42.573,-44.099,-45.778,-46.236,-44.71,-43.641,-46.083,-49.44,-51.729,-53.255,-51.729,-50.203,-46.541,-43.794,-39.979,-38.148,-31.892,-27.772,-25.025,-23.804,-20.447,-14.801,-8.0874,-1.8311,3.2044,4.7304,10.224,16.022,22.889,27.924,33.265,37.385,40.437,43.489,46.541,49.135,52.187,54.323,55.696,55.544,58.138,57.375,57.527,56.154,56.154,57.375,58.29,59.053,60.884,63.631,67.598,70.04,74.923,76.144,78.89,80.721,84.841,86.825,88.504,88.198,90.182,94.455,99.338,103.15,105.29,105.9,105.75,104.22,104.53,104.37,106.36,108.19,110.32,111.55,113.22,114.9,115.05,115.67,118.11,117.65,115.82,111.55,110.17,108.49,106.97,106.81,106.97,106.51,105.29,101.32,96.286,91.403,88.046,84.078,82.705,80.264,78.585,74.007,70.956,70.04,69.735,69.43,69.124,68.667,69.43,70.65,71.718,70.04,70.193,68.209,67.141,64.852,62.868,58.901,55.086,52.797,52.492,52.95,54.476,56.612,57.985,56.764,56.307,54.781,52.187,49.44,46.999,44.099,41.963,39.674,37.385,35.096,33.876,28.993,26.551,24.11,22.889,21.821,22.584,23.652,23.652,21.363,21.363,21.516,22.126,24.262,27.314,26.093,24.567,20.905,18.921,15.107,10.376,3.6622,-2.5941,-7.0193,-11.139,-14.191,-15.87,-17.548,-17.853,-19.379,-19.532,-20.295,-19.379,-19.837,-16.938,-13.886,-11.902,-9.003,-5.6459,-1.6785,2.5941,5.7985,11.597,14.496,17.396,18.769,20.447,21.21,22.126,23.804,25.636,27.161,30.366,33.418,38.148,39.674,40.59,39.827,41.353,42.421,45.167,48.219,49.898,50.508,51.118,50.508,49.44,48.372,49.44,48.372,47.914,46.236,45.625,43.947,41.505,36.012,32.35,27.924,23.041,17.243,9.3081,-0.45778,-11.292,-23.652,-30.061,-35.096,-38.301,-40.895,-41.963,-42.421,-41.963,-41.047,-41.81,-44.557,-45.93,-46.541,-43.794,-41.81,-39.827,-39.064,-37.233,-36.317,-34.486,-32.96,-32.502,-32.502,-31.434,-31.434,-31.129,-32.35,-30.824,-31.129,-30.519,-31.892,-34.944,-36.775,-38.301,-39.674,-42.116,-45.167,-46.999,-46.846,-42.421,-38.911,-37.233,-39.521,-40.284,-41.658,-41.963,-42.879,-45.167,-49.287,-52.644,-54.018,-54.323,-53.56,-51.424,-51.118,-50.203,-50.203,-48.524,-45.625,-40.284,-34.639,-28.23,-22.126,-16.175,-12.97,-12.055,-10.987,-7.477,-7.477,-8.24,-11.292,-13.123,-16.327,-19.379,-21.058,-21.821,-21.516,-21.21,-24.567,-27.772,-32.655,-35.249,-38.911,-41.047,-44.252,-48.524,-52.797,-56.612,-59.969,-63.631,-66.53,-67.141,-67.446,-66.683,-66.836,-65.004,-65.615,-66.53,-70.498,-70.803,-68.361,-65.157,-60.579,-56.917,-54.781,-54.628,-55.544,-57.222,-61.495,-65.157,-70.803,-72.481,-74.007,-73.397,-72.024,-71.871,-71.566,-72.787,-72.634,-72.634,-73.55,-72.176,-70.956,-68.514,-70.04,-69.582,-69.43,-69.887,-70.65,-71.413,-73.244,-74.77,-75.838,-76.907,-79.653,-81.027,-84.384,-86.215,-87.893,-89.267,-90.945,-91.403,-91.25,-90.945,-92.471,-92.929,-94.455,-93.844,-94.913,-96.286,-100.71,-102.85,-103.92,-104.53,-105.14,-105.14,-103,-97.201,-93.387,-88.961,-85.91,-80.874,-76.296,-69.887,-62.563,-56.459,-50.05,-42.116,-34.944,-28.23,-22.126,-16.633,-13.886,-10.834,-9.6133,-6.2563,-3.357,0.91556,4.883,8.5452,13.581,17.243,16.938,17.701,17.243,16.785,15.412,16.48,14.649,13.428,13.276,14.039,15.87,18.006,19.227,19.684,19.684,19.684,18.464,19.379,19.837,19.837,17.701,20.295,22.279,23.041,21.516,19.837,20.142,20.6,21.21,25.025,28.687,33.876,36.775,40.59,44.557,48.982,53.102,56.917,58.443,58.748,59.511,62.258,64.699,68.514,69.887,71.718,72.176,75.381,75.533,73.55,69.277,63.936,58.138,53.713,50.508,48.524,44.862,42.268,39.979,39.216,38.148,39.521,39.064,38.911,39.216,39.827,40.437,42.421,45.473,49.745,50.661,49.44,42.421,37.08,34.028,32.502,30.671,29.298,29.908,32.502,32.35,32.655,33.418,35.707,36.775,37.08,37.538,36.622,34.944,32.96,29.908,27.924,25.483,24.11,20.753,19.074,17.701,17.853,17.396,16.633,14.801,15.107,14.191,14.649,12.055,8.24,3.2044,-2.8993,-9.003,-13.733,-19.837,-28.23,-37.69,-45.625,-52.95,-55.238,-56.764,-57.68,-58.901,-59.511,-59.816,-59.664,-59.511,-58.443,-58.29,-57.222,-57.833,-56.001,-51.576,-45.167,-38.148,-34.181,-32.96,-32.197,-33.418,-32.197,-30.824,-26.246,-23.652,-22.126,-22.736,-25.636,-27.467,-30.824,-35.554,-39.369,-43.947,-46.693,-48.677,-47.914,-45.473,-42.116,-41.2,-42.116,-44.557,-46.693,-48.524,-45.625,-41.658,-37.233,-34.486,-35.401,-36.622,-36.47,-36.317,-32.96,-30.671,-29.298,-28.84,-26.093,-25.025,-26.704,-28.535,-29.603,-29.298,-27.924,-27.161,-26.246,-29.603,-30.366,-31.129,-34.028,-36.317,-39.674,-43.947,-45.167,-48.982,-51.881,-56.459,-58.748,-61.495,-61.8,-59.664,-58.901,-59.816,-62.868,-69.277,-73.397,-77.212,-76.754,-76.601,-77.059,-78.28,-78.585,-76.907,-74.007,-73.855,-73.397,-74.77,-75.228,-77.059,-77.822,-78.433,-75.076,-69.277,-62.563,-59.206,-60.579,-65.157,-66.378,-65.004,-61.8,-58.901,-53.713,-46.693,-39.369,-34.333,-32.197,-33.418,-35.249,-39.521,-40.895,-41.2,-39.674,-39.674,-39.064,-36.622,-30.213,-21.21,-11.444,-1.8311,6.4089,13.276,19.99,22.279,24.262,22.584,21.973,19.837,16.327,14.191,13.123,11.292,12.36,11.139,9.1556,9.3081,13.276,16.785,19.837,23.347,26.856,30.366,35.401,40.437,43.947,46.236,48.982,50.203,52.034,51.576,51.118,49.593,49.593,52.492,55.544,60.579,66.683,70.193,72.481,71.871,71.718,69.582,67.446,64.394,62.41,59.511,55.391,51.118,47.456,41.658,39.369,37.538,37.385,38.148,38.301,36.927,32.96,29.756,29.145,30.671,32.502,31.434,30.366,28.535,27.009,25.33,28.382,34.028,41.505,49.287,56.307,61.037,63.326,63.173,62.105,59.511,58.596,57.68,52.644,46.541,41.505,38.148,37.538,34.333,30.671,25.483,21.516,17.701,15.259,16.48,19.684,20.447,21.516,23.347,24.415,20.905,17.853,16.022,15.107,14.954,15.259,19.227,26.856,33.723,38.911,43.336,49.898,55.391,62.716,68.667,74.618,77.517,78.738,77.822,76.907,75.533,74.923,74.16,74.923,75.533,77.059,77.059,75.228,70.345,63.173,54.933,44.557,34.639,27.772,21.363,20.295,21.821,23.194,22.736,20.6,17.853,14.496,12.818,11.292,12.055,17.09,19.227,21.21,20.142,19.532,16.785,12.513,10.071,8.6978,5.7985,3.0519,1.9837,5.9511,10.071,16.022,18.006,16.48,14.191,12.36,8.8504,3.8148,2.1363,2.8993,2.2889,1.6785,-1.2207,-3.5096,-5.4933,-6.7141,-8.8504,-13.428,-16.785,-16.327,-13.428,-10.224,-8.5452,-3.5096,2.1363,8.6978,17.243,28.687,37.843,42.726,47.151,50.508,50.203,49.898,48.982,49.898,50.813,53.102,55.544,56.612,54.17,49.898,43.336,36.927,30.213,26.246,21.821,20.447,19.227,19.227,20.447,23.194,27.924,35.707,42.879,48.219,52.644,60.274,70.04,81.942,92.929,103.61,108.8,113.83,119.02,123.6,126.04,127.57,124.97,119.48,112,106.51,101.78,97.201,92.166,88.351,86.062,85.299,83.01,79.653,76.296,74.77,73.55,73.397,73.55,72.634,70.956,70.498,70.345,69.582,68.972,66.378,62.868,62.258,59.206,57.375,55.391,57.68,59.511,62.41,65.462,67.751,68.209,66.683,63.631,60.884,58.138,56.459,51.424,47.304,41.81,36.164,30.366,24.262,18.311,12.665,8.6978,5.0356,1.3733,-1.3733,-2.8993,-0.30519,-1.0681,-0.45778,-1.9837,-3.2044,-4.5778,-1.3733,1.0681,0.45778,-2.2889,-5.4933,-8.5452,-10.529,-11.444,-10.071,-9.7659,-7.0193,-3.0519,2.5941,7.477,12.665,15.717,13.733,8.24,1.2207,-6.7141,-11.292,-14.649,-14.649,-17.09,-19.532,-24.415,-26.551,-29.603,-34.944,-40.437,-46.083,-51.271,-57.985,-63.631,-68.667,-72.481,-74.16,-76.601,-74.77,-74.923,-77.364,-81.637,-85.452,-87.13,-84.536,-78.585,-70.498,-61.953,-54.476,-49.44,-46.999,-49.898,-49.44,-47.914,-45.473,-47.456,-52.492,-61.342,-69.124,-71.718,-70.04,-69.735,-67.598,-66.836,-63.631,-60.732,-56.764,-54.628,-50.813,-45.93,-45.32,-48.982,-55.238,-63.173,-72.787,-81.942,-86.367,-88.656,-84.078,-74.16,-60.579,-48.372,-35.859,-26.399,-23.499,-27.467,-35.249,-42.573,-50.661,-61.495,-69.124,-70.803,-65.767,-56.764,-48.677,-44.557,-44.404,-44.099,-43.641,-45.473,-47.914,-48.524,-45.778,-40.895,-32.044,-24.873,-19.227,-18.769,-19.684,-21.058,-22.584,-25.025,-28.535,-32.197,-36.317,-39.979,-41.505,-41.658,-40.132,-39.827,-35.707,-30.976,-28.382,-24.873,-22.126,-19.684,-17.701,-13.123,-7.7822,-6.4089,-2.2889,1.6785,7.1718,11.292,13.733,13.123,9.1556,4.883,3.357,3.6622,6.4089,10.376,19.379,30.213,42.726,52.339,56.612,56.459,53.865,51.729,54.476,59.816,67.904,72.787,75.228,75.533,75.838,73.855,69.582,60.579,46.846,32.044,17.396,4.2726,-5.6459,-15.412,-22.431,-30.061,-34.181,-40.742,-49.135,-58.901,-70.498,-83.01,-93.234,-101.02,-104.68,-108.65,-107.73,-107.12,-106.51,-108.65,-108.95,-110.02,-111.09,-114.29,-117.65,-120.85,-123.29,-126.04,-126.65,-128.64,-127.41,-127.41,-127.11,-127.41,-125.28,-122.07,-120.7,-119.02,-115.21,-110.17,-102.39,-95.828,-88.809,-84.689,-80.264,-77.364,-75.381,-74.16,-71.718,-72.329,-73.244,-73.244,-70.803,-69.124,-66.836,-64.241,-57.527,-51.729,-46.541,-41.2,-36.775,-32.044,-26.399,-20.447,-13.123,-6.2563,1.9837,9.4607,17.09,23.652,28.687,32.197,35.859,38.911,41.963,44.404,48.83,53.102,56.917,60.579,64.699,67.904,69.43,70.345,69.124,66.683,66.53,64.089,62.563,61.495,62.105,63.326,65.004,65.767,65.92,64.547,64.394,63.784,63.936,61.8,61.19,59.358,57.68,56.764,55.086,53.865,52.95,54.17,54.323,53.713,54.628,54.476,56.001,56.612,58.138,57.527,57.222,58.596,60.884,61.495,60.732,58.748,58.443,56.154,55.849,53.713,53.865,52.95,53.255,54.781,57.527,61.037,65.767,68.209,70.65,75.076,80.721,83.01,84.994,85.757,88.504,91.708,92.624,92.776,93.234,92.776,92.776,93.539,98.117,102.69,108.19,112.16,117.95,123.14,128.79,133.67,138.55,143.74,148.78,151.98,157.02,162.82,169.84,173.96,180.67,187.23,195.01,200.96,206.15,211.34,216.83,220.5,224.62,225.68,228.74,229.65,232.09,234.84,238.2,242.47,245.37,248.12,250.71,251.63,252.54,253.46,256.36,258.49,260.93,260.48,259.56,260.32,260.93,259.71,259.41,258.03,256.81,255.29,254.52,252.39,250.56,250.1,250.25,250.1,250.86,251.63,252.85,252.24,252.24,250.56,249.95,247.51,246.59,245.37,244.61,242.32,242.01,241.71,240.18,237.43,234.38,229.04,223.7,217.29,213.02,207.37,202.95,199.13,194.86,193.33,192.72,189.37,186.62,180.97,176.85,170.9,167.09,162.51,159.76,157.48,152.9,146.95,143.59,140.23,135.81,130.77,127.72,126.04,126.8,124.52,120.55,113.99,109.41,104.83,100.86,96.896,92.471,86.215,80.111,72.787,66.683,58.443,50.661,42.421,36.775,30.213,21.668,14.344,6.1037,-3.2044,-11.444,-16.785,-19.532,-24.567,-28.382,-34.486,-39.827,-45.778,-52.339,-59.358,-66.225,-72.329,-77.059,-80.416,-81.79,-85.147,-85.299,-85.91,-85.147,-87.588,-89.114,-89.724,-87.436,-84.536,-82.858,-83.926,-86.673,-86.673,-84.384,-80.721,-75.228,-70.193,-64.699,-59.816,-54.628,-47.761,-38.148,-30.824,-22.584,-13.276,-5.4933,1.3733,7.0193,10.834,16.48,22.431,25.788,26.704,28.535,27.924,30.824,33.723,36.47,38.911,39.674,37.385,32.502,26.399,22.126,18.769,16.48,15.412,16.327,12.665,11.75,8.5452,7.0193,5.7985,6.5615,5.7985,3.2044,-3.8148,-9.003,-11.75,-14.496,-19.532,-25.636,-31.739,-33.876,-34.639,-34.486,-36.775,-40.132,-44.862,-49.287,-53.102,-57.222,-62.868,-67.904,-75.381,-81.332,-85.757,-84.689,-86.52,-90.03,-95.065,-99.796,-105.29,-110.02,-115.21,-119.63,-124.82,-131.99,-136.57,-135.65,-130.62,-121.92,-113.38,-106.05,-102.85,-99.948,-101.93,-103.92,-107.58,-110.78,-114.29,-116.73,-120.09,-123.14,-128.94,-135.35,-140.54,-143.44,-148.93,-153.51,-161.6,-168.61,-173.8,-176.7,-177.62,-179.91,-181.43,-178.99,-176.85,-173.19,-169.99,-164.65,-161.29,-157.78,-154.73,-151.98,-149.08,-145.27,-141.15,-135.35,-131.99,-128.18,-125.13,-121.62,-119.48,-113.53,-104.83,-97.049,-91.403,-86.215,-82.858,-78.89,-74.007,-68.514,-62.105,-54.781,-50.203,-46.846,-46.388,-47.609,-47.914,-46.236,-41.2,-35.554,-31.587,-27.009,-22.889,-16.175,-11.139,-6.1037,-4.883,-8.0874,-13.581,-18.464,-21.821,-24.11,-26.399,-27.314,-30.976,-35.401,-43.336,-51.729,-60.884,-69.277,-76.601,-82.553,-87.436,-91.403,-95.828,-98.727,-102.39,-106.05,-111.55,-114.9,-118.87,-123.29,-127.11,-130.31,-134.59,-137.64,-141.61,-147.86,-156.41,-163.73,-170.9,-173.5,-173.04,-171.36,-168.31,-164.49,-161.6,-158.54,-154.73,-148.32,-142.67,-134.59,-126.96,-115.67,-102.39,-88.656,-77.212,-67.141,-61.495,-58.748,-58.748,-57.985,-59.664,-61.037,-61.953,-61.037,-63.478,-66.073,-66.378,-66.53,-66.683,-66.378,-69.735,-74.313,-78.28,-78.28,-78.28,-77.67,-78.433,-75.991,-75.228,-74.618,-74.16,-74.923,-72.787,-70.04,-66.988,-61.037,-57.222,-53.865,-53.255,-53.56,-56.154,-59.053,-59.969,-58.901,-57.833,-54.018,-49.287,-45.32,-44.099,-43.489,-47.761,-54.781,-65.462,-75.838,-84.841,-90.487,-96.286,-99.338,-101.02,-97.659,-95.218,-97.201,-101.17,-107.73,-116.43,-121.62,-121.01,-112,-99.033,-84.231,-72.481,-61.953,-58.596,-56.764,-57.375,-56.764,-52.492,-45.93,-40.284,-34.028,-31.129,-30.824,-36.317,-41.047,-48.067,-53.407,-61.037,-69.277,-80.569,-93.234,-104.37,-112.46,-113.38,-107.43,-99.796,-88.351,-77.364,-65.31,-55.238,-47.151,-45.473,-49.745,-58.901,-63.478,-58.443,-46.999,-34.028,-18.159,-3.9674,6.4089,5.4933,1.6785,-5.9511,-14.344,-24.873,-35.249,-39.979,-30.976,-11.292,11.139,25.33,32.044,29.45,22.431,8.6978,-5.4933,-15.717,-22.431,-25.636,-27.009,-27.161,-27.619,-32.502,-36.164,-38.759,-37.843,-36.164,-34.944,-36.47,-37.233,-35.859,-30.061,-22.889,-16.938,-13.733,-16.022,-21.821,-27.924,-36.47,-42.573,-49.135,-55.391,-61.342,-65.157,-71.566,-79.806,-86.062,-90.487,-94.913,-97.201,-97.201,-95.981,-97.507,-97.964,-99.948,-100.25,-101.17,-100.1,-101.47,-102.54,-103.46,-102.69,-101.32,-99.49,-98.88,-93.387,-88.656,-82.247,-77.517,-71.871,-65.615,-59.358,-55.238,-48.067,-40.132,-32.502,-25.788,-17.243,-10.681,-3.2044,3.357,12.055,18.616,26.246,33.876,40.284,44.404,49.745,55.238,60.121,65.767,74.465,81.484,87.741,91.861,97.507,103.61,112.16,117.65,122.68,128.48,134.59,139.62,142.06,143.59,144.05,143.59,146.34,149.54,155.19,159,165.26,170.6,175.94,180.67,183.42,184.33,186.32,188.76,189.67,189.37,191.96,193.33,195.47,196.84,198.22,198.83,201.73,204.32,205.69,206.46,207.98,209.36,211.34,212.56,215.92,218.67,223.85,228.13,232.55,235.3,237.74,238.81,239.11,239.72,238.81,237.74,240.33,242.47,247.51,251.63,257.58,262,265.82,269.17,271,272.53,274.51,276.8,279.24,281.38,284.74,288.09,292.67,296.95,301.98,303.66,306.25,308.39,311.29,312.97,314.49,315.71,317.55,319.83,323.95,327.01,331.13,332.65,334.33,335.55,336.01,334.94,332.35,327.92,323.95,319.83,315.87,312.36,309.76,305.34,302.9,300.15,298.47,294.96,291.6,287.33,283.06,280.92,279.85,279.4,279.4,279.85,282.6,284.74,288.25,290.84,293.13,294.05,294.05,293.59,291.76,290.84,289.16,287.18,285.81,282.3,280.92,279.09,280.47,280.62,280.77,281.53,282.14,283.67,284.28,282.45,281.23,279.85,279.24,276.65,275.89,273.75,273.6,273.75,272.07,269.33,267.49,266.43,264.14,261.85,260.48,256.66,251.93,246.89,242.16,236.06,229.8,223.24,216.07,209.66,203.71,195.17,187.99,178.53,170.29,160.83,153.97,149.69,145.42,141.3,137.03,131.69,124.67,115.82,107.43,100.56,97.201,91.708,89.114,85.604,82.4,78.89,77.822,77.67,77.059,75.533,73.244,70.956,71.871,72.024,73.855,74.77,76.907,77.212,77.059,77.059,75.838,72.329,69.277,68.972,67.446,64.394,60.427,53.56,47.761,39.827,33.418,27.619,22.126,15.87,9.4607,5.3407,0.30519,-5.0356,-8.5452,-13.581,-16.633,-22.126,-24.262,-26.856,-30.061,-35.707,-41.963,-48.219,-52.95,-57.375,-61.342,-65.615,-68.972,-73.855,-77.212,-81.637,-83.163,-84.536,-86.062,-87.893,-89.877,-91.708,-93.692,-96.133,-98.575,-101.32,-103.31,-107.27,-109.1,-112.31,-115.36,-118.56,-122.99,-130.01,-136.42,-140.23,-143.44,-148.47,-152.29,-154.73,-153.66,-153.81,-152.59,-153.81,-154.73,-154.88,-156.25,-157.63,-160.22,-163.43,-164.04,-162.97,-160.99,-162.36,-163.12,-166.17,-168.92,-172.43,-173.65,-172.89,-170.6,-167.39,-165.26,-165.26,-167.09,-169.23,-167.7,-164.49,-159,-151.68,-143.28,-139.77,-139.77,-140.84,-141.91,-143.89,-148.47,-154.58,-157.48,-159.92,-159.61,-159.31,-159.61,-161.9,-164.49,-168.92,-172.12,-175.02,-179.75,-185.71,-188.6,-190.59,-192.42,-192.57,-193.79,-199.59,-204.93,-209.2,-211.65,-217.14,-223.85,-232.25,-239.11,-244,-247.81,-250.25,-253.15,-256.97,-260.17,-264.14,-266.27,-270.09,-274.21,-275.89,-274.51,-273.45,-272.07,-270.09,-267.8,-264.44,-260.78,-259.25,-255.9,-253.46,-250.25,-248.57,-245.52,-240.94,-234.08,-226.29,-217.75,-210.43,-201.73,-196.54,-195.47,-197.61,-194.25,-186.47,-171.21,-153.2,-138.25,-125.74,-115.82,-110.63,-109.71,-113.68,-120.4,-125.58,-125.58,-126.5,-125.89,-127.72,-125.58,-123.6,-122.23,-124.21,-125.28,-123.14,-121.16,-118.72,-116.43,-117.04,-117.04,-119.17,-118.56,-118.41,-119.33,-122.53,-125.13,-130.62,-134.13,-138.4,-140.39,-137.03,-131.99,-126.96,-122.38,-117.8,-113.53,-112.77,-110.63,-111.7,-112.16,-114.75,-114.9,-112.61,-109.56,-107.12,-104.53,-101.78,-97.049,-92.318,-89.572,-86.978,-82.553,-81.027,-77.364,-76.449,-75.686,-77.517,-78.433,-78.585,-79.501,-79.958,-78.28,-75.991,-73.702,-73.55,-73.702,-74.923,-73.702,-71.871,-69.887,-68.209,-66.378,-67.141,-67.904,-68.667,-69.582,-71.108,-73.092,-76.449,-79.958,-84.841,-87.436,-90.793,-93.997,-97.354,-97.354,-94.76,-91.098,-91.25,-94.76,-97.201,-96.744,-94.913,-92.624,-92.776,-88.961,-84.994,-80.721,-79.196,-76.296,-70.498,-65.462,-60.579,-55.391,-49.135,-42.268,-37.843,-30.976,-24.873,-17.701,-12.36,-7.477,-1.6785,3.6622,6.8667,8.8504,11.75,15.564,17.243,19.684,19.99,19.837,19.684,19.684,19.684,19.837,18.769,17.548,16.633,16.633,17.09,20.753,24.415,26.093,25.483,25.636,27.619,30.061,32.502,37.233,41.963,46.999,48.83,51.881,54.781,58.29,62.258,66.073,68.056,68.361,67.293,65.92,62.258,60.579,57.222,54.17,48.83,44.557,40.895,39.521,39.369,38.453,39.216,41.963,41.81,41.353,39.674,40.437,40.742,42.268,44.71,45.625,46.999,50.356,54.476,58.748,63.173,69.277,73.55,77.822,80.416,83.01,84.994,86.978,92.318,96.133,99.033,100.86,101.63,103,102.54,103.92,104.22,106.97,108.65,110.32,110.63,110.78,112.46,113.99,114.75,115.21,114.44,115.36,114.14,113.99,112.77,112.61,110.17,108.19,106.05,104.22,100.86,99.643,98.88,100.25,101.47,105.29,105.29,104.22,104.37,104.98,105.59,107.27,107.73,107.58,105.9,106.05,103.92,101.93,100.56,99.643,97.659,97.049,97.201,95.981,94.455,95.218,94.15,92.471,91.556,94.15,94.455,91.403,84.536,77.364,70.345,68.361,69.43,71.871,74.007,74.313,74.618,74.923,75.228,73.702,68.819,64.699,61.037,60.121,57.985,57.222,55.696,51.729,47.914,45.015,41.353,38.606,34.486,30.824,24.72,21.363,18.311,17.243,14.801,13.733,12.513,11.597,10.987,10.681,11.139,10.834,6.5615,3.9674,1.6785,1.0681,0.91556,0.45778,-2.4415,-5.0356,-8.24,-12.818,-15.87,-18.006,-19.99,-22.431,-25.636,-27.314,-30.824,-33.57,-38.148,-40.742,-40.895,-39.674,-38.759,-41.353,-44.862,-49.44,-52.95,-54.323,-56.307,-56.459,-58.901,-61.495,-63.936,-65.157,-66.225,-66.225,-67.904,-68.819,-67.751,-66.683,-68.819,-72.329,-76.601,-79.196,-81.332,-80.264,-80.111,-79.653,-82.095,-85.299,-89.267,-93.844,-99.338,-104.22,-106.81,-106.36,-105.9,-104.37,-106.36,-111.09,-118.87,-123.6,-128.03,-127.87,-126.65,-123.91,-124.67,-126.19,-126.65,-125.74,-125.28,-125.58,-128.03,-130.01,-134.28,-136.57,-139.32,-140.23,-141.3,-137.64,-135.5,-131.99,-129.55,-129.25,-130.77,-133.67,-137.94,-139.62,-141,-142.52,-147.4,-151.68,-157.02,-158.39,-161.75,-164.34,-169.84,-172.89,-175.48,-176.55,-177.16,-173.96,-169.99,-165.72,-161.6,-155.34,-150.91,-144.96,-140.08,-135.2,-131.23,-125.43,-122.53,-119.48,-118.72,-119.02,-118.56,-116.12,-110.63,-105.14,-102.24,-99.185,-96.744,-92.471,-89.267,-85.757,-84.536,-81.332,-79.653,-78.738,-79.196,-79.653,-79.501,-78.585,-76.907,-75.686,-75.381,-75.076,-75.228,-73.55,-74.923,-75.838,-75.381,-74.923,-74.465,-74.465,-74.923,-74.923,-73.092,-70.345,-66.53,-63.631,-64.241,-63.631,-64.547,-63.631,-62.105,-57.985,-51.424,-44.404,-38.301,-32.96,-27.619,-21.516,-16.022,-9.7659,-5.7985,-0.76296,2.4415,8.8504,15.87,23.957,31.739,38.148,41.505,43.489,45.167,45.473,43.947,44.404,43.336,42.879,40.895,40.437,39.064,39.369,40.437,40.742,39.064,34.486,29.45,27.314,25.178,27.314,28.077,31.281,31.434,32.197,32.655,34.639,37.843,41.658,46.388,51.271,55.544,61.19,68.819,78.738,87.588,95.981,101.32,106.66,109.1,111.24,112.61,115.36,116.43,116.89,117.65,117.34,113.83,109.87,104.83,101.32,98.117,97.201,94.76,91.556,85.91,80.874,76.907,73.855,72.329,70.345,67.446,65.31,63.326,61.342,59.053,59.206,55.544,52.034,48.524,46.693,45.93,45.625,46.236,47.914,50.661,56.154,61.495,66.53,69.124,70.956,70.193,69.735,68.361,65.615,61.495,59.053,57.985,55.696,53.865,51.576,49.135,47.609,43.489,39.827,35.707,33.265,28.687,23.804,19.227,15.717,13.123,10.376,7.6296,5.1881,3.8148,3.6622,3.0519,3.2044,2.2889,3.9674,4.883,10.071,15.564,20.905,25.178,26.551,26.856,28.077,31.281,36.927,39.674,42.116,41.81,41.2,40.895,43.794,45.625,46.083,45.32,44.862,43.336,39.521,31.892,25.33,18.159,13.428,7.3244,1.9837,-5.7985,-13.733,-21.363,-27.924,-33.418,-38.301,-42.268,-45.778,-50.356,-52.034,-52.797,-50.661,-45.93,-41.963,-39.979,-37.385,-35.554,-34.486,-34.486,-34.791,-33.265,-29.298,-24.567,-17.09,-12.36,-7.3244,-1.9837,2.5941,7.0193,14.496,24.11,33.876,44.404,52.034,59.206,66.378,73.244,80.416,84.994,87.436,88.656,90.03,89.877,89.419,87.741,84.536,82.553,80.264,79.806,79.958,78.433,76.449,71.566,68.667,65.92,65.004,61.037,60.884,63.173,67.141,70.803,71.108,68.209,62.105,55.696,50.813,47.151,48.067,48.524,50.661,52.339,52.797,49.745,45.32,41.658,38.606,35.707,33.57,32.96,31.281,28.382,25.788,21.668,19.227,15.87,12.207,8.0874,6.2563,3.9674,1.2207,-1.5259,-5.6459,-9.4607,-11.139,-11.139,-10.834,-11.75,-11.75,-13.276,-13.276,-14.649,-14.801,-16.48,-18.311,-18.769,-18.464,-16.938,-14.344,-12.818,-9.003,-5.1881,-0.76296,0.61037,4.883,10.834,16.785,21.058,25.025,27.924,29.298,28.993,28.84,27.009,24.11,20.905,18.464,16.633,16.48,15.107,13.886,11.139,10.071,7.6296,5.4933,2.7467,-0.30519,-2.2889,-3.0519,-3.8148,-4.12,-5.6459,-7.1718,-7.7822,-6.2563,-5.6459,-4.883,-4.12,-1.6785,-1.5259,-0,2.1363,3.6622,2.8993,0.15259,-1.9837,-1.6785,-0,3.5096,7.1718,10.834,12.513,15.259,17.396,20.295,21.21,22.431,22.889,22.126,20.447,18.464,15.564,12.665,8.6978,6.1037,3.8148,4.12,4.12,3.6622,1.3733,0.45778,-1.8311,-1.9837,-1.6785,-0.91556,-1.0681,-0.45778,-0.30519,0.30519,0.45778,0.61037,-1.8311,-2.8993,-3.8148,-2.1363,-3.5096,-4.883,-6.4089,-7.477,-8.8504,-10.224,-12.36,-13.886,-14.496,-13.733,-10.681,-4.883,0.30519,6.2563,11.444,18.006,24.11,30.671,36.012,40.742,44.099,47.456,50.813,55.391,60.427,65.462,68.667,72.787,74.923,76.449,74.618,76.601,77.212,77.67,78.127,78.433,78.89,80.721,82.247,84.536,85.604,84.078,80.569,80.264,78.585,79.501,79.653,81.484,79.348,77.822,76.449,74.923,73.702,73.397,73.244,73.244,72.329,71.108,66.683,63.021,56.917,52.644,49.44,48.677,47.609,48.067,51.271,54.323,57.07,57.833,57.375,55.849,52.95,52.644,52.339,55.391,56.917,56.459,53.56,50.966,47.761,45.015,43.031,41.047,39.674,38.606,37.538,35.707,33.265,31.739,26.399,19.684,13.123,7.0193,-2.7467,-11.597,-19.227,-27.009,-37.538,-48.83,-59.053,-67.598,-76.296,-81.332,-84.994,-84.536,-86.215,-86.52,-87.588,-87.588,-90.945,-92.166,-91.25,-88.504,-85.299,-81.942,-78.738,-75.838,-74.16,-71.718,-69.735,-64.699,-62.105,-59.816,-59.969,-58.443,-57.07,-56.154,-56.612,-56.154,-56.001,-55.696,-55.238,-52.797,-50.508,-48.219,-48.067,-47.914,-50.05,-50.813,-51.729,-52.034,-51.729,-50.661,-49.135,-48.372,-48.677,-48.83,-50.508,-51.881,-53.255,-53.407,-55.696,-57.07,-57.527,-57.833,-56.917,-53.865,-51.881,-52.492,-54.17,-54.476,-55.696,-56.307,-58.901,-60.579,-65.92,-69.43,-72.024,-76.296,-79.806,-81.942,-84.689,-88.198,-90.335,-87.588,-83.316,-76.754,-72.634,-68.056,-64.699,-59.358,-55.849,-52.492,-46.388,-40.742,-37.69,-39.827,-44.404,-50.203,-57.07,-58.748,-58.29,-55.696,-52.339,-47.609,-46.388,-45.167,-41.658,-38.453,-36.622,-33.265,-29.908,-26.551,-23.652,-21.516,-23.652,-25.483,-28.077,-28.84,-30.976,-32.35,-34.639,-36.47,-37.538,-36.927,-35.249,-34.944,-36.775,-39.827,-41.505,-41.505,-42.726,-41.658,-40.59,-37.385,-32.655,-28.23,-25.33,-22.126,-18.311,-16.022,-14.191,-12.97,-13.276,-13.276,-13.276,-9.7659,-5.9511,-0.61037,1.8311,3.357,2.2889,1.8311,0.45778,-1.3733,-3.2044,-5.0356,-8.5452,-13.581,-18.616,-21.668,-24.72,-28.993,-35.859,-39.369,-41.505,-42.726,-42.268,-39.979,-36.775,-33.723,-30.671,-27.009,-22.279,-16.785,-13.123,-8.5452,-7.477,-7.0193,-6.8667,-5.9511,-6.7141,-5.1881,-2.7467,1.9837,6.4089,10.071,13.428,14.649,13.428,13.276,12.818,16.327,16.785,17.853,16.327,16.48,16.175,16.327,17.853,21.363,24.873,27.467,28.84,29.145,29.908,31.892,33.113,37.538,41.047,46.999,49.287,50.966,49.593,46.541,42.268,35.554,29.908,23.499,16.327,10.987,10.529,11.75,9.1556,6.8667,3.6622,1.2207,-1.2207,-1.6785,-3.0519,-3.6622,-3.2044,-3.8148,-4.883,-6.5615,-9.4607,-11.902,-13.428,-10.834,-8.3926,-2.2889,3.2044,10.224,14.496,18.616,23.957,29.603,33.265,38.301,42.573,47.151,49.898,54.781,58.748,62.258,62.716,62.716,63.173,62.868,61.953,59.816,56.917,54.628,54.17,53.713,51.576,49.135,44.404,41.047,36.164,32.197,27.314,22.584,17.243,12.207,9.003,5.4933,3.2044,3.8148,5.4933,9.003,10.834,12.513,12.665,13.886,15.412,16.327,15.107,11.75,10.834,11.139,13.886,16.48,17.853,19.532,19.379,21.21,20.753,20.905,19.379,19.227,18.616,19.532,20.905,19.99,17.548,16.327,15.564,14.344,11.597,9.9185,7.477,6.7141,6.4089,7.1718,8.8504,10.834,13.276,15.717,16.938,18.769,18.769,21.668,21.363,20.905,17.548,14.801,10.529,5.9511,0.45778,-5.1881,-11.597,-17.09,-23.957,-29.603,-35.554,-38.606,-40.895,-38.453,-35.554,-30.519,-27.467,-25.178,-24.262,-23.041,-20.447,-16.938,-16.022,-15.87,-16.022,-13.581,-11.139,-5.6459,-1.2207,4.883,8.5452,11.75,14.954,18.921,22.889,25.636,27.619,26.551,24.72,22.584,17.853,13.428,6.4089,0.15259,-7.3244,-13.276,-19.227,-22.431,-26.093,-27.619,-28.687,-31.587,-36.012,-39.979,-45.015,-49.745,-56.612,-62.563,-69.43,-74.618,-80.264,-82.247,-82.247,-79.653,-75.533,-70.04,-62.716,-56.764,-52.644,-47.456,-44.404,-39.827,-36.012,-30.213,-27.161,-23.957,-22.279,-19.532,-19.227,-19.227,-18.769,-18.464,-18.464,-17.701,-16.633,-14.344,-11.902,-9.3081,-9.1556,-10.224,-15.259,-17.548,-20.905,-23.041,-25.33,-28.077,-30.213,-30.976,-30.824,-30.671,-31.281,-29.603,-29.908,-27.772,-25.025,-20.142,-19.99,-20.905,-21.668,-21.973,-22.279,-22.126,-22.736,-23.347,-23.804,-22.889,-23.347,-23.347,-23.347,-22.126,-21.668,-19.379,-18.311,-14.649,-10.834,-5.1881,-0.15259,7.3244,14.344,21.516,28.382,34.639,39.674,44.404,47.304,51.118,53.713,56.307,56.612,56.001,52.797,48.83,43.947,39.521,34.639,30.366,27.619,25.025,22.126,20.447,18.616,18.616,18.006,19.684,19.99,22.279,24.11,27.009,29.908,34.333,37.996,41.81,43.489,46.236,49.287,53.56,57.222,62.41,64.089,67.751,67.751,68.209,69.887,72.634,76.296,80.416,84.384,87.893,89.267,90.03,90.335,91.861,89.724,86.978,82.858,80.721,77.67,73.855,72.634,72.176,70.65,70.193,69.887,68.056,65.767,64.089,62.563,63.478,64.852,65.004,62.868,64.547,67.904,74.465,79.958,85.452,90.182,94.15,97.659,100.25,101.63,100.56,97.659,97.507,96.896,99.948,100.71,102.69,102.24,101.78,100.71,100.1,100.41,102.54,103.61,103.31,104.83,108.19,108.19,110.17,109.56,110.48,109.1,107.88,105.44,103,99.643,93.539,86.215,80.264,74.313,68.819,62.258,58.596,53.102,47.456,40.437,34.181,29.908,29.45,30.976,30.824,30.976,32.96,32.96,36.317,37.843,39.216,39.827,42.726,45.32,47.761,48.067,48.83,47.609,43.489,42.116,40.284,38.606,35.707,31.129,27.161,21.973,19.227,16.022,14.649,12.513,9.7659,7.3244,4.883,1.2207,-3.0519,-7.9348,-12.36,-16.022,-19.074,-22.736,-25.178,-26.551,-27.161,-31.129,-34.181,-38.759,-40.437,-41.81,-43.031,-44.404,-45.32,-45.473,-45.778,-45.778,-44.252,-47.456,-48.524,-51.729,-52.95,-53.255,-50.813,-50.813,-51.271,-52.339,-54.018,-55.391,-56.612,-59.053,-63.021,-67.446,-69.277,-70.65,-68.514,-65.615,-61.342,-59.969,-57.07,-54.933,-50.966,-45.93,-40.742,-36.622,-33.113,-30.519,-29.45,-28.993,-25.788,-24.873,-23.652,-23.194,-23.194,-27.924,-29.756,-32.807,-36.164,-39.064,-39.979,-39.674,-39.521,-40.284,-41.047,-42.421,-42.421,-42.726,-42.879,-45.473,-45.015,-44.252,-41.353,-40.284,-39.979,-39.369,-38.148,-37.385,-37.69,-39.827,-41.2,-41.963,-40.437,-40.284,-39.674,-39.064,-37.08,-36.317,-35.096,-36.012,-38.301,-41.505,-46.083,-50.661,-55.086,-59.206,-60.274,-61.953,-61.037,-61.19,-61.647,-62.868,-62.868,-63.173,-61.342,-59.206,-57.07,-52.95,-49.135,-46.693,-44.404,-42.573,-39.216,-37.996,-35.859,-34.028,-31.892,-31.434,-30.213,-28.84,-25.636,-21.821,-16.327,-12.665,-9.1556,-7.9348,-7.6296,-8.0874,-7.6296,-8.24,-7.477,-9.4607,-9.7659,-12.36,-14.954,-17.548,-19.532,-21.668,-23.194,-23.652,-23.499,-23.041,-19.684,-17.243,-14.344,-14.954,-14.801,-15.564,-16.938,-17.09,-16.48,-16.48,-15.717,-16.633,-16.938,-19.074,-20.905,-23.194,-24.873,-26.246,-26.399,-27.009,-26.856,-27.924,-28.077,-29.45,-32.655,-36.622,-39.674,-43.794,-45.625,-49.898,-52.034,-52.95,-52.187,-51.881,-49.593,-46.083,-44.404,-43.794,-44.404,-43.336,-42.268,-41.047,-40.437,-41.505,-40.437,-39.369,-38.911,-40.742,-40.284,-40.59,-39.827,-38.301,-37.08,-35.859,-36.012,-34.791,-32.807,-32.96,-32.502,-32.35,-29.908,-28.077,-25.025,-22.279,-20.753,-20.905,-21.21,-22.584,-24.873,-29.756,-35.707,-40.132,-42.726,-46.541,-46.846,-46.388,-42.573,-40.59,-37.69,-33.876,-28.687,-23.347,-18.006,-13.733,-9.3081,-4.12,2.2889,6.8667,11.75,15.564,21.363,25.025,27.924,29.45,31.892,35.096,37.385,37.843,37.385,37.69,38.453,40.59,42.879,42.573,42.726,41.963,41.505,38.759,36.622,31.739,27.772,22.889,18.616,14.649,9.4607,5.6459,3.6622,2.4415,2.7467,1.5259,3.357,4.12,5.4933,5.4933,6.1037,6.8667,5.9511,4.2726,1.9837,-1.0681,-3.5096,-5.0356,-4.12,-1.9837,2.4415,3.357,5.7985,3.8148,2.1363,0.45778,-0.61037,-3.2044,-9.003,-15.412,-20.6,-24.873,-27.619,-29.145,-28.993,-32.197,-36.47,-41.047,-44.252,-48.219,-51.881,-55.849,-56.764,-56.612,-54.933,-56.001,-58.748,-64.241,-70.193,-74.465,-75.076,-77.364,-76.907,-74.923,-68.819,-64.241,-60.579,-61.647,-61.647,-59.969,-56.307,-53.102,-48.677,-44.404,-41.658,-41.047,-38.453,-35.859,-34.486,-34.028,-32.502,-33.418,-32.655,-30.671,-26.551,-22.584,-19.684,-18.616,-19.837,-21.21,-18.921,-18.159,-15.564,-15.107,-14.191,-13.886,-12.055,-13.581,-14.344,-16.633,-17.548,-18.616,-19.227,-18.006,-16.938,-17.396,-18.006,-18.006,-15.107,-10.834,-5.7985,-2.1363,3.5096,7.7822,10.834,9.3081,6.5615,3.6622,1.8311,2.8993,5.0356,6.7141,5.9511,4.2726,5.0356,4.4252,5.0356,4.5778,4.2726,2.5941,1.5259,-1.5259,-3.357,-3.8148,-3.2044,-3.357,-2.7467,-3.9674,-5.9511,-7.477,-7.3244,-8.6978,-8.5452,-8.6978,-8.5452,-10.071,-9.4607,-10.376,-10.681,-8.5452,-3.5096,2.1363,7.3244,12.055,17.548,20.6,23.804,26.551,29.756,31.739,36.012,39.674,43.336,47.456,50.661,52.034,54.323,56.001,56.001,53.865,52.339,50.661,48.067,44.862,42.726,37.538,34.333,30.366,26.399,19.532,14.954,9.4607,6.8667,4.7304,2.2889,-0.15259,-2.4415,-6.1037,-11.139,-15.87,-18.464,-23.957,-25.178,-26.399,-27.467,-28.84,-26.856,-23.041,-18.616,-14.649,-11.444,-9.3081,-7.0193,-6.5615,-6.5615,-5.6459,-2.4415,-0.76296,2.5941,2.5941,3.5096,2.4415,1.6785,-0.91556,-1.8311,-3.9674,-5.7985,-7.3244,-7.9348,-8.8504,-9.1556,-8.6978,-6.5615,-7.3244,-7.6296,-10.529,-12.818,-16.48,-16.938,-18.921,-21.058,-24.72,-28.993,-33.57,-39.064,-43.794,-45.625,-46.541,-45.473,-44.404,-40.284,-37.385,-33.876,-32.96,-29.298,-27.009,-23.499,-17.396,-11.597,-5.7985,-1.3733,2.4415,9.7659,17.396,23.804,28.84,35.554,40.742,46.999,51.271,55.696,58.748,62.258,65.462,68.819,70.803,71.871,72.939,72.481,70.498,67.904,63.478,58.138,48.219,38.606,27.772,17.853,6.2563,-4.5778,-15.259,-25.33,-35.401,-45.015,-53.102,-59.206,-64.241,-66.683,-67.904,-67.446,-66.683,-63.936,-61.8,-56.612,-52.034,-47.304,-43.947,-41.658,-38.759,-35.096,-32.96,-29.45,-25.941,-21.21,-18.006,-12.818,-8.8504,-4.12,-1.8311,1.6785,2.1363,3.5096,5.1881,5.6459,4.883,3.2044,2.1363,-0.15259,-3.357,-5.4933,-9.6133,-12.207,-16.633,-21.516,-27.161,-31.281,-35.249,-38.759,-40.59,-40.284,-40.284,-40.284,-43.489,-45.32,-46.999,-44.71,-42.879,-40.437,-36.775,-32.197,-29.298,-25.483,-20.753,-16.48,-10.224,-2.1363,3.6622,10.224,17.243,23.499,27.467,30.519,31.739,32.655,32.807,32.502,30.671,28.84,24.262,21.21,18.616,16.633,16.175,16.175,16.327,14.801,13.276,9.003,3.2044,-3.0519,-10.224,-17.09,-24.11,-31.587,-36.775,-41.047,-45.625,-50.356,-53.407,-55.544,-58.748,-60.427,-63.784,-64.699,-64.852,-63.173,-60.274,-56.154,-50.661,-44.71,-39.674,-32.502,-28.535,-26.093,-24.262,-21.973,-19.532,-16.327,-13.428,-10.376,-8.8504,-5.3407,-5.0356,-2.5941,-1.6785,0.45778,-0.30519,-0.45778,-1.2207,-2.2889,-2.8993,-2.7467,-3.357,-3.2044,-5.1881,-5.0356,-6.5615,-7.9348,-10.987,-14.496,-16.785,-15.564,-12.97,-11.292,-9.9185,-8.0874,-8.5452,-9.1556,-13.123,-15.259,-16.48,-14.649,-13.276,-12.207,-10.376,-6.8667,-3.357,1.5259,5.0356,9.7659,12.665,16.785,18.464,19.837,23.041,27.619,32.35,37.08,43.336,49.898,55.391,61.19,66.073,70.956,72.787,74.77,76.296,77.059,75.991,74.16,70.803,65.31,59.053,52.95,44.252,35.859,26.856,21.363,16.48,13.276,12.513,12.513,11.597,10.529,10.224,11.902,12.818,15.717,17.548,21.363,25.788,32.044,38.301,44.862,48.372,49.898,51.729,52.187,52.187,54.17,55.238,58.29,60.579,63.478,64.089,60.884,54.476,49.745,46.388,43.031,37.69,33.57,29.45,26.399,20.905,16.175,9.4607,1.0681,-5.0356,-10.681,-12.818,-11.139,-12.665,-13.581,-17.243,-19.684,-23.652,-25.636,-28.687,-30.061,-30.824,-31.892,-33.265,-34.028,-30.976,-27.467,-23.804,-19.227,-17.853,-15.717,-13.123,-6.2563,-0.45778,7.1718,13.733,17.396,19.074,21.668,23.499,20.6,12.97,4.883,-3.6622,-9.6133,-16.022,-19.837,-25.483,-30.061,-34.333,-38.148,-41.81,-43.947,-45.167,-47.151,-49.44,-50.508,-51.424,-49.135,-49.898,-48.372,-49.135,-48.982,-51.118,-53.102,-52.797,-49.44,-45.93,-40.895,-35.249,-31.281,-29.298,-25.788,-24.567,-23.652,-25.636,-27.619,-31.739,-34.333,-39.216,-41.963,-44.404,-47.609,-51.424,-55.238,-59.206,-60.732,-63.784,-64.241,-65.92,-67.293,-68.361,-66.683,-65.615,-64.241,-63.326,-63.631,-65.31,-66.073,-66.988,-66.988,-66.988,-63.173,-59.358,-55.086,-54.933,-51.729,-48.982,-44.862,-42.573,-41.2,-40.437,-40.895,-43.947,-47.304,-50.813,-51.881,-53.865,-53.56,-53.713,-54.018,-56.459,-57.375,-57.985,-61.8,-67.904,-74.16,-79.501,-83.163,-86.367,-89.877,-94.455,-96.133,-98.575,-99.338,-101.47,-102.08,-102.24,-102.08,-100.71,-97.049,-94.302,-90.793,-87.436,-85.299,-84.841,-83.163,-84.841,-85.604,-83.773,-81.332,-80.721,-82.4,-83.468,-82.553,-82.705,-82.858,-84.384,-83.773,-86.215,-89.419,-93.081,-96.591,-99.185,-101.17,-103.31,-105.29,-106.66,-108.49,-111.24,-113.07,-117.34,-121.31,-127.26,-129.09,-131.84,-133.52,-132.91,-131.08,-129.86,-128.18,-125.74,-119.63,-113.38,-105.59,-98.88,-92.013,-87.741,-83.621,-77.975,-70.345,-63.784,-58.901,-55.696,-52.492,-52.034,-49.44,-46.846,-41.658,-38.911,-35.401,-34.944,-34.639,-37.08,-39.521,-41.81,-41.81,-44.557,-46.236,-46.541,-44.557,-44.557,-42.116,-40.59,-39.827,-41.2,-38.911,-37.385,-33.876,-29.908,-24.11,-18.311,-12.818,-9.4607,-5.4933,-2.8993,2.4415,6.5615,13.276,18.159,24.72,28.993,34.181,37.996,39.979,40.742,40.895,39.827,37.69,34.486,33.876,31.129,29.145,25.636,23.499,20.447,19.227,16.175,14.649,14.344,15.107,14.649,16.785,19.837,22.584,24.567,27.924,30.824,35.249,38.911,46.083,52.339,58.29,62.868,65.615,67.141,68.056,68.209,65.31,61.495,59.358,54.628,49.135,42.421,37.233,30.213,24.11,16.48,12.207,8.6978,6.4089,3.6622,2.4415,1.8311,0.30519,-1.6785,-1.9837,-0.76296,2.4415,1.0681,-1.6785,-2.8993,-3.8148,-4.7304,-4.5778,-6.1037,-8.5452,-11.139,-11.75,-10.376,-6.7141,-6.4089,-4.883,-5.0356,-2.7467,-1.5259,-0.15259,-1.8311,-3.0519,-2.7467,-1.5259,-2.1363,-5.1881,-8.6978,-9.7659,-10.529,-9.6133,-9.4607,-8.24,-7.7822,-6.4089,-6.4089,-5.4933,-6.4089,-6.4089,-3.9674,-0,1.8311,4.5778,8.8504,14.496,16.785,20.6,24.873,30.976,35.707,41.658,44.557,45.93,49.593,54.933,60.427,66.683,69.124,67.598,62.105,56.459,49.287,43.489,38.453,34.028,28.993,26.399,21.668,15.412,10.224,5.1881,-0.76296,-3.0519,-5.3407,-4.4252,-0.91556,4.7304,7.477,9.003,10.834,11.444,10.529,8.8504,5.6459,1.3733,-2.4415,-2.8993,-4.883,-5.1881,-7.6296,-7.9348,-8.8504,-9.1556,-11.292,-11.597,-10.987,-9.3081,-8.5452,-9.4607,-11.597,-9.9185,-8.0874,-5.6459,-5.4933,-3.8148,-5.1881,-5.9511,-10.071,-12.207,-12.818,-12.513,-10.681,-5.7985,-0.91556,0.76296,1.0681,1.3733,1.3733,4.4252,6.4089,9.4607,11.139,13.581,15.259,16.327,16.327,13.428,9.6133,6.2563,2.7467,1.2207,0.30519,-0,-2.1363,-3.2044,-5.1881,-5.1881,-7.3244,-11.444,-13.581,-15.564,-16.327,-15.259,-15.412,-14.954,-14.954,-11.597,-8.24,-7.0193,-7.477,-7.6296,-6.8667,-6.4089,-7.0193,-7.0193,-5.4933,-2.5941,0.76296,5.1881,7.6296,12.055,15.717,21.21,24.873,27.009,27.161,25.636,23.652,23.652,24.11,24.567,21.21,21.058,20.905,21.973,20.905,19.379,16.633,13.581,11.139,7.7822,1.5259,-5.1881,-8.5452,-10.224,-14.801,-20.295,-28.23,-35.859,-44.252,-48.067,-51.424,-55.238,-60.427,-65.157,-70.803,-74.465,-75.686,-74.923,-72.634,-69.582,-66.836,-63.173,-58.748,-53.713,-49.135,-44.71,-41.505,-39.369,-38.148,-38.148,-38.911,-40.284,-45.778,-48.83,-53.713,-56.764,-59.511,-60.884,-62.258,-63.478,-66.53,-70.193,-75.686,-81.79,-87.13,-91.25,-96.133,-98.117,-101.02,-101.47,-103.61,-104.37,-104.22,-102.08,-101.32,-103.15,-107.12,-110.32,-112.46,-111.85,-111.7,-107.12,-103,-97.049,-94.455,-92.318,-91.556,-91.861,-93.234,-93.081,-90.487,-85.604,-83.163,-79.653,-78.28,-76.144,-76.296,-75.228,-75.991,-76.449,-80.416,-83.773,-87.283,-90.64,-95.218,-100.56,-107.73,-113.53,-117.8,-120.7,-124.21,-121.62,-118.11,-112.31,-109.71,-107.88,-106.66,-103.92,-99.796,-95.37,-92.013,-86.825,-79.501,-73.702,-70.193,-67.904,-67.141,-63.631,-61.953,-58.29,-56.307,-55.086,-56.764,-56.764,-57.833,-60.274,-64.852,-69.582,-75.228,-80.264,-85.299,-89.267,-95.37,-101.47,-110.63,-118.11,-128.64,-138.1,-148.63,-157.93,-170.14,-181.89,-191.2,-198.22,-204.17,-207.53,-210.73,-209.66,-207.68,-199.29,-190.89,-182.96,-179.75,-176.09,-173.5,-169.23,-164.65,-159.76,-157.32,-155.03,-154.42,-154.12,-155.03,-155.03,-157.32,-158.7,-163.27,-166.78,-175.02,-182.5,-189.37,-193.03,-197.45,-202.49,-207.83,-210.73,-215.31,-218.82,-227.06,-234.53,-244.76,-254.07,-265.21,-273.9,-282.91,-291.76,-300.45,-308.39,-315.41,-322.43,-331.58,-339.21,-347.91,-355.54,-363.32,-369.43,-375.07,-378.43,-382.24,-386.06,-392.32,-398.27,-403.15,-407.27,-410.17,-411.24,-414.29,-415.51,-418.56,-419.63,-420.7,-420.24,-420.24,-420.55,-420.55,-420.7,-420.7,-420.55,-420.7,-418.71,-418.1,-416.43,-415.66,-413.07,-411.69,-410.02,-408.34,-408.03,-406.66,-404.68,-402.08,-397.96,-395.67,-392.47,-390.64,-387.13,-384.23,-380.57,-377.36,-373.7,-369.88,-365.76,-361.64,-356.91,-351.88,-346.23,-341.2,-333.87,-328.84,-322.43,-317.7,-312.2,-308.08,-301.98,-295.88,-290.54,-286.11,-281.23,-276.35,-270.7,-265.66,-259.41,-254.37,-247.66,-242.77,-236.67,-232.09,-225.68,-220.19,-213.78,-207.53,-201.12,-195.01,-188.6,-182.96,-175.48,-170.14,-163.43,-158.39,-151.83,-145.88,-139.62,-133.67,-126.8,-122.07,-116.58,-111.24,-105.14,-100.56,-94.15,-89.114,-83.621,-78.738,-74.465,-70.803,-66.683,-63.326,-59.664,-57.07,-54.17,-53.102,-49.898,-48.067,-44.557,-43.336,-41.353,-38.911,-35.554,-32.502,-28.687,-24.873,-21.363,-19.074,-14.496,-11.292,-7.0193,-2.5941,3.5096,8.24,13.733,18.769,23.347,29.756,36.622,43.947,53.255,61.037,70.956,78.585,87.741,95.065,104.98,114.75,123.91,131.69,138.86,145.73,153.05,159.46,168.77,176.7,186.16,195.17,204.47,210.88,219.58,226.6,233.47,241.86,251.17,259.1,263.53,263.07,263.99,267.49,277.26,286.26,295.27,300.3,303.96,305.8,307.63,310.07,313.73,316.78,320.6,323.95,328.53,332.96,338.6,343.79,349.59,351.42,348.83,341.2,328.38,312.05,295.42,274.67,250.4,223.55,196.23,168.61,141,110.93,78.738,46.846,15.87,-17.243,-45.778,-75.686,-102.69,-130.62,-157.93,-184.79,-214.24,-246.13,-277.41,-309.92,-340.13,-366.53,-387.43,-408.8,-424.67,-441.45,-455.18,-464.95,-468.76,-469.07,-466.32,-461.9,-456.1,-447.4,-430.31,-410.47,-386.82,-355.24,-311.75,-260.93,-202.03,-146.49,-96.744,-44.71,2.1363,13.733,9.3081,25.025,23.194,-3.8148,2.4415,13.581,-16.327,-46.388,-44.404,-49.44,-53.255,-20.905,0.76296,19.99,64.852,100.25,137.03,178.38,194.4,189.52,180.21,174.11,182.04,199.9,229.19,262.61,281.08,289.47,294.5,289.93,280.92,266.58,251.78,241.25,235.91,229.04,221.26,214.24,216.22,213.32,198.83,186.93,178.69,161.29,135.96,112.77,91.861,59.969,25.788,-6.5615,-39.521,-76.754,-114.9,-148.01,-175.48,-203.86,-229.8,-251.32,-268.41,-289.01,-309.46,-326.85,-338.15,-346.84,-352.95,-358.13,-361.64,-362.87,-363.48,-366.07,-368.97,-373.39,-378.73,-387.59,-397.5,-406.81,-412,-418.56,-424.82,-428.63,-431.68,-435.35,-438.25,-441.45,-442.82,-443.89,-442.21,-440.38,-435.8,-430.92,-423.9,-416.43,-408.19,-397.5,-386.52,-376.14,-362.1,-348.37,-332.65,-316.63,-297.4,-278.18,-258.03,-240.18,-224.01,-207.98,-191.35,-176.85,-161.6,-146.95,-131.53,-118.41,-105.75,-93.844,-81.027,-69.277,-57.07,-46.236,-37.385,-29.603,-22.584,-15.564,-7.1718,-1.0681,6.2563,11.75,18.464,24.873,32.044,37.996,44.252,49.593,55.391,60.274,65.31,67.598,71.413,74.313,78.127,79.958,83.163,85.757,88.504,89.267,90.793,91.708,92.471,92.471,94.15,93.997,95.523,95.065,95.523,94.302,94.302,94.15,93.539,92.776,92.166,90.487,89.267,88.046,88.046,85.91,85.299,84.231,85.757,86.062,86.367,85.757,84.689,83.316,82.553,80.874,79.958,77.212,75.381,72.176,70.803,68.056,66.683,64.089,61.8,58.596,57.375,54.933,52.492,50.05,49.135,46.236,45.015,42.116,39.827,36.622,34.028,32.35,30.061,28.077,26.399,23.652,21.973,18.311,17.243,14.801,13.733,10.681,9.3081,7.477,6.1037,4.12,2.1363,0.91556,-0.91556,-3.0519,-2.7467,-4.2726,-3.357,-3.8148,-3.357,-4.7304,-4.883,-5.0356,-5.6459,-5.9511,-6.4089,-7.9348,-8.24,-11.139,-12.055,-14.954,-16.938,-20.295,-21.668,-23.957,-26.856,-29.603,-31.892,-35.554,-38.301,-41.2,-42.421,-45.015,-47.304,-50.203,-52.339,-54.018,-56.307,-57.222,-58.901,-61.647,-63.631,-66.073,-65.767,-67.446,-66.53,-66.988,-66.53,-67.446,-67.293,-67.446,-66.073,-64.089,-61.953,-59.816,-59.206,-58.901,-57.07,-57.222,-56.459,-55.849,-52.95,-51.576,-49.593,-46.541,-44.252,-41.81,-39.827,-37.996,-36.012,-34.333,-33.113,-31.129,-27.772,-25.025,-21.21,-18.616,-15.564,-14.344,-11.292,-8.0874,-5.4933,-2.8993,0.15259,2.2889,3.5096,6.7141,11.139,14.039,18.616,21.821,25.636,27.314,31.892,35.096,40.132,44.099,48.067,52.187,55.849,58.901,62.563,66.378,71.871,75.228,79.501,82.095,85.91,87.588,90.487,91.708,95.218,98.422,101.17,102.69,103.76,103.92,104.53,105.29,108.34,110.02,112.92,113.83,116.73,116.43,117.95,119.02,120.7,122.53,125.13,127.41,130.47,131.84,135.35,136.72,139.47,141.45,145.73,148.63,153.97,159.92,166.02,171.36,175.02,177.62,182.65,186.62,191.96,196.54,202.19,206.46,213.63,219.12,224.46,229.04,233.47,236.67,240.94,246.28,254.52,261.7,268.87,274.67,280.16,286.57,290.99,295.11,300.15,303.51,308.54,312.51,318.92,324.11,328.84,332.04,334.18,334.94,336.92,337.53,339.98,341.65,345.01,348.37,351.73,354.17,357.22,358.44,358.9,359.36,360.58,361.19,362.87,362.71,362.1,360.12,356.15,351.12,346.39,341.5,336.62,332.19,329.91,326.4,322.73,317.24,315.1,312.51,309.61,309,308.85,308.08,307.17,307.47,310.37,312.51,313.88,311.59,308.54,304.88,301.37,298.47,296.64,294.35,292.98,292.52,292.98,294.66,297.86,298.01,298.17,295.72,294.5,292.67,291.91,291.3,290.08,287.03,284.28,279.85,274.06,268.26,263.53,262.15,261.09,258.8,256.97,252.39,249.79,246.59,244.61,242.01,241.86,240.18,236.52,230.72,226.91,223.4,219.89,217.29,216.07,215.31,216.38,216.68,215.31,212.41,210.73,207.83,206,204.78,203.56,202.34,200.51,197.45,196.69,194.25,191.2,186.93,183.87,180.36,178.69,177.47,177.77,179.75,181.43,180.21,177.92,171.97,167.09,161.44,159.76,158.24,156.25,155.19,151.83,147.4,141.15,130.62,121.01,109.87,101.32,91.098,84.384,78.738,72.939,67.446,60.884,53.102,46.083,39.521,32.807,25.483,21.821,18.464,14.954,9.6133,5.0356,-0.45778,-5.9511,-11.597,-16.175,-21.668,-25.025,-29.45,-32.807,-37.08,-40.895,-44.862,-45.015,-45.015,-42.421,-44.252,-48.067,-53.865,-60.732,-66.073,-66.378,-69.43,-74.007,-82.553,-91.098,-98.422,-100.1,-102.24,-102.39,-104.53,-106.51,-112.16,-118.11,-121.77,-124.52,-128.03,-130.92,-135.35,-138.71,-145.42,-152.59,-160.99,-163.27,-164.65,-167.7,-172.58,-175.48,-181.74,-186.77,-192.27,-195.01,-200.35,-205.85,-213.02,-219.73,-226.75,-231.33,-236.52,-242.47,-248.27,-250.86,-250.1,-246.44,-243.39,-239.11,-236.98,-234.69,-238.04,-238.65,-238.5,-236.21,-234.84,-231.48,-226.45,-220.65,-212.87,-201.73,-192.42,-183.87,-181.28,-179.91,-181.89,-181.28,-182.35,-179.91,-175.94,-168.77,-161.44,-157.32,-154.88,-151.22,-150.15,-147.56,-146.18,-148.47,-157.02,-164.49,-171.82,-169.84,-157.93,-138.86,-124.06,-115.82,-114.6,-114.44,-111.55,-103.61,-97.354,-88.656,-79.501,-70.345,-70.345,-74.313,-79.196,-82.553,-88.198,-91.403,-97.964,-106.66,-117.95,-129.09,-139.77,-146.03,-149.08,-148.32,-148.93,-150.46,-156.1,-163.27,-171.36,-181.28,-192.27,-201.42,-209.97,-218.82,-229.5,-238.96,-248.12,-250.71,-245.67,-234.08,-224.92,-215.77,-212.26,-215.46,-222.63,-229.5,-241.25,-259.71,-285.04,-298.47,-298.01,-283.82,-268.11,-251.17,-235.76,-230.87,-238.5,-254.68,-275.58,-297.4,-314.34,-319.38,-314.95,-301.68,-288.09,-277.87,-276.8,-280.92,-290.69,-305.19,-319.22,-328.38,-334.94,-339.52,-347.61,-357.98,-372.33,-386.67,-403.76,-420.85,-435.65,-446.79,-457.47,-468.76,-480.36,-493.33,-504.32,-514.24,-525.22,-533.92,-540.64,-539.41,-533.01,-525.22,-518.05,-514.24,-514.24,-518.36,-525.53,-531.48,-535.91,-538.19,-539.26,-535.29,-531.33,-528.73,-526.29,-521.26,-511.03,-495.93,-481.12,-469.37,-458.24,-451.83,-452.28,-455.64,-461.29,-463.27,-465.71,-466.48,-468.15,-473.49,-481.43,-487.08,-490.89,-489.36,-485.4,-475.94,-468.15,-462.2,-457.32,-453.81,-447.86,-442.67,-441.45,-444.65,-450.3,-457.01,-467.85,-477.92,-486.31,-492.42,-493.18,-489.36,-483.72,-476.39,-467.85,-462.2,-455.79,-446.03,-439.77,-433.21,-429.4,-425.28,-424.05,-423.44,-424.67,-428.94,-432.45,-433.06,-433.67,-436.72,-439.47,-439.77,-441.6,-441.6,-440.69,-439.92,-438.55,-432.91,-424.51,-417.04,-410.17,-402.54,-394.3,-386.97,-382.55,-378.89,-377.82,-375.84,-373.39,-368.21,-361.03,-353.86,-347.15,-340.13,-332.96,-325.94,-319.53,-312.36,-306.25,-300,-294.05,-286.57,-281.08,-273.29,-265.36,-255.75,-245.98,-238.35,-231.18,-223.4,-216.38,-207.53,-200.35,-191.35,-183.42,-173.35,-163.27,-152.29,-142.06,-130.92,-118.87,-106.66,-94.302,-82.705,-72.329,-61.19,-49.135,-36.164,-25.483,-13.733,-0.15259,17.396,32.96,48.219,64.089,78.738,91.861,105.14,118.87,133.82,149.08,163.43,176.7,189.37,199.74,212.26,225.07,241.1,257.27,273.14,289.77,304.88,317.7,330.82,343.18,355.85,369.88,382.85,394.3,407.57,418.1,430.16,440.84,452.74,462.81,474.11,482.8,492.57,502.64,513.02,522.78,531.17,538.65,547.5,553.61,561.24,567.34,574.36,580.31,588.09,594.2,599.54,603.2,607.17,610.37,613.57,615.56,618.61,620.44,623.65,624.71,626.09,625.17,626.85,628.07,630.97,633.72,637.07,642.72,648.06,653.86,658.44,660.57,662.71,663.47,665.46,665.46,666.37,665.46,665.61,664.85,663.93,661.49,660.27,659.66,658.74,657.06,657.06,654.77,652.94,650.5,650.04,648.37,646.69,644.4,641.19,637.68,635.7,635.55,635.7,636.16,638.45,639.36,640.43,640.58,641.19,639.52,638.29,636.62,635.09,634.78,634.17,633.56,632.65,630.21,629.44,628.53,629.9,630.21,630.82,630.51,629.9,627.77,625.02,622.58,619.37,615.1,611.9,608.08,603.35,598.01,595.26,592.21,590.38,587.02,583.67,580.61,578.63,575.73,572.53,570.7,569.17,567.03,566.58,565.36,564.29,562.3,561.08,558.64,557.12,556.35,554.67,551.47,549.03,545.37,541.25,536.21,531.78,527.21,521.87,512.86,505.84,498.52,493.64,488.75,482.65,476.85,471.21,466.63,460.98,454.57,449.23,443.89,441.3,437.94,435.35,431.07,427.41,422.99,420.09,419.32,417.49,416.12,414.59,411.85,409.1,406.51,408.03,408.64,408.95,407.27,408.03,407.57,406.66,404.98,402.39,398.11,393.38,389.26,386.06,382.55,379.35,374.92,372.33,370.04,366.99,363.17,358.9,353.4,348.67,345.32,343.18,338.76,337.08,334.33,332.19,328.23,324.87,321.05,317.85,314.04,309.92,306.71,304.73,303.05,301.68,297.71,294.05,289.47,287.79,285.04,283.06,281.53,280.62,280.16,280.47,279.09,277.41,275.12,275.58,273.45,271,267.34,266.88,264.29,260.78,255.9,250.25,243.84,236.21,229.04,222.63,213.93,205.85,197.76,191.81,186.62,184.18,182.81,181.59,179.3,177.92,175.48,173.04,170.29,165.11,158.7,154.12,151.37,150.15,148.78,148.01,145.57,144.05,139.62,134.74,129.86,125.43,119.79,114.6,110.32,107.27,105.29,104.83,104.98,105.14,103.15,101.63,97.659,94.302,93.081,93.387,93.081,91.861,90.182,88.198,83.468,77.364,69.735,60.579,50.05,40.742,29.908,20.142,9.7659,0.61037,-8.0874,-16.785,-24.262,-31.739,-37.996,-43.641,-51.424,-57.375,-61.8,-64.547,-67.293,-65.767,-64.241,-63.478,-62.105,-61.037,-62.258,-63.326,-63.021,-63.021,-62.563,-60.884,-60.884,-61.19,-63.478,-63.478,-63.936,-60.884,-57.07,-53.255,-49.287,-47.456,-46.693,-45.167,-44.71,-43.641,-42.573,-38.606,-36.317,-32.197,-28.535,-25.025,-25.483,-25.941,-26.093,-25.483,-25.636,-24.567,-21.516,-16.327,-15.107,-13.886,-13.581,-12.665,-12.818,-11.139,-14.191,-18.921,-22.736,-25.483,-27.924,-28.993,-27.009,-25.636,-26.856,-27.314,-31.281,-35.249,-39.827,-41.963,-42.879,-43.031,-44.099,-44.71,-43.336,-43.031,-42.573,-40.742,-38.148,-33.876,-31.892,-27.772,-26.704,-27.009,-28.993,-29.45,-31.281,-33.876,-38.301,-43.336,-47.914,-52.187,-58.443,-63.784,-68.972,-72.329,-76.449,-78.127,-79.806,-78.738,-78.28,-79.806,-82.858,-84.841,-85.757,-87.588,-91.098,-91.25,-92.776,-93.081,-94.607,-93.844,-94.76,-96.744,-102.08,-108.34,-113.22,-115.36,-118.87,-123.29,-126.65,-127.57,-130.01,-131.53,-133.52,-134.89,-139.16,-142.22,-145.27,-147.71,-149.85,-151.52,-152.44,-154.73,-160.37,-166.94,-175.02,-178.99,-181.13,-182.04,-184.79,-186.47,-189.52,-192.88,-198.83,-205.08,-210.43,-215.92,-221.41,-225.53,-230.41,-232.4,-236.82,-240.94,-246.89,-253.15,-258.03,-259.41,-260.63,-262,-266.73,-270.7,-276.35,-279.85,-284.74,-286.72,-291.6,-294.05,-297.71,-299.84,-301.98,-301.22,-300.15,-299.39,-298.01,-297.25,-296.33,-295.88,-294.66,-291.91,-291.76,-289.93,-289.93,-290.38,-293.13,-294.96,-295.42,-294.96,-294.66,-295.42,-296.18,-296.49,-296.49,-294.05,-293.28,-292.21,-292.37,-289.77,-287.94,-285.35,-282.91,-280.92,-277.57,-272.23,-267.65,-262.76,-259.56,-254.52,-250.4,-244.91,-240.03,-232.4,-225.68,-219.43,-214.24,-209.51,-206.31,-203.71,-200.35,-194.4,-188.76,-183.42,-179.6,-175.18,-170.29,-163.73,-156.87,-148.47,-142.22,-135.2,-128.33,-121.62,-115.05,-108.19,-101.32,-93.844,-86.367,-76.907,-70.345,-61.495,-55.849,-47.609,-41.963,-34.944,-29.145,-21.668,-15.259,-6.7141,3.2044,13.581,23.041,32.502,40.895,50.203,56.307,64.089,69.735,77.364,84.078,92.776,99.49,106.81,113.07,120.09,127.57,135.35,143.28,151.37,157.17,163.43,166.78,173.19,178.69,186.01,192.72,200.2,206.61,211.04,215.46,220.19,224.01,227.52,229.96,233.62,236.21,240.64,244.45,249.95,253.76,258.95,262.76,265.97,269.02,271.16,273.29,274.51,275.58,277.26,277.57,278.33,277.87,277.72,277.11,278.33,277.41,277.11,276.5,275.28,273.14,270.09,266.73,262.76,258.19,255.75,250.86,248.12,244.3,242.32,241.25,241.71,240.03,239.27,237.28,235.6,234.38,232.86,231.64,230.11,227.06,225.53,223.24,221.72,219.89,218.67,216.07,213.17,208.9,205.85,202.34,198.22,193.95,189.52,185.55,181.28,178.69,177.62,175.79,175.94,174.41,172.58,169.84,166.17,163.88,160.99,158.24,155.03,150.3,147.4,144.2,142.22,139.16,137.03,135.04,135.35,133.21,131.99,129.09,126.35,124.36,122.84,121.77,122.07,121.16,117.95,115.51,113.22,109.41,105.29,100.25,96.591,91.861,87.13,82.858,79.196,75.991,74.16,72.481,71.261,68.667,66.836,64.089,61.342,57.68,58.748,62.41,67.293,69.277,68.667,66.378,63.326,60.579,59.664,58.29,56.154,54.17,54.323,51.729,51.881,53.407,55.849,57.833,59.969,60.427,59.969,57.833,53.56,49.287,45.778,42.116,40.437,36.317,31.587,24.262,19.532,15.717,15.107,14.191,14.191,14.954,14.191,14.039,14.649,15.107,17.243,21.363,27.924,33.876,39.369,42.116,42.268,38.911,34.639,30.213,25.788,22.279,18.769,14.649,9.3081,3.357,-1.3733,-7.1718,-11.139,-18.006,-25.178,-34.181,-42.879,-50.356,-56.612,-62.105,-68.209,-72.176,-75.686,-80.569,-84.994,-93.081,-99.948,-108.8,-114.44,-121.46,-127.26,-131.08,-133.67,-139.01,-147.1,-154.73,-160.37,-163.88,-164.8,-168.61,-173.65,-180.36,-183.57,-185.55,-185.09,-185.55,-184.64,-182.96,-180.21,-177.16,-174.72,-173.65,-168.31,-166.78,-164.34,-161.6,-155.34,-150,-142.67,-137.49,-135.2,-132.91,-133.82,-136.72,-138.25,-139.77,-139.62,-139.32,-136.57,-135.04,-133.21,-131.23,-126.8,-125.28,-124.67,-124.52,-125.43,-127.26,-127.11,-127.72,-126.65,-127.57,-127.72,-129.55,-128.94,-131.38,-133.21,-136.57,-136.27,-135.35,-132.91,-129.55,-126.04,-121.46,-116.12,-110.78,-105.9,-99.948,-93.234,-89.267,-84.078,-83.163,-82.858,-85.452,-86.825,-88.504,-88.809,-88.198,-87.13,-85.147,-83.01,-82.858,-84.384,-88.504,-90.182,-93.997,-93.081,-94.15,-97.507,-99.948,-104.07,-108.19,-111.85,-113.99,-114.29,-113.07,-111.24,-113.68,-114.14,-115.97,-117.8,-121.62,-124.21,-125.74,-124.67,-123.45,-121.92,-119.63,-116.73,-115.21,-112.46,-111.55,-108.8,-106.36,-101.02,-98.27,-95.676,-94.302,-91.556,-88.504,-83.926,-79.958,-74.313,-70.345,-65.615,-64.394,-62.105,-63.173,-63.631,-64.547,-65.004,-62.563,-60.274,-59.511,-59.969,-60.274,-60.884,-61.953,-62.105,-60.732,-55.696,-53.865,-51.881,-50.356,-48.524,-47.151,-46.388,-46.388,-46.693,-48.372,-47.151,-43.947,-38.453,-36.47,-33.113,-33.113,-33.265,-31.739,-27.619,-21.973,-15.259,-10.681,-4.883,1.0681,9.6133,14.496,17.853,20.6,23.347,25.483,27.161,26.093,25.636,23.957,22.279,19.684,19.379,21.058,25.178,26.551,27.924,27.314,28.993,28.535,29.45,32.502,35.859,38.606,43.031,45.32,50.356,55.696,62.258,67.751,70.65,72.787,75.991,79.196,81.484,81.942,79.196,72.939,66.378,58.901,52.034,43.947,39.979,35.859,34.181,32.96,30.976,26.551,20.753,15.564,13.581,11.597,8.24,2.5941,-2.4415,-9.9185,-18.769,-27.924,-32.655,-37.385,-43.489,-48.372,-53.56,-60.427,-67.141,-75.686,-81.79,-87.283,-88.809,-89.572,-87.588,-87.13,-86.367,-87.283,-88.809,-90.182,-90.182,-90.64,-89.724,-89.267,-85.757,-83.163,-78.738,-74.16,-69.43,-67.293,-65.767,-66.378,-68.972,-71.413,-72.939,-75.228,-75.838,-78.585,-81.637,-86.673,-89.724,-93.539,-95.065,-96.133,-96.896,-98.27,-100.71,-102.85,-101.93,-102.69,-102.54,-104.07,-104.22,-104.07,-99.49,-91.556,-84.994,-78.89,-73.244,-68.972,-65.004,-61.19,-55.391,-51.576,-47.609,-44.252,-39.064,-35.401,-32.197,-30.213,-30.213,-31.434,-33.265,-34.944,-33.876,-35.401,-36.47,-37.233,-36.775,-37.385,-37.538,-39.369,-39.827,-42.421,-44.862,-46.693,-47.456,-48.524,-47.304,-46.999,-46.541,-46.693,-47.914,-49.898,-50.813,-53.865,-55.086,-59.358,-63.021,-69.887,-74.618,-78.738,-82.858,-85.757,-86.367,-85.299,-83.621,-82.095,-80.264,-78.127,-74.16,-73.855,-72.329,-70.956,-69.43,-72.481,-74.465,-77.67,-78.585,-76.296,-72.939,-70.956,-71.718,-73.244,-76.601,-81.79,-84.841,-88.504,-91.098,-93.539,-93.692,-94.913,-97.659,-102.85,-106.2,-107.73,-109.26,-113.38,-118.41,-122.84,-126.65,-131.08,-133.67,-138.71,-140.84,-142.98,-143.89,-144.51,-144.05,-144.81,-146.34,-147.71,-149.69,-153.36,-157.02,-159.76,-161.75,-164.04,-163.43,-162.36,-157.63,-154.73,-152.13,-151.98,-148.47,-144.81,-140.39,-137.79,-131.99,-126.5,-120.85,-114.29,-108.49,-101.93,-93.844,-87.436,-80.721,-76.296,-71.718,-65.767,-57.833,-50.05,-43.031,-36.47,-27.009,-17.09,-7.1718,2.2889,12.97,22.584,33.418,42.421,53.255,63.173,72.634,80.111,88.809,97.049,104.98,112.77,119.17,125.58,132.45,139.62,147.56,154.73,162.82,169.07,177.92,185.09,193.64,200.81,208.14,215,220.8,225.23,229.35,232.7,236.37,240.94,246.13,250.1,255.9,259.71,264.6,267.95,271,272.99,273.45,274.82,276.8,278.63,281.38,285.04,289.77,293.74,298.32,301.37,305.49,308.24,310.68,310.83,312.66,313.73,313.12,311.59,310.07,309.76,309.61,310.83,311.59,311.29,312.81,314.49,317.7,319.68,323.8,326.7,330.21,333.57,336.77,339.37,341.2,342.88,344.55,345.47,345.77,344.25,343.79,341.65,340.59,338.45,337.53,334.64,331.89,328.68,326.85,326.4,326.55,326.09,324.41,322.28,317.55,311.44,307.47,302.74,299.69,296.79,295.88,293.44,291.91,290.69,288.86,287.03,285.5,284.59,283.36,282.75,281.23,278.94,278.33,277.57,277.72,277.57,276.8,274.51,272.68,270.7,269.78,267.95,265.36,262.46,261.24,260.32,259.41,257.42,258.64,259.41,261.09,261.85,263.07,262.31,262.31,261.54,259.56,257.73,255.75,254.68,253.61,252.24,253,252.85,252.85,249.64,247.2,244.76,242.77,238.5,234.69,230.72,226.29,222.79,219.43,214.24,209.51,203.41,198.07,191.2,186.01,180.97,176.55,171.51,168.61,166.78,161.75,154.73,147.1,141.45,136.27,132.76,128.33,122.23,117.19,113.38,112.77,110.78,109.1,105.29,103.76,102.24,98.422,92.471,87.13,81.179,76.754,71.566,69.582,69.277,67.293,64.241,61.19,57.375,55.544,55.391,57.222,58.596,60.884,61.647,60.274,56.459,55.849,57.833,62.258,66.836,72.329,74.77,77.975,81.942,84.841,86.215,88.351,91.556,95.065,96.896,99.338,101.63,104.53,106.36,110.02,114.44,115.67,111.09,104.68,99.033,90.64,80.874,72.634,66.225,63.478,57.07,52.95,47.761,41.505,31.739,22.889,13.276,3.0519,-5.6459,-13.581,-21.21,-30.976,-42.726,-54.323,-68.056,-79.653,-90.64,-101.02,-112,-120.55,-128.64,-137.49,-150,-164.49,-178.99,-191.96,-205.85,-217.9,-231.64,-245.52,-261.09,-273.29,-284.59,-293.13,-300.91,-310.22,-322.12,-332.19,-340.28,-345.77,-349.89,-351.42,-354.93,-356.76,-358.75,-357.68,-358.13,-359.2,-363.48,-367.75,-373.09,-375.99,-377.97,-377.97,-378.58,-376.75,-376.9,-375.68,-377.51,-375.68,-373.7,-371.11,-371.56,-374.77,-378.28,-379.5,-379.04,-375.23,-370.49,-363.63,-356,-346.84,-342.57,-337.69,-333.87,-328.07,-323.8,-320.44,-317.09,-313.88,-309.46,-303.51,-298.17,-292.21,-288.09,-282.45,-279.4,-278.33,-278.02,-278.02,-277.87,-276.5,-275.28,-273.14,-272.07,-271.46,-274.36,-274.21,-274.51,-273.29,-272.99,-269.02,-267.95,-266.58,-266.58,-265.36,-264.29,-263.22,-266.58,-268.11,-269.63,-269.02,-269.17,-265.66,-263.83,-262.15,-263.53,-264.75,-265.36,-264.9,-263.83,-260.78,-257.27,-252.54,-248.12,-242.62,-239.88,-234.84,-232.25,-227.67,-224.31,-220.5,-217.9,-213.17,-209.51,-205.39,-202.03,-195.32,-190.44,-184.03,-180.06,-173.8,-170.14,-164.49,-162.05,-157.78,-153.2,-149.54,-148.63,-147.56,-149.24,-149.54,-152.13,-152.75,-156.25,-156.56,-159.31,-159.76,-159.76,-157.32,-154.58,-151.52,-150.3,-150.3,-151.22,-149.24,-148.32,-147.71,-149.39,-149.54,-154.27,-157.78,-162.97,-165.87,-167.85,-169.07,-170.14,-171.21,-172.28,-173.96,-177.01,-179.14,-183.57,-187.23,-192.27,-193.95,-193.64,-192.27,-191.35,-190.74,-190.89,-189.98,-187.84,-184.18,-181.13,-175.94,-170.6,-163.43,-155.8,-143.13,-129.86,-119.17,-111.55,-102.85,-92.471,-79.196,-65.92,-52.95,-44.557,-36.622,-31.739,-25.788,-21.363,-14.954,-13.123,-11.902,-13.428,-14.954,-17.396,-18.921,-19.532,-20.6,-23.804,-26.093,-28.382,-27.314,-27.924,-26.704,-28.077,-27.619,-28.535,-30.976,-36.622,-40.132,-42.268,-43.184,-46.541,-48.524,-51.118,-51.118,-50.813,-49.898,-48.372,-47.456,-47.761,-51.118,-51.424,-49.44,-46.541,-41.658,-35.707,-27.161,-18.921,-7.7822,2.4415,12.665,18.769,25.941,30.061,31.587,29.45,28.687,30.824,35.096,40.284,48.067,54.476,60.732,62.716,65.004,62.868,60.121,56.001,55.238,54.323,52.644,49.44,47.456,44.71,42.726,39.674,35.707,30.976,30.366,28.382,26.704,22.584,20.142,15.717,16.327,19.379,24.262,27.619,29.603,30.366,28.84,26.704,27.314,26.551,27.009,26.704,28.687,27.619,27.314,26.704,26.246,23.804,18.921,14.649,12.055,9.4607,8.5452,5.7985,4.12,-1.2207,-6.4089,-14.039,-18.006,-22.584,-25.941,-29.298,-31.587,-33.876,-36.317,-41.81,-46.541,-52.187,-55.696,-60.884,-66.073,-73.702,-79.653,-86.062,-91.25,-96.133,-99.643,-102.69,-104.68,-106.2,-104.37,-104.53,-105.14,-108.04,-111.24,-114.9,-117.95,-121.46,-123.29,-125.43,-127.11,-128.18,-127.41,-128.94,-128.79,-130.77,-131.53,-132.76,-134.74,-136.88,-138.86,-140.08,-139.16,-137.49,-136.57,-137.94,-141.15,-146.79,-151.22,-154.88,-159.46,-164.49,-169.07,-173.65,-177.16,-182.5,-186.77,-192.42,-194.56,-198.37,-197.76,-197.15,-194.1,-192.11,-189.52,-188.91,-187.69,-187.54,-186.93,-186.93,-185.25,-183.57,-178.84,-177.77,-175.02,-175.63,-173.96,-174.26,-173.35,-172.89,-171.36,-171.21,-171.21,-171.67,-169.38,-167.85,-165.56,-165.56,-162.97,-163.12,-159.15,-156.56,-154.73,-153.81,-152.29,-153.05,-152.75,-152.29,-151.07,-152.29,-151.52,-151.07,-149.08,-147.1,-143.74,-142.22,-137.49,-132.15,-126.35,-123.14,-120.55,-119.17,-116.89,-113.83,-108.34,-105.14,-99.338,-96.133,-92.166,-88.198,-79.958,-72.787,-65.157,-58.901,-50.966,-43.489,-35.096,-28.077,-19.227,-11.75,-3.357,3.8148,12.818,19.99,27.314,34.486,43.489,52.95,63.173,71.566,79.653,88.351,96.133,101.93,109.71,115.51,121.92,127.26,133.67,136.88,142.06,147.4,151.83,155.19,160.07,163.73,167.85,171.51,176.24,180.67,187.69,191.66,195.17,197,201.88,206.31,209.51,210.12,211.04,212.26,213.78,214.55,214.7,214.85,215.61,216.07,218.51,217.44,215.77,214.7,215.31,214.55,214.85,215.77,216.53,216.83,216.83,214.09,213.63,211.49,210.12,209.51,211.65,212.56,213.78,215.92,218.51,220.8,220.19,217.75,216.07,211.8,206.92,200.05,195.01,189.37,186.47,182.65,180.36,176.55,172.89,167.09,161.9,158.09,155.95,153.51,150.76,148.63,148.47,145.27,143.13,141.15,141,137.79,136.88,136.72,139.01,142.98,148.93,157.02,164.04,168,168.77,165.11,162.97,158.09,155.64,154.27,154.88,152.75,151.22,147.71,144.81,141,136.27,133.52,131.99,131.38,130.92,133.98,142.37,148.32,153.66,155.49,156.56,155.8,155.95,153.05,152.29,152.29,153.97,157.93,164.49,169.53,171.06,169.84,170.29,169.84,170.29,165.41,161.6,155.64,148.93,140.84,136.57,135.04,132.76,127.26,122.23,117.95,112.92,102.54,90.793,81.484,75.991,68.361,63.478,59.816,58.901,56.459,53.713,48.219,40.437,33.723,30.976,27.314,22.279,16.938,12.055,3.8148,-4.883,-14.039,-21.058,-30.671,-38.606,-45.015,-50.203,-55.849,-61.037,-65.157,-68.514,-72.787,-76.601,-83.163,-87.283,-92.166,-92.929,-95.523,-96.438,-99.338,-97.964,-96.438,-96.286,-96.896,-100.25,-102.69,-104.53,-107.58,-110.17,-117.19,-120.7,-124.82,-128.48,-133.21,-134.43,-135.5,-133.37,-129.25,-123.75,-118.87,-115.82,-112.61,-109.26,-108.04,-107.12,-109.41,-111.7,-115.97,-118.87,-121.77,-122.68,-123.91,-122.99,-121.31,-122.07,-124.52,-124.82,-123.29,-119.48,-116.12,-111.7,-109.87,-109.1,-112,-111.39,-113.38,-114.75,-119.63,-122.84,-127.11,-129.86,-133.67,-136.72,-140.84,-143.74,-147.71,-147.71,-146.95,-144.05,-141.45,-137.33,-135.65,-133.52,-133.21,-131.53,-131.38,-131.38,-131.69,-132.3,-131.38,-128.79,-128.94,-128.03,-130.01,-131.23,-133.37,-132.91,-131.53,-126.35,-121.16,-115.51,-112.31,-112.16,-114.9,-117.34,-119.33,-119.48,-120.85,-120.4,-119.94,-116.12,-113.99,-110.63,-108.8,-107.12,-107.43,-105.9,-105.75,-104.68,-105.29,-103.61,-104.68,-102.85,-102.08,-98.727,-96.896,-93.081,-90.64,-88.198,-88.961,-87.741,-87.13,-87.588,-90.945,-91.708,-92.624,-90.182,-88.046,-82.858,-79.806,-76.449,-75.991,-74.618,-76.754,-77.212,-78.738,-80.416,-80.874,-76.754,-74.16,-69.887,-66.225,-62.105,-62.41,-61.953,-64.852,-65.004,-65.92,-64.394,-63.631,-62.563,-60.732,-56.459,-55.391,-53.102,-51.424,-49.745,-48.372,-41.505,-36.164,-28.077,-20.295,-12.055,-6.4089,0.91556,7.477,14.039,21.516,27.467,30.366,34.639,40.742,44.71,48.219,52.797,55.086,57.68,57.222,58.138,57.833,59.358,58.901,59.816,60.579,63.021,63.173,63.173,64.852,68.514,70.345,72.481,73.702,77.517,77.517,78.585,78.28,78.89,78.738,78.433,78.585,81.179,84.536,89.877,92.318,97.201,101.63,107.12,110.02,115.21,120.7,128.48,136.11,142.22,146.03,149.39,149.54,148.17,146.49,147.4,148.78,153.36,155.19,156.25,154.73,152.75,150.15,148.32,147.71,148.63,150,152.44,154.27,157.48,160.53,164.95,166.94,169.68,170.75,172.89,173.65,176.7,179.91,182.96,186.47,190.89,194.56,197.15,197.91,200.05,202.49,207.68,211.04,215.16,218.51,224.16,230.41,236.06,242.16,247.66,252.69,259.41,265.36,270.55,274.97,281.99,288.4,297.1,304.88,313.43,319.68,325.02,330.97,337.99,344.1,348.83,353.25,357.37,362.71,369.43,375.23,383.16,390.18,396.89,402.23,406.51,408.64,411.39,414.75,416.73,417.8,418.87,418.87,419.93,420.7,421.16,420.09,420.39,420.24,419.78,417.34,415.66,412,408.49,404.83,399.95,393.69,388.65,384.53,379.19,374.61,371.56,366.99,364.7,360.73,359.05,355.24,351.73,347.3,343.64,340.59,337.84,334.79,331.28,327.62,324.11,320.44,317.55,312.97,308.54,302.9,298.62,294.35,291.3,287.33,282.3,277.41,272.68,268.26,263.83,257.12,251.17,243.69,236.98,228.89,222.02,213.32,205.69,198.22,190.74,183.26,176.7,171.36,165.11,158.09,150,140.23,130.47,118.87,106.51,92.929,80.569,66.073,51.881,37.385,22.889,6.7141,-9.7659,-25.788,-42.421,-59.816,-75.838,-94.455,-114.14,-140.69,-168.77,-201.57,-231.18,-248.57,-253.61,-249.49,-236.98,-220.34,-209.97,-199.59,-172.73,-129.7,-65.157,41.047,176.7,297.71,401.78,473.95,525.07,563.22,592.97,604.27,590.99,568.41,544.91,518.81,480.51,442.37,407.27,356,296.33,245.83,207.37,171.36,129.86,88.046,48.067,5.9511,-32.96,-70.65,-106.51,-141.45,-169.07,-190.44,-209.81,-231.64,-253.91,-272.84,-292.06,-311.75,-328.23,-341.35,-347.15,-350.51,-352.18,-358.75,-365,-375.84,-386.36,-396.28,-403.15,-408.34,-409.25,-405.74,-400.1,-395.83,-391.55,-390.64,-391.86,-401.62,-409.56,-411.39,-404.22,-390.03,-365.76,-331.13,-297.1,-272.07,-258.03,-258.64,-267.19,-280.92,-289.77,-288.71,-274.51,-255.75,-237.59,-230.26,-227.06,-227.06,-226.29,-228.89,-232.86,-234.53,-234.23,-234.99,-231.94,-230.72,-228.13,-226.6,-221.87,-219.58,-215.61,-212.26,-213.63,-220.95,-229.8,-241.4,-253.76,-266.27,-276.8,-289.16,-297.86,-303.51,-306.86,-311.75,-314.34,-318.77,-321.36,-325.48,-328.38,-330.52,-332.04,-333.41,-333.11,-332.35,-328.99,-328.53,-326.55,-325.79,-322.89,-321.97,-318.92,-316.63,-312.2,-307.63,-302.29,-296.03,-287.33,-277.26,-266.12,-255.9,-243.39,-233.31,-221.41,-211.65,-198.52,-187.99,-176.24,-167.39,-158.24,-150.76,-143.59,-135.96,-127.57,-119.79,-110.78,-103.46,-94.913,-86.978,-77.822,-71.566,-63.784,-56.917,-48.83,-42.421,-37.385,-31.892,-27.161,-22.431,-16.327,-10.681,-3.9674,1.0681,7.1718,11.292,16.48,18.769,22.431,24.567,29.298,33.876,38.148,39.979,42.726,45.015,47.609,49.745,52.797,55.238,59.664,62.563,67.598,70.65,75.838,79.348,84.536,89.267,94.455,99.49,103.31,106.2,108.95,112,115.82,118.87,123.75,128.94,137.49,144.2,151.98,156.1,160.07,163.58,167.55,171.82,175.33,177.62,180.67,183.87,187.08,190.44,194.1,196.23,198.37,198.52,199.74,199.29,200.66,201.12,201.88,200.81,199.74,200.35,201.57,203.1,204.17,201.88,200.2,196.84,193.95,190.44,187.08,182.35,178.69,173.8,170.45,167.39,165.26,162.97,161.14,159.15,157.02,154.42,153.2,150.46,149.85,148.32,149.39,149.08,150.46,150.91,153.36,155.8,157.93,158.7,160.53,159.92,158.54,157.17,156.25,153.81,153.81,153.05,155.8,156.41,158.85,160.53,162.36,163.27,164.8,165.41,166.63,166.02,165.87,164.65,162.21,157.32,154.58,151.37,150.61,150,151.98,151.52,151.07,150.15,149.85,149.39,147.71,144.96,142.98,142.06,140.69,139.93,141.3,141.45,140.39,138.4,137.94,136.72,136.27,133.98,131.99,129.86,129.09,128.94,128.33,126.8,126.19,126.35,126.5,125.43,125.58,124.36,125.58,125.58,128.18,130.31,131.84,132.45,131.69,132.3,133.37,133.82,133.21,131.08,129.25,123.91,119.63,115.82,114.6,112.46,112.92,113.07,114.14,114.44,114.9,116.73,117.95,118.56,117.95,117.8,119.33,120.24,122.23,123.6,127.57,130.92,137.18,142.83,147.86,150.76,152.29,153.05,153.81,153.66,153.05,153.05,153.2,153.36,155.49,154.88,155.8,155.64,157.78,159.61,162.97,164.8,167.39,169.68,172.73,175.18,178.69,184.33,189.67,194.4,200.66,205.08,210.27,212.26,215.46,217.75,220.8,223.09,226.14,229.35,231.03,231.94,231.64,231.18,232.7,234.23,234.84,234.69,235.76,234.08,234.84,234.99,235.3,234.23,235.15,235.6,237.13,238.35,240.18,242.32,242.93,242.47,242.47,243.08,244.61,244.15,245.52,245.83,248.12,247.66,247.51,247.81,247.81,247.2,246.13,245.67,246.74,246.28,245.67,244.76,245.67,244.91,243.84,240.79,238.5,235.15,233.47,232.25,230.87,230.26,229.96,229.04,227.52,223.85,221.87,219.43,218.36,217.29,218.21,216.38,215,212.71,210.58,206.92,203.41,198.98,195.01,191.05,187.54,185.4,185.55,184.03,183.11,181.43,182.04,182.04,182.96,183.57,183.57,181.13,178.38,175.18,171.36,168.31,164.34,158.24,154.88,150.15,146.03,140.69,136.27,129.86,125.28,120.55,115.36,109.87,103.76,96.591,89.114,80.721,74.16,68.972,63.784,56.154,47.609,37.69,31.739,27.924,23.804,18.921,14.344,8.8504,2.8993,-4.2726,-9.003,-14.344,-18.921,-25.025,-30.671,-38.453,-43.947,-48.677,-54.018,-57.833,-62.258,-65.92,-69.124,-72.176,-74.16,-76.296,-76.754,-78.89,-80.264,-82.858,-83.926,-84.994,-85.91,-87.741,-89.114,-90.64,-90.182,-90.945,-92.013,-95.218,-98.117,-104.37,-108.65,-110.78,-110.93,-113.07,-115.51,-118.72,-122.53,-125.74,-128.94,-132.3,-134.59,-138.4,-141.61,-145.12,-145.12,-146.18,-146.95,-149.24,-150,-151.37,-150.76,-150.3,-148.47,-148.47,-149.85,-151.83,-152.59,-153.97,-154.58,-158.09,-162.82,-167.55,-169.38,-171.51,-174.57,-177.47,-180.21,-181.28,-182.04,-184.64,-186.77,-187.84,-189.06,-194.71,-200.66,-208.75,-215.46,-222.94,-230.41,-239.57,-248.73,-261.7,-277.87,-296.03,-314.04,-330.06,-345.77,-362.25,-374.16,-384.08,-389.72,-395.37,-399.95,-408.03,-415.81,-427.41,-435.96,-439.77,-441.91,-444.65,-446.49,-450.61,-455.34,-462.51,-466.78,-471.51,-474.11,-472.73,-460.98,-444.2,-427.41,-412.15,-396.13,-381.94,-374.92,-373.24,-372.48,-374.31,-376.6,-383.62,-390.48,-393.54,-392.62,-390.03,-388.81,-388.35,-387.89,-387.74,-387.43,-387.43,-384.99,-383.47,-380.72,-379.8,-378.58,-379.65,-380.87,-383.16,-383.77,-383.77,-382.09,-379.8,-375.07,-369.43,-360.88,-353.86,-349.74,-347.61,-344.4,-341.96,-338.45,-334.79,-330.97,-327.46,-324.72,-323.65,-323.19,-323.34,-319.68,-316.78,-312.2,-309.76,-307.02,-304.57,-301.52,-300.15,-298.32,-296.64,-295.27,-293.44,-291.15,-289.16,-284.13,-278.94,-272.53,-270.85,-269.02,-269.63,-269.48,-267.34,-263.83,-261.09,-258.19,-255.13,-251.17,-244.3,-234.53,-225.07,-217.44,-214.85,-212.41,-212.26,-213.02,-213.63,-213.17,-211.49,-208.9,-202.49,-192.88,-184.64,-177.92,-177.16,-177.16,-180.52,-182.2,-183.57,-185.25,-186.16,-186.01,-184.94,-184.03,-184.64,-184.94,-187.23,-188.91,-194.25,-199.44,-206.92,-213.02,-215.92,-213.63,-208.44,-202.95,-200.66,-198.07,-198.98,-201.57,-206.15,-212.26,-219.28,-217.14,-213.32,-205.24,-195.78,-189.98,-187.84,-189.06,-193.64,-199.13,-201.73,-198.07,-195.47,-190.44,-186.77,-183.26,-182.2,-181.43,-179.91,-179.14,-180.97,-181.59,-181.89,-176.24,-172.89,-169.68,-170.6,-169.68,-167.39,-163.12,-160.68,-158.54,-155.19,-148.63,-141.3,-133.82,-129.4,-124.06,-118.26,-114.6,-113.07,-113.38,-112.61,-109.71,-103.15,-99.185,-98.117,-98.575,-102.54,-103.92,-106.36,-106.05,-101.02,-96.133,-90.793,-83.468,-76.601,-74.313,-75.533,-74.618,-74.465,-74.007,-73.244,-72.024,-73.855,-74.465,-75.381,-77.212,-75.533,-71.413,-65.615,-61.953,-61.953,-62.868,-65.767,-63.478,-59.206,-51.271,-42.726,-34.028,-27.009,-21.821,-17.853,-14.191,-9.7659,-2.5941,5.7985,19.074,31.281,47.609,57.833,64.241,66.53,69.887,73.244,75.686,77.059,77.517,75.838,72.329,67.293,63.478,59.053,58.748,55.696,53.865,53.407,56.307,57.833,59.816,61.037,61.037,59.969,57.222,52.034,47.761,39.521,31.587,21.516,14.649,7.7822,2.2889,-3.6622,-8.3926,-12.665,-16.022,-17.548,-17.701,-16.175,-14.191,-14.039,-12.818,-14.344,-16.022,-19.227,-19.99,-20.6,-19.532,-18.921,-18.311,-16.785,-12.207,-8.6978,-4.7304,-1.5259,2.2889,5.9511,11.139,14.801,19.99,22.889,25.636,25.941,26.246,26.704,27.009,25.788,26.246,25.178,26.246,25.33,26.856,26.093,28.687,29.603,32.35,34.486,37.69,40.284,43.489,45.167,45.015,42.726,41.047,37.996,35.554,32.35,30.976,29.145,31.434,32.502,34.486,36.317,36.775,36.012,36.775,36.622,36.775,35.554,36.164,35.554,37.385,38.453,41.658,43.794,46.999,49.898,52.797,54.17,57.07,60.884,64.089,65.615,64.699,62.258,58.901,56.001,57.07,57.833,60.427,59.664,59.053,58.29,56.001,53.255,50.356,48.372,47.304,47.456,46.999,46.693,47.456,46.999,46.083,44.252,41.963,36.317,30.671,26.246,26.093,27.314,29.298,31.129,32.197,32.655,33.876,33.265,35.096,36.317,38.606,39.216,40.437,41.2,44.71,48.982,52.339,54.17,55.238,56.459,56.154,55.544,54.628,52.797,52.187,50.508,52.034,53.255,56.001,56.917,58.596,59.206,61.037,62.716,64.241,63.631,63.478,62.868,64.241,67.293,72.939,75.533,78.127,78.28,79.501,77.517,78.585,78.585,81.484,83.316,85.147,87.588,92.318,95.981,98.88,101.63,106.2,109.26,114.9,119.02,124.36,128.94,133.82,137.64,141,144.51,148.63,152.13,155.34,156.25,154.88,152.59,152.29,151.07,150.91,150,150.46,149.39,148.47,147.71,146.79,145.12,144.81,144.51,145.12,145.57,146.95,145.12,145.73,145.73,148.47,151.83,157.63,164.04,170.6,175.48,180.52,185.09,189.21,193.79,198.83,202.49,207.53,212.71,220.19,226.6,234.23,239.42,245.22,249.95,255.59,261.54,267.49,272.84,277.57,279.55,279.7,279.4,280.31,278.79,277.26,274.21,273.14,269.63,266.73,263.22,261.24,260.78,259.87,257.58,255.59,254.07,254.37,253.3,253.91,253.76,253.76,252.39,251.32,251.17,250.25,250.71,250.25,250.71,250.86,250.86,253,252.24,252.24,249.95,248.12,245.37,243.69,240.18,235.3,230.11,225.23,219.43,213.32,207.22,203.25,198.68,193.79,188.91,184.79,178.84,172.89,164.34,158.09,152.13,145.73,139.47,133.98,128.33,122.23,116.73,113.83,109.71,103.46,94.76,88.809,81.79,76.144,68.209,61.19,54.933,47.304,40.59,36.622,33.723,31.281,29.45,29.298,31.739,35.401,34.639,31.434,25.788,19.532,13.733,10.224,9.3081,9.7659,8.5452,8.24,6.4089,5.6459,2.1363,0.61037,-2.7467,-5.7985,-9.9185,-10.834,-11.444,-13.581,-17.396,-23.194,-29.603,-33.57,-36.927,-40.284,-44.71,-47.761,-53.102,-56.307,-61.953,-66.53,-70.193,-72.939,-77.212,-81.942,-90.182,-98.422,-109.26,-118.56,-130.01,-137.03,-143.28,-148.32,-155.64,-159.61,-164.19,-168,-172.58,-175.18,-178.53,-181.28,-183.11,-181.89,-177.77,-168.46,-160.22,-153.51,-150.76,-143.89,-139.77,-136.88,-135.81,-135.35,-134.43,-130.77,-129.7,-133.37,-137.18,-136.57,-131.99,-127.57,-126.96,-127.72,-129.4,-130.01,-131.08,-132.15,-133.82,-133.21,-132.45,-131.84,-131.08,-131.23,-131.84,-133.67,-135.96,-137.79,-141.15,-142.22,-144.66,-144.05,-143.44,-141.91,-141,-137.03,-134.74,-133.06,-129.55,-126.04,-123.91,-121.01,-117.8,-116.43,-114.9,-111.39,-109.41,-109.1,-110.78,-109.1,-107.58,-108.04,-109.56,-110.02,-111.39,-110.93,-110.32,-110.63,-111.39,-110.17,-109.26,-109.71,-112,-112.61,-115.82,-118.56,-121.16,-121.46,-123.45,-126.04,-128.64,-129.25,-129.86,-128.18,-127.72,-125.58,-124.82,-122.53,-121.62,-118.41,-117.95,-116.12,-114.6,-109.87,-105.44,-100.1,-96.438,-92.471,-89.572,-87.893,-86.978,-84.536,-83.163,-79.501,-77.822,-74.313,-72.329,-68.972,-66.836,-62.105,-57.985,-54.781,-52.034,-49.135,-45.32,-41.353,-38.453,-33.723,-30.366,-23.804,-17.09,-7.9348,0.15259,8.24,14.649,21.058,26.856,33.113,40.742,49.135,58.138,67.598,74.77,83.163,89.267,94.913,97.812,101.63,104.22,107.88,110.63,114.14,117.65,120.24,121.46,122.68,124.52,128.64,130.92,134.89,136.42,138.25,140.84,144.66,148.32,152.9,156.71,159.46,161.75,165.72,168.31,172.28,175.02,179.75,182.35,187.38,190.59,195.32,198.07,200.96,203.41,205.54,207.98,210.58,213.17,215.61,217.29,220.8,224.16,229.04,232.4,236.52,239.11,241.1,242.93,243.84,245.83,248.57,252.69,256.2,258.03,260.32,260.78,261.54,261.09,261.54,259.1,255.13,253.3,252.85,252.24,250.71,249.95,250.56,251.63,252.54,251.93,252.54,251.78,251.32,249.03,247.66,244.61,241.55,238.5,235.6,231.94,227.82,222.33,218.51,214.09,209.66,204.02,199.13,192.88,187.54,183.42,179.91,174.87,171.06,167.39,163.27,155.19,148.17,139.62,132.76,124.97,117.65,108.04,99.338,92.776,86.52,79.043,70.956,64.394,57.527,46.236,37.69,29.298,22.889,14.649,9.3081,5.0356,1.8311,-3.0519,-8.24,-13.733,-20.142,-25.636,-27.314,-30.061,-32.35,-35.096,-35.707,-35.859,-36.012,-35.707,-33.876,-33.57,-34.181,-34.486,-31.587,-26.399,-20.447,-18.006,-15.259,-16.175,-15.564,-15.564,-13.276,-10.224,-9.003,-9.9185,-10.224,-10.376,-7.7822,-5.3407,-0.45778,0.15259,1.0681,0.91556,1.9837,1.9837,3.357,1.5259,-1.6785,-4.883,-6.5615,-7.3244,-5.3407,-5.3407,-5.7985,-11.902,-21.21,-30.824,-36.47,-42.421,-48.372,-54.018,-59.969,-65.92,-71.871,-76.754,-81.637,-88.809,-95.37,-102.54,-107.27,-112.61,-114.29,-116.89,-117.95,-118.72,-117.04,-113.53,-110.93,-110.48,-113.38,-120.4,-127.11,-133.52,-136.72,-141.15,-142.98,-144.51,-145.88,-148.78,-151.98,-156.87,-162.21,-168.31,-174.41,-182.04,-187.69,-192.57,-194.86,-197.91,-198.37,-202.95,-206,-211.19,-215.92,-220.8,-224.77,-229.5,-232.25,-235.3,-237.74,-237.74,-234.53,-232.4,-230.72,-230.11,-227.52,-225.38,-222.33,-220.04,-216.53,-212.87,-211.34,-212.1,-212.56,-213.32,-214.09,-214.55,-213.32,-212.41,-209.36,-208.14,-207.98,-210.27,-210.73,-210.58,-210.58,-210.27,-208.75,-205.85,-201.57,-194.1,-185.25,-178.38,-171.36,-166.48,-159.15,-151.07,-140.69,-133.67,-126.65,-119.02,-110.48,-102.54,-94.913,-87.436,-77.517,-70.193,-61.8,-54.476,-44.252,-35.859,-27.161,-19.074,-10.224,-2.2889,6.2563,15.717,25.025,33.57,43.031,52.034,61.647,69.735,80.264,89.572,99.49,106.81,114.6,122.23,130.47,137.18,144.81,151.22,158.39,163.43,168.46,173.04,178.69,183.26,188.3,192.27,197,202.64,208.59,211.65,215.31,217.29,220.19,220.95,224.92,227.97,231.94,235.91,239.42,242.01,244.3,244.76,244.61,245.06,246.59,246.28,244.91,243.23,243.08,242.77,241.71,238.35,235.6,232.4,228.58,225.53,223.85,222.33,222.02,218.67,216.07,211.65,207.83,202.8,199.13,194.86,189.98,183.87,177.92,171.06,164.8,157.32,150.46,141.91,136.72,129.7,122.99,113.07,103.76,93.844,84.536,74.923,65.31,55.391,46.693,37.996,31.892,22.889,15.107,5.0356,-2.8993,-10.376,-16.938,-22.736,-28.077,-34.333,-40.59,-49.44,-58.29,-67.904,-77.212,-88.198,-99.338,-110.48,-120.85,-129.7,-136.88,-143.28,-148.47,-154.58,-158.54,-161.44,-163.73,-166.33,-165.87,-167.24,-167.55,-168.77,-166.94,-165.72,-166.94,-169.53,-172.58,-176.24,-179.6,-184.03,-186.77,-191.2,-193.64,-196.69,-200.35,-204.78,-208.59,-215.46,-222.63,-229.04,-233.62,-239.72,-245.83,-254.68,-263.83,-274.97,-285.81,-299.23,-308.39,-316.63,-322.28,-328.07,-333.26,-339.98,-348.83,-361.49,-374.46,-386.52,-394.45,-399.49,-400.56,-404.98,-409.56,-415.81,-421.77,-428.02,-433.36,-439.01,-442.37,-445.27,-443.13,-440.38,-434.74,-431.53,-428.33,-427.72,-427.41,-427.41,-426.65,-422.83,-416.27,-408.49,-398.57,-393.38,-387.13,-384.38,-382.7,-384.99,-387.28,-389.57,-392.16,-392.62,-391.09,-388.81,-384.23,-381.79,-381.48,-383.47,-384.99,-389.87,-395.21,-401.78,-405.9,-406.51,-404.68,-402.08,-397.96,-394.45,-392.32,-391.71,-388.96,-389.57,-388.96,-388.81,-385.6,-381.02,-374.46,-369.73,-364.39,-360.58,-358.29,-356.46,-354.01,-349.44,-339.82,-330.36,-320.44,-310.22,-298.47,-284.89,-272.53,-262.15,-252.85,-245.06,-237.43,-233.01,-227.36,-221.72,-213.02,-203.71,-191.05,-181.89,-175.33,-171.82,-168.46,-165.87,-162.97,-160.22,-157.78,-156.56,-153.51,-153.97,-151.37,-151.22,-149.08,-146.49,-141.91,-137.03,-129.86,-122.84,-116.28,-111.55,-106.97,-105.14,-101.63,-98.422,-91.708,-85.299,-76.601,-70.956,-67.141,-65.615,-65.157,-66.378,-66.53,-64.852,-61.19,-60.427,-60.274,-62.868,-63.478,-66.073,-67.141,-68.056,-66.683,-65.767,-62.716,-62.716,-61.647,-61.8,-60.579,-60.884,-58.748,-59.358,-58.748,-60.427,-62.868,-65.92,-68.667,-70.956,-70.193,-71.108,-70.498,-70.193,-68.361,-70.498,-72.787,-76.754,-82.095,-89.572,-95.676,-99.796,-101.63,-103.92,-104.83,-106.36,-108.34,-111.7,-113.07,-115.05,-114.14,-113.22,-112.16,-112.46,-110.32,-105.44,-99.185,-92.624,-84.689,-77.975,-70.803,-62.868,-54.17,-47.304,-37.08,-27.924,-17.396,-9.1556,1.8311,10.224,18.311,22.736,25.636,26.856,27.924,28.077,31.281,31.739,35.096,37.08,41.353,42.726,42.421,40.284,34.181,28.993,24.567,19.532,16.938,16.022,18.921,21.821,26.856,29.45,32.502,35.096,38.301,38.453,36.317,36.012,36.47,37.538,40.132,43.794,47.914,48.524,49.898,50.508,53.407,57.222,62.105,66.53,69.582,71.566,72.481,70.956,69.43,65.462,63.784,61.8,60.884,59.358,58.901,59.511,59.358,59.969,62.868,65.462,68.819,70.956,73.092,74.007,75.228,76.907,80.111,83.773,87.741,92.776,96.896,101.63,108.95,115.21,122.38,129.09,137.49,142.83,150.46,158.24,169.68,179.75,188.76,197,204.47,212.87,221.56,230.41,239.11,243.84,249.18,253.76,260.32,265.97,272.68,279.55,286.57,293.28,297.4,300.91,304.73,307.63,309.61,309.76,310.98,309,306.71,303.05,301.37,299.23,301.07,302.9,303.05,303.66,303.81,304.27,305.8,307.63,311.44,314.34,318.46,322.12,324.41,322.43,321.51,320.14,318.61,316.32,314.34,313.12,312.51,312.2,312.05,311.14,309.61,304.73,302.59,300.61,299.69,297.86,298.01,299.69,300.45,301.22,300.91,297.56,293.74,289.01,283.52,277.87,273.9,268.72,266.27,261.7,257.88,253.46,251.63,250.56,250.25,249.64,247.81,243.84,239.11,233.92,228.89,223.24,220.19,217.44,216.83,216.38,216.38,213.93,211.34,209.2,208.29,207.83,205.54,202.19,197.3,192.11,187.23,181.28,177.01,171.82,169.23,166.33,166.02,163.43,160.68,157.48,152.9,148.17,145.27,141.91,138.4,134.43,132.76,131.84,132.15,132.45,135.2,137.49,139.16,139.47,139.32,138.71,136.72,135.35,134.59,135.65,136.42,135.96,136.11,134.43,133.06,128.64,125.43,121.31,117.8,112.77,109.71,108.04,106.81,106.2,104.83,101.32,96.133,90.487,87.13,82.247,80.111,75.991,72.024,65.92,60.884,54.476,47.304,39.216,33.265,27.161,22.126,17.243,13.581,7.0193,2.1363,-3.8148,-6.1037,-10.376,-13.276,-18.311,-23.347,-27.772,-31.281,-34.944,-38.148,-42.268,-45.015,-48.372,-50.05,-53.102,-54.628,-58.29,-57.527,-57.527,-55.238,-53.713,-53.255,-53.865,-54.628,-56.307,-56.612,-55.544,-52.95,-52.034,-49.898,-50.356,-50.203,-52.797,-50.203,-49.135,-46.693,-47.609,-45.93,-45.015,-45.473,-48.372,-52.034,-54.933,-57.07,-60.274,-61.953,-60.884,-54.781,-51.424,-49.898,-52.797,-55.238,-58.901,-63.631,-70.193,-74.77,-74.77,-72.481,-67.904,-61.495,-57.833,-54.933,-52.644,-50.813,-52.644,-55.391,-57.07,-57.222,-59.664,-57.68,-55.238,-53.56,-50.508,-47.151,-44.862,-45.473,-47.609,-50.356,-53.102,-52.644,-48.83,-41.658,-36.317,-30.061,-25.33,-21.821,-22.126,-23.041,-25.483,-26.399,-27.467,-28.382,-28.382,-28.687,-27.772,-26.551,-26.246,-23.347,-21.21,-19.074,-19.532,-18.006,-16.327,-13.886,-14.801,-14.191,-14.649,-13.581,-13.733,-14.954,-17.09,-22.126,-27.772,-29.756,-29.908,-29.298,-30.366,-31.281,-33.113,-32.807,-35.096,-36.775,-40.437,-44.099,-46.083,-45.167,-42.421,-39.827,-37.385,-36.164,-35.859,-33.723,-33.418,-33.265,-35.249,-33.113,-33.418,-32.35,-35.401,-36.164,-39.064,-41.505,-46.083,-50.661,-54.933,-59.053,-64.547,-66.53,-68.819,-70.193,-72.939,-73.397,-74.618,-74.007,-76.907,-78.89,-81.637,-81.332,-83.163,-83.926,-87.436,-91.25,-94.455,-96.744,-100.41,-103.15,-106.51,-109.26,-113.22,-114.75,-116.58,-115.51,-115.67,-113.99,-115.51,-114.6,-113.83,-111.09,-109.87,-108.8,-106.66,-104.22,-101.93,-98.117,-95.218,-91.708,-91.403,-88.961,-88.046,-84.231,-81.332,-78.127,-74.923,-69.887,-64.394,-58.901,-54.628,-52.644,-49.593,-44.404,-39.674,-36.317,-34.181,-30.366,-27.009,-22.126,-20.905,-17.548,-14.954,-8.6978,-3.357,1.3733,6.1037,12.513,18.311,25.636,34.486,44.252,52.187,61.19,67.751,73.855,78.738,86.52,92.624,98.575,103.92,109.56,115.82,122.53,127.57,131.99,135.04,137.94,138.55,142.22,146.18,152.29,158.24,164.49,170.29,174.87,178.69,181.89,183.42,183.87,184.48,183.57,181.59,180.97,178.84,178.69,177.92,178.38,179.14,181.74,184.48,188.6,191.96,193.95,193.49,193.03,191.96,191.96,191.66,193.03,193.79,195.78,197.91,199.9,201.88,203.86,206.31,208.44,208.9,208.9,209.2,210.73,211.19,212.71,213.32,213.78,213.48,214.85,216.83,219.28,221.11,221.87,221.41,221.26,220.5,220.04,217.6,216.22,213.48,212.71,211.34,211.04,210.43,207.98,205.24,202.64,199.9,196.69,191.66,187.84,185.4,183.57,180.21,178.08,174.72,173.65,169.68,167.39,165.72,164.8,163.12,161.44,159.61,159.61,159,159.92,160.68,162.97,163.12,165.11,167.55,171.21,172.43,173.5,173.04,174.87,177.47,179.6,180.36,180.82,179.91,179.3,177.16,177.92,179.6,184.18,185.86,187.54,189.83,192.11,190.89,189.67,188.91,190.74,192.27,194.25,194.1,194.1,191.2,189.52,188.76,188.15,185.4,181.89,177.31,171.21,164.34,157.32,151.07,144.05,137.03,133.52,129.86,127.26,123.6,119.02,112.61,106.05,98.727,89.572,81.942,78.433,74.923,68.514,59.206,49.745,36.775,24.567,11.444,1.0681,-7.477,-15.717,-23.652,-33.418,-44.099,-54.17,-61.953,-67.446,-74.465,-81.942,-89.267,-97.201,-107.73,-117.95,-128.18,-135.35,-140.69,-146.34,-153.2,-158.7,-164.19,-166.33,-169.99,-174.72,-183.42,-190.13,-196.54,-201.42,-206.31,-212.71,-219.89,-228.28,-234.53,-238.35,-243.84,-247.05,-250.71,-253.3,-256.81,-257.42,-257.27,-256.36,-256.97,-258.8,-261.09,-261.39,-264.29,-265.66,-266.88,-263.83,-260.93,-257.42,-256.81,-255.75,-254.98,-253.15,-252.54,-251.63,-252.69,-253,-254.68,-252.85,-250.71,-246.28,-241.25,-236.06,-231.48,-227.82,-225.07,-222.79,-220.95,-218.51,-218.82,-217.44,-217.6,-216.68,-216.53,-212.56,-210.12,-207.22,-204.02,-201.12,-198.37,-196.08,-194.1,-191.2,-190.74,-188.91,-188.6,-188.3,-187.23,-184.94,-179.6,-173.8,-169.84,-165.41,-164.49,-163.43,-165.11,-166.33,-167.85,-165.72,-159.46,-151.68,-146.79,-141.76,-137.79,-135.2,-135.04,-134.59,-132.76,-126.04,-121.92,-117.5,-111.09,-105.59,-100.71,-96.438,-93.692,-91.556,-91.861,-90.03,-85.299,-74.923,-65.767,-59.358,-55.696,-54.17,-54.781,-54.933,-57.222,-60.274,-68.209,-73.55,-75.838,-79.653,-85.757,-91.25,-98.117,-105.29,-112.31,-118.26,-125.89,-130.16,-132.76,-132.15,-132.3,-130.01,-131.69,-135.81,-143.28,-151.22,-159.61,-166.33,-174.87,-179.75,-184.18,-186.16,-191.2,-195.32,-198.37,-202.03,-206.31,-212.1,-215,-214.24,-211.95,-208.44,-206.15,-200.96,-196.39,-191.81,-188.45,-185.25,-183.11,-179.45,-176.24,-174.41,-171.97,-168.46,-165.41,-160.07,-156.1,-152.13,-148.47,-142.83,-135.81,-127.11,-118.72,-111.39,-105.59,-99.033,-94.455,-88.809,-84.384,-78.28,-72.939,-67.293,-62.868,-56.612,-52.644,-50.508,-49.898,-50.203,-51.424,-50.966,-51.881,-51.271,-51.881,-47.304,-42.573,-35.554,-32.655,-30.213,-28.687,-27.009,-27.009,-25.636,-25.025,-24.567,-24.567,-22.431,-20.753,-17.548,-15.107,-10.681,-7.3244,-1.8311,1.8311,2.8993,2.4415,1.5259,1.0681,3.6622,4.7304,9.6133,13.276,18.769,24.72,31.892,37.538,43.489,47.456,50.05,51.729,53.407,55.544,59.664,63.173,69.887,76.601,84.384,89.572,96.286,103.46,109.1,114.6,121.31,129.09,137.33,144.05,153.36,159.31,165.87,171.67,180.82,188.6,197.91,207.22,214.09,220.8,227.21,233.47,241.1,247.66,254.98,260.17,266.43,269.94,273.75,276.8,279.7,282.91,286.11,289.62,293.59,298.47,305.03,312.66,320.14,327.46,335.7,341.65,347.61,351.42,355.85,360.12,365.61,371.87,378.28,384.38,389.26,392.93,396.28,399.49,404.68,409.25,414.44,418.26,423.75,428.33,432.45,435.65,437.94,439.77,441.6,443.59,445.88,447.71,450.61,453.35,457.78,460.07,461.75,462.36,462.51,461.9,462.05,460.37,457.63,454.12,451.22,446.64,444.5,441.76,440.99,439.16,439.16,438.55,437.79,436.26,434.58,434.74,434.43,431.99,429.4,424.67,420.55,414.59,408.95,405.13,402.69,399.49,395.21,391.25,386.36,381.94,379.19,375.38,372.94,369.73,369.12,367.6,366.99,365,362.87,360.73,356.91,352.95,349.59,345.16,341.81,337.08,332.65,326.4,320.75,313.58,308.08,302.29,295.88,289.77,281.99,274.51,267.8,260.63,254.98,247.2,241.25,234.23,227.21,218.67,210.43,202.03,194.4,188.45,183.57,179.6,176.55,173.19,169.53,163.88,157.63,151.07,145.88,140.69,137.18,132.76,128.33,123.29,117.5,111.39,106.2,100.56,95.981,91.098,86.978,81.179,76.449,71.108,66.988,63.021,60.427,57.985,55.391,52.797,52.492,51.881,50.661,48.677,47.914,45.015,43.794,42.268,44.099,43.641,41.81,41.353,40.742,39.216,38.606,36.927,36.47,34.791,35.096,32.655,28.993,23.347,18.921,15.564,13.276,8.5452,0.91556,-5.7985,-12.055,-18.311,-23.194,-28.535,-31.739,-36.775,-39.979,-43.794,-47.456,-52.187,-55.544,-58.596,-60.579,-63.173,-67.141,-72.329,-77.364,-83.163,-86.825,-90.64,-94.15,-99.796,-104.83,-109.1,-111.55,-112.16,-116.12,-120.24,-121.46,-122.53,-121.62,-122.23,-122.68,-124.06,-125.74,-128.33,-130.16,-132.6,-134.13,-133.52,-133.98,-136.72,-138.25,-140.84,-141.91,-143.74,-145.12,-150.15,-154.88,-158.24,-162.82,-167.85,-172.12,-175.48,-176.55,-177.16,-175.94,-176.24,-177.47,-178.23,-176.85,-176.4,-175.18,-173.04,-170.45,-169.38,-171.21,-176.4,-182.2,-189.67,-192.57,-193.95,-195.47,-198.22,-201.73,-207.07,-212.56,-218.97,-223.85,-227.97,-231.94,-237.59,-240.33,-243.69,-244.91,-247.05,-246.89,-247.05,-247.81,-249.03,-251.32,-257.12,-263.83,-270.55,-273.9,-277.87,-280.62,-285.65,-292.83,-300.3,-303.05,-307.78,-313.73,-320.9,-322.89,-321.36,-318.31,-316.48,-314.95,-316.93,-319.07,-323.65,-324.41,-327.77,-330.97,-334.64,-337.38,-337.38,-336.62,-337.38,-336.16,-336.16,-334.64,-336.31,-333.72,-333.41,-329.75,-325.63,-321.05,-320.14,-318.92,-319.07,-319.07,-319.22,-317.55,-316.02,-315.56,-315.71,-315.1,-317.55,-319.68,-321.67,-318.31,-311.59,-305.64,-299.54,-294.5,-293.59,-299.39,-310.83,-320.44,-327.77,-332.8,-336.77,-338.3,-341.81,-346.23,-350.35,-355.69,-361.8,-368.05,-375.99,-381.94,-389.26,-390.18,-389.57,-381.79,-378.28,-376.6,-375.99,-377.67,-380.72,-381.79,-382.7,-381.63,-379.65,-374,-368.05,-357.98,-347.91,-333.26,-320.75,-309.76,-301.37,-292.37,-283.67,-276.8,-271.77,-265.51,-260.48,-254.22,-249.34,-242.62,-235.6,-229.65,-226.29,-221.41,-218.51,-216.38,-211.95,-206.92,-204.93,-205.69,-206.61,-209.2,-212.26,-211.49,-211.19,-212.41,-215,-218.21,-222.33,-225.84,-228.74,-231.48,-233.31,-233.31,-236.06,-238.65,-242.77,-244.3,-245.37,-244.3,-241.71,-237.28,-231.79,-228.28,-228.58,-229.35,-230.11,-229.65,-229.65,-227.52,-225.07,-220.04,-216.99,-215.77,-214.85,-213.48,-210.73,-205.85,-202.34,-196.69,-192.72,-187.84,-181.43,-174.57,-168,-161.9,-157.93,-154.27,-150.61,-146.49,-142.52,-137.79,-135.96,-135.04,-133.37,-130.62,-127.87,-126.04,-123.45,-117.65,-111.24,-102.39,-95.981,-88.961,-83.163,-75.076,-68.514,-63.173,-58.138,-50.05,-41.81,-31.281,-24.11,-15.259,-8.6978,-0.15259,6.2563,14.191,23.041,32.35,42.726,54.628,66.378,79.806,92.471,104.98,116.73,130.62,142.98,155.64,166.94,178.38,190.28,201.57,213.32,225.38,235.3,245.67,254.98,265.05,272.99,280.01,288.09,294.66,300.61,306.25,310.83,314.49,316.32,319.68,321.51,324.11,324.87,328.07,330.82,332.35,332.96,333.87,334.94,337.99,337.84,339.98,342.42,347.61,351.88,356.15,357.68,358.59,358.75,358.13,357.37,358.13,358.59,361.64,365.61,370.65,375.07,379.96,383.47,385.75,387.89,390.94,393.69,396.89,397.35,396.74,394.3,392.77,391.25,388.65,387.74,387.13,387.13,388.5,388.81,389.42,389.11,390.79,390.94,391.55,392.32,393.69,395.21,396.28,396.28,396.13,393.23,391.4,389.11,387.74,386.06,385.14,382.24,378.43,375.68,372.17,367.14,364.85,360.58,357.22,352.79,348.37,344.55,341.81,338.6,336.62,334.64,335.09,334.33,334.79,332.96,332.04,329.45,328.68,329.6,329.45,330.21,330.97,332.19,334.33,333.87,334.33,333.87,334.48,333.72,333.41,332.04,330.06,327.16,323.34,320.9,319.22,314.34,308.24,300.45,294.35,285.81,280.16,276.35,272.38,268.72,267.19,265.51,264.44,262.46,262.31,259.56,256.66,252.39,247.66,242.32,237.89,233.77,230.26,226.91,225.68,223.55,224.31,223.24,223.7,221.41,217.44,213.17,208.44,203.71,198.52,193.03,190.28,184.94,179.75,172.73,166.78,160.37,155.8,150.91,145.27,138.4,130.77,121.46,113.53,105.29,99.796,93.387,87.741,80.111,73.397,67.598,62.716,58.443,53.865,48.219,43.489,36.927,32.655,28.23,24.72,21.821,19.379,15.87,9.003,2.5941,-2.8993,-7.7822,-12.36,-19.074,-24.262,-28.687,-31.434,-34.944,-39.369,-43.794,-47.304,-49.593,-49.593,-52.034,-51.424,-52.034,-52.187,-53.102,-53.102,-52.95,-52.644,-52.339,-51.576,-52.492,-53.255,-55.696,-53.865,-51.118,-48.524,-45.93,-43.031,-41.658,-40.742,-42.573,-45.625,-48.982,-52.034,-57.833,-61.953,-66.53,-70.956,-75.838,-79.196,-83.163,-87.13,-90.945,-95.981,-103.46,-111.7,-122.07,-130.92,-141.76,-148.17,-154.12,-162.05,-170.6,-180.21,-192.11,-201.57,-211.8,-218.36,-222.94,-226.6,-233.47,-238.04,-242.93,-249.79,-256.2,-260.32,-262.31,-260.78,-259.71,-258.64,-261.39,-262.15,-264.6,-265.36,-265.97,-265.97,-264.75,-263.83,-264.29,-264.44,-263.22,-260.32,-258.64,-254.22,-249.34,-242.77,-234.23,-226.14,-218.82,-212.1,-205.24,-198.22,-189.52,-177.92,-163.58,-146.49,-131.08,-116.12,-105.14,-92.318,-80.874,-70.956,-62.41,-54.628,-49.44,-47.456,-48.067,-47.151,-50.966,-56.001,-59.358,-58.748,-61.037,-64.699,-68.056,-72.176,-78.738,-86.215,-91.861,-93.234,-97.049,-98.422,-98.422,-91.556,-85.757,-79.958,-75.381,-72.787,-70.65,-68.361,-68.056,-69.582,-73.702,-75.076,-77.364,-77.822,-78.738,-79.043,-82.095,-85.757,-87.893,-91.098,-93.692,-97.201,-101.78,-103.46,-104.53,-101.93,-104.22,-108.65,-115.82,-123.14,-128.64,-131.08,-133.67,-138.25,-140.54,-142.37,-148.01,-150.91,-152.44,-151.68,-153.05,-154.58,-156.41,-159.92,-164.19,-164.65,-166.78,-167.7,-170.14,-173.96,-181.43,-186.62,-191.05,-196.08,-201.27,-205.39,-210.12,-215.16,-221.87,-227.52,-231.18,-233.62,-237.13,-240.18,-245.67,-249.79,-252.69,-253.91,-254.22,-254.52,-256.97,-256.05,-254.98,-253.76,-253.3,-250.25,-249.64,-249.03,-248.57,-245.98,-242.77,-238.5,-234.69,-232.7,-233.62,-232.09,-229.04,-225.84,-224.92,-223.4,-223.55,-221.72,-219.28,-216.53,-215.61,-215.16,-215,-211.95,-210.27,-206.31,-203.1,-197.15,-194.25,-190.44,-188.91,-187.54,-187.08,-185.71,-185.09,-183.42,-185.71,-186.01,-187.23,-185.55,-186.47,-187.84,-189.98,-188.15,-184.03,-178.99,-176.4,-174.26,-173.5,-169.07,-166.17,-158.85,-152.29,-144.05,-137.49,-129.4,-120.4,-110.17,-100.86,-91.403,-82.705,-73.092,-64.089,-52.339,-42.116,-29.45,-20.6,-10.834,-1.3733,8.24,18.464,28.535,37.69,48.372,56.917,65.157,72.939,81.637,86.978,91.403,92.929,95.981,94.913,95.676,97.507,100.71,101.63,102.39,103,103.46,102.85,105.59,107.88,109.87,108.8,108.95,108.19,108.19,108.8,110.48,110.63,109.71,108.65,108.8,108.65,110.17,110.02,109.71,110.78,114.14,112.92,111.85,110.32,111.39,114.44,119.02,123.91,127.72,130.47,132.6,130.47,126.96,121.46,117.65,113.53,107.73,103.76,103.92,104.22,103.92,101.02,99.033,96.896,95.828,95.523,96.133,94.302,92.013,86.978,84.078,81.332,80.569,78.585,74.77,69.43,63.173,56.917,53.407,50.813,48.677,46.541,43.184,36.164,30.519,23.957,19.99,14.649,11.139,9.1556,7.9348,5.7985,3.0519,0.76296,-0.45778,-3.0519,-6.5615,-10.224,-11.902,-14.954,-16.175,-17.396,-16.48,-14.496,-12.207,-9.7659,-8.3926,-9.7659,-10.224,-11.444,-13.733,-17.701,-20.447,-21.973,-22.431,-25.788,-26.856,-29.298,-29.298,-30.519,-29.908,-26.551,-21.973,-16.938,-12.818,-10.071,-11.292,-17.243,-20.6,-23.804,-25.025,-27.009,-25.941,-25.178,-23.194,-22.736,-27.467,-34.486,-41.2,-48.067,-52.187,-55.391,-55.391,-57.833,-59.816,-65.31,-67.598,-69.43,-69.277,-70.956,-70.956,-71.718,-72.176,-73.244,-74.007,-73.855,-73.244,-73.397,-71.566,-75.228,-78.585,-84.689,-89.267,-93.539,-95.065,-99.796,-104.07,-107.43,-110.32,-114.44,-118.56,-124.67,-131.69,-138.86,-140.84,-143.28,-143.59,-145.12,-142.98,-141,-139.01,-138.25,-134.13,-131.23,-128.33,-126.19,-123.14,-121.01,-118.41,-117.8,-114.75,-113.68,-109.41,-106.51,-101.02,-95.676,-90.945,-88.504,-86.367,-88.046,-89.114,-90.487,-90.182,-87.741,-82.4,-80.111,-78.738,-79.348,-78.28,-77.975,-75.228,-73.855,-74.007,-74.313,-75.076,-75.076,-71.718,-67.598,-64.089,-62.41,-60.121,-59.511,-56.459,-54.018,-50.05,-48.677,-45.93,-43.184,-38.759,-35.707,-34.181,-33.113,-32.502,-31.892,-30.366,-31.434,-33.265,-36.012,-34.639,-33.876,-31.434,-31.281,-30.366,-32.35,-34.486,-37.385,-38.911,-41.658,-45.32,-50.05,-54.018,-54.933,-52.644,-50.508,-46.999,-45.625,-45.32,-46.693,-47.761,-49.135,-50.813,-52.339,-52.034,-51.118,-51.118,-54.018,-51.424,-47.151,-42.726,-42.421,-39.979,-39.979,-37.538,-37.233,-38.911,-42.573,-45.778,-46.846,-46.388,-43.947,-40.437,-37.08,-31.129,-26.856,-22.736,-19.684,-16.022,-16.175,-14.954,-12.665,-8.24,-3.2044,0.45778,1.2207,0.76296,-0.45778,0.15259,-2.5941,-3.8148,-6.4089,-6.8667,-8.8504,-12.055,-16.785,-19.99,-21.668,-23.957,-26.856,-29.298,-33.57,-37.69,-40.895,-43.489,-47.609,-49.44,-51.881,-52.492,-50.813,-43.794,-36.622,-30.671,-26.704,-21.973,-17.548,-11.75,-5.9511,-1.8311,1.9837,10.681,17.396,22.889,25.178,28.84,30.213,34.181,36.164,37.843,35.859,32.35,26.551,22.584,18.464,14.344,7.9348,4.5778,2.4415,0.61037,-6.2563,-12.207,-15.87,-14.649,-12.818,-10.376,-6.8667,-4.5778,-3.357,-3.0519,-3.9674,-5.0356,-7.3244,-9.9185,-15.259,-20.753,-25.025,-26.704,-29.298,-29.603,-26.704,-24.262,-24.567,-24.262,-27.161,-27.924,-31.587,-33.265,-35.707,-36.164,-34.791,-34.181,-34.181,-34.486,-34.333,-32.807,-32.044,-30.213,-29.45,-28.687,-28.077,-25.483,-25.788,-26.399,-27.314,-27.314,-28.382,-29.45,-30.976,-33.723,-37.996,-42.268,-47.761,-49.287,-53.713,-59.969,-66.683,-72.024,-75.076,-76.144,-77.364,-78.585,-82.095,-82.858,-84.231,-83.01,-83.316,-82.4,-83.163,-83.621,-84.078,-84.994,-85.604,-84.994,-84.078,-81.179,-78.738,-75.381,-75.686,-73.55,-73.244,-69.735,-67.751,-65.92,-65.92,-65.462,-66.378,-65.157,-64.699,-61.953,-61.953,-61.342,-62.563,-61.342,-63.173,-66.378,-71.718,-74.007,-73.702,-72.329,-70.65,-70.803,-75.228,-78.585,-83.621,-84.994,-86.062,-84.841,-86.52,-88.656,-91.403,-92.624,-94.302,-95.523,-99.185,-100.56,-103.31,-104.53,-106.2,-105.14,-105.75,-105.9,-106.51,-105.14,-101.02,-95.218,-93.692,-93.081,-95.676,-97.812,-102.85,-105.9,-108.65,-109.1,-109.1,-108.65,-110.63,-112.16,-114.6,-116.89,-121.16,-123.75,-126.8,-131.53,-136.88,-142.22,-146.95,-150.46,-153.97,-156.25,-160.37,-160.99,-162.36,-159.31,-154.88,-147.71,-141.45,-137.64,-136.27,-135.81,-135.96,-135.35,-133.37,-126.8,-121.46,-116.43,-114.75,-113.53,-113.22,-111.7,-110.32,-109.71,-109.26,-107.88,-106.66,-104.22,-103.61,-103.15,-105.9,-109.41,-110.32,-109.56,-109.1,-107.88,-104.83,-100.71,-98.727,-94.913,-92.624,-88.351,-84.841,-81.637,-78.28,-74.618,-72.481,-69.43,-66.988,-63.173,-64.089,-62.868,-60.732,-55.544,-51.424,-47.609,-42.879,-36.622,-32.807,-30.213,-31.434,-32.35,-34.639,-37.08,-40.895,-39.979,-35.554,-29.298,-25.33,-22.736,-24.567,-24.873,-24.567,-23.041,-22.736,-21.21,-19.074,-17.09,-16.022,-12.665,-10.834,-7.1718,-5.4933,-4.2726,-5.6459,-6.4089,-5.7985,-6.2563,-6.8667,-6.7141,-6.2563,-4.7304,-3.8148,-1.0681,-0.91556,1.6785,5.1881,10.376,14.344,17.853,18.006,15.412,9.003,5.1881,1.0681,-1.0681,-1.8311,-1.3733,-0.61037,2.1363,6.4089,13.276,17.548,22.126,25.178,27.619,28.84,29.756,26.856,23.957,20.6,18.769,13.428,10.071,7.0193,7.6296,10.987,13.428,17.548,23.499,27.619,32.197,35.859,40.895,40.895,40.437,39.521,39.369,36.47,36.317,37.69,40.284,41.81,42.573,41.353,40.59,39.369,38.911,38.453,40.59,41.658,41.047,38.911,38.606,37.08,37.538,34.639,32.96,31.434,30.519,30.671,30.824,30.976,30.824,29.45,30.824,30.671,31.739,32.807,33.876,34.486,37.08,38.301,40.742,42.879,45.015,45.015,45.625,45.32,46.236,45.93,44.252,42.573,43.031,44.099,43.489,42.726,45.625,47.456,50.203,52.339,56.307,62.41,68.819,74.007,77.059,80.264,84.078,85.91,87.283,87.283,90.182,92.318,93.844,94.302,94.913,95.37,97.049,99.49,104.22,108.04,110.63,111.09,114.44,116.89,119.33,119.63,120.85,121.77,122.53,122.07,121.77,122.23,125.58,127.26,131.08,135.65,139.32,137.94,136.57,136.27,135.81,135.04,133.67,129.25,123.75,117.95,111.85,103.31,98.88,97.201,99.49,100.41,100.71,97.964,93.387,88.809,82.247,74.007,65.92,54.018,43.794,32.655,27.924,22.126,14.496,7.3244,2.2889,-1.5259,-3.9674,-5.6459,-6.7141,-9.4607,-10.376,-12.207,-12.665,-16.785,-19.684,-20.753,-23.804,-28.535,-33.265,-37.08,-39.521,-41.505,-43.336,-46.846,-47.761,-50.05,-52.95,-56.154,-57.833,-60.427,-61.495,-62.868,-65.004,-65.615,-61.647,-59.053,-53.56,-49.44,-43.794,-42.726,-42.573,-41.047,-38.148,-35.859,-33.876,-32.35,-28.382,-26.093,-20.447,-16.175,-9.003,-3.0519,1.3733,3.9674,8.6978,13.123,16.938,18.159,20.142,19.684,19.684,18.311,17.396,14.801,11.75,7.9348,4.7304,3.0519,0.76296,-1.8311,-1.8311,-4.2726,-5.0356,-3.9674,-1.0681,2.2889,6.5615,9.4607,12.513,15.259,16.175,15.259,15.87,12.97,9.1556,3.2044,-0,-3.5096,-7.1718,-11.139,-12.207,-12.207,-10.681,-8.5452,-4.5778,-1.3733,0.76296,-0.15259,-1.6785,-4.12,-5.1881,-6.1037,-6.7141,-8.5452,-8.6978,-10.376,-11.444,-13.276,-13.581,-16.48,-17.243,-19.532,-20.6,-21.516,-22.126,-24.415,-25.178,-24.262,-23.041,-23.499,-23.041,-24.262,-23.957,-23.652,-20.447,-18.006,-12.665,-7.9348,-3.6622,-1.9837,-0.91556,-3.2044,-6.1037,-11.139,-15.87,-22.584,-26.551,-31.739,-36.775,-43.489,-48.677,-52.492,-54.323,-57.527,-60.427,-64.394,-65.31,-69.735,-73.855,-79.348,-80.569,-80.264,-77.975,-77.517,-75.381,-73.397,-69.277,-65.615,-60.884,-58.596,-54.17,-50.813,-45.778,-41.81,-36.775,-32.502,-29.756,-26.093,-22.126,-19.227,-15.107,-11.444,-6.4089,-5.0356,-2.4415,-0.61037,1.6785,3.9674,5.7985,7.0193,8.6978,9.6133,11.444,12.665,15.259,16.022,17.701,18.311,18.616,18.464,19.074,20.447,21.668,21.973,21.668,21.058,21.516,19.837,21.058,21.21,23.194,23.041,22.126,20.142,19.532,20.6,22.736,26.399,30.824,33.265,37.843,40.284,44.252,45.93,47.456,47.456,47.914,48.067,48.219,48.677,48.83,48.83,50.508,49.44,49.135,46.541,44.557,43.031,41.2,37.538,33.57,28.84,25.178,19.227,14.954,9.1556,4.2726,-1.5259,-5.7985,-12.818,-18.921,-26.246,-34.486,-43.336,-51.118,-58.596,-65.157,-73.702,-79.958,-88.351,-94.302,-101.63,-106.66,-112.46,-117.5,-124.36,-130.16,-135.2,-140.54,-147.4,-153.36,-160.68,-166.48,-172.43,-177.01,-183.57,-189.21,-193.33,-197.76,-202.03,-206.31,-209.81,-213.02,-217.44,-220.19,-224.46,-227.82,-233.01,-234.99,-239.27,-242.01,-245.83,-248.27,-250.56,-252.08,-255.59,-257.12,-260.48,-261.7,-263.99,-264.75,-267.49,-267.95,-268.26,-268.11,-268.72,-268.72,-268.26,-266.58,-267.34,-266.12,-266.73,-266.12,-267.04,-265.82,-265.05,-263.83,-261.54,-258.34,-255.75,-253.3,-251.63,-247.81,-246.89,-243.84,-242.16,-238.81,-236.37,-233.31,-231.03,-228.43,-225.68,-222.63,-219.89,-215.92,-212.71,-208.59,-204.93,-200.2,-197,-193.33,-191.5,-189.98,-189.06,-187.69,-186.32,-184.94,-183.87,-180.82,-180.67,-178.53,-177.77,-176.09,-176.4,-174.41,-171.97,-169.38,-166.78,-164.34,-164.04,-160.83,-158.7,-156.1,-155.34,-151.83,-150.61,-147.4,-145.12,-142.98,-141.76,-140.23,-138.25,-135.04,-131.69,-127.57,-126.8,-122.84,-120.7,-118.11,-116.58,-114.29,-114.6,-114.44,-114.9,-113.99,-114.6,-113.22,-112.46,-110.02,-108.8,-107.27,-108.19,-108.04,-107.58,-105.75,-104.22,-101.78,-99.796,-96.133,-93.387,-88.961,-87.13,-83.316,-80.569,-76.144,-72.634,-68.972,-64.547,-58.29,-52.797,-47.609,-43.336,-37.233,-34.181,-27.924,-23.194,-17.09,-12.818,-6.4089,-2.2889,-0.15259,1.2207,3.6622,6.8667,11.597,14.649,17.701,18.159,17.548,15.107,13.886,16.175,19.379,22.736,24.72,25.483,24.567,21.516,20.447,18.769,19.379,18.921,18.311,14.801,10.681,6.2563,3.0519,3.8148,7.477,8.3926,9.1556,7.477,5.6459,1.9837,1.5259,0.15259,-0.15259,0.15259,-0.30519,-1.2207,-0.61037,-3.0519,-4.2726,-6.2563,-7.0193,-9.3081,-10.529,-11.902,-12.97,-13.733,-14.649,-14.801,-13.886,-14.496,-13.123,-13.428,-11.597,-10.681,-9.003,-9.1556,-8.8504,-7.6296,-4.5778,-1.2207,5.0356,11.139,17.853,23.957,32.197,38.148,44.557,49.898,58.901,67.598,76.907,86.978,98.422,108.04,120.4,130.31,141,148.01,157.93,167.7,178.23,188.3,198.52,208.9,217.9,225.23,232.4,236.98,242.93,246.59,251.93,256.81,260.02,262.61,263.99,263.07,262.31,260.32,259.71,257.12,254.52,248.42,241.71,232.25,221.41,210.12,200.2,190.89,181.28,171.82,163.58,152.29,142.83,134.43,125.74,115.82,104.53,95.523,88.809,81.637,75.228,69.277,65.31,58.29,52.644,45.32,39.369,31.434,23.347,14.039,6.1037,-0.91556,-6.7141,-16.327,-25.178,-36.012,-43.641,-51.424,-61.647,-72.024,-78.89,-85.91,-92.624,-99.338,-103.76,-109.71,-115.36,-122.07,-126.19,-129.55,-132.76,-136.27,-139.77,-143.89,-148.01,-151.68,-150.46,-150.91,-153.05,-157.32,-156.1,-150.91,-147.56,-146.49,-147.56,-154.27,-156.71,-149.54,-133.82,-121.01,-109.87,-99.49,-88.504,-83.163,-85.91,-89.267,-80.569,-66.225,-50.356,-35.096,-20.905,-19.379,-25.636,-34.639,-46.693,-61.037,-65.767,-59.053,-42.573,-29.145,-20.295,-22.279,-32.044,-46.846,-59.511,-69.277,-77.364,-84.994,-90.182,-95.523,-98.88,-103.15,-108.04,-118.26,-132.76,-151.83,-174.41,-199.13,-216.38,-229.65,-231.64,-229.04,-222.79,-220.34,-218.51,-217.75,-222.48,-231.33,-244,-261.7,-277.26,-285.96,-282.75,-274.67,-261.39,-249.18,-240.94,-238.96,-241.1,-247.05,-252.69,-260.02,-261.24,-258.95,-250.56,-233.62,-210.27,-188.76,-172.73,-166.17,-167.09,-175.63,-185.71,-190.13,-180.21,-161.9,-135.81,-108.34,-80.569,-54.933,-33.113,-21.516,-20.905,-28.84,-39.521,-49.44,-48.677,-38.606,-24.11,-13.733,-6.1037,-0.15259,-2.1363,-9.4607,-12.818,-8.5452,3.0519,14.649,24.873,30.061,27.161,19.532,9.1556,-2.5941,-11.292,-20.905,-25.636,-29.756,-30.824,-31.739,-32.807,-34.028,-34.028,-34.333,-34.639,-39.369,-41.505,-45.015,-46.236,-49.135,-50.356,-51.729,-51.729,-49.898,-45.93,-42.421,-36.775,-32.807,-27.619,-22.889,-17.548,-11.444,-5.6459,-1.2207,2.1363,4.7304,9.4607,15.107,23.347,30.366,40.132,45.473,53.407,60.121,68.056,72.787,77.517,82.095,87.436,91.556,98.27,101.02,104.68,104.83,107.12,106.66,107.12,108.95,111.85,115.36,120.55,124.82,128.18,134.13,144.51,152.59,161.9,169.53,177.62,184.18,189.67,192.88,192.57,191.2,191.5,190.59,190.44,190.28,191.35,191.66,193.64,196.69,200.96,203.56,203.86,202.34,200.35,196.84,194.56,193.33,195.17,195.78,198.52,197.91,197.15,193.79,194.1,194.71,195.62,194.86,195.17,194.71,196.84,198.52,201.57,200.66,200.2,195.01,190.74,184.64,181.43,179.14,177.31,173.8,172.89,171.82,170.14,165.26,161.9,158.39,159.31,159.15,161.44,161.9,163.73,163.27,164.95,165.72,166.33,163.58,162.82,161.75,162.66,162.05,163.88,164.65,167.09,166.33,165.11,162.97,161.29,159.31,160.68,162.66,166.17,167.55,171.82,174.57,179.14,181.59,182.5,182.35,183.72,186.47,190.44,195.17,199.74,202.03,205.24,205.39,207.98,210.43,211.04,209.36,207.07,203.25,197.76,191.5,187.38,182.96,180.36,178.23,180.67,182.96,183.87,180.97,177.92,177.01,177.47,178.23,180.21,182.04,183.87,176.4,166.48,156.71,152.13,150.46,156.56,162.36,160.83,145.42,117.19,84.536,56.764,46.388,63.936,95.676,126.04,139.47,134.43,108.34,74.465,40.437,16.938,17.701,42.573,80.416,115.05,130.01,127.41,106.66,81.637,57.985,44.099,40.742,42.726,44.252,41.505,32.807,19.074,-1.3733,-25.941,-51.576,-63.478,-63.631,-53.102,-37.843,-26.856,-25.178,-35.249,-55.086,-81.484,-108.49,-129.55,-138.4,-134.89,-129.4,-119.94,-115.36,-112.46,-118.11,-129.86,-151.52,-172.58,-188.91,-189.52,-172.43,-141.61,-106.66,-69.887,-38.606,-20.142,-23.194,-36.927,-47.456,-48.677,-38.301,-15.412,7.3244,23.804,30.824,31.587,23.957,16.175,15.564,32.807,53.56,75.686,101.78,132.3,151.37,159.61,160.37,155.19,146.18,137.64,131.08,136.27,152.75,171.21,180.21,182.04,173.5,155.49,132.6,112.92,98.88,90.335,90.182,99.338,106.81,107.27,95.37,74.618,44.557,15.412,-10.224,-26.856,-34.639,-36.775,-33.57,-27.619,-23.804,-19.684,-22.584,-36.622,-64.699,-95.523,-121.77,-137.03,-146.64,-157.78,-166.63,-168.31,-160.99,-147.56,-144.2,-147.56,-160.22,-176.4,-191.35,-204.63,-213.17,-216.38,-211.8,-197.61,-181.89,-168.61,-161.75,-160.83,-171.36,-187.23,-202.34,-205.39,-197.61,-187.69,-175.18,-156.56,-141.76,-136.27,-145.57,-165.72,-195.01,-222.79,-244.3,-257.88,-269.02,-280.47,-296.33,-312.97,-334.94,-357.22,-382.09,-406.81,-429.4,-443.59,-445.57,-436.41,-423.9,-413.98,-415.66,-428.02,-445.27,-466.63,-494.55,-523.7,-546.28,-561.54,-558.64,-534.07,-498.06,-463.12,-440.38,-430.01,-433.52,-441.6,-454.12,-466.17,-480.97,-498.21,-511.18,-520.65,-521.71,-515.3,-506.3,-489.67,-469.68,-447.25,-430.62,-420.39,-419.32,-429.85,-447.4,-463.12,-474.56,-478.84,-475.17,-459,-441.91,-427.11,-414.9,-405.44,-402.08,-404.83,-410.93,-420.85,-432.14,-443.89,-454.73,-454.57,-445.88,-432.45,-418.1,-402.08,-388.5,-379.65,-375.68,-375.99,-379.5,-384.38,-389.57,-392.77,-396.28,-397.2,-397.96,-398.11,-397.5,-396.13,-393.38,-390.18,-386.82,-382.24,-377.21,-371.56,-369.43,-364.85,-360.27,-356.3,-349.89,-341.35,-333.11,-322.12,-313.43,-303.96,-296.18,-286.57,-279.09,-270.55,-261.39,-254.83,-247.2,-238.65,-229.04,-217.6,-206.76,-194.4,-182.96,-172.28,-159.46,-147.25,-133.82,-121.16,-109.26,-96.591,-85.299,-71.718,-59.358,-47.151,-35.554,-23.041,-9.6133,3.5096,16.48,32.044,45.93,61.647,74.923,89.572,105.59,119.79,133.06,146.49,159.31,173.65,185.86,200.05,212.56,226.6,240.64,254.68,267.65,279.55,291.3,302.13,312.05,324.41,335.55,347.91,357.07,368.21,377.82,386.52,393.84,401.93,409.25,418.56,425.28,432.6,437.33,442.98,448.01,453.51,459,464.95,470.29,476.39,480.06,484.33,488.3,493.33,496.69,501.27,506,509.96,513.32,516.83,520.34,523.24,525.07,527.51,527.97,529.5,531.17,533.62,535.75,537.74,540.94,544.3,548.88,552.84,555.44,558.49,560.62,564.74,566.42,568.25,569.17,571.76,574.21,576.8,578.48,580.31,581.68,583.51,584.28,587.02,589.46,592.36,593.58,595.42,598.47,602.44,605.64,607.17,607.32,608.39,610.37,612.96,614.34,618.15,621.05,623.49,624.56,626.24,628.22,630.21,632.19,634.02,635.24,635.85,635.4,636.01,635.85,637.99,639.06,641.8,642.87,643.48,645.16,646.08,647.45,649.13,652.33,654.16,653.86,655.08,653.86,654.77,653.86,653.55,650.5,649.28,647.6,643.79,641.19,639.06,638.6,637.99,637.07,636.77,635.4,635.24,632.19,629.9,627.61,626.09,623.8,621.51,617.69,612.96,608.08,606.4,604.11,604.11,602.28,602.28,600.45,597.55,596.18,595.11,594.2,592.36,590.08,588.4,584.73,581.84,578.94,577.87,575.58,573.9,571.76,569.48,567.34,565.36,562.61,558.95,555.13,551.16,546.28,542.16,536.21,531.33,525.53,522.17,518.05,514.69,511.34,507.98,505.39,503.1,500.35,497.45,493.03,488.75,483.41,480.06,477.31,475.02,471.82,467.85,463.42,459,453.35,447.86,441.3,435.65,429.85,426.5,421.61,417.34,411.24,405.9,400.86,396.13,390.64,383.77,375.84,368.66,361.95,357.83,352.64,349.44,344.71,340.28,334.79,329.29,323.65,319.22,314.95,311.14,306.86,302.44,297.86,295.72,292.98,291.45,289.01,286.42,283.67,280.31,277.26,275.28,273.14,266.43,257.88,250.71,243.69,236.67,229.04,223.7,216.68,209.2,202.03,194.4,186.16,180.21,176.09,170.75,162.82,159.46,156.87,154.42,151.22,149.39,145.73,141,134.74,125.89,117.34,110.63,107.12,106.66,103.92,100.56,92.318,83.773,74.77,66.53,59.969,55.238,51.118,46.388,40.132,33.113,25.636,20.905,13.276,6.7141,0.15259,-4.12,-11.597,-20.142,-28.077,-34.333,-39.216,-42.726,-44.862,-49.287,-55.086,-59.358,-65.615,-69.887,-73.092,-74.465,-77.822,-78.28,-78.127,-78.89,-78.585,-78.585,-79.501,-79.806,-79.043,-76.449,-76.754,-79.043,-82.247,-82.095,-82.247,-83.468,-88.046,-93.997,-99.338,-105.44,-107.88,-108.95,-111.39,-112.31,-111.85,-106.51,-100.56,-94.302,-94.455,-92.776,-90.793,-89.877,-90.793,-92.166,-93.692,-93.844,-93.234,-91.403,-89.877,-88.046,-86.825,-83.621,-82.553,-81.332,-81.942,-83.316,-85.91,-86.825,-86.215,-83.773,-80.111,-76.296,-75.686,-73.55,-72.024,-68.514,-67.293,-65.767,-64.699,-63.478,-61.647,-61.037,-61.495,-63.478,-66.378,-68.514,-72.329,-75.686,-79.043,-80.416,-84.994,-92.318,-99.338,-104.07,-106.36,-109.26,-113.38,-118.87,-126.8,-131.84,-135.04,-135.65,-138.71,-142.06,-144.51,-145.12,-145.88,-146.79,-147.4,-148.93,-152.75,-153.2,-153.36,-153.36,-156.41,-159.76,-162.21,-166.02,-169.07,-171.06,-172.12,-173.19,-177.16,-179.3,-180.82,-181.28,-184.48,-186.93,-189.52,-189.67,-190.28,-193.49,-198.98,-202.64,-204.17,-203.41,-204.93,-205.39,-206.92,-209.2,-212.1,-214.55,-216.83,-220.65,-225.23,-228.58,-230.87,-232.25,-233.77,-234.99,-237.13,-237.59,-241.1,-242.32,-244.15,-244.76,-244.91,-244.91,-245.83,-249.18,-253.46,-254.83,-255.13,-253.15,-251.78,-249.03,-246.74,-245.83,-244.61,-243.23,-241.25,-236.06,-230.26,-225.68,-221.11,-216.07,-211.34,-206.15,-202.95,-198.98,-195.93,-192.11,-189.21,-187.08,-186.93,-186.62,-185.09,-182.5,-179.14,-173.8,-170.6,-165.56,-162.05,-157.78,-152.13,-148.93,-147.71,-144.81,-143.13,-142.98,-144.51,-142.98,-143.13,-143.74,-144.81,-143.44,-141.61,-139.01,-136.27,-133.52,-132.45,-132.76,-136.42,-139.01,-140.84,-141.61,-143.13,-143.44,-145.27,-146.64,-146.18,-142.37,-139.16,-137.33,-137.03,-134.13,-133.06,-130.77,-129.25,-124.82,-121.92,-118.11,-114.6,-112.61,-111.09,-109.1,-108.95,-107.88,-105.44,-101.17,-99.185,-96.744,-96.896,-98.575,-101.47,-104.83,-108.34,-111.55,-115.82,-115.51,-113.53,-110.17,-108.8,-108.19,-110.93,-115.05,-124.21,-136.57,-149.08,-158.39,-163.12,-157.48,-146.34,-129.55,-114.9,-103.15,-100.86,-106.66,-118.11,-131.69,-143.74,-151.52,-156.56,-159.46,-161.9,-160.22,-159.61,-159.46,-158.85,-158.54,-163.58,-176.4,-192.11,-201.27,-202.03,-192.27,-177.01,-159.61,-145.27,-135.96,-133.21,-135.35,-140.54,-148.32,-154.88,-158.54,-161.9,-158.09,-154.73,-151.37,-153.81,-162.66,-174.87,-183.72,-186.16,-183.72,-177.92,-170.9,-168.92,-165.11,-163.58,-161.6,-159.92,-160.22,-163.73,-166.33,-168.16,-167.7,-169.53,-169.68,-169.38,-167.39,-166.63,-164.04,-161.9,-160.68,-158.85,-157.32,-158.39,-160.53,-162.82,-162.51,-163.43,-164.19,-164.95,-166.02,-167.39,-170.45,-175.18,-178.23,-180.52,-180.36,-181.28,-181.74,-186.47,-190.44,-192.42,-192.57,-192.72,-191.05,-190.89,-189.98,-190.28,-186.62,-183.57,-178.23,-173.65,-167.55,-160.99,-153.81,-147.86,-141.15,-132.91,-124.36,-117.04,-108.65,-103.31,-95.828,-88.046,-80.416,-71.566,-59.969,-47.609,-35.554,-24.262,-15.107,-9.6133,-5.7985,-2.5941,2.2889,5.9511,6.4089,5.9511,7.6296,9.6133,12.665,13.581,12.207,8.0874,6.5615,4.7304,4.12,3.6622,4.883,8.5452,11.292,14.496,18.464,21.668,26.399,31.129,38.148,45.778,54.323,60.579,67.904,78.28,90.182,103,116.43,127.87,137.79,145.57,153.81,161.44,169.23,174.57,181.13,188.15,193.79,198.22,200.66,200.96,200.81,199.29,197.61,191.05,184.33,176.85,169.23,161.44,154.42,148.63,142.22,137.94,136.57,133.67,131.38,125.89,121.31,117.8,115.05,113.53,112.92,113.83,115.51,114.9,116.58,117.04,117.8,117.5,117.19,116.58,114.44,111.85,109.26,106.66,108.19,109.56,111.7,112.31,114.6,113.83,110.02,105.44,99.643,94.76,92.471,91.403,90.64,86.215,81.637,75.228,71.261,65.31,61.19,56.612,52.034,47.151,41.047,35.707,30.976,26.399,21.516,11.597,2.8993,-4.2726,-6.5615,-7.1718,-8.6978,-11.902,-18.311,-23.194,-26.246,-28.382,-30.824,-35.401,-36.622,-38.759,-40.132,-41.81,-42.726,-44.404,-46.388,-48.372,-50.05,-52.339,-54.476,-56.764,-55.696,-54.476,-51.424,-47.609,-41.047,-34.944,-29.145,-25.636,-21.668,-18.464,-13.581,-9.7659,-3.9674,1.0681,4.4252,3.6622,4.5778,7.7822,10.071,13.581,18.464,24.11,29.45,29.45,28.077,24.72,23.347,20.295,17.09,11.444,3.0519,-7.0193,-18.006,-30.366,-41.963,-51.729,-59.206,-67.598,-74.923,-86.52,-98.27,-110.32,-121.16,-130.77,-141.15,-149.85,-153.81,-157.17,-160.22,-164.34,-167.24,-171.82,-173.65,-176.24,-179.75,-182.5,-183.11,-180.82,-175.33,-167.55,-156.25,-145.57,-134.59,-127.11,-120.7,-117.95,-115.67,-112.77,-108.19,-102.85,-96.286,-90.03,-81.484,-76.449,-70.345,-65.615,-61.037,-56.307,-49.593,-43.031,-37.843,-34.639,-28.993,-24.873,-19.99,-15.564,-9.1556,-7.477,-3.8148,0.91556,6.5615,13.733,20.905,26.856,31.129,33.113,36.622,39.216,45.167,49.135,52.797,55.849,59.358,64.394,69.124,73.855,74.77,73.092,73.55,71.718,70.803,69.735,67.598,66.225,66.073,66.225,64.852,64.089,65.157,62.716,59.664,52.034,46.236,36.317,29.908,23.652,20.447,15.107,8.24,0.45778,-4.4252,-10.224,-14.954,-20.753,-27.619,-38.148,-46.693,-54.476,-60.121,-66.225,-73.55,-82.553,-90.182,-95.218,-100.1,-104.37,-107.88,-113.99,-117.04,-119.79,-123.91,-129.55,-134.74,-140.23,-145.73,-151.98,-156.1,-161.9,-167.24,-172.12,-172.28,-172.12,-169.53,-167.85,-165.72,-165.87,-166.78,-169.23,-172.28,-175.33,-178.69,-181.89,-182.04,-182.2,-180.67,-179.45,-173.96,-167.85,-162.21,-156.71,-152.44,-151.98,-150.76,-151.83,-151.22,-150.76,-147.25,-142.67,-136.72,-133.21,-129.25,-123.91,-117.8,-112,-106.81,-101.02,-92.624,-85.299,-76.144,-67.904,-56.917,-47.304,-38.759,-33.876,-34.028,-34.944,-33.57,-30.061,-24.262,-18.159,-9.9185,-2.2889,7.1718,14.496,23.194,31.587,39.521,42.573,42.573,43.184,44.71,47.761,54.628,63.936,72.481,75.838,77.822,78.585,81.332,84.231,87.741,91.25,96.896,103.46,109.1,112.46,115.82,114.9,114.6,117.04,118.87,116.73,115.05,113.68,112,110.48,108.34,103,99.033,94.607,91.556,88.504,85.757,84.231,82.4,78.89,75.228,70.65,66.836,64.394,63.326,61.342,60.884,58.443,57.68,58.748,62.41,64.241,66.683,68.209,69.887,70.65,71.871,70.803,70.956,70.498,68.209,64.089,61.953,61.19,61.342,61.495,63.173,61.19,56.764,54.323,55.544,54.933,54.018,54.933,61.647,68.361,78.738,88.046,95.981,100.1,98.27,92.318,84.536,74.007,65.767,57.527,52.187,47.151,43.336,39.979,40.132,41.047,39.369,37.69,36.927,36.775,36.775,34.944,34.181,31.129,27.314,22.584,18.921,14.344,11.75,10.834,11.444,12.818,13.733,13.733,14.801,13.886,13.581,12.36,11.444,9.3081,7.7822,6.2563,6.8667,7.7822,7.7822,7.3244,7.1718,2.2889,-0,0.91556,7.477,16.327,25.178,34.639,44.557,54.323,62.563,65.767,68.819,68.819,70.193,70.803,70.345,67.904,63.631,61.647,60.121,57.527,53.56,47.609,44.252,43.641,45.32,44.404,41.658,36.622,31.587,27.467,25.33,24.415,23.804,22.736,22.279,18.769,16.785,14.649,15.564,16.938,23.194,30.824,36.317,38.453,41.047,44.862,46.999,46.846,47.151,47.304,48.067,45.473,42.573,39.827,37.69,36.622,33.876,29.908,24.262,18.769,15.107,10.224,6.7141,-0.45778,-5.4933,-8.8504,-11.902,-14.954,-14.344,-11.597,-9.1556,-7.9348,-6.4089,-6.7141,-6.5615,-8.6978,-9.3081,-10.529,-8.5452,-6.2563,-2.1363,1.0681,3.2044,6.1037,11.292,14.954,14.954,10.987,8.0874,6.1037,7.3244,6.8667,6.8667,5.6459,2.7467,-0.76296,-3.6622,-3.0519,2.2889,5.4933,8.5452,8.8504,7.9348,5.4933,7.0193,6.4089,3.8148,2.1363,2.2889,2.2889,2.1363,2.7467,6.5615,8.6978,10.376,10.376,10.834,7.1718,3.357,0.45778,-1.9837,-2.4415,-0,4.4252,7.6296,10.681,14.344,15.107,14.954,9.9185,7.477,7.0193,5.3407,2.5941,1.2207,0.76296,1.6785,1.3733,1.6785,0.61037,4.12,6.2563,4.4252,1.3733,-1.2207,-4.883,-8.24,-11.597,-10.224,-7.477,-1.9837,3.6622,9.1556,11.597,15.564,19.99,23.194,24.415,26.246,27.924,27.009,23.499,22.889,19.99,17.09,13.886,15.259,16.938,20.753,23.804,25.483,26.704,27.314,28.687,30.519,33.113,37.996,41.353,44.862,47.761,53.407,58.138,60.884,60.884,59.358,54.781,50.05,46.083,42.421,39.369,37.69,35.859,36.164,34.944,34.181,30.976,28.993,26.551,25.483,24.873,24.11,23.041,20.905,19.532,22.126,25.483,29.45,29.908,30.976,29.603,28.077,25.483,23.652,21.058,17.853,13.733,10.224,3.0519,-1.5259,-4.7304,-7.3244,-11.597,-14.039,-18.769,-22.584,-25.025,-28.84,-34.333,-36.775,-37.385,-38.453,-40.742,-43.184,-46.999,-50.05,-55.238,-58.29,-62.41,-63.784,-63.326,-61.495,-58.443,-53.407,-47.609,-39.979,-32.502,-24.72,-19.227,-13.276,-9.7659,-6.5615,-3.8148,1.6785,8.3926,16.48,22.431,28.382,33.265,38.453,42.268,46.083,46.693,48.372,48.219,47.761,44.557,42.421,40.132,39.369,36.927,34.028,31.281,29.298,26.704,24.567,20.753,19.227,17.243,15.717,10.071,5.7985,4.5778,2.4415,-1.3733,-2.7467,-1.9837,-1.3733,-3.6622,-4.4252,-7.7822,-11.597,-18.616,-23.194,-27.009,-29.603,-30.976,-32.655,-36.164,-42.268,-47.609,-49.898,-52.95,-53.407,-53.865,-52.187,-50.508,-46.999,-46.388,-46.693,-45.625,-42.879,-40.132,-36.164,-33.113,-29.908,-28.077,-25.636,-25.483,-22.889,-22.889,-22.889,-24.415,-24.262,-23.499,-21.821,-19.227,-15.564,-11.444,-8.5452,-8.6978,-8.5452,-9.1556,-7.6296,-6.5615,-5.0356,-5.7985,-4.7304,-5.7985,-9.1556,-16.633,-25.178,-31.281,-32.655,-30.061,-24.11,-21.668,-17.09,-13.886,-9.003,-7.3244,-6.4089,-10.071,-15.412,-20.905,-24.11,-27.467,-30.519,-31.892,-31.434,-30.671,-26.856,-25.483,-24.415,-24.567,-23.041,-22.431,-22.279,-22.431,-22.584,-21.821,-20.142,-19.227,-19.074,-19.99,-18.921,-16.633,-13.428,-13.123,-11.597,-10.529,-8.5452,-6.1037,-4.883,-4.883,-4.4252,-5.1881,-5.7985,-10.071,-11.597,-13.733,-15.87,-16.938,-16.785,-16.175,-15.412,-13.123,-10.529,-8.5452,-6.7141,-5.0356,-2.4415,-1.0681,1.2207,1.2207,1.0681,-0,0.61037,1.6785,3.2044,3.8148,1.3733,-1.0681,-2.4415,-3.5096,-2.2889,-2.5941,-1.0681,-0.61037,1.5259,4.883,7.9348,10.987,13.581,16.48,18.311,18.616,17.243,15.717,13.123,7.9348,2.5941,-4.4252,-10.834,-19.532,-27.009,-32.044,-35.707,-40.132,-44.099,-46.388,-45.625,-45.015,-42.268,-40.742,-37.69,-35.096,-29.603,-24.262,-16.175,-9.003,-3.5096,0.91556,5.6459,9.4607,12.818,16.785,20.295,22.279,26.246,29.603,34.486,37.843,41.81,45.015,47.609,49.593,52.034,53.865,56.764,58.748,60.427,59.206,60.121,59.664,59.664,58.443,58.748,59.969,60.884,61.953,62.105,60.579,59.511,57.68,58.138,57.985,57.833,55.849,55.238,51.729,50.05,47.304,46.541,45.473,44.71,43.947,43.947,44.862,46.236,46.846,48.067,47.609,49.287,49.745,50.813,51.424,51.881,51.881,54.323,56.154,56.764,56.001,56.917,56.764,55.696,54.323,52.339,49.44,47.609,43.947,41.047,36.622,32.502,27.009,23.804,19.837,17.09,14.496,12.207,10.834,8.5452,6.5615,3.8148,0.30519,-2.1363,-7.0193,-10.834,-17.243,-20.905,-24.873,-26.246,-29.908,-34.333,-38.301,-42.726,-47.761,-49.898,-53.56,-57.222,-62.716,-66.53,-70.04,-70.956,-73.244,-74.007,-76.907,-78.127,-80.111,-80.721,-82.247,-82.705,-84.689,-85.452,-86.062,-84.841,-86.825,-87.436,-89.114,-87.588,-86.215,-84.078,-83.926,-82.858,-83.468,-83.316,-83.621,-83.316,-84.231,-82.858,-81.179,-77.822,-73.55,-67.141,-62.41,-57.222,-53.713,-50.05,-47.609,-45.167,-44.252,-41.505,-38.606,-36.47,-35.401,-34.028,-33.876,-33.418,-34.028,-34.028,-34.028,-32.96,-32.655,-29.145,-26.704,-22.736,-21.363,-18.769,-17.548,-16.785,-18.006,-17.243,-17.243,-16.633,-17.396,-18.464,-20.753,-18.616,-17.396,-14.649,-12.818,-10.834,-11.597,-11.597,-13.733,-14.496,-14.039,-13.581,-13.276,-10.529,-7.9348,-4.2726,-1.9837,1.8311,3.357,5.9511,7.1718,10.987,11.75,14.191,15.87,19.837,25.33,29.756,33.265,37.385,40.742,43.184,44.557,46.693,47.456,50.05,52.034,55.696,57.68,60.884,61.647,64.547,65.31,64.852,64.394,64.547,63.326,62.716,60.274,59.053,58.443,59.969,61.19,65.31,66.988,69.277,67.751,66.225,63.326,60.732,58.748,56.001,52.034,47.914,41.353,35.707,27.467,21.21,11.444,3.357,-7.0193,-15.412,-23.499,-31.129,-39.521,-44.862,-51.271,-57.833,-65.31,-73.244,-81.027,-86.825,-94.607,-101.78,-112,-123.45,-135.65,-145.12,-152.59,-160.37,-169.68,-177.92,-187.08,-194.4,-200.35,-205.69,-209.81,-209.2,-209.2,-206.31,-201.57,-194.86,-188.15,-181.13,-173.19,-163.27,-152.13,-141,-128.94,-116.28,-105.59,-92.013,-79.806,-66.073,-52.644,-38.759,-28.993,-18.311,-8.8504,0.15259,8.6978,18.616,30.671,44.557,57.833,69.735,78.738,88.961,99.948,113.07,122.68,131.84,141,149.08,155.19,160.22,166.78,172.89,176.09,179.14,179.14,179.6,179.3,178.23,174.72,167.55,158.54,149.85,141.3,131.38,121.16,112.16,100.41,89.877,80.874,72.939,62.258,47.761,31.587,14.344,-5.1881,-25.636,-46.541,-63.784,-81.027,-97.964,-116.89,-132.15,-146.64,-161.14,-179.6,-198.07,-217.44,-235.6,-253.91,-268.11,-281.23,-290.23,-298.32,-307.17,-319.38,-331.89,-346.84,-360.27,-374.77,-387.59,-398.42,-406.51,-418.1,-428.33,-440.69,-451.83,-464.03,-473.95,-482.5,-489.36,-495.47,-500.35,-507.22,-515,-522.78,-530.56,-539.11,-544.45,-551.16,-556.2,-562.46,-567.8,-572.37,-574.05,-572.83,-571,-569.93,-567.03,-564.74,-561.85,-558.79,-556.2,-555.28,-553.61,-551.16,-547.35,-542.77,-539.26,-534.84,-530.26,-526.29,-523.85,-524,-523.85,-524.31,-521.41,-519.12,-517.44,-516.83,-515.3,-514.85,-517.59,-521.41,-525.68,-529.19,-532.24,-533.46,-531.94,-531.94,-531.63,-530.72,-528.89,-528.58,-527.51,-525.83,-522.17,-518.81,-516.22,-512.41,-508.9,-505.84,-502.03,-499.13,-494.55,-489.52,-485.24,-483.41,-481.73,-478.07,-473.49,-468.46,-462.66,-455.03,-446.03,-437.33,-427.26,-418.26,-409.1,-399.49,-388.2,-378.73,-367.9,-358.44,-348.67,-338.6,-329.45,-320.6,-311.75,-301.22,-288.4,-277.26,-264.44,-252.69,-240.49,-230.57,-219.89,-207.98,-195.78,-183.26,-171.21,-160.53,-150.46,-140.39,-129.09,-118.56,-106.05,-96.438,-86.215,-77.212,-69.582,-62.868,-55.391,-48.524,-41.963,-35.859,-30.213,-26.399,-20.905,-16.175,-10.529,-4.5778,0.15259,4.4252,8.8504,12.665,16.022,18.616,23.194,26.856,32.35,37.233,44.252,47.914,52.95,57.375,62.716,66.073,68.819,72.024,77.975,83.163,89.724,93.539,99.643,104.83,109.26,111.55,117.65,123.45,128.48,131.53,136.27,140.69,147.1,150.3,154.27,158.24,165.26,171.21,177.77,182.96,187.38,191.35,195.93,199.44,205.24,210.27,216.53,219.73,224.01,227.06,230.41,232.25,233.92,235.6,237.89,238.2,239.72,241.1,244,244.91,247.66,247.66,248.73,249.18,250.86,250.4,250.56,249.18,247.51,246.74,248.73,247.81,247.2,246.28,248.57,249.64,250.56,251.17,250.1,247.51,246.89,247.81,249.18,246.59,247.2,247.81,250.86,251.17,250.1,246.74,243.69,241.55,240.49,238.96,239.57,239.27,240.18,239.72,239.11,234.99,231.79,229.5,227.52,226.45,226.75,225.99,225.53,223.24,221.41,219.12,218.82,219.89,220.65,220.34,218.82,217.9,218.82,217.75,217.44,215.16,215.46,214.39,215.61,216.83,217.75,215.92,213.48,212.1,210.73,208.9,209.66,209.2,210.58,210.27,210.58,210.43,210.58,208.59,205.39,202.19,202.34,203.41,206.46,207.22,206.46,202.95,199.59,197.45,195.01,193.95,194.1,191.05,188.15,182.04,175.94,170.9,167.24,162.66,159.76,158.54,157.17,154.12,151.22,147.4,143.74,138.1,135.81,132.45,129.86,122.53,116.73,110.02,102.08,95.981,93.234,91.861,91.708,91.25,93.692,99.796,109.26,116.12,122.07,123.75,120.09,115.21,113.99,113.83,113.53,112,112.16,111.24,113.38,115.36,121.62,126.5,131.08,136.27,137.94,135.04,131.84,128.48,124.67,118.87,115.51,114.75,118.72,125.13,136.11,144.81,147.56,146.18,142.67,139.47,138.4,137.03,139.16,143.59,151.37,155.64,157.02,153.66,146.34,138.55,135.65,133.52,131.38,128.48,124.52,119.33,116.28,108.19,97.812,84.384,72.329,58.748,47.151,36.317,28.84,20.905,16.785,10.071,4.12,-1.8311,-4.883,-9.3081,-9.003,-7.0193,-4.5778,-2.5941,-1.2207,-2.2889,-3.2044,-5.7985,-4.5778,-4.2726,-0.30519,5.6459,13.886,21.516,26.093,31.587,38.148,43.794,49.898,53.407,57.833,60.884,66.988,71.566,77.975,82.553,85.757,87.741,90.487,95.065,100.25,104.22,108.19,110.93,115.67,117.65,119.33,120.09,120.7,119.79,119.79,119.17,119.33,119.02,120.09,119.94,121.16,122.53,124.36,123.6,124.36,122.68,123.6,123.14,124.36,124.97,125.13,123.75,122.84,121.77,121.92,121.77,122.53,122.38,123.14,121.92,121.01,117.5,114.9,111.7,109.41,107.12,104.68,102.08,99.338,96.133,93.387,89.724,88.961,86.978,86.52,83.468,82.4,80.111,79.958,80.569,80.874,80.264,81.179,81.484,81.179,81.79,84.536,85.299,87.588,88.504,90.64,90.793,91.556,90.793,90.945,92.166,93.234,94.302,95.676,98.27,101.78,105.44,109.71,113.68,118.41,121.46,125.43,129.25,133.52,137.49,142.06,147.71,154.27,160.22,168,172.89,178.69,185.09,193.33,199.44,205.39,209.97,214.09,214.7,215.31,217.14,220.04,222.33,226.6,231.03,234.99,234.99,233.16,230.72,226.29,220.8,214.39,208.59,202.95,197.15,190.89,182.81,177.47,170.9,166.33,159.92,153.36,143.89,133.98,124.52,113.83,103.46,95.218,85.299,76.601,66.073,54.781,41.353,30.824,20.6,11.139,2.1363,-4.12,-8.3926,-12.513,-15.412,-16.327,-17.701,-19.684,-23.041,-24.262,-24.11,-16.175,-5.3407,7.3244,17.701,27.619,31.434,35.707,46.083,66.988,93.234,120.7,145.12,160.83,166.78,181.28,206.92,242.16,281.84,324.11,358.13,379.5,386.06,383.62,374,359.2,345.62,338.15,339.06,342.72,338.6,323.34,296.64,264.9,231.03,202.49,178.84,157.02,131.23,109.71,90.793,64.852,32.655,-0.76296,-32.502,-61.037,-89.419,-113.99,-137.03,-156.41,-177.77,-196.39,-214.55,-229.04,-242.77,-252.69,-261.39,-266.73,-270.55,-272.99,-276.19,-277.11,-280.77,-281.53,-282.14,-281.53,-283.82,-283.97,-284.43,-283.36,-283.06,-282.75,-281.23,-278.02,-275.12,-270.55,-267.95,-262.31,-259.71,-255.29,-253.46,-250.4,-247.81,-241.71,-236.06,-229.04,-224.16,-218.51,-213.63,-207.37,-201.57,-192.57,-184.18,-174.87,-167.7,-160.53,-155.19,-150.15,-146.18,-141.76,-137.18,-134.59,-132.15,-127.72,-122.07,-116.28,-115.05,-112.92,-111.7,-109.41,-108.65,-108.49,-107.73,-105.59,-103.46,-101.02,-100.56,-102.24,-103.92,-103.61,-102.69,-99.185,-95.981,-90.182,-88.809,-85.299,-83.621,-81.942,-81.942,-81.79,-82.247,-80.874,-80.721,-79.043,-75.991,-68.514,-60.579,-50.508,-44.099,-36.164,-28.993,-21.058,-14.496,-8.8504,-5.3407,-1.6785,2.1363,5.9511,7.9348,12.055,14.801,18.006,20.142,22.584,23.957,25.178,26.093,25.941,25.178,26.704,28.077,31.587,34.181,37.233,41.353,46.693,48.982,50.508,52.187,54.933,57.68,62.868,66.073,71.413,76.449,84.384,91.403,101.02,108.8,117.65,126.04,134.43,142.83,151.52,158.54,166.94,172.43,179.6,183.26,186.16,187.99,188.45,188.3,188.6,190.28,194.4,197.61,200.81,200.51,202.34,202.95,204.32,204.63,205.69,205.24,203.41,200.81,199.44,197.45,197.76,197.45,197.61,197.3,197.76,195.17,192.27,191.35,193.33,195.93,197.61,198.83,199.44,197.76,195.93,192.72,190.28,186.93,183.72,183.57,185.55,187.84,191.05,193.95,196.54,198.68,201.27,202.64,204.93,205.54,208.29,211.04,214.24,217.6,221.26,224.46,226.6,227.36,229.5,230.87,233.31,233.77,234.08,232.4,232.25,232.7,231.79,231.79,232.09,232.09,232.4,233.47,236.52,237.13,238.96,239.11,239.27,237.74,237.43,238.65,240.79,242.32,242.32,242.16,241.55,241.71,243.39,243.23,244.76,245.67,246.28,244.45,241.71,238.65,236.67,234.99,233.62,232.09,231.79,232.25,235.3,236.98,239.88,240.79,242.93,244.45,245.67,245.98,245.06,245.83,244.91,243.69,241.71,238.65,235.91,231.03,228.28,224.46,222.94,222.02,221.56,220.5,219.73,218.36,215.77,212.41,208.75,201.73,194.86,186.32,180.52,173.5,168.16,162.21,156.87,153.36,148.78,143.44,137.79,131.23,125.28,117.34,111.7,105.14,99.643,93.081,87.13,81.027,76.601,72.329,69.43,65.767,61.037,53.407,45.93,38.911,36.47,31.281,27.314,21.668,16.938,12.055,7.0193,1.9837,-2.1363,-7.1718,-11.597,-16.633,-19.227,-21.516,-22.126,-24.873,-27.772,-30.671,-32.044,-33.723,-35.859,-38.911,-41.963,-43.489,-46.846,-51.118,-52.797,-55.238,-57.527,-60.274,-63.631,-67.141,-67.751,-66.988,-67.293,-67.141,-66.378,-65.004,-64.089,-63.631,-61.953,-62.105,-60.732,-61.342,-61.342,-64.547,-67.446,-69.277,-70.193,-72.481,-74.465,-76.449,-79.806,-85.452,-90.335,-94.455,-96.286,-98.27,-98.727,-101.47,-102.24,-104.98,-107.88,-110.32,-113.22,-117.04,-122.38,-128.18,-131.84,-137.94,-141.15,-145.12,-148.47,-153.97,-157.02,-160.22,-162.97,-164.49,-164.49,-164.95,-165.72,-168,-168.31,-169.99,-169.53,-169.84,-168.92,-169.38,-167.24,-165.11,-164.04,-163.58,-162.82,-165.87,-168.77,-171.06,-172.43,-175.79,-176.09,-175.63,-175.63,-177.92,-181.13,-184.03,-186.32,-188.3,-189.21,-192.27,-196.23,-201.73,-206.46,-211.34,-215.31,-221.41,-225.53,-228.58,-230.57,-231.18,-229.8,-231.03,-231.33,-235.91,-238.04,-238.35,-235.45,-232.25,-227.36,-222.94,-219.89,-216.38,-212.87,-209.2,-205.69,-202.34,-196.69,-191.5,-185.86,-183.11,-179.75,-177.31,-176.7,-177.47,-180.36,-184.18,-187.54,-189.06,-187.99,-186.93,-185.55,-186.77,-185.55,-184.64,-183.42,-185.55,-186.93,-189.83,-188.76,-188.45,-186.77,-183.57,-177.31,-170.6,-163.12,-157.02,-151.22,-146.18,-138.86,-133.21,-126.19,-120.55,-115.05,-111.09,-108.34,-109.56,-110.32,-111.7,-114.29,-114.44,-109.41,-102.24,-96.438,-96.744,-97.964,-102.08,-110.93,-122.53,-127.57,-127.26,-125.13,-118.11,-106.36,-97.049,-93.844,-95.218,-100.56,-108.34,-111.39,-111.24,-105.59,-100.25,-94.302,-91.556,-94.455,-104.07,-115.36,-123.45,-131.23,-139.62,-146.03,-150.46,-153.51,-157.02,-160.07,-163.88,-167.85,-174.11,-177.01,-174.72,-169.68,-163.73,-158.09,-154.88,-153.05,-154.42,-157.48,-162.82,-169.23,-178.08,-183.72,-189.98,-195.32,-202.64,-209.05,-215.31,-220.34,-224.77,-230.72,-238.5,-245.22,-253.61,-258.49,-264.29,-267.65,-272.53,-276.5,-282.14,-288.25,-294.96,-300.3,-307.02,-311.9,-317.39,-321.82,-327.31,-330.21,-332.65,-332.19,-332.5,-331.74,-330.82,-330.82,-330.36,-328.38,-327.62,-324.56,-323.34,-320.29,-317.85,-310.68,-305.64,-298.32,-291.3,-282.91,-276.5,-272.38,-269.94,-269.17,-268.87,-266.88,-264.29,-258.95,-253.15,-244.15,-237.74,-230.41,-223.85,-216.83,-211.04,-203.86,-198.52,-192.57,-187.84,-181.13,-177.31,-172.43,-169.53,-163.58,-158.54,-151.07,-144.81,-138.4,-132.91,-127.41,-123.45,-118.41,-115.21,-111.55,-111.55,-108.04,-104.53,-98.27,-94.455,-88.351,-82.4,-76.754,-71.108,-63.784,-56.459,-49.44,-42.268,-34.181,-29.756,-24.873,-21.821,-16.785,-11.292,-4.12,3.6622,12.207,20.295,28.382,36.47,45.32,52.797,60.732,67.446,75.686,81.179,86.978,93.387,99.796,103,108.8,114.75,122.07,129.25,135.81,138.86,141.61,143.89,148.32,153.05,160.99,167.09,172.28,173.19,173.8,172.89,172.58,170.9,168.77,167.09,167.55,168.31,168.92,169.68,172.73,173.65,174.41,175.33,177.77,178.08,179.3,179.3,178.23,177.62,177.77,179.75,181.28,180.52,178.84,175.63,174.72,174.26,173.8,171.36,170.14,165.26,161.6,158.85,154.73,146.18,136.27,129.09,124.97,122.68,119.94,118.72,121.46,123.14,123.91,121.16,118.26,109.87,101.32,94.15,91.098,88.351,87.893,87.588,85.452,82.095,77.212,67.141,57.527,48.83,43.947,37.996,33.265,27.314,25.025,22.126,20.447,18.769,19.074,20.753,23.957,26.246,30.213,34.639,41.047,45.93,50.661,51.424,54.476,57.222,59.358,60.427,62.258,65.462,67.751,70.956,75.686,77.975,79.348,76.754,75.533,73.55,75.228,74.007,72.176,69.124,66.836,65.615,67.446,70.803,75.838,78.738,81.942,83.316,84.231,82.4,81.179,78.89,75.991,70.956,67.446,66.988,69.735,72.176,72.634,70.803,70.193,67.293,66.836,65.31,64.089,60.884,58.596,57.07,57.68,59.053,62.41,65.004,65.92,63.936,61.19,56.612,52.492,48.067,47.761,45.778,45.32,42.879,42.573,42.421,41.047,37.69,34.028,30.519,28.077,23.652,20.905,16.785,14.191,9.7659,5.4933,-0,-1.6785,-4.2726,-6.2563,-8.8504,-11.75,-16.327,-20.295,-22.584,-27.619,-36.317,-42.116,-46.083,-48.372,-52.492,-58.138,-65.157,-68.514,-70.65,-70.65,-70.04,-68.361,-68.209,-69.887,-71.108,-70.04,-71.261,-70.04,-70.65,-69.43,-75.838,-85.147,-97.659,-104.68,-109.1,-109.56,-110.78,-115.36,-119.48,-115.82,-106.2,-90.945,-70.345,-41.658,-16.633,-2.4415,-0.91556,-9.9185,-30.519,-45.625,-49.287,-33.265,-3.2044,36.47,72.939,97.201,100.41,84.384,56.764,32.807,10.834,0.45778,-1.0681,5.3407,9.3081,12.97,13.276,11.75,6.1037,-4.5778,-19.837,-33.113,-45.778,-58.443,-75.381,-86.825,-92.776,-80.264,-56.612,-32.044,-12.97,-0.45778,3.357,-2.4415,-15.259,-30.061,-44.404,-54.933,-64.089,-65.92,-67.293,-67.293,-69.43,-70.345,-72.481,-72.634,-75.381,-81.332,-87.893,-94.607,-103.31,-110.02,-114.6,-114.44,-114.75,-112.16,-108.65,-102.24,-97.659,-94.76,-91.708,-89.724,-91.556,-92.166,-90.945,-88.656,-91.098,-93.997,-96.133,-96.744,-100.25,-103.46,-107.12,-108.19,-107.43,-104.07,-98.117,-92.166,-87.436,-83.316,-83.163,-85.757,-91.708,-95.065,-98.422,-97.507,-95.065,-87.741,-79.653,-72.481,-68.209,-65.157,-63.631,-62.41,-58.29,-54.323,-50.508,-45.778,-43.641,-41.047,-39.979,-37.996,-37.69,-36.927,-35.554,-32.197,-25.636,-17.396,-9.6133,-1.5259,6.2563,13.733,19.99,27.924,35.096,43.794,49.593,56.917,61.495,67.446,71.413,75.838,78.28,80.111,82.4,86.367,90.182,92.929,95.37,100.1,103.76,107.88,110.93,114.9,118.41,122.68,126.04,128.79,130.92,133.37,136.11,139.62,143.28,147.86,150.46,153.66,157.02,163.58,168.46,173.35,175.48,179.3,184.79,191.2,198.07,204.32,209.66,215.77,221.87,227.67,231.64,238.04,240.94,244.91,249.03,256.51,262,268.26,273.14,276.04,276.19,276.96,276.96,278.63,281.53,286.26,288.55,292.37,295.27,301.07,305.19,310.83,316.02,320.6,324.72,327.31,329.75,332.8,336.16,339.67,342.72,347.91,350.81,354.63,356.76,360.42,363.02,365,368.05,370.19,371.41,373.39,373.85,373.85,373.7,375.07,376.45,378.28,378.43,379.5,379.96,380.11,379.04,375.38,371.41,368.21,367.29,367.9,366.53,366.22,365.15,364.09,358.44,351.12,343.94,338.91,335.86,332.19,327.77,323.19,318.77,315.87,313.12,311.75,309.76,308.39,302.9,297.1,289.01,281.08,272.84,265.51,258.03,248.42,239.42,231.94,224.77,218.51,211.34,204.32,195.62,189.21,182.96,177.62,170.9,164.34,159.15,156.56,154.88,153.51,150.76,148.01,144.35,140.54,135.04,131.69,128.18,126.5,123.14,121.92,120.4,120.55,119.33,119.17,118.87,117.65,114.75,113.07,113.83,114.9,115.36,115.67,113.07,110.63,107.73,106.81,104.37,102.69,101.02,101.78,103.31,103.92,104.68,104.98,104.53,102.54,101.02,100.41,97.354,94.455,89.114,84.689,79.348,76.601,74.007,71.718,69.582,65.92,60.884,55.391,49.745,45.93,44.099,42.268,40.132,39.521,36.775,36.47,34.333,34.028,32.96,32.655,32.655,31.281,29.45,27.924,26.551,25.941,25.636,23.804,21.363,20.6,18.464,16.633,14.649,16.327,17.548,18.921,19.532,20.6,20.753,20.905,20.905,22.279,22.584,23.347,24.262,26.551,26.093,26.246,24.11,21.668,16.48,12.207,7.477,2.5941,-2.7467,-5.6459,-8.0874,-9.4607,-12.818,-15.87,-18.769,-19.99,-23.194,-23.652,-25.178,-25.178,-26.704,-27.619,-26.093,-22.889,-19.532,-17.853,-18.616,-19.532,-21.516,-23.957,-25.178,-25.636,-26.704,-25.178,-24.873,-22.279,-21.363,-20.905,-21.058,-20.447,-18.311,-15.717,-15.107,-16.785,-20.753,-24.262,-28.535,-28.382,-27.314,-24.567,-25.483,-26.399,-30.061,-35.096,-40.132,-44.099,-47.609,-48.83,-49.287,-50.203,-51.424,-50.966,-52.492,-53.102,-55.238,-55.238,-55.238,-55.696,-59.664,-66.225,-72.481,-77.364,-81.942,-83.926,-86.062,-87.741,-89.114,-87.893,-89.114,-90.487,-92.929,-93.234,-93.387,-92.624,-91.098,-89.877,-89.724,-91.25,-92.318,-91.708,-90.182,-88.351,-87.893,-85.147,-83.926,-82.553,-83.926,-86.367,-89.724,-91.25,-90.945,-89.724,-88.351,-88.351,-90.793,-92.776,-95.523,-97.812,-99.948,-101.02,-104.98,-108.8,-113.53,-115.67,-119.17,-122.23,-125.43,-128.33,-132.15,-135.35,-138.1,-140.23,-142.37,-143.13,-147.86,-150.91,-153.97,-155.64,-158.09,-158.85,-159.61,-157.78,-154.88,-153.36,-151.22,-149.54,-150.76,-153.05,-154.12,-153.51,-154.42,-153.97,-154.27,-154.27,-156.87,-157.02,-156.56,-156.56,-156.25,-155.49,-152.75,-150.3,-148.93,-148.17,-147.25,-144.81,-144.81,-143.13,-142.22,-139.93,-142.22,-144.35,-143.44,-139.77,-133.21,-124.06,-112.46,-98.575,-86.367,-78.738,-76.907,-76.296,-81.79,-84.689,-86.062,-81.484,-72.939,-62.105,-58.596,-63.478,-72.939,-85.604,-101.63,-113.83,-121.77,-127.57,-135.65,-142.98,-150.15,-153.97,-160.53,-165.87,-172.43,-175.63,-176.09,-177.01,-178.38,-179.14,-179.75,-180.52,-179.91,-177.16,-179.45,-182.2,-187.54,-191.96,-196.23,-197.76,-199.9,-200.51,-202.03,-204.02,-207.37,-207.22,-206.76,-202.95,-200.81,-197.15,-197.3,-195.62,-193.95,-189.37,-182.81,-172.89,-162.21,-151.98,-141.61,-129.7,-120.4,-110.93,-101.63,-91.403,-86.673,-83.163,-80.721,-80.111,-81.942,-84.536,-88.198,-89.114,-88.961,-87.893,-90.335,-93.387,-99.033,-103.76,-111.39,-117.34,-121.01,-123.14,-124.82,-126.8,-128.48,-129.55,-131.69,-130.31,-130.01,-129.4,-132.3,-133.67,-134.43,-133.06,-131.08,-129.86,-130.62,-129.7,-128.94,-126.96,-124.06,-117.8,-113.68,-106.05,-103.46,-100.71,-99.796,-99.49,-101.47,-103.46,-104.37,-104.98,-105.14,-103.61,-101.93,-98.88,-95.676,-88.809,-84.384,-79.196,-77.517,-74.77,-72.329,-68.667,-63.784,-57.375,-52.339,-47.151,-43.184,-38.759,-36.47,-34.028,-30.671,-25.178,-20.447,-13.886,-7.7822,-0,9.1556,17.548,23.194,25.788,27.009,29.603,29.756,32.044,32.655,34.028,32.044,30.061,25.788,23.804,22.584,25.025,27.467,30.213,31.739,32.044,30.671,29.145,26.246,24.567,23.347,27.009,29.145,32.96,38.301,42.268,45.167,49.135,51.881,54.018,56.307,60.884,63.631,67.598,70.193,72.329,73.244,74.923,73.244,71.261,69.582,68.209,67.141,67.598,68.209,68.667,65.92,63.784,62.868,63.478,61.953,59.053,52.187,46.693,40.437,38.148,36.164,33.876,32.35,32.044,32.655,35.096,38.148,41.81,43.336,45.473,45.473,47.151,46.693,46.541,46.693,49.898,51.271,51.271,48.83,44.862,40.284,38.148,35.707,34.028,31.434,29.908,27.009,25.025,22.584,21.21,17.09,15.259,13.733,13.428,15.107,17.853,19.837,19.837,20.753,22.126,18.769,14.801,10.224,9.4607,9.3081,10.987,12.207,12.97,13.581,16.022,17.396,20.142,20.447,21.058,19.837,19.837,18.006,17.243,11.75,7.9348,4.5778,1.5259,-1.8311,-3.6622,-3.2044,-2.4415,-6.2563,-10.224,-12.055,-12.36,-15.107,-16.785,-20.295,-21.668,-22.126,-18.769,-15.564,-13.428,-13.886,-14.954,-15.717,-15.717,-17.853,-18.159,-19.379,-21.21,-23.041,-23.347,-28.535,-35.859,-41.81,-42.421,-42.573,-41.353,-37.996,-37.538,-44.099,-52.034,-57.68,-61.342,-63.784,-63.631,-62.105,-59.816,-56.764,-52.644,-50.356,-47.304,-46.846,-45.93,-46.388,-46.388,-43.947,-41.2,-37.233,-33.57,-30.824,-28.23,-26.856,-27.161,-30.366,-32.807,-35.096,-34.639,-33.265,-31.587,-30.671,-27.924,-23.957,-20.295,-17.396,-13.581,-9.1556,-5.4933,-4.883,-6.7141,-12.055,-17.243,-22.889,-28.687,-33.57,-35.401,-36.622,-34.944,-32.807,-29.45,-23.957,-18.464,-13.123,-10.376,-11.139,-11.444,-12.818,-14.954,-15.717,-12.513,-9.6133,-3.9674,-1.3733,2.1363,-1.3733,-7.3244,-16.327,-24.415,-30.366,-35.096,-42.421,-50.05,-55.696,-59.206,-62.716,-66.836,-73.55,-79.653,-87.893,-97.201,-105.14,-108.34,-110.93,-112.46,-113.22,-113.07,-111.09,-108.34,-104.83,-98.422,-92.318,-85.147,-79.348,-72.787,-67.904,-63.021,-58.748,-51.881,-46.846,-42.116,-37.385,-32.807,-29.756,-27.467,-25.941,-24.567,-23.957,-23.194,-23.499,-25.941,-31.892,-37.233,-42.573,-45.015,-49.135,-51.424,-52.644,-54.781,-57.375,-59.206,-61.647,-63.326,-63.784,-65.462,-66.683,-65.31,-63.326,-58.901,-56.307,-52.644,-49.898,-43.489,-37.385,-32.502,-28.993,-23.804,-17.396,-10.681,-7.7822,-5.6459,-4.4252,-4.5778,-8.8504,-12.818,-19.379,-21.058,-23.957,-25.178,-28.535,-34.028,-39.674,-42.879,-45.167,-47.456,-51.424,-55.391,-58.596,-58.29,-56.612,-52.034,-47.914,-42.879,-40.742,-39.827,-39.216,-38.759,-38.911,-39.064,-37.08,-35.707,-36.927,-38.148,-43.031,-47.914,-52.187,-55.544,-60.579,-63.784,-66.683,-68.667,-72.329,-72.939,-73.244,-74.618,-77.67,-75.381,-71.261,-66.53,-60.884,-52.034,-48.524,-44.557,-41.505,-36.164,-31.892,-25.178,-19.074,-13.428,-9.003,-4.7304,0.15259,5.6459,12.818,19.837,28.23,37.08,43.641,51.729,59.816,68.056,73.092,79.958,85.299,91.861,96.438,101.78,106.66,111.7,114.9,118.56,121.46,125.43,126.8,128.79,128.94,131.53,133.52,138.71,141.91,146.79,149.54,153.2,155.34,157.32,159,161.29,161.9,164.19,167.39,171.97,177.31,184.03,188.91,195.32,200.96,207.53,212.71,219.28,224.01,226.91,229.5,230.57,230.72,230.87,229.96,229.8,227.82,226.45,223.7,222.79,218.67,215.77,212.1,208.44,204.32,200.2,195.17,188.3,181.59,177.47,173.96,171.82,169.68,165.26,159,153.05,144.66,139.93,135.5,134.43,132.76,130.77,128.48,128.18,128.79,130.92,131.23,131.69,132.91,134.13,132.6,131.38,126.8,122.53,117.34,114.14,109.1,104.98,100.25,99.338,99.948,100.41,99.948,98.27,94.76,90.335,83.468,74.923,65.462,58.138,49.898,42.726,32.502,25.636,19.99,17.853,14.039,10.224,6.7141,0.30519,-7.7822,-15.717,-24.415,-32.35,-38.759,-41.2,-45.473,-47.609,-50.203,-51.576,-53.865,-52.797,-51.118,-49.593,-49.287,-48.83,-49.287,-48.219,-47.456,-46.083,-43.794,-40.437,-37.08,-33.265,-32.044,-29.145,-27.619,-25.178,-25.788,-25.788,-26.399,-26.246,-25.788,-22.584,-20.905,-19.684,-20.295,-21.21,-24.567,-26.399,-30.366,-31.434,-34.181,-34.486,-35.554,-36.47,-37.69,-37.233,-35.249,-33.265,-32.197,-32.35,-34.639,-33.876,-33.418,-32.197,-31.281,-31.129,-31.739,-28.535,-26.399,-22.889,-21.21,-19.532,-18.921,-16.938,-18.006,-20.142,-23.804,-24.262,-26.246,-27.161,-29.145,-30.519,-33.265,-34.486,-36.164,-35.401,-34.944,-35.707,-36.317,-35.859,-36.775,-37.08,-39.064,-40.284,-41.81,-40.437,-40.895,-39.827,-40.284,-38.606,-38.759,-38.759,-38.148,-36.927,-36.012,-36.164,-36.164,-34.944,-33.418,-30.061,-28.687,-28.23,-28.993,-27.314,-25.636,-23.957,-23.957,-23.804,-25.178,-24.72,-23.652,-22.126,-21.363,-19.379,-21.973,-25.636,-32.96,-37.538,-44.099,-47.609,-51.424,-54.323,-55.849,-57.68,-60.427,-62.105,-63.021,-63.173,-64.394,-63.326,-64.089,-64.241,-67.751,-69.887,-74.007,-76.754,-80.416,-82.553,-84.231,-86.367,-87.588,-89.267,-89.419,-88.351,-87.13,-86.52,-86.062,-86.673,-85.299,-82.247,-80.111,-77.517,-75.076,-71.566,-68.667,-67.293,-66.683,-65.767,-65.615,-66.073,-66.225,-66.988,-68.819,-70.345,-73.397,-75.686,-77.364,-76.449,-76.754,-76.296,-76.907,-77.67,-82.095,-88.809,-95.218,-100.56,-106.2,-110.63,-112.61,-114.14,-115.97,-115.05,-115.51,-115.36,-116.89,-117.95,-121.46,-124.67,-126.96,-129.55,-132.6,-136.88,-142.06,-148.47,-153.36,-154.58,-154.27,-152.29,-151.98,-151.68,-153.97,-156.56,-160.07,-161.29,-162.66,-162.21,-162.21,-160.68,-158.85,-156.1,-154.73,-153.2,-151.22,-148.01,-147.1,-144.35,-141.91,-136.27,-130.01,-125.28,-122.68,-123.45,-123.45,-122.84,-121.16,-118.56,-115.51,-112.92,-112.16,-111.24,-112.16,-112.46,-113.68,-112.77,-111.39,-108.8,-106.81,-106.97,-106.66,-104.07,-100.25,-97.354,-94.76,-90.182,-86.062,-80.874,-77.212,-72.787,-70.65,-68.056,-65.31,-62.563,-58.748,-55.544,-52.797,-50.05,-48.067,-47.609,-46.693,-44.099,-42.879,-40.132,-38.453,-35.707,-34.639,-32.96,-31.281,-28.23,-23.041,-15.717,-9.6133,-3.8148,1.2207,8.8504,14.344,22.584,27.467,32.044,33.57,36.775,39.216,43.031,46.999,53.56,58.138,63.326,67.904,72.787,74.313,76.144,77.67,81.027,82.095,83.926,84.078,86.062,87.741,88.961,89.114,89.724,90.793,91.556,91.098,91.403,91.098,92.166,92.471,93.844,92.166,89.419,84.384,83.468,81.79,81.942,81.179,81.179,80.111,79.653,77.364,77.212,77.212,78.433,77.364,79.806,79.806,80.264,77.364,74.618,70.193,67.293,65.004,65.004,66.225,68.361,68.667,70.193,71.566,72.787,72.939,73.855,72.634,74.007,74.77,76.601,75.076,74.313,72.329,71.413,69.887,68.667,65.92,64.699,63.326,63.478,61.037,60.121,58.748,59.511,58.748,60.274,59.969,59.969,59.053,57.985,57.833,58.443,60.274,61.342,61.495,60.884,60.427,60.121,58.443,57.222,56.307,56.459,57.68,60.732,62.716,65.462,68.972,70.65,72.481,73.55,74.923,75.076,73.855,73.397,72.329,72.787,70.956,70.65,68.972,67.446,63.478,59.664,55.696,51.424,45.93,41.81,37.385,33.113,28.84,24.415,19.379,14.649,9.3081,5.6459,0.30519,-2.4415,-4.7304,-5.4933,-5.3407,-5.6459,-5.6459,-5.9511,-6.4089,-5.7985,-5.7985,-4.2726,-3.0519,-0,2.4415,6.2563,8.24,10.681,11.292,10.529,10.834,10.529,9.9185,8.24,6.2563,3.9674,0.91556,-1.2207,-5.0356,-7.3244,-8.8504,-8.3926,-10.987,-12.665,-15.564,-18.311,-21.363,-22.889,-23.194,-21.363,-20.6,-18.159,-18.464,-18.464,-21.363,-20.6,-20.6,-18.769,-18.006,-17.701,-17.548,-15.87,-16.022,-14.191,-13.123,-11.597,-13.733,-14.191,-18.159,-22.126,-28.535,-31.892,-36.317,-41.353,-45.93,-49.287,-50.813,-50.813,-50.661,-48.372,-45.93,-42.879,-40.59,-37.843,-35.249,-30.519,-25.483,-19.532,-13.276,-6.4089,-2.7467,-0,-0.15259,1.2207,1.9837,3.8148,2.2889,1.6785,0.30519,-1.0681,-4.12,-8.24,-11.444,-12.36,-14.344,-14.801,-17.548,-18.769,-20.295,-19.837,-20.295,-20.905,-19.837,-17.548,-17.09,-18.159,-22.126,-26.704,-31.739,-32.35,-33.723,-33.57,-36.164,-39.369,-44.252,-50.203,-54.933,-59.511,-64.547,-66.836,-69.124,-66.378,-63.326,-60.579,-59.053,-58.901,-60.427,-62.563,-64.699,-65.92,-70.498,-74.618,-79.501,-84.231,-88.351,-88.809,-86.52,-84.078,-83.163,-84.536,-88.351,-94.913,-99.948,-103,-108.49,-112,-117.65,-122.68,-128.48,-132.45,-134.43,-134.59,-133.98,-132.76,-131.38,-129.4,-127.72,-120.7,-116.58,-113.22,-109.56,-103.76,-98.27,-93.997,-91.25,-88.351,-85.91,-84.384,-86.673,-90.03,-92.929,-93.539,-95.676,-97.659,-98.727,-99.033,-101.02,-101.32,-102.08,-103,-105.75,-107.27,-108.65,-110.02,-110.48,-110.78,-110.48,-108.19,-106.36,-104.68,-103.15,-100.56,-98.88,-95.828,-94.455,-92.776,-91.25,-91.556,-90.945,-88.809,-85.452,-81.79,-78.585,-73.55,-71.566,-69.582,-67.293,-65.31,-62.868,-58.748,-54.17,-48.83,-46.236,-42.879,-42.268,-41.047,-39.064,-37.08,-35.859,-33.265,-29.908,-25.025,-20.6,-14.801,-11.444,-6.1037,-2.4415,1.5259,5.4933,9.3081,12.36,16.327,19.379,23.804,25.33,29.45,32.197,35.707,40.284,45.778,50.05,54.17,56.459,61.953,65.31,68.819,70.345,74.16,77.212,80.721,83.773,86.825,89.419,90.945,91.708,95.065,97.507,101.63,104.98,109.87,114.75,118.72,121.62,124.36,126.04,127.41,125.89,126.65,126.65,128.48,129.86,133.67,136.57,139.62,141.91,143.28,142.22,141.91,142.22,144.05,142.06,141.91,140.69,142.06,142.22,143.74,143.89,144.96,145.57,147.71,148.63,152.13,152.9,154.58,155.8,157.63,159.76,161.14,162.97,166.17,167.24,170.29,172.43,176.55,180.67,185.71,191.2,195.78,199.9,204.63,206.92,209.51,209.05,209.51,209.66,212.41,214.55,216.99,217.9,217.6,215.46,213.93,211.34,209.66,207.98,207.83,207.83,209.05,210.73,210.88,209.66,207.22,203.1,199.9,195.01,190.28,184.18,178.38,172.58,168.31,166.17,163.43,159.76,156.41,150,143.44,134.28,126.65,121.46,116.58,109.87,103.46,96.744,90.945,85.91,83.01,78.585,76.449,73.244,70.803,69.124,69.43,67.751,65.31,62.716,62.41,60.121,58.29,55.849,56.459,57.985,59.664,60.732,60.884,59.816,59.358,57.07,55.696,53.407,51.271,51.118,51.729,49.135,45.625,42.268,41.505,41.2,43.947,48.219,51.424,54.628,57.833,59.053,63.173,66.073,70.193,71.261,70.956,69.735,67.598,65.004,62.868,59.358,57.222,55.391,55.544,53.56,51.271,47.304,42.421,38.301,35.859,32.655,30.671,27.009,23.499,20.447,18.464,16.022,16.48,18.159,22.431,24.262,27.467,27.161,25.025,22.279,19.074,16.48,16.327,16.785,15.87,13.886,10.987,9.1556,10.071,11.75,11.444,9.3081,4.883,-3.357,-10.529,-18.464,-23.652,-27.009,-29.298,-31.281,-31.739,-32.044,-31.587,-34.181,-37.385,-44.252,-54.323,-66.683,-76.907,-83.621,-88.046,-92.318,-95.218,-100.1,-104.83,-110.78,-115.21,-121.46,-125.28,-129.4,-135.81,-142.22,-143.59,-144.05,-145.27,-147.71,-147.86,-148.63,-147.71,-147.25,-146.18,-144.35,-145.12,-147.86,-151.07,-157.32,-163.88,-171.97,-178.38,-186.77,-193.33,-199.13,-202.34,-205.39,-207.53,-207.98,-208.14,-206.92,-202.03,-200.66,-201.12,-205.54,-208.75,-214.09,-218.67,-224.31,-227.82,-229.65,-230.11,-229.19,-224.92,-222.94,-221.87,-222.94,-222.63,-223.7,-221.56,-219.89,-218.36,-218.05,-217.14,-216.07,-215.92,-217.14,-214.24,-213.02,-210.88,-210.58,-207.68,-205.39,-202.8,-201.12,-200.05,-200.2,-200.35,-199.29,-197.45,-196.08,-194.25,-194.25,-189.67,-185.86,-180.06,-177.31,-175.33,-172.12,-168.46,-162.66,-156.71,-152.9,-148.17,-144.2,-141.3,-139.93,-134.43,-129.55,-124.06,-120.7,-116.28,-115.21,-112.16,-110.02,-106.36,-103.46,-99.643,-94.302,-87.13,-80.721,-73.702,-68.056,-59.816,-55.696,-52.034,-51.271,-46.846,-41.963,-34.486,-26.704,-16.175,-7.6296,0.76296,6.5615,12.665,17.853,24.262,29.298,34.791,39.216,43.794,46.083,51.118,53.407,54.323,53.255,53.102,50.356,47.151,44.862,43.336,41.81,39.674,39.064,39.521,41.658,44.557,47.914,50.508,49.44,48.524,44.252,41.047,36.775,34.486,31.281,28.23,22.126,18.159,13.886,10.376,7.0193,5.7985,5.0356,4.5778,2.8993,3.357,3.0519,6.7141,10.224,14.496,17.243,21.21,23.957,30.519,38.301,46.541,55.391,62.258,65.92,68.209,70.956,75.991,79.806,83.316,83.773,81.332,77.364,76.144,75.381,75.991,73.244,70.803,68.361,65.157,61.037,56.307,52.95,51.424,52.339,52.644,53.102,56.001,58.443,62.105,64.852,69.887,74.77,80.416,82.553,82.858,81.942,81.637,79.501,76.449,75.228,74.313,72.481,69.735,67.293,70.193,72.939,75.381,75.076,78.127,79.043,78.738,76.601,73.702,70.956,70.65,70.04,70.498,72.024,76.144,76.907,75.533,70.956,69.887,69.43,71.261,72.634,76.907,77.517,78.433,79.501,80.874,83.01,87.436,91.25,94.455,95.37,98.727,100.41,103.31,101.32,97.659,89.114,80.721,72.634,66.225,58.596,51.729,45.93,41.047,37.08,35.554,35.401,38.301,39.827,42.879,41.2,40.132,36.317,31.587,25.025,19.532,15.107,12.97,10.376,7.9348,3.8148,1.9837,2.1363,4.2726,3.0519,3.9674,3.5096,4.4252,3.2044,3.357,1.3733,-1.5259,-5.4933,-10.071,-13.428,-16.175,-18.769,-20.295,-21.21,-20.905,-22.584,-21.363,-20.905,-20.142,-23.194,-24.567,-26.551,-27.314,-27.009,-27.314,-29.298,-31.587,-33.723,-33.113,-31.739,-26.704,-25.025,-24.873,-25.788,-24.72,-25.636,-24.415,-22.736,-18.769,-12.36,-3.9674,2.5941,6.7141,7.0193,8.3926,10.529,12.97,12.055,12.055,9.4607,9.3081,7.6296,6.2563,4.5778,2.8993,0.30519,0.30519,2.2889,8.24,13.886,18.921,19.379,22.431,23.957,26.856,27.161,26.704,25.483,26.246,25.33,22.736,18.159,14.191,10.987,9.7659,5.7985,1.8311,-3.0519,-7.1718,-13.886,-21.668,-30.213,-34.944,-38.301,-40.59,-44.252,-45.473,-45.473,-45.625,-46.999,-46.388,-44.557,-42.421,-41.505,-36.927,-33.723,-29.756,-28.84,-24.873,-24.72,-23.499,-24.262,-22.889,-21.058,-19.074,-19.227,-20.142,-22.736,-26.399,-31.129,-31.129,-31.434,-31.587,-33.265,-32.96,-35.859,-37.69,-41.81,-44.71,-47.761,-49.898,-51.576,-52.187,-52.339,-51.576,-50.508,-49.287,-49.745,-48.372,-46.693,-42.726,-43.184,-44.099,-43.641,-39.827,-35.249,-30.519,-27.467,-25.636,-24.11,-21.821,-17.548,-14.801,-15.412,-15.717,-18.921,-21.21,-26.399,-29.298,-33.723,-36.47,-42.879,-47.609,-52.339,-55.238,-60.121,-62.868,-65.004,-65.767,-69.582,-72.939,-76.296,-78.585,-82.705,-82.553,-83.468,-81.179,-79.958,-78.738,-79.653,-78.433,-78.127,-77.212,-76.907,-75.228,-74.465,-71.566,-68.209,-62.868,-58.29,-50.203,-43.336,-35.401,-30.213,-24.415,-18.159,-11.139,-5.7985,-1.2207,2.5941,6.5615,10.681,15.259,20.295,25.636,28.382,30.061,30.366,33.418,35.096,39.674,43.947,48.83,49.287,49.745,48.067,46.083,41.81,39.216,37.08,37.08,37.385,38.759,39.064,38.911,36.012,35.096,31.892,30.519,29.908,31.739,30.824,29.298,27.161,24.415,20.295,18.159,14.954,11.139,9.4607,9.9185,8.0874,6.7141,4.7304,5.0356,6.1037,7.7822,6.7141,8.6978,9.6133,10.987,11.902,12.207,12.207,13.123,15.717,20.753,25.025,27.772,29.298,30.671,30.213,29.603,28.84,29.298,27.314,26.704,27.314,29.45,35.096,41.047,45.32,49.44,52.187,54.323,54.933,53.865,51.271,49.745,46.236,44.557,41.505,40.437,39.827,39.369,37.843,39.369,40.895,42.421,44.099,45.167,43.336,41.047,39.979,39.064,37.843,39.216,39.369,41.353,41.047,40.742,39.369,37.996,35.859,34.486,30.976,27.314,23.499,19.227,15.87,15.259,12.36,11.597,9.7659,8.8504,5.1881,3.8148,0.61037,-1.0681,-1.2207,-0.45778,-0.45778,0.15259,-0.30519,0.15259,-0.91556,-1.3733,-1.9837,-0.91556,-1.3733,-2.1363,-5.3407,-5.4933,-5.3407,-4.2726,-4.2726,-4.5778,-6.4089,-7.477,-8.6978,-7.6296,-6.5615,-3.0519,-0.76296,1.6785,3.0519,5.3407,5.3407,7.3244,8.0874,10.071,11.902,14.649,15.259,17.548,21.363,24.567,27.161,32.96,35.249,38.148,39.216,40.284,38.606,38.606,37.08,37.233,36.927,37.996,38.301,38.911,38.759,37.233,35.401,36.012,33.876,33.418,29.756,28.077,25.483,23.957,20.295,19.684,20.295,22.736,24.567,25.941,27.161,28.535,28.535,31.129,34.486,38.148,39.521,42.421,41.963,43.184,42.726,43.031,42.879,42.879,40.284,39.827,38.148,35.554,31.892,28.84,24.11,24.72,26.246,30.061,30.213,30.519,29.45,30.366,33.113,39.064,45.93,52.644,56.917,59.511,60.884,61.8,62.258,63.326,62.41,62.563,61.647,61.8,60.427,61.19,61.037,59.816,57.527,56.764,55.849,56.001,56.917,58.138,58.138,59.511,57.833,57.222,53.56,51.881,49.898,48.982,45.625,43.184,39.369,35.249,32.197,30.671,28.535,26.704,23.652,21.058,18.311,16.633,13.123,11.597,11.292,11.597,10.529,8.6978,4.883,1.9837,-0.15259,-1.5259,-1.2207,-2.2889,-3.6622,-3.2044,-1.2207,0.91556,2.8993,5.1881,3.8148,3.9674,2.4415,2.1363,2.1363,5.9511,10.376,15.107,18.464,19.837,20.447,22.889,27.314,32.807,38.453,45.32,50.966,57.68,61.342,65.462,67.598,71.871,71.871,74.618,77.059,77.517,77.517,77.364,75.381,75.838,77.822,80.721,82.858,85.757,86.367,85.299,81.942,81.79,80.111,78.738,76.296,73.244,68.819,65.157,61.8,57.07,48.372,39.674,31.129,24.11,14.344,5.9511,-3.9674,-9.3081,-13.123,-16.022,-17.701,-17.243,-18.464,-16.633,-11.444,-6.5615,-3.9674,-1.8311,-1.2207,-2.1363,-2.7467,-1.9837,-4.12,-4.5778,-7.6296,-9.9185,-13.733,-14.801,-15.564,-16.175,-17.09,-18.464,-20.447,-22.584,-25.636,-28.687,-33.265,-35.859,-39.674,-41.963,-45.32,-46.388,-47.304,-45.93,-45.93,-46.388,-46.693,-44.404,-42.421,-43.184,-42.573,-39.827,-38.606,-36.317,-35.096,-31.739,-30.824,-26.399,-25.33,-26.551,-31.129,-35.859,-42.268,-50.966,-59.358,-65.462,-71.261,-75.533,-78.28,-79.958,-82.4,-82.858,-85.147,-84.689,-83.163,-79.043,-74.77,-70.193,-66.53,-63.478,-62.105,-60.579,-59.053,-54.933,-49.287,-41.2,-35.401,-30.519,-27.009,-20.6,-14.039,-8.5452,-7.477,-6.2563,-2.4415,2.5941,6.8667,10.224,13.123,14.801,15.412,16.48,14.191,13.581,10.224,5.0356,-1.3733,-5.3407,-12.97,-19.684,-27.467,-34.333,-40.742,-45.473,-48.219,-50.203,-54.17,-57.985,-61.953,-62.716,-64.241,-63.936,-65.462,-65.462,-69.277,-72.176,-74.923,-75.991,-76.754,-76.601,-75.076,-70.345,-66.836,-63.021,-58.901,-52.492,-47.456,-42.421,-39.369,-35.707,-34.333,-31.281,-28.687,-26.551,-25.025,-26.093,-28.077,-28.84,-30.824,-31.587,-32.35,-30.824,-32.044,-31.739,-33.876,-34.333,-36.164,-37.385,-39.216,-39.216,-39.369,-37.233,-36.164,-37.08,-40.132,-42.573,-44.099,-43.184,-41.2,-38.148,-39.064,-41.658,-45.778,-47.609,-50.966,-54.17,-58.443,-61.342,-63.326,-64.241,-64.547,-62.868,-62.563,-61.037,-61.19,-59.969,-60.121,-58.138,-57.07,-55.238,-52.187,-48.067,-43.184,-38.453,-33.57,-29.756,-26.856,-23.041,-20.6,-18.464,-18.921,-18.311,-21.058,-20.905,-20.142,-19.074,-18.769,-18.921,-20.295,-20.753,-23.041,-22.126,-22.889,-20.447,-17.09,-10.376,-6.7141,-2.5941,-1.2207,0.30519,1.3733,3.0519,3.8148,6.1037,9.7659,16.327,21.973,29.45,32.96,36.012,37.385,40.59,42.268,44.862,44.862,42.421,38.911,38.453,39.827,41.505,42.268,43.184,42.421,42.573,42.726,44.099,45.015,47.304,46.388,45.015,41.353,39.979,37.385,35.401,34.944,35.707,36.012,35.401,33.723,33.418,31.129,30.671,28.23,24.72,21.516,22.584,23.804,28.077,31.587,32.96,35.554,37.538,37.538,39.064,41.353,45.473,47.456,52.187,56.001,60.884,64.241,70.498,75.381,79.043,82.705,87.741,92.929,96.286,98.422,100.41,103.76,108.95,112.92,116.89,120.4,124.67,126.96,129.4,129.55,129.86,132.15,133.37,131.53,130.16,126.65,122.84,118.41,116.12,112.16,107.88,101.32,95.981,89.114,85.299,82.4,82.553,82.4,81.79,80.416,79.196,77.67,77.975,79.501,84.689,88.351,93.844,98.27,103.76,108.8,113.38,118.11,124.36,130.77,138.55,146.03,152.29,158.09,162.66,163.88,163.43,160.07,157.93,156.1,153.97,150.76,148.63,148.01,146.03,141.76,135.65,129.55,124.52,118.87,116.12,111.7,108.04,102.54,98.27,93.081,90.64,88.351,87.13,86.52,87.588,89.724,90.945,90.793,92.471,93.997,96.896,98.88,102.85,107.27,111.7,111.7,111.24,111.24,112.46,112.31,112.16,113.53,115.82,116.73,117.34,114.44,110.02,104.37,97.812,90.03,84.536,77.212,68.667,60.732,53.56,47.456,43.794,38.911,34.944,31.129,30.061,26.856,24.873,20.447,16.785,11.444,6.7141,3.0519,-2.1363,-6.2563,-8.3926,-8.0874,-7.477,-8.0874,-7.477,-7.1718,-6.2563,-6.1037,-4.883,-4.4252,-3.357,-1.6785,0.76296,3.0519,4.883,6.4089,9.003,11.139,14.954,16.785,20.295,21.363,25.636,27.619,30.061,32.96,35.554,38.148,40.284,43.489,45.93,48.677,50.966,51.424,52.034,52.187,53.255,53.255,53.713,55.544,56.764,56.154,55.238,51.271,46.999,42.726,39.674,36.775,34.028,28.687,23.499,17.396,10.224,4.4252,-0.15259,-5.3407,-10.681,-15.87,-20.142,-23.804,-26.399,-30.213,-33.418,-35.859,-37.538,-39.674,-40.284,-40.284,-39.674,-38.301,-38.911,-39.979,-38.911,-37.08,-36.317,-36.47,-37.08,-37.996,-36.622,-37.538,-37.385,-39.521,-42.116,-45.015,-48.982,-53.102,-57.527,-61.495,-63.936,-66.836,-66.378,-66.836,-66.988,-67.751,-67.293,-68.209,-68.667,-72.634,-75.381,-78.585,-80.569,-82.553,-82.705,-83.316,-83.926,-84.841,-85.147,-87.436,-88.809,-90.03,-90.182,-93.081,-92.624,-94.76,-97.507,-99.643,-101.93,-105.9,-111.24,-118.56,-124.82,-130.62,-136.88,-141.15,-142.67,-144.05,-145.73,-149.85,-152.29,-155.03,-155.03,-157.48,-161.44,-166.63,-171.06,-173.5,-173.19,-172.73,-171.36,-170.75,-170.45,-173.5,-176.09,-180.36,-183.72,-187.23,-186.77,-186.32,-184.03,-184.48,-186.62,-189.21,-189.98,-192.42,-193.18,-193.49,-194.25,-196.08,-195.93,-197.45,-195.93,-195.47,-192.27,-189.21,-185.71,-185.25,-183.87,-183.42,-180.21,-176.09,-170.9,-167.39,-164.04,-162.82,-160.07,-157.48,-152.29,-149.39,-143.13,-139.01,-133.67,-130.47,-126.5,-123.14,-120.7,-116.73,-112.92,-109.26,-106.51,-103.15,-99.185,-95.828,-90.487,-87.436,-82.095,-79.958,-78.127,-75.991,-72.024,-67.446,-61.342,-55.086,-50.966,-48.219,-44.404,-40.895,-37.843,-35.707,-30.976,-26.093,-21.516,-17.548,-11.597,-5.7985,2.7467,9.7659,16.327,21.363,28.077,32.96,37.233,40.59,45.473,51.729,59.206,65.462,72.329,75.076,78.585,79.348,81.027,81.332,80.416,76.754,73.244,69.43,64.089,58.748,52.034,44.71,37.843,29.45,21.516,10.529,3.8148,-5.0356,-10.834,-17.548,-21.821,-26.704,-31.434,-36.47,-41.2,-45.015,-46.236,-49.287,-51.118,-51.424,-51.271,-55.849,-60.427,-65.31,-67.751,-70.956,-72.481,-71.566,-69.277,-67.904,-65.157,-59.206,-54.17,-49.135,-45.473,-42.726,-37.69,-33.57,-29.145,-25.788,-20.6,-16.48,-12.513,-9.4607,-5.0356,-0,4.7304,8.3926,12.818,17.548,23.194,26.704,29.756,30.519,30.824,27.924,24.415,19.532,17.853,16.633,18.006,19.99,21.668,21.821,22.584,22.889,23.804,22.584,21.973,19.532,19.074,15.87,14.039,11.444,10.681,8.0874,6.5615,5.4933,5.9511,4.7304,5.9511,7.7822,11.444,14.191,18.769,21.363,27.009,31.129,35.401,38.453,45.015,48.677,52.644,56.459,60.274,62.716,64.699,64.547,64.394,62.105,62.41,58.596,57.222,54.018,51.576,47.914,48.524,49.593,51.118,53.56,54.323,53.255,53.102,52.644,54.781,54.476,54.17,52.492,54.476,55.696,58.596,59.358,61.953,61.953,65.615,69.735,74.313,78.28,83.773,86.52,88.504,87.13,85.452,84.078,82.858,79.196,77.364,74.77,75.076,71.871,69.735,66.53,64.089,63.021,62.258,59.511,57.07,51.729,47.456,41.963,39.064,35.249,34.181,33.265,36.164,39.064,43.641,44.862,48.219,50.508,52.95,53.865,52.797,49.593,46.388,43.184,40.437,38.911,39.064,36.622,36.012,33.876,33.113,32.197,32.35,32.044,32.655,32.197,31.281,28.382,27.009,27.009,27.924,27.161,28.382,27.467,27.009,25.483,25.636,22.126,18.006,14.496,8.5452,2.4415,-1.5259,-5.9511,-9.9185,-15.107,-20.142,-25.636,-28.23,-32.044,-34.181,-36.47,-35.249,-34.028,-31.129,-29.145,-25.941,-23.804,-20.295,-16.938,-13.276,-10.071,-7.9348,-7.9348,-7.1718,-7.0193,-4.883,-1.9837,2.1363,4.4252,6.7141,9.003,9.1556,7.477,5.9511,5.1881,4.2726,2.7467,1.9837,-0.61037,-2.7467,-7.0193,-10.834,-17.396,-24.72,-33.418,-41.2,-47.151,-52.339,-57.527,-62.868,-69.735,-74.313,-78.89,-84.231,-91.403,-95.523,-101.93,-108.34,-116.28,-122.53,-129.7,-135.04,-141.45,-146.64,-148.93,-147.4,-146.64,-146.95,-145.57,-142.06,-143.59,-145.73,-146.64,-142.22,-135.5,-123.14,-112.77,-104.53,-101.78,-100.25,-101.17,-98.727,-95.523,-89.114,-82.705,-77.212,-74.77,-73.244,-74.16,-73.855,-76.601,-78.127,-79.501,-77.822,-74.618,-71.413,-70.193,-70.04,-72.176,-74.77,-80.111,-85.147,-94.302,-101.93,-110.02,-114.9,-119.17,-120.09,-122.23,-124.21,-127.26,-131.99,-137.33,-141.61,-144.51,-147.86,-154.12,-159.61,-164.49,-166.48,-169.99,-172.73,-177.16,-176.09,-178.23,-179.45,-179.6,-178.69,-177.92,-174.87,-171.97,-168.77,-164.49,-159.61,-154.58,-147.56,-143.89,-139.01,-136.57,-131.84,-128.03,-125.28,-124.67,-121.16,-115.97,-110.78,-106.05,-97.507,-90.945,-84.384,-79.806,-75.381,-77.975,-80.721,-84.078,-85.91,-88.046,-87.283,-86.062,-83.621,-81.942,-80.264,-78.585,-79.196,-82.705,-82.4,-81.179,-79.806,-81.79,-83.468,-85.452,-86.367,-88.046,-92.166,-97.049,-98.727,-100.56,-101.47,-102.39,-100.71,-103.15,-103.76,-107.43,-109.87,-112.77,-114.29,-115.67,-116.89,-119.79,-123.75,-129.25,-134.13,-139.62,-143.89,-148.93,-152.29,-158.09,-162.66,-168.92,-172.43,-175.79,-180.06,-186.47,-193.03,-198.68,-203.41,-208.75,-211.04,-215.46,-217.75,-220.65,-221.72,-223.24,-222.63,-222.48,-221.41,-220.34,-219.12,-216.99,-214.24,-210.88,-206.15,-202.19,-196.08,-191.66,-184.94,-179.75,-172.89,-165.41,-157.63,-151.22,-144.66,-138.55,-132.15,-126.35,-118.56,-111.39,-101.93,-94.913,-86.978,-79.653,-70.193,-62.105,-53.56,-43.641,-32.044,-21.363,-10.376,0.30519,11.292,21.21,32.044,42.116,53.56,63.173,74.465,85.757,99.033,110.32,121.77,131.99,140.39,146.34,153.2,159.46,168.31,175.33,183.11,187.84,193.18,197.61,205.54,213.48,219.73,222.17,225.84,231.03,237.74,244.15,249.49,254.22,260.78,264.6,270.7,276.04,282.14,285.2,289.77,294.66,300.3,305.34,310.07,314.04,319.22,323.34,328.53,333.11,338.15,340.59,345.62,347.45,349.59,349.89,350.66,352.03,354.63,357.07,359.51,359.05,359.51,360.58,361.8,362.71,365.61,366.22,367.29,363.63,358.59,354.01,351.88,348.22,343.33,337.69,332.65,327.31,321.05,313.58,307.78,302.13,297.4,291.6,287.18,281.84,277.41,272.68,269.17,266.12,264.9,262.61,259.56,255.44,251.93,246.44,241.25,234.84,231.03,224.77,218.05,210.27,205.24,201.88,200.05,197.91,196.08,195.47,194.56,192.57,191.05,187.69,186.77,183.26,179.45,174.26,168.31,160.07,153.51,149.69,146.03,141.3,136.42,131.84,128.48,125.58,124.21,121.92,121.31,119.33,118.72,116.73,115.36,112.31,110.48,108.04,107.58,107.43,107.27,107.88,108.04,106.97,106.81,106.2,106.51,105.75,108.49,112.31,116.28,116.12,116.43,115.82,117.34,118.72,119.02,118.72,117.95,117.65,119.63,122.07,125.74,127.72,132.6,134.89,135.35,132.91,131.99,128.18,127.87,129.09,126.96,122.53,116.73,112.77,110.32,109.56,109.41,107.58,104.83,99.948,95.981,88.656,83.01,78.127,75.838,75.533,74.313,72.481,71.566,70.956,70.04,68.514,67.751,65.615,62.41,55.849,50.661,42.116,34.028,24.262,14.039,2.8993,-6.4089,-14.496,-22.736,-30.213,-36.47,-43.489,-48.524,-52.797,-54.781,-59.664,-63.936,-71.566,-78.585,-84.994,-87.13,-87.436,-85.147,-83.316,-82.858,-84.231,-84.841,-86.062,-88.351,-90.335,-90.335,-90.945,-90.64,-92.013,-90.487,-90.335,-89.572,-91.556,-94.607,-98.575,-103.46,-107.27,-112.31,-119.63,-125.58,-132.3,-136.42,-141.61,-143.28,-145.42,-143.74,-144.05,-143.74,-145.88,-144.81,-144.05,-142.98,-140.84,-137.18,-137.18,-139.93,-144.51,-148.01,-152.75,-156.56,-162.21,-165.41,-169.38,-171.36,-175.48,-178.23,-181.28,-183.57,-188.3,-193.95,-199.29,-204.32,-209.66,-214.09,-216.68,-218.82,-224.01,-228.58,-234.53,-238.5,-245.52,-247.66,-249.34,-249.79,-252.54,-257.42,-262.76,-270.09,-280.16,-288.71,-296.95,-305.8,-316.48,-324.26,-330.36,-334.94,-342.72,-349.59,-353.71,-351.88,-347.45,-337.84,-320.6,-301.22,-287.18,-278.48,-274.21,-274.67,-278.63,-283.97,-290.23,-292.52,-293.28,-289.93,-284.43,-279.7,-280.01,-281.84,-286.72,-291.45,-295.11,-298.17,-302.9,-308.54,-315.1,-321.67,-332.04,-341.2,-351.42,-359.66,-368.36,-373.7,-377.82,-380.57,-381.79,-381.94,-381.33,-379.65,-380.72,-386.52,-392.32,-398.27,-404.22,-408.03,-410.93,-412.31,-414.14,-413.53,-414.14,-414.9,-416.73,-419.63,-422.22,-424.51,-425.73,-427.72,-428.33,-427.72,-426.95,-424.51,-422.99,-419.63,-415.97,-410.47,-404.68,-397.96,-391.86,-385.14,-378.12,-371.72,-367.6,-362.71,-357.22,-350.35,-344.1,-337.99,-332.19,-325.02,-318.46,-309.92,-301.07,-291.6,-282.6,-273.14,-261.39,-250.25,-240.33,-230.11,-220.04,-209.97,-198.68,-186.93,-174.26,-161.44,-149.54,-138.55,-128.79,-117.95,-108.95,-98.575,-88.961,-79.653,-70.65,-61.953,-53.102,-45.015,-36.012,-27.467,-19.227,-10.834,-5.0356,2.2889,10.376,18.769,23.957,30.366,37.538,44.862,52.339,58.901,65.157,71.871,79.958,88.809,95.676,104.37,109.71,116.89,123.6,134.43,143.74,154.42,165.26,178.69,190.13,201.57,211.49,222.79,231.94,242.47,251.01,260.78,267.34,276.35,283.82,292.98,301.22,310.37,317.85,325.17,330.52,336.47,342.11,348.52,354.32,360.58,366.99,374,378.43,382.24,384.08,388.65,393.23,399.33,404.07,408.64,411.85,414.59,417.65,420.85,421.77,421.77,422.68,424.82,426.65,428.79,428.17,428.94,427.87,427.72,428.02,427.56,426.8,425.43,423.29,421.92,420.55,418.71,415.66,413.53,409.25,405.9,403,401.47,398.11,395.98,394.76,392.77,390.18,387.59,384.38,380.87,376.75,373.39,369.88,367.75,365.31,364.7,361.49,358.75,354.01,349.44,345.47,343.03,340.74,338.76,334.79,331.28,328.23,325.48,321.67,319.53,314.34,310.37,303.66,297.1,290.23,283.36,275.73,268.72,262.31,257.73,253.46,250.25,246.89,244,239.72,236.67,232.7,231.18,228.58,226.14,221.11,217.75,212.41,205.54,198.22,192.27,188.45,185.4,179.6,175.94,174.41,175.63,173.5,170.75,166.94,164.04,159,155.95,153.66,150,144.81,143.13,141.61,138.4,133.06,131.53,127.87,125.28,119.33,114.29,109.26,108.19,106.2,101.78,95.523,89.267,84.841,79.653,73.092,64.241,52.492,42.116,33.113,26.399,16.938,9.003,0.30519,-3.0519,-7.1718,-12.055,-20.447,-28.382,-36.622,-45.015,-54.018,-63.784,-75.381,-84.841,-91.556,-94.302,-95.981,-98.27,-104.53,-110.78,-116.28,-123.75,-132.6,-139.93,-144.66,-149.85,-154.12,-157.63,-161.14,-162.51,-160.68,-156.1,-155.95,-156.87,-160.68,-163.88,-168.61,-171.82,-174.57,-174.11,-173.04,-170.9,-169.84,-170.45,-172.12,-172.58,-172.43,-169.07,-168.31,-168.77,-171.21,-170.75,-169.99,-167.24,-165.87,-164.49,-163.12,-161.9,-160.68,-160.37,-163.27,-168,-174.87,-178.23,-181.89,-181.59,-183.42,-184.94,-184.18,-181.74,-182.35,-180.21,-176.7,-175.02,-177.62,-182.5,-185.55,-186.01,-189.21,-193.33,-203.25,-212.26,-224.46,-233.01,-242.01,-252.39,-264.44,-275.12,-287.18,-296.64,-305.49,-311.44,-318,-320.29,-322.58,-322.58,-322.28,-318.77,-313.58,-307.17,-301.68,-297.56,-292.98,-285.04,-277.57,-269.33,-260.63,-248.27,-236.82,-225.99,-215,-202.34,-192.27,-177.47,-164.04,-154.58,-148.01,-144.66,-144.66,-147.4,-150.15,-151.22,-151.22,-148.63,-148.93,-149.24,-149.08,-146.64,-146.18,-142.98,-139.62,-136.42,-132.3,-128.33,-127.11,-125.58,-125.43,-124.06,-124.97,-125.58,-129.55,-130.62,-132.76,-133.21,-135.2,-135.65,-135.65,-134.89,-133.37,-132.6,-133.67,-135.35,-138.4,-139.77,-142.83,-144.66,-148.01,-149.69,-153.36,-153.97,-157.02,-158.7,-159.92,-159,-159.46,-158.85,-155.8,-150.91,-145.12,-137.49,-130.77,-122.23,-114.14,-100.71,-90.64,-81.484,-71.261,-60.579,-48.219,-35.554,-25.33,-15.87,-9.4607,-3.9674,1.5259,9.4607,15.107,25.025,33.418,42.573,47.914,54.781,59.969,66.53,72.024,78.127,83.316,90.793,97.049,103.76,108.95,114.14,115.51,116.12,113.53,112,110.02,108.19,105.9,103.31,101.02,99.796,98.27,98.575,98.575,99.643,98.88,99.796,99.796,102.24,104.22,108.8,110.32,111.24,111.7,112.92,114.44,117.8,122.68,128.18,131.38,133.37,133.52,133.67,130.77,129.4,128.64,129.7,129.7,131.53,134.89,138.25,141.76,144.96,145.57,144.81,144.96,147.25,147.86,148.93,148.63,148.32,146.34,145.12,144.05,142.22,138.86,137.49,136.88,136.72,135.65,134.13,130.77,128.79,127.11,128.33,127.57,128.64,127.26,126.35,125.28,126.5,127.11,126.8,125.74,123.6,122.53,123.75,127.11,130.92,133.21,137.18,139.77,144.2,145.73,148.47,149.85,153.51,156.71,159.92,163.43,167.09,170.75,174.57,177.62,178.84,179.14,182.35,183.57,184.79,183.72,184.94,186.32,187.99,189.98,192.88,195.78,198.68,201.27,203.56,204.93,205.54,203.86,204.47,202.95,202.64,201.88,203.41,203.41,204.63,205.08,205.54,206.15,206.46,208.59,211.65,214.09,215.61,216.83,218.51,217.44,215.92,211.19,206.61,200.96,196.69,191.81,187.08,180.36,173.5,168.16,164.34,161.29,158.7,155.03,153.05,149.54,148.78,145.42,144.81,142.98,141.15,140.08,141.61,142.22,141.61,140.54,139.47,139.47,139.93,140.23,142.37,142.67,144.81,146.95,150.76,152.13,152.75,151.68,151.37,150.46,150,151.37,152.44,153.36,153.97,153.97,154.88,154.73,155.8,157.02,157.32,157.32,158.24,156.87,157.32,158.09,158.24,160.07,161.14,160.07,158.54,158.39,158.39,155.95,153.36,150.15,147.71,144.05,141.15,137.49,135.81,134.43,133.67,131.84,129.25,124.97,119.94,115.21,112.61,109.1,108.19,107.43,106.2,102.39,99.796,96.744,93.081,88.656,86.825,86.978,86.215,84.689,83.01,79.653,78.585,77.517,77.364,75.991,75.228,71.718,68.819,65.615,63.326,58.596,53.255,47.914,42.268,36.012,29.756,21.21,13.581,5.4933,1.2207,-2.5941,-4.12,-5.6459,-7.1718,-10.681,-13.428,-16.022,-18.616,-21.516,-24.72,-26.399,-28.687,-33.113,-35.554,-40.132,-41.963,-45.32,-45.625,-46.541,-46.693,-50.661,-54.628,-59.206,-63.326,-67.904,-71.261,-74.77,-78.433,-82.858,-86.978,-93.081,-96.896,-100.25,-100.56,-103.92,-107.12,-111.39,-115.05,-119.02,-120.85,-124.21,-128.94,-135.2,-142.06,-150.15,-155.64,-158.24,-159.61,-162.36,-162.82,-163.27,-163.12,-163.88,-164.04,-163.58,-162.66,-162.51,-164.49,-166.78,-167.85,-168.16,-166.94,-164.65,-159.31,-157.63,-155.03,-153.36,-152.44,-152.44,-151.52,-151.68,-153.2,-153.66,-153.97,-157.17,-161.75,-166.02,-168.31,-170.45,-170.6,-170.9,-168.92,-166.94,-162.82,-160.68,-158.09,-155.95,-153.51,-150.61,-148.32,-147.4,-146.34,-145.42,-143.13,-141.15,-138.25,-136.72,-135.2,-135.5,-136.11,-138.86,-139.62,-140.39,-139.93,-140.08,-142.22,-145.27,-145.12,-144.66,-141.91,-141.76,-138.1,-136.72,-135.65,-138.55,-139.77,-140.69,-141.61,-145.73,-148.93,-150.91,-152.44,-154.12,-156.1,-161.14,-166.63,-175.63,-182.04,-186.01,-184.64,-184.48,-184.79,-185.4,-183.87,-181.74,-177.47,-174.11,-171.97,-172.89,-172.12,-171.67,-170.45,-169.68,-166.33,-164.49,-163.27,-165.56,-167.7,-170.9,-173.96,-177.62,-175.18,-171.67,-168.31,-165.26,-159,-156.1,-153.2,-155.49,-158.09,-163.58,-167.7,-168.16,-166.48,-165.41,-162.82,-160.07,-158.09,-157.32,-157.02,-156.41,-153.05,-149.54,-142.67,-137.94,-131.38,-125.58,-120.55,-116.73,-114.6,-115.97,-116.89,-117.95,-117.8,-117.65,-115.97,-117.19,-116.28,-116.28,-113.68,-111.85,-108.8,-107.43,-105.44,-103.76,-102.08,-103.61,-108.19,-112.77,-115.36,-117.8,-119.63,-122.84,-124.21,-128.03,-130.77,-133.67,-134.13,-135.81,-134.43,-133.37,-135.65,-139.77,-144.05,-149.39,-152.29,-156.87,-156.71,-156.56,-156.56,-160.68,-164.04,-168.16,-172.43,-178.53,-184.03,-187.38,-191.66,-195.62,-198.98,-201.73,-202.95,-204.93,-203.86,-203.56,-202.19,-201.57,-198.83,-195.47,-191.2,-187.99,-186.16,-185.71,-184.79,-184.33,-182.81,-181.13,-176.55,-172.73,-166.02,-160.99,-152.59,-145.12,-138.25,-133.37,-131.38,-130.47,-129.55,-128.18,-125.28,-122.38,-117.19,-116.43,-114.75,-113.99,-110.48,-109.1,-109.1,-109.56,-109.56,-110.78,-111.85,-113.07,-115.21,-117.5,-119.17,-120.4,-122.38,-125.89,-128.18,-130.31,-129.09,-126.96,-123.75,-121.31,-120.55,-117.8,-114.75,-114.14,-111.85,-106.2,-99.185,-95.523,-91.098,-89.267,-88.961,-90.487,-89.877,-90.793,-90.335,-89.877,-90.03,-90.335,-91.098,-91.861,-91.25,-91.403,-89.877,-88.961,-88.961,-90.182,-87.588,-85.91,-82.705,-83.01,-85.299,-88.656,-93.997,-97.507,-99.49,-101.47,-103.76,-107.88,-110.32,-113.83,-116.43,-118.87,-122.07,-126.8,-129.25,-131.99,-133.37,-131.69,-128.33,-125.43,-124.36,-125.13,-123.14,-123.14,-123.45,-125.74,-127.41,-130.92,-132.91,-134.43,-133.67,-132.45,-128.33,-124.21,-120.4,-114.6,-109.26,-104.98,-98.88,-94.302,-90.64,-87.13,-80.721,-75.991,-69.582,-62.868,-56.612,-50.661,-43.489,-37.843,-31.281,-23.347,-14.496,-6.8667,2.2889,10.529,19.837,27.619,37.69,46.236,54.933,63.478,74.77,83.621,93.387,102.69,113.53,123.75,135.96,144.81,152.75,157.32,163.88,169.53,177.16,184.18,189.83,192.88,193.18,191.96,190.28,188.3,188.76,189.37,190.44,189.98,189.67,185.71,181.74,178.69,176.24,174.26,172.28,169.07,165.41,161.29,157.78,153.81,152.59,151.37,151.37,149.54,149.69,148.63,145.73,143.89,141.61,138.4,136.11,135.2,133.06,130.01,127.72,124.06,120.7,116.12,113.07,108.04,105.75,103,98.88,93.387,89.877,84.994,79.501,71.871,64.852,55.696,48.982,41.81,38.759,36.927,37.233,34.181,31.434,29.45,28.23,25.33,21.516,17.701,14.801,11.444,9.7659,6.1037,3.0519,-0.91556,-3.5096,-7.1718,-9.003,-11.597,-13.123,-16.785,-22.126,-27.314,-30.061,-33.265,-36.164,-39.369,-41.047,-45.015,-48.219,-52.339,-54.17,-56.459,-57.68,-59.053,-59.053,-58.901,-58.29,-56.917,-55.391,-53.255,-50.508,-48.982,-45.167,-43.794,-39.674,-36.927,-32.502,-29.756,-25.33,-18.769,-11.292,-4.12,4.883,12.818,20.905,29.145,40.132,47.151,56.001,61.495,69.124,73.244,80.111,83.773,88.046,90.64,92.929,94.607,97.201,99.185,99.338,99.338,100.25,99.49,99.338,97.507,95.37,92.013,90.182,90.487,90.945,91.708,93.997,97.507,102.39,104.37,107.27,107.27,108.95,109.26,110.63,110.32,113.22,115.82,120.4,124.67,130.16,134.59,138.55,140.54,142.98,143.89,146.49,148.47,152.13,155.49,160.53,164.65,167.85,168.46,169.53,168.77,169.07,170.14,173.8,175.18,178.23,179.75,182.96,184.48,186.16,185.55,184.48,182.04,180.97,180.06,179.6,177.77,175.79,174.11,173.5,168.77,164.65,158.24,153.36,146.79,141.61,135.2,130.01,123.29,114.6,106.81,100.56,95.218,90.03,84.994,79.958,73.855,69.124,63.021,58.138,52.187,49.44,44.862,43.641,43.947,46.083,47.914,50.356,50.508,51.576,50.661,50.05,43.336,39.216,36.164,36.927,36.775,38.606,38.759,37.843,35.554,32.197,30.213,29.756,28.993,30.061,31.892,36.622,41.505,46.846,49.745,54.018,54.933,57.985,59.206,59.053,55.696,55.696,60.732,74.923,93.997,116.43,137.03,156.71,161.44,150.15,133.06,145.73,180.97,231.48,282.45,319.22,340.89,355.08,351.42,356.91,396.59,437.94,448.47,433.97,406.35,373.55,336.62,304.12,278.94,263.22,251.01,241.1,221.11,192.27,160.53,135.04,112.16,88.961,65.462,43.336,21.058,5.0356,-10.224,-23.499,-38.301,-50.813,-64.241,-75.381,-82.4,-84.078,-82.553,-78.89,-77.059,-76.754,-78.585,-79.806,-81.942,-84.078,-86.978,-85.757,-84.994,-82.705,-79.653,-76.601,-73.092,-68.209,-63.784,-58.901,-53.865,-47.761,-42.268,-34.944,-30.213,-22.736,-16.633,-6.8667,2.8993,14.801,25.941,37.996,47.151,55.086,59.206,63.021,64.852,68.972,71.718,74.77,73.397,71.871,68.361,66.836,65.31,66.683,67.446,68.819,71.413,75.686,77.517,75.533,71.871,66.073,59.053,52.644,44.71,40.895,41.047,47.151,56.001,66.073,70.65,72.634,74.923,75.991,73.855,68.514,60.579,52.797,46.846,50.203,59.206,68.972,75.076,76.907,73.244,65.92,55.696,46.541,39.216,39.674,45.015,53.56,61.037,63.021,54.933,45.167,34.639,25.636,19.227,14.801,8.5452,5.9511,2.8993,-0,-5.6459,-13.733,-23.194,-31.892,-42.726,-49.898,-60.427,-67.904,-75.991,-82.247,-89.877,-95.676,-102.54,-107.88,-114.44,-119.94,-124.36,-127.41,-129.4,-130.92,-130.31,-126.19,-122.99,-117.8,-115.21,-112.16,-112.46,-112,-112.77,-114.29,-115.51,-114.14,-112.92,-112.77,-112,-112.92,-116.89,-117.95,-118.26,-115.05,-112.92,-109.1,-105.75,-103.46,-103.15,-101.47,-100.1,-97.812,-96.591,-95.676,-94.15,-92.929,-90.793,-85.147,-82.4,-78.585,-79.196,-78.738,-77.975,-74.465,-71.566,-69.582,-68.972,-68.056,-67.904,-67.751,-68.209,-67.751,-67.293,-64.241,-61.8,-57.68,-56.307,-55.238,-55.086,-52.034,-48.83,-44.404,-41.2,-36.927,-33.265,-26.704,-23.499,-18.006,-16.175,-13.428,-11.139,-8.3926,-6.1037,-3.5096,-0.61037,3.357,5.9511,7.7822,9.3081,10.681,12.207,15.564,17.853,23.652,28.077,34.028,36.622,40.437,43.641,45.93,47.151,48.067,49.135,49.44,48.677,48.982,46.693,44.71,42.116,41.047,38.453,37.538,38.301,42.573,48.83,57.68,63.631,70.04,74.923,81.332,85.604,91.708,95.523,100.41,101.32,102.85,104.37,106.36,107.73,107.27,106.36,107.43,107.58,109.26,108.34,110.32,109.1,109.41,109.1,109.56,108.95,108.49,109.26,110.63,110.63,110.93,109.26,108.49,108.04,109.26,109.41,111.55,112,113.68,115.67,119.02,120.7,122.38,124.67,128.33,132.76,138.55,142.37,146.79,149.85,152.59,154.12,155.03,155.8,155.49,155.19,154.88,154.42,153.66,151.07,150.76,151.22,152.44,150.3,147.86,145.57,142.98,140.23,137.18,134.28,133.21,131.84,131.38,130.47,133.37,134.59,134.59,131.84,127.57,122.68,118.26,113.38,108.04,101.02,95.065,90.64,88.046,85.147,83.926,79.653,75.838,70.498,64.699,58.138,54.323,50.966,46.693,42.726,39.216,34.028,27.009,19.684,16.48,12.207,10.834,8.0874,8.0874,8.8504,11.597,13.428,16.022,16.633,16.938,16.785,15.717,15.259,16.785,16.633,16.48,12.818,11.292,7.6296,3.5096,-2.2889,-8.5452,-15.412,-22.431,-30.213,-36.317,-45.93,-53.255,-60.274,-62.41,-65.92,-68.819,-71.871,-72.024,-71.108,-69.277,-68.514,-68.056,-68.972,-68.667,-68.361,-66.53,-67.598,-66.225,-67.141,-68.819,-73.702,-76.449,-79.348,-80.874,-82.247,-82.705,-80.111,-77.059,-73.244,-70.345,-72.481,-75.076,-76.601,-74.77,-75.228,-75.838,-78.585,-79.806,-79.653,-77.364,-75.381,-73.092,-71.566,-69.887,-68.209,-65.157,-65.157,-62.41,-61.647,-60.427,-62.41,-63.631,-66.378,-69.124,-72.787,-73.855,-76.601,-76.601,-77.67,-78.433,-80.416,-79.806,-80.569,-80.874,-83.773,-84.536,-87.283,-90.64,-92.471,-91.556,-89.114,-86.673,-86.673,-88.046,-89.267,-92.013,-94.913,-94.607,-94.913,-94.607,-96.591,-95.981,-97.049,-99.185,-104.07,-105.29,-107.27,-108.8,-110.02,-110.48,-110.32,-110.17,-112,-114.75,-117.04,-117.34,-119.48,-120.09,-121.01,-120.24,-122.84,-124.67,-128.79,-133.37,-138.4,-142.06,-147.1,-150.76,-154.27,-156.87,-159.31,-161.6,-165.72,-167.7,-171.67,-172.89,-173.8,-175.02,-179.75,-183.11,-186.32,-190.13,-195.93,-204.32,-212.41,-216.68,-218.97,-220.65,-221.26,-217.9,-215.16,-210.43,-206.76,-202.34,-200.96,-198.68,-196.39,-192.88,-190.44,-189.21,-189.21,-188.6,-187.69,-185.09,-182.5,-180.36,-181.43,-179.91,-178.23,-177.01,-177.62,-176.7,-176.4,-179.14,-182.96,-189.67,-198.52,-206.76,-213.63,-218.36,-221.87,-222.79,-223.85,-223.7,-227.67,-232.4,-238.04,-241.4,-242.93,-242.62,-240.79,-240.64,-242.16,-247.05,-254.52,-263.68,-275.28,-285.5,-290.54,-290.84,-289.77,-289.62,-292.67,-296.33,-301.37,-307.02,-312.05,-318.31,-321.05,-320.44,-318.77,-317.09,-316.78,-317.55,-319.53,-319.83,-322.58,-326.7,-333.11,-337.38,-341.2,-343.79,-344.1,-343.94,-343.94,-343.64,-344.4,-347.3,-351.73,-355.24,-360.58,-361.49,-361.64,-357.52,-356,-356.3,-358.44,-360.27,-361.49,-363.02,-364.39,-361.8,-357.37,-352.18,-350.66,-351.12,-354.93,-357.52,-360.73,-362.87,-363.48,-358.29,-352.64,-349.13,-346.54,-346.23,-349.44,-353.71,-357.37,-359.05,-359.66,-357.07,-352.79,-342.88,-333.87,-329.14,-327.46,-328.23,-329.91,-332.35,-334.64,-333.26,-328.23,-320.9,-314.19,-306.41,-301.37,-297.56,-295.27,-291.3,-287.64,-284.59,-280.62,-276.8,-274.36,-271.31,-268.41,-262,-253,-244.15,-239.88,-237.28,-235.45,-231.18,-225.84,-222.33,-218.21,-212.1,-205.69,-201.88,-198.83,-196.54,-198.07,-198.98,-199.9,-198.98,-197.91,-195.32,-194.25,-193.95,-194.56,-193.49,-189.83,-184.33,-179.14,-175.02,-171.67,-166.48,-163.12,-159.15,-157.32,-155.19,-152.59,-147.86,-141.91,-135.35,-131.38,-128.48,-127.57,-129.09,-131.69,-135.35,-142.22,-147.25,-151.37,-153.36,-157.48,-160.99,-163.43,-165.87,-170.45,-172.89,-174.57,-178.53,-182.96,-186.77,-192.72,-199.13,-207.68,-215,-222.94,-229.5,-235.91,-240.18,-244.15,-248.42,-251.93,-254.98,-257.12,-260.17,-263.68,-267.65,-272.23,-277.57,-286.87,-294.5,-300.76,-305.34,-310.37,-316.63,-320.75,-322.12,-321.67,-320.6,-314.49,-307.17,-299.54,-291.15,-283.82,-278.18,-274.97,-272.23,-271,-269.33,-266.43,-264.14,-263.07,-261.39,-258.19,-255.9,-257.27,-256.66,-258.03,-257.58,-255.75,-247.66,-237.43,-227.82,-219.28,-210.58,-199.9,-186.16,-172.12,-159.31,-151.98,-149.69,-151.52,-154.12,-155.03,-148.63,-133.06,-112.46,-91.556,-78.127,-72.176,-70.956,-73.244,-77.059,-81.637,-86.52,-92.013,-94.607,-97.659,-99.033,-101.78,-101.93,-101.63,-101.02,-102.69,-106.05,-109.71,-113.07,-117.34,-119.94,-122.99,-122.84,-123.6,-122.23,-122.53,-123.91,-124.36,-124.97,-125.58,-125.74,-126.65,-128.33,-129.09,-130.31,-130.47,-125.58,-119.33,-111.7,-104.53,-93.997,-83.316,-71.718,-59.664,-47.609,-35.859,-23.347,-10.376,4.4252,18.616,32.502,44.099,55.544,64.394,75.076,84.841,94.455,106.05,121.01,135.81,149.85,162.66,175.79,187.84,201.12,214.7,230.87,246.74,262.92,275.58,286.26,298.78,310.68,320.29,330.67,340.74,350.96,360.12,369.43,376.9,383.92,388.65,395.83,401.32,406.81,411.69,416.12,420.7,425.58,431.38,437.33,441.76,447.4,451.22,457.47,462.66,467.54,470.75,471.82,467.09,465.41,466.17,470.75,474.11,477.77,479.29,480.67,476.39,471.21,462.66,458.08,454.12,451.67,448.77,447.25,448.62,452.59,453.51,453.81,451.22,449.23,446.18,444.35,438.7,432.75,423.29,413.07,402.23,392.47,381.48,368.82,353.86,342.42,331.74,321.67,308.85,296.33,281.08,268.11,251.78,236.82,221.41,206.76,191.35,177.16,164.34,152.9,139.93,128.33,117.34,107.58,95.981,87.283,79.043,71.261,60.579,50.356,37.08,23.041,9.9185,-0.30519,-10.529,-20.447,-30.213,-39.216,-48.372,-57.527,-69.582,-80.569,-89.267,-94.302,-99.796,-107.27,-116.28,-129.09,-141.91,-153.2,-163.27,-168,-170.29,-173.96,-181.74,-188.76,-195.01,-195.93,-197.76,-199.44,-201.27,-205.54,-209.81,-212.71,-212.1,-207.83,-206.61,-205.85,-211.65,-216.38,-219.12,-216.38,-211.8,-200.2,-174.41,-139.77,-113.99,-99.796,-95.676,-97.201,-90.03,-50.203,14.801,86.673,151.22,186.01,185.71,174.41,168.46,182.04,227.67,306.56,374.31,410.17,425.73,434.13,437.33,456.71,495.62,533.31,559.25,585.65,590.99,567.03,542.01,531.94,521.1,505.23,486.47,462.97,430.01,400.1,374.46,350.2,322.73,300.61,279.7,257.27,230.41,206.31,189.06,177.31,156.71,126.5,92.166,62.41,39.827,28.84,19.837,14.191,9.7659,2.7467,-9.7659,-26.399,-43.336,-58.138,-75.076,-94.15,-112.92,-130.92,-149.85,-166.17,-187.23,-214.24,-242.47,-264.9,-280.92,-286.87,-285.35,-280.47,-272.53,-265.51,-266.43,-276.19,-285.81,-291.3,-297.25,-303.35,-312.81,-323.95,-342.27,-365.76,-388.96,-408.95,-419.17,-418.56,-412.61,-411.54,-416.27,-417.8,-419.48,-423.6,-428.02,-425.12,-416.58,-395.37,-358.9,-310.98,-257.88,-216.38,-198.68,-203.1,-220.8,-247.35,-276.5,-303.81,-330.21,-351.57,-364.24,-366.99,-368.51,-372.94,-379.8,-386.06,-389.11,-382.55,-355.08,-316.48,-284.89,-270.55,-276.04,-292.21,-315.26,-329.91,-332.04,-323.34,-307.02,-282.45,-257.73,-241.86,-235.15,-233.77,-234.08,-236.52,-243.54,-257.58,-278.33,-287.18,-283.06,-273.45,-265.51,-260.48,-260.17,-262.92,-268.11,-273.14,-270.7,-258.64,-240.79,-218.82,-193.03,-166.02,-145.57,-135.5,-133.82,-135.81,-140.39,-145.57,-151.83,-159.31,-165.87,-170.9,-173.65,-172.58,-162.36,-145.42,-130.77,-121.31,-119.94,-120.4,-121.01,-119.63,-116.58,-110.17,-102.24,-96.744,-93.997,-93.539,-91.556,-86.978,-85.452,-84.384,-78.433,-68.667,-61.342,-53.56,-46.693,-40.284,-38.301,-36.927,-34.181,-28.687,-21.058,-11.902,-4.12,1.8311,9.4607,18.616,27.314,38.453,48.372,59.206,68.972,81.332,92.471,104.53,116.89,127.57,139.62,152.75,166.63,180.36,193.64,207.68,221.72,236.06,248.27,262.46,276.35,290.08,302.59,317.39,334.18,349.89,364.85,380.11,393.99,407.12,417.19,427.41,435.19,446.33,456.1,467.54,477.46,489.36,497.91,506.3,514.39,523.85,531.63,538.5,545.67,552.84,558.79,566.42,571.76,579.55,585.04,590.99,594.96,599.38,603.35,608.23,613.88,621.2,629.6,636.01,642.57,648.67,652.49,656.15,655.84,656.15,656.15,654.62,650.96,648.21,644.25,641.96,639.82,637.07,635.55,633.72,629.9,625.78,621.97,622.42,622.42,624.71,627.16,630.05,629.6,629.6,627.61,627.16,629.14,630.66,632.34,633.26,634.17,634.48,633.41,634.17,635.09,636.46,635.55,633.87,631.43,630.36,628.68,625.63,622.27,619.83,618,615.1,611.29,608.84,605.03,604.72,602.59,603.66,603.66,602.59,602.74,604.57,607.32,609.91,611.9,611.44,609.45,608.08,605.64,605.64,604.57,604.88,603.66,603.2,601.21,599.08,595.72,592.52,589.62,585.04,579.7,575.43,570.24,566.73,561.54,556.35,548.72,542.77,536.52,531.02,525.07,518.51,513.63,509.2,505.69,501.57,496.54,492.26,487.84,484.02,480.51,478.99,475.48,471.36,466.02,461.29,453.66,445.27,437.79,430.16,423.9,417.49,410.63,405.13,399.49,395.83,390.48,386.06,381.63,379.65,378.58,378.43,377.82,374.92,370.95,363.93,355.24,346.39,337.53,330.82,322.43,315.26,306.86,301.22,294.96,288.25,281.08,273.75,267.04,259.25,250.86,243.69,237.13,230.11,224.01,218.97,212.87,208.44,203.1,200.35,196.84,192.27,187.08,182.04,177.01,172.89,169.38,166.17,164.65,162.82,160.68,159.61,158.54,157.78,156.71,156.25,154.42,153.81,153.51,151.98,147.4,141.3,135.5,130.47,126.19,121.92,116.58,112.92,109.1,105.14,99.796,95.981,91.098,88.351,85.147,82.553,79.501,76.449,74.313,72.176,69.887,67.904,65.004,64.089,59.664,55.544,51.729,50.966,49.898,51.576,52.797,53.407,52.644,50.966,49.287,48.067,47.456,47.761,46.236,43.641,40.284,39.064,34.639,30.366,25.941,23.041,21.363,21.821,20.753,18.616,16.175,13.581,10.987,9.4607,3.9674,-1.5259,-7.6296,-12.818,-18.921,-23.347,-27.009,-31.739,-35.859,-40.132,-43.184,-46.236,-49.593,-52.797,-57.68,-61.495,-65.462,-67.141,-69.582,-69.582,-70.193,-69.887,-70.803,-71.413,-71.718,-71.566,-72.024,-70.65,-72.176,-74.465,-77.212,-77.517,-77.822,-76.296,-77.059,-78.585,-79.501,-78.738,-77.67,-78.585,-82.705,-86.673,-91.861,-95.218,-102.39,-108.19,-113.99,-118.11,-122.99,-129.09,-135.04,-141.15,-145.42,-149.39,-151.68,-150.91,-149.24,-146.34,-142.37,-136.27,-131.69,-126.8,-123.6,-121.01,-117.19,-112.61,-107.58,-101.93,-97.049,-93.692,-91.861,-89.419,-88.656,-87.13,-86.673,-84.078,-82.4,-78.738,-74.923,-71.566,-69.582,-67.751,-67.446,-68.667,-71.566,-72.024,-74.618,-75.991,-78.89,-79.501,-81.637,-82.247,-84.384,-88.351,-92.471,-95.828,-97.507,-98.727,-101.78,-103.31,-103.46,-100.86,-98.117,-94.913,-94.15,-94.913,-97.812,-103.15,-106.2,-109.1,-113.38,-115.05,-114.6,-113.38,-115.82,-116.58,-118.26,-120.4,-126.19,-131.08,-139.77,-148.32,-152.44,-154.58,-158.09,-159.46,-161.9,-165.11,-169.38,-173.04,-178.38,-179.91,-182.96,-183.72,-185.55,-184.64,-184.33,-182.96,-181.74,-180.52,-178.84,-177.31,-176.55,-175.48,-175.18,-172.12,-171.67,-172.58,-175.79,-177.16,-179.75,-177.92,-175.63,-171.36,-167.7,-165.26,-164.49,-161.75,-160.07,-157.02,-155.19,-150.15,-145.88,-139.77,-138.1,-135.5,-135.65,-130.47,-128.33,-128.94,-129.25,-126.19,-121.92,-119.02,-118.72,-116.12,-114.29,-112.16,-113.99,-115.36,-119.63,-121.92,-124.97,-126.65,-128.03,-128.64,-128.79,-128.18,-129.25,-132.15,-134.13,-133.21,-129.86,-126.35,-126.8,-129.4,-133.52,-136.27,-139.93,-140.54,-142.06,-143.89,-144.96,-144.81,-144.66,-145.73,-145.73,-142.37,-139.16,-134.59,-133.21,-132.6,-132.3,-130.77,-130.47,-128.18,-126.96,-126.96,-127.26,-127.87,-128.33,-127.57,-128.33,-130.62,-134.59,-135.04,-134.89,-132.45,-131.08,-130.31,-131.53,-132.3,-132.91,-136.11,-141,-148.17,-156.71,-166.63,-175.79,-178.84,-180.82,-178.53,-179.14,-181.28,-189.52,-198.52,-208.9,-213.48,-213.63,-213.02,-214.09,-215.46,-220.65,-226.75,-231.94,-231.79,-230.72,-228.43,-228.74,-227.97,-227.21,-225.99,-226.75,-229.19,-234.69,-239.88,-244.61,-247.35,-250.71,-252.85,-252.69,-247.35,-243.23,-235.6,-230.11,-227.52,-233.62,-241.71,-251.63,-258.34,-260.48,-259.25,-258.03,-257.88,-258.49,-259.41,-259.1,-256.66,-254.83,-249.49,-247.2,-244,-237.89,-227.82,-219.89,-210.58,-199.29,-186.01,-173.35,-159.46,-144.05,-128.48,-115.21,-101.63,-90.945,-77.364,-66.378,-51.729,-39.369,-25.33,-12.207,-0,13.276,27.314,40.132,50.966,60.274,70.04,77.517,85.757,92.318,100.1,105.44,113.07,118.87,125.58,131.38,137.79,141,143.28,145.27,147.1,147.56,147.56,145.42,143.59,139.62,136.72,131.38,127.72,122.84,120.4,114.75,108.04,98.422,88.198,78.433,71.718,63.936,57.833,48.982,40.284,30.824,21.058,10.071,-0.61037,-11.902,-22.584,-35.249,-45.93,-57.375,-66.988,-76.907,-85.757,-95.981,-104.53,-114.29,-121.16,-130.01,-137.33,-145.42,-149.24,-154.27,-157.32,-161.6,-166.48,-171.06,-175.79,-182.2,-186.93,-190.28,-192.27,-196.08,-198.37,-202.8,-206.46,-212.26,-216.38,-220.19,-224.16,-228.89,-233.47,-237.28,-239.27,-241.1,-241.25,-241.4,-241.4,-243.54,-244,-245.98,-247.66,-250.25,-250.86,-252.24,-251.93,-251.01,-250.71,-249.64,-247.2,-244.3,-241.4,-240.49,-238.04,-236.67,-234.53,-233.77,-230.87,-229.5,-225.07,-221.87,-217.75,-214.85,-211.95,-209.05,-206.15,-203.41,-200.05,-199.44,-200.05,-200.51,-199.59,-200.05,-197.76,-195.47,-191.66,-187.54,-183.72,-180.67,-177.62,-173.8,-169.68,-165.87,-160.07,-153.66,-145.73,-138.71,-130.31,-122.68,-114.29,-105.75,-95.828,-85.757,-75.228,-66.073,-56.764,-46.846,-35.859,-25.941,-14.649,-6.4089,2.1363,7.9348,15.87,21.973,29.756,36.927,44.557,50.356,56.917,62.258,68.514,74.007,80.721,86.367,92.929,98.27,104.98,110.17,116.89,122.68,129.4,135.35,141.76,148.01,153.97,159.31,166.48,171.06,176.85,180.21,185.25,189.98,195.78,201.12,205.85,210.73,216.07,220.19,225.07,226.6,228.89,229.96,231.64,231.94,232.86,233.01,232.4,230.41,229.35,228.58,228.28,226.45,226.6,225.07,225.07,222.02,220.34,216.99,214.7,213.32,211.8,210.58,209.51,208.29,206.92,203.41,201.73,197.61,195.32,193.03,192.57,190.28,188.91,185.71,183.26,180.82,180.67,180.82,183.26,184.33,188.15,189.67,193.95,195.01,196.84,196.84,197.76,198.98,200.96,202.19,204.02,205.24,206.92,209.05,212.41,213.63,215.61,216.68,220.5,222.48,224.92,227.21,229.65,230.87,233.01,234.69,236.67,236.98,237.89,236.82,236.82,236.98,238.65,238.5,238.35,238.04,236.67,236.67,237.74,238.35,238.35,237.28,235.91,231.94,228.74,222.17,217.9,213.63,210.43,205.69,199.59,192.88,186.93,181.59,177.77,175.02,175.18,172.28,171.82,167.7,164.04,159.76,157.17,154.27,153.2,151.22,151.22,150.91,151.98,152.59,153.81,151.98,153.66,152.29,151.52,148.17,146.03,141.91,137.49,133.06,129.4,126.19,125.13,122.99,120.09,117.5,118.11,117.5,117.8,118.41,120.24,120.85,124.82,130.31,132.76,135.04,137.33,138.71,138.71,138.25,140.54,142.67,149.08,154.88,159.31,163.27,169.84,175.18,180.52,185.71,187.23,187.99,188.76,190.13,191.2,189.37,189.98,189.37,187.69,183.57,180.06,175.79,170.29,164.95,160.07,156.25,152.44,147.56,142.52,136.42,132.15,127.41,123.29,116.12,109.1,102.24,95.218,87.13,80.111,76.144,72.176,62.716,48.982,36.317,26.093,14.954,7.7822,1.2207,-3.0519,-9.003,-16.022,-24.415,-31.129,-39.674,-48.372,-56.001,-61.495,-64.852,-66.378,-72.176,-82.095,-94.76,-105.59,-113.99,-117.19,-116.28,-113.83,-111.24,-109.1,-106.66,-104.98,-105.44,-101.93,-98.575,-94.15,-93.539,-93.844,-97.659,-101.78,-104.22,-103.15,-99.338,-94.455,-90.03,-85.452,-82.4,-77.517,-77.364,-75.533,-71.718,-66.225,-64.394,-62.258,-61.342,-58.29,-55.849,-54.17,-54.018,-52.339,-51.576,-51.576,-54.628,-56.154,-59.816,-63.021,-68.514,-73.55,-81.332,-86.825,-90.945,-96.286,-100.71,-104.53,-108.04,-113.99,-120.7,-126.35,-132.6,-137.03,-142.22,-144.66,-147.4,-150.46,-157.17,-160.83,-165.56,-169.53,-171.67,-170.45,-168.16,-164.8,-164.34,-162.82,-164.19,-164.8,-162.97,-157.17,-152.44,-144.35,-139.01,-134.74,-131.38,-128.03,-125.89,-123.14,-121.16,-116.58,-115.36,-112.77,-113.68,-114.29,-117.5,-118.56,-120.85,-119.48,-117.8,-114.9,-111.85,-107.73,-106.2,-106.66,-108.95,-109.26,-110.02,-111.24,-114.14,-114.6,-115.67,-114.44,-114.29,-113.53,-113.99,-114.14,-115.51,-115.05,-113.83,-109.71,-105.9,-100.25,-98.27,-93.844,-89.572,-84.384,-78.585,-71.261,-65.615,-59.969,-55.696,-52.95,-50.966,-49.593,-48.067,-46.541,-46.693,-43.336,-39.674,-33.57,-28.077,-23.804,-21.21,-18.616,-14.649,-10.376,-5.3407,-1.0681,0.61037,0.45778,0.91556,5.1881,9.7659,15.412,18.159,21.21,22.431,26.246,28.687,30.519,31.587,30.366,27.772,24.72,18.159,14.344,10.529,9.6133,9.6133,10.681,9.1556,7.7822,7.1718,9.3081,14.191,18.616,21.668,23.652,24.415,23.957,22.736,23.041,22.431,20.142,15.412,12.665,10.681,12.36,15.107,18.006,20.295,22.126,23.499,25.025,27.467,29.603,30.061,31.587,29.908,25.025,19.227,14.954,9.1556,4.883,-0.91556,-6.8667,-11.139,-12.97,-14.496,-16.48,-19.532,-21.668,-27.314,-32.044,-37.996,-40.284,-44.557,-46.999,-50.203,-51.576,-53.407,-55.238,-56.459,-55.086,-53.865,-52.187,-52.034,-52.339,-53.255,-52.95,-53.713,-49.593,-45.778,-40.895,-38.759,-37.233,-35.554,-33.113,-33.876,-36.927,-38.301,-39.369,-41.505,-42.573,-44.404,-44.557,-48.219,-51.729,-57.833,-64.241,-68.361,-70.65,-70.803,-68.819,-65.767,-61.647,-58.443,-54.323,-49.898,-44.404,-39.369,-34.486,-31.129,-28.382,-26.246,-24.72,-22.126,-19.227,-15.412,-12.055,-8.0874,-3.5096,0.15259,3.8148,5.0356,7.1718,7.9348,9.9185,10.681,12.513,12.513,12.665,14.191,15.412,14.496,14.496,15.87,18.921,19.837,21.668,21.516,21.821,18.769,17.701,15.717,16.175,15.87,16.938,17.396,19.227,21.516,25.33,28.84,33.265,33.876,34.181,32.35,32.197,30.366,32.502,32.807,35.859,37.08,38.911,40.59,44.404,50.203,58.29,65.157,71.718,75.381,77.975,76.754,77.517,77.67,80.111,81.332,83.468,85.147,86.215,85.757,85.91,85.147,84.689,83.621,83.773,82.095,82.247,80.264,81.332,79.653,78.585,76.601,75.381,73.855,72.939,71.718,72.481,74.618,76.907,77.975,79.196,78.28,77.822,76.449,78.738,79.653,82.247,82.858,82.4,80.569,80.111,79.196,78.89,78.433,80.111,80.264,81.637,82.095,84.994,85.299,87.588,88.046,89.114,89.267,89.572,89.877,91.403,94.455,96.438,97.049,98.117,98.117,97.507,95.523,94.76,90.945,87.13,81.179,76.144,70.04,61.953,52.187,43.489,34.639,26.704,19.227,13.581,4.883,-0.91556,-7.9348,-15.259,-25.788,-35.096,-43.336,-47.761,-50.203,-50.966,-52.644,-52.797,-51.118,-47.304,-46.236,-42.879,-39.674,-35.401,-32.807,-28.993,-26.246,-21.516,-17.548,-13.276,-9.1556,-6.1037,-2.5941,2.2889,5.7985,12.665,17.09,23.652,28.993,37.233,43.031,50.05,56.764,63.326,67.904,70.193,68.972,67.751,65.767,65.615,68.361,72.939,77.517,84.689,90.64,94.302,96.591,98.88,100.56,99.033,95.065,93.997,94.302,96.591,97.354,99.948,103.76,108.65,113.22,116.12,115.67,115.36,114.75,113.38,110.63,110.02,107.73,106.97,106.51,110.63,114.6,117.34,118.11,116.28,111.55,104.68,95.676,86.215,75.991,66.073,55.696,47.456,37.69,30.976,23.652,18.921,17.396,15.87,11.139,3.8148,-3.357,-7.6296,-10.681,-12.207,-17.09,-19.379,-23.347,-24.873,-29.298,-33.113,-34.791,-36.622,-38.606,-37.538,-37.08,-36.622,-37.538,-38.911,-42.726,-44.099,-45.473,-43.794,-43.336,-43.336,-46.541,-47.151,-48.524,-48.677,-48.83,-51.271,-55.696,-57.833,-59.969,-61.8,-65.767,-65.157,-62.716,-59.206,-60.579,-61.495,-60.121,-54.018,-48.982,-46.083,-43.641,-41.2,-41.353,-43.489,-50.356,-54.933,-59.358,-63.021,-68.819,-73.092,-81.637,-88.351,-94.76,-98.727,-102.24,-103.31,-106.05,-108.49,-113.22,-118.41,-123.6,-124.67,-124.52,-120.24,-114.9,-106.81,-101.32,-99.49,-103.46,-110.63,-119.17,-125.13,-125.28,-124.21,-120.24,-111.55,-104.53,-99.033,-95.828,-95.37,-98.88,-103.31,-109.41,-113.99,-116.73,-118.26,-119.63,-121.01,-122.68,-124.52,-130.62,-134.74,-140.23,-141.45,-144.2,-143.89,-145.42,-147.71,-151.83,-152.75,-152.13,-150.3,-149.24,-147.56,-145.73,-141.91,-138.86,-135.65,-133.52,-130.01,-127.72,-122.53,-118.26,-112,-106.05,-95.065,-86.367,-77.822,-69.582,-62.563,-56.917,-52.644,-48.372,-45.167,-43.336,-39.979,-37.233,-33.876,-30.976,-24.72,-21.21,-18.311,-19.074,-19.99,-22.736,-24.415,-28.687,-31.281,-33.876,-35.096,-38.453,-41.658,-46.541,-48.524,-50.203,-49.593,-50.203,-48.83,-46.846,-43.794,-39.521,-34.791,-31.281,-26.704,-22.279,-18.311,-19.227,-19.837,-22.584,-23.194,-25.178,-26.246,-28.23,-31.281,-37.385,-43.947,-50.356,-52.492,-53.255,-54.17,-57.375,-60.732,-63.631,-65.004,-68.361,-69.887,-73.092,-77.517,-81.79,-84.384,-87.893,-88.961,-88.198,-84.994,-82.4,-80.111,-77.822,-74.923,-71.871,-68.361,-66.683,-61.19,-56.917,-51.576,-46.236,-38.911,-34.333,-29.603,-25.788,-22.126,-19.684,-14.344,-10.071,-3.6622,0.45778,7.6296,13.123,17.396,17.548,18.769,20.142,21.821,22.889,25.33,27.009,28.535,28.23,29.756,30.519,32.197,32.35,32.807,33.57,35.096,32.502,31.892,30.976,30.061,30.671,33.418,38.148,43.947,47.761,49.745,47.609,44.557,41.047,38.453,33.876,30.061,26.246,24.873,21.058,16.175,10.376,5.6459,1.6785,-0,-2.8993,-4.4252,-9.003,-12.513,-17.243,-18.159,-19.227,-17.853,-17.548,-17.243,-17.396,-16.938,-19.074,-20.6,-21.058,-23.194,-25.636,-25.941,-27.009,-28.382,-32.96,-37.385,-42.726,-48.83,-55.086,-61.19,-66.225,-71.413,-75.686,-78.89,-82.553,-84.536,-85.604,-84.384,-85.299,-84.841,-85.452,-87.13,-88.504,-90.335,-92.318,-91.25,-88.961,-86.062,-82.4,-75.076,-67.904,-58.748,-51.576,-44.71,-40.132,-34.181,-29.603,-24.567,-20.295,-15.717,-10.224,-5.7985,-3.0519,-0.76296,1.0681,3.357,3.2044,2.5941,-1.3733,-3.357,-7.0193,-11.292,-14.954,-17.548,-20.6,-25.636,-28.84,-28.535,-27.161,-24.567,-23.041,-23.499,-26.399,-28.077,-27.924,-25.178,-21.821,-16.327,-10.834,-7.1718,-3.357,-0.76296,-0.76296,-1.5259,-2.5941,-0.91556,1.3733,4.2726,5.6459,8.3926,7.0193,5.7985,3.2044,1.2207,-1.3733,-1.6785,-0.15259,0.15259,-1.9837,-5.7985,-7.7822,-4.4252,0.91556,7.9348,11.444,13.123,11.597,11.902,12.055,14.191,14.649,16.938,19.99,22.889,23.499,23.957,23.194,23.041,21.973,25.025,27.467,32.807,36.317,40.742,43.336,46.541,49.135,51.576,52.644,54.933,53.713,56.154,58.748,62.563,61.037,57.833,51.424,46.388,40.742,36.012,34.181,35.401,36.927,36.47,36.775,37.996,37.385,38.301,36.775,35.096,33.113,35.096,36.317,38.606,39.979,41.81,43.489,45.32,46.236,49.287,49.898,53.102,54.17,56.307,56.612,58.443,58.901,60.579,62.105,64.852,65.767,66.53,66.53,66.836,65.462,64.852,61.342,60.121,57.527,56.459,53.865,52.492,49.135,47.304,45.93,47.609,49.287,50.356,49.593,49.44,48.524,50.356,49.745,49.287,47.456,46.693,46.693,46.693,48.067,50.661,53.102,55.544,57.833,60.732,60.732,64.089,66.225,70.345,72.329,75.686,78.738,81.027,83.773,85.604,84.078,80.264,76.601,74.465,70.803,67.904,63.326,57.833,50.356,43.794,40.284,36.775,34.486,33.723,33.265,31.129,27.619,27.924,27.619,29.603,30.061,32.35,32.044,30.671,28.687,28.84,31.587,36.317,41.2,43.794,43.489,43.641,42.726,43.489,44.404,45.93,46.541,45.93,44.404,42.268,39.827,40.132,39.674,38.759,35.859,32.807,27.619,24.72,19.532,14.039,8.6978,4.2726,-2.2889,-9.3081,-14.649,-17.853,-21.21,-23.804,-29.756,-32.96,-34.944,-34.333,-35.249,-35.096,-36.622,-37.538,-39.674,-40.284,-40.284,-40.132,-41.047,-39.979,-41.658,-40.59,-41.81,-41.505,-41.658,-40.437,-39.827,-40.132,-40.59,-41.505,-43.031,-42.879,-41.81,-38.453,-37.233,-34.791,-32.96,-28.382,-25.33,-21.821,-18.464,-14.649,-12.36,-9.7659,-10.529,-13.123,-18.464,-21.516,-23.194,-19.99,-17.853,-14.191,-12.36,-12.055,-13.581,-14.191,-11.902,-8.3926,-5.4933,-1.2207,3.0519,10.071,14.344,19.99,22.584,27.161,31.587,35.249,38.301,42.268,45.015,47.609,49.898,53.407,54.018,55.238,55.849,57.985,58.748,60.427,60.884,61.953,63.173,64.547,63.936,64.852,65.31,67.904,68.667,71.261,73.702,78.433,80.111,81.027,80.264,78.738,76.449,74.313,72.634,70.65,66.53,65.004,63.021,63.173,61.953,65.31,69.735,75.228,81.027,85.91,88.351,89.724,91.556,96.286,98.27,100.25,99.49,100.41,100.41,102.85,104.53,107.12,108.95,110.48,111.55,111.55,110.63,111.09,111.24,112.61,111.24,109.87,107.43,106.97,104.68,101.02,96.133,92.013,88.656,87.893,88.961,90.182,88.656,86.367,82.247,80.416,77.212,74.77,73.55,70.956,67.904,66.378,65.92,64.547,61.342,57.375,53.102,51.576,49.44,50.508,50.203,48.982,45.167,42.573,41.353,39.674,37.843,37.233,36.927,37.233,36.622,35.249,31.434,28.382,23.041,21.058,18.616,16.938,14.801,13.123,12.055,10.834,9.3081,6.7141,2.2889,0.30519,-4.2726,-7.6296,-10.987,-12.818,-16.175,-19.684,-24.415,-27.314,-31.739,-35.401,-38.759,-41.2,-45.32,-48.677,-51.424,-50.508,-50.508,-47.456,-45.625,-41.658,-39.979,-37.385,-38.148,-40.895,-43.031,-45.93,-47.609,-48.524,-50.05,-49.593,-48.677,-46.083,-44.557,-40.895,-38.911,-37.08,-36.622,-34.333,-33.876,-33.876,-31.739,-27.619,-25.636,-23.499,-22.431,-21.973,-23.041,-21.973,-22.889,-20.6,-18.311,-14.191,-8.24,-2.8993,-2.7467,-2.7467,-2.1363,-0.15259,-0.91556,0.61037,1.9837,4.883,8.5452,14.191,18.616,22.889,24.873,25.33,27.467,29.45,31.434,32.96,36.622,39.216,39.521,39.827,39.521,38.759,34.944,33.723,30.671,28.687,22.736,17.548,11.139,4.7304,-1.8311,-5.1881,-7.6296,-7.9348,-8.6978,-9.9185,-10.834,-9.6133,-11.902,-12.513,-15.107,-16.633,-21.668,-26.399,-30.519,-35.859,-42.726,-50.508,-58.901,-62.716,-65.615,-66.378,-68.667,-70.345,-73.855,-77.364,-85.604,-89.724,-95.218,-98.575,-102.08,-104.07,-106.66,-109.26,-111.39,-114.14,-115.51,-116.12,-117.19,-116.58,-117.8,-118.72,-120.4,-121.46,-121.62,-119.33,-117.5,-115.05,-111.85,-108.34,-105.59,-102.24,-99.185,-95.523,-94.15,-92.318,-92.166,-90.64,-90.793,-89.877,-88.656,-85.91,-83.316,-79.501,-75.838,-72.176,-68.209,-65.004,-62.258,-59.664,-59.969,-60.579,-63.936,-63.631,-63.173,-60.579,-59.511,-57.375,-55.849,-55.391,-58.596,-60.579,-60.884,-57.833,-56.307,-53.255,-50.05,-45.015,-42.268,-38.453,-36.927,-34.333,-33.113,-32.502,-32.807,-34.181,-36.775,-38.453,-40.59,-40.59,-41.2,-39.674,-40.895,-41.047,-42.879,-43.031,-46.693,-48.372,-48.83,-50.05,-52.644,-54.781,-59.511,-64.394,-70.04,-75.533,-82.858,-87.741,-93.081,-97.659,-101.17,-100.86,-99.796,-99.49,-101.63,-106.66,-113.83,-120.7,-127.11,-130.01,-133.37,-133.21,-133.98,-130.62,-126.65,-120.55,-116.28,-110.78,-106.2,-99.033,-91.25,-81.332,-70.956,-59.816,-48.219,-36.317,-26.246,-16.633,-10.987,-6.8667,-4.883,-3.0519,-2.8993,-1.5259,0.15259,4.5778,8.8504,10.987,12.818,15.564,15.412,15.107,14.954,17.243,17.243,19.684,21.516,23.957,22.279,22.279,19.532,18.921,20.753,23.804,25.178,30.061,37.08,43.947,49.898,56.154,58.748,60.121,59.206,58.138,56.307,58.901,61.495,62.716,61.342,59.664,57.833,58.443,60.274,63.478,63.936,67.141,66.225,64.547,60.274,56.764,51.729,47.761,43.794,41.658,37.385,33.723,28.993,23.957,18.921,15.412,10.376,7.477,3.2044,0.76296,-2.2889,-1.9837,-1.0681,3.8148,7.3244,10.834,12.36,11.75,8.3926,7.477,6.8667,7.1718,7.477,11.139,14.344,19.99,24.415,30.213,33.265,37.233,39.521,39.979,41.047,42.726,43.336,44.404,46.693,50.203,50.508,50.966,47.914,46.236,44.099,44.71,41.658,40.132,40.895,44.099,45.625,45.778,44.71,43.794,43.947,45.93,47.151,47.609,46.541,46.236,42.268,38.911,33.876,31.892,29.908,29.298,29.298,30.366,32.807,37.385,40.437,45.625,48.372,48.372,45.778,43.031,38.606,37.08,36.775,38.301,39.216,40.284,40.437,38.148,33.418,30.061,25.483,18.921,9.4607,0.45778,-7.9348,-10.376,-13.428,-12.665,-11.444,-7.6296,-3.6622,-1.3733,-1.6785,-3.2044,-5.4933,-5.6459,-4.12,1.0681,7.1718,16.48,22.279,28.077,31.281,35.096,39.216,44.71,50.813,55.696,59.816,62.716,63.021,63.326,65.004,69.582,73.397,78.433,81.637,85.604,87.13,88.656,90.335,91.25,90.64,89.419,86.215,82.4,78.585,75.076,70.193,67.446,61.8,59.358,56.154,53.865,48.677,47.304,46.236,47.304,48.067,47.609,44.71,39.521,33.265,28.687,23.957,21.058,16.327,15.87,14.649,15.564,14.496,12.513,9.003,5.4933,2.5941,0.61037,-1.9837,-1.9837,-2.1363,-0.76296,0.15259,0.30519,-2.7467,-2.8993,-4.7304,-5.9511,-10.376,-14.191,-18.311,-23.194,-27.619,-31.281,-33.723,-35.859,-35.554,-33.57,-33.723,-34.486,-38.148,-40.895,-45.625,-49.44,-53.865,-55.391,-60.121,-65.157,-68.819,-70.498,-72.634,-74.313,-73.55,-70.803,-66.53,-60.274,-56.001,-49.593,-44.557,-36.622,-29.603,-19.837,-14.191,-8.8504,-5.1881,0.45778,6.5615,12.97,17.548,21.821,22.889,24.567,25.636,27.924,29.603,31.739,29.603,29.145,28.382,28.535,25.483,21.516,16.175,11.444,6.2563,-1.0681,-10.071,-16.633,-26.246,-34.639,-43.794,-48.067,-52.339,-56.307,-60.732,-61.8,-62.563,-63.173,-64.547,-63.936,-63.936,-62.105,-62.105,-61.647,-61.19,-59.511,-61.19,-61.342,-61.8,-61.19,-60.884,-62.258,-64.394,-64.699,-63.784,-65.004,-67.598,-67.904,-68.972,-66.836,-69.277,-70.65,-69.43,-64.394,-61.342,-61.19,-60.732,-58.596,-56.154,-55.086,-53.865,-51.118,-50.356,-51.424,-54.628,-54.323,-52.95,-49.745,-45.625,-41.658,-38.606,-35.401,-31.129,-29.298,-28.077,-24.567,-19.99,-15.259,-12.513,-9.3081,-7.3244,-3.9674,0.30519,4.12,6.8667,6.8667,5.6459,3.6622,0.61037,-0.45778,0.30519,3.2044,7.1718,12.818,16.327,19.532,19.99,20.753,19.379,16.938,14.496,14.191,14.039,13.276,14.039,16.785,19.074,21.058,21.668,22.279,19.684,18.921,18.006,18.769,18.159,20.447,21.668,23.194,25.025,25.025,22.431,20.142,15.717,12.818,11.444,11.444,7.3244,5.6459,2.7467,0.45778,-4.5778,-9.4607,-12.818,-14.496,-15.564,-16.48,-17.243,-17.853,-17.853,-16.633,-14.801,-11.444,-9.9185,-8.3926,-7.477,-5.6459,-5.1881,-4.4252,-3.0519,-3.5096,-4.2726,-3.8148,-4.2726,-3.5096,-3.8148,-4.7304,-6.8667,-9.3081,-14.191,-16.48,-20.295,-22.431,-25.788,-25.788,-25.025,-25.788,-29.145,-31.281,-32.35,-33.265,-34.944,-34.486,-35.859,-34.181,-34.333,-33.57,-36.012,-36.317,-38.911,-42.421,-46.388,-48.372,-50.203,-50.05,-50.966,-53.102,-57.07,-58.443,-60.884,-58.29,-54.018,-49.44,-45.625,-43.489,-41.353,-37.385,-34.486,-31.587,-30.671,-29.45,-29.298,-27.009,-25.025,-22.431,-21.058,-18.006,-15.717,-13.276,-9.7659,-6.8667,-4.2726,-2.2889,-0.76296,0.91556,1.2207,1.6785,0.30519,0.61037,-0.76296,0.30519,0.91556,2.5941,4.2726,5.9511,6.8667,8.5452,9.4607,10.529,10.376,12.055,11.597,12.513,13.123,14.344,15.259,17.243,17.548,18.311,18.311,19.837,22.584,26.856,30.519,34.944,36.622,40.132,42.268,46.541,50.966,55.544,59.053,62.258,65.767,68.361,69.735,73.397,75.381,78.738,80.264,83.163,85.299,88.046,90.793,94.455,98.422,102.24,106.05,109.87,111.39,113.83,115.05,116.43,115.67,115.97,117.5,118.26,118.26,117.19,114.44,112,109.56,108.65,106.2,106.66,106.2,106.2,106.51,106.66,105.29,102.69,97.964,93.234,87.283,82.858,78.28,75.076,70.803,67.598,63.478,59.969,54.781,51.881,50.05,46.693,43.641,41.353,37.996,33.876,27.467,24.415,20.142,18.311,15.564,13.581,9.9185,4.2726,-1.8311,-5.3407,-9.3081,-12.97,-15.87,-17.09,-20.142,-21.973,-25.636,-27.924,-31.739,-33.876,-37.385,-41.658,-46.541,-51.118,-58.748,-64.089,-70.04,-72.939,-75.228,-75.838,-77.67,-77.822,-79.348,-81.179,-84.078,-86.367,-88.656,-91.098,-92.318,-92.624,-94.607,-93.997,-95.676,-97.049,-99.948,-100.41,-101.63,-102.69,-105.29,-105.9,-105.59,-103.76,-103.92,-102.54,-103.15,-102.39,-102.85,-100.41,-100.56,-100.56,-101.02,-99.948,-99.948,-99.49,-100.1,-99.033,-99.49,-97.659,-97.201,-93.387,-91.708,-88.961,-86.825,-83.01,-79.653,-76.907,-75.076,-72.176,-69.277,-65.92,-62.716,-58.29,-55.696,-52.644,-51.729,-50.05,-50.05,-50.813,-51.118,-50.661,-50.203,-50.203,-52.187,-53.865,-57.527,-58.138,-59.358,-60.274,-62.563,-62.41,-63.173,-63.478,-62.105,-59.816,-56.459,-52.95,-50.508,-47.914,-48.372,-46.693,-46.083,-44.099,-42.879,-40.437,-39.521,-37.843,-37.843,-38.759,-40.895,-42.116,-43.794,-43.336,-44.099,-44.862,-47.456,-49.44,-51.729,-53.255,-54.17,-53.56,-52.187,-50.966,-49.593,-46.846,-44.252,-41.505,-40.59,-39.064,-40.59,-41.505,-42.726,-40.742,-40.895,-38.759,-36.927,-36.622,-37.538,-37.385,-37.233,-35.554,-34.791,-32.655,-32.197,-30.061,-28.535,-25.941,-24.72,-21.363,-21.058,-19.684,-15.259,-10.987,-8.5452,-5.9511,-3.0519,1.2207,3.9674,6.7141,7.7822,10.987,13.428,16.785,19.074,17.853,16.175,15.717,14.954,13.733,11.75,9.1556,5.6459,5.0356,4.7304,7.0193,7.1718,6.8667,5.6459,4.12,0.91556,0.91556,1.6785,3.357,4.5778,7.0193,9.9185,14.954,18.006,21.363,23.499,24.72,23.499,22.889,19.837,16.022,12.665,10.529,8.3926,8.3926,7.9348,8.24,5.9511,4.12,-0,-3.0519,-7.477,-11.597,-15.717,-17.548,-18.769,-19.99,-20.905,-19.532,-17.701,-15.717,-13.428,-11.444,-9.6133,-7.1718,-8.0874,-9.003,-11.139,-8.5452,-5.3407,-0.45778,3.6622,6.4089,10.681,15.564,19.074,21.058,22.126,23.347,22.279,21.821,20.142,20.447,19.379,15.87,9.9185,5.9511,-0,-6.8667,-13.276,-18.311,-21.058,-19.837,-22.584,-27.161,-35.859,-38.453,-40.895,-40.895,-41.047,-41.353,-42.726,-42.726,-43.336,-43.336,-44.404,-43.641,-42.726,-40.742,-41.505,-39.521,-37.233,-34.181,-31.892,-29.45,-27.314,-28.23,-31.587,-34.944,-36.012,-34.181,-34.028,-31.129,-30.519,-30.671,-31.129,-31.587,-32.044,-33.57,-34.944,-34.791,-35.554,-35.707,-34.333,-34.028,-35.401,-36.317,-39.521,-40.437,-39.979,-39.827,-41.2,-42.726,-44.099,-44.404,-46.541,-47.914,-46.846,-42.116,-38.301,-32.197,-28.535,-24.873,-25.178,-28.535,-34.181,-38.911,-46.083,-57.222,-67.751,-73.855,-79.043,-80.111,-82.705,-85.147,-89.877,-93.387,-99.185,-101.32,-105.9,-111.24,-117.34,-121.31,-127.72,-133.98,-139.62,-141.15,-144.35,-147.71,-153.66,-158.24,-162.66,-164.49,-171.67,-179.6,-189.52,-196.23,-202.64,-207.37,-209.97,-211.65,-216.38,-224.46,-235.91,-243.08,-247.51,-249.95,-252.85,-253.15,-253.3,-253.15,-252.08,-249.34,-242.01,-231.48,-220.65,-207.37,-194.71,-183.11,-175.79,-169.84,-168.77,-166.02,-161.29,-155.95,-151.52,-148.93,-148.78,-148.78,-149.54,-145.73,-140.39,-133.52,-128.79,-122.23,-116.58,-110.02,-105.44,-100.71,-99.49,-99.948,-100.86,-101.02,-99.948,-98.575,-95.676,-88.198,-80.264,-72.329,-66.225,-60.121,-57.68,-56.001,-56.612,-55.544,-55.544,-53.865,-52.187,-50.356,-48.067,-45.625,-43.336,-38.759,-35.554,-29.756,-27.314,-22.126,-18.464,-14.954,-12.513,-9.4607,-5.3407,1.5259,8.24,16.327,22.889,30.671,36.775,44.71,50.661,58.748,65.31,72.634,80.569,89.267,96.133,104.98,113.22,122.23,130.77,139.77,145.88,153.2,157.78,163.43,169.23,178.38,187.38,195.78,203.86,211.04,216.68,222.02,227.82,233.77,236.67,241.71,245.37,250.86,254.68,259.71,263.53,267.49,271.31,276.96,280.77,285.5,290.54,296.64,301.83,307.93,312.81,318.31,322.28,327.92,332.35,336.16,339.06,340.13,339.37,338.76,336.16,334.33,331.28,329.14,325.79,323.19,320.29,319.22,319.07,321.51,323.5,323.8,324.11,323.19,320.75,318,314.34,311.44,307.93,306.25,306.1,306.71,306.25,304.57,301.83,298.17,294.66,292.21,290.84,289.01,285.2,285.04,285.35,287.03,284.28,281.84,278.63,274.51,271.46,268.87,266.88,265.51,261.85,260.02,255.29,251.32,247.51,245.83,242.77,239.88,236.98,233.47,229.8,225.84,221.26,215.92,210.58,207.07,201.88,200.51,196.84,195.62,193.18,192.27,189.21,187.54,185.09,182.96,180.52,179.3,178.69,180.06,179.45,179.91,177.01,174.87,171.21,168.31,164.19,161.29,159.15,157.63,154.73,151.22,148.47,146.34,142.06,140.54,139.16,138.86,136.88,135.96,135.81,135.04,132.3,128.79,126.8,124.52,121.31,118.87,115.05,112.31,108.49,107.43,104.53,103.31,101.47,98.27,96.286,97.659,97.354,97.659,96.438,96.133,94.913,95.523,95.065,95.37,93.387,93.081,93.692,93.387,92.471,92.471,93.234,93.997,94.76,97.507,97.049,93.234,87.436,83.468,79.806,76.907,74.465,72.787,70.803,68.819,66.53,66.073,64.547,61.342,55.086,50.203,43.184,36.622,30.519,26.551,24.11,23.652,22.889,20.447,17.396,14.649,12.36,10.834,7.1718,2.4415,-4.2726,-8.6978,-13.276,-16.938,-20.447,-24.11,-28.077,-30.061,-31.892,-32.96,-31.129,-29.298,-29.603,-30.519,-31.739,-29.298,-27.924,-26.704,-25.788,-23.041,-20.447,-18.616,-19.684,-24.262,-27.924,-29.298,-31.739,-35.554,-39.674,-40.437,-41.963,-42.726,-46.541,-50.661,-55.086,-56.154,-56.001,-55.696,-55.391,-54.781,-56.917,-61.342,-63.478,-65.31,-68.056,-67.598,-69.124,-68.361,-66.836,-65.31,-64.547,-61.19,-59.664,-60.579,-62.41,-65.004,-70.04,-74.923,-81.027,-82.247,-83.01,-82.858,-84.994,-86.978,-90.182,-91.403,-94.455,-96.438,-97.964,-98.422,-99.338,-101.63,-105.75,-108.8,-109.87,-105.75,-100.71,-94.607,-93.539,-92.776,-95.37,-96.286,-98.422,-101.63,-104.83,-105.75,-105.9,-104.98,-102.69,-96.591,-93.692,-91.861,-90.487,-86.215,-84.078,-82.095,-79.043,-77.975,-78.585,-78.585,-79.653,-81.942,-87.283,-91.556,-95.828,-96.286,-98.575,-99.338,-102.69,-105.44,-111.85,-116.12,-120.24,-123.6,-127.87,-130.16,-131.69,-133.37,-135.2,-136.72,-141.3,-142.67,-143.89,-144.2,-144.81,-143.44,-143.13,-142.06,-142.37,-138.86,-134.59,-128.94,-124.97,-120.4,-120.85,-121.62,-125.43,-127.11,-130.92,-133.98,-136.11,-137.64,-136.27,-134.89,-133.82,-134.13,-132.76,-129.25,-127.11,-123.45,-122.23,-123.29,-124.97,-124.97,-124.52,-122.99,-121.01,-117.95,-112.61,-109.56,-107.88,-104.98,-99.185,-91.556,-85.299,-77.67,-73.397,-69.43,-68.819,-66.378,-66.225,-65.767,-63.936,-59.816,-54.781,-50.05,-48.524,-43.794,-41.963,-38.911,-35.401,-30.671,-28.687,-30.976,-32.807,-31.892,-30.366,-28.84,-26.093,-23.194,-22.431,-21.973,-25.483,-30.671,-35.096,-35.096,-34.944,-34.181,-36.927,-43.184,-51.729,-57.222,-60.732,-62.716,-63.936,-61.953,-63.936,-63.478,-66.073,-68.361,-72.481,-77.364,-83.621,-88.198,-92.471,-97.659,-99.49,-99.49,-101.93,-106.66,-112,-114.29,-115.82,-116.89,-120.4,-123.91,-129.4,-130.77,-132.3,-133.67,-133.98,-135.35,-136.42,-139.01,-144.35,-149.08,-155.03,-158.85,-164.95,-166.17,-165.72,-160.68,-157.93,-154.58,-152.44,-148.63,-144.66,-142.06,-141.45,-141.3,-141.3,-137.49,-133.37,-127.57,-123.6,-116.12,-112.46,-106.81,-101.47,-94.76,-88.198,-82.705,-78.28,-75.838,-73.855,-71.566,-73.244,-73.855,-76.144,-76.449,-77.822,-76.601,-77.059,-75.838,-74.618,-73.855,-75.686,-76.449,-77.517,-79.348,-81.027,-81.332,-84.384,-84.689,-84.384,-81.332,-78.28,-73.855,-69.124,-62.868,-55.238,-45.778,-37.843,-30.519,-24.11,-17.701,-10.834,-1.6785,6.1037,14.649,20.905,27.161,31.587,36.927,40.132,43.794,47.456,50.05,52.644,58.138,62.563,69.124,73.55,81.027,86.825,92.929,97.201,103.76,111.7,118.87,120.85,120.7,118.11,117.5,117.8,117.95,113.68,112.16,111.7,114.44,115.21,117.95,116.43,114.29,111.39,107.58,101.78,98.27,95.37,88.961,79.196,71.871,63.478,57.527,52.492,50.966,47.761,42.268,32.807,25.483,16.022,6.1037,-3.8148,-11.902,-19.837,-28.84,-39.369,-45.473,-52.95,-60.579,-69.582,-77.212,-83.926,-89.724,-96.744,-104.37,-109.41,-112.61,-116.12,-118.56,-119.63,-120.7,-122.53,-124.36,-128.03,-129.86,-131.53,-131.69,-134.59,-133.06,-129.86,-124.21,-122.23,-122.07,-124.82,-126.04,-129.7,-130.01,-130.62,-128.18,-128.79,-128.64,-131.08,-131.53,-133.21,-132.45,-131.23,-126.96,-123.75,-121.01,-121.01,-119.94,-119.79,-116.73,-115.51,-111.85,-111.09,-107.58,-105.44,-99.796,-93.387,-86.52,-81.637,-76.296,-73.397,-70.04,-68.361,-65.157,-63.631,-61.953,-62.868,-59.358,-56.154,-50.05,-43.336,-32.655,-23.041,-16.48,-12.665,-6.8667,-1.3733,2.4415,4.7304,7.477,8.24,9.6133,6.1037,6.2563,4.4252,2.7467,0.45778,0.30519,-0.30519,2.2889,4.5778,5.6459,5.7985,8.6978,11.444,13.733,12.207,12.055,8.24,6.5615,5.0356,4.5778,1.2207,0.76296,1.0681,2.5941,2.7467,4.4252,6.5615,9.3081,11.292,12.36,10.681,10.376,7.7822,5.9511,2.1363,-1.6785,-7.9348,-14.344,-21.21,-25.941,-29.145,-29.45,-28.687,-27.009,-26.551,-24.567,-25.025,-24.11,-25.483,-26.551,-30.671,-35.096,-40.132,-44.252,-49.44,-53.407,-56.459,-55.696,-54.781,-53.255,-53.865,-53.713,-52.644,-47.914,-45.015,-41.353,-42.573,-41.963,-42.573,-41.2,-39.979,-38.301,-36.47,-33.265,-29.45,-24.262,-20.295,-16.327,-15.107,-11.292,-10.681,-9.4607,-10.987,-11.902,-14.649,-14.954,-14.649,-13.581,-12.97,-11.597,-12.818,-13.733,-15.87,-16.022,-18.006,-15.87,-12.97,-8.5452,-6.7141,-4.2726,-1.2207,1.9837,5.1881,10.681,16.633,21.058,23.957,27.924,30.976,34.791,37.843,41.963,45.32,49.745,53.56,55.849,56.764,56.612,56.459,57.68,57.985,59.816,60.732,62.716,63.784,68.209,70.956,74.923,78.585,82.095,83.621,86.52,89.877,93.997,96.438,99.49,98.727,98.727,97.049,97.812,98.575,99.948,98.27,99.338,98.422,97.659,95.37,94.455,93.692,93.234,90.64,89.724,87.283,87.588,86.367,86.825,86.52,87.588,87.741,88.809,90.335,92.624,93.081,94.76,95.981,97.201,96.133,96.591,94.913,94.913,92.471,90.487,87.893,86.215,85.299,86.215,87.283,89.114,91.861,97.354,99.643,102.08,103.92,106.05,109.41,112.77,116.28,118.72,120.4,119.63,117.8,117.04,114.44,112.61,107.58,102.08,95.065,90.945,86.062,82.247,79.806,77.059,73.855,68.667,64.394,63.631,61.037,58.596,57.375,58.748,59.511,59.511,60.121,60.884,60.579,62.105,62.716,63.326,63.173,64.547,64.852,64.547,62.868,63.478,62.868,61.647,58.443,52.187,44.099,39.369,34.486,32.044,29.145,27.619,23.652,20.6,16.327,17.243,18.311,18.311,16.785,16.327,14.496,15.259,15.259,14.801,14.496,15.412,12.055,9.3081,4.7304,0.45778,-5.1881,-10.529,-15.87,-16.48,-14.649,-13.733,-12.818,-12.665,-13.123,-14.344,-18.159,-22.279,-26.551,-29.298,-32.655,-33.876,-36.164,-40.284,-44.252,-46.846,-48.524,-48.524,-47.304,-45.167,-44.404,-43.031,-41.81,-38.301,-35.859,-32.35,-28.84,-24.11,-19.074,-14.801,-10.834,-6.1037,-3.0519,0.61037,4.2726,7.6296,10.224,12.207,12.36,14.191,13.428,13.276,14.954,16.938,19.227,22.584,26.399,29.45,29.756,29.145,29.908,32.044,33.876,35.249,35.554,37.843,39.521,42.268,43.947,45.93,47.304,45.167,40.284,36.317,34.333,31.281,28.382,26.551,23.499,21.821,18.006,14.954,11.292,10.071,8.8504,6.4089,1.2207,-5.0356,-9.1556,-13.581,-19.532,-26.399,-32.35,-38.148,-47.761,-54.17,-60.274,-65.157,-72.176,-77.822,-82.705,-85.299,-86.062,-83.316,-79.653,-74.007,-70.345,-66.836,-66.073,-63.021,-60.884,-58.138,-57.68,-56.764,-56.154,-54.933,-52.95,-52.339,-53.102,-54.476,-56.307,-55.391,-52.187,-45.93,-43.641,-40.59,-39.979,-40.59,-41.658,-40.437,-38.148,-36.012,-32.655,-31.434,-31.129,-28.382,-26.399,-24.11,-23.041,-22.889,-25.025,-25.941,-26.246,-28.535,-34.639,-42.116,-45.93,-45.778,-47.761,-48.83,-50.966,-48.677,-48.219,-46.846,-46.388,-42.116,-37.843,-34.486,-33.113,-32.655,-32.35,-30.976,-28.382,-24.415,-20.753,-15.87,-10.987,-4.12,1.5259,10.529,17.548,22.279,24.567,26.856,30.824,35.401,39.521,43.336,44.557,46.541,46.388,46.693,46.541,47.914,51.881,57.375,62.868,69.277,74.007,76.754,77.517,77.059,75.686,74.923,72.329,70.345,65.92,63.173,58.596,55.391,50.661,48.524,46.999,44.557,39.521,35.707,33.113,32.502,29.603,28.382,25.941,23.804,19.379,18.159,15.564,11.444,8.3926,4.4252,0.91556,-2.1363,-4.7304,-6.2563,-8.24,-9.1556,-13.733,-18.311,-24.415,-26.704,-27.772,-24.72,-22.584,-18.311,-14.039,-9.3081,-7.7822,-7.1718,-7.3244,-3.2044,0.30519,5.3407,6.8667,10.376,12.818,16.327,18.311,20.447,23.194,25.33,27.314,30.061,31.434,33.418,33.418,32.96,30.824,28.382,23.499,20.142,16.633,16.48,17.09,18.159,19.837,20.447,20.447,19.379,19.99,22.736,24.72,25.788,25.483,27.161,28.23,30.213,31.739,32.807,34.333,36.012,36.317,37.385,38.301,38.911,36.927,36.012,35.401,35.096,34.333,34.486,35.707,38.606,40.59,41.81,43.641,45.167,45.93,47.151,45.778,45.473,44.404,45.32,43.031,40.284,36.164,31.281,24.873,18.769,14.039,12.055,10.529,7.477,3.9674,2.7467,0.91556,-0.76296,-2.4415,-1.9837,-3.8148,-6.5615,-10.834,-14.496,-16.633,-17.853,-19.532,-21.21,-22.736,-24.415,-27.161,-29.603,-32.35,-32.197,-32.197,-29.908,-29.756,-28.993,-29.145,-28.993,-27.619,-25.025,-23.499,-22.126,-21.668,-18.464,-16.022,-13.428,-12.97,-11.902,-11.292,-9.9185,-10.681,-10.834,-8.6978,-9.7659,-11.597,-12.97,-13.428,-10.376,-8.24,-5.9511,-5.9511,-5.1881,-6.8667,-7.477,-10.681,-13.123,-16.633,-18.616,-17.243,-14.801,-14.496,-15.259,-15.412,-15.107,-15.564,-13.123,-9.003,-4.4252,-1.9837,1.6785,5.1881,7.3244,5.9511,3.9674,2.4415,-0.61037,-5.1881,-8.3926,-9.4607,-8.0874,-5.1881,-1.3733,0.15259,1.8311,3.9674,6.7141,7.7822,7.6296,8.24,9.6133,9.003,7.7822,4.4252,0.76296,-4.4252,-6.5615,-7.1718,-8.8504,-14.801,-23.194,-31.587,-37.996,-44.099,-47.914,-51.729,-53.865,-55.238,-54.17,-55.849,-55.849,-57.527,-58.138,-59.969,-60.732,-65.462,-70.345,-75.991,-79.501,-81.027,-81.027,-82.858,-85.299,-87.893,-89.267,-93.539,-96.133,-99.49,-98.88,-97.201,-93.997,-92.471,-92.776,-93.539,-93.081,-92.929,-92.929,-93.081,-93.234,-96.133,-100.41,-107.43,-111.7,-116.89,-121.01,-128.03,-134.28,-140.39,-146.03,-153.97,-161.75,-167.7,-170.9,-174.11,-175.94,-174.41,-172.12,-171.51,-170.9,-171.06,-171.06,-173.35,-173.19,-170.9,-167.09,-163.27,-161.29,-161.44,-161.44,-160.83,-159.15,-159.61,-159.61,-162.51,-163.27,-164.8,-164.49,-162.36,-158.09,-154.27,-150.3,-146.64,-142.52,-137.79,-133.98,-130.77,-127.41,-126.5,-123.91,-121.77,-119.94,-119.63,-118.26,-119.17,-120.24,-120.4,-120.7,-120.7,-120.7,-119.94,-118.72,-118.26,-117.5,-115.51,-112,-109.26,-104.53,-100.25,-97.354,-95.828,-93.387,-90.03,-84.384,-78.738,-73.092,-70.803,-70.04,-72.176,-71.718,-73.092,-73.092,-73.702,-71.718,-70.345,-68.056,-67.141,-68.209,-70.193,-72.024,-71.871,-68.972,-68.667,-66.988,-66.988,-64.394,-65.615,-66.378,-69.735,-71.718,-71.261,-70.345,-70.498,-69.43,-68.056,-63.631,-62.105,-59.511,-57.07,-54.933,-58.138,-61.342,-64.394,-66.683,-70.193,-72.024,-75.228,-78.28,-82.095,-85.452,-90.487,-93.081,-97.354,-99.796,-104.07,-107.43,-111.24,-112.77,-114.14,-113.99,-113.83,-111.85,-110.17,-106.97,-106.05,-103.92,-105.75,-106.2,-106.81,-104.68,-101.63,-97.659,-95.065,-91.556,-89.114,-84.994,-84.231,-83.926,-86.673,-89.572,-93.692,-97.201,-99.185,-101.47,-105.29,-106.97,-110.32,-111.7,-115.36,-117.65,-117.19,-115.36,-113.07,-111.09,-110.93,-108.65,-107.12,-104.37,-101.78,-96.896,-92.624,-87.893,-81.942,-76.144,-71.108,-65.004,-61.647,-54.933,-50.813,-43.641,-36.775,-28.382,-22.431,-16.633,-12.818,-10.071,-7.477,-2.5941,-0.15259,4.7304,9.4607,17.243,24.873,34.333,44.71,56.154,66.988,78.585,87.741,97.964,106.2,115.97,125.43,134.74,143.59,152.13,159.31,168.16,174.72,182.04,186.32,190.74,194.86,198.52,201.88,206.46,211.49,219.12,225.38,232.86,238.81,244.76,250.86,255.9,261.54,267.34,272.38,278.94,282.91,287.18,290.08,293.44,296.79,300.15,303.2,306.71,307.78,308.69,307.63,307.78,306.56,305.64,303.81,299.54,294.81,291.76,288.25,287.48,285.81,285.2,284.28,284.59,285.5,287.18,288.55,288.55,287.03,286.57,285.2,286.11,282.91,279.7,274.21,270.55,266.73,265.36,265.66,266.43,267.34,268.72,267.95,269.17,270.39,274.06,276.65,280.01,282.3,283.52,285.35,287.94,291.15,296.64,301.07,306.71,310.53,314.8,317.24,319.38,322.89,327.16,329.91,333.26,334.64,336.47,336.77,336.77,335.7,338.15,341.04,342.88,345.01,347.3,346.84,347,345.32,344.86,342.57,340.89,338.45,334.79,331.28,326.7,319.99,314.8,305.49,295.11,280.92,267.65,255.75,246.28,238.5,231.18,221.87,214.39,206.46,197.3,185.55,175.33,165.87,154.12,142.06,130.62,123.6,117.5,111.55,107.73,100.86,93.539,84.994,77.822,73.092,69.124,65.157,61.647,58.901,56.307,52.797,48.677,41.963,35.859,30.061,24.72,19.684,15.107,11.75,8.0874,2.7467,-1.6785,-6.5615,-9.7659,-13.428,-14.496,-17.09,-18.006,-19.99,-21.516,-23.041,-25.483,-27.619,-30.366,-32.044,-33.876,-35.096,-34.791,-35.249,-35.096,-35.401,-35.096,-36.012,-34.944,-33.418,-30.976,-28.382,-26.093,-25.025,-23.804,-23.347,-23.652,-24.72,-23.957,-25.33,-25.636,-26.093,-25.788,-28.23,-31.281,-35.859,-40.59,-46.236,-51.729,-57.833,-65.31,-73.397,-77.822,-82.858,-84.078,-87.893,-90.64,-94.15,-96.286,-100.41,-104.68,-106.36,-106.51,-107.12,-108.49,-111.39,-113.83,-115.21,-114.29,-116.12,-115.97,-117.95,-116.89,-116.89,-114.6,-113.07,-112.77,-116.43,-117.19,-116.89,-116.58,-117.5,-118.26,-118.72,-115.97,-117.34,-119.63,-126.35,-130.16,-134.43,-137.33,-138.1,-135.65,-135.81,-137.33,-139.47,-141,-143.59,-144.05,-144.35,-141.61,-140.54,-136.57,-133.67,-131.08,-131.53,-132.15,-135.65,-139.93,-146.18,-155.49,-165.11,-172.58,-178.38,-180.52,-185.25,-188.45,-195.78,-202.34,-209.66,-215.61,-221.87,-224.77,-226.45,-229.96,-236.98,-247.66,-256.66,-259.25,-257.42,-254.98,-255.59,-257.88,-262.61,-265.21,-267.95,-268.72,-271.92,-275.58,-280.47,-283.21,-287.33,-293.13,-298.17,-300.3,-300.61,-301.83,-304.57,-305.49,-306.41,-304.27,-301.52,-296.33,-293.28,-289.16,-285.35,-281.53,-277.26,-273.45,-269.48,-263.53,-253,-239.27,-227.06,-215,-205.85,-196.08,-189.06,-183.72,-181.74,-182.96,-185.4,-184.48,-180.36,-176.4,-171.36,-164.8,-159.76,-153.66,-147.1,-138.25,-131.38,-123.14,-117.34,-109.26,-101.93,-93.692,-87.283,-82.858,-79.653,-75.533,-70.803,-65.462,-57.68,-49.287,-41.505,-34.791,-30.519,-23.652,-18.464,-12.818,-9.6133,-4.12,-1.0681,2.2889,5.3407,6.2563,5.3407,3.6622,0.91556,-1.9837,-6.2563,-11.444,-15.564,-19.837,-25.941,-28.23,-27.619,-25.33,-23.041,-18.769,-14.649,-12.055,-11.292,-9.1556,-5.1881,-0,5.3407,10.224,14.649,20.905,26.093,32.044,35.096,36.775,34.486,31.587,30.366,30.213,28.382,25.788,24.415,23.347,21.821,21.973,21.363,21.363,17.243,13.733,9.6133,8.8504,5.4933,4.12,1.9837,2.4415,2.1363,2.2889,1.0681,-0.61037,-3.9674,-7.7822,-11.75,-12.513,-16.175,-19.837,-25.941,-30.061,-31.739,-29.298,-27.314,-23.347,-20.142,-17.853,-16.022,-12.97,-9.9185,-6.5615,-2.8993,1.6785,4.4252,9.9185,12.665,15.259,16.48,20.6,22.889,27.161,30.824,35.096,37.996,40.742,40.132,39.216,37.233,38.911,37.538,38.911,35.707,34.791,31.587,28.84,22.279,18.921,15.87,12.665,9.003,8.0874,5.7985,2.8993,0.91556,0.30519,-3.0519,-3.6622,-3.5096,-2.2889,-2.1363,2.2889,8.24,13.581,15.259,17.09,20.295,24.72,27.161,28.23,27.009,25.178,23.957,26.093,27.467,28.84,30.519,31.739,32.655,32.655,33.723,33.418,31.739,29.45,25.636,19.99,10.834,2.1363,-8.8504,-18.159,-26.551,-32.96,-40.284,-46.236,-54.323,-62.105,-66.683,-66.683,-66.225,-64.241,-63.326,-62.868,-66.53,-67.141,-69.43,-69.735,-70.193,-67.904,-65.157,-62.258,-58.596,-53.865,-52.034,-51.271,-51.576,-50.661,-50.813,-46.083,-41.658,-34.791,-31.739,-28.687,-27.924,-25.788,-24.11,-21.973,-21.668,-22.279,-23.194,-23.194,-25.33,-25.788,-28.84,-31.434,-35.401,-36.47,-41.353,-44.71,-46.388,-46.541,-46.083,-45.93,-48.372,-51.576,-54.323,-54.018,-53.407,-50.356,-48.83,-45.32,-43.947,-39.521,-35.707,-29.908,-22.431,-16.327,-12.665,-9.9185,-9.3081,-5.9511,-3.2044,-0.76296,-1.0681,1.2207,2.8993,7.7822,12.513,19.379,23.957,30.061,34.181,38.911,42.726,48.067,51.729,55.238,57.07,59.816,60.732,59.969,58.138,58.29,57.222,60.121,62.563,65.004,67.446,70.345,74.007,78.127,82.553,86.673,89.267,92.166,95.065,100.41,104.37,108.04,109.56,113.99,119.17,125.43,129.86,134.13,138.4,143.44,147.1,151.83,154.27,157.93,159.76,161.9,160.99,162.05,162.66,165.11,168.77,173.8,177.16,179.3,179.91,181.28,181.74,181.74,181.43,183.42,183.72,185.4,183.87,182.35,178.38,176.55,174.41,173.65,173.65,174.26,174.57,175.94,176.4,176.55,173.96,173.19,172.43,174.26,173.8,172.28,169.53,168.46,167.55,166.94,166.63,166.17,164.49,162.66,159.61,155.64,149.24,144.51,136.27,129.7,122.23,117.65,112.16,109.1,106.66,104.07,100.41,97.201,94.607,92.471,90.182,87.13,83.621,83.163,80.264,75.381,69.582,66.225,63.631,64.089,63.478,65.462,67.598,68.209,68.209,68.361,67.598,66.836,66.073,63.784,59.206,55.086,51.729,48.524,43.947,39.064,34.333,31.739,29.298,26.551,25.025,22.736,19.684,15.717,11.292,6.4089,-0.30519,-4.4252,-9.4607,-12.665,-18.464,-21.516,-25.788,-25.483,-25.33,-26.246,-26.856,-28.23,-29.145,-28.84,-26.704,-24.11,-23.957,-20.6,-18.159,-12.513,-8.3926,-3.357,-1.6785,-0.76296,0.61037,4.5778,8.5452,13.581,18.769,23.652,27.009,29.298,30.671,33.876,37.08,40.742,43.031,46.236,47.609,47.914,45.625,41.81,36.927,32.35,27.467,20.447,12.055,5.7985,0.45778,-1.8311,-5.4933,-5.1881,-4.12,0.15259,-0.45778,-0.15259,-1.6785,-3.2044,-4.5778,-3.2044,-2.1363,-1.6785,-2.7467,-2.2889,-1.9837,-0.61037,-1.0681,1.3733,2.7467,4.883,3.2044,1.2207,-2.2889,-7.3244,-14.649,-20.447,-26.093,-30.366,-35.096,-37.69,-41.81,-41.353,-44.252,-46.846,-50.508,-53.56,-57.68,-60.884,-63.631,-64.547,-66.683,-68.972,-74.618,-81.484,-87.436,-91.25,-95.065,-99.49,-104.68,-107.27,-110.32,-110.48,-111.55,-114.75,-123.91,-133.37,-140.54,-142.83,-143.59,-143.59,-144.66,-145.27,-148.17,-150.61,-155.03,-159.76,-165.41,-168.61,-169.38,-168.31,-166.48,-164.19,-163.43,-165.11,-168.31,-171.82,-175.63,-179.3,-185.25,-188.15,-192.88,-195.17,-196.84,-196.08,-192.42,-187.84,-183.42,-180.06,-177.47,-177.31,-177.92,-177.62,-177.62,-175.79,-175.48,-173.65,-173.96,-171.82,-168.46,-163.43,-159.92,-156.1,-155.64,-156.41,-155.64,-153.81,-153.81,-152.9,-152.9,-152.59,-152.9,-151.52,-148.47,-142.83,-139.62,-137.79,-137.03,-135.5,-134.43,-133.37,-134.89,-136.11,-135.96,-133.52,-131.84,-130.31,-130.92,-128.33,-127.72,-125.89,-124.82,-124.67,-125.43,-124.67,-124.52,-126.04,-127.87,-128.64,-129.4,-129.7,-130.77,-129.09,-131.69,-134.59,-138.55,-139.77,-140.54,-140.84,-140.08,-136.42,-132.45,-128.79,-126.35,-122.38,-118.56,-110.93,-103.31,-92.929,-85.299,-76.601,-69.43,-60.579,-53.56,-48.219,-42.726,-36.927,-30.976,-25.788,-20.6,-13.733,-9.3081,-1.8311,4.5778,13.123,19.379,27.314,33.57,41.353,50.813,62.41,72.176,82.705,92.013,102.39,111.55,121.01,128.03,136.42,142.52,150.46,156.41,163.58,170.45,177.47,184.48,190.13,195.78,200.81,205.85,211.65,216.22,223.4,228.74,234.53,238.5,245.22,249.64,254.68,259.1,263.37,266.12,269.02,271,272.84,274.06,275.58,276.35,277.72,277.41,278.18,278.02,279.09,277.57,278.63,280.62,282.3,284.13,286.87,289.77,291.91,291.76,293.59,294.81,297.1,299.69,303.81,307.93,313.73,317.24,319.83,321.97,323.8,325.79,326.55,326.7,325.79,325.02,323.95,320.9,318.31,314.8,312.66,307.93,304.27,299.54,295.11,290.69,286.11,279.7,272.99,267.34,261.09,253.91,249.34,244.45,241.55,238.96,236.98,236.21,235.76,234.99,236.06,239.11,242.32,244,245.98,246.74,247.96,248.57,249.95,249.64,250.86,250.1,250.86,249.18,247.81,245.83,244.3,242.77,240.94,238.65,235.91,230.87,227.82,223.85,220.19,214.09,209.66,204.02,200.51,197.15,193.79,189.52,184.64,180.82,176.55,172.58,171.36,169.38,166.63,160.22,154.12,149.85,145.57,141.45,139.01,136.27,133.06,128.48,124.06,115.82,110.32,104.68,98.422,89.877,80.569,70.956,61.037,50.813,39.674,27.924,16.48,3.8148,-6.5615,-17.243,-25.788,-37.08,-47.304,-59.053,-70.345,-77.67,-81.332,-86.673,-93.387,-100.41,-104.68,-108.65,-110.17,-114.14,-116.73,-120.85,-121.62,-125.28,-127.26,-127.11,-124.36,-123.75,-120.85,-119.79,-119.02,-118.11,-115.97,-113.99,-109.1,-104.98,-99.948,-96.438,-93.081,-92.624,-92.471,-91.098,-88.504,-82.705,-75.228,-66.073,-57.68,-51.271,-45.473,-41.658,-36.317,-30.976,-26.399,-25.636,-23.804,-19.532,-16.022,-15.412,-16.48,-17.09,-18.311,-19.837,-19.074,-18.464,-16.785,-17.548,-18.464,-21.363,-19.99,-18.769,-19.074,-19.532,-17.243,-16.633,-18.616,-24.415,-32.655,-41.505,-52.492,-63.478,-70.956,-74.77,-75.838,-80.111,-85.604,-91.403,-94.302,-95.828,-101.32,-109.56,-115.97,-121.92,-126.96,-131.84,-134.89,-141.61,-146.18,-151.83,-155.64,-160.22,-162.66,-166.63,-169.07,-173.5,-178.99,-186.93,-195.78,-202.49,-207.07,-212.41,-216.22,-222.48,-227.06,-232.7,-236.98,-241.86,-243.23,-245.37,-245.98,-245.37,-243.39,-241.25,-239.42,-237.43,-234.53,-231.79,-226.45,-222.94,-219.12,-216.83,-213.93,-213.78,-213.17,-213.17,-213.63,-214.85,-216.38,-218.97,-220.04,-221.26,-221.72,-223.85,-222.94,-223.24,-221.56,-218.82,-216.53,-217.14,-215.16,-213.93,-214.09,-216.99,-219.28,-220.34,-220.19,-219.43,-214.24,-210.27,-205.54,-202.49,-196.84,-192.88,-187.84,-182.2,-174.87,-167.24,-160.83,-157.32,-154.27,-151.98,-150,-150,-149.69,-152.13,-152.44,-152.59,-150.15,-150.15,-150,-151.37,-153.36,-154.58,-153.36,-152.44,-150.46,-148.93,-148.78,-150.61,-150.3,-151.37,-150.46,-150,-148.01,-148.01,-144.96,-142.98,-141,-138.71,-135.65,-132.91,-128.94,-125.89,-122.23,-121.16,-117.8,-115.05,-111.39,-109.41,-105.75,-101.47,-95.981,-90.182,-84.078,-79.196,-73.702,-71.261,-66.836,-64.699,-60.427,-56.764,-51.424,-47.151,-39.216,-33.876,-28.23,-22.279,-15.259,-9.6133,-5.4933,-1.9837,1.5259,4.7304,10.681,15.259,21.668,28.077,35.096,40.132,45.93,50.661,54.018,57.68,61.037,65.615,69.277,73.55,78.89,84.231,91.098,97.507,103.46,107.27,110.78,115.67,121.92,127.57,132.45,135.04,137.94,140.23,144.05,146.95,152.59,156.56,162.21,165.11,170.29,173.19,177.77,181.43,185.25,189.67,195.01,198.52,202.8,206.46,213.02,217.44,224.16,230.57,237.74,243.39,249.18,252.54,256.51,260.02,263.07,265.05,267.49,271.31,275.58,278.18,280.77,280.62,282.45,282.6,283.82,283.97,285.5,285.96,286.42,287.48,289.77,292.21,294.81,296.79,300.91,303.2,307.47,310.53,314.95,317.09,319.68,320.14,322.58,324.72,327.62,329.75,329.6,327.92,325.48,322.28,319.38,315.87,314.04,311.59,312.36,311.59,311.75,311.44,310.83,309.92,308.85,307.02,304.88,303.81,303.05,301.37,301.83,300.45,300.91,299.69,300.45,300,300.76,300.91,299.23,296.18,293.89,291.76,289.47,288.25,288.86,287.48,287.18,285.35,283.52,280.01,276.35,273.45,270.09,267.49,264.6,261.85,258.8,254.52,252.24,248.42,245.52,241.25,236.82,231.48,228.28,225.07,222.63,220.04,217.9,215.16,211.49,208.14,203.56,198.37,193.79,187.99,184.18,179.75,176.85,171.67,166.94,161.6,156.71,151.07,145.88,140.54,134.28,126.8,120.85,113.07,108.34,102.39,96.438,89.877,84.841,78.127,70.345,64.699,60.427,55.849,52.339,49.44,47.151,44.71,43.489,41.2,40.132,37.69,36.927,34.333,32.044,29.603,27.772,26.093,24.262,22.584,21.21,19.99,18.769,16.48,16.175,13.733,12.513,11.902,11.139,7.6296,3.8148,0.15259,-2.7467,-5.3407,-7.477,-11.292,-14.801,-18.769,-18.921,-19.532,-19.99,-21.363,-21.363,-22.431,-23.041,-24.415,-25.025,-25.025,-24.567,-24.72,-26.093,-28.687,-30.824,-33.57,-33.876,-34.486,-34.333,-36.927,-36.927,-37.385,-34.791,-32.197,-30.213,-28.687,-27.467,-27.924,-29.145,-31.434,-31.434,-31.129,-28.23,-25.483,-21.363,-17.243,-10.987,-6.5615,-3.2044,-1.8311,-0.30519,0.30519,0.76296,2.1363,4.5778,4.7304,5.0356,4.5778,7.9348,14.039,20.447,22.584,23.499,21.058,17.548,13.581,10.834,8.5452,5.0356,-1.3733,-7.7822,-12.818,-15.87,-19.99,-23.499,-28.535,-28.23,-29.756,-32.044,-35.859,-38.759,-42.879,-51.118,-63.784,-75.838,-85.299,-95.065,-108.19,-117.95,-127.57,-134.43,-140.84,-145.12,-148.93,-154.12,-159.15,-162.05,-166.02,-171.06,-176.85,-183.87,-190.59,-193.95,-196.23,-198.52,-204.93,-208.59,-211.19,-208.29,-209.36,-211.65,-215.92,-219.58,-224.46,-226.75,-229.19,-229.65,-230.41,-231.94,-236.21,-237.89,-240.64,-241.55,-243.54,-243.39,-245.98,-247.96,-248.57,-244.61,-240.64,-236.21,-233.16,-230.41,-229.5,-228.89,-231.94,-236.67,-241.25,-242.77,-245.52,-245.98,-248.88,-250.4,-251.32,-252.54,-254.83,-257.12,-261.39,-268.26,-276.35,-283.97,-293.74,-301.07,-309.76,-313.27,-318.61,-323.19,-330.82,-337.23,-343.03,-346.23,-346.39,-344.86,-340.89,-335.09,-329.29,-321.51,-312.05,-302.74,-297.56,-296.33,-298.93,-299.39,-295.57,-287.64,-280.01,-273.45,-269.48,-268.41,-271.61,-276.8,-284.28,-290.84,-297.4,-299.23,-301.68,-302.44,-302.29,-300.45,-301.37,-303.05,-303.05,-301.22,-300.61,-302.44,-304.57,-304.42,-307.02,-309.31,-311.75,-311.14,-311.29,-310.83,-313.73,-316.93,-321.05,-324.41,-325.02,-324.56,-323.8,-323.34,-326.4,-330.52,-336.01,-341.04,-345.16,-342.72,-335.86,-324.41,-315.87,-307.78,-303.66,-303.35,-303.05,-303.2,-304.42,-302.13,-297.4,-287.48,-275.58,-263.07,-252.24,-242.16,-236.82,-234.53,-236.21,-240.33,-243.69,-243.84,-239.57,-232.86,-226.91,-224.31,-224.46,-227.97,-235.76,-242.77,-250.86,-255.9,-260.02,-262.76,-266.27,-270.85,-275.12,-279.55,-285.65,-292.52,-297.1,-300.15,-300.3,-297.86,-295.72,-292.98,-292.37,-289.62,-285.5,-282.3,-279.55,-277.41,-274.82,-273.9,-274.97,-275.43,-276.8,-277.11,-279.55,-277.11,-276.35,-274.36,-273.6,-270.09,-267.34,-262.46,-257.42,-252.08,-245.98,-239.27,-234.38,-231.64,-226.45,-218.51,-212.26,-204.02,-195.62,-187.08,-179.91,-171.51,-163.73,-156.1,-150.15,-143.44,-136.27,-126.8,-118.11,-109.87,-101.93,-92.166,-82.858,-73.397,-65.462,-58.748,-54.17,-47.609,-42.726,-39.064,-36.47,-34.486,-32.655,-29.756,-26.551,-23.499,-22.889,-20.6,-20.295,-19.532,-20.142,-19.99,-20.753,-18.464,-15.412,-10.987,-7.9348,-5.6459,-2.8993,0.61037,4.7304,9.7659,13.581,20.447,27.161,36.012,42.573,49.135,53.713,57.222,58.29,60.274,62.868,64.241,67.293,71.108,74.618,79.348,81.637,84.689,84.231,84.841,83.316,82.553,78.89,77.517,78.127,80.569,85.299,90.64,97.049,104.22,111.24,120.4,127.41,133.98,135.96,139.16,141.61,144.66,142.98,141,137.33,133.06,129.25,126.8,124.67,123.29,121.01,120.09,117.8,116.12,111.7,108.49,103.92,101.17,98.88,96.744,93.692,91.098,89.877,90.03,90.487,91.403,92.013,95.676,98.117,99.643,97.201,97.812,99.185,103,106.36,108.8,109.71,108.8,106.36,102.54,98.117,95.981,92.776,91.556,89.877,90.793,89.572,91.098,90.487,90.182,88.809,88.504,86.825,86.978,88.046,88.504,84.994,82.858,79.806,80.111,77.975,77.059,75.533,72.939,68.514,63.784,59.053,52.95,44.252,34.028,22.889,12.97,3.8148,-1.3733,-9.1556,-17.243,-26.093,-34.486,-44.404,-54.781,-63.631,-70.193,-76.907,-81.332,-84.689,-85.757,-84.536,-81.637,-78.585,-75.533,-73.55,-69.582,-65.92,-61.953,-59.969,-57.222,-55.391,-54.628,-56.154,-56.612,-55.391,-52.797,-51.118,-47.609,-47.151,-44.71,-43.641,-39.674,-36.622,-33.113,-31.892,-28.535,-27.009,-27.619,-27.314,-25.178,-20.142,-9.9185,2.4415,17.396,29.298,44.71,61.342,78.738,90.335,105.14,118.11,130.62,138.25,145.88,155.49,170.14,186.47,199.9,202.34,199.29,193.95,187.69,181.43,179.6,177.16,172.12,162.05,150.46,133.67,112.92,95.065,88.809,89.267,93.234,97.049,98.575,90.03,80.569,74.923,74.313,73.397,84.841,104.22,119.79,123.45,120.7,111.55,99.338,89.877,87.13,87.283,91.556,100.1,113.99,118.87,117.95,110.63,99.948,89.267,82.705,78.127,75.838,72.481,71.413,65.767,57.375,45.93,36.012,25.941,18.616,11.139,2.5941,-6.4089,-14.191,-20.447,-26.399,-34.028,-42.879,-52.034,-57.222,-62.716,-68.209,-75.381,-79.806,-84.536,-90.182,-95.218,-96.286,-96.591,-97.354,-98.27,-98.27,-98.575,-97.964,-95.065,-88.656,-83.316,-78.738,-73.55,-67.446,-63.784,-59.053,-55.391,-51.271,-45.778,-38.911,-32.044,-26.551,-21.973,-18.006,-16.175,-13.276,-13.581,-11.75,-12.513,-12.207,-10.071,-6.1037,-2.2889,-0,1.9837,3.9674,6.5615,9.9185,14.496,21.363,26.704,34.639,40.742,49.287,55.849,62.41,68.972,74.77,80.569,88.504,96.591,104.83,111.55,119.94,127.11,136.11,142.98,151.07,156.71,164.49,172.58,182.2,191.66,200.05,209.51,219.58,230.26,239.11,248.12,257.73,265.97,274.06,278.63,283.36,286.11,290.99,295.57,300.76,304.88,309.46,313.12,317.39,321.67,326.24,328.84,333.11,335.25,337.84,338.76,341.2,341.65,344.55,345.47,346.08,344.4,342.72,341.2,339.52,337.84,337.53,336.92,338.15,337.53,338.3,339.82,342.88,342.27,343.18,344.4,343.49,341.96,341.04,340.89,340.89,339.52,338.15,340.13,344.86,345.62,347.91,350.35,353.4,352.49,351.73,352.18,353.1,355.24,358.44,359.36,359.05,357.07,358.13,357.22,356.61,354.32,352.03,347.76,344.1,340.28,335.4,330.06,326.4,322.28,317.09,309.92,303.96,297.4,291.45,285.35,279.7,271.77,264.6,255.9,246.89,239.42,233.16,225.68,217.9,209.36,199.44,189.37,182.81,173.8,166.63,159.31,154.58,146.64,140.08,135.2,131.69,129.4,126.5,121.16,116.43,112.46,108.65,103.61,96.896,88.656,81.332,73.397,67.751,61.8,56.459,50.05,44.71,41.505,36.927,30.213,24.873,18.159,12.513,5.9511,-3.0519,-17.09,-28.535,-39.369,-43.031,-47.456,-54.933,-64.547,-72.481,-77.059,-79.958,-82.4,-84.841,-85.757,-85.604,-85.147,-87.13,-95.065,-102.69,-111.7,-120.7,-130.16,-137.64,-144.66,-150,-154.12,-155.49,-158.09,-162.05,-170.75,-176.85,-182.65,-182.2,-180.21,-175.18,-171.97,-165.56,-162.82,-161.14,-164.65,-169.53,-174.11,-176.7,-179.6,-180.52,-183.11,-185.86,-191.66,-193.18,-195.17,-193.95,-193.18,-191.05,-191.5,-192.11,-193.49,-193.79,-195.32,-195.17,-197.91,-199.9,-206.31,-211.34,-217.9,-222.94,-227.21,-228.43,-230.87,-233.01,-233.92,-232.7,-230.11,-225.53,-221.11,-215.61,-213.02,-208.29,-206.31,-204.47,-204.02,-201.88,-198.07,-191.35,-187.54,-182.65,-178.53,-175.79,-174.26,-172.73,-172.43,-170.6,-168.92,-165.26,-164.49,-160.83,-158.39,-155.19,-153.66,-150.3,-151.98,-153.05,-152.75,-150.61,-148.17,-145.57,-143.74,-142.83,-144.96,-145.27,-148.78,-152.29,-155.19,-154.42,-155.64,-154.42,-151.98,-148.78,-146.03,-141.91,-138.71,-135.35,-131.69,-126.5,-124.06,-121.77,-121.46,-117.8,-113.83,-109.71,-107.88,-103.76,-100.71,-95.981,-90.64,-86.673,-83.316,-79.806,-77.059,-72.481,-69.735,-65.157,-63.631,-58.443,-57.833,-55.086,-56.459,-57.833,-58.443,-53.255,-48.067,-44.404,-42.726,-39.216,-37.385,-34.791,-35.096,-35.249,-38.759,-40.742,-43.184,-43.641,-45.32,-45.015,-43.489,-42.116,-42.421,-39.979,-37.233,-33.418,-31.892,-30.671,-32.044,-32.197,-35.401,-35.096,-36.012,-36.012,-38.148,-40.284,-44.252,-45.473,-47.456,-50.203,-55.544,-59.969,-65.615,-69.277,-74.77,-79.348,-86.215,-91.403,-97.507,-100.56,-103.76,-108.49,-113.38,-116.73,-120.09,-123.29,-124.36,-124.06,-124.21,-123.29,-123.91,-124.97,-128.18,-128.48,-129.25,-126.35,-122.68,-118.87,-115.51,-112,-110.78,-109.26,-107.58,-103.61,-100.56,-96.286,-96.133,-97.354,-101.32,-104.53,-108.04,-108.04,-108.8,-110.93,-112,-111.39,-108.8,-105.14,-104.22,-100.56,-99.49,-97.964,-98.727,-100.71,-104.68,-103.46,-99.338,-93.081,-88.961,-83.773,-75.838,-68.361,-61.495,-51.729,-43.794,-32.197,-18.616,-4.2726,5.9511,17.548,25.178,33.418,40.437,45.625,47.304,48.524,48.524,46.693,43.489,41.353,34.181,30.061,26.704,25.788,25.178,25.636,23.652,20.905,15.259,11.597,9.9185,9.9185,10.224,10.987,11.75,11.902,9.3081,7.6296,3.6622,-0.45778,-4.7304,-7.477,-12.055,-18.159,-24.873,-29.908,-35.554,-42.116,-48.83,-53.865,-59.511,-63.173,-69.124,-72.176,-76.601,-79.958,-83.926,-86.367,-91.098,-93.234,-93.387,-91.403,-89.114,-86.52,-86.215,-84.841,-81.637,-75.076,-71.108,-65.157,-61.647,-55.696,-52.492,-50.508,-50.356,-50.356,-51.576,-52.339,-51.729,-47.609,-43.489,-38.301,-33.876,-27.924,-23.347,-17.396,-15.412,-12.818,-8.24,-3.6622,0.61037,3.5096,6.1037,10.376,12.665,12.055,10.376,10.529,8.3926,7.1718,4.5778,3.0519,-0.91556,-4.2726,-9.6133,-13.123,-15.87,-14.649,-9.9185,-4.12,0.76296,4.7304,7.3244,10.987,9.4607,5.6459,-0.91556,-5.4933,-7.1718,-0,8.3926,17.548,22.736,27.619,28.993,28.23,26.399,25.788,23.194,19.074,12.665,8.5452,5.6459,7.0193,8.24,8.24,4.883,1.9837,0.15259,-1.2207,-3.357,-6.2563,-9.003,-9.9185,-10.376,-5.7985,-1.8311,0.61037,1.3733,3.0519,0.30519,-1.5259,-3.357,-5.0356,-8.5452,-10.834,-11.75,-11.139,-11.75,-9.7659,-10.529,-10.834,-13.276,-14.344,-19.837,-23.804,-25.788,-26.399,-26.856,-25.941,-25.483,-24.72,-26.551,-29.603,-35.554,-40.284,-47.914,-53.255,-57.833,-58.596,-58.596,-57.527,-56.001,-53.56,-51.576,-48.524,-44.099,-37.996,-32.35,-25.025,-19.99,-14.801,-13.886,-13.886,-17.853,-21.668,-26.856,-29.45,-32.044,-32.502,-31.281,-30.061,-29.908,-29.145,-30.213,-28.382,-27.619,-26.704,-26.704,-23.194,-21.21,-18.311,-15.87,-12.36,-9.4607,-9.7659,-13.428,-15.259,-13.581,-9.4607,-6.1037,-1.3733,1.5259,4.883,6.2563,8.5452,8.8504,8.3926,7.3244,6.7141,4.883,2.7467,0.30519,-0.61037,-0.45778,0.76296,-1.0681,-2.8993,-6.8667,-9.4607,-13.733,-14.801,-18.921,-22.431,-26.551,-30.061,-33.723,-37.538,-41.81,-44.252,-47.304,-49.287,-51.576,-51.881,-52.492,-51.576,-52.797,-52.492,-54.323,-52.644,-49.898,-47.151,-45.015,-43.184,-41.505,-39.521,-36.47,-31.739,-28.687,-23.957,-22.431,-20.447,-20.142,-19.074,-20.753,-21.973,-23.347,-23.347,-23.499,-23.194,-24.11,-23.194,-20.6,-16.633,-15.564,-13.581,-11.902,-9.003,-7.6296,-3.9674,-3.357,-2.2889,0.45778,4.7304,5.1881,5.7985,6.7141,7.7822,7.7822,10.376,12.97,17.853,19.684,21.973,22.584,23.957,25.025,25.178,25.483,26.856,28.84,31.434,35.096,39.979,43.336,48.372,51.424,55.086,57.07,59.358,58.748,58.596,59.206,61.495,63.936,66.073,67.293,67.904,67.751,69.277,70.803,71.871,70.956,72.024,72.329,73.855,72.481,74.007,75.228,77.212,79.348,81.79,80.111,78.585,74.618,74.465,71.566,70.956,70.498,73.55,75.686,79.958,83.926,88.504,91.861,95.065,99.338,102.24,103.15,103.61,103.92,105.14,105.59,107.27,107.27,108.95,111.7,114.9,117.19,120.7,122.68,122.84,121.92,120.4,116.73,113.22,110.48,109.71,106.81,104.53,99.796,97.049,94.913,95.065,94.913,95.828,95.37,93.692,92.471,92.166,91.708,93.692,95.523,98.727,99.643,101.63,100.25,99.49,97.354,97.354,95.065,95.37,94.913,95.065,95.981,99.796,104.22,108.49,109.1,110.48,110.63,111.85,112.77,115.67,117.04,119.33,121.46,123.14,124.21,125.74,127.11,129.55,131.69,133.52,133.67,136.57,137.33,139.62,139.62,141.91,143.28,145.57,148.32,151.52,152.9,153.66,153.2,154.58,154.42,156.41,156.25,158.09,157.32,158.24,157.93,156.87,155.8,156.87,159.15,161.29,163.43,167.09,168.46,170.29,170.6,172.43,171.82,171.82,169.99,170.45,170.45,171.21,172.28,174.26,174.57,174.72,173.8,173.8,171.51,170.29,167.55,164.95,160.68,158.24,157.02,156.25,154.73,152.9,151.52,150.91,151.07,151.83,151.37,150.76,148.63,145.73,141.61,138.86,134.89,130.62,125.89,121.46,116.73,113.99,110.63,107.73,103.31,99.49,95.218,91.708,87.13,81.484,75.533,68.819,63.021,56.764,49.898,43.184,34.944,27.161,20.142,15.717,10.071,6.4089,1.5259,-3.6622,-8.24,-11.139,-14.954,-16.785,-21.21,-24.873,-29.45,-32.197,-36.622,-37.996,-39.064,-39.674,-41.047,-42.573,-44.404,-45.778,-49.287,-52.644,-58.443,-63.478,-71.261,-76.144,-83.163,-85.91,-89.724,-92.624,-95.828,-99.338,-104.53,-110.02,-114.75,-117.34,-119.94,-120.24,-121.46,-123.45,-128.48,-131.99,-137.64,-140.23,-143.89,-147.71,-151.98,-153.97,-156.25,-155.19,-153.66,-151.83,-153.2,-152.13,-151.22,-148.78,-146.18,-142.52,-139.16,-134.13,-132.6,-130.92,-129.55,-128.64,-130.31,-133.67,-137.03,-138.1,-141.45,-142.67,-144.81,-141,-138.1,-137.33,-140.08,-141.15,-140.39,-141.61,-146.49,-153.97,-162.36,-166.17,-169.99,-170.29,-170.6,-169.53,-171.36,-170.45,-170.14,-166.48,-162.97,-159.76,-155.64,-153.05,-152.59,-152.13,-154.42,-153.05,-151.98,-148.78,-145.27,-139.77,-136.42,-131.38,-130.47,-128.18,-126.04,-124.67,-125.58,-126.8,-127.57,-126.96,-124.82,-123.6,-125.28,-125.13,-123.91,-122.23,-125.74,-129.7,-133.67,-134.43,-135.2,-133.98,-131.84,-130.01,-127.11,-124.36,-122.84,-120.09,-116.58,-110.02,-103.76,-94.607,-90.945,-90.182,-91.556,-89.877,-88.809,-88.046,-88.656,-88.351,-88.656,-88.656,-89.572,-90.335,-89.877,-86.673,-87.13,-87.588,-85.757,-81.79,-81.79,-79.653,-74.923,-68.209,-65.004,-62.41,-59.511,-56.764,-55.544,-54.476,-55.391,-54.933,-56.307,-54.933,-55.086,-56.001,-61.495,-65.462,-70.956,-74.618,-76.907,-79.501,-81.637,-80.721,-80.721,-80.111,-82.553,-84.078,-85.604,-84.536,-84.841,-83.926,-84.078,-82.247,-79.348,-77.059,-75.076,-72.176,-69.43,-66.225,-62.868,-56.917,-55.696,-54.628,-56.612,-57.833,-63.021,-67.751,-73.397,-79.196,-83.926,-86.673,-90.945,-93.844,-96.591,-95.218,-95.523,-96.438,-100.56,-104.07,-112.61,-120.7,-129.7,-135.5,-139.47,-139.77,-137.33,-133.21,-130.47,-125.74,-119.17,-110.93,-104.98,-97.354,-89.877,-81.179,-74.007,-65.31,-59.053,-52.187,-45.32,-37.843,-31.129,-24.262,-18.311,-12.36,-8.24,-4.4252,-1.9837,0.76296,-1.5259,-2.7467,-4.4252,-5.3407,-7.477,-7.7822,-6.7141,-2.1363,1.6785,3.2044,1.0681,-0.61037,-4.2726,-7.1718,-10.529,-11.75,-13.886,-13.428,-14.191,-13.428,-12.97,-14.649,-18.769,-21.058,-20.753,-19.074,-18.616,-16.48,-11.139,-4.5778,-2.1363,1.5259,4.7304,10.529,15.717,22.736,30.671,38.911,44.252,48.219,50.05,54.323,61.495,70.04,77.517,87.741,97.659,107.58,111.24,113.53,113.99,117.65,121.46,126.5,130.47,133.52,133.82,132.76,129.7,126.5,122.23,119.63,115.51,111.55,109.87,110.48,105.29,100.56,97.507,95.37,93.234,92.929,92.471,93.539,93.539,91.861,86.062,80.874,73.855,69.124,62.716,55.391,43.947,36.317,31.434,28.687,25.941,23.957,20.753,17.853,13.428,10.987,8.24,8.6978,6.2563,6.4089,6.8667,9.6133,11.292,11.902,8.3926,3.2044,-2.5941,-7.1718,-13.581,-19.379,-24.873,-27.467,-30.976,-32.197,-35.707,-36.622,-38.911,-40.284,-41.353,-42.421,-41.505,-37.996,-33.876,-27.772,-23.804,-18.769,-16.175,-13.123,-14.039,-12.665,-11.139,-7.6296,-4.2726,0.30519,3.5096,6.7141,9.9185,14.344,19.074,26.399,32.807,41.047,45.32,50.966,53.713,60.579,63.326,66.988,69.43,71.718,76.449,83.01,88.656,92.471,93.081,91.708,88.656,86.52,83.773,82.705,80.111,78.433,74.465,71.566,66.836,59.969,53.102,47.456,42.116,38.453,32.197,25.636,16.48,10.834,7.0193,6.5615,3.8148,-0.76296,-6.8667,-12.818,-19.99,-26.704,-34.944,-40.895,-46.693,-48.372,-49.44,-47.914,-45.93,-40.895,-38.759,-38.148,-39.369,-39.827,-40.132,-39.369,-39.369,-40.437,-42.268,-43.031,-45.473,-48.219,-50.661,-52.339,-57.07,-60.732,-68.209,-73.244,-78.738,-83.316,-88.351,-92.929,-97.659,-104.07,-110.93,-115.82,-120.55,-122.38,-124.97,-124.67,-123.75,-121.31,-119.79,-117.65,-114.44,-107.27,-99.185,-91.708,-85.757,-80.569,-75.533,-72.024,-69.887,-65.92,-63.784,-63.173,-64.394,-64.852,-67.293,-69.887,-73.55,-73.55,-71.871,-70.193,-69.277,-68.972,-69.124,-71.566,-74.313,-74.77,-77.975,-79.806,-83.621,-87.741,-93.387,-96.286,-98.422,-99.033,-99.338,-99.643,-100.41,-98.88,-96.286,-94.607,-93.234,-91.556,-93.081,-94.455,-96.133,-95.828,-93.997,-91.098,-85.91,-82.858,-81.484,-79.501,-79.043,-80.569,-83.01,-84.536,-88.504,-91.25,-93.844,-95.065,-97.049,-95.981,-92.776,-89.419,-87.741,-85.147,-79.806,-73.397,-68.514,-67.141,-66.683,-65.157,-65.004,-63.631,-63.173,-58.901,-55.849,-51.729,-50.813,-49.44,-47.456,-44.099,-40.59,-39.064,-39.674,-40.742,-43.794,-42.726,-39.064,-32.044,-25.788,-19.837,-16.022,-13.123,-14.801,-14.191,-12.36,-11.292,-10.529,-8.3926,-5.0356,-1.3733,1.0681,2.8993,0.76296,1.5259,0.30519,1.2207,2.7467,5.9511,9.7659,11.75,11.139,9.003,7.3244,5.9511,2.7467,0.30519,-2.8993,-2.7467,-2.4415,2.2889,9.7659,19.99,26.399,32.655,34.791,32.96,28.993,27.619,25.941,25.788,26.856,30.519,30.824,30.824,28.077,25.025,19.532,14.649,8.8504,5.7985,4.12,2.7467,0.61037,-3.5096,-10.529,-14.801,-18.616,-21.821,-27.314,-31.892,-39.064,-44.404,-48.677,-50.203,-52.797,-54.781,-55.391,-57.07,-58.443,-59.053,-59.358,-57.68,-59.053,-58.901,-58.29,-56.001,-55.849,-55.544,-52.492,-48.067,-42.879,-36.47,-29.756,-23.041,-16.48,-10.376,-5.4933,0.61037,3.5096,8.5452,14.191,22.126,28.077,35.249,41.2,46.388,51.576,55.849,59.969,63.478,66.836,72.024,78.433,85.91,90.487,93.997,94.455,96.744,98.88,101.93,103.92,108.04,113.07,118.72,121.62,126.04,128.48,130.92,133.06,139.93,145.88,154.12,157.78,160.68,164.8,167.85,171.67,177.16,184.03,189.98,194.1,198.22,201.27,206,207.53,207.83,208.44,212.41,214.39,216.83,217.75,218.67,217.75,218.67,218.97,219.12,218.05,219.89,220.19,219.28,217.29,216.83,210.88,205.85,200.35,196.23,192.11,191.81,191.5,191.81,189.83,186.01,182.81,183.11,182.81,186.77,190.28,195.17,198.07,203.41,209.51,214.09,218.05,221.72,224.01,228.13,231.33,235.6,238.35,241.55,242.77,244.3,240.64,235.91,229.5,225.99,221.72,215.92,207.83,200.2,193.18,189.67,184.18,179.91,172.43,167.55,160.99,152.44,140.54,132.45,125.13,118.87,113.38,110.93,109.26,111.09,111.85,110.17,106.36,102.69,95.218,90.945,87.283,87.283,86.215,87.588,90.487,95.065,97.812,100.1,101.02,102.08,99.796,96.286,90.64,87.741,82.858,78.433,71.871,66.53,56.459,46.388,36.927,25.788,15.717,6.7141,-3.5096,-13.733,-25.636,-35.707,-46.693,-54.933,-64.241,-67.751,-70.345,-70.04,-70.803,-72.329,-73.702,-72.481,-70.65,-68.361,-65.92,-58.748,-53.407,-45.32,-38.148,-32.044,-28.535,-25.178,-22.736,-19.837,-15.717,-8.8504,-3.9674,-0.45778,1.0681,1.3733,-1.0681,-4.2726,-9.4607,-13.733,-17.09,-18.616,-21.21,-23.499,-26.856,-30.366,-34.028,-35.554,-37.233,-37.843,-39.521,-40.742,-43.184,-43.794,-49.287,-54.17,-60.732,-62.41,-63.173,-61.342,-58.443,-53.255,-47.304,-41.963,-36.927,-31.892,-28.077,-22.736,-18.006,-8.8504,-0.45778,9.6133,15.564,20.6,21.21,22.279,22.431,25.788,28.077,32.197,33.265,32.35,27.161,22.431,13.886,7.1718,-1.0681,-5.6459,-11.902,-12.36,-10.834,-10.376,-17.09,-25.788,-34.028,-41.353,-48.372,-50.356,-52.95,-53.255,-56.459,-55.696,-56.307,-55.391,-55.696,-54.018,-53.255,-52.187,-48.524,-42.268,-36.317,-29.908,-24.873,-19.837,-20.6,-21.516,-26.704,-30.824,-37.233,-40.284,-44.099,-45.32,-48.982,-51.881,-54.323,-58.29,-66.378,-73.397,-81.637,-89.267,-97.964,-104.07,-108.34,-108.65,-109.1,-108.49,-108.19,-106.05,-105.44,-106.05,-105.14,-102.54,-99.338,-94.607,-91.098,-85.757,-83.163,-79.501,-75.991,-69.124,-64.394,-57.985,-55.086,-54.17,-55.391,-57.375,-59.511,-59.816,-60.274,-61.037,-65.004,-68.514,-72.634,-75.533,-82.705,-88.656,-93.539,-97.354,-100.86,-104.07,-107.58,-107.73,-109.1,-108.65,-110.17,-110.02,-109.87,-103.61,-97.507,-91.403,-85.91,-79.958,-76.296,-73.092,-71.261,-67.598,-64.089,-59.358,-58.748,-57.68,-55.391,-50.356,-46.541,-39.979,-35.859,-31.281,-29.45,-27.619,-26.856,-26.399,-27.467,-27.772,-29.298,-28.535,-31.129,-31.739,-34.486,-37.843,-43.336,-47.914,-53.865,-58.29,-61.19,-62.868,-65.615,-68.209,-70.956,-73.092,-77.212,-79.806,-81.484,-81.179,-79.348,-76.144,-73.092,-71.261,-70.803,-69.277,-63.784,-58.748,-55.391,-52.339,-50.356,-47.761,-46.541,-43.947,-43.031,-41.2,-39.216,-36.012,-29.756,-20.905,-11.75,-3.9674,-0.91556,2.4415,4.2726,9.003,11.139,15.412,17.396,19.532,19.684,19.379,15.87,11.292,6.7141,2.7467,-2.7467,-8.24,-14.039,-16.785,-21.058,-23.194,-25.788,-27.161,-29.756,-31.281,-33.113,-34.639,-35.859,-36.927,-36.012,-34.181,-31.739,-26.704,-22.584,-17.701,-13.733,-7.6296,-4.4252,1.3733,6.5615,12.818,16.785,20.6,24.11,28.535,31.281,33.723,36.012,38.759,38.606,40.284,38.301,36.317,33.418,33.57,32.197,30.824,27.772,24.873,22.431,21.21,19.532,15.564,10.529,8.3926,4.4252,3.8148,3.357,6.1037,6.4089,9.1556,12.818,17.243,22.584,28.382,32.197,37.69,44.252,52.644,59.816,68.361,75.381,83.773,89.114,94.913,97.812,102.54,106.36,109.56,111.85,114.75,116.43,117.5,117.34,116.73,115.05,113.07,106.81,101.17,94.913,90.945,86.825,83.01,77.517,73.244,71.871,74.007,76.601,79.806,82.553,86.673,88.198,90.64,93.387,97.507,100.41,102.85,104.07,105.44,106.51,106.2,106.51,105.9,104.22,101.17,99.338,99.185,97.049,94.913,90.182,85.604,80.874,77.822,74.007,68.209,62.258,56.154,49.593,42.726,36.164,29.45,19.99,12.665,4.7304,-1.0681,-6.7141,-9.4607,-14.496,-16.785,-20.6,-25.33,-30.213,-32.807,-37.08,-38.759,-39.979,-36.622,-36.317,-33.57,-32.044,-29.756,-29.145,-26.704,-25.941,-24.567,-25.025,-23.194,-23.194,-24.873,-28.077,-28.993,-28.382,-26.246,-25.483,-22.736,-24.262,-24.72,-26.551,-26.246,-28.077,-30.366,-30.366,-30.366,-31.434,-31.434,-32.655,-35.859,-41.047,-44.404,-50.508,-54.628,-61.953,-70.803,-82.095,-90.64,-98.117,-105.75,-115.36,-121.92,-130.16,-138.71,-145.42,-151.22,-159.31,-162.97,-164.95,-163.27,-159.61,-151.83,-144.35,-135.35,-126.19,-117.04,-108.8,-102.24,-95.676,-88.046,-79.348,-70.193,-64.089,-56.001,-48.372,-37.69,-29.756,-19.684,-12.665,-3.5096,5.4933,15.412,25.483,36.317,46.541,58.443,69.277,79.958,90.03,102.85,113.99,125.43,135.2,146.18,156.41,167.09,176.7,186.01,192.57,200.05,207.22,215.92,224.01,232.86,238.65,245.22,249.64,255.9,261.39,267.49,272.68,276.5,279.09,281.69,283.21,284.43,284.89,286.72,288.4,292.06,293.74,296.03,296.64,298.01,300.15,304.12,307.32,309.31,311.14,312.81,314.04,314.8,314.04,314.04,311.14,311.14,309.46,308.39,305.19,302.59,300.3,297.1,294.05,289.62,283.52,278.48,271.92,265.66,257.58,251.32,243.39,238.35,233.47,226.91,218.67,211.19,205.85,200.35,193.95,187.99,180.97,174.57,167.7,163.27,159,156.87,154.12,152.9,152.29,152.13,152.29,153.81,155.34,158.09,160.83,162.36,162.05,162.66,161.44,161.29,161.14,162.21,161.14,159.92,157.32,154.58,150.91,144.81,137.64,131.84,125.13,119.79,113.38,110.48,106.2,101.78,96.438,90.945,83.468,74.77,68.667,63.936,59.664,56.459,53.102,50.966,45.778,44.557,44.862,48.83,50.966,54.781,57.07,59.511,59.969,59.206,57.833,58.138,58.138,60.121,62.105,62.716,60.579,59.511,57.527,57.985,57.07,56.917,56.001,52.644,46.693,40.59,36.317,33.876,30.213,27.161,22.126,19.99,13.886,8.5452,0.61037,-7.7822,-16.175,-21.21,-23.041,-24.415,-26.551,-28.535,-32.35,-35.249,-39.521,-42.573,-46.999,-47.609,-48.372,-51.729,-58.138,-64.699,-70.498,-72.939,-74.007,-73.855,-74.923,-76.296,-80.874,-85.452,-93.234,-101.78,-112,-120.85,-127.41,-132.91,-138.55,-142.83,-149.54,-156.87,-164.49,-169.53,-175.18,-177.92,-179.14,-176.09,-173.04,-170.14,-169.23,-170.14,-172.43,-174.72,-176.24,-178.23,-178.38,-177.01,-178.23,-177.62,-179.91,-181.13,-185.25,-188.15,-191.66,-193.95,-194.71,-193.18,-192.57,-190.44,-190.13,-191.2,-194.1,-193.49,-193.49,-192.42,-192.88,-190.44,-188.6,-184.94,-181.43,-178.23,-177.62,-174.87,-173.19,-173.19,-174.26,-175.02,-177.16,-177.47,-177.62,-177.01,-179.6,-182.81,-187.84,-190.28,-192.57,-195.47,-198.07,-198.22,-200.51,-200.81,-200.2,-199.74,-200.05,-200.2,-202.19,-200.51,-200.66,-201.88,-204.02,-204.63,-205.54,-204.47,-203.56,-202.8,-202.64,-203.1,-207.68,-212.56,-216.38,-214.85,-213.93,-212.56,-215.77,-219.12,-223.4,-225.53,-225.84,-225.99,-227.36,-230.87,-235.6,-239.57,-241.25,-240.03,-240.33,-240.18,-240.94,-238.5,-238.2,-238.65,-242.32,-246.59,-251.01,-251.17,-248.73,-243.54,-237.43,-230.87,-225.99,-222.02,-222.79,-226.75,-233.47,-235.15,-234.99,-232.7,-229.65,-224.46,-217.9,-210.88,-203.41,-193.79,-187.38,-182.81,-182.2,-181.43,-182.2,-179.91,-179.91,-176.7,-171.36,-166.17,-165.26,-163.58,-161.44,-157.63,-153.81,-150.3,-148.63,-144.51,-141.91,-140.69,-144.05,-147.25,-151.52,-155.95,-158.54,-160.22,-161.9,-160.83,-160.53,-160.37,-162.21,-161.44,-159.92,-155.34,-149.54,-144.05,-140.54,-137.64,-135.96,-133.37,-129.7,-122.68,-117.95,-111.85,-106.81,-100.41,-95.676,-88.351,-81.027,-74.465,-69.887,-66.836,-66.53,-66.836,-69.277,-69.124,-70.803,-69.887,-70.04,-67.904,-64.089,-57.527,-54.476,-52.034,-51.271,-52.034,-52.187,-47.609,-42.421,-34.791,-29.908,-24.11,-22.584,-21.21,-21.516,-20.6,-20.142,-18.616,-16.022,-11.139,-7.9348,-1.8311,1.8311,4.883,4.2726,5.0356,2.4415,2.2889,1.0681,-0.45778,-3.9674,-5.1881,-4.2726,-1.2207,-0.91556,0.61037,-0,1.0681,-0.30519,-0.30519,-1.6785,-0.30519,1.9837,5.6459,7.1718,9.6133,12.36,16.022,18.769,24.873,27.314,30.519,30.824,32.96,35.554,41.505,47.609,53.865,58.443,62.105,62.868,64.394,64.089,64.394,62.105,61.037,57.527,57.222,53.56,50.203,45.778,43.031,40.437,38.606,36.164,34.486,31.281,29.756,28.382,28.993,28.077,29.603,29.145,31.281,30.976,33.113,34.944,37.538,40.437,44.71,47.456,50.356,52.95,54.781,54.17,54.018,50.661,48.067,44.71,45.625,46.083,45.625,44.71,46.083,47.609,49.44,50.05,51.576,51.271,53.713,54.628,58.443,60.274,64.241,66.53,71.718,75.228,78.28,79.958,81.027,82.553,85.604,89.114,92.776,94.455,96.438,96.133,97.354,97.964,98.27,98.575,98.422,99.948,102.24,103.61,103.76,102.85,102.69,100.41,99.643,96.591,95.676,93.692,93.692,94.302,96.591,97.201,98.27,99.49,102.54,103.76,104.83,103,103.31,102.08,103.46,103.31,104.98,106.2,109.56,111.55,112.92,112.31,110.93,105.29,100.56,95.218,92.929,90.793,91.098,89.419,89.114,85.757,81.637,76.449,70.803,64.699,59.816,55.238,50.661,44.557,39.216,30.366,23.194,15.87,10.834,6.8667,2.7467,-1.0681,-4.4252,-10.529,-15.717,-21.058,-23.499,-30.061,-37.385,-49.287,-60.121,-72.787,-87.741,-107.88,-127.41,-141.15,-145.57,-139.77,-132.6,-133.06,-135.96,-149.54,-168.46,-182.96,-175.02,-151.52,-112.77,-57.07,-0.30519,35.096,60.579,89.724,113.53,145.27,194.25,241.55,294.66,354.93,403,415.51,409.25,400.56,400.25,411.24,433.67,455.79,459.61,442.82,415.51,382.85,346.69,318.31,305.8,291.3,269.17,244.76,217.75,180.52,139.01,94.76,48.372,1.3733,-37.843,-62.41,-65.767,-59.816,-61.495,-86.52,-120.55,-159.15,-189.52,-212.41,-220.65,-212.41,-200.2,-189.21,-185.25,-192.11,-207.53,-226.29,-243.39,-258.49,-262.61,-250.4,-231.64,-222.02,-225.99,-240.03,-259.71,-280.62,-294.5,-301.07,-301.68,-293.44,-284.89,-285.81,-299.69,-321.97,-342.11,-360.73,-375.68,-379.65,-371.72,-364.39,-365.15,-375.23,-399.33,-437.03,-475.63,-506,-519.42,-513.47,-493.18,-474.11,-468,-482.65,-511.03,-546.59,-581.68,-615.1,-643.48,-659.35,-660.73,-653.71,-645.47,-646.23,-655.08,-668.97,-680.41,-691.24,-705.44,-720.39,-735.5,-749.53,-761.44,-764.64,-753.5,-737.02,-723.44,-718.41,-719.63,-724.36,-728.78,-731.68,-731.99,-729.85,-721.15,-708.18,-693.38,-678.27,-668.05,-661.03,-656.15,-650.65,-645.31,-641.19,-637.99,-635.85,-634.17,-635.7,-633.26,-622.12,-607.32,-589.92,-570.24,-550.71,-531.63,-514.08,-498.98,-491.04,-487.69,-488.91,-490.13,-488.3,-481.28,-471.97,-459.15,-443.59,-424.67,-405.74,-388.81,-375.99,-366.37,-361.64,-360.88,-362.71,-359.2,-350.96,-331.74,-309,-285.5,-261.09,-243.39,-233.77,-228.74,-226.6,-224.31,-220.04,-212.71,-204.63,-197.61,-196.84,-203.1,-219.58,-241.4,-260.93,-262.31,-236.98,-193.95,-140.39,-87.588,-51.424,-30.824,-24.873,-32.96,-49.135,-67.293,-86.673,-106.81,-124.21,-138.1,-146.79,-148.17,-140.69,-124.67,-103.15,-80.416,-60.579,-44.099,-36.317,-38.759,-49.135,-62.105,-69.43,-67.751,-61.037,-56.917,-61.19,-68.972,-80.874,-90.945,-101.47,-112.16,-119.79,-125.13,-127.41,-125.43,-120.7,-114.44,-107.27,-102.69,-104.07,-106.36,-110.32,-113.53,-115.05,-117.04,-116.12,-113.07,-108.04,-104.68,-103.31,-101.47,-102.08,-102.85,-103.61,-102.08,-100.25,-97.354,-95.37,-95.523,-97.659,-98.117,-94.455,-89.419,-85.604,-82.553,-81.637,-77.517,-72.329,-66.53,-62.41,-57.375,-54.018,-51.576,-48.372,-45.473,-42.573,-38.606,-35.401,-30.519,-24.72,-13.276,-2.4415,8.5452,18.464,28.993,38.759,46.541,52.492,57.375,61.647,65.462,67.904,72.634,74.923,79.653,83.316,88.198,92.929,99.796,107.27,115.05,122.99,130.16,137.33,142.67,147.71,153.66,158.85,164.19,168.16,174.72,179.6,185.09,190.44,195.62,201.42,208.29,215.77,222.02,227.36,233.92,239.27,246.13,252.54,260.48,266.58,274.06,280.92,288.86,295.72,302.9,308.69,313.88,319.07,325.48,330.67,337.23,342.27,348.22,351.73,357.37,361.03,364.7,367.6,371.41,374.61,377.82,379.96,382.4,382.24,384.84,386.67,390.79,393.69,397.81,400.86,405.44,409.25,412.31,415.81,421.16,426.19,431.23,435.65,440.38,441.45,443.43,442.98,444.35,444.81,448.32,451.22,453.05,452.89,452.89,451.52,451.37,449.69,449.23,447.1,447.71,446.94,447.1,444.04,440.23,435.19,432.14,429.55,428.33,428.02,428.63,428.02,426.04,423.14,422.68,421.46,421.77,421.61,421.92,420.7,420.85,421,420.09,419.17,419.02,420.24,421.61,421.16,422.22,421.61,422.38,419.02,417.65,415.2,414.59,413.37,412.61,411.54,412.61,412,410.63,407.42,406.35,403.91,403.15,400.4,399.79,397.2,395.37,394.45,395.21,396.28,397.96,399.33,400.71,399.95,398.72,396.44,396.28,393.99,392.32,387.13,381.94,377.06,372.33,369.43,367.9,364.09,361.19,357.52,354.78,352.79,352.95,350.51,349.44,347.61,348.83,351.57,353.86,355.54,357.68,356.61,354.01,351.27,350.05,346.69,345.16,344.1,345.16,345.93,347.91,349.28,350.81,349.59,349.28,347.61,344.25,341.04,339.67,337.08,336.01,334.94,335.09,333.11,332.65,332.19,328.99,323.19,316.32,308.39,301.07,294.96,292.83,292.98,295.42,294.2,293.59,292.52,292.37,289.77,286.87,284.43,285.35,286.57,285.2,282.14,280.47,276.5,274.82,270.39,267.49,263.22,258.19,254.52,250.4,242.93,235.6,227.21,221.26,216.07,211.8,205.24,199.13,191.2,186.47,180.82,177.01,173.5,169.99,164.95,160.22,154.73,150.3,145.12,139.32,133.67,132.15,130.47,128.94,127.72,129.25,129.7,130.31,131.53,134.74,136.27,135.2,134.28,134.28,133.82,138.4,142.37,146.95,149.39,153.81,157.32,161.14,164.95,166.78,167.09,168.16,169.38,171.67,173.5,178.38,181.13,182.2,181.89,182.04,181.59,181.43,180.97,180.36,179.6,179.45,176.09,170.9,164.19,160.22,156.41,156.1,153.66,149.39,142.98,138.1,135.5,133.98,133.06,132.15,130.92,130.62,126.8,123.45,118.87,116.89,112.92,110.63,109.71,109.1,108.34,107.27,105.75,105.29,104.07,102.24,97.201,92.318,84.078,78.585,73.397,68.667,64.547,61.342,58.138,53.407,48.372,43.336,37.996,33.265,26.246,23.499,19.532,18.006,15.87,15.259,13.886,11.597,6.5615,2.5941,-3.0519,-10.834,-18.311,-21.058,-25.483,-26.246,-27.314,-26.551,-26.704,-27.009,-28.535,-29.45,-31.434,-31.587,-32.807,-32.96,-33.113,-31.587,-32.655,-31.281,-31.129,-29.908,-30.976,-32.044,-34.486,-37.538,-41.047,-45.32,-49.898,-53.865,-57.07,-60.274,-66.378,-70.498,-77.059,-80.569,-84.231,-86.367,-89.114,-90.487,-92.776,-95.065,-96.591,-97.964,-101.17,-106.05,-111.85,-116.58,-121.92,-124.97,-126.96,-126.65,-128.64,-130.92,-134.89,-137.49,-139.32,-140.39,-142.06,-142.52,-143.59,-142.22,-141.61,-140.23,-139.01,-135.2,-133.67,-131.53,-133.06,-132.76,-135.35,-138.1,-137.64,-137.64,-139.62,-141.76,-144.05,-145.73,-150.15,-152.13,-157.78,-159.46,-160.99,-159.61,-160.07,-163.88,-168.92,-173.04,-180.52,-186.16,-191.2,-195.47,-199.44,-199.74,-198.98,-193.95,-186.16,-175.18,-164.8,-157.02,-153.05,-150,-148.63,-146.03,-143.28,-141.15,-140.69,-138.4,-139.01,-140.69,-145.12,-147.86,-150.3,-150.76,-150.3,-149.08,-149.54,-151.52,-155.34,-160.37,-164.04,-166.78,-173.65,-178.99,-183.11,-183.26,-183.11,-181.28,-178.84,-175.33,-172.73,-172.58,-175.94,-179.91,-186.16,-193.49,-199.59,-203.56,-208.9,-212.1,-214.39,-212.41,-207.07,-201.42,-197.61,-195.17,-193.33,-191.96,-191.05,-189.37,-189.06,-188.91,-191.05,-192.88,-195.78,-196.54,-198.07,-199.74,-200.96,-201.73,-205.54,-210.27,-212.41,-210.88,-207.07,-202.34,-197.45,-192.11,-190.44,-191.2,-195.93,-199.59,-205.39,-212.41,-217.14,-218.97,-217.44,-213.63,-209.51,-206,-206,-207.07,-210.58,-211.8,-212.26,-211.95,-211.34,-210.88,-210.73,-210.27,-209.2,-207.68,-206.61,-206,-204.32,-203.1,-202.8,-199.74,-197,-194.1,-193.33,-191.81,-188.6,-185.09,-182.96,-182.5,-183.57,-181.59,-176.4,-169.23,-163.73,-155.8,-149.24,-142.22,-136.88,-130.92,-124.82,-119.17,-112.61,-105.44,-97.659,-90.182,-84.689,-80.264,-75.533,-69.43,-64.699,-56.612,-49.135,-39.369,-32.96,-27.314,-23.804,-21.21,-17.701,-14.954,-14.649,-15.564,-16.48,-14.954,-15.259,-13.733,-13.123,-9.9185,-6.5615,-2.8993,-0.15259,2.5941,5.7985,9.9185,13.428,16.48,17.701,21.363,24.11,28.687,31.892,37.538,43.641,50.813,55.849,59.816,61.495,63.784,66.836,70.498,71.871,73.244,73.397,76.449,78.89,80.721,81.179,82.095,79.501,76.449,74.16,72.787,72.024,73.244,74.16,74.007,72.939,75.838,77.059,78.585,78.433,80.569,79.958,79.806,79.653,79.653,79.196,78.738,79.196,80.416,80.416,82.095,83.01,87.893,91.861,98.88,103.15,107.58,112,116.89,120.4,124.52,127.26,130.47,133.52,139.01,142.98,147.71,147.86,148.93,148.93,150.3,149.85,152.59,154.12,154.88,155.19,153.51,151.83,150.61,150.61,150.46,148.63,146.03,143.89,143.28,141.3,139.32,136.88,135.81,135.35,135.2,135.04,135.96,136.88,136.57,136.11,136.11,134.13,132.45,128.03,124.36,119.33,115.82,112.92,112.61,113.53,113.07,110.93,109.56,106.66,102.54,97.049,92.471,85.299,80.569,75.838,74.313,72.329,68.209,63.173,58.443,54.17,51.881,50.203,49.287,47.456,43.031,38.301,36.164,33.265,33.418,32.502,32.807,32.197,31.281,29.45,26.856,25.33,25.025,25.025,25.33,26.093,28.84,29.45,29.298,28.077,27.619,25.33,22.431,18.464,15.107,14.191,13.581,11.139,9.003,7.9348,7.3244,6.4089,7.3244,7.1718,7.477,4.7304,2.5941,-0.91556,-3.9674,-8.3926,-11.75,-14.801,-15.564,-17.396,-20.142,-23.957,-25.941,-29.145,-28.84,-29.298,-27.772,-28.23,-26.704,-25.636,-22.584,-21.21,-17.396,-14.649,-13.276,-13.123,-11.597,-12.665,-10.834,-9.1556,-5.9511,-8.0874,-12.055,-17.701,-22.736,-28.077,-32.655,-34.486,-36.47,-37.538,-37.538,-38.911,-39.369,-39.216,-38.301,-41.505,-45.32,-48.83,-49.287,-47.151,-43.947,-41.505,-40.742,-41.505,-41.658,-43.031,-43.641,-43.489,-40.895,-40.895,-41.047,-40.284,-39.216,-39.064,-38.606,-37.233,-37.538,-37.538,-35.249,-33.113,-29.298,-26.856,-23.499,-20.905,-15.259,-10.529,-7.1718,-5.0356,-3.357,-2.1363,-1.3733,-0.76296,1.6785,4.12,9.4607,14.039,17.853,21.21,25.788,29.298,32.502,35.707,37.996,37.996,37.996,36.317,36.927,35.707,35.249,30.976,27.619,23.194,20.295,16.633,14.191,12.818,12.055,11.139,11.902,11.75,15.259,18.921,24.415,27.924,32.807,35.554,37.233,37.385,37.385,38.148,39.827,43.336,47.304,48.067,49.287,50.203,53.407,54.018,54.933,54.933,54.323,53.56,52.644,49.593,46.236,42.573,39.521,34.181,30.976,27.467,26.399,24.415,20.905,17.548,16.327,12.97,10.224,6.7141,4.4252,1.2207,-0,-4.4252,-6.5615,-10.224,-11.902,-13.276,-14.039,-16.327,-16.633,-16.785,-15.107,-14.496,-13.581,-15.412,-14.191,-13.733,-10.834,-9.6133,-8.3926,-8.3926,-8.8504,-9.9185,-10.987,-11.75,-13.276,-15.412,-14.344,-14.649,-13.428,-12.97,-12.97,-13.428,-13.123,-14.039,-16.022,-17.548,-18.464,-17.853,-17.853,-19.99,-21.668,-24.11,-25.483,-28.382,-29.908,-32.197,-34.791,-37.996,-38.148,-38.453,-38.759,-40.742,-40.895,-41.2,-38.301,-34.333,-27.467,-22.126,-15.717,-10.834,-5.3407,-3.8148,-2.7467,-1.8311,0.91556,2.5941,4.12,4.5778,4.4252,5.0356,7.3244,9.3081,13.123,14.954,18.311,19.532,19.99,17.853,18.159,19.837,20.295,21.821,23.804,25.636,27.467,30.366,35.249,38.911,40.437,40.132,40.895,40.895,41.81,40.895,41.047,41.658,43.184,44.557,43.794,39.827,37.08,34.486,33.57,30.366,29.298,28.23,27.619,27.009,26.551,22.736,17.396,8.24,-2.5941,-12.207,-22.431,-31.739,-37.233,-42.726,-42.879,-43.794,-44.404,-48.219,-50.813,-53.255,-52.492,-51.881,-50.813,-52.187,-53.102,-54.628,-51.881,-47.914,-42.116,-37.843,-30.671,-26.399,-17.09,-8.6978,1.0681,6.7141,12.513,17.853,24.72,31.892,36.927,40.59,41.963,42.726,45.93,48.982,50.508,51.424,53.56,54.933,56.764,54.17,52.95,51.576,50.05,49.593,51.271,53.713,56.612,57.222,56.307,53.102,48.982,44.71,43.794,44.404,47.151,47.914,52.492,55.391,58.443,59.206,57.375,55.238,52.034,48.524,50.508,51.118,52.034,48.982,47.609,45.015,44.404,43.641,41.963,38.453,36.47,36.317,37.996,38.911,41.505,42.116,42.879,41.81,43.184,41.658,38.148,32.96,30.519,29.145,28.382,28.23,29.298,29.603,32.044,30.366,26.093,17.09,10.987,3.2044,-1.9837,-6.5615,-10.529,-14.039,-14.344,-14.801,-11.902,-11.75,-11.292,-12.818,-10.834,-11.444,-12.207,-12.97,-12.665,-11.75,-9.7659,-7.1718,-1.6785,1.8311,4.7304,8.0874,11.597,13.733,17.243,19.99,23.194,23.194,22.736,22.126,22.584,22.584,20.447,19.684,20.295,19.684,21.21,20.447,22.126,21.821,21.668,19.074,17.09,13.581,12.97,12.97,13.123,11.902,8.8504,3.0519,-1.0681,-7.3244,-12.055,-19.379,-24.72,-29.603,-31.587,-31.892,-30.976,-30.824,-30.519,-30.213,-29.145,-30.366,-31.739,-34.028,-34.791,-37.233,-35.096,-34.791,-33.113,-32.35,-30.519,-28.535,-26.551,-27.009,-27.161,-27.619,-26.856,-26.704,-24.415,-21.668,-19.074,-18.006,-15.259,-13.428,-12.665,-14.191,-15.107,-17.396,-20.753,-26.399,-30.824,-35.859,-38.453,-41.047,-41.658,-43.641,-45.015,-45.625,-45.32,-45.778,-44.71,-45.93,-45.167,-46.083,-41.81,-36.012,-28.535,-19.99,-11.444,-3.8148,4.12,9.9185,15.107,17.396,18.769,18.921,19.99,19.684,21.363,23.347,25.483,27.467,25.483,21.516,21.668,19.684,18.769,16.327,18.311,18.464,19.532,22.431,23.347,21.668,20.905,19.227,20.6,23.194,25.788,25.483,24.415,21.21,20.753,19.99,19.99,17.701,15.107,13.276,13.123,12.818,13.886,12.513,12.97,13.123,15.107,16.48,20.295,23.194,25.636,27.009,30.366,32.807,34.791,34.028,33.57,30.671,28.993,26.093,23.957,20.295,19.684,20.142,21.21,22.431,24.262,24.262,24.11,20.905,18.464,14.191,10.529,5.3407,3.9674,0.15259,-3.8148,-9.1556,-13.276,-17.396,-19.837,-23.957,-25.636,-27.009,-25.788,-26.856,-25.33,-24.262,-23.041,-25.483,-27.924,-29.908,-31.892,-33.876,-34.944,-36.317,-37.538,-39.064,-38.759,-38.606,-35.554,-36.012,-36.317,-39.827,-44.099,-47.761,-49.898,-49.745,-46.693,-42.726,-38.453,-36.012,-33.723,-33.723,-34.486,-36.012,-32.807,-31.281,-30.213,-30.519,-31.434,-32.502,-29.145,-23.652,-18.616,-14.039,-9.4607,-6.4089,-1.5259,1.9837,6.5615,8.6978,10.834,10.681,12.513,14.191,17.548,19.379,21.973,24.567,28.077,30.519,32.96,32.197,33.57,32.655,32.197,29.603,27.924,24.567,21.058,16.022,12.513,9.7659,7.7822,6.7141,6.2563,3.6622,-0,-5.4933,-7.477,-8.5452,-5.6459,-0.61037,3.6622,8.5452,13.123,14.344,14.649,13.733,12.36,11.75,14.344,16.785,21.21,25.178,28.535,26.246,22.736,20.447,17.243,14.039,11.75,12.207,14.954,16.022,15.259,12.513,9.4607,4.12,0.61037,-0.76296,0.45778,0.76296,-0,-0.45778,-0.91556,-0.91556,-1.2207,-1.6785,-2.1363,-2.7467,-1.6785,-1.6785,-2.2889,-4.12,-4.2726,-5.4933,-4.7304,-2.7467,-1.8311,-2.2889,-3.357,-2.5941,-0.15259,3.357,5.7985,6.7141,7.7822,7.9348,10.834,13.123,16.938,21.668,26.246,29.756,34.333,38.301,42.116,44.404,46.846,48.982,53.102,55.086,59.969,63.326,67.751,70.04,73.55,77.212,81.332,83.926,86.062,88.046,90.945,93.081,94.913,94.15,93.234,92.166,94.607,94.913,95.828,93.692,91.556,88.351,87.588,88.046,89.572,89.419,89.877,89.877,90.793,91.861,95.37,97.507,101.78,103.15,105.44,104.68,104.22,103.46,104.53,103.31,103.31,101.93,100.86,99.49,98.27,96.896,96.286,94.913,91.861,87.893,85.299,82.858,80.264,77.975,76.601,75.686,77.059,76.601,75.991,75.686,76.754,75.381,74.16,72.329,70.956,69.277,68.667,67.598,67.141,64.394,61.8,57.375,56.612,56.612,57.833,57.222,56.001,52.95,49.44,46.541,42.879,40.284,38.911,36.47,34.028,31.587,30.824,27.467,25.941,23.194,21.516,19.99,18.311,16.327,15.259,14.649,15.412,14.496,14.496,12.97,11.902,11.75,12.207,11.597,11.902,11.597,12.818,13.428,12.818,12.36,11.75,8.8504,7.0193,1.8311,-1.2207,-6.7141,-9.4607,-11.902,-13.276,-13.123,-11.902,-10.376,-8.0874,-6.7141,-5.4933,-6.4089,-5.3407,-5.6459,-3.5096,-2.8993,-0.15259,1.5259,5.7985,9.7659,14.344,18.464,21.516,24.873,27.619,29.756,33.723,36.012,39.979,42.116,43.184,42.268,44.099,44.557,46.236,47.456,49.135,49.135,47.304,43.184,40.437,35.859,34.333,33.57,35.096,33.723,35.707,38.911,42.268,43.794,44.862,45.015,45.167,45.778,48.524,50.356,54.17,56.459,60.121,61.8,65.157,66.836,67.446,67.598,68.667,68.819,68.209,67.904,68.209,66.378,66.073,62.716,61.037,58.29,57.375,56.459,54.781,51.271,46.236,40.742,34.486,28.535,25.941,23.347,22.279,21.363,22.126,19.99,18.159,14.954,12.207,9.7659,6.5615,1.9837,-1.6785,-5.7985,-7.9348,-11.139,-12.97,-17.853,-21.516,-24.415,-25.178,-25.025,-25.178,-26.399,-28.382,-32.502,-34.791,-39.979,-43.794,-49.135,-53.102,-58.748,-63.173,-66.53,-68.819,-72.481,-75.991,-79.501,-82.095,-85.604,-86.215,-87.588,-86.978,-87.893,-86.825,-86.52,-85.604,-85.147,-86.367,-88.351,-89.572,-90.335,-89.419,-89.724,-87.283,-87.283,-89.267,-92.471,-93.234,-92.166,-92.013,-91.861,-92.166,-92.929,-92.013,-92.013,-90.335,-91.861,-92.776,-96.438,-98.117,-98.727,-98.422,-97.201,-94.913,-95.828,-94.455,-94.455,-91.708,-89.724,-85.299,-82.095,-79.501,-76.601,-74.16,-73.55,-70.956,-69.582,-67.141,-65.615,-63.784,-64.852,-65.157,-68.361,-69.43,-71.566,-72.329,-73.55,-74.618,-78.127,-81.332,-84.994,-86.062,-87.741,-87.283,-89.419,-88.961,-86.825,-86.978,-88.809,-89.114,-90.335,-88.809,-88.351,-86.367,-87.741,-86.978,-86.367,-85.757,-85.147,-81.484,-77.059,-72.176,-65.004,-57.527,-50.966,-46.541,-45.015,-43.794,-45.93,-46.388,-47.761,-46.693,-47.761,-49.593,-52.644,-57.68,-62.41,-66.378,-70.956,-75.228,-79.958,-82.247,-85.604,-86.978,-90.03,-90.03,-90.793,-90.335,-89.267,-88.809,-89.114,-86.367,-82.247,-80.721,-83.926,-85.452,-89.572,-92.624,-97.201,-97.964,-98.575,-98.575,-99.338,-101.17,-104.98,-109.56,-113.83,-116.28,-119.33,-121.46,-122.99,-122.84,-124.36,-124.52,-126.65,-126.35,-123.14,-120.24,-118.72,-117.19,-114.6,-112.16,-110.32,-107.12,-104.37,-99.185,-94.76,-89.419,-88.198,-88.351,-89.724,-91.556,-92.776,-93.692,-92.776,-91.25,-90.945,-90.487,-90.487,-88.961,-88.656,-85.757,-82.858,-78.738,-77.517,-79.196,-82.705,-86.062,-88.809,-88.961,-90.335,-88.961,-86.52,-81.332,-76.754,-69.582,-64.852,-64.852,-68.056,-68.514,-68.819,-67.446,-66.378,-63.326,-63.631,-61.8,-61.037,-59.664,-62.41,-64.394,-64.852,-63.326,-61.953,-59.358,-56.307,-52.492,-49.898,-45.625,-43.947,-39.979,-37.538,-34.181,-31.434,-30.671,-31.281,-32.35,-35.096,-39.521,-45.93,-50.813,-55.696,-59.511,-66.073,-71.566,-79.653,-83.926,-88.961,-89.572,-89.572,-88.656,-88.198,-88.504,-90.03,-93.844,-97.201,-97.812,-99.796,-99.49,-100.56,-101.02,-102.54,-102.08,-101.93,-102.85,-103.61,-101.78,-96.896,-89.877,-83.621,-75.076,-69.124,-64.852,-61.647,-55.391,-50.356,-43.794,-36.47,-29.756,-24.72,-19.379,-14.191,-9.1556,-5.4933,-0.76296,1.9837,7.0193,10.529,15.259,18.006,21.668,23.957,25.483,23.804,22.889,21.821,22.126,21.821,22.889,23.194,27.619,29.756,31.739,32.502,34.181,34.791,33.113,30.061,27.924,24.415,22.431,19.074,17.09,13.733,11.292,6.5615,2.8993,-1.5259,-4.2726,-7.6296,-10.071,-13.733,-16.938,-21.363,-23.194,-26.704,-26.856,-28.687,-27.924,-30.366,-32.044,-35.707,-38.301,-41.353,-43.184,-45.778,-48.219,-51.576,-53.407,-57.07,-58.443,-61.342,-63.478,-67.446,-69.43,-72.481,-75.838,-79.501,-82.858,-85.604,-86.978,-88.961,-90.64,-93.234,-93.692,-97.354,-99.643,-101.93,-101.47,-101.63,-103.76,-105.44,-106.2,-106.05,-106.05,-107.58,-107.73,-109.26,-110.02,-112.77,-113.99,-115.21,-115.36,-116.58,-117.8,-120.09,-122.23,-122.84,-122.99,-122.23,-121.16,-119.63,-115.97,-113.38,-108.95,-106.81,-102.08,-99.185,-95.676,-92.013,-88.809,-86.062,-82.553,-80.111,-77.67,-76.754,-75.076,-74.007,-70.345,-67.598,-62.868,-60.884,-58.443,-57.833,-57.68,-57.985,-57.222,-56.917,-56.307,-55.238,-53.56,-52.492,-49.593,-49.44,-49.898,-52.187,-52.95,-54.933,-55.849,-59.206,-62.716,-65.615,-66.53,-68.361,-70.65,-75.076,-77.822,-83.163,-87.436,-92.166,-94.607,-97.659,-98.117,-98.117,-99.338,-98.88,-99.338,-99.185,-98.422,-97.964,-93.844,-90.182,-85.604,-83.926,-77.975,-73.244,-67.751,-64.241,-59.664,-54.323,-47.761,-42.726,-37.385,-32.807,-26.246,-22.126,-16.48,-13.733,-8.0874,-2.7467,4.7304,10.376,16.785,22.736,28.382,32.502,37.843,42.726,47.914,51.118,56.001,58.748,63.021,65.157,68.056,70.803,73.397,76.754,80.111,85.147,91.556,97.201,103.76,110.93,118.11,122.53,128.33,132.3,137.18,139.77,143.74,147.25,151.68,156.71,163.12,168.77,175.18,180.52,186.01,188.6,192.57,194.86,197.15,197.61,199.59,201.57,203.25,203.41,202.49,200.2,197.76,195.17,193.95,191.5,191.2,188.45,187.99,187.54,188.15,187.69,185.71,182.35,179.3,174.57,171.67,167.39,166.33,162.36,158.7,153.05,148.47,143.59,141.61,140.23,139.32,136.72,133.67,132.15,133.67,135.5,139.62,140.84,142.83,144.51,150.15,152.29,155.03,155.19,154.73,152.9,153.66,156.25,156.87,154.58,153.51,151.68,149.54,144.2,139.47,131.84,124.52,116.28,107.88,101.02,93.997,88.198,84.078,78.127,70.65,60.884,54.17,47.151,42.573,36.012,32.655,26.856,23.194,21.973,21.973,20.295,19.227,17.396,18.006,20.447,25.025,27.619,33.57,38.606,45.625,50.356,53.56,56.459,61.19,68.361,76.296,84.231,92.318,98.88,105.44,108.19,112.31,115.51,119.48,121.77,125.13,126.19,123.75,121.46,120.4,119.02,118.26,117.65,118.26,116.43,115.67,111.09,106.51,102.69,100.56,98.117,95.828,94.302,92.013,88.504,86.52,83.316,82.095,77.67,72.176,65.767,57.833,48.982,44.099,41.047,37.996,35.707,36.47,36.012,34.791,28.382,22.431,13.581,7.477,1.3733,-4.12,-9.1556,-11.75,-14.039,-12.97,-9.7659,-5.1881,-8.0874,-12.207,-19.379,-24.72,-30.824,-34.028,-37.843,-43.184,-45.93,-50.203,-56.459,-62.41,-69.735,-76.907,-85.299,-92.013,-100.71,-106.2,-111.7,-116.58,-122.38,-126.19,-132.45,-136.88,-140.69,-142.52,-148.32,-153.2,-159.76,-164.34,-172.89,-180.52,-191.2,-200.66,-210.58,-214.85,-216.83,-218.67,-221.72,-226.75,-233.31,-239.42,-247.81,-254.52,-264.9,-274.67,-283.82,-290.08,-296.03,-300.15,-302.29,-304.73,-306.71,-307.32,-308.24,-308.08,-311.29,-312.05,-313.73,-312.05,-310.83,-312.97,-315.41,-316.48,-317.39,-319.53,-323.5,-325.94,-328.23,-328.07,-329.75,-331.58,-334.64,-336.62,-336.77,-335.55,-334.18,-332.96,-331.13,-328.84,-331.74,-332.19,-334.48,-333.41,-332.35,-331.28,-330.21,-328.07,-325.94,-323.5,-322.43,-320.9,-320.6,-318.46,-318.46,-315.87,-312.05,-308.39,-305.19,-300.3,-297.56,-294.66,-292.83,-291.45,-290.84,-286.87,-283.52,-280.01,-277.26,-273.75,-269.94,-265.97,-261.09,-254.83,-249.64,-243.84,-237.74,-230.72,-225.23,-217.44,-209.81,-201.57,-193.03,-184.33,-177.62,-169.99,-163.27,-153.51,-145.42,-134.74,-126.04,-117.5,-110.63,-103.31,-95.37,-86.52,-78.89,-70.04,-63.936,-57.985,-55.544,-50.661,-44.862,-38.606,-32.655,-25.483,-20.753,-15.564,-13.581,-10.224,-8.3926,-3.9674,-1.5259,1.3733,2.7467,5.7985,8.0874,12.97,16.938,22.736,27.467,33.418,37.385,45.93,54.018,62.563,70.04,77.364,83.316,89.724,93.539,97.507,100.41,104.22,105.29,106.2,104.68,103.61,102.08,103,104.53,109.56,116.12,120.7,123.91,127.57,129.25,130.62,131.38,133.98,136.57,139.16,141.45,143.89,146.34,146.95,145.88,146.79,147.4,148.78,150,153.81,156.1,158.24,157.78,157.78,157.32,157.02,158.39,160.37,162.66,164.95,164.95,164.34,160.22,157.17,153.36,153.66,152.29,151.52,148.47,145.12,141.91,139.16,136.11,133.06,129.86,128.94,126.04,126.5,125.89,125.58,123.45,121.62,120.09,117.04,113.22,107.43,101.02,97.659,95.676,96.438,97.201,99.033,99.796,100.56,97.812,94.15,91.708,91.708,89.724,88.046,86.825,86.062,85.91,87.588,87.436,86.52,85.299,84.994,82.858,81.637,79.348,75.838,74.923,76.907,81.332,85.91,88.656,92.166,90.335,89.267,85.299,82.4,78.433,76.601,75.228,75.533,75.838,79.043,82.553,86.215,88.351,90.335,90.793,93.844,95.218,96.744,96.133,95.37,93.844,90.64,87.283,86.215,85.91,88.656,90.487,92.013,90.945,91.861,92.318,94.455,93.692,92.013,88.809,87.283,86.062,85.91,85.604,86.978,86.978,86.367,84.231,84.384,83.01,81.484,78.127,77.059,76.144,76.296,76.601,77.67,79.043,78.433,76.601,77.975,80.416,85.604,89.419,93.844,95.37,99.643,105.14,110.93,115.21,117.8,119.17,119.63,118.41,117.34,114.29,112.92,110.02,108.34,106.51,104.07,100.71,98.27,95.065,91.861,86.673,82.4,79.958,78.738,76.449,75.076,72.176,68.972,65.462,64.241,60.884,56.764,51.881,48.372,46.236,46.846,46.693,47.914,51.881,58.596,62.563,68.514,72.634,79.043,85.147,94.455,103.31,111.55,117.5,123.14,126.04,129.55,131.99,136.72,142.06,149.39,153.97,159.92,163.27,169.53,175.18,179.6,183.42,185.4,186.01,187.84,190.13,192.11,193.03,193.79,192.27,191.05,188.45,187.69,186.77,186.93,186.93,185.55,184.33,186.32,187.69,187.08,185.25,184.48,179.3,174.41,169.07,165.41,159.76,151.83,142.83,133.37,124.97,117.95,112.61,107.73,101.78,97.354,93.387,88.961,82.4,76.907,72.481,67.446,58.748,51.881,44.71,37.233,31.129,26.856,21.668,19.227,16.633,15.87,12.97,10.376,5.7985,0.76296,-4.5778,-7.1718,-10.224,-13.123,-18.464,-23.194,-29.756,-33.113,-37.08,-38.606,-41.353,-43.184,-45.625,-48.524,-52.492,-58.138,-65.615,-72.939,-79.196,-82.705,-85.604,-87.893,-92.013,-93.844,-97.049,-99.948,-104.98,-110.78,-115.82,-117.19,-118.11,-116.28,-114.75,-111.85,-110.78,-106.66,-104.98,-100.1,-98.117,-95.523,-95.065,-91.861,-90.182,-89.419,-92.013,-93.997,-96.133,-96.133,-96.744,-93.692,-92.471,-89.267,-88.351,-86.673,-87.588,-86.52,-85.91,-84.536,-83.163,-81.027,-80.721,-79.348,-78.433,-74.618,-73.55,-69.887,-66.53,-60.121,-55.544,-50.203,-47.609,-45.015,-42.116,-39.674,-39.064,-35.401,-32.655,-29.298,-27.009,-21.058,-17.243,-13.276,-10.681,-7.0193,-3.2044,2.5941,5.9511,8.0874,11.902,15.87,20.6,26.246,30.824,33.876,35.554,37.843,39.369,43.947,48.372,54.17,57.68,60.732,62.258,64.547,65.157,66.225,67.141,70.193,72.787,78.585,83.773,90.335,94.302,99.948,104.22,108.34,112.16,116.89,118.87,119.17,116.43,113.22,106.81,102.08,97.507,95.37,90.487,86.673,84.231,84.231,83.163,82.553,81.637,81.179,81.332,84.231,87.588,94.913,102.39,111.55,119.17,125.28,129.55,134.59,137.94,140.69,141.76,142.83,142.37,142.22,139.16,138.4,136.88,135.96,135.5,134.59,133.21,128.64,122.68,116.73,109.87,104.07,98.27,92.929,87.13,82.553,78.585,78.738,77.364,75.533,73.55,72.787,72.939,75.228,74.16,71.108,65.31,63.784,63.784,65.157,63.631,60.274,56.307,54.17,52.187,50.661,50.05,51.729,52.339,52.492,51.271,49.593,47.304,46.236,43.336,41.505,38.148,34.639,31.587,28.077,24.11,21.21,20.905,24.873,27.772,31.587,32.96,36.164,41.2,46.541,52.034,57.985,61.647,61.19,59.511,59.816,59.816,60.732,61.19,63.478,65.004,65.767,65.462,64.089,61.953,59.358,54.933,49.898,42.726,35.096,24.72,18.311,11.902,7.9348,3.0519,-1.8311,-7.3244,-13.276,-21.363,-27.314,-31.129,-32.807,-35.859,-36.164,-37.385,-39.369,-42.421,-44.252,-49.135,-54.476,-60.274,-64.394,-68.514,-73.855,-79.806,-82.247,-84.689,-86.367,-90.487,-93.387,-96.896,-97.049,-97.201,-97.507,-99.796,-104.22,-110.32,-114.6,-117.5,-119.17,-121.31,-119.17,-118.26,-116.73,-117.04,-117.04,-120.55,-123.6,-126.19,-126.04,-125.89,-125.13,-126.96,-126.19,-126.8,-127.11,-128.33,-129.86,-130.47,-130.31,-128.94,-127.11,-124.06,-120.4,-120.7,-120.24,-120.55,-120.24,-121.01,-121.31,-122.07,-121.31,-118.72,-117.5,-115.36,-111.09,-104.37,-95.981,-89.877,-84.384,-82.095,-81.179,-82.247,-80.874,-80.111,-77.67,-75.228,-71.718,-66.683,-61.8,-55.544,-46.236,-39.674,-34.333,-32.655,-32.35,-33.265,-31.892,-29.756,-27.467,-24.72,-23.041,-20.295,-16.938,-12.665,-7.7822,-3.2044,1.9837,4.12,6.5615,7.3244,9.003,11.597,14.496,17.548,21.973,26.246,31.892,37.843,43.489,48.372,54.018,56.154,56.307,54.781,54.17,49.135,44.404,39.521,34.333,27.924,23.804,20.142,17.548,11.75,7.7822,1.3733,-1.9837,-3.9674,-4.7304,-6.8667,-4.2726,-1.5259,-1.2207,-1.9837,-2.2889,-3.0519,-3.2044,-2.5941,1.2207,6.8667,13.581,16.022,18.159,19.227,20.6,19.532,18.921,19.684,20.6,19.532,20.142,19.684,20.905,20.753,21.821,21.21,21.21,18.921,17.243,15.87,16.175,17.243,16.022,10.987,9.1556,5.3407,2.1363,-1.8311,-3.357,-4.12,-5.3407,-7.0193,-6.5615,-4.5778,-1.6785,-1.0681,0.76296,1.0681,3.0519,1.8311,3.0519,2.8993,4.7304,3.9674,3.2044,2.5941,2.5941,2.4415,3.6622,3.357,7.9348,10.071,12.97,11.597,9.1556,4.12,0.61037,-2.4415,-2.8993,-1.9837,-1.6785,-2.5941,-3.2044,-4.12,-3.2044,-3.8148,-3.0519,-4.5778,-4.7304,-5.3407,-5.3407,-5.9511,-7.0193,-7.9348,-7.3244,-6.8667,-6.7141,-7.9348,-9.6133,-13.123,-14.649,-18.006,-21.058,-25.025,-24.72,-23.194,-21.21,-20.142,-21.516,-22.736,-23.957,-25.636,-28.84,-31.587,-32.655,-35.401,-37.08,-38.606,-36.317,-32.807,-26.704,-22.889,-21.973,-22.126,-23.804,-26.551,-29.603,-32.96,-33.113,-34.028,-32.807,-32.197,-31.434,-31.739,-29.603,-26.399,-23.804,-22.584,-20.753,-17.853,-14.954,-12.665,-11.444,-13.276,-14.649,-17.396,-18.006,-18.311,-17.09,-19.684,-21.21,-22.431,-22.431,-24.415,-25.483,-26.704,-24.11,-20.753,-15.87,-13.276,-9.3081,-6.4089,-4.12,-3.357,-2.4415,-1.8311,-1.3733,-0.61037,0.45778,0.61037,2.2889,3.5096,5.3407,6.7141,11.444,13.733,15.259,15.564,16.785,18.311,20.142,20.142,21.668,22.736,25.788,25.33,26.551,27.314,30.061,30.519,31.434,33.723,36.927,40.742,43.794,45.167,46.236,46.693,48.067,47.456,48.372,47.609,49.745,50.356,51.118,51.729,53.255,54.933,57.222,59.664,62.563,64.852,68.056,69.124,71.413,72.481,74.618,75.381,77.517,79.653,82.247,84.689,88.504,90.64,93.844,93.997,96.133,96.896,100.86,103.46,108.34,114.6,120.24,124.21,127.26,129.86,132.45,134.28,135.96,135.2,137.49,140.84,146.03,148.63,151.07,153.51,152.9,151.83,151.22,151.68,153.81,155.8,159.61,160.83,161.75,161.29,161.75,160.83,158.54,155.64,153.36,151.98,149.85,147.1,144.2,141,137.18,133.21,130.77,125.43,121.16,115.21,110.48,105.14,99.185,93.844,90.03,86.52,84.078,81.027,77.822,72.787,69.735,65.767,64.241,62.716,63.631,65.004,66.988,68.667,67.598,65.31,62.716,59.816,57.222,54.018,52.187,49.287,48.372,46.846,48.067,48.524,48.372,48.524,50.508,51.881,51.576,52.492,55.238,56.764,57.833,56.612,59.206,63.326,67.904,71.413,75.076,77.364,78.433,78.28,77.67,76.907,75.686,72.329,72.634,73.092,76.754,79.348,80.874,81.942,79.348,75.991,70.803,62.41,56.917,50.813,46.083,39.216,35.554,32.35,30.366,25.788,22.889,22.126,23.652,26.399,28.077,27.924,27.467,27.161,30.061,32.197,33.723,32.502,31.587,28.84,26.399,24.567,24.11,22.889,19.227,13.428,9.003,5.7985,4.4252,1.3733,3.2044,6.8667,10.376,9.1556,7.9348,7.7822,8.6978,6.5615,2.2889,-3.9674,-9.6133,-14.649,-17.243,-19.227,-17.396,-16.633,-16.633,-21.668,-28.382,-39.064,-46.388,-52.644,-56.001,-61.19,-67.446,-75.076,-83.01,-92.318,-102.69,-112.16,-119.94,-127.11,-130.77,-136.57,-141.91,-147.71,-151.98,-158.39,-159,-155.03,-148.47,-144.81,-142.83,-149.54,-158.09,-168.46,-171.67,-171.82,-172.28,-175.79,-177.31,-177.31,-176.85,-174.87,-168.16,-159.92,-150.46,-143.59,-137.64,-139.47,-144.05,-149.69,-155.03,-164.34,-170.29,-173.8,-175.94,-179.91,-181.43,-181.13,-180.36,-182.04,-184.18,-188.6,-191.96,-198.68,-202.8,-206.92,-209.36,-211.04,-210.88,-211.04,-210.73,-211.65,-210.58,-212.56,-214.09,-218.97,-220.5,-221.26,-220.34,-221.26,-222.48,-225.07,-227.97,-230.87,-234.38,-239.42,-242.93,-246.74,-247.96,-251.47,-252.69,-254.68,-255.9,-256.97,-258.03,-259.56,-259.87,-261.7,-262.31,-263.37,-261.7,-262.46,-263.68,-267.04,-268.26,-271.77,-274.51,-276.65,-277.41,-277.87,-278.63,-278.94,-278.63,-280.16,-280.62,-282.14,-281.23,-282.6,-282.3,-280.92,-279.4,-274.82,-271.77,-269.33,-266.73,-264.14,-260.78,-259.25,-256.36,-253.91,-250.4,-249.64,-247.05,-244.15,-240.64,-236.67,-233.01,-228.58,-224.46,-220.95,-217.75,-215.61,-213.17,-213.02,-212.41,-212.71,-211.34,-211.19,-209.51,-206.76,-203.56,-201.42,-198.68,-197.3,-195.17,-193.33,-187.99,-182.96,-177.47,-173.19,-169.23,-165.11,-159.76,-155.19,-151.68,-148.93,-146.03,-143.89,-140.54,-139.77,-138.25,-137.49,-135.35,-134.89,-131.69,-129.4,-127.11,-124.67,-121.16,-118.41,-115.51,-114.6,-110.63,-108.65,-105.29,-104.37,-103.15,-102.08,-99.643,-95.676,-91.098,-87.741,-84.689,-82.4,-79.501,-79.196,-75.838,-73.092,-68.819,-63.478,-57.68,-51.576,-45.015,-39.827,-33.113,-27.467,-19.379,-12.665,-3.9674,1.9837,9.3081,16.327,24.262,30.671,37.538,43.336,50.05,55.696,63.326,68.972,74.16,77.67,81.942,85.452,88.656,92.318,95.523,98.575,101.93,104.53,108.49,110.32,113.99,116.43,120.55,123.45,126.65,129.86,134.13,137.79,141.91,144.51,150.46,153.2,156.56,159,163.73,166.94,171.06,175.63,180.82,185.09,189.37,192.11,196.84,200.35,205.08,207.98,212.56,214.85,218.82,223.24,227.97,232.4,236.37,239.27,241.71,243.69,247.81,249.79,253.61,255.59,258.49,260.17,263.68,266.43,267.49,268.56,270.7,273.75,276.04,278.33,280.16,279.7,281.84,283.67,287.18,287.79,290.23,291.45,292.06,291.76,292.21,293.44,294.66,294.96,296.33,296.64,297.4,297.4,298.01,296.95,297.71,296.79,296.79,296.95,297.1,298.93,300.76,300.76,302.44,303.35,305.49,307.17,309.31,309.46,310.53,311.29,311.9,313.88,316.32,318.92,320.75,322.28,324.56,326.24,328.99,331.28,333.57,335.25,338.6,341.65,345.47,348.98,352.64,356,359.81,361.34,363.93,366.68,369.88,371.72,375.23,375.99,377.06,377.67,378.28,377.97,377.36,377.97,380.57,383.16,386.21,386.97,388.35,388.04,388.5,388.2,389.72,390.33,390.33,388.96,386.52,384.99,382.24,379.96,377.97,375.53,373.7,370.65,369.43,365.92,363.48,360.27,357.37,354.01,350.51,345.77,341.81,337.53,334.03,328.23,325.33,324.41,325.48,325.33,327.46,329.29,329.6,329.14,328.07,325.63,322.73,320.44,318.92,316.17,315.1,314.04,313.73,313.12,313.43,313.73,313.12,310.53,306.86,302.29,299.39,293.59,287.03,278.02,268.26,257.88,249.49,240.18,228.58,217.6,207.68,197.61,191.66,183.87,178.08,170.9,166.48,163.12,160.68,158.54,156.25,153.66,151.52,149.69,150.46,152.13,154.12,153.81,154.12,155.34,157.93,158.7,161.29,163.73,166.17,168.61,171.36,173.35,175.94,178.69,182.04,183.87,186.77,187.08,188.76,190.44,191.5,191.96,192.11,191.81,191.96,191.35,191.5,192.27,192.88,192.27,194.71,195.78,198.37,199.29,201.12,204.02,206,204.78,203.71,202.49,199.44,194.86,190.44,185.09,179.75,171.21,162.66,151.22,141.61,133.37,121.46,106.97,90.64,74.77,59.511,41.658,20.6,-3.5096,-22.431,-40.437,-57.07,-74.007,-89.419,-103.76,-119.02,-135.65,-151.98,-164.95,-175.79,-185.09,-196.39,-210.73,-223.85,-237.59,-248.57,-258.34,-266.12,-273.14,-280.16,-284.89,-289.32,-294.5,-300,-303.96,-305.19,-305.49,-303.35,-305.95,-307.32,-308.24,-309.61,-313.43,-315.1,-314.49,-311.75,-310.98,-312.51,-314.49,-316.63,-322.28,-325.79,-332.8,-338.76,-345.93,-348.37,-351.73,-354.63,-356.61,-356.61,-359.51,-364.85,-370.04,-373.39,-375.99,-376.6,-376.75,-374.92,-374,-373.55,-374.31,-376.45,-379.5,-383.31,-386.21,-389.57,-393.99,-396.74,-401.17,-403.45,-409.25,-412.92,-417.95,-423.75,-432.75,-440.23,-449.23,-456.1,-461.13,-465.71,-472.88,-477.61,-482.65,-482.8,-482.5,-480.97,-478.68,-474.72,-471.66,-467.39,-463.88,-459.46,-457.01,-454.42,-451.98,-446.03,-440.53,-431.68,-423.29,-414.14,-405.74,-397.96,-390.48,-381.79,-373.7,-365.15,-357.37,-346.39,-336.31,-323.04,-313.43,-303.96,-298.17,-292.98,-287.48,-279.09,-272.07,-262.76,-255.13,-249.03,-245.83,-240.03,-235.6,-227.82,-220.95,-212.87,-208.59,-204.47,-200.51,-197,-193.49,-186.77,-180.97,-175.94,-174.72,-169.23,-165.26,-161.6,-160.22,-156.71,-154.27,-148.93,-145.73,-143.44,-139.16,-133.52,-128.79,-124.06,-120.7,-117.34,-116.12,-115.05,-113.83,-111.09,-107.43,-104.83,-103.46,-101.47,-98.575,-95.218,-92.166,-88.809,-88.046,-86.215,-87.13,-86.52,-86.673,-86.825,-88.351,-90.335,-92.776,-93.387,-93.539,-92.013,-92.318,-91.861,-93.692,-93.081,-93.539,-92.929,-92.166,-90.945,-89.572,-86.367,-81.484,-77.364,-76.601,-74.618,-74.16,-71.871,-72.634,-70.04,-68.209,-64.699,-61.8,-58.901,-57.527,-55.849,-55.696,-54.476,-54.17,-52.797,-53.56,-53.407,-54.933,-56.459,-58.443,-57.833,-56.612,-53.407,-48.83,-43.031,-39.827,-37.08,-36.164,-36.164,-38.453,-40.284,-41.2,-39.216,-37.996,-36.927,-35.707,-35.554,-35.249,-33.113,-29.145,-23.652,-19.837,-15.259,-11.597,-4.7304,0.15259,7.1718,11.292,14.496,16.327,17.701,19.227,20.905,22.736,24.415,24.567,27.009,27.924,31.281,32.96,38.148,41.963,46.388,46.541,45.93,44.099,42.726,37.233,31.739,24.262,19.074,14.039,12.36,10.376,11.139,10.071,9.4607,8.6978,10.834,14.039,18.311,21.668,25.33,28.23,32.044,34.181,36.012,34.333,33.57,32.502,37.69,42.726,47.914,50.813,54.17,56.917,60.427,62.868,65.462,65.767,68.209,68.667,69.277,67.904,68.056,67.751,68.209,67.904,67.141,64.547,61.8,60.884,62.41,62.258,61.8,59.206,59.511,57.527,53.102,45.625,41.963,36.012,29.756,24.262,21.058,19.379,18.464,16.022,15.564,13.581,13.428,11.292,11.292,8.6978,7.477,5.0356,3.357,0.15259,-1.5259,-3.5096,-6.2563,-10.987,-13.123,-14.344,-14.191,-14.191,-10.987,-10.987,-11.292,-12.513,-11.902,-12.055,-11.444,-11.292,-11.292,-12.055,-11.597,-13.733,-15.717,-20.142,-19.684,-22.279,-23.347,-21.363,-17.243,-15.87,-15.564,-16.785,-15.564,-15.107,-12.97,-12.97,-9.1556,-10.224,-9.1556,-8.8504,-7.1718,-7.1718,-6.7141,-5.1881,-3.0519,-3.9674,-6.1037,-9.9185,-11.292,-14.039,-14.039,-14.801,-15.107,-16.022,-17.701,-20.142,-22.279,-24.11,-25.941,-27.467,-28.535,-30.671,-33.113,-36.164,-35.401,-33.265,-28.993,-26.093,-22.279,-16.938,-11.902,-7.3244,-3.5096,-0.30519,3.357,6.4089,9.3081,13.123,19.379,23.041,27.314,31.434,38.453,45.167,50.813,53.865,54.476,53.407,54.018,53.865,54.933,51.271,49.593,48.524,50.508,50.05,50.966,50.356,50.05,49.135,46.388,43.794,42.879,38.759,36.47,31.587,26.093,17.243,12.513,9.1556,9.003,9.3081,9.4607,9.9185,11.292,11.444,13.581,15.87,19.837,21.21,24.415,27.314,30.519,32.96,34.791,38.453,40.59,39.521,37.843,33.113,33.418,34.944,38.911,40.895,41.81,39.521,37.996,35.401,35.096,34.028,32.655,29.908,28.077,23.194,19.837,14.496,9.7659,4.5778,0.76296,-3.357,-7.6296,-14.191,-19.837,-26.399,-31.892,-36.927,-39.674,-43.641,-46.236,-51.424,-56.001,-61.647,-64.547,-67.141,-69.43,-71.566,-72.024,-72.024,-71.413,-70.65,-68.361,-66.225,-62.716,-61.647,-59.969,-57.375,-54.018,-47.914,-41.353,-37.385,-33.723,-32.197,-28.84,-26.704,-20.905,-17.09,-9.3081,-3.5096,2.5941,9.1556,16.022,20.905,25.941,30.061,35.554,38.911,41.81,42.573,42.726,41.81,40.132,39.674,42.116,46.999,50.508,50.661,50.508,48.524,47.761,46.083,48.524,50.356,50.661,49.745,48.982,45.625,43.794,43.184,40.895,34.333,31.281,27.619,24.567,21.21,17.701,14.954,11.444,10.681,12.97,15.564,21.821,27.772,33.418,36.622,40.437,42.421,44.404,46.388,50.05,50.966,52.034,47.304,43.336,37.843,34.791,32.807,31.739,30.213,27.467,24.567,22.279,20.753,21.21,20.905,21.821,21.21,20.295,19.837,19.684,19.684,20.142,20.447,20.6,19.684,20.142,18.769,20.753,22.279,25.788,30.519,33.418,35.401,36.927,36.927,37.843,38.453,40.742,41.658,44.099,45.625,48.982,51.576,54.17,56.612,57.985,59.358,61.953,65.004,68.972,70.04,72.634,74.007,76.601,80.416,85.299,88.351,92.318,96.744,101.32,104.68,108.95,111.55,115.51,118.56,122.68,126.19,131.08,136.27,142.06,148.01,153.36,159.46,165.87,169.99,176.55,181.89,188.6,192.11,196.54,200.05,203.41,207.98,212.41,216.38,220.65,223.09,227.52,232.7,238.65,243.39,249.18,253.46,256.05,258.34,260.17,259.56,258.49,258.64,260.78,260.78,261.09,259.71,259.71,259.56,262.31,263.37,263.53,264.29,263.53,262.92,262.92,260.93,260.48,259.41,259.56,259.41,259.71,261.85,263.07,263.37,263.07,263.53,267.04,269.63,272.38,273.45,276.35,277.72,279.7,278.33,275.43,272.07,269.02,267.19,265.82,262.92,259.87,254.07,248.88,244.61,241.4,238.81,236.21,234.69,233.92,233.92,234.08,231.94,229.19,226.75,225.68,224.16,222.94,219.89,217.9,217.75,216.68,216.53,216.53,215.92,214.09,209.2,205.69,201.12,197.61,192.27,187.69,181.59,174.87,168.31,163.58,158.85,152.75,146.64,141.76,137.33,133.06,126.5,120.85,113.99,108.49,102.08,96.896,90.487,83.621,77.517,71.718,66.378,63.173,58.901,55.391,49.898,46.541,43.031,41.047,37.385,36.927,36.317,34.791,31.129,26.093,20.753,14.649,8.3926,4.12,-1.5259,-7.6296,-13.123,-15.259,-17.701,-18.921,-20.295,-19.99,-20.6,-23.957,-27.467,-32.044,-36.927,-42.116,-45.473,-45.167,-46.083,-45.32,-48.219,-48.83,-48.677,-47.304,-48.83,-48.372,-49.135,-50.661,-52.034,-51.424,-53.56,-60.121,-65.615,-66.225,-69.582,-77.517,-86.978,-91.098,-93.234,-94.913,-99.185,-105.44,-112.92,-120.85,-129.55,-135.65,-140.69,-144.96,-152.9,-159.15,-162.51,-162.82,-164.95,-166.94,-170.9,-175.02,-179.75,-184.33,-191.05,-197.61,-204.17,-208.44,-215.16,-220.34,-226.29,-231.03,-237.59,-244.15,-249.79,-254.68,-259.56,-263.07,-264.6,-266.43,-269.63,-270.85,-272.99,-275.43,-278.48,-278.48,-278.94,-280.92,-280.01,-275.28,-269.78,-264.9,-260.02,-256.66,-255.59,-255.75,-257.42,-255.9,-254.68,-251.47,-249.64,-247.66,-245.52,-242.77,-239.72,-236.67,-233.77,-230.41,-228.13,-225.68,-226.45,-224.77,-223.4,-218.97,-216.07,-211.19,-208.59,-206.31,-206,-205.24,-203.71,-200.35,-198.68,-196.39,-196.23,-194.71,-197.3,-197.76,-200.51,-200.05,-201.27,-202.64,-204.47,-204.32,-204.93,-204.63,-205.69,-206,-207.07,-206.61,-207.68,-206.76,-208.14,-207.83,-209.2,-207.98,-206.76,-204.78,-202.8,-201.12,-200.96,-200.35,-199.29,-196.84,-195.93,-195.32,-198.83,-201.57,-206.76,-209.51,-213.93,-217.6,-222.02,-226.45,-231.48,-236.67,-243.23,-249.64,-256.97,-263.68,-271.61,-278.02,-285.65,-290.54,-298.62,-304.12,-307.02,-308.24,-309.61,-311.44,-313.43,-314.95,-319.07,-323.8,-331.28,-336.47,-342.42,-345.01,-348.37,-351.73,-354.47,-357.83,-362.41,-367.6,-373.09,-378.73,-385.45,-389.72,-393.84,-397.66,-403.3,-404.83,-408.19,-414.44,-422.99,-429.09,-435.8,-442.06,-449.08,-455.18,-461.13,-465.71,-471.05,-475.17,-480.51,-486.92,-494.4,-499.59,-506,-513.47,-519.42,-523.09,-524.61,-524.77,-524.77,-524.31,-527.05,-528.28,-530.72,-534.68,-540.94,-547.65,-553.15,-558.79,-563.07,-564.74,-565.66,-565.05,-566.27,-568.1,-572.53,-575.58,-579.09,-578.94,-575.58,-567.19,-559.56,-554.06,-550.25,-548.57,-547.81,-547.2,-548.72,-549.64,-547.2,-538.19,-528.58,-518.05,-508.13,-498.06,-491.81,-486.92,-482.65,-478.84,-475.33,-472.88,-471.51,-467.54,-461.9,-451.52,-439.92,-427.87,-418.56,-409.56,-402.23,-395.67,-389.26,-383.16,-377.51,-369.88,-361.34,-350.2,-342.57,-333.72,-326.7,-320.44,-315.87,-312.66,-310.98,-308.24,-304.42,-299.54,-295.27,-289.32,-285.04,-280.47,-276.5,-274.06,-270.55,-267.8,-264.9,-264.75,-265.82,-264.9,-263.83,-260.63,-259.25,-257.27,-257.27,-256.2,-257.42,-258.34,-258.49,-257.88,-257.42,-256.97,-255.9,-255.13,-255.9,-254.68,-255.44,-254.22,-253.61,-253.46,-251.78,-249.95,-248.57,-246.44,-243.23,-238.65,-235.6,-232.09,-229.19,-224.92,-221.26,-213.32,-206.92,-200.2,-193.33,-187.08,-179.6,-169.99,-161.29,-152.9,-147.25,-141.91,-138.25,-134.13,-131.69,-128.94,-127.87,-129.09,-128.33,-127.57,-126.04,-122.53,-120.4,-117.34,-115.51,-111.09,-108.19,-104.37,-101.17,-96.591,-93.997,-91.708,-88.961,-85.604,-85.452,-86.367,-87.741,-88.504,-90.64,-91.098,-92.624,-92.013,-91.098,-90.487,-88.656,-86.978,-89.267,-92.471,-94.15,-94.607,-95.828,-95.065,-93.997,-92.624,-94.455,-95.065,-95.218,-92.624,-89.572,-88.351,-85.452,-82.705,-81.484,-79.196,-76.754,-73.244,-71.871,-70.193,-68.514,-65.462,-64.394,-64.089,-65.004,-66.683,-66.53,-64.241,-60.274,-54.781,-51.424,-46.999,-46.693,-46.083,-46.083,-44.099,-42.421,-39.216,-34.944,-29.908,-23.652,-18.616,-14.039,-8.3926,-1.2207,6.1037,10.987,15.412,19.837,25.33,27.619,31.434,38.453,43.794,48.524,52.644,56.612,62.41,67.141,74.007,81.027,90.487,99.338,109.41,117.8,126.19,135.96,145.73,156.25,167.55,177.16,185.71,194.4,203.71,210.43,218.67,223.7,228.43,233.62,239.72,244.91,251.01,258.19,265.51,269.78,274.97,278.18,280.92,285.04,291.6,294.35,298.62,303.35,308.54,312.97,318.61,326.24,331.28,332.5,331.74,329.75,327.92,323.65,319.38,311.14,303.96,297.86,296.49,296.33,297.86,297.71,297.86,296.79,294.05,289.16,284.74,281.53,280.01,277.87,279.4,279.4,280.31,280.31,283.21,284.59,288.09,290.08,292.52,293.89,296.33,297.25,297.1,295.27,295.11,291.6,290.08,288.25,290.38,292.06,293.59,294.66,296.79,297.4,299.69,301.22,305.19,307.32,312.51,316.17,320.9,322.43,325.33,329.6,334.79,340.74,347.76,353.4,357.52,360.42,366.53,371.72,377.21,382.09,387.89,391.55,396.13,399.03,400.25,399.95,402.69,405.59,407.12,405.74,406.51,403.45,402.54,400.86,402.08,401.78,401.78,401.32,400.1,398.42,398.72,400.56,404.07,407.57,411.54,412.46,414.14,413.22,414.14,413.83,416.58,417.65,419.78,421.46,424.51,429.7,436.57,441.91,445.72,447.55,451.67,453.05,454.73,454.27,454.73,453.05,451.22,447.1,444.96,442.21,438.86,435.96,433.36,429.55,426.65,421.16,415.2,408.03,403.15,395.67,387.89,378.58,371.11,365.46,360.73,356.3,353.1,348.83,342.42,334.79,328.99,321.21,315.87,309.92,304.42,297.25,293.59,289.47,282.3,272.68,262,249.34,238.04,226.14,214.09,200.51,190.44,178.84,169.99,159.31,151.68,142.83,137.33,130.31,122.68,114.6,108.04,100.71,93.997,87.436,84.994,81.027,77.212,71.566,65.615,57.68,52.492,48.067,41.047,32.502,25.483,19.379,15.107,10.071,4.4252,-2.7467,-7.7822,-16.022,-21.973,-29.908,-35.249,-41.353,-45.015,-51.271,-57.07,-64.241,-70.65,-76.296,-79.501,-85.757,-90.182,-95.981,-100.1,-105.44,-110.17,-114.75,-119.63,-127.72,-136.57,-147.86,-160.99,-175.63,-190.44,-204.47,-214.24,-224.16,-232.4,-240.79,-246.74,-254.68,-264.6,-275.89,-281.38,-281.99,-280.62,-274.82,-270.39,-268.87,-264.75,-255.59,-244.15,-237.28,-228.74,-220.8,-208.9,-196.84,-182.04,-170.14,-162.51,-157.63,-151.83,-150.46,-151.52,-156.1,-158.7,-159.15,-152.59,-145.88,-138.25,-130.16,-122.23,-117.95,-114.75,-112.16,-106.66,-101.02,-95.676,-93.844,-89.877,-90.945,-92.013,-95.981,-100.41,-104.22,-103.92,-102.85,-100.25,-96.438,-92.166,-89.114,-84.994,-82.705,-78.89,-76.754,-72.939,-71.871,-69.43,-68.514,-67.751,-69.124,-70.956,-72.787,-70.193,-68.514,-62.41,-57.833,-50.508,-46.236,-40.284,-36.164,-31.739,-29.908,-27.161,-25.788,-21.21,-17.548,-11.139,-9.4607,-6.7141,-7.3244,-6.2563,-5.1881,-2.8993,-0.76296,1.6785,4.5778,8.24,10.376,14.954,16.785,21.21,23.652,29.298,32.655,36.775,39.979,44.862,48.524,53.102,56.764,63.021,69.582,76.907,84.689,92.166,96.591,101.47,104.53,107.12,108.8,109.87,112.16,114.44,115.97,116.28,117.5,118.56,116.73,115.67,113.83,115.82,117.04,119.48,119.94,121.01,121.92,124.97,129.4,135.96,142.22,148.32,153.51,158.39,164.19,170.75,178.23,185.71,190.28,196.84,201.27,207.68,212.1,216.53,222.17,230.11,238.5,247.96,255.59,263.22,267.95,274.82,279.7,285.96,290.54,295.72,299.84,303.96,307.78,310.83,312.36,315.26,317.85,321.51,324.72,327.92,330.97,335.09,337.99,339.67,341.65,345.01,347.61,350.81,354.93,359.97,364.24,367.14,367.44,368.66,369.73,367.75,363.78,362.71,365.31,367.75,367.44,366.53,361.64,357.22,350.81,346.08,340.59,331.28,322.58,314.8,309.15,303.05,292.83,283.06,272.68,263.68,253.3,244.45,236.52,230.26,219.89,206.46,193.03,178.53,164.34,150.91,136.72,126.04,116.89,107.88,95.218,84.078,74.16,66.225,57.527,48.83,40.132,32.807,25.178,14.801,0.61037,-8.8504,-17.853,-22.736,-26.246,-24.873,-24.72,-23.347,-20.753,-18.464,-15.564,-11.139,-4.5778,4.2726,14.496,25.178,35.401,47.456,57.833,66.378,73.092,81.179,91.708,102.08,111.39,119.79,128.18,138.86,146.95,156.25,162.21,168.16,172.73,178.08,184.03,189.37,191.96,194.1,196.69,200.96,202.03,202.64,200.51,201.27,201.42,200.51,196.84,193.64,189.83,184.03,177.31,171.67,164.8,157.17,146.64,135.35,121.92,109.26,97.812,86.52,74.618,61.647,48.372,35.859,21.516,8.5452,-6.5615,-18.921,-30.824,-41.2,-53.56,-65.767,-78.585,-90.64,-103.15,-114.44,-126.35,-135.81,-147.4,-157.02,-168.46,-179.14,-191.5,-203.25,-215,-224.77,-236.21,-247.2,-258.95,-269.48,-281.69,-290.38,-301.37,-309.15,-318.61,-325.94,-334.03,-341.04,-347.91,-353.25,-357.98,-361.64,-365.61,-368.82,-371.72,-372.48,-373.7,-374.46,-377.06,-378.12,-379.8,-379.8,-381.02,-381.79,-381.48,-380.87,-382.09,-382.85,-383.92,-383.77,-383.77,-381.94,-381.63,-379.8,-379.96,-378.12,-378.12,-377.51,-376.45,-375.84,-374.77,-373.85,-371.11,-366.99,-362.87,-359.51,-357.22,-354.01,-352.18,-350.05,-349.28,-348.06,-347.15,-344.4,-341.35,-338.3,-337.08,-334.64,-333.11,-330.82,-328.68,-324.41,-321.05,-317.09,-315.71,-312.97,-311.44,-309.15,-306.71,-304.73,-302.13,-298.17,-293.28,-290.08,-288.25,-285.81,-284.74,-282.75,-281.69,-280.62,-278.79,-276.5,-274.21,-271.16,-268.72,-266.43,-264.6,-261.7,-258.8,-253.3,-248.12,-241.1,-236.06,-231.33,-225.68,-220.34,-214.39,-207.37,-200.35,-192.88,-186.62,-179.3,-172.73,-166.63,-163.43,-159.61,-155.95,-151.22,-147.4,-143.44,-140.39,-136.72,-131.99,-126.04,-122.38,-115.97,-110.78,-103.92,-96.896,-90.335,-83.468,-76.144,-68.972,-61.953,-55.238,-46.846,-40.437,-33.876,-28.687,-22.279,-18.006,-12.513,-6.7141,-0.45778,5.1881,11.139,14.801,19.532,22.431,27.467,30.213,34.333,36.317,39.521,42.268,45.32,48.524,51.729,54.476,56.001,57.375,59.664,59.664,61.342,62.41,65.31,68.514,72.176,74.77,76.907,77.67,79.501,80.569,81.79,80.264,80.874,81.484,82.247,82.553,84.384,84.841,85.299,86.52,87.741,87.436,87.741,86.825,88.961,89.572,92.166,92.166,92.318,90.335,90.64,90.945,91.861,89.572,86.825,84.231,83.163,82.4,84.231,84.384,86.52,84.994,83.468,78.28,74.465,70.65,68.209,66.53,64.699,59.664,57.833,55.086,54.476,51.729,51.881,48.219,46.846,46.083,48.982,48.83,49.593,49.44,53.102,58.596,64.547,66.988,68.667,68.361,69.43,70.193,70.956,73.092,77.059,84.536,95.523,104.83,114.44,122.53,131.53,139.62,150.15,161.14,176.4,188.91,200.51,210.58,224.62,239.72,253,262,268.56,272.38,275.89,276.8,280.77,284.43,291.6,299.23,304.42,303.51,296.33,287.79,280.62,272.07,260.48,249.64,242.77,235.3,226.75,211.04,191.2,165.41,141.61,118.87,99.185,78.738,62.105,49.745,37.996,23.347,12.513,0.76296,-12.513,-29.756,-43.184,-59.053,-70.498,-77.67,-81.637,-84.689,-88.809,-91.403,-92.776,-98.117,-100.25,-102.24,-103.15,-104.07,-103,-104.07,-105.14,-103,-98.88,-93.844,-86.367,-76.754,-65.767,-58.748,-50.813,-44.71,-39.827,-29.45,-18.006,-8.8504,1.6785,8.5452,12.207,12.055,12.818,12.207,13.581,14.801,18.159,24.567,34.791,45.778,53.713,56.154,56.612,54.323,53.56,51.881,52.187,50.813,50.05,47.914,46.388,43.947,42.879,41.505,40.437,39.827,42.879,43.031,44.404,42.421,41.81,39.064,36.317,30.671,25.33,18.311,11.597,4.7304,0.91556,-5.4933,-9.3081,-14.954,-18.464,-22.889,-27.009,-29.908,-33.113,-38.301,-46.083,-55.238,-63.173,-72.939,-81.332,-89.724,-95.218,-101.93,-107.58,-112.92,-115.05,-117.5,-117.65,-120.55,-122.84,-125.58,-126.8,-133.52,-138.1,-142.67,-143.59,-143.89,-142.37,-139.47,-135.81,-133.67,-132.3,-131.99,-129.55,-129.09,-126.35,-124.52,-119.79,-116.28,-111.39,-107.27,-104.37,-102.39,-99.338,-95.523,-92.013,-91.708,-88.656,-88.198,-86.215,-84.689,-80.569,-76.144,-70.498,-65.31,-59.816,-55.238,-49.135,-43.184,-33.113,-25.788,-16.327,-9.4607,-1.0681,7.1718,18.464,30.671,42.116,52.339,62.105,72.024,80.874,88.961,98.422,105.29,112.46,120.09,129.55,137.64,146.49,153.05,158.7,165.11,172.58,178.69,185.4,191.35,198.22,202.64,209.05,213.48,219.12,223.7,229.8,236.21,241.55,247.2,253.3,259.1,266.12,272.07,279.09,284.89,291.15,296.33,302.74,308.24,313.73,318.77,324.26,329.14,333.72,337.08,342.11,345.01,348.22,349.13,350.35,350.51,351.42,352.95,354.01,354.17,353.71,353.25,353.25,353.4,355.54,355.54,356.15,355.69,354.78,354.63,354.47,354.47,354.93,356.46,358.13,360.27,362.71,363.78,364.85,364.7,366.83,368.36,371.72,374.46,375.68,377.51,379.65,380.41,381.79,381.79,383.16,383.62,383.47,380.87,378.43,374.92,370.95,366.22,363.17,361.8,360.12,357.22,354.78,350.05,345.93,339.67,335.25,328.99,323.34,319.68,316.93,315.71,314.8,312.05,310.07,307.78,306.1,302.44,300.15,296.18,294.35,292.06,288.71,285.2,280.77,275.43,270.55,265.51,262.92,258.95,257.12,253.3,250.86,247.81,244.3,239.42,233.77,227.67,220.65,214.39,212.1,206.46,201.12,193.03,185.71,177.16,169.68,162.97,156.1,148.47,141.3,132.45,123.91,115.05,108.49,102.08,98.727,94.607,92.318,90.793,90.03,90.945,92.471,93.387,95.065,94.913,96.438,95.828,96.133,97.812,99.033,99.796,100.25,98.117,97.049,98.727,101.93,102.39,102.24,101.17,103.31,108.04,110.78,113.83,119.17,125.89,131.99,135.96,139.77,141.45,143.74,145.27,145.88,143.28,137.33,131.69,128.64,126.5,124.97,123.75,123.14,118.41,112.77,102.69,91.708,81.79,75.076,70.498,67.141,65.004,65.462,63.631,60.121,55.544,52.339,46.693,39.827,30.061,22.431,13.123,6.8667,0.91556,-8.0874,-20.142,-30.366,-39.827,-50.508,-63.173,-75.381,-87.436,-97.659,-108.65,-115.21,-123.6,-132.76,-139.77,-141.91,-141,-140.08,-141,-143.44,-148.63,-153.66,-161.9,-171.67,-182.2,-189.06,-194.1,-195.93,-198.68,-202.34,-204.78,-204.78,-204.32,-204.17,-205.85,-208.29,-216.22,-223.24,-229.96,-232.7,-236.21,-239.72,-244.15,-248.12,-249.18,-248.88,-251.78,-253.3,-257.27,-257.58,-257.27,-255.13,-256.81,-261.7,-267.95,-272.84,-277.72,-282.91,-285.96,-286.87,-288.71,-289.32,-292.52,-296.49,-302.74,-305.19,-308.69,-311.44,-317.24,-322.58,-327.92,-331.28,-335.4,-337.53,-341.2,-343.49,-345.77,-347,-347.45,-344.55,-344.4,-341.65,-339.98,-339.21,-340.43,-339.21,-338.15,-336.16,-334.79,-334.18,-335.7,-334.79,-333.11,-329.14,-326.7,-321.05,-314.65,-305.03,-296.03,-288.09,-280.62,-272.84,-266.58,-262.31,-262.76,-263.22,-265.51,-265.66,-266.73,-264.9,-264.6,-265.21,-270.55,-276.19,-283.21,-290.99,-300.61,-310.53,-320.9,-325.17,-329.45,-330.06,-330.36,-330.52,-332.65,-334.79,-337.08,-340.13,-344.4,-349.44,-352.95,-354.63,-356.15,-353.86,-352.79,-348.22,-343.79,-337.53,-335.55,-332.65,-328.38,-322.89,-316.63,-310.98,-304.27,-297.71,-294.35,-292.21,-291.3,-287.33,-281.99,-275.12,-267.19,-257.58,-248.42,-236.52,-221.56,-208.75,-197.45,-186.62,-176.24,-166.63,-157.17,-146.64,-136.57,-125.74,-119.79,-115.51,-115.36,-116.12,-116.28,-115.36,-111.7,-106.66,-100.25,-89.877,-80.569,-71.718,-66.53,-60.732,-56.307,-51.271,-47.151,-43.184,-42.726,-44.71,-48.524,-49.593,-49.287,-46.083,-46.083,-44.099,-45.778,-49.44,-53.865,-55.086,-55.238,-51.118,-45.473,-38.301,-31.587,-25.178,-20.295,-16.48,-11.292,-5.0356,-2.1363,1.8311,2.2889,4.4252,3.5096,3.6622,2.8993,5.1881,8.6978,13.886,15.412,18.311,20.142,25.636,27.009,30.519,34.181,41.658,46.999,53.255,58.138,61.8,64.547,64.699,62.563,58.901,54.323,49.745,43.336,39.369,34.181,32.96,30.519,29.145,27.772,28.382,30.824,32.96,35.249,37.385,39.521,42.573,44.557,47.914,48.83,51.576,53.865,56.917,58.443,60.121,59.358,59.816,60.884,61.8,61.19,61.8,64.089,66.073,67.598,71.108,71.108,72.024,71.261,72.939,74.77,77.212,77.975,79.958,82.705,87.436,92.471,96.896,97.964,100.56,100.56,102.54,106.36,111.85,115.67,119.33,121.46,124.52,126.35,128.48,127.41,127.87,127.26,128.94,128.94,131.08,130.01,128.94,128.33,130.62,133.67,135.5,135.96,137.18,137.33,136.72,136.11,137.94,139.01,142.06,145.27,150,155.03,158.85,163.12,168.92,174.72,180.36,184.33,187.54,189.37,191.96,191.66,191.35,189.21,186.62,183.26,178.99,173.96,168.77,163.27,161.6,160.83,159.76,154.42,150.76,146.49,143.44,139.93,139.16,137.18,134.59,132.45,129.7,126.35,124.21,120.24,117.8,114.75,114.6,112.31,111.55,109.87,109.71,109.87,109.26,109.26,108.49,105.75,105.29,104.98,104.68,101.93,99.49,95.828,92.929,88.046,82.553,77.212,72.634,66.378,57.68,47.456,39.064,31.281,25.788,21.668,19.99,17.243,17.548,19.837,23.041,26.551,29.145,28.993,26.246,22.736,21.21,19.837,19.227,15.564,12.97,10.224,10.987,12.055,13.733,14.496,16.327,15.87,15.564,13.428,12.513,7.477,2.7467,-3.0519,-5.9511,-9.6133,-11.444,-14.496,-18.464,-23.804,-27.924,-33.418,-39.216,-43.184,-45.93,-50.813,-55.086,-57.68,-57.527,-58.901,-57.833,-59.206,-57.07,-53.865,-49.898,-47.151,-46.541,-47.914,-49.745,-50.05,-46.846,-44.252,-40.742,-39.521,-39.521,-41.047,-41.353,-42.421,-42.879,-44.099,-43.184,-43.641,-44.252,-46.083,-45.015,-45.015,-41.963,-43.184,-42.421,-45.167,-47.609,-51.118,-52.644,-59.206,-65.92,-72.787,-77.364,-79.806,-80.416,-82.858,-83.926,-86.825,-89.419,-96.744,-103.15,-113.68,-120.55,-127.26,-130.62,-132.6,-133.52,-135.04,-137.18,-141.61,-144.66,-146.95,-146.64,-147.86,-145.73,-145.73,-142.52,-139.32,-133.82,-129.25,-122.68,-115.82,-107.27,-101.17,-94.76,-91.403,-86.52,-83.468,-78.433,-76.601,-73.855,-72.787,-67.751,-61.037,-54.17,-49.593,-46.541,-43.794,-41.353,-38.148,-32.655,-25.483,-16.785,-9.6133,-2.2889,3.9674,7.477,7.477,7.1718,4.12,2.5941,5.7985,11.139,19.074,28.993,35.554,42.421,47.304,53.407,55.544,60.427,62.41,63.631,62.105,59.969,58.596,59.511,61.342,62.105,62.41,63.326,64.699,68.514,70.956,72.176,70.956,70.193,69.277,68.056,66.836,66.988,65.31,63.784,60.121,59.664,56.917,56.001,54.476,54.17,53.255,54.323,53.56,51.729,50.508,51.424,48.677,48.219,44.862,42.726,40.284,41.81,41.658,43.489,44.252,45.473,44.862,42.726,37.69,33.113,28.84,28.23,26.093,28.535,30.213,30.366,27.924,28.077,27.467,26.093,25.178,24.72,22.736,23.194,25.483,31.129,36.164,42.116,44.252,46.846,48.067,53.713,55.544,56.459,56.459,59.358,61.495,61.647,62.258,67.141,72.024,77.364,79.958,81.79,78.738,72.787,64.699,55.544,47.304,39.521,34.486,33.265,31.129,28.23,23.194,20.295,15.259,11.292,5.4933,2.2889,0.45778,-0.15259,-3.6622,-8.6978,-16.327,-21.058,-25.33,-27.314,-30.976,-33.876,-38.453,-41.2,-43.641,-43.794,-43.641,-41.658,-39.521,-37.843,-39.521,-39.827,-40.742,-39.827,-37.233,-32.044,-28.535,-21.668,-13.733,-3.6622,1.0681,1.8311,-0.30519,-3.8148,-9.3081,-12.207,-14.801,-16.785,-18.311,-17.548,-18.159,-16.633,-15.87,-12.97,-9.1556,-6.8667,-7.7822,-7.9348,-11.292,-14.344,-19.684,-19.837,-19.99,-18.311,-21.21,-24.567,-28.23,-32.044,-38.759,-43.641,-50.05,-55.849,-64.699,-69.887,-73.244,-71.108,-69.887,-68.667,-70.04,-71.566,-70.803,-68.819,-65.92,-62.105,-60.427,-57.985,-56.612,-52.644,-51.576,-47.151,-45.93,-43.947,-41.2,-38.606,-35.554,-33.876,-31.587,-31.129,-30.519,-29.603,-28.84,-29.756,-32.197,-31.892,-31.892,-31.739,-32.044,-31.129,-28.84,-25.178,-23.499,-23.804,-24.11,-21.363,-18.921,-17.701,-17.396,-14.649,-11.444,-6.4089,-2.1363,3.6622,8.5452,12.513,16.785,19.532,22.584,23.804,25.025,28.23,31.434,34.486,37.233,39.979,41.047,41.81,40.437,38.911,36.927,35.096,33.723,32.96,32.807,29.756,25.178,20.753,13.733,7.6296,2.7467,-1.0681,-4.2726,-4.5778,-3.6622,-2.7467,-1.6785,-0.76296,0.30519,1.9837,3.2044,5.6459,5.9511,6.2563,5.7985,7.477,8.3926,9.9185,9.6133,10.834,12.36,13.886,15.717,18.464,21.821,27.161,33.113,39.216,43.184,48.372,53.255,60.121,65.767,72.176,77.059,81.942,88.046,95.218,102.08,108.95,114.75,119.63,122.07,125.43,127.41,128.48,126.19,124.21,121.31,121.01,118.72,116.12,113.68,109.41,103.92,100.41,94.15,91.556,87.741,86.215,83.01,82.095,81.637,82.553,82.095,80.874,77.975,75.686,72.939,71.261,67.751,66.378,63.021,60.121,55.238,53.255,50.966,51.118,52.339,53.56,53.56,52.95,51.881,50.966,48.524,47.609,45.32,44.404,41.353,38.606,32.655,28.993,24.873,22.279,20.905,21.058,21.973,22.126,21.363,23.194,22.279,23.499,23.041,23.041,23.347,25.788,25.025,22.889,18.616,14.039,7.7822,1.9837,-5.6459,-14.649,-25.941,-36.317,-49.745,-61.647,-74.465,-86.215,-97.964,-111.55,-127.72,-146.95,-165.41,-177.47,-185.71,-188.91,-190.89,-190.44,-189.06,-183.72,-179.14,-166.33,-150.61,-130.92,-109.26,-88.809,-69.277,-52.644,-40.284,-29.298,-18.616,-3.0519,14.496,33.723,51.118,67.904,83.163,97.507,108.34,117.65,125.74,132.76,139.47,149.69,161.75,178.69,189.52,194.56,190.13,182.5,174.57,166.02,161.6,165.26,169.68,168.92,163.58,153.97,135.96,112.92,88.656,69.582,54.323,48.067,47.914,54.018,57.985,57.985,54.018,46.846,36.317,23.804,4.4252,-16.175,-38.759,-55.391,-69.887,-82.553,-94.302,-104.07,-110.93,-113.83,-117.34,-123.14,-130.31,-138.71,-147.86,-152.29,-160.07,-166.78,-175.79,-183.11,-190.89,-195.47,-199.74,-202.64,-203.25,-200.96,-198.68,-195.17,-193.18,-189.21,-187.08,-182.35,-179.3,-176.4,-177.16,-175.94,-174.87,-172.28,-170.45,-168.61,-166.17,-162.66,-160.22,-157.32,-152.59,-145.27,-138.4,-128.79,-120.09,-109.71,-102.24,-92.776,-83.926,-75.076,-67.141,-58.29,-50.661,-41.505,-33.265,-24.567,-14.954,-2.8993,7.3244,20.753,31.739,44.099,55.544,67.904,80.416,91.556,99.796,107.88,117.65,128.18,136.57,146.79,155.19,162.97,169.68,177.01,182.96,189.52,195.93,202.8,209.97,217.14,223.09,229.19,234.99,241.4,248.12,255.9,262.76,270.24,277.26,284.59,290.99,296.18,302.44,308.69,313.12,318.61,322.58,328.23,332.65,338.45,342.27,345.77,347.91,349.28,349.74,349.89,348.83,348.22,348.37,350.81,351.42,352.64,352.64,352.79,352.18,350.35,348.06,345.62,343.49,340.43,338.3,338.91,337.23,336.01,334.48,336.16,336.92,338.45,337.99,335.55,331.28,327.16,322.12,319.83,318.16,319.07,318.46,318.16,316.78,316.02,314.8,314.49,315.1,312.51,310.22,308.85,305.49,302.74,296.33,290.23,282.91,276.96,270.85,266.12,260.02,254.37,248.57,243.69,241.1,239.88,236.37,232.09,226.91,223.7,220.5,220.19,220.04,218.21,216.38,215.16,214.24,212.56,207.98,203.56,197.15,191.5,185.71,180.21,173.19,165.87,158.39,153.51,149.39,143.74,136.72,129.4,121.16,115.82,108.49,101.02,92.929,88.046,83.01,80.111,76.296,70.65,66.53,63.021,59.816,57.375,51.881,48.677,45.93,44.71,43.031,42.573,42.268,43.336,43.489,44.099,43.489,41.963,39.369,38.301,35.249,33.418,29.298,24.72,19.074,12.97,7.7822,5.6459,5.1881,5.3407,3.8148,2.4415,-0.30519,-2.1363,-7.0193,-10.071,-13.733,-17.09,-22.431,-26.551,-31.129,-36.317,-41.963,-45.167,-48.372,-48.83,-51.729,-53.713,-56.764,-57.985,-58.748,-59.664,-61.342,-63.936,-66.378,-69.887,-75.686,-80.416,-86.52,-90.64,-95.065,-97.964,-101.17,-104.53,-107.43,-110.63,-115.51,-119.79,-124.97,-130.01,-136.42,-140.69,-145.27,-148.32,-150.61,-152.44,-156.1,-159.92,-165.11,-169.99,-175.02,-177.01,-180.67,-183.57,-186.62,-187.84,-191.05,-192.72,-196.39,-203.25,-209.36,-213.93,-218.82,-220.8,-224.16,-226.45,-231.64,-233.31,-236.98,-239.11,-243.54,-247.35,-251.17,-254.83,-259.87,-263.07,-268.11,-272.84,-280.92,-285.81,-290.38,-291.45,-289.01,-282.91,-278.02,-275.12,-276.8,-278.79,-282.91,-285.81,-290.69,-294.66,-301.22,-305.19,-310.37,-312.36,-314.19,-315.41,-317.55,-319.68,-322.73,-324.41,-328.07,-327.77,-328.84,-327.46,-327.46,-326.55,-325.48,-322.89,-319.99,-315.41,-312.36,-308.69,-305.19,-301.68,-300.3,-296.03,-294.2,-293.28,-293.28,-290.99,-287.79,-283.21,-278.48,-275.58,-276.04,-272.53,-269.17,-262.46,-256.2,-249.34,-245.06,-241.55,-235.91,-228.28,-225.53,-224.16,-224.01,-220.19,-219.43,-216.53,-217.9,-223.24,-229.8,-235.76,-247.35,-262.15,-277.26,-288.71,-300,-307.93,-316.63,-321.05,-325.33,-331.89,-339.82,-348.22,-355.69,-359.81,-361.49,-357.37,-354.01,-347.91,-343.64,-336.16,-330.52,-327.46,-325.48,-323.65,-319.53,-311.75,-305.19,-297.56,-292.06,-286.26,-281.23,-275.43,-272.07,-269.63,-268.87,-267.19,-266.58,-264.14,-261.39,-256.66,-253.3,-245.37,-238.2,-230.87,-225.07,-220.34,-219.43,-217.44,-216.07,-213.48,-213.32,-211.49,-209.36,-205.39,-201.27,-195.93,-190.44,-183.26,-179.14,-174.87,-172.43,-167.85,-163.43,-158.7,-155.19,-151.52,-149.24,-147.25,-146.34,-142.98,-140.54,-133.52,-128.03,-121.01,-115.67,-108.65,-102.24,-95.37,-89.877,-83.926,-78.585,-69.735,-63.936,-56.764,-51.424,-43.184,-34.791,-28.993,-23.194,-16.327,-10.224,-5.0356,-2.5941,1.0681,4.4252,9.7659,16.022,23.041,29.145,35.401,42.268,49.135,54.933,59.206,60.732,63.173,65.157,68.819,71.718,76.144,80.264,85.299,89.114,92.624,95.065,97.964,98.117,99.643,99.796,102.39,103.61,106.97,110.32,115.36,120.7,128.03,135.04,142.37,149.54,158.24,164.34,171.67,177.31,184.48,189.21,194.86,198.68,202.03,206,210.58,215,221.26,225.84,230.57,233.16,237.28,238.35,241.55,244.45,248.42,250.25,252.24,255.13,256.51,256.66,255.75,255.13,255.9,255.59,256.2,254.07,254.37,253.3,253.61,253.15,254.68,254.52,256.81,259.1,260.17,259.56,259.25,258.19,258.19,257.42,259.25,258.49,259.71,260.63,261.39,261.7,261.7,262,264.6,267.8,269.94,268.41,267.34,262.92,260.63,258.34,259.25,259.71,263.07,265.21,266.58,269.48,272.99,274.97,276.35,277.11,278.94,278.94,279.24,278.18,278.33,278.94,280.77,280.47,278.94,275.89,274.36,273.14,270.7,265.97,262.46,258.34,255.29,248.73,241.1,232.7,226.91,221.87,217.29,211.34,205.24,198.98,191.96,185.86,181.43,174.57,168.46,159.61,154.12,148.01,142.98,134.13,122.99,111.24,99.033,88.351,78.89,70.04,63.936,57.527,52.492,44.862,38.453,29.756,19.074,5.6459,-3.5096,-11.597,-19.379,-26.093,-32.197,-38.911,-48.067,-58.138,-67.598,-77.975,-87.436,-97.049,-105.29,-116.58,-124.67,-132.3,-135.35,-136.11,-136.88,-141.15,-146.49,-152.29,-156.41,-161.9,-164.49,-165.41,-164.04,-166.17,-167.55,-170.9,-172.43,-173.5,-173.8,-178.23,-183.87,-188.91,-189.67,-185.25,-177.16,-169.99,-166.17,-166.63,-167.39,-169.53,-170.6,-173.8,-177.16,-182.35,-184.03,-187.23,-190.74,-195.17,-195.78,-193.95,-192.72,-191.2,-188.3,-184.94,-182.04,-182.81,-180.97,-180.36,-178.38,-177.01,-173.35,-172.58,-170.9,-170.29,-167.7,-166.33,-166.33,-168.16,-167.85,-167.09,-165.56,-164.95,-161.75,-157.63,-151.68,-147.56,-141.3,-135.81,-131.38,-130.47,-130.62,-134.89,-140.54,-144.2,-144.81,-143.74,-139.93,-137.94,-133.52,-132.76,-130.92,-132.91,-134.89,-137.18,-137.33,-139.16,-141,-138.1,-132.6,-127.72,-122.99,-119.94,-117.8,-119.63,-120.09,-122.53,-124.52,-127.72,-129.25,-134.28,-139.47,-144.81,-150.3,-154.73,-155.34,-153.81,-152.9,-152.59,-151.83,-150.76,-146.79,-146.18,-143.28,-139.32,-131.99,-125.43,-115.97,-107.27,-99.033,-93.844,-91.708,-92.318,-95.676,-99.338,-104.53,-112.77,-118.87,-124.36,-126.5,-127.11,-126.65,-128.33,-129.4,-130.47,-133.67,-136.88,-134.74,-125.89,-113.38,-97.049,-78.89,-64.241,-50.508,-41.658,-33.265,-27.467,-21.821,-20.295,-15.412,-9.4607,0.45778,10.071,14.801,14.191,11.597,5.7985,-1.2207,-13.276,-23.804,-33.418,-36.47,-40.132,-42.268,-47.151,-53.407,-65.157,-78.127,-92.624,-105.14,-112,-114.6,-114.75,-112,-109.56,-106.81,-106.81,-106.05,-106.05,-102.69,-97.659,-88.046,-79.653,-73.244,-69.582,-63.784,-58.29,-52.644,-46.999,-37.996,-27.009,-11.902,0.30519,10.987,18.464,26.551,30.824,35.096,37.233,41.353,47.761,55.391,62.41,70.193,75.991,80.569,84.384,88.504,90.03,91.25,93.081,95.828,99.338,101.17,104.37,108.49,110.78,115.21,116.89,118.56,115.82,113.07,107.12,101.32,94.15,87.13,81.637,77.975,75.991,76.449,72.939,70.803,67.751,66.988,64.394,62.868,62.105,62.716,64.394,66.378,66.836,68.056,67.141,67.751,66.683,65.615,63.784,63.021,62.258,62.868,62.868,65.615,67.598,70.803,73.55,79.958,83.621,89.267,94.15,99.185,101.02,102.54,103.76,106.81,105.75,106.2,106.2,106.97,105.59,103.61,101.17,99.643,96.286,93.234,90.945,90.335,88.656,90.335,90.182,91.861,91.403,91.708,92.318,93.997,95.523,98.27,100.25,103.15,105.14,108.19,109.87,114.29,116.28,119.33,123.45,129.09,132.6,136.57,139.01,144.51,149.69,157.02,160.37,163.73,165.72,167.39,169.38,171.67,174.11,176.24,175.63,175.94,174.41,172.12,169.99,168.16,166.48,164.8,163.73,163.12,164.19,170.45,173.5,175.63,176.85,181.28,187.08,194.4,200.51,204.78,207.98,212.41,214.09,217.75,219.43,221.56,222.17,221.72,220.19,218.51,215.46,211.19,207.83,206,204.93,204.02,200.96,198.68,196.84,195.78,193.95,191.81,189.67,187.23,181.28,175.02,164.04,152.9,141.91,133.98,127.87,125.58,123.75,122.07,121.16,120.09,117.04,116.58,116.12,117.8,117.19,117.19,116.12,116.73,113.99,110.93,107.58,103.31,99.033,95.523,91.556,87.283,82.247,79.196,76.144,76.296,76.449,76.601,75.838,72.939,68.056,63.478,57.68,52.339,45.778,41.505,36.012,33.265,28.993,25.941,22.889,19.379,15.259,12.055,6.7141,1.3733,-5.0356,-8.3926,-12.665,-15.412,-19.837,-21.363,-23.499,-24.415,-24.262,-24.415,-26.246,-29.756,-37.08,-42.268,-48.067,-52.034,-57.527,-65.462,-74.77,-84.689,-94.455,-103.31,-109.41,-114.9,-121.92,-129.09,-137.79,-144.81,-152.13,-155.34,-160.07,-162.36,-163.43,-160.53,-158.85,-155.8,-153.51,-151.68,-150.91,-148.63,-147.56,-143.59,-140.84,-137.18,-136.57,-135.35,-133.98,-131.84,-129.09,-124.82,-122.84,-120.85,-120.55,-118.26,-117.19,-114.29,-113.07,-111.09,-109.1,-106.36,-103.31,-98.727,-94.15,-90.793,-88.351,-84.536,-82.095,-78.738,-76.296,-73.397,-72.481,-70.498,-67.141,-62.258,-58.29,-55.086,-53.102,-53.56,-55.849,-56.307,-57.07,-56.612,-57.833,-57.527,-58.596,-59.206,-57.222,-53.865,-49.593,-45.625,-41.658,-35.554,-29.756,-22.736,-19.379,-17.09,-16.022,-13.733,-12.207,-11.139,-10.987,-10.529,-10.071,-9.3081,-6.1037,-1.9837,2.4415,6.4089,9.3081,14.344,18.311,21.058,19.99,17.243,14.954,12.513,10.681,8.0874,5.7985,4.5778,1.2207,-3.9674,-9.3081,-13.886,-21.058,-25.941,-33.57,-37.233,-40.284,-40.437,-42.116,-43.947,-48.372,-54.781,-63.478,-70.65,-78.433,-82.553,-87.588,-90.945,-96.438,-100.25,-105.44,-110.48,-115.67,-120.09,-127.26,-135.65,-143.89,-148.78,-155.34,-161.29,-167.09,-170.75,-174.72,-174.87,-177.47,-178.69,-178.23,-176.55,-179.91,-185.71,-192.27,-199.74,-208.59,-212.87,-216.38,-218.97,-223.85,-228.43,-232.55,-233.01,-234.53,-232.7,-231.18,-229.5,-227.21,-224.92,-224.01,-224.62,-227.52,-231.18,-230.72,-227.36,-223.09,-214.55,-206,-197.3,-200.66,-209.81,-210.58,-199.13,-175.63,-139.01,-98.27,-62.868,-28.535,16.938,47.761,72.329,106.66,162.51,218.05,263.53,291.91,307.78,313.58,320.75,336.31,357.07,374.16,377.82,363.02,335.55,313.27,299.84,279.09,249.49,220.34,198.07,169.84,132.15,96.133,74.77,63.936,57.833,49.745,35.554,14.191,-9.1556,-39.521,-72.634,-108.34,-138.71,-162.66,-183.26,-199.9,-212.56,-225.84,-243.54,-265.21,-283.52,-301.07,-312.97,-321.51,-325.17,-330.06,-336.16,-345.93,-351.42,-354.47,-360.12,-370.34,-385.75,-406.05,-427.56,-444.04,-455.79,-467.7,-472.12,-466.32,-454.27,-448.62,-449.54,-461.9,-480.06,-496.08,-508.59,-520.04,-531.94,-537.13,-527.66,-510.57,-495.01,-484.18,-481.43,-491.04,-508.74,-531.33,-552.69,-565.05,-564.44,-559.56,-553.45,-545.82,-537.43,-534.07,-540.79,-554.06,-567.34,-577.26,-582.75,-585.5,-583.21,-585.5,-589.46,-594.35,-600.76,-612.05,-626.85,-637.84,-637.99,-636.16,-633.87,-632.5,-628.83,-622.73,-614.8,-608.54,-604.11,-607.32,-614.03,-620.44,-625.17,-630.66,-638.6,-643.64,-646.38,-647.45,-641.35,-630.66,-616.47,-608.23,-603.66,-600.6,-595.11,-585.5,-573.44,-558.79,-543.38,-527.97,-515.15,-504.62,-494.25,-487.99,-483.26,-481.73,-477,-470.75,-455.95,-436.41,-416.88,-395.83,-375.53,-357.83,-341.04,-324.11,-307.93,-294.2,-281.38,-271.61,-261.39,-251.32,-241.1,-233.77,-228.28,-221.41,-212.87,-202.19,-188.6,-171.97,-153.81,-137.79,-122.07,-107.43,-91.708,-76.601,-60.427,-46.846,-36.012,-28.382,-21.363,-17.853,-15.107,-10.834,-5.4933,-2.1363,3.8148,9.1556,16.938,25.941,36.317,45.167,52.797,61.495,68.361,73.702,77.67,78.585,80.569,80.416,83.163,85.147,89.572,93.081,98.117,103.76,110.78,116.28,119.94,124.52,129.25,133.21,135.5,135.2,135.5,134.59,134.28,134.28,137.18,140.39,144.81,148.78,153.05,156.41,159.76,161.44,164.19,167.24,172.12,174.26,177.01,176.55,175.94,174.57,173.65,173.65,173.96,174.41,177.62,180.36,183.26,184.33,187.08,187.69,189.52,190.13,191.96,191.81,192.11,191.81,192.72,191.66,193.18,193.64,195.47,194.86,196.08,197.76,200.81,203.56,205.85,206.76,207.53,207.68,208.29,209.51,213.78,214.39,218.97,221.41,225.53,227.36,230.41,232.09,232.86,233.62,236.67,239.88,244,247.05,251.93,253.91,258.03,259.41,263.68,265.66,270.39,276.96,284.74,292.67,300.3,307.02,313.73,320.14,328.23,334.18,340.89,347,354.78,362.41,369.88,376.6,383.31,389.26,395.98,401.32,408.95,414.14,420.7,424.51,428.02,430.01,433.82,437.64,440.69,442.67,445.42,449.23,452.59,453.51,454.73,454.73,457.01,457.63,460.52,463.12,466.48,469.37,473.04,476.24,479.75,484.48,489.36,493.33,495.77,497.76,500.35,501.27,505.08,507.83,511.34,513.78,516.68,518.81,520.49,521.26,520.95,518.05,516.37,514.69,515.46,514.08,513.02,509.51,505.39,499.44,493.33,489.21,485.24,480.67,475.63,470.29,467.54,464.03,461.9,458.85,457.01,456.1,455.79,451.83,447.4,444.35,442.21,440.38,438.86,438.09,436.57,433.67,432.29,429.09,427.72,424.97,423.29,421.61,421.16,417.8,412.76,406.66,402.08,398.88,395.83,392.01,389.42,386.21,385.14,380.87,376.75,371.11,368.82,367.6,366.07,365.31,364.7,361.64,356,350.66,347.91,342.42,338.45,334.18,331.58,325.33,319.38,310.22,301.83,293.44,287.94,284.28,280.47,275.28,268.87,262.31,256.81,250.25,244.45,238.04,231.94,224.31,218.21,211.34,203.71,194.86,184.94,176.55,171.21,167.39,165.11,161.14,157.02,149.54,142.52,132.91,123.91,115.05,106.05,97.812,90.487,82.4,73.244,64.547,58.138,48.982,40.284,32.197,27.772,22.736,17.853,12.665,8.3926,3.9674,-0.45778,-1.8311,0.45778,2.5941,5.4933,6.7141,8.8504,9.9185,11.444,10.071,9.7659,8.3926,7.3244,7.0193,6.2563,3.2044,-1.3733,-7.3244,-13.123,-21.058,-28.23,-35.401,-40.284,-46.999,-49.593,-52.797,-55.696,-60.427,-64.699,-67.904,-69.735,-71.413,-72.634,-74.16,-76.754,-82.553,-87.283,-93.692,-95.218,-95.37,-90.945,-88.198,-85.299,-84.384,-85.452,-86.367,-85.91,-88.656,-91.25,-94.302,-94.15,-93.234,-90.945,-90.945,-89.267,-90.64,-90.03,-92.318,-93.081,-97.049,-101.02,-106.81,-110.48,-113.53,-114.44,-114.75,-112.92,-111.55,-109.26,-109.26,-108.04,-110.17,-112.16,-115.82,-116.12,-116.89,-117.8,-121.62,-127.72,-135.65,-142.06,-145.12,-143.59,-142.37,-141.3,-144.51,-148.17,-155.34,-161.14,-166.63,-167.85,-169.53,-169.84,-169.68,-168.61,-167.24,-165.11,-162.21,-157.32,-152.29,-145.88,-140.23,-134.74,-131.84,-128.18,-126.65,-124.82,-124.82,-122.99,-121.92,-119.94,-116.58,-112.16,-108.8,-104.53,-101.47,-97.201,-92.929,-86.062,-82.705,-78.28,-76.601,-73.55,-71.108,-67.446,-64.241,-59.816,-56.154,-53.865,-53.255,-51.729,-51.729,-49.898,-47.456,-41.81,-37.996,-34.333,-34.333,-33.418,-36.47,-38.148,-38.301,-37.996,-36.775,-34.181,-32.655,-34.028,-37.385,-38.301,-38.148,-36.775,-37.385,-36.012,-37.843,-37.843,-39.674,-40.59,-41.658,-40.437,-39.979,-38.301,-38.148,-39.369,-43.031,-46.541,-49.745,-49.287,-48.372,-47.914,-50.356,-52.797,-57.07,-60.274,-63.784,-66.378,-68.514,-68.361,-67.446,-66.378,-65.004,-61.953,-62.716,-62.258,-63.326,-63.478,-66.378,-64.547,-63.478,-60.121,-55.849,-48.067,-41.963,-36.47,-34.028,-32.655,-34.181,-34.181,-33.876,-31.739,-33.265,-34.333,-36.164,-34.944,-35.707,-34.944,-33.57,-32.35,-29.756,-26.399,-23.957,-20.6,-15.107,-9.6133,-9.003,-8.5452,-8.5452,-5.4933,-2.7467,-0.30519,1.6785,4.2726,5.1881,5.4933,9.6133,16.022,19.684,22.431,21.058,20.447,17.396,15.412,10.376,9.4607,8.6978,8.8504,9.4607,8.6978,5.3407,3.6622,1.9837,1.3733,0.30519,1.5259,1.3733,4.2726,4.5778,6.4089,4.12,0.76296,-2.1363,-2.7467,-4.12,-6.5615,-11.597,-15.564,-18.616,-19.684,-23.957,-27.467,-31.892,-35.249,-40.132,-43.489,-47.609,-50.661,-54.323,-59.511,-64.699,-68.514,-70.956,-70.956,-72.634,-70.803,-69.582,-69.582,-72.787,-75.991,-81.027,-86.978,-93.081,-95.523,-93.692,-90.64,-88.961,-85.757,-82.705,-74.923,-69.735,-64.852,-59.511,-49.593,-43.489,-38.759,-35.096,-33.57,-37.996,-43.031,-45.015,-40.284,-36.47,-36.317,-42.421,-45.93,-52.95,-62.105,-75.228,-83.468,-89.572,-94.76,-99.948,-102.54,-101.32,-95.981,-90.182,-83.773,-82.247,-81.637,-84.384,-86.825,-92.929,-97.354,-104.22,-109.87,-109.56,-105.44,-99.643,-91.708,-85.299,-80.874,-80.111,-80.721,-82.4,-82.553,-82.553,-80.569,-79.501,-75.381,-70.04,-63.021,-56.917,-50.661,-43.947,-38.759,-37.996,-38.911,-43.184,-48.524,-52.797,-50.05,-44.099,-37.996,-33.723,-29.756,-27.314,-27.161,-27.772,-28.84,-30.366,-30.519,-30.671,-27.467,-25.483,-23.041,-24.11,-23.499,-24.262,-22.889,-22.736,-20.753,-21.058,-21.821,-22.584,-22.889,-21.516,-19.837,-20.753,-19.227,-20.6,-19.227,-19.227,-15.259,-14.649,-12.513,-12.818,-11.75,-11.597,-9.7659,-8.3926,-6.2563,-4.4252,-0,3.2044,7.1718,10.834,16.48,20.6,25.636,29.603,33.265,37.843,42.421,46.999,51.881,56.154,62.563,69.277,77.212,83.468,91.708,97.507,103.92,108.34,115.51,120.7,126.19,130.31,134.28,139.16,143.89,147.56,152.59,155.64,160.53,163.58,168.31,170.9,174.41,178.84,182.65,185.55,189.21,191.96,195.47,198.68,204.02,208.29,213.32,215.31,218.21,219.12,220.34,221.72,223.4,224.92,225.53,225.68,226.6,226.6,227.52,225.84,224.01,221.56,218.97,214.24,209.51,206,202.19,198.37,194.25,189.83,186.77,185.25,186.32,187.23,189.67,190.28,190.28,190.28,190.28,188.6,187.38,186.32,183.11,180.06,178.99,178.38,178.23,177.31,177.77,177.16,175.63,173.5,171.36,169.84,169.07,166.63,161.9,155.8,150.15,143.59,138.55,131.53,126.04,120.55,115.97,110.02,103.31,97.049,92.471,88.961,85.452,81.484,79.043,75.076,73.702,70.65,67.293,63.478,59.511,53.255,48.372,43.641,38.453,32.044,28.077,25.788,25.941,22.584,21.363,16.785,11.444,4.2726,-3.6622,-11.597,-19.227,-25.941,-31.281,-38.148,-44.862,-53.255,-59.053,-68.361,-71.566,-75.838,-77.822,-75.686,-71.871,-68.972,-63.478,-57.07,-48.067,-40.437,-34.944,-28.84,-15.107,1.8311,20.905,47.304,85.604,120.7,145.42,155.03,143.44,116.58,89.267,66.988,56.917,59.206,75.533,97.659,113.53,112.16,99.948,79.043,51.271,19.227,-10.529,-34.791,-55.086,-68.209,-72.176,-74.16,-73.702,-75.381,-77.822,-83.621,-87.588,-94.15,-106.36,-123.6,-143.13,-164.8,-186.62,-208.44,-225.53,-244,-262.92,-278.79,-285.04,-289.32,-290.54,-289.93,-283.67,-281.38,-281.38,-277.26,-273.14,-276.35,-287.03,-301.98,-318.16,-332.8,-341.96,-352.34,-364.09,-375.38,-377.67,-374.46,-374.92,-384.69,-400.71,-417.95,-433.97,-447.4,-459.3,-471.82,-475.17,-472.12,-465.41,-461.13,-461.75,-464.03,-461.29,-456.86,-457.63,-462.97,-469.83,-474.26,-472.12,-468.15,-465.1,-466.32,-468,-473.49,-481.89,-495.16,-509.2,-523.24,-531.33,-535.6,-532.7,-520.95,-503.56,-487.38,-478.07,-475.17,-475.17,-479.9,-489.21,-500.66,-511.18,-520.8,-525.38,-525.22,-526.29,-529.8,-534.07,-536.36,-536.97,-536.36,-532.55,-528.58,-521.71,-512.41,-498.83,-489.97,-483.11,-480.82,-479.6,-477.61,-475.94,-473.19,-472.12,-469.07,-465.87,-465.87,-464.8,-462.05,-456.56,-453.81,-452.28,-450.3,-447.4,-445.57,-446.49,-441.6,-432.14,-420.7,-410.02,-400.25,-394.3,-392.62,-391.25,-390.03,-381.79,-366.53,-350.2,-336.77,-324.56,-314.95,-305.95,-295.72,-287.48,-281.38,-277.26,-274.36,-269.94,-266.73,-261.09,-254.37,-246.28,-237.89,-227.21,-214.7,-200.2,-186.77,-176.55,-164.95,-155.49,-147.71,-141.61,-138.25,-135.81,-134.74,-131.23,-123.91,-113.99,-103.76,-94.913,-88.961,-84.078,-78.28,-70.956,-61.8,-51.424,-41.2,-28.23,-16.938,-6.4089,0.91556,7.3244,12.97,20.905,28.535,35.249,41.658,48.982,54.933,59.206,63.631,67.141,72.329,78.433,84.384,92.471,100.71,110.63,118.41,124.97,128.33,131.53,133.98,138.25,143.74,149.24,153.97,160.53,167.7,174.41,177.47,181.43,184.33,188.15,191.35,195.62,198.68,201.88,203.1,204.02,204.78,207.07,207.83,208.14,206.76,207.98,207.07,209.51,210.58,214.7,216.68,220.34,223.85,227.97,230.72,231.79,233.31,235.91,235.45,235.76,233.31,233.01,229.65,229.8,226.6,225.68,222.79,220.8,220.65,221.41,220.04,217.29,213.02,210.43,206.61,206.31,204.93,206.15,205.54,207.37,210.88,213.78,214.24,214.85,215.92,218.05,220.04,223.7,227.06,232.7,239.11,245.83,251.01,258.19,264.75,270.09,275.58,281.38,287.03,293.44,298.78,305.03,308.69,312.05,317.55,327.31,336.31,346.69,356.3,366.37,374.77,381.94,386.52,390.64,394.3,399.33,403.3,408.64,410.63,412.92,414.29,416.73,418.71,422.22,425.28,428.94,435.35,442.52,447.25,453.05,456.25,460.22,461.75,461.75,459.91,459.91,461.9,465.87,468.76,471.36,470.6,469.37,468,467.39,464.34,464.34,463.27,462.05,459.46,456.1,450.61,444.65,437.48,430.16,422.83,416.43,408.49,402.23,396.89,392.77,384.99,378.12,372.63,367.29,363.63,358.75,352.18,348.22,344.4,343.03,339.21,336.16,331.13,325.79,319.22,312.51,304.12,294.35,283.21,274.06,264.44,254.83,242.77,231.94,221.72,214.24,206.61,199.13,192.27,186.16,182.04,177.16,172.89,171.36,170.29,171.06,168.77,167.39,164.65,162.05,158.85,155.19,152.9,153.51,153.81,153.05,152.44,153.66,154.12,153.2,149.39,144.35,138.71,133.06,125.13,117.04,110.02,107.43,106.05,105.59,103.61,103.31,100.56,96.286,90.793,87.13,82.4,78.585,74.313,71.108,69.124,67.293,65.31,64.852,64.394,65.92,62.41,58.443,54.781,53.56,53.713,53.713,52.644,51.118,48.524,46.388,45.015,44.862,41.505,37.69,33.265,30.061,26.551,24.72,21.821,20.295,17.701,14.344,9.1556,3.5096,-1.5259,-3.0519,-3.5096,-4.5778,-7.0193,-7.6296,-11.597,-13.733,-16.785,-16.785,-16.175,-15.564,-14.954,-13.886,-13.733,-12.665,-13.428,-14.191,-14.344,-12.36,-14.496,-16.48,-20.447,-22.279,-25.941,-29.603,-33.113,-36.775,-39.827,-43.336,-45.32,-46.083,-44.862,-42.879,-42.421,-41.353,-39.827,-34.944,-31.587,-26.704,-24.567,-22.126,-20.905,-20.295,-19.837,-17.853,-15.87,-14.496,-14.191,-14.344,-16.327,-16.327,-16.785,-15.412,-13.886,-10.834,-10.376,-8.5452,-7.477,-4.5778,-0.91556,2.4415,4.12,5.4933,4.12,5.1881,5.3407,5.4933,3.8148,5.9511,6.8667,8.24,11.139,14.496,16.938,18.006,18.006,16.175,12.97,10.071,3.8148,0.76296,-1.5259,-3.2044,-4.7304,-3.8148,-5.0356,-5.7985,-8.5452,-12.055,-13.733,-15.564,-17.396,-18.311,-23.041,-29.45,-38.453,-45.625,-54.781,-62.105,-70.04,-76.144,-79.653,-78.89,-76.907,-76.296,-77.822,-77.975,-77.212,-75.076,-76.144,-77.517,-79.958,-82.705,-87.588,-91.556,-97.507,-102.85,-105.44,-106.2,-108.19,-109.56,-111.09,-114.44,-117.19,-117.04,-118.11,-119.33,-120.09,-118.41,-119.33,-118.87,-119.79,-119.94,-121.31,-122.68,-125.58,-128.03,-131.38,-134.13,-137.94,-139.77,-144.2,-146.79,-151.52,-154.27,-159.15,-161.14,-164.34,-170.45,-178.69,-185.71,-194.4,-202.95,-211.49,-219.12,-229.04,-237.89,-247.35,-254.52,-263.83,-271,-280.16,-287.48,-292.83,-298.01,-303.96,-309,-312.97,-318,-324.26,-328.84,-333.26,-337.08,-341.2,-343.33,-347.45,-350.2,-351.42,-352.64,-353.4,-353.56,-354.63,-353.71,-352.95,-350.96,-347.91,-340.43,-332.19,-323.34,-315.56,-308.54,-301.98,-294.81,-288.4,-280.31,-271.61,-261.09,-253.15,-246.28,-240.64,-232.09,-224.92,-216.38,-208.59,-200.35,-193.18,-185.86,-179.3,-171.97,-166.48,-159.76,-155.64,-149.85,-146.18,-141.61,-138.55,-135.5,-130.62,-123.29,-117.19,-110.63,-105.44,-98.575,-94.302,-89.267,-86.062,-80.721,-77.67,-72.024,-66.836,-61.953,-56.764,-49.135,-42.879,-35.554,-31.281,-25.941,-21.973,-16.938,-12.665,-6.4089,-0,5.9511,10.224,13.886,17.243,21.821,25.33,31.129,35.707,41.81,48.524,57.375,63.936,68.972,73.244,77.364,81.332,85.147,86.52,90.335,92.776,95.523,96.591,101.32,104.22,106.66,109.1,112.46,113.99,115.82,115.05,116.28,115.67,116.89,115.82,116.89,118.26,122.23,126.5,130.62,132.76,137.03,140.54,145.73,148.32,151.37,150.61,148.93,143.74,141.76,140.69,140.84,142.22,143.28,142.98,142.98,141.45,142.67,141,139.62,135.65,131.53,127.26,122.07,115.97,110.02,101.17,95.218,90.64,88.809,85.147,85.299,84.231,83.01,80.111,77.059,74.313,72.481,70.345,69.582,68.514,68.056,64.394,63.784,62.563,62.563,61.495,59.664,54.781,47.761,41.505,36.164,31.587,28.993,25.025,23.499,19.532,17.396,12.665,8.8504,3.8148,1.5259,1.8311,6.4089,11.597,16.175,19.227,21.058,19.227,18.006,15.717,15.87,13.428,8.6978,4.4252,3.0519,1.0681,0.61037,0.76296,-0.30519,-3.5096,-4.5778,-5.4933,-4.5778,-7.0193,-9.9185,-14.801,-17.396,-18.616,-20.6,-23.652,-26.399,-28.077,-27.619,-28.077,-27.009,-27.467,-27.772,-29.908,-31.739,-36.47,-43.336,-50.508,-57.07,-63.021,-66.988,-69.582,-70.498,-73.55,-74.618,-75.991,-79.501,-86.52,-91.403,-96.438,-102.24,-106.81,-109.1,-109.56,-109.56,-110.63,-112.46,-114.14,-114.29,-114.44,-113.22,-110.78,-108.49,-104.83,-98.88,-93.539,-91.556,-90.335,-88.961,-87.893,-83.926,-80.721,-74.313,-69.735,-65.462,-63.784,-62.105,-61.953,-61.342,-62.868,-63.326,-63.478,-62.258,-64.089,-65.157,-65.92,-65.31,-65.92,-64.394,-63.021,-61.342,-60.274,-58.443,-58.138,-56.612,-54.628,-51.576,-49.745,-47.609,-46.083,-42.421,-39.827,-38.301,-37.843,-36.622,-36.775,-37.385,-38.148,-39.064,-40.742,-40.59,-41.353,-39.216,-38.606,-39.979,-46.236,-48.982,-50.966,-52.644,-53.865,-52.95,-52.95,-52.034,-55.238,-57.985,-62.105,-63.173,-66.225,-68.819,-75.076,-79.958,-86.062,-88.351,-92.166,-95.37,-101.47,-106.05,-110.17,-112.92,-119.48,-124.21,-129.7,-133.06,-136.72,-139.32,-140.69,-138.55,-138.71,-138.1,-139.62,-140.08,-139.77,-136.88,-136.42,-134.43,-134.13,-133.21,-129.55,-124.06,-117.65,-112.92,-108.65,-105.14,-103.76,-99.948,-98.727,-97.049,-95.523,-91.098,-90.182,-88.809,-85.147,-77.822,-71.566,-66.378,-63.936,-62.105,-61.19,-58.29,-58.443,-54.17,-50.661,-42.726,-39.064,-32.807,-26.399,-19.532,-14.954,-10.834,-7.477,-3.0519,1.2207,7.6296,13.733,19.684,23.499,27.924,32.197,37.385,45.167,52.187,56.154,59.511,61.037,62.716,62.868,64.547,66.378,69.124,68.361,65.157,60.427,54.17,47.761,43.641,39.521,33.265,29.603,31.739,34.486,37.233,37.08,37.996,37.233,34.944,30.824,27.314,25.178,23.347,21.516,21.668,21.058,20.142,14.801,13.123,9.3081,8.5452,6.5615,5.1881,5.4933,5.0356,3.9674,3.357,2.7467,1.8311,-1.3733,-2.7467,-6.8667,-9.4607,-12.513,-12.818,-14.191,-13.123,-12.055,-10.071,-8.5452,-6.8667,-5.4933,-3.5096,-3.357,0.61037,2.5941,6.4089,10.376,16.938,20.6,24.567,29.145,34.181,39.064,44.557,47.304,48.067,47.914,48.83,47.761,47.914,48.982,51.881,54.323,58.138,60.732,64.089,67.141,70.956,75.228,79.806,85.452,93.387,98.575,102.69,105.14,106.51,104.68,106.05,107.73,108.95,109.26,110.93,110.78,110.02,109.87,112.16,113.99,117.19,118.41,121.01,120.7,120.7,120.09,119.63,117.34,116.28,114.6,114.14,112,112.77,109.56,105.75,100.86,96.133,89.267,81.332,72.939,63.631,52.797,44.099,33.418,26.246,19.99,14.649,7.7822,2.1363,-3.2044,-8.3926,-13.428,-19.379,-27.161,-34.791,-43.031,-48.982,-56.459,-62.563,-70.193,-74.313,-79.806,-85.452,-93.234,-100.1,-107.12,-113.07,-119.02,-122.07,-128.03,-132.45,-138.4,-141.61,-146.64,-150.91,-155.34,-157.48,-159.46,-159.31,-160.99,-161.14,-162.36,-160.99,-160.07,-157.32,-157.17,-157.32,-157.63,-155.8,-153.36,-150,-147.1,-142.67,-138.86,-132.91,-128.64,-123.6,-120.85,-116.12,-112.61,-107.58,-103,-97.964,-92.776,-87.436,-81.79,-75.838,-71.108,-65.157,-62.563,-57.527,-54.933,-51.576,-49.593,-46.693,-44.71,-43.336,-41.81,-39.216,-38.301,-36.012,-36.012,-32.807,-31.129,-28.382,-29.756,-30.061,-31.434,-32.502,-33.876,-33.876,-34.333,-33.113,-35.401,-35.401,-36.622,-36.012,-37.233,-38.606,-42.116,-44.252,-47.151,-50.508,-54.933,-56.917,-60.579,-62.41,-65.615,-66.836,-68.972,-68.667,-68.667,-69.124,-70.956,-71.261,-72.329,-73.244,-76.296,-76.449,-77.975,-76.601,-75.381,-73.092,-70.956,-68.361,-66.378,-64.241,-61.037,-55.696,-52.492,-47.609,-45.473,-42.116,-40.742,-38.148,-36.927,-34.486,-30.519,-25.33,-21.21,-16.022,-11.292,-5.7985,-1.6785,3.5096,4.7304,6.7141,9.6133,14.496,18.616,24.262,28.993,33.418,37.843,43.489,46.541,50.813,53.255,56.764,60.121,63.478,65.615,69.124,72.176,74.923,77.212,80.111,81.637,84.078,85.299,87.588,88.351,89.572,91.403,92.471,93.387,93.387,94.913,95.981,95.523,95.218,94.15,94.607,93.844,93.234,93.692,92.929,93.539,94.607,94.302,93.081,90.487,88.504,84.536,80.721,74.618,69.277,63.021,56.764,51.881,46.999,42.573,37.843,33.57,30.519,26.093,23.041,19.074,14.649,9.003,4.7304,0.61037,-4.12,-9.1556,-13.276,-17.701,-20.905,-25.636,-28.382,-33.876,-37.843,-42.726,-47.304,-54.323,-59.816,-64.852,-68.056,-72.787,-76.144,-81.79,-84.078,-87.588,-88.656,-90.335,-91.403,-93.234,-93.997,-95.065,-96.133,-98.117,-99.338,-102.24,-103.31,-104.68,-103.31,-102.08,-99.948,-99.033,-97.354,-96.133,-94.455,-92.318,-89.267,-86.062,-83.621,-82.4,-79.348,-78.585,-78.28,-80.111,-79.501,-80.721,-80.569,-80.416,-80.111,-79.196,-77.059,-74.923,-72.939,-72.024,-68.056,-65.767,-63.936,-63.784,-61.342,-60.121,-56.917,-54.476,-53.255,-52.034,-48.524,-44.557,-40.59,-38.148,-32.96,-30.213,-24.567,-21.363,-14.649,-9.6133,-2.8993,1.9837,7.9348,13.733,19.532,23.804,28.077,30.976,35.859,39.674,44.71,46.999,49.287,51.729,53.713,55.849,58.596,60.732,62.716,65.157,68.209,70.345,73.55,74.618,76.907,77.059,77.822,77.364,76.601,76.449,77.822,79.806,82.705,83.163,85.757,85.757,86.215,85.757,85.299,84.689,84.078,83.468,84.231,84.994,86.52,86.367,88.656,90.793,94.607,97.049,101.78,103.92,106.36,109.1,113.83,118.26,121.77,122.68,123.75,123.91,127.57,129.86,134.28,137.18,141.45,146.34,149.54,150.76,152.75,155.34,157.63,155.19,153.36,150.91,149.85,147.25,143.28,138.71,130.77,117.8,105.9,95.828,88.198,79.958,76.601,70.803,64.547,55.086,45.32,33.265,25.025,18.769,10.834,1.9837,-4.883,-10.376,-13.123,-16.327,-18.159,-22.889,-31.434,-39.369,-43.794,-46.693,-49.898,-52.339,-53.407,-56.001,-55.391,-54.17,-52.339,-51.576,-48.067,-44.252,-39.674,-34.486,-28.687,-24.262,-20.6,-21.821,-21.821,-24.11,-27.009,-32.197,-34.944,-37.69,-36.622,-32.35,-26.551,-21.668,-13.428,-10.376,-6.4089,-0,11.444,22.889,30.061,33.876,39.216,45.015,52.034,56.154,60.427,62.563,64.089,65.615,69.887,75.076,78.585,80.264,82.095,81.027,79.653,75.686,71.871,67.141,64.241,58.443,51.118,43.184,37.69,30.519,22.889,11.444,1.6785,-9.003,-16.022,-24.262,-33.113,-42.268,-51.271,-60.274,-66.378,-71.718,-77.67,-85.452,-92.318,-99.948,-105.75,-109.87,-111.85,-115.97,-121.01,-127.72,-131.23,-135.96,-137.49,-139.32,-139.62,-144.05,-150.91,-159.61,-166.78,-175.18,-184.64,-195.32,-202.64,-210.73,-215.16,-221.72,-226.14,-230.26,-234.08,-237.28,-240.33,-245.83,-252.24,-257.58,-258.19,-259.87,-260.93,-263.53,-263.07,-260.93,-259.71,-259.25,-260.78,-265.82,-267.95,-265.82,-260.02,-254.98,-248.27,-243.23,-236.98,-233.01,-228.89,-229.19,-230.57,-230.41,-228.58,-227.21,-223.7,-221.41,-218.97,-222.02,-222.02,-223.09,-224.16,-226.6,-228.89,-231.48,-232.55,-233.92,-231.64,-232.4,-233.62,-234.69,-233.47,-232.55,-231.33,-229.65,-227.97,-225.07,-221.56,-218.21,-212.87,-207.68,-200.66,-195.32,-189.06,-182.5,-174.11,-166.94,-158.39,-149.08,-136.42,-125.13,-111.7,-100.25,-87.893,-78.127,-67.751,-56.917,-43.336,-30.824,-17.243,-3.9674,10.681,21.973,34.333,46.388,58.901,70.803,82.4,94.15,106.51,117.65,130.62,140.54,151.68,161.29,173.96,184.33,194.25,203.41,212.71,222.02,233.47,243.39,252.69,260.63,269.17,274.82,282.75,289.77,296.33,302.74,308.54,313.58,319.83,325.02,330.52,334.64,340.43,344.86,346.69,348.37,350.96,353.4,357.52,359.81,363.93,366.83,371.56,374.77,377.97,381.02,383.16,386.36,389.57,390.48,392.62,393.69,394.3,394.3,392.62,390.18,387.74,384.38,381.94,377.51,374.46,370.34,367.9,365.31,363.02,361.64,360.27,357.07,356.46,356,356.61,356.3,356.46,356.91,358.29,359.51,360.42,359.2,359.51,357.83,356.76,354.93,354.93,354.17,353.71,352.34,349.74,345.32,341.04,335.86,331.13,323.04,316.63,309.46,304.73,299.54,294.96,290.08,286.11,282.3,279.24,276.04,274.06,272.23,271.16,269.33,268.87,268.11,267.95,267.65,268.11,267.95,267.95,267.34,267.65,267.49,269.33,270.39,272.38,271.61,272.07,270.55,271.92,274.82,276.65,277.26,277.57,275.43,272.38,266.12,261.7,256.81,254.37,251.63,248.73,244.76,242.16,240.49,237.89,234.99,232.55,230.41,230.41,229.35,227.36,223.24,221.41,220.65,219.89,217.6,214.39,209.97,204.63,197.76,194.1,189.06,187.23,182.65,179.14,178.99,180.97,180.97,178.08,173.35,167.39,161.44,157.17,150.91,147.25,143.28,141.45,137.33,134.43,130.77,125.74,119.02,112.46,108.34,106.2,101.63,97.201,90.03,83.01,73.244,65.92,58.901,53.56,46.693,40.437,34.333,27.924,22.584,17.243,10.376,3.357,-5.1881,-10.834,-17.548,-20.142,-22.431,-24.873,-27.772,-32.655,-39.827,-44.71,-47.151,-48.982,-55.391,-62.258,-72.939,-81.79,-90.487,-97.354,-101.32,-101.93,-102.39,-104.22,-107.12,-111.85,-119.94,-127.87,-135.65,-141.45,-148.93,-151.83,-154.12,-155.49,-158.54,-161.44,-163.58,-167.7,-174.87,-183.11,-191.81,-196.84,-200.05,-200.35,-202.49,-204.47,-205.69,-208.14,-212.41,-214.55,-218.05,-222.02,-226.75,-227.82,-229.19,-228.74,-229.65,-229.35,-228.89,-228.13,-228.13,-227.97,-228.43,-226.91,-225.68,-221.56,-219.58,-213.02,-206.76,-200.51,-196.84,-192.11,-189.83,-190.28,-191.35,-191.66,-190.44,-184.03,-177.01,-166.48,-158.85,-151.83,-147.4,-139.01,-131.69,-126.19,-123.29,-120.24,-120.24,-117.34,-114.75,-111.39,-108.95,-104.53,-100.71,-97.049,-94.913,-92.624,-90.793,-88.046,-86.367,-83.926,-80.264,-71.566,-62.41,-50.966,-40.895,-33.113,-27.009,-22.126,-18.159,-15.107,-14.496,-13.428,-15.259,-15.564,-16.327,-16.785,-18.006,-16.175,-14.496,-13.428,-12.97,-11.292,-11.292,-11.902,-14.191,-13.276,-11.597,-8.6978,-11.75,-16.327,-20.447,-25.788,-31.892,-38.301,-44.557,-48.677,-49.898,-48.982,-49.44,-47.151,-46.236,-43.336,-40.895,-41.2,-45.167,-49.745,-52.644,-53.407,-54.018,-51.424,-46.693,-39.216,-32.96,-25.025,-19.227,-14.191,-11.292,-7.9348,-4.5778,-1.5259,-1.8311,-2.7467,-6.4089,-6.8667,-7.3244,-5.6459,-4.7304,-2.7467,-1.3733,-0,4.12,7.6296,8.3926,7.9348,5.4933,1.2207,-5.4933,-9.9185,-14.496,-15.412,-14.954,-13.886,-16.175,-21.668,-30.061,-38.606,-46.999,-50.966,-54.476,-52.034,-52.339,-55.696,-61.19,-66.073,-72.329,-78.127,-80.264,-79.806,-80.111,-79.501,-82.247,-83.773,-86.825,-86.673,-85.452,-83.01,-81.484,-82.4,-82.858,-79.958,-74.77,-68.209,-58.29,-46.846,-39.674,-34.181,-34.181,-31.739,-29.756,-25.025,-19.99,-17.853,-16.327,-13.123,-12.513,-11.75,-11.597,-8.3926,-9.003,-9.003,-11.139,-13.276,-17.853,-18.616,-17.396,-12.207,-6.7141,-2.7467,-2.5941,-3.9674,-8.24,-11.444,-18.464,-25.33,-31.434,-34.028,-35.249,-30.824,-24.415,-18.159,-14.649,-13.581,-19.379,-25.178,-34.028,-43.031,-54.17,-62.716,-70.04,-77.364,-84.231,-87.13,-90.793,-93.234,-94.302,-93.844,-92.166,-87.436,-84.841,-82.095,-82.4,-81.942,-82.858,-82.705,-84.231,-86.215,-90.64,-94.15,-99.033,-103.76,-108.19,-108.8,-110.63,-112.92,-116.73,-116.43,-117.34,-116.28,-115.51,-114.14,-112.61,-111.09,-110.48,-109.87,-109.87,-106.97,-104.37,-99.49,-95.065,-88.656,-82.553,-74.618,-70.193,-63.478,-56.612,-48.067,-40.284,-32.502,-25.178,-19.074,-14.191,-9.1556,-5.7985,-0.45778,3.2044,9.003,14.954,22.584,27.772,35.249,40.59,46.083,51.576,59.358,67.293,74.16,81.027,87.13,91.25,98.88,105.29,114.44,120.7,127.26,134.13,142.67,150,158.09,164.95,169.07,172.89,178.84,183.11,187.99,189.98,192.88,191.81,190.59,188.45,188.45,188.91,189.37,189.67,189.98,192.88,198.52,201.27,204.32,207.53,211.04,210.88,209.97,208.59,205.85,201.73,199.13,198.22,198.07,196.54,198.07,196.84,197.61,198.68,202.64,205.39,208.9,211.34,211.8,211.8,212.41,214.55,217.44,218.97,219.28,217.29,216.38,213.48,210.43,206.46,203.56,200.96,197.61,193.64,189.67,185.86,182.04,178.53,176.4,173.35,170.6,166.78,164.04,161.44,161.9,161.29,161.44,159.46,155.34,149.54,144.2,139.47,135.35,131.38,126.96,122.68,120.7,116.73,113.38,108.95,106.2,104.83,104.98,105.14,107.43,109.87,112.31,114.44,117.8,119.63,121.01,122.23,124.52,125.28,126.04,124.52,123.75,122.38,122.68,124.52,124.82,123.75,122.84,121.31,118.56,115.97,113.38,110.63,110.32,107.73,106.05,103.15,101.17,97.354,95.523,93.692,92.929,92.013,93.081,94.302,96.896,101.02,105.44,108.34,112.77,113.22,113.53,111.85,112.46,113.07,114.9,115.21,115.05,117.34,120.24,121.46,122.68,124.06,124.97,124.97,128.48,128.79,129.86,130.01,131.53,131.53,132.6,134.43,135.35,134.43,133.67,132.45,131.84,131.99,132.15,131.53,131.08,129.25,128.33,125.13,121.46,116.73,112.77,108.19,103.92,99.338,97.049,95.065,93.844,91.708,90.487,88.351,87.436,85.299,83.926,79.501,77.059,76.296,76.907,78.127,80.416,82.095,83.468,85.147,87.436,88.809,91.098,90.487,92.013,90.945,91.098,89.114,87.283,84.384,82.553,80.416,78.433,74.618,70.65,67.141,64.241,60.579,58.596,56.001,54.628,50.203,47.609,43.489,41.963,40.895,38.148,33.876,30.366,27.009,23.499,21.516,21.516,21.21,22.584,21.668,20.753,18.921,17.396,12.97,8.8504,3.8148,-1.5259,-5.6459,-7.0193,-6.5615,-3.8148,0.30519,4.2726,5.6459,6.5615,4.7304,3.357,-0.30519,-3.6622,-7.0193,-7.6296,-9.1556,-9.3081,-9.6133,-9.4607,-10.071,-11.292,-13.428,-15.412,-16.938,-13.581,-13.428,-14.344,-15.87,-17.396,-21.973,-24.11,-24.567,-24.415,-26.246,-28.687,-32.197,-34.639,-36.47,-36.775,-38.148,-39.064,-39.827,-38.911,-39.216,-38.911,-38.759,-40.59,-43.794,-46.999,-51.729,-57.375,-64.089,-68.819,-72.481,-71.718,-69.277,-63.021,-59.511,-55.086,-54.476,-52.644,-49.745,-44.71,-38.453,-32.502,-28.382,-25.941,-26.093,-27.314,-30.671,-32.35,-34.791,-32.807,-31.739,-30.671,-34.181,-37.843,-41.505,-45.015,-50.966,-56.459,-63.631,-68.819,-73.55,-75.533,-77.212,-75.533,-74.313,-71.413,-70.193,-66.225,-65.615,-64.241,-63.784,-63.936,-65.004,-68.056,-73.244,-74.465,-72.939,-69.124,-66.683,-63.326,-63.936,-63.478,-65.462,-67.904,-72.329,-75.076,-78.433,-80.874,-84.841,-86.978,-89.724,-92.318,-95.218,-95.37,-97.659,-100.41,-106.2,-109.87,-114.75,-117.65,-121.31,-124.52,-127.41,-128.64,-131.38,-134.59,-136.42,-137.94,-141.61,-143.13,-145.42,-145.42,-148.47,-150.15,-149.69,-148.47,-146.95,-148.01,-149.85,-153.2,-156.41,-157.93,-159.76,-158.54,-157.93,-157.63,-157.32,-156.1,-156.56,-157.17,-158.54,-159.15,-158.09,-156.1,-155.95,-156.25,-157.63,-157.93,-157.48,-157.63,-161.29,-166.02,-171.06,-173.5,-177.77,-179.75,-184.03,-188.6,-194.25,-197.61,-202.34,-205.08,-207.98,-209.51,-214.55,-218.05,-225.23,-228.58,-231.03,-229.65,-229.19,-229.5,-228.28,-225.84,-224.31,-220.95,-218.67,-218.51,-221.11,-222.33,-225.38,-226.6,-229.04,-228.89,-228.89,-227.36,-225.38,-226.6,-228.89,-229.65,-228.89,-227.82,-226.45,-221.72,-218.05,-216.38,-218.21,-216.53,-217.14,-214.85,-215,-214.7,-215.46,-218.21,-221.11,-221.87,-223.09,-223.4,-224.92,-224.62,-226.14,-225.99,-227.67,-229.04,-233.01,-236.37,-239.88,-243.69,-245.67,-243.84,-240.33,-238.2,-235.45,-232.25,-231.79,-230.11,-230.26,-231.94,-236.37,-238.04,-238.96,-237.74,-238.5,-240.49,-241.55,-242.62,-244.91,-247.2,-252.08,-255.44,-261.09,-265.05,-268.87,-269.33,-270.24,-270.24,-272.23,-275.58,-278.94,-284.28,-289.93,-295.57,-303.35,-312.81,-322.58,-327.01,-330.67,-329.91,-327.92,-321.67,-315.56,-310.68,-308.24,-306.86,-304.42,-301.98,-299.23,-295.88,-290.99,-285.04,-282.3,-278.63,-275.73,-273.6,-273.6,-275.28,-277.87,-281.69,-282.3,-278.63,-273.6,-269.48,-264.29,-256.36,-248.73,-239.72,-233.77,-228.28,-225.84,-224.77,-222.79,-219.89,-217.6,-216.07,-213.63,-209.66,-204.93,-200.66,-198.22,-193.64,-189.52,-183.72,-180.36,-173.65,-169.23,-165.26,-162.21,-160.37,-157.32,-152.59,-147.25,-141.45,-135.65,-128.94,-123.75,-117.95,-112.77,-106.66,-101.93,-97.049,-92.471,-88.656,-85.604,-81.484,-78.738,-74.923,-71.261,-66.378,-62.41,-55.696,-49.745,-41.353,-35.554,-30.366,-27.467,-23.652,-20.142,-16.633,-14.801,-12.513,-11.444,-7.0193,-2.5941,4.12,10.681,19.837,28.687,37.233,44.099,51.729,57.833,64.089,69.582,77.059,81.332,88.046,91.861,97.507,101.32,108.19,116.12,124.06,131.69,138.25,144.35,150.91,158.09,167.85,175.48,184.79,191.35,200.35,208.75,217.9,226.14,234.23,240.94,248.27,253.46,257.88,260.02,262.61,264.6,268.41,270.39,272.38,274.21,276.5,277.57,278.18,278.02,278.79,278.79,279.24,280.77,284.59,288.55,293.13,297.86,300.91,301.37,300.91,300.61,302.59,303.05,305.49,306.86,307.63,309.92,311.14,308.85,306.71,303.96,302.13,301.07,301.07,299.84,298.62,297.56,299.69,302.13,302.9,303.81,305.34,306.1,306.25,304.12,301.98,298.17,293.44,283.97,275.43,268.72,264.14,262.46,262.61,261.24,257.58,251.63,246.89,241.1,238.04,236.37,236.52,235.15,232.55,226.91,222.17,216.38,209.36,203.56,200.05,196.54,195.17,189.52,183.26,175.94,169.84,163.12,159.46,155.64,151.37,146.03,142.22,139.16,136.88,133.21,128.94,123.14,119.63,116.12,115.05,113.68,112.46,111.85,111.55,111.39,110.93,109.41,110.02,111.09,114.44,115.05,115.51,115.67,115.67,115.21,113.68,112,111.7,110.32,109.26,108.95,110.02,108.65,107.88,106.36,106.36,106.66,108.8,112.61,117.19,119.02,119.17,119.17,118.72,113.07,106.51,97.659,92.471,87.893,85.147,83.163,82.247,80.569,79.653,79.196,78.28,75.381,73.702,72.329,75.381,79.806,85.757,87.893,87.436,85.757,83.773,82.4,82.858,83.468,83.621,80.874,77.517,72.939,71.718,69.582,67.904,62.41,55.696,52.339,51.729,50.05,46.693,42.879,39.216,35.096,32.502,29.298,28.535,25.941,23.194,19.684,17.701,12.055,3.0519,-6.2563,-15.259,-23.194,-28.687,-33.113,-36.317,-41.047,-46.236,-55.086,-60.121,-62.41,-60.732,-59.969,-56.764,-52.95,-50.661,-51.729,-52.797,-53.407,-52.034,-51.271,-48.372,-49.287,-50.05,-52.187,-52.797,-55.086,-57.222,-60.884,-64.547,-68.209,-71.108,-72.329,-71.871,-72.634,-73.244,-77.67,-82.247,-92.166,-99.643,-106.97,-112.77,-117.8,-120.09,-121.62,-124.82,-127.26,-130.62,-136.88,-143.44,-150.76,-150.91,-151.37,-149.08,-150.3,-149.39,-149.54,-146.95,-144.2,-139.32,-133.67,-126.5,-121.46,-116.43,-112,-105.75,-102.85,-95.37,-91.098,-85.452,-83.621,-82.4,-82.705,-80.721,-80.264,-78.433,-75.228,-71.108,-70.498,-68.514,-67.446,-63.326,-60.427,-54.933,-53.713,-52.644,-53.407,-50.05,-48.524,-48.982,-51.729,-52.95,-52.339,-53.255,-57.68,-60.884,-63.631,-61.19,-57.68,-48.372,-41.2,-33.723,-29.603,-27.161,-27.619,-27.772,-28.687,-28.23,-27.314,-23.957,-22.431,-21.363,-22.126,-18.159,-16.022,-14.496,-16.633,-21.21,-26.246,-29.603,-31.892,-31.739,-33.113,-37.08,-43.184,-46.999,-53.713,-58.138,-61.953,-61.647,-62.41,-58.443,-54.628,-51.118,-50.508,-51.118,-55.086,-59.511,-66.836,-71.718,-77.822,-81.942,-86.215,-86.825,-89.114,-89.419,-90.64,-89.877,-90.03,-89.419,-85.452,-81.179,-78.738,-75.228,-74.313,-72.024,-72.176,-68.056,-66.988,-63.784,-63.021,-60.121,-59.511,-57.527,-54.323,-47.456,-42.116,-37.843,-34.181,-30.213,-28.23,-26.704,-27.314,-23.499,-19.379,-13.428,-11.139,-10.376,-10.529,-11.292,-10.529,-9.9185,-9.4607,-9.1556,-11.597,-14.496,-19.074,-21.516,-25.33,-25.178,-25.788,-24.873,-23.804,-22.279,-23.957,-26.704,-31.434,-36.012,-43.641,-49.287,-54.933,-56.917,-58.29,-56.001,-55.391,-54.323,-57.07,-57.985,-60.732,-64.241,-68.361,-71.413,-73.244,-72.634,-72.634,-68.361,-65.31,-60.579,-57.375,-52.339,-49.745,-46.083,-43.641,-41.2,-36.927,-31.739,-27.772,-24.11,-20.295,-15.412,-10.834,-7.477,-6.5615,-5.1881,-6.8667,-9.3081,-11.444,-12.36,-13.428,-15.107,-17.09,-17.243,-19.227,-19.074,-20.447,-21.21,-23.652,-23.347,-23.499,-22.584,-21.058,-18.464,-16.785,-13.276,-9.6133,-5.9511,-3.9674,-0.61037,0.76296,2.5941,0.91556,-0.91556,-2.7467,-3.8148,-4.4252,-3.0519,-1.0681,1.3733,4.883,8.5452,10.529,14.801,17.396,20.142,20.142,21.516,22.126,23.804,25.025,26.093,28.84,32.35,36.012,39.369,40.895,43.641,45.473,48.83,51.576,56.917,60.732,64.699,66.988,69.43,70.803,72.939,75.076,77.059,78.127,81.942,83.773,86.367,88.198,92.929,96.896,100.41,104.68,108.19,108.65,109.56,109.71,110.48,110.78,112.61,111.09,110.93,110.02,109.87,108.8,108.65,109.1,111.09,113.38,116.28,117.8,118.72,117.95,119.48,120.09,121.77,122.68,122.84,121.92,119.94,118.11,116.89,116.73,118.26,119.17,121.62,123.45,127.72,131.38,136.42,139.16,143.44,146.95,150.3,152.59,155.34,157.32,159.15,160.53,161.6,162.05,164.49,166.63,170.9,174.41,178.08,179.6,180.82,181.89,184.33,185.4,186.01,185.55,184.18,181.43,179.45,176.24,173.04,169.68,168.16,165.26,162.66,159.76,157.32,154.42,151.68,151.22,151.83,151.22,150.3,150.46,154.12,156.56,160.83,162.66,163.27,160.07,155.64,151.07,145.42,139.93,136.42,133.82,131.23,127.87,127.41,124.97,123.91,119.94,115.51,108.8,102.54,95.218,87.588,79.196,72.024,65.157,61.19,56.612,52.187,46.846,42.879,37.385,34.028,30.366,29.298,25.483,25.636,25.636,24.415,24.262,24.262,23.041,20.6,17.243,16.175,14.649,16.48,18.159,19.99,19.074,18.464,19.074,18.616,15.412,12.97,9.1556,7.477,5.4933,5.7985,3.5096,4.5778,2.4415,0.61037,-1.9837,-0.91556,-1.0681,-0.45778,-0.91556,-1.9837,-4.4252,-6.2563,-9.7659,-14.039,-18.616,-21.821,-27.467,-31.587,-34.639,-35.401,-36.775,-35.401,-33.876,-34.639,-37.538,-38.759,-38.606,-36.775,-34.181,-30.519,-29.298,-27.009,-26.399,-24.11,-22.584,-19.837,-20.447,-21.821,-22.126,-22.584,-22.431,-20.753,-17.243,-12.513,-11.292,-9.1556,-8.3926,-5.4933,-5.1881,-3.357,-3.8148,-3.6622,-6.4089,-7.477,-8.8504,-10.681,-15.87,-22.279,-28.993,-33.876,-39.369,-43.947,-51.118,-57.68,-62.868,-65.462,-68.209,-72.481,-75.991,-79.043,-82.4,-85.452,-88.656,-92.013,-93.692,-94.607,-95.523,-95.065,-97.812,-96.591,-97.201,-96.896,-102.08,-106.2,-110.93,-115.51,-120.24,-121.31,-121.16,-118.72,-115.51,-112.16,-111.24,-109.26,-111.39,-113.22,-117.95,-118.41,-117.34,-112.31,-109.41,-106.66,-103.61,-99.796,-96.133,-92.166,-88.656,-84.384,-82.553,-77.822,-74.618,-72.939,-75.686,-76.601,-77.212,-74.618,-72.787,-70.65,-69.43,-68.056,-68.209,-67.751,-67.141,-63.936,-65.157,-63.631,-65.767,-66.378,-73.397,-80.874,-93.387,-104.68,-115.21,-121.01,-123.6,-122.99,-120.55,-117.19,-116.12,-114.75,-116.58,-119.02,-125.58,-132.15,-139.62,-142.98,-147.4,-151.07,-154.27,-155.64,-157.93,-162.36,-166.78,-168.31,-168.92,-166.48,-166.48,-165.87,-166.17,-165.11,-166.78,-167.55,-168,-168.77,-170.6,-171.51,-172.28,-171.21,-170.9,-168.31,-166.02,-162.82,-159.92,-153.2,-147.86,-141,-135.96,-128.48,-121.31,-114.9,-108.19,-101.78,-95.676,-88.351,-84.231,-79.501,-78.127,-76.144,-75.533,-71.871,-68.819,-66.683,-66.988,-69.124,-72.939,-75.838,-79.196,-81.484,-85.452,-86.52,-89.877,-90.793,-92.471,-93.387,-93.692,-92.318,-91.403,-88.351,-86.367,-83.163,-81.179,-80.569,-80.874,-80.874,-80.721,-76.907,-74.465,-70.956,-67.904,-63.021,-60.274,-57.375,-54.781,-52.034,-47.914,-41.505,-34.944,-27.314,-21.821,-16.327,-13.428,-8.24,-5.3407,-1.2207,1.8311,5.4933,7.7822,10.987,14.954,18.616,22.431,26.704,28.993,30.824,30.824,32.655,33.113,34.639,33.265,35.401,36.164,37.233,38.301,40.284,40.59,41.2,42.726,45.625,49.593,53.407,55.391,59.358,60.579,62.258,63.784,70.193,74.16,79.043,83.163,89.419,95.065,102.08,108.19,113.83,116.43,116.28,116.12,117.5,117.5,119.63,119.94,119.17,114.44,109.71,104.07,99.49,94.455,92.318,89.877,86.52,80.569,74.007,66.683,59.969,51.881,45.93,38.453,34.639,29.756,26.704,21.21,17.853,16.022,15.412,13.276,12.055,12.665,16.022,21.516,28.382,32.044,35.249,35.554,37.233,38.759,40.437,40.437,43.641,47.304,50.356,52.95,54.323,55.696,55.391,52.187,49.44,46.846,44.252,40.742,39.216,36.47,34.944,30.671,27.314,23.347,21.973,18.921,13.886,6.7141,-1.0681,-8.3926,-11.902,-16.938,-18.921,-21.668,-23.194,-28.382,-32.35,-38.453,-42.879,-47.151,-50.661,-54.933,-56.459,-58.443,-60.121,-61.647,-59.969,-61.037,-59.358,-59.358,-56.764,-52.95,-47.304,-42.879,-37.843,-33.113,-28.993,-25.941,-21.058,-17.396,-13.276,-10.376,-6.4089,-5.4933,-3.357,-2.4415,0.61037,0.91556,0.45778,-0.30519,-1.3733,-2.5941,-5.4933,-9.1556,-11.292,-13.428,-16.022,-19.684,-23.041,-28.535,-32.96,-38.301,-42.879,-45.93,-46.388,-45.473,-43.031,-40.284,-36.47,-33.723,-30.976,-30.671,-30.671,-33.113,-33.876,-34.028,-32.044,-32.502,-32.655,-35.554,-35.859,-34.333,-30.671,-27.161,-22.126,-17.548,-14.649,-15.87,-15.259,-16.785,-17.243,-18.616,-19.684,-21.668,-24.567,-27.467,-30.671,-34.944,-38.606,-42.268,-42.116,-43.184,-41.353,-43.184,-45.473,-50.356,-55.544,-62.716,-70.04,-74.923,-77.059,-79.043,-80.874,-85.299,-88.046,-93.844,-99.033,-106.05,-107.12,-106.05,-104.37,-104.83,-106.66,-110.78,-114.44,-118.72,-122.84,-126.96,-128.48,-131.53,-132.76,-135.96,-137.64,-139.01,-137.79,-137.18,-133.52,-128.48,-121.62,-111.85,-100.1,-91.708,-85.452,-85.147,-83.926,-86.52,-85.757,-83.926,-78.738,-73.092,-65.31,-56.612,-49.745,-46.846,-47.914,-52.492,-55.544,-59.664,-62.41,-66.53,-67.904,-70.956,-72.176,-73.244,-74.923,-78.89,-81.79,-84.231,-85.757,-88.198,-88.809,-90.487,-91.403,-94.607,-94.15,-93.844,-91.098,-89.724,-88.198,-89.877,-90.03,-90.793,-89.724,-87.893,-84.536,-83.163,-79.806,-78.28,-71.566,-68.209,-65.157,-64.699,-64.547,-64.394,-63.478,-61.953,-58.596,-59.511,-60.121,-62.258,-63.173,-65.31,-67.293,-68.972,-68.667,-66.836,-65.31,-64.089,-63.021,-68.056,-74.16,-79.958,-81.637,-82.247,-80.264,-78.127,-75.381,-75.076,-73.397,-72.329,-69.582,-66.225,-60.427,-56.307,-49.745,-45.32,-39.064,-32.655,-23.499,-14.496,-4.883,2.7467,10.834,17.396,25.178,29.603,32.96,33.57,36.622,38.759,42.879,46.999,50.356,53.56,54.781,52.492,49.898,46.388,43.641,42.573,43.641,44.099,45.625,44.404,41.963,38.759,36.317,36.164,38.148,40.284,41.963,43.489,44.252,43.489,45.015,46.999,50.05,53.102,57.07,61.495,65.767,71.108,77.975,83.926,89.419,93.844,98.117,102.24,106.05,106.2,105.75,102.39,98.575,93.387,87.436,82.858,79.501,76.449,73.855,70.65,68.819,66.225,64.241,59.969,56.307,49.44,44.862,42.268,39.827,36.47,33.265,29.908,25.941,20.753,16.022,14.191,14.039,11.902,10.376,6.8667,3.9674,-0.91556,-3.9674,-7.6296,-9.4607,-10.834,-12.818,-14.954,-14.649,-13.581,-11.292,-10.987,-7.3244,-5.0356,-2.4415,-2.4415,-0.91556,-2.2889,-2.2889,-3.8148,-5.3407,-6.4089,-7.3244,-9.3081,-9.4607,-10.834,-9.9185,-10.987,-11.597,-15.412,-18.769,-22.431,-23.957,-25.788,-23.957,-21.668,-17.09,-13.581,-11.139,-10.529,-11.597,-14.954,-17.853,-19.99,-16.022,-10.224,-4.5778,-0.61037,5.3407,7.477,10.834,13.123,16.022,20.295,24.262,27.009,32.197,38.606,44.099,47.761,53.713,55.544,54.17,50.661,49.745,48.219,48.219,46.999,46.236,46.236,47.914,50.05,51.424,50.05,47.914,44.71,41.353,36.164,33.265,27.161,23.194,19.99,19.074,17.396,17.243,12.97,5.0356,-0.91556,-3.9674,-5.6459,-4.5778,-1.8311,3.0519,3.9674,5.7985,7.477,11.902,15.107,16.48,14.954,14.344,15.717,18.159,18.159,17.701,18.769,22.431,23.499,24.567,22.889,24.72,24.72,25.636,24.873,25.483,24.72,25.178,24.262,22.126,19.684,17.853,14.801,11.75,7.6296,3.357,-1.8311,-6.2563,-11.292,-16.022,-21.363,-22.584,-24.567,-24.415,-24.567,-26.704,-31.281,-35.249,-38.606,-39.979,-41.81,-43.336,-46.083,-45.167,-44.404,-42.879,-43.641,-42.421,-43.947,-47.304,-50.966,-53.255,-55.391,-57.527,-60.732,-61.495,-60.274,-57.375,-55.696,-53.407,-52.034,-48.83,-46.999,-42.116,-38.148,-30.976,-23.041,-18.006,-13.428,-9.3081,-7.7822,-6.4089,-5.6459,-4.2726,-3.9674,-0.91556,1.0681,2.4415,1.6785,1.5259,-1.8311,-4.12,-6.5615,-8.0874,-10.834,-13.428,-15.259,-17.548,-18.464,-16.938,-17.701,-16.022,-16.022,-15.412,-17.396,-18.159,-16.48,-10.681,-5.3407,-1.6785,-0.30519,1.8311,3.357,4.7304,3.2044,3.6622,1.9837,2.8993,2.5941,4.7304,5.0356,7.3244,9.4607,12.36,15.259,19.379,21.363,24.262,26.246,28.84,29.756,33.113,36.622,44.252,49.898,56.001,60.884,65.462,68.819,71.718,73.702,73.244,71.566,71.871,72.329,74.923,75.991,76.754,77.364,78.28,79.501,80.721,82.4,84.994,86.215,87.893,87.741,86.367,83.316,82.858,83.01,85.91,87.741,90.03,91.098,92.776,93.081,95.218,96.591,101.32,104.98,110.78,115.21,120.24,124.06,128.79,132.15,135.2,138.86,142.83,144.05,145.57,142.83,140.39,137.33,137.03,138.55,141.91,144.96,148.01,148.78,148.78,147.86,148.63,148.78,150.46,150.76,152.9,153.2,155.19,156.25,155.95,152.13,147.4,141.91,138.55,136.27,137.03,137.33,136.11,131.69,130.31,129.55,128.33,123.75,119.17,116.58,115.97,113.38,110.32,107.27,107.58,110.78,114.44,113.38,113.38,112.46,113.38,113.07,114.9,115.97,117.34,117.34,116.43,114.6,111.85,110.17,112.31,113.38,116.28,115.82,115.21,110.48,109.26,109.26,108.49,108.04,108.8,107.43,106.81,106.66,105.44,99.49,95.065,90.335,89.114,84.536,78.127,71.566,65.767,61.037,60.274,59.511,58.596,54.781,53.102,48.982,47.304,43.947,44.099,44.099,46.541,49.593,53.102,52.034,49.44,45.167,42.726,38.911,36.012,29.603,27.772,25.636,27.314,26.704,27.161,24.873,22.279,20.753,19.99,18.616,19.074,18.769,20.142,21.668,24.72,24.262,25.025,26.246,28.84,28.687,28.535,27.314,23.652,19.227,16.022,11.75,7.7822,3.357,-0,-4.2726,-6.2563,-10.224,-12.055,-14.039,-14.039,-12.818,-14.191,-18.616,-21.516,-24.11,-27.467,-30.976,-31.587,-31.587,-30.824,-31.281,-32.197,-32.807,-33.113,-36.622,-37.538,-37.538,-36.622,-32.96,-29.145,-27.772,-27.467,-27.619,-25.33,-22.279,-18.159,-15.87,-12.818,-10.376,-7.9348,-7.9348,-8.24,-5.6459,-1.9837,1.3733,7.477,13.428,16.785,16.48,17.548,18.311,18.006,14.191,10.071,3.5096,-4.883,-11.444,-14.649,-17.701,-21.668,-25.941,-34.028,-43.489,-50.966,-57.07,-61.8,-67.904,-73.397,-80.569,-87.283,-93.387,-96.133,-97.964,-98.575,-98.117,-96.896,-97.507,-99.796,-104.98,-108.95,-115.51,-118.87,-123.75,-126.19,-130.16,-131.84,-133.52,-134.59,-134.28,-133.67,-132.91,-131.38,-130.16,-125.74,-121.31,-114.6,-108.65,-99.338,-92.929,-86.825,-83.316,-80.721,-80.111,-76.449,-71.261,-67.904,-69.887,-69.277,-69.43,-66.683,-63.478,-57.222,-52.492,-46.541,-45.778,-45.93,-44.404,-38.606,-32.96,-26.246,-19.379,-15.107,-14.191,-14.039,-17.853,-20.295,-21.973,-21.973,-24.11,-25.178,-26.093,-26.399,-27.772,-30.519,-34.333,-37.69,-43.031,-48.219,-51.271,-50.05,-49.898,-46.541,-45.32,-41.658,-39.979,-34.791,-31.129,-28.077,-25.483,-24.567,-24.567,-22.736,-21.21,-18.006,-15.87,-12.665,-10.987,-9.4607,-11.444,-14.344,-17.548,-22.126,-28.077,-32.807,-37.08,-42.421,-47.456,-52.034,-56.917,-58.29,-60.274,-60.884,-61.037,-59.664,-57.833,-53.407,-47.456,-41.2,-36.927,-33.876,-32.807,-28.535,-25.941,-22.889,-20.295,-16.48,-13.581,-10.834,-10.376,-9.1556,-6.8667,-2.8993,2.4415,9.4607,14.344,19.532,21.516,23.652,24.567,25.178,24.567,22.431,21.668,17.853,12.97,9.7659,7.9348,8.24,6.2563,5.3407,2.2889,1.8311,-0.30519,-1.8311,-2.4415,-3.9674,-6.1037,-5.7985,-5.4933,-7.3244,-8.6978,-9.4607,-11.444,-10.529,-10.224,-10.071,-9.1556,-7.3244,-4.883,-2.1363,-1.8311,-2.5941,-3.0519,-1.8311,1.2207,5.1881,9.6133,16.022,20.295,24.11,25.788,27.314,27.619,28.993,32.044,32.655,34.639,37.538,40.59,46.388,48.372,50.05,50.508,50.966,49.135,47.914,46.693,43.336,40.132,40.284,41.505,42.116,42.573,43.641,42.879,42.573,39.674,38.606,37.538,39.216,38.453,38.453,37.996,36.927,35.859,34.639,31.129,27.772,21.668,16.633,8.6978,2.1363,-6.5615,-12.36,-19.837,-26.856,-35.249,-41.353,-45.473,-49.898,-56.001,-59.511,-62.868,-63.326,-63.173,-60.732,-59.206,-55.544,-54.628,-54.018,-51.576,-45.473,-39.521,-31.129,-23.499,-14.039,-8.3926,-3.8148,-4.7304,-4.4252,-1.9837,2.7467,7.477,12.055,13.886,16.785,18.769,21.058,19.837,19.227,17.243,18.311,18.311,16.938,13.276,7.9348,-0.30519,-5.1881,-12.207,-18.464,-24.262,-27.924,-34.333,-37.233,-42.573,-45.32,-46.999,-47.304,-49.745,-50.661,-52.034,-52.797,-53.713,-52.644,-52.492,-51.729,-50.05,-49.135,-47.761,-45.32,-42.726,-42.116,-43.031,-43.641,-43.336,-41.658,-40.59,-38.911,-38.148,-35.707,-33.57,-32.502,-33.57,-34.944,-35.707,-35.554,-36.927,-37.538,-39.979,-40.895,-43.641,-44.404,-47.609,-49.135,-51.424,-49.898,-47.609,-45.015,-43.489,-41.2,-38.606,-35.859,-34.639,-31.281,-27.924,-21.21,-16.633,-10.376,-7.6296,-4.5778,-2.2889,-0,2.4415,4.4252,5.3407,3.2044,-1.3733,-3.9674,-3.8148,-2.2889,-2.7467,-4.12,-6.4089,-7.3244,-9.6133,-9.9185,-9.003,-9.1556,-11.902,-11.292,-12.513,-11.597,-12.665,-12.665,-17.09,-20.753,-25.33,-27.619,-30.519,-31.892,-33.265,-33.265,-34.639,-33.876,-35.707,-39.064,-43.641,-47.151,-52.644,-55.696,-59.816,-61.495,-63.936,-64.089,-63.478,-59.511,-57.07,-54.476,-53.713,-50.966,-49.135,-47.304,-47.914,-47.609,-49.898,-48.677,-48.067,-44.557,-43.336,-40.132,-37.385,-34.181,-33.723,-31.129,-31.434,-30.519,-30.061,-27.161,-24.415,-19.074,-17.548,-12.665,-9.003,-4.2726,-3.357,-3.357,-2.4415,-0.30519,0.76296,0.91556,-1.0681,-0.76296,-1.0681,1.2207,2.2889,3.5096,1.8311,2.1363,1.2207,3.9674,5.4933,7.1718,7.6296,8.3926,8.8504,10.529,9.7659,11.444,11.902,13.581,13.276,14.954,17.396,23.804,27.467,33.57,38.301,42.879,44.862,45.93,45.625,44.71,42.116,41.353,37.843,37.233,34.486,32.197,27.314,24.873,21.058,19.837,18.464,18.311,17.853,17.701,17.243,16.633,13.733,11.139,8.8504,8.5452,6.7141,6.2563,4.7304,6.1037,5.4933,5.3407,5.4933,7.7822,9.4607,10.987,12.207,13.886,14.954,14.496,13.733,16.48,17.243,20.447,20.905,21.363,18.921,16.633,13.123,9.4607,5.4933,3.5096,0.91556,-1.5259,-6.4089,-10.376,-14.954,-17.396,-23.347,-27.009,-31.739,-34.181,-38.148,-40.284,-43.184,-46.999,-49.745,-50.05,-50.05,-49.44,-49.593,-48.83,-49.287,-47.914,-48.524,-46.083,-45.32,-43.641,-43.489,-40.59,-37.385,-34.181,-31.739,-28.535,-27.467,-27.009,-27.924,-26.093,-25.483,-21.058,-19.074,-14.649,-11.444,-6.8667,-3.5096,0.15259,3.2044,7.7822,11.139,16.327,20.6,26.856,30.213,34.333,36.775,40.742,41.2,43.336,43.489,46.388,50.203,55.849,59.816,64.547,66.836,71.871,75.838,81.942,86.825,93.234,97.354,101.78,104.37,106.97,109.87,112.61,115.05,117.8,120.7,123.75,126.8,130.77,132.6,133.67,133.67,133.21,132.6,133.37,132.3,132.6,131.08,129.09,129.25,131.38,133.06,133.37,134.59,135.5,136.27,137.18,135.2,134.59,133.06,130.77,127.87,125.43,124.06,123.14,121.77,121.31,122.68,125.74,129.4,133.98,137.33,140.84,142.98,147.4,149.85,153.2,154.27,156.41,156.56,156.1,154.27,153.05,152.75,151.37,148.32,146.18,142.52,140.54,134.74,130.77,125.43,121.46,116.43,114.6,112.31,110.63,107.58,104.53,101.93,97.354,92.624,88.046,81.637,76.449,71.413,68.514,64.699,61.495,58.596,57.68,55.391,52.95,49.898,46.999,44.404,43.336,43.184,43.489,43.031,43.184,40.742,40.895,40.437,37.385,32.807,30.061,28.23,26.856,24.262,20.905,16.175,10.681,6.8667,2.8993,-2.7467,-6.4089,-11.902,-15.87,-22.126,-27.467,-31.892,-33.418,-34.944,-33.723,-32.502,-30.061,-28.382,-26.856,-25.33,-23.041,-20.142,-16.327,-12.97,-8.24,-3.5096,2.4415,7.9348,14.801,21.363,27.314,32.35,36.622,39.827,42.268,41.505,39.369,36.47,38.606,41.047,43.489,45.015,47.304,47.914,49.44,51.118,54.628,59.664,63.784,66.53,68.209,69.582,71.871,73.092,75.838,76.907,78.28,76.449,75.381,72.176,68.361,64.089,59.206,51.576,43.031,34.181,25.025,14.954,5.0356,-5.9511,-15.412,-22.584,-27.467,-33.418,-38.453,-43.947,-49.745,-53.56,-55.696,-61.647,-65.92,-70.65,-73.855,-76.449,-77.822,-83.773,-87.436,-89.572,-88.198,-88.046,-87.436,-88.656,-88.351,-87.893,-87.13,-87.436,-85.299,-81.79,-78.127,-76.144,-74.007,-74.465,-72.329,-72.176,-72.481,-74.923,-73.244,-71.718,-69.735,-67.598,-65.462,-64.394,-62.41,-61.495,-59.969,-60.732,-59.206,-60.274,-60.579,-60.884,-58.596,-58.138,-56.764,-54.628,-53.56,-54.781,-56.154,-56.307,-55.238,-54.628,-52.339,-52.187,-51.424,-52.339,-53.102,-55.086,-55.238,-57.375,-57.222,-58.29,-59.053,-61.037,-63.173,-65.31,-67.446,-70.803,-72.024,-75.228,-76.907,-81.637,-84.231,-89.419,-92.624,-94.455,-92.929,-92.929,-93.997,-95.37,-95.828,-96.438,-95.37,-97.659,-99.033,-103.15,-104.83,-108.49,-110.93,-116.28,-119.48,-123.75,-129.09,-134.13,-136.27,-136.57,-136.27,-135.04,-135.2,-139.47,-143.44,-148.01,-150.76,-153.81,-154.12,-154.12,-153.36,-151.68,-149.39,-144.96,-138.55,-133.21,-127.72,-122.07,-116.12,-110.63,-102.69,-96.438,-89.114,-82.553,-74.77,-67.904,-60.732,-54.17,-48.067,-42.421,-35.554,-27.772,-18.311,-10.834,-1.0681,6.8667,15.107,21.516,29.603,35.554,42.879,48.524,55.086,60.427,65.92,72.024,79.196,86.215,94.15,100.71,107.73,111.7,115.82,117.65,120.24,119.94,121.77,122.84,126.35,129.55,133.52,137.03,140.84,143.13,146.49,148.93,152.59,153.81,158.09,159.76,164.19,166.48,169.68,170.75,174.26,177.92,182.81,186.93,192.11,197.91,205.24,210.73,216.38,220.8,226.6,231.18,237.59,242.32,247.81,251.47,255.9,260.17,264.6,268.41,272.38,276.5,281.84,285.81,290.38,293.44,297.4,299.54,302.29,302.44,303.2,302.44,301.83,300.91,300.15,298.32,299.08,298.47,297.86,295.57,293.89,290.69,289.01,285.5,283.52,280.16,278.48,273.75,270.39,266.12,260.02,252.69,246.74,240.94,234.38,226.91,219.73,209.51,201.42,194.71,191.5,188.3,186.32,181.74,177.16,172.58,168,162.05,156.56,150.76,147.56,144.51,142.67,139.93,139.47,136.42,133.82,129.4,126.5,124.21,122.23,119.02,114.44,110.32,107.43,104.07,102.39,99.49,99.338,98.27,99.033,100.41,104.37,106.2,107.27,105.9,104.68,102.85,100.71,99.185,98.88,99.185,100.25,99.49,100.41,99.948,98.727,93.234,88.961,84.536,79.806,74.77,70.04,65.92,62.563,57.527,53.255,47.609,42.726,36.47,29.45,20.295,13.276,7.477,3.9674,0.76296,-2.5941,-4.4252,-5.9511,-7.9348,-7.9348,-6.8667,-4.883,-7.1718,-8.5452,-12.36,-17.09,-24.11,-29.756,-34.486,-36.47,-39.521,-43.641,-48.83,-56.764,-66.225,-74.923,-81.942,-88.046,-94.913,-102.69,-113.22,-121.92,-133.21,-143.74,-155.49,-163.12,-170.29,-180.52,-192.57,-202.49,-212.41,-218.67,-221.87,-220.5,-221.56,-222.94,-228.43,-231.48,-234.08,-234.08,-235.91,-235.6,-235.3,-235.6,-236.67,-238.04,-241.1,-244.76,-248.57,-251.01,-257.12,-262,-269.33,-278.63,-289.01,-296.18,-304.88,-311.75,-318.31,-322.73,-326.09,-332.5,-345.93,-360.88,-374.46,-379.8,-380.87,-375.68,-366.68,-356,-348.37,-342.72,-338.91,-338.6,-337.23,-322.58,-293.44,-249.18,-206.92,-177.92,-172.43,-175.79,-171.21,-141.76,-97.964,-36.622,20.905,44.862,42.573,50.661,82.247,123.29,170.9,206.46,213.48,203.86,189.21,188.15,198.37,214.85,229.04,227.82,207.98,169.99,119.94,69.735,40.284,42.879,59.816,85.299,112.92,120.55,96.591,60.884,23.347,-15.717,-51.424,-75.533,-90.487,-108.49,-136.57,-168.92,-204.02,-235.76,-260.78,-272.23,-278.63,-280.62,-284.89,-295.57,-316.17,-345.77,-375.38,-398.11,-408.8,-399.64,-378.58,-358.13,-348.22,-350.66,-367.29,-399.33,-441.76,-481.12,-507.07,-512.71,-491.65,-463.12,-435.8,-419.17,-420.39,-438.09,-466.78,-485.55,-496.54,-499.89,-491.81,-481.58,-475.33,-477.31,-478.68,-481.73,-489.36,-500.81,-508.59,-507.68,-500.2,-491.04,-479.29,-468.15,-468.61,-481.28,-506.76,-529.65,-538.19,-543.38,-546.59,-546.43,-546.74,-550.1,-551.47,-552.54,-559.56,-567.64,-578.33,-588.09,-599.54,-613.12,-634.94,-660.12,-673.7,-668.36,-645.16,-620.75,-607.01,-600.15,-598.93,-593.74,-587.94,-587.94,-596.79,-610.22,-623.34,-637.38,-653.71,-669.12,-677.66,-673.54,-659.66,-641.5,-623.34,-604.42,-588.55,-572.98,-561.54,-550.71,-543.38,-539.41,-540.33,-546.74,-554.83,-566.27,-580.31,-597.55,-609.76,-604.72,-589.31,-561.39,-526.9,-492.11,-463.42,-445.88,-433.52,-421.92,-409.86,-399.33,-390.18,-381.02,-378.28,-375.99,-375.84,-376.45,-380.57,-383.16,-383.62,-384.84,-383.16,-376.14,-366.99,-357.98,-347.15,-334.48,-323.19,-309.31,-298.78,-287.79,-274.97,-262.46,-254.37,-251.78,-253,-252.54,-250.1,-248.88,-249.03,-248.57,-247.96,-243.39,-237.59,-227.52,-216.68,-206,-195.47,-185.55,-175.02,-167.55,-161.14,-154.27,-151.22,-149.24,-149.24,-147.71,-144.81,-134.89,-122.68,-112.92,-104.22,-94.15,-84.231,-76.601,-72.176,-68.514,-63.784,-54.933,-46.236,-36.622,-26.399,-15.259,-5.0356,5.6459,19.227,34.181,49.135,65.615,83.316,100.86,114.14,126.04,133.82,138.4,138.71,139.93,142.67,149.24,155.8,164.95,176.85,190.28,202.95,209.66,215,223.85,231.33,237.43,239.11,240.64,238.2,236.98,231.64,225.68,219.58,215.61,212.41,210.12,207.98,207.68,206,204.32,200.81,200.2,197.45,195.78,192.72,192.27,192.72,193.64,197.3,204.02,211.65,217.75,222.33,226.45,228.13,231.03,230.57,229.65,228.43,231.94,234.69,240.49,245.22,250.71,255.59,258.34,259.41,260.17,258.8,258.03,258.34,261.09,262.46,264.14,264.9,267.65,272.07,276.19,276.65,276.04,274.82,272.68,267.8,262.31,257.42,253.3,248.88,248.12,247.51,246.74,244.76,242.62,241.1,239.27,235.45,230.87,224.92,218.21,212.71,210.43,209.2,210.43,211.8,216.07,220.34,224.16,224.16,223.09,222.48,226.14,233.31,241.71,247.81,254.07,259.1,264.14,266.12,268.56,268.87,269.02,269.33,273.29,277.57,282.6,284.89,284.43,280.77,277.11,272.23,270.24,269.33,272.53,273.6,274.36,271.16,268.11,263.53,259.71,256.81,255.59,251.63,247.81,245.06,245.06,244.61,245.98,247.2,249.03,248.88,249.79,249.03,247.96,245.37,244.45,244.76,245.06,245.67,248.42,248.73,250.1,247.96,249.18,246.89,246.13,241.55,236.21,228.13,222.94,219.43,216.99,213.32,210.12,206.76,208.14,208.29,211.34,211.19,212.26,211.65,211.65,212.41,213.17,213.32,212.41,211.19,211.34,211.8,214.39,215.31,217.44,217.29,216.68,216.99,219.28,220.04,219.58,218.82,218.21,217.75,217.9,217.9,216.68,213.93,211.19,209.66,211.49,213.02,213.32,213.17,214.55,214.85,213.32,210.73,209.81,209.97,212.26,211.19,209.2,204.78,201.42,195.32,191.2,185.55,181.13,179.3,178.84,180.52,182.2,183.57,184.79,184.48,185.71,187.38,188.91,188.76,188.45,186.47,184.18,180.52,178.99,178.53,178.08,178.53,179.6,180.82,181.28,181.74,183.26,183.57,184.79,183.42,182.35,180.36,178.53,175.94,174.26,172.43,171.06,168.77,167.55,164.49,161.44,157.63,155.19,151.83,149.08,145.73,143.13,139.16,135.5,132.3,129.55,127.26,124.82,123.45,122.07,121.62,122.53,123.29,126.5,126.65,127.41,125.74,123.75,119.94,115.67,112.31,110.32,108.34,106.2,103.61,101.78,100.86,101.02,101.17,104.07,106.51,110.78,112.31,116.73,122.99,130.62,138.1,145.27,150,153.2,155.49,159.92,162.05,167.09,171.51,177.62,182.04,187.54,191.05,194.1,196.69,197.91,199.59,202.03,203.41,203.1,201.12,200.05,197.61,195.32,191.2,187.84,185.09,184.03,181.74,179.6,179.45,180.82,180.97,181.28,179.75,178.08,173.8,172.58,172.28,175.79,179.14,182.35,183.26,183.11,181.74,179.14,176.85,175.33,174.26,174.26,173.04,173.65,172.28,169.38,165.26,164.34,161.6,160.07,157.17,153.97,151.22,148.63,145.88,142.22,137.79,135.04,130.31,126.19,121.16,117.65,112.92,108.19,103.31,98.727,96.438,95.828,95.218,95.065,94.607,95.37,94.455,95.676,95.676,96.438,95.37,95.523,93.997,91.708,88.656,86.825,85.147,84.994,84.231,84.689,82.705,79.958,75.838,73.702,68.819,64.241,60.732,57.527,54.323,51.424,46.693,43.947,41.658,39.979,37.538,34.944,30.061,26.856,21.058,17.548,13.276,10.224,6.7141,2.8993,-0.91556,-5.0356,-8.0874,-7.477,-5.6459,-0.76296,3.357,7.9348,8.6978,10.987,13.123,16.327,18.464,21.058,24.72,28.687,29.908,33.57,37.385,41.505,44.252,48.219,49.898,52.187,54.018,57.527,62.41,68.209,74.313,79.958,82.4,83.316,81.637,82.4,83.621,85.147,85.91,88.351,88.351,89.724,88.046,88.351,88.656,90.487,94.15,96.744,96.438,97.659,98.727,99.796,101.17,102.08,99.948,99.033,97.201,96.438,93.997,95.218,96.896,99.185,100.41,102.24,103.31,102.24,99.185,95.065,88.504,81.637,72.176,63.784,52.034,41.658,30.824,22.279,14.496,8.8504,3.9674,0.76296,-0.91556,-0.61037,-1.2207,-2.7467,-7.7822,-13.581,-22.279,-28.23,-33.876,-36.012,-40.132,-42.726,-45.015,-48.219,-52.339,-56.001,-59.969,-62.868,-66.53,-69.124,-72.176,-74.465,-78.127,-79.501,-79.958,-78.89,-77.822,-75.228,-73.55,-72.634,-70.498,-68.056,-68.819,-70.803,-74.313,-76.449,-79.958,-81.79,-83.163,-82.4,-81.637,-79.043,-78.127,-75.991,-73.397,-70.498,-67.904,-65.92,-62.105,-59.206,-57.375,-53.865,-51.118,-48.067,-46.999,-45.778,-46.083,-44.557,-41.81,-39.216,-35.859,-32.655,-30.366,-28.382,-27.924,-28.23,-31.434,-34.333,-35.096,-33.265,-31.129,-28.993,-28.535,-28.535,-30.061,-31.739,-34.639,-38.453,-41.81,-44.862,-47.914,-49.44,-51.424,-52.187,-52.339,-49.287,-47.456,-46.693,-47.151,-46.083,-45.93,-46.693,-49.745,-52.034,-53.407,-54.17,-55.696,-56.307,-58.29,-58.29,-60.732,-60.732,-58.748,-56.764,-55.086,-52.339,-50.356,-46.083,-42.573,-38.606,-38.148,-37.996,-39.674,-40.59,-43.489,-45.93,-46.236,-45.167,-46.541,-48.524,-51.424,-53.407,-59.053,-60.732,-64.089,-66.225,-70.498,-72.024,-72.024,-72.939,-72.481,-70.65,-68.972,-67.141,-65.615,-61.495,-60.579,-59.664,-60.121,-59.053,-58.443,-56.307,-55.086,-54.933,-55.086,-54.781,-53.865,-53.865,-53.865,-53.56,-54.933,-55.849,-57.985,-59.053,-61.342,-62.563,-64.699,-65.92,-66.683,-66.073,-66.378,-66.53,-66.836,-66.836,-67.293,-65.462,-65.31,-64.699,-65.31,-63.326,-60.274,-57.222,-54.323,-51.118,-50.203,-50.966,-52.492,-52.034,-51.729,-51.424,-52.339,-53.255,-56.764,-60.274,-64.547,-68.514,-71.566,-72.329,-70.803,-68.056,-66.378,-63.021,-59.206,-55.086,-53.713,-51.118,-49.745,-48.372,-47.914,-46.083,-42.573,-39.064,-36.775,-33.876,-31.587,-29.145,-27.467,-25.483,-26.704,-26.856,-28.23,-27.619,-26.093,-23.804,-21.973,-19.837,-20.142,-19.532,-18.159,-15.717,-15.107,-13.123,-11.902,-9.9185,-9.1556,-7.3244,-7.0193,-8.5452,-12.36,-15.107,-17.853,-17.396,-14.191,-9.003,-4.12,1.0681,3.6622,5.4933,4.883,5.9511,6.8667,9.003,11.139,15.107,19.532,20.142,18.921,16.022,11.444,7.477,2.8993,-0.30519,-5.6459,-9.6133,-16.785,-22.736,-28.993,-34.486,-38.301,-42.116,-48.219,-56.001,-65.157,-72.939,-82.095,-89.877,-99.643,-103.76,-105.29,-104.53,-105.59,-103.61,-100.1,-95.218,-92.013,-89.267,-86.673,-81.942,-78.89,-72.329,-68.972,-68.819,-69.735,-68.972,-69.887,-69.43,-72.634,-73.55,-74.77,-73.55,-69.43,-62.41,-56.154,-52.034,-50.661,-49.593,-53.255,-54.781,-55.391,-53.255,-52.339,-50.661,-50.356,-46.999,-43.947,-41.353,-40.132,-39.674,-40.895,-40.895,-43.947,-45.32,-46.999,-46.846,-48.219,-46.693,-46.388,-46.693,-49.898,-50.05,-50.356,-50.356,-50.966,-51.881,-53.102,-53.56,-55.544,-54.628,-55.238,-52.339,-52.034,-52.339,-53.102,-51.271,-49.593,-47.609,-45.32,-43.794,-43.336,-41.2,-38.453,-36.775,-39.521,-42.268,-45.015,-43.184,-43.489,-43.184,-41.963,-39.521,-37.843,-36.622,-37.385,-39.216,-40.437,-40.59,-42.421,-45.473,-50.813,-56.459,-63.478,-66.683,-71.108,-72.634,-75.838,-78.127,-81.332,-81.027,-79.958,-79.806,-81.027,-79.958,-79.806,-79.501,-79.958,-78.433,-78.585,-75.686,-74.16,-69.887,-65.462,-59.206,-53.865,-47.456,-41.047,-34.944,-31.587,-28.23,-25.788,-20.447,-18.616,-14.954,-14.801,-13.276,-13.581,-11.292,-10.224,-7.3244,-6.2563,-5.6459,-3.9674,-0.15259,1.5259,3.2044,2.8993,4.7304,4.883,4.883,3.2044,2.1363,2.1363,2.4415,3.0519,5.9511,8.0874,8.8504,7.1718,5.1881,3.0519,2.1363,-1.2207,-2.8993,-3.8148,-1.3733,-1.9837,-0,0.15259,0.45778,-0.76296,0.15259,1.6785,3.5096,5.0356,8.24,10.071,16.175,20.905,27.009,30.976,34.181,32.96,33.723,34.639,36.622,37.843,40.437,42.268,43.184,42.879,46.083,45.167,47.304,49.745,54.323,57.833,63.021,66.225,69.887,73.397,76.449,77.364,76.754,75.533,73.702,70.803,68.819,65.615,62.868,58.596,54.628,49.745,46.999,46.083,46.693,48.067,49.593,50.05,52.187,56.764,61.342,64.394,66.073,65.462,63.478,62.258,61.495,58.138,55.849,53.713,50.661,48.219,46.541,44.099,42.726,39.521,37.385,33.876,31.587,30.976,31.892,32.197,34.028,33.113,32.502,31.892,30.213,27.467,26.093,26.246,26.551,25.483,26.246,25.025,23.804,19.074,15.717,11.139,7.6296,4.4252,3.5096,-0.91556,-3.6622,-5.4933,-6.1037,-7.1718,-4.883,-3.5096,-0.91556,1.6785,5.3407,6.8667,9.1556,9.6133,9.1556,8.5452,7.7822,5.1881,2.4415,-1.3733,-5.0356,-7.6296,-10.681,-15.412,-17.701,-21.363,-22.584,-25.636,-30.213,-34.944,-39.674,-45.778,-52.797,-60.579,-67.904,-75.686,-81.484,-84.841,-84.384,-83.621,-81.79,-82.553,-84.078,-86.825,-88.656,-90.182,-92.166,-93.692,-93.539,-93.997,-91.708,-91.861,-90.945,-90.64,-87.893,-84.384,-81.179,-79.806,-77.822,-77.212,-75.076,-75.533,-71.413,-67.293,-60.427,-55.696,-49.745,-44.404,-39.369,-36.164,-30.061,-25.636,-20.905,-18.616,-15.717,-14.191,-11.139,-11.597,-12.207,-13.733,-12.207,-12.207,-14.344,-18.159,-22.126,-27.314,-32.044,-35.401,-37.233,-43.641,-49.44,-57.985,-64.547,-72.939,-77.364,-81.484,-83.773,-85.299,-84.536,-84.078,-82.4,-82.553,-80.569,-82.705,-83.773,-84.994,-80.874,-75.686,-69.43,-63.784,-57.222,-52.034,-46.388,-42.268,-40.132,-40.742,-42.573,-44.862,-41.658,-39.216,-33.265,-28.687,-24.11,-21.973,-21.973,-24.262,-25.025,-26.704,-26.551,-27.161,-25.941,-25.025,-22.431,-24.415,-26.856,-32.197,-38.301,-47.456,-52.797,-55.086,-54.323,-54.476,-55.238,-56.001,-54.933,-54.323,-52.034,-51.729,-50.966,-52.034,-49.898,-48.982,-46.846,-46.083,-45.625,-46.541,-46.693,-44.404,-39.216,-32.807,-24.11,-19.684,-15.412,-15.259,-14.191,-15.412,-15.717,-19.99,-23.499,-28.23,-31.281,-34.486,-36.622,-37.385,-37.843,-38.911,-37.233,-37.996,-38.148,-41.81,-43.336,-46.999,-50.508,-54.018,-55.849,-56.154,-53.713,-54.628,-56.307,-59.053,-60.579,-64.699,-65.31,-64.852,-62.716,-62.105,-59.206,-57.985,-54.933,-52.187,-47.456,-44.557,-42.726,-41.658,-38.606,-37.996,-36.47,-36.622,-37.385,-39.064,-38.148,-38.148,-37.08,-37.996,-38.759,-41.047,-43.184,-44.404,-44.252,-45.32,-44.252,-45.32,-44.557,-44.404,-42.116,-39.521,-37.69,-36.927,-35.401,-33.876,-29.45,-25.636,-20.753,-17.853,-12.818,-9.7659,-4.7304,-0.45778,5.0356,9.3081,12.665,16.022,19.684,22.279,25.178,27.467,29.908,30.366,33.265,36.164,41.2,42.268,43.794,43.184,43.641,41.353,43.184,45.778,48.83,52.644,58.443,60.732,63.478,65.157,69.735,72.634,74.77,73.244,70.04,65.92,63.021,59.206,56.154,53.255,52.187,50.05,50.661,49.898,50.813,47.151,45.32,42.116,40.132,35.554,34.181,32.35,30.213,27.619,26.551,24.72,24.11,23.041,23.041,23.041,24.262,23.347,23.041,21.21,20.447,18.769,18.311,19.074,21.363,23.347,25.941,25.941,26.399,26.399,28.84,26.704,27.619,26.704,28.535,27.772,28.687,30.061,31.587,31.129,31.892,32.807,34.944,37.08,41.353,44.404,48.372,49.287,49.898,48.982,50.966,52.034,54.781,56.764,58.596,58.901,56.764,54.323,53.56,54.628,56.917,58.138,60.579,61.647,63.936,64.089,63.936,61.647,57.527,54.17,50.203,46.236,44.252,43.031,43.184,42.421,44.252,42.726,42.421,40.132,38.911,36.317,35.096,34.639,36.317,37.08,35.554,32.655,28.535,22.736,19.227,15.564,14.344,11.139,11.444,10.224,7.9348,2.4415,-1.5259,-6.4089,-7.9348,-8.3926,-7.9348,-10.529,-13.733,-18.006,-19.074,-22.431,-23.957,-26.246,-27.314,-29.603,-30.824,-32.502,-32.96,-32.35,-29.756,-28.077,-25.788,-24.873,-18.616,-14.649,-9.7659,-7.9348,-5.4933,-5.9511,-4.5778,-3.5096,-2.4415,-2.1363,-2.4415,-3.357,-3.0519,-3.2044,-2.2889,-3.2044,-2.5941,-1.0681,2.4415,5.1881,7.3244,5.7985,3.357,0.91556,2.4415,5.6459,10.987,14.801,19.379,21.058,22.431,21.668,22.736,22.736,22.279,18.159,14.649,12.207,9.3081,7.9348,7.477,8.3926,9.7659,10.529,13.276,15.564,19.379,19.99,19.99,18.464,17.853,19.074,19.379,18.159,15.107,10.071,5.1881,1.2207,-2.2889,-6.7141,-8.5452,-9.9185,-9.3081,-10.987,-12.055,-15.259,-20.142,-26.246,-32.197,-38.759,-43.794,-50.508,-55.086,-60.274,-62.716,-66.683,-66.988,-69.124,-68.209,-71.261,-72.481,-73.702,-74.618,-77.975,-80.264,-82.247,-82.858,-83.468,-81.332,-80.416,-78.89,-80.569,-82.247,-87.13,-91.861,-95.676,-97.354,-99.796,-100.1,-99.948,-97.354,-96.286,-92.318,-90.793,-87.741,-88.198,-87.283,-89.572,-92.471,-94.607,-98.575,-103.15,-107.43,-111.24,-113.07,-115.97,-115.82,-118.72,-121.62,-126.96,-130.92,-136.72,-140.69,-145.12,-148.78,-150.91,-149.69,-148.63,-147.56,-146.79,-146.34,-146.03,-145.88,-148.32,-149.69,-150.91,-149.69,-147.86,-144.35,-141.91,-142.06,-144.35,-147.71,-150.15,-150.76,-152.44,-150.3,-148.47,-146.79,-146.49,-144.66,-144.81,-144.05,-143.59,-145.12,-147.4,-149.08,-151.68,-152.13,-151.83,-148.93,-144.66,-138.86,-135.35,-129.7,-125.89,-123.75,-122.99,-121.92,-120.55,-119.17,-117.19,-113.83,-110.48,-106.05,-104.83,-103.61,-104.22,-102.69,-102.54,-100.56,-98.117,-93.692,-89.114,-84.231,-80.874,-76.754,-72.787,-68.056,-66.378,-61.953,-57.68,-51.881,-46.999,-39.369,-30.366,-23.041,-19.074,-15.564,-13.428,-10.834,-7.477,-0.45778,4.12,10.529,15.412,22.736,27.924,34.028,39.369,45.473,49.745,53.713,56.001,58.748,60.427,64.547,66.683,70.803,73.855,80.569,85.604,91.403,95.676,101.17,106.2,110.93,114.6,120.55,126.04,132.45,138.71,145.57,151.98,158.85,162.51,166.94,171.36,177.62,185.55,193.64,201.73,211.34,222.02,232.86,242.93,255.13,266.12,278.33,287.94,299.39,308.85,318.31,325.33,333.26,340.89,348.37,354.78,362.56,370.95,378.12,384.84,392.93,399.49,406.96,412.61,418.56,422.38,426.5,430.77,434.43,437.33,440.38,445.11,449.23,452.74,454.57,455.03,457.32,458.54,460.98,461.13,463.12,462.81,464.49,464.03,462.2,460.37,457.93,455.18,452.28,450,447.86,443.89,440.99,437.94,435.04,430.16,426.95,422.99,420.7,419.78,419.63,419.48,419.63,418.71,417.8,415.05,411.69,406.51,401.17,394.3,389.42,384.53,379.5,374,367.75,360.42,353.4,345.32,337.23,329.45,323.8,317.39,312.2,305.95,301.07,294.66,290.23,285.2,279.24,272.84,267.49,262.31,258.34,253.61,249.18,243.39,239.11,234.08,229.19,223.55,218.05,215,214.09,213.78,213.63,212.87,212.41,209.66,208.59,206.61,206.31,202.49,200.66,197.3,195.62,194.25,192.27,190.13,187.69,184.94,183.72,181.74,180.52,177.92,177.62,175.33,173.65,170.6,168.16,164.8,162.05,159,154.88,151.68,150,146.64,143.74,140.39,140.39,138.55,137.18,134.13,132.15,129.09,126.04,122.38,119.02,114.29,107.73,104.37,102.24,98.575,96.286,93.692,91.556,86.367,82.095,75.533,69.735,61.8,55.086,48.372,41.353,36.164,30.671,24.72,19.837,12.665,6.5615,-0.45778,-2.5941,-8.0874,-14.039,-19.532,-22.889,-26.856,-31.129,-36.927,-42.879,-48.982,-53.407,-58.138,-61.495,-65.31,-68.361,-74.465,-75.076,-75.991,-75.533,-78.433,-79.958,-81.637,-82.095,-82.4,-83.316,-86.673,-90.335,-92.166,-91.556,-93.692,-95.065,-97.354,-99.033,-102.85,-107.58,-112.61,-115.67,-122.07,-128.03,-133.98,-139.01,-145.73,-151.22,-157.17,-159.61,-161.75,-160.22,-162.97,-167.24,-177.16,-185.09,-194.25,-207.07,-221.41,-233.31,-243.84,-252.69,-257.58,-261.24,-268.11,-274.06,-279.85,-282.75,-286.87,-288.55,-293.74,-298.62,-303.35,-305.03,-307.02,-308.85,-311.59,-313.58,-317.85,-321.05,-325.17,-325.17,-327.01,-325.33,-324.26,-321.67,-319.53,-319.68,-319.22,-316.17,-314.49,-314.04,-312.2,-305.64,-300,-292.52,-288.09,-282.75,-279.24,-273.75,-269.78,-265.97,-263.53,-260.48,-258.34,-256.66,-257.12,-258.8,-261.09,-260.02,-258.49,-255.13,-253.46,-252.85,-254.98,-255.59,-257.88,-260.63,-263.83,-264.29,-262.31,-257.73,-253.15,-248.12,-245.37,-244.61,-247.51,-246.89,-246.89,-247.05,-248.73,-248.27,-247.66,-247.2,-247.51,-247.51,-248.12,-248.73,-251.01,-253.3,-259.1,-263.68,-267.49,-266.43,-266.43,-263.22,-259.56,-254.37,-251.17,-251.32,-254.07,-256.81,-258.49,-259.41,-262.92,-265.66,-268.56,-268.72,-270.85,-272.53,-273.9,-273.9,-274.06,-272.99,-271.77,-271.46,-271.16,-268.56,-264.29,-258.8,-255.59,-252.08,-250.1,-245.67,-242.01,-236.98,-230.72,-223.24,-215.61,-209.2,-204.78,-200.96,-200.05,-198.07,-198.22,-197.15,-197,-196.08,-195.62,-192.72,-190.74,-188.76,-186.32,-183.42,-181.13,-179.14,-179.91,-179.75,-179.45,-177.92,-176.55,-174.57,-174.57,-171.67,-170.6,-168.16,-165.72,-162.36,-159.61,-156.41,-153.2,-148.93,-147.1,-144.05,-142.22,-139.01,-135.5,-129.86,-126.65,-123.75,-120.55,-117.8,-116.12,-113.07,-110.02,-107.88,-106.97,-105.44,-107.43,-107.27,-109.1,-107.43,-105.9,-103.46,-102.39,-100.41,-98.117,-95.065,-92.166,-89.572,-89.267,-87.436,-85.299,-81.332,-77.975,-72.329,-69.887,-67.141,-65.31,-61.342,-58.29,-55.086,-51.424,-48.83,-47.151,-43.184,-40.437,-35.554,-31.739,-27.161,-24.11,-19.379,-15.259,-12.055,-10.529,-9.003,-7.477,-4.2726,-4.12,-2.4415,-0.91556,2.2889,3.9674,5.6459,6.5615,10.987,13.123,15.107,15.87,16.327,16.327,15.564,12.97,10.529,6.7141,5.4933,3.5096,3.5096,1.8311,1.8311,-1.9837,-7.9348,-12.665,-16.175,-17.396,-15.412,-13.733,-11.75,-11.597,-11.444,-13.276,-14.344,-16.022,-14.801,-14.954,-11.902,-8.8504,-3.6622,0.91556,5.9511,9.9185,11.902,12.36,14.344,14.954,17.243,18.311,20.142,22.889,27.772,31.434,34.791,35.401,35.249,33.57,32.502,30.061,29.45,26.704,25.33,21.821,20.142,17.548,17.853,17.548,18.921,19.684,21.21,22.431,25.33,27.467,29.603,30.519,34.181,36.775,41.2,44.252,48.372,50.966,52.492,53.102,54.933,55.238,55.238,56.154,58.596,60.579,63.784,64.241,66.225,66.53,67.446,64.241,63.326,63.784,66.073,67.141,69.43,71.413,74.465,77.059,81.332,81.942,82.553,82.095,83.621,84.231,88.046,90.64,95.218,99.338,104.53,107.27,109.56,110.48,110.93,109.1,108.04,103,97.507,92.013,91.861,90.793,90.793,89.267,88.046,86.062,84.078,83.01,82.553,80.264,79.653,76.601,74.465,72.176,71.718,70.04,68.819,69.124,71.261,75.076,78.433,79.196,78.127,75.991,74.313,72.481,70.345,67.141,65.004,61.953,61.037,60.121,58.138,56.154,56.459,57.68,57.68,56.764,57.833,57.68,58.138,55.238,52.95,47.609,42.726,35.554,28.535,23.194,17.853,12.513,6.4089,-3.2044,-10.987,-19.837,-26.399,-34.791,-40.284,-45.32,-49.135,-55.391,-63.021,-70.956,-76.144,-78.28,-75.991,-76.296,-75.381,-74.007,-70.04,-66.378,-61.037,-57.375,-52.187,-48.219,-42.421,-35.249,-28.535,-22.431,-17.396,-12.207,-5.6459,-2.8993,-0,1.3733,3.8148,4.2726,5.1881,4.883,6.2563,5.0356,5.1881,2.7467,0.45778,-1.9837,-3.6622,-9.003,-12.818,-16.785,-16.938,-18.616,-19.379,-23.499,-27.467,-31.892,-35.096,-38.301,-40.895,-45.32,-47.761,-50.661,-52.644,-55.696,-57.68,-59.969,-60.732,-61.037,-59.206,-55.544,-49.44,-43.947,-34.639,-25.941,-16.785,-9.9185,-2.4415,-0.61037,1.2207,-0.76296,-1.3733,-6.7141,-11.75,-16.48,-21.21,-25.636,-28.84,-35.096,-40.59,-43.947,-42.116,-40.895,-39.216,-41.658,-39.521,-40.132,-41.505,-43.794,-43.947,-45.015,-45.015,-46.388,-46.846,-50.05,-51.271,-55.849,-60.121,-64.852,-68.514,-73.092,-76.601,-79.501,-81.484,-83.163,-82.553,-82.095,-82.705,-86.367,-88.504,-91.861,-92.166,-92.776,-91.861,-90.64,-88.961,-89.114,-89.114,-90.793,-87.893,-84.689,-79.806,-76.754,-72.787,-70.803,-69.277,-66.836,-61.342,-57.07,-50.966,-45.167,-40.284,-39.979,-36.317,-33.57,-28.687,-25.33,-20.295,-15.717,-10.529,-6.2563,-1.3733,3.5096,12.513,18.159,22.279,23.804,25.941,23.347,18.616,12.665,8.0874,5.3407,5.9511,7.477,9.4607,9.4607,11.902,12.97,14.191,10.376,6.8667,1.9837,0.30519,-0.45778,1.2207,3.2044,4.883,4.4252,1.5259,-3.6622,-5.6459,-10.376,-12.36,-15.564,-16.633,-19.532,-21.516,-23.194,-24.415,-26.246,-28.993,-33.57,-35.401,-37.538,-39.064,-42.573,-43.336,-43.794,-41.81,-41.963,-41.963,-42.726,-40.895,-39.674,-38.148,-36.164,-29.756,-24.873,-17.396,-13.733,-9.1556,-8.0874,-6.8667,-6.7141,-5.9511,-4.883,-1.2207,0.30519,4.12,7.6296,13.428,17.396,23.652,26.551,29.756,29.756,28.84,26.704,26.856,26.551,27.924,28.382,31.434,32.197,32.96,32.807,34.333,35.096,38.453,37.69,37.08,35.707,35.249,34.944,36.775,38.453,40.132,39.369,42.726,45.32,50.661,52.797,56.001,55.544,56.001,54.17,51.424,45.015,41.81,39.979,39.827,37.843,35.401,32.044,30.213,28.535,28.993,26.704,27.619,32.044,37.69,39.674,40.742,37.08,31.281,24.11,19.99,13.276,10.529,8.3926,8.5452,5.3407,3.9674,2.8993,3.0519,2.2889,4.883,7.6296,12.207,15.412,21.058,25.33,31.587,35.249,38.301,39.216,40.59,40.437,42.726,45.167,49.593,51.729,57.07,59.969,63.478,64.394,66.683,65.767,66.225,64.547,64.394,64.241,63.784,60.884,59.206,58.29,58.901,57.375,57.833,55.391,54.781,51.881,52.034,51.118,53.102,53.255,55.086,56.154,59.969,62.716,66.683,68.667,73.55,75.076,79.196,80.874,83.621,83.926,84.689,84.689,84.689,83.01,82.095,81.637,82.858,81.179,81.637,81.332,82.705,83.01,87.13,90.03,92.776,95.218,98.117,99.033,99.185,99.185,99.185,97.507,95.218,91.556,90.64,90.03,90.03,89.419,87.283,84.231,80.111,74.923,71.718,70.04,70.345,70.65,70.65,69.277,69.277,66.225,65.92,64.241,66.225,64.852,64.394,63.173,64.241,64.852,65.462,64.547,65.615,66.836,69.124,69.43,71.718,73.397,76.144,76.754,77.212,79.043,82.858,86.062,87.588,88.046,86.52,81.79,77.059,68.972,64.089,59.206,54.933,49.593,44.099,38.759,33.265,28.382,23.957,20.142,18.006,16.785,15.564,12.36,8.5452,4.12,1.0681,-3.9674,-10.376,-16.785,-23.499,-28.993,-31.892,-34.791,-37.233,-42.421,-43.794,-48.067,-51.576,-57.68,-62.258,-66.225,-69.124,-71.718,-74.77,-80.111,-81.79,-83.926,-84.384,-85.91,-85.299,-88.198,-89.419,-90.487,-89.267,-86.673,-83.926,-83.316,-81.484,-78.738,-74.007,-71.566,-67.293,-64.852,-60.427,-56.001,-49.745,-44.252,-37.385,-32.044,-26.551,-23.347,-21.668,-20.142,-17.09,-17.701,-16.327,-16.327,-14.954,-15.412,-16.938,-19.532,-21.363,-25.025,-28.382,-32.96,-35.859,-39.216,-40.437,-42.116,-41.81,-41.047,-37.385,-33.113,-27.772,-24.415,-20.295,-17.396,-15.412,-16.327,-15.107,-16.785,-15.564,-15.717,-16.022,-19.99,-22.126,-23.804,-25.483,-25.636,-23.194,-22.126,-20.905,-20.142,-16.327,-15.259,-12.513,-11.597,-10.224,-8.5452,-5.0356,-3.357,-0.61037,1.3733,5.6459,9.6133,14.191,16.48,16.175,14.191,15.717,16.175,18.616,17.701,17.548,15.87,16.175,16.022,15.412,14.039,15.107,16.938,21.821,26.246,31.739,33.57,37.538,38.911,41.963,44.099,46.693,47.456,50.661,53.56,56.917,58.138,59.816,62.105,65.004,66.988,68.056,65.31,63.173,60.732,60.121,57.375,56.001,50.813,45.32,39.674,34.028,27.772,22.126,16.327,11.292,4.883,1.3733,-4.2726,-7.3244,-11.75,-13.123,-17.09,-18.464,-21.821,-25.483,-28.077,-28.687,-30.366,-28.077,-26.856,-24.11,-23.804,-19.837,-16.633,-12.665,-10.834,-8.5452,-8.24,-8.8504,-7.3244,-5.9511,-4.7304,-3.6622,-1.6785,0.61037,0.61037,0.76296,-0.76296,0.15259,1.3733,2.8993,1.6785,0.61037,1.5259,4.7304,6.8667,7.9348,7.0193,4.883,0.15259,-1.8311,-3.357,-4.5778,-4.4252,-5.3407,-7.9348,-10.834,-12.055,-12.36,-11.902,-11.139,-10.987,-8.8504,-8.0874,-7.0193,-5.9511,-3.357,-0.91556,1.0681,4.5778,7.6296,8.8504,10.376,11.139,12.818,12.818,13.123,13.733,15.107,16.175,18.006,21.516,23.347,23.041,23.652,25.025,26.704,27.772,31.739,37.08,42.879,48.372,53.407,56.764,60.274,61.8,64.241,65.92,65.615,65.157,66.378,66.836,68.667,69.582,73.855,77.212,77.822,76.296,73.855,71.718,69.582,65.31,60.274,54.018,51.576,48.219,45.167,41.2,37.69,34.791,34.181,32.197,28.077,21.973,16.633,10.834,6.2563,1.9837,1.5259,0.15259,-1.6785,-7.3244,-13.428,-18.769,-22.736,-24.72,-26.704,-29.603,-32.807,-37.538,-39.369,-40.742,-39.827,-40.437,-41.658,-44.404,-46.083,-47.609,-46.846,-44.557,-42.879,-42.116,-39.216,-37.233,-34.791,-34.028,-31.739,-32.044,-30.366,-30.061,-31.281,-32.655,-35.249,-38.148,-39.979,-40.59,-39.674,-39.827,-38.606,-39.827,-40.59,-45.015,-50.966,-55.696,-60.732,-65.767,-68.514,-72.024,-75.838,-79.196,-79.806,-81.637,-81.332,-82.095,-81.79,-85.147,-89.114,-90.487,-91.403,-92.166,-93.234,-94.913,-95.218,-96.133,-95.065,-95.065,-91.403,-87.741,-84.231,-83.316,-82.247,-80.874,-80.721,-80.416,-79.196,-77.67,-74.007,-70.803,-69.124,-72.481,-75.991,-78.738,-79.196,-77.364,-75.686,-75.991,-75.381,-74.465,-71.413,-73.855,-76.907,-83.621,-86.52,-90.335,-91.708,-93.692,-93.844,-93.692,-94.302,-96.438,-99.185,-101.02,-98.117,-98.575,-98.575,-98.575,-100.86,-105.14,-108.19,-112.46,-116.73,-120.09,-121.62,-122.99,-122.23,-121.01,-117.19,-115.97,-112.77,-111.85,-110.17,-107.73,-103.76,-101.02,-98.575,-94.607,-91.708,-90.793,-90.793,-91.098,-91.098,-93.539,-95.218,-98.117,-100.86,-106.2,-108.19,-109.56,-108.8,-107.27,-104.53,-102.08,-98.88,-96.591,-89.724,-84.384,-76.449,-69.277,-63.021,-62.258,-62.105,-64.699,-66.53,-68.819,-70.04,-71.566,-72.024,-72.939,-72.787,-72.176,-69.735,-67.293,-62.41,-58.748,-53.56,-51.271,-46.846,-42.573,-39.521,-36.317,-32.807,-31.892,-27.924,-25.33,-23.499,-24.415,-24.873,-28.535,-31.434,-33.113,-34.181,-35.096,-35.096,-35.707,-36.012,-37.538,-34.333,-34.181,-34.181,-37.233,-40.895,-46.236,-50.508,-57.527,-65.31,-74.007,-80.416,-86.825,-89.877,-93.692,-95.981,-100.41,-100.71,-100.1,-97.507,-95.828,-92.776,-89.877,-87.588,-85.604,-82.858,-82.247,-82.095,-86.673,-87.893,-89.419,-86.215,-80.569,-72.634,-65.615,-57.375,-49.745,-39.979,-32.35,-21.973,-14.496,-6.8667,-1.9837,5.0356,11.75,17.396,20.142,21.973,23.347,25.483,25.941,26.551,22.889,19.837,15.564,14.649,10.681,7.9348,4.7304,1.0681,-4.12,-8.3926,-13.886,-18.159,-22.736,-23.347,-22.736,-20.142,-19.837,-20.142,-22.126,-21.973,-19.379,-18.464,-18.769,-18.616,-17.548,-14.039,-12.36,-11.902,-13.581,-10.071,-7.6296,-5.6459,-5.9511,-3.8148,-2.5941,-1.3733,-1.5259,0.30519,3.0519,6.1037,8.24,9.9185,7.7822,8.3926,6.7141,5.3407,2.1363,-0.30519,-1.6785,-1.3733,-1.3733,-0.91556,-2.4415,-1.8311,-1.2207,2.8993,4.5778,5.4933,2.8993,3.0519,1.9837,1.9837,0.61037,-1.5259,-7.1718,-12.055,-16.938,-19.99,-24.262,-25.483,-28.077,-29.45,-34.791,-36.317,-37.385,-37.69,-38.759,-39.064,-39.827,-38.453,-38.759,-37.69,-37.843,-36.47,-37.69,-36.927,-36.164,-33.57,-29.908,-26.399,-24.567,-24.262,-23.041,-20.447,-20.753,-20.142,-21.516,-21.21,-23.804,-25.636,-29.756,-34.791,-39.064,-40.59,-42.116,-42.879,-44.099,-45.015,-49.898,-52.644,-58.29,-62.41,-66.683,-69.43,-71.718,-73.397,-74.007,-74.007,-72.787,-71.108,-69.277,-63.631,-59.206,-54.628,-52.95,-51.729,-49.44,-45.93,-43.336,-39.521,-38.606,-37.69,-36.927,-34.181,-32.197,-27.009,-20.905,-11.902,-6.2563,-0.91556,2.1363,6.4089,10.224,16.327,24.262,31.587,37.996,43.489,47.609,52.644,52.187,51.118,46.999,43.336,38.911,35.401,31.129,27.314,22.279,17.853,10.529,3.9674,-2.2889,-4.883,-7.7822,-7.6296,-9.4607,-9.7659,-11.597,-13.123,-15.107,-15.717,-17.548,-17.853,-16.48,-14.344,-13.428,-10.834,-10.376,-9.003,-9.3081,-6.8667,-6.4089,-4.7304,-2.2889,1.8311,3.6622,7.0193,9.003,13.276,14.954,18.311,20.447,25.636,27.924,29.145,28.23,27.467,25.33,22.736,21.973,23.347,22.736,22.126,19.379,18.159,15.87,16.175,16.633,18.921,21.058,22.279,21.058,22.584,22.736,22.584,19.99,17.548,13.581,13.428,10.376,10.071,7.1718,5.0356,1.3733,-1.9837,-5.6459,-6.2563,-5.1881,-3.6622,-3.6622,-2.8993,-2.8993,-1.0681,0.45778,5.0356,7.7822,9.1556,9.003,9.4607,9.7659,12.055,13.581,15.87,16.785,19.227,19.837,20.142,17.396,17.243,15.564,15.259,15.259,14.954,13.123,12.97,10.224,11.444,8.6978,10.529,9.6133,9.003,4.883,4.12,3.6622,4.7304,4.4252,5.1881,5.6459,5.6459,4.5778,2.5941,-2.4415,-5.4933,-8.8504,-9.1556,-9.4607,-9.3081,-8.6978,-6.8667,-5.6459,-4.2726,-3.0519,-0.61037,-0.91556,-1.2207,-2.8993,-2.5941,-5.0356,-3.5096,-3.2044,-0.76296,1.8311,4.7304,5.7985,8.24,10.681,13.428,11.139,9.3081,8.24,10.529,10.681,10.529,9.3081,10.224,9.3081,8.24,6.4089,5.3407,5.6459,6.2563,5.4933,6.5615,4.7304,4.7304,3.9674,5.3407,5.0356,6.1037,7.3244,7.9348,7.6296,7.477,4.883,3.9674,3.0519,4.7304,5.9511,8.5452,8.5452,11.75,13.123,18.006,20.753,25.788,28.84,32.96,37.385,43.184,44.404,49.898,54.781,60.579,63.326,65.462,66.53,66.988,67.904,70.193,73.244,77.822,81.484,86.367,88.809,90.793,92.624,96.896,101.63,107.27,111.09,113.53,117.04,120.4,122.68,125.89,126.19,128.64,130.01,134.28,139.16,143.44,145.27,145.27,144.81,145.27,144.35,143.89,141.45,139.77,136.57,134.28,130.47,128.64,127.41,124.82,120.4,116.89,114.14,111.24,108.19,106.05,103,104.07,104.07,104.37,103.61,104.22,103,100.86,99.49,97.354,96.438,97.507,98.117,100.41,100.1,97.659,94.455,94.15,92.471,91.861,90.793,90.793,91.403,91.556,92.318,92.929,92.929,95.981,97.659,100.1,99.948,101.02,101.32,104.37,107.88,112,114.6,118.26,119.94,121.31,121.77,124.06,123.6,124.36,126.5,132.15,136.42,139.01,139.32,137.64,135.35,134.28,133.06,133.21,130.01,128.18,125.58,123.91,121.92,123.14,123.29,122.68,119.63,115.51,111.85,106.81,98.88,92.318,85.299,79.806,73.702,67.446,59.053,52.339,45.473,39.979,34.791,32.197,28.077,23.347,18.311,13.428,7.0193,5.6459,3.8148,4.5778,3.6622,2.8993,2.4415,1.9837,3.8148,5.3407,6.2563,11.139,13.581,14.039,10.681,7.1718,1.5259,-3.6622,-9.7659,-16.785,-24.72,-32.96,-41.2,-48.524,-52.797,-55.544,-59.511,-63.936,-68.819,-70.956,-73.397,-74.618,-75.686,-77.822,-78.738,-79.348,-78.738,-77.364,-75.381,-69.735,-65.004,-59.358,-58.29,-57.375,-57.222,-55.696,-56.001,-58.901,-62.868,-63.631,-65.462,-64.394,-65.462,-62.41,-61.342,-58.748,-55.086,-49.593,-45.473,-41.505,-39.827,-38.148,-37.69,-37.996,-40.437,-40.742,-43.641,-43.641,-44.252,-38.759,-35.096,-36.164,-39.827,-40.895,-41.658,-41.963,-42.421,-40.132,-36.927,-31.434,-26.551,-22.584,-19.532,-14.954,-10.834,-9.1556,-9.1556,-10.071,-11.139,-11.902,-13.581,-13.123,-13.581,-12.513,-10.834,-10.529,-12.97,-14.344,-16.022,-18.006,-21.821,-24.567,-25.178,-24.415,-26.399,-29.908,-33.723,-33.265,-32.197,-34.028,-37.385,-39.979,-43.336,-48.372,-51.881,-53.255,-54.781,-56.154,-61.037,-65.31,-71.718,-73.397,-77.517,-81.637,-84.231,-85.452,-87.436,-89.114,-92.166,-92.318,-93.387,-91.25,-89.572,-85.757,-83.926,-79.806,-73.55,-66.53,-60.274,-55.544,-52.797,-51.424,-52.644,-54.17,-56.764,-56.917,-57.375,-57.985,-57.375,-55.544,-54.018,-53.56,-54.476,-53.865,-54.781,-55.238,-56.154,-56.307,-58.596,-59.358,-62.105,-63.173,-63.936,-60.884,-60.274,-60.884,-63.478,-64.089,-66.53,-64.852,-64.241,-60.732,-58.443,-52.339,-47.914,-44.099,-42.116,-38.148,-34.791,-30.976,-28.993,-27.314,-27.314,-25.636,-26.551,-27.161,-28.687,-30.366,-33.113,-34.639,-36.164,-38.453,-41.2,-42.726,-44.099,-45.473,-50.05,-53.102,-57.07,-60.274,-62.258,-64.241,-66.378,-66.988,-68.667,-68.209,-71.413,-72.024,-73.855,-72.787,-72.939,-72.024,-72.176,-73.092,-74.465,-73.092,-72.939,-71.261,-74.313,-75.991,-79.653,-79.806,-81.637,-81.027,-81.332,-80.111,-80.569,-79.806,-80.264,-79.806,-81.027,-78.433,-77.975,-75.838,-75.381,-71.871,-70.04,-67.598,-65.767,-62.105,-58.748,-55.086,-53.102,-50.661,-50.661,-48.219,-46.083,-41.963,-39.064,-36.012,-33.723,-30.213,-26.093,-22.431,-20.295,-16.175,-12.513,-4.4252,1.0681,6.4089,9.4607,12.97,18.616,25.636,30.519,34.333,38.148,40.742,43.184,47.761,51.729,57.07,60.274,64.547,69.124,74.007,79.348,84.078,87.283,91.708,94.607,98.27,98.117,101.32,104.37,109.41,111.39,114.75,119.02,122.38,124.97,127.87,130.31,132.91,134.89,138.55,139.77,142.37,144.2,147.25,150,152.59,153.36,152.9,151.68,150.61,147.56,146.79,145.73,147.4,147.4,149.85,151.83,154.58,156.1,158.09,159.15,161.14,161.75,164.95,167.39,170.9,172.58,175.02,178.38,181.89,185.55,189.98,193.64,196.69,197.3,198.68,198.52,198.98,198.83,200.35,202.19,205.08,206.92,208.29,208.59,210.43,212.1,214.55,215,216.68,217.44,220.19,222.02,223.55,224.31,225.99,226.29,225.68,224.01,223.09,222.48,224.62,225.68,228.28,228.43,229.5,230.26,230.57,231.94,232.86,232.86,231.33,229.96,227.97,224.77,223.09,220.8,219.73,217.6,216.99,215,212.87,208.75,203.86,199.9,195.32,191.5,189.21,188.15,187.69,185.86,185.09,182.81,181.28,180.21,180.82,180.06,178.69,176.7,174.26,172.43,171.51,171.67,170.9,168.61,169.07,168.46,168,166.48,165.87,164.95,163.58,162.66,162.97,162.66,163.73,164.04,165.11,166.02,166.33,164.8,164.49,162.21,161.6,158.85,155.8,151.22,146.95,140.39,134.13,129.86,126.04,123.75,122.23,121.92,122.38,122.23,123.29,121.01,121.46,121.01,121.62,120.7,121.77,122.68,123.91,124.52,124.97,124.97,123.6,121.31,118.72,115.97,113.83,111.39,109.26,104.98,102.85,99.643,97.049,94.455,92.624,90.487,88.809,88.351,88.198,84.384,81.332,78.585,77.364,74.007,70.803,65.767,61.495,56.154,52.034,46.388,39.369,32.655,27.161,20.6,15.107,9.3081,5.9511,3.357,1.9837,-1.5259,-4.2726,-7.6296,-9.003,-11.292,-10.224,-11.139,-11.444,-12.665,-13.733,-16.938,-17.396,-19.379,-19.684,-22.431,-25.178,-30.519,-34.333,-39.979,-42.879,-46.388,-49.44,-52.187,-53.865,-56.764,-59.206,-62.41,-67.141,-74.465,-81.179,-87.13,-89.877,-94.15,-98.422,-103.31,-108.04,-112.77,-118.56,-123.75,-129.25,-137.03,-143.59,-150.61,-152.59,-155.64,-154.88,-156.1,-154.42,-154.73,-153.36,-154.12,-154.12,-154.27,-153.97,-155.34,-155.19,-156.87,-156.71,-157.02,-155.19,-156.87,-159,-162.97,-164.04,-164.95,-165.26,-167.09,-166.94,-168.92,-173.35,-178.38,-177.92,-184.79,-191.96,-199.74,-205.69,-213.93,-218.51,-220.65,-223.24,-226.29,-225.68,-224.31,-221.56,-215.92,-205.54,-198.68,-191.5,-187.69,-180.97,-177.16,-171.51,-166.63,-162.05,-158.7,-154.88,-151.98,-149.08,-149.69,-150.46,-153.2,-153.05,-155.03,-153.97,-156.1,-158.09,-161.75,-162.82,-163.73,-162.82,-161.14,-157.48,-156.71,-155.8,-159,-158.39,-158.7,-159.46,-162.21,-164.49,-165.41,-163.12,-161.75,-159.15,-159.76,-159.31,-159.61,-156.25,-155.19,-153.05,-153.05,-151.22,-151.68,-152.29,-155.64,-157.93,-160.99,-162.97,-166.48,-164.8,-167.24,-166.48,-164.49,-163.73,-166.48,-167.39,-164.19,-158.09,-152.9,-146.79,-142.52,-140.84,-142.52,-137.79,-132.3,-125.43,-117.95,-107.73,-95.523,-83.926,-76.601,-70.345,-66.53,-59.664,-55.696,-49.287,-41.658,-29.908,-20.295,-11.597,-3.9674,3.2044,9.6133,15.107,20.753,25.788,27.772,29.45,30.976,34.028,35.554,37.69,37.538,37.08,36.927,36.775,38.453,40.437,42.573,43.336,44.252,46.388,45.625,46.236,44.404,41.353,37.69,35.554,32.197,26.246,19.074,11.444,3.0519,-4.12,-10.834,-14.954,-19.684,-23.499,-30.213,-32.96,-35.401,-35.859,-35.859,-37.08,-40.437,-45.015,-49.44,-53.865,-59.664,-62.105,-65.31,-67.293,-72.634,-74.77,-74.923,-74.465,-74.923,-77.059,-80.416,-83.163,-87.13,-87.893,-87.436,-84.689,-83.163,-79.653,-76.449,-74.007,-73.855,-75.533,-77.822,-81.942,-85.452,-86.062,-88.198,-89.724,-92.624,-94.913,-94.15,-92.166,-90.335,-89.572,-88.046,-87.893,-88.504,-88.809,-87.13,-82.095,-76.449,-69.277,-62.105,-54.628,-46.693,-39.216,-32.96,-27.467,-23.194,-18.464,-15.717,-12.055,-9.003,-5.4933,0.15259,5.1881,11.597,17.853,25.025,31.739,36.927,42.879,46.083,50.356,53.102,58.29,61.953,68.056,74.16,79.348,83.621,87.741,91.098,95.523,96.286,98.575,99.185,99.643,97.812,96.896,93.692,90.487,86.367,83.773,81.637,79.653,75.533,72.787,68.667,66.836,64.852,64.394,63.173,61.037,57.222,56.307,55.696,56.612,53.255,49.287,43.184,40.132,39.674,39.827,39.979,40.284,40.742,42.726,44.862,48.83,52.034,55.544,57.833,60.579,64.547,69.582,72.329,75.076,75.228,74.77,70.193,65.462,59.511,54.476,50.203,46.541,42.879,40.284,37.08,36.622,35.096,36.622,37.843,39.674,40.742,39.674,36.927,34.944,32.502,31.434,29.145,28.993,26.093,26.246,28.84,32.96,36.927,41.81,46.693,51.576,53.407,55.849,57.527,61.342,63.631,65.157,65.31,64.547,61.8,60.121,61.037,63.173,63.936,64.852,62.563,60.579,58.138,57.527,56.917,54.17,51.118,47.914,44.099,43.184,39.827,38.606,37.538,38.606,38.606,39.216,40.284,43.184,43.947,42.726,37.996,36.012,32.807,32.502,31.587,30.519,27.619,28.993,31.281,33.265,33.57,34.181,35.096,37.385,39.216,42.421,41.81,42.421,40.437,40.284,37.843,33.57,28.687,22.736,18.006,14.039,10.376,9.1556,9.3081,10.224,9.7659,10.681,8.24,5.9511,2.7467,2.1363,-0.61037,-3.0519,-4.883,-5.6459,-5.9511,-5.1881,-5.0356,-2.4415,-1.5259,-0,0.91556,2.8993,3.5096,5.6459,7.0193,7.3244,7.1718,6.5615,6.7141,6.7141,5.4933,5.3407,4.7304,4.7304,3.0519,3.0519,-0.61037,-5.7985,-12.97,-19.379,-28.382,-34.944,-39.979,-42.726,-47.456,-50.966,-51.729,-48.219,-46.693,-43.031,-43.947,-43.641,-48.372,-50.661,-52.644,-53.56,-54.17,-54.781,-55.696,-53.102,-50.05,-46.999,-44.404,-39.064,-36.012,-29.45,-24.415,-19.074,-16.327,-12.207,-8.5452,-2.8993,-0.76296,1.9837,4.12,7.6296,12.055,15.87,19.684,23.804,24.262,25.178,22.584,20.142,14.801,14.039,13.123,12.97,12.97,10.987,5.0356,-1.2207,-6.8667,-9.4607,-10.529,-11.139,-9.9185,-3.9674,1.5259,8.6978,10.529,11.292,9.1556,6.8667,1.8311,-0.91556,-6.8667,-11.292,-13.733,-14.191,-12.665,-9.9185,-8.3926,-5.3407,-4.4252,-0.91556,0.61037,3.5096,5.4933,9.3081,7.7822,4.4252,-1.8311,-9.4607,-16.48,-21.516,-26.856,-32.197,-37.69,-43.336,-51.576,-58.138,-66.073,-69.277,-71.871,-71.718,-72.939,-70.04,-68.209,-66.225,-65.462,-63.173,-63.021,-62.868,-62.563,-59.053,-57.68,-56.917,-60.121,-61.19,-62.105,-60.884,-59.969,-56.764,-53.56,-49.44,-48.219,-44.862,-43.031,-41.353,-40.59,-38.453,-38.911,-39.216,-41.047,-41.047,-40.284,-39.521,-39.216,-40.284,-43.031,-45.473,-47.456,-46.999,-46.541,-42.879,-42.726,-42.421,-43.641,-44.099,-45.32,-44.404,-45.167,-46.236,-50.203,-52.492,-56.917,-61.037,-66.836,-70.193,-74.313,-74.923,-75.686,-74.465,-74.007,-72.329,-70.04,-66.988,-65.767,-63.936,-63.784,-63.326,-65.767,-65.615,-65.157,-63.326,-61.8,-59.969,-56.917,-52.339,-49.135,-45.473,-42.726,-39.674,-38.301,-35.707,-33.723,-28.993,-28.535,-26.399,-28.535,-29.298,-33.723,-38.148,-44.252,-50.813,-58.901,-65.157,-70.65,-75.076,-82.095,-86.673,-92.318,-95.218,-96.133,-94.913,-94.913,-91.403,-88.198,-86.673,-87.283,-87.283,-85.147,-81.484,-77.364,-74.313,-71.718,-64.699,-55.696,-44.862,-38.148,-31.739,-28.687,-23.804,-23.957,-24.567,-26.246,-25.33,-25.636,-25.788,-27.467,-28.687,-34.944,-39.369,-43.641,-46.083,-48.982,-50.508,-56.001,-61.953,-69.43,-76.754,-84.231,-89.877,-97.659,-101.02,-104.07,-105.75,-110.78,-112.92,-113.83,-114.44,-115.97,-117.5,-121.01,-120.4,-119.63,-117.95,-119.79,-120.24,-119.48,-114.14,-109.1,-101.78,-95.523,-88.046,-82.705,-76.601,-71.413,-65.462,-61.19,-54.018,-45.778,-35.707,-25.33,-16.022,-7.6296,1.0681,6.8667,12.818,16.785,23.652,27.924,33.265,35.096,36.47,37.538,39.979,43.489,49.745,54.17,57.833,58.901,61.342,60.732,60.274,58.748,59.206,60.274,63.173,68.209,74.77,80.264,83.926,83.926,82.705,78.28,76.449,75.076,74.923,71.108,67.904,65.31,63.936,63.784,63.173,58.748,52.339,44.252,39.827,37.08,34.791,29.603,25.483,22.584,20.753,20.142,21.21,22.889,25.33,27.924,32.197,35.554,37.538,40.132,44.557,45.93,47.456,48.677,49.287,49.135,48.83,46.388,43.031,37.996,33.723,29.603,26.551,20.6,15.87,11.139,9.6133,7.0193,4.4252,1.3733,0.76296,-0,1.2207,1.5259,1.9837,1.9837,1.0681,-2.7467,-4.5778,-10.987,-18.159,-25.178,-29.145,-32.96,-36.317,-40.59,-43.184,-47.761,-50.966,-54.476,-56.001,-58.748,-57.527,-58.138,-57.222,-57.375,-57.375,-59.358,-60.427,-61.495,-61.037,-60.274,-58.138,-56.459,-53.407,-52.644,-48.067,-43.947,-37.233,-30.976,-23.347,-17.853,-12.513,-10.224,-8.0874,-4.7304,-1.2207,-1.2207,-4.7304,-9.4607,-10.834,-13.276,-12.36,-11.444,-8.6978,-6.1037,-0.45778,2.7467,3.6622,2.2889,-0,-3.8148,-6.2563,-10.071,-13.581,-19.99,-24.567,-30.061,-33.113,-38.148,-40.742,-41.047,-39.521,-38.453,-35.096,-30.824,-25.178,-19.532,-12.97,-6.8667,-1.0681,-0.45778,1.0681,1.2207,2.1363,2.4415,3.0519,0.30519,-2.4415,-5.4933,-5.9511,-6.5615,-5.3407,-6.2563,-6.7141,-6.1037,-4.5778,-5.3407,-7.0193,-10.071,-8.6978,-7.9348,-7.1718,-7.1718,-8.5452,-13.276,-16.48,-19.227,-20.142,-21.516,-22.279,-24.11,-25.483,-27.314,-22.736,-19.837,-14.801,-12.055,-9.6133,-7.9348,-5.1881,-2.8993,1.9837,7.477,13.581,16.175,22.279,27.619,31.892,32.35,32.807,32.807,34.639,35.096,36.927,39.216,43.641,45.473,49.287,49.593,49.287,47.151,47.456,48.372,48.677,45.778,40.284,35.249,34.486,36.317,39.369,41.2,44.099,46.236,49.44,48.219,43.336,36.012,29.45,24.873,22.889,20.905,21.21,19.227,15.87,8.5452,-0.45778,-9.1556,-14.954,-19.379,-22.584,-25.025,-26.704,-27.314,-27.619,-27.772,-25.025,-25.788,-23.194,-19.532,-16.327,-14.496,-12.818,-12.207,-12.055,-14.191,-15.107,-14.649,-12.207,-10.987,-6.8667,-5.4933,-0.91556,0.91556,2.7467,3.0519,3.2044,1.8311,1.6785,0.91556,2.2889,2.4415,3.8148,1.2207,-1.3733,-5.9511,-8.24,-13.276,-18.159,-23.041,-27.772,-32.96,-36.317,-41.81,-46.846,-52.339,-56.307,-61.19,-66.988,-74.007,-78.738,-84.078,-86.52,-90.335,-93.081,-96.744,-100.56,-105.44,-109.26,-112.46,-114.9,-117.65,-120.4,-122.07,-120.24,-119.94,-118.56,-118.72,-117.95,-117.95,-117.5,-116.12,-114.75,-111.85,-108.19,-106.36,-103.46,-101.63,-99.49,-97.964,-93.692,-90.64,-86.825,-85.452,-84.078,-85.299,-85.147,-83.163,-78.89,-75.991,-73.397,-71.871,-70.193,-69.582,-70.04,-72.634,-75.991,-79.653,-80.416,-80.416,-77.364,-74.465,-70.956,-69.124,-67.293,-64.547,-61.19,-57.985,-53.865,-51.424,-47.151,-46.236,-44.099,-43.794,-42.268,-40.59,-38.453,-37.385,-36.775,-35.249,-34.028,-32.197,-29.603,-28.687,-25.33,-21.516,-14.954,-8.0874,1.2207,6.5615,10.529,14.344,18.311,21.21,23.804,25.33,27.161,26.399,25.636,23.347,24.11,22.736,24.415,23.194,22.584,20.447,19.532,19.684,20.295,19.684,20.905,22.431,24.873,24.873,26.704,27.619,30.671,31.434,32.807,34.333,36.012,35.096,35.401,36.47,38.911,42.116,46.236,49.44,53.713,55.544,58.29,59.511,63.631,66.836,71.871,73.855,75.838,74.618,70.193,65.31,61.342,57.07,55.086,55.238,55.544,53.102,51.881,48.677,46.541,42.268,39.979,38.301,37.538,35.249,33.876,32.807,31.587,28.687,25.636,23.041,22.584,20.447,20.6,17.853,15.412,11.75,11.75,12.055,13.886,18.159,23.194,25.33,27.009,27.772,30.519,33.418,36.622,37.69,38.606,37.08,37.996,36.164,35.249,34.333,35.249,35.554,35.707,33.876,32.044,29.756,29.908,30.366,31.739,29.45,28.84,25.941,28.23,32.807,38.606,45.32,51.118,55.849,59.358,59.816,61.953,65.767,71.718,75.381,81.332,85.91,92.471,97.964,103.15,106.05,109.41,111.85,116.12,120.85,125.43,126.8,130.01,131.99,135.5,136.57,138.1,138.1,137.18,136.42,135.96,134.74,134.13,134.59,135.04,131.84,126.04,117.8,112.16,107.12,104.22,98.422,94.607,90.64,89.419,89.572,89.267,89.572,91.098,91.708,91.25,87.741,85.299,80.874,77.975,76.296,72.787,66.53,60.121,53.713,49.135,44.252,41.658,40.284,39.979,37.538,35.096,30.519,29.145,28.687,28.077,28.687,29.908,31.129,31.587,30.213,27.467,21.058,14.039,7.0193,4.2726,3.0519,3.0519,2.1363,2.5941,-0,-4.5778,-10.224,-16.175,-22.584,-28.84,-37.69,-43.794,-50.203,-52.187,-55.086,-56.612,-59.358,-60.732,-61.495,-61.037,-60.579,-59.053,-56.764,-52.339,-50.813,-49.44,-51.576,-50.813,-50.203,-47.761,-44.862,-41.81,-39.979,-39.216,-39.674,-37.996,-37.996,-36.317,-36.47,-35.401,-34.028,-30.061,-28.84,-25.941,-25.178,-24.873,-23.652,-21.821,-23.041,-25.788,-29.145,-31.129,-34.791,-37.233,-42.573,-46.236,-50.356,-50.05,-51.424,-54.781,-59.511,-63.936,-68.209,-69.43,-71.871,-72.787,-73.092,-70.956,-69.735,-67.446,-67.141,-63.631,-60.121,-55.696,-52.797,-50.356,-48.677,-46.541,-45.93,-44.862,-44.404,-43.184,-43.336,-41.658,-42.116,-40.132,-39.674,-36.164,-36.012,-35.707,-34.639,-32.96,-35.554,-38.606,-43.031,-48.219,-54.476,-56.307,-57.527,-55.696,-56.307,-57.222,-59.358,-63.173,-67.751,-70.498,-72.329,-72.176,-72.787,-72.634,-72.787,-70.498,-68.972,-66.988,-66.683,-65.462,-63.173,-59.511,-55.849,-51.729,-46.388,-39.674,-33.418,-23.804,-17.09,-7.0193,2.4415,12.513,22.126,32.807,42.573,53.102,62.41,72.939,81.79,90.335,98.575,107.43,115.05,124.06,133.06,141.76,148.63,157.32,166.17,173.35,177.47,182.2,185.86,190.74,193.18,197.45,200.81,206.31,206.76,207.53,206.31,205.69,204.78,205.08,207.22,211.65,213.17,215.61,216.83,219.73,220.04,221.41,222.33,223.24,222.17,222.02,221.26,218.51,217.44,217.44,216.38,214.85,210.73,209.36,206.92,205.08,201.42,197,190.44,184.94,179.3,176.09,171.82,167.55,162.66,158.24,152.44,147.25,140.84,137.18,133.98,130.77,124.36,118.56,111.09,103.61,96.896,90.335,84.689,78.433,72.787,65.462,56.001,47.151,35.249,25.178,13.428,5.0356,-5.1881,-14.191,-25.178,-35.554,-46.541,-56.001,-63.021,-67.598,-70.345,-70.803,-71.566,-72.329,-76.296,-80.264,-83.621,-84.536,-87.283,-86.52,-88.656,-91.403,-94.913,-94.607,-90.793,-83.926,-80.111,-77.059,-75.686,-74.007,-75.381,-77.212,-82.095,-86.52,-90.945,-92.624,-97.201,-101.17,-107.58,-115.05,-123.91,-131.23,-135.65,-138.4,-141.45,-143.59,-146.95,-148.63,-152.44,-153.51,-155.03,-154.88,-156.71,-157.48,-157.17,-153.2,-147.4,-140.54,-135.5,-130.92,-128.94,-126.65,-125.89,-123.14,-122.23,-119.02,-115.51,-108.19,-101.93,-97.659,-95.218,-92.166,-89.724,-87.13,-84.994,-81.484,-82.095,-81.637,-81.79,-78.89,-78.89,-79.958,-82.858,-88.198,-95.218,-100.25,-104.68,-106.05,-106.36,-104.83,-104.83,-101.02,-96.438,-92.318,-92.776,-90.487,-88.046,-83.773,-80.721,-77.212,-74.77,-72.176,-71.566,-69.43,-70.345,-68.056,-66.378,-62.868,-63.173,-63.936,-64.241,-61.342,-57.07,-53.56,-53.713,-53.865,-54.781,-53.56,-54.476,-53.713,-56.001,-57.07,-59.358,-58.901,-59.816,-59.664,-58.596,-56.001,-54.781,-55.391,-59.206,-60.427,-62.868,-61.647,-61.495,-59.511,-58.901,-59.206,-60.579,-58.901,-55.849,-52.034,-51.576,-51.271,-52.797,-51.271,-50.356,-46.999,-45.015,-37.996,-31.434,-24.415,-17.701,-10.376,-5.1881,-0.30519,3.357,8.0874,12.665,17.548,20.6,24.262,27.009,29.908,34.181,37.08,38.148,37.233,37.996,39.064,35.707,32.502,28.077,26.551,24.11,23.347,22.431,21.363,21.21,21.363,21.058,21.821,19.074,17.548,15.412,16.022,13.276,11.597,7.6296,6.7141,6.7141,11.139,12.513,11.292,10.376,10.681,10.681,12.055,13.123,17.548,20.905,24.567,24.72,24.873,22.584,22.584,23.194,23.499,20.447,20.295,17.548,16.938,15.717,17.548,18.921,22.889,24.11,27.314,28.993,29.298,27.924,26.093,24.262,19.532,11.597,6.7141,1.8311,-0,-3.8148,-3.357,-4.7304,-3.2044,-3.357,-4.12,-6.8667,-7.477,-9.1556,-10.529,-13.733,-15.412,-18.464,-17.243,-15.259,-9.4607,-5.3407,-0.15259,4.2726,6.7141,5.3407,4.12,2.5941,2.8993,3.5096,5.3407,3.8148,5.0356,5.4933,7.6296,7.477,8.0874,6.5615,6.1037,7.477,10.529,12.513,14.344,15.717,19.379,20.295,21.516,20.142,22.279,23.194,26.246,28.077,30.519,29.756,28.382,26.551,26.246,25.941,30.976,33.876,37.843,37.538,37.996,36.927,37.233,37.843,39.064,39.827,43.489,45.32,47.456,47.609,47.914,44.862,43.794,40.284,38.606,35.096,33.265,31.739,30.976,29.756,30.976,30.824,30.213,27.009,25.33,21.668,20.753,16.938,14.344,11.292,9.1556,6.8667,3.2044,-0.76296,-3.6622,-5.3407,-5.4933,-6.2563,-6.1037,-9.6133,-12.36,-18.616,-22.584,-27.619,-31.281,-33.265,-33.57,-32.044,-30.519,-33.113,-36.927,-41.963,-46.236,-51.118,-51.424,-51.424,-49.898,-49.135,-44.557,-39.216,-30.976,-23.041,-16.327,-11.444,-6.8667,-5.3407,-5.4933,-5.4933,-4.4252,-3.6622,-0.76296,-1.2207,-0,-0,1.2207,1.2207,2.2889,2.8993,4.4252,4.12,3.9674,1.2207,1.0681,1.2207,2.8993,3.2044,5.3407,6.4089,8.8504,9.7659,11.444,12.97,15.412,16.175,16.48,15.107,15.259,12.665,11.75,7.9348,5.3407,0.45778,-0,-1.0681,-0.76296,-0.45778,-0.61037,-1.5259,-2.2889,-3.0519,-1.8311,-0.61037,1.6785,1.6785,2.8993,2.2889,3.357,3.0519,5.6459,6.1037,7.9348,9.3081,10.987,12.207,15.564,19.532,24.567,29.603,37.08,40.59,45.778,46.693,47.761,45.778,45.625,43.794,43.489,43.336,44.557,46.541,49.593,51.729,54.933,56.764,60.884,61.953,63.478,65.157,66.53,68.972,73.702,78.738,84.689,90.64,97.507,105.75,114.29,121.92,130.77,139.77,150.15,157.93,165.56,173.19,181.28,189.83,199.44,206.92,214.55,220.95,227.97,231.48,238.2,243.23,249.79,255.29,261.24,267.34,274.06,280.77,287.03,292.98,298.62,305.03,313.12,319.22,326.7,330.82,335.86,339.67,343.33,345.62,347.45,349.74,352.95,354.78,357.07,360.88,365,368.21,370.65,371.87,374.92,375.23,377.21,378.12,380.26,381.33,381.33,380.41,380.11,379.96,379.19,377.36,377.51,377.51,379.65,379.65,380.26,379.35,380.26,378.73,376.45,373.39,370.04,367.29,365.31,363.48,361.64,358.13,355.24,351.73,349.13,343.79,339.52,334.79,330.06,323.34,319.53,316.32,313.58,310.37,309,308.24,308.08,305.03,302.13,297.71,293.74,288.55,284.89,279.55,273.75,267.34,262.46,256.66,252.08,246.59,241.4,234.99,231.18,226.45,222.33,215.61,208.9,202.19,196.54,190.13,185.09,182.04,179.91,177.62,176.85,176.7,177.62,177.92,179.6,180.21,181.89,181.89,183.72,183.11,182.96,182.81,182.81,183.26,184.33,185.71,186.77,185.55,185.4,183.26,180.82,176.24,174.26,169.38,164.34,159.31,154.73,150.91,147.25,141.91,137.49,132.6,128.94,122.23,118.56,114.9,112.31,109.71,108.49,107.58,108.34,109.1,109.41,109.87,110.17,108.65,108.65,108.8,110.63,108.49,106.2,100.71,95.676,89.724,85.147,81.179,79.043,77.67,76.907,75.533,74.007,69.277,63.326,55.086,48.677,43.794,39.521,37.08,35.249,32.35,28.23,22.889,17.548,10.529,3.6622,-5.6459,-14.496,-22.279,-25.025,-28.077,-32.35,-36.775,-42.879,-49.135,-55.238,-64.241,-72.634,-81.179,-84.994,-89.572,-92.013,-98.117,-106.36,-116.73,-127.57,-138.55,-150.61,-161.9,-170.14,-177.31,-185.4,-197.76,-209.05,-221.41,-232.09,-244.45,-257.88,-271,-281.08,-288.25,-293.28,-299.69,-308.24,-314.95,-316.48,-318.16,-321.97,-329.6,-337.38,-347.15,-356.3,-364.85,-371.11,-378.12,-382.85,-387.13,-390.33,-397.2,-401.93,-409.56,-412.31,-413.98,-411.85,-409.86,-406.51,-404.37,-400.56,-397.5,-392.93,-388.96,-382.09,-376.29,-370.8,-368.82,-363.48,-358.75,-354.78,-353.56,-351.57,-348.67,-344.1,-339.82,-333.26,-328.23,-319.99,-313.27,-303.35,-296.33,-288.09,-277.72,-265.05,-254.52,-246.13,-240.49,-234.69,-229.65,-221.87,-217.14,-211.34,-207.68,-203.41,-202.03,-201.42,-203.71,-207.22,-210.12,-210.58,-214.39,-216.22,-219.28,-221.41,-225.38,-226.29,-227.67,-227.36,-226.6,-225.23,-225.68,-228.58,-232.25,-231.79,-228.13,-220.04,-213.02,-206.92,-203.41,-196.84,-190.44,-183.42,-177.92,-172.73,-168.61,-163.12,-158.7,-151.83,-147.25,-139.77,-135.35,-129.7,-125.28,-119.33,-115.97,-111.55,-110.32,-111.55,-111.7,-110.78,-111.24,-111.39,-110.63,-107.43,-104.22,-99.338,-95.981,-90.335,-87.893,-84.994,-82.095,-80.264,-77.059,-75.686,-76.754,-77.364,-78.89,-79.653,-82.4,-81.942,-81.942,-78.433,-75.686,-72.176,-69.43,-66.836,-63.021,-58.901,-52.95,-46.388,-41.505,-34.944,-30.366,-26.093,-24.72,-23.194,-20.905,-17.243,-14.801,-13.276,-11.597,-12.36,-14.039,-13.428,-12.97,-12.665,-13.428,-15.564,-21.363,-27.772,-34.944,-41.2,-44.71,-48.372,-53.713,-57.985,-62.563,-63.936,-67.751,-70.345,-74.618,-76.144,-78.585,-81.179,-86.978,-92.166,-96.133,-97.354,-96.438,-92.471,-90.793,-89.724,-90.64,-89.419,-88.351,-83.926,-79.501,-73.397,-67.293,-59.969,-57.833,-57.375,-57.985,-58.748,-62.563,-64.241,-66.988,-66.53,-65.92,-61.8,-57.222,-51.729,-47.761,-45.015,-44.557,-43.184,-42.116,-39.521,-40.284,-38.301,-37.538,-35.401,-36.622,-36.775,-36.927,-35.859,-32.655,-28.84,-27.772,-27.161,-27.467,-26.246,-27.467,-28.84,-31.892,-34.028,-39.521,-45.015,-49.898,-52.492,-55.544,-60.274,-64.547,-65.31,-66.683,-67.293,-70.04,-70.04,-72.939,-76.296,-83.163,-88.198,-93.081,-96.286,-99.033,-99.948,-102.39,-105.29,-108.49,-111.55,-119.02,-124.67,-130.62,-134.43,-138.1,-142.67,-148.78,-153.51,-159,-166.33,-172.89,-176.7,-179.91,-179.91,-180.67,-180.21,-180.67,-179.6,-176.85,-173.65,-170.29,-165.41,-159.31,-151.52,-144.35,-134.89,-127.72,-119.33,-111.55,-101.63,-93.234,-83.773,-75.533,-67.446,-59.664,-50.508,-41.2,-30.519,-20.142,-7.1718,2.7467,13.428,22.126,33.418,44.862,55.696,66.836,76.296,85.757,96.896,109.41,121.46,131.84,143.13,151.07,160.53,167.09,174.26,179.3,184.94,189.21,192.88,195.62,197.3,197,197,196.23,196.84,196.08,196.08,193.33,191.81,188.45,185.09,185.09,187.84,192.11,197.15,202.03,208.14,213.78,220.04,224.46,230.72,236.52,242.77,248.57,253.15,257.27,260.63,263.37,268.26,273.29,279.09,284.13,289.01,292.21,296.95,301.98,305.64,307.47,308.69,309.15,309.92,309.61,310.07,308.39,307.63,304.27,301.98,298.62,294.2,287.79,281.38,276.04,271.77,266.12,261.09,257.27,253.46,247.05,240.94,234.08,226.6,220.19,216.07,212.26,207.53,202.64,198.68,197,196.69,192.57,188.6,181.89,176.55,169.07,162.51,155.8,150.46,145.73,141,135.81,131.84,127.72,127.11,127.26,127.41,126.65,125.58,122.84,119.63,115.51,112.16,108.04,104.07,100.1,98.575,95.676,92.929,88.504,88.809,89.724,90.64,89.572,87.436,85.299,81.79,77.975,75.533,72.939,74.77,75.533,76.144,72.176,66.836,59.206,55.086,50.508,46.846,40.895,34.639,28.687,20.753,12.818,10.376,6.4089,2.8993,-3.2044,-8.3926,-15.259,-19.99,-28.077,-37.385,-47.609,-56.917,-66.225,-72.634,-79.196,-83.773,-93.081,-101.02,-110.02,-116.28,-122.99,-128.33,-136.11,-145.42,-154.88,-161.44,-167.55,-173.8,-178.38,-180.36,-184.48,-187.99,-191.2,-191.66,-193.33,-191.35,-190.28,-189.67,-192.88,-192.57,-192.11,-191.05,-190.13,-189.52,-193.18,-195.93,-200.2,-198.22,-198.98,-201.42,-202.95,-201.12,-199.9,-198.68,-196.39,-194.56,-195.78,-199.13,-203.56,-203.86,-204.63,-201.27,-198.07,-194.71,-196.39,-196.84,-198.22,-199.74,-201.42,-200.66,-198.68,-193.49,-188.76,-182.81,-177.31,-169.23,-164.19,-159.92,-157.32,-150.15,-144.66,-142.06,-141.91,-138.55,-136.57,-133.82,-131.38,-126.35,-122.07,-116.89,-114.44,-109.87,-107.12,-102.54,-98.575,-94.455,-92.166,-88.046,-85.604,-83.773,-83.468,-81.027,-80.569,-77.364,-75.686,-72.024,-71.413,-69.43,-69.43,-66.836,-62.868,-58.596,-56.459,-54.018,-55.086,-56.764,-59.816,-60.427,-62.258,-61.647,-60.732,-59.664,-62.563,-63.326,-65.157,-66.073,-67.904,-69.887,-73.092,-75.838,-77.364,-75.076,-73.855,-71.108,-69.582,-65.767,-64.089,-60.427,-56.612,-53.255,-50.661,-48.677,-47.609,-46.388,-47.304,-47.304,-52.034,-55.391,-59.816,-61.495,-65.462,-67.598,-69.582,-70.65,-72.176,-73.397,-76.754,-80.721,-84.384,-88.809,-94.76,-99.185,-106.2,-111.09,-117.95,-122.23,-126.5,-129.4,-131.84,-133.52,-133.52,-133.37,-133.67,-133.21,-131.53,-128.64,-126.19,-122.84,-120.7,-117.65,-114.29,-109.56,-106.36,-100.41,-95.218,-89.267,-83.621,-78.127,-73.244,-69.124,-63.784,-58.29,-53.865,-50.966,-50.203,-48.067,-47.609,-44.404,-43.947,-42.879,-44.099,-46.846,-49.745,-50.966,-52.339,-53.713,-54.781,-54.323,-54.323,-52.95,-55.696,-56.917,-61.19,-63.326,-65.462,-67.446,-70.956,-73.092,-76.754,-79.806,-83.773,-86.215,-88.961,-91.25,-94.76,-96.438,-100.56,-104.22,-109.41,-113.99,-119.02,-120.09,-121.16,-121.31,-120.4,-120.55,-123.45,-126.8,-131.84,-132.91,-135.5,-136.42,-138.1,-138.86,-138.55,-136.72,-135.35,-131.38,-126.04,-120.7,-117.04,-113.07,-110.02,-104.22,-99.185,-93.234,-88.961,-83.621,-80.874,-76.754,-73.092,-70.498,-68.972,-66.988,-66.53,-63.936,-60.274,-53.255,-48.677,-43.184,-41.2,-40.59,-43.641,-47.761,-52.644,-55.086,-57.833,-59.664,-62.716,-65.004,-67.141,-66.988,-68.514,-69.43,-71.261,-72.939,-75.228,-74.923,-75.991,-75.686,-75.076,-72.939,-71.261,-68.056,-66.378,-63.631,-63.326,-60.732,-59.358,-56.001,-53.865,-51.118,-46.236,-39.827,-34.486,-28.84,-23.652,-19.227,-16.785,-14.039,-12.513,-7.3244,-4.5778,0.15259,4.12,8.8504,10.376,13.733,18.464,23.194,27.009,27.924,26.246,25.636,24.415,25.483,25.483,27.619,25.178,21.821,15.412,10.224,4.4252,-1.2207,-6.2563,-9.4607,-11.292,-10.224,-8.3926,-6.2563,-4.2726,-0.91556,-1.5259,-0.91556,-2.2889,-1.9837,-0.61037,2.7467,7.477,11.902,14.801,17.853,21.21,25.025,29.603,33.876,36.012,39.064,39.369,40.742,41.353,43.641,45.778,48.524,51.576,53.865,55.544,59.358,61.495,61.495,57.527,55.849,52.95,51.881,49.898,50.661,48.067,46.693,43.947,42.879,42.268,41.2,37.538,34.944,31.587,29.298,25.483,23.499,20.753,20.6,20.295,22.279,23.194,25.483,27.161,28.687,29.45,30.213,29.603,30.519,28.23,27.009,25.025,24.873,23.652,24.262,24.72,24.11,22.431,21.516,18.159,14.801,10.376,9.3081,6.1037,5.1881,3.2044,2.2889,-0.91556,-1.9837,-5.6459,-8.24,-10.376,-11.597,-14.191,-15.259,-15.87,-16.327,-20.295,-22.279,-25.025,-26.551,-28.687,-28.993,-30.061,-28.382,-27.314,-27.314,-29.145,-28.535,-27.467,-26.246,-26.856,-26.551,-28.535,-26.551,-26.093,-21.668,-18.311,-13.886,-8.5452,-3.357,-0.61037,-0.30519,-1.5259,-4.7304,-9.9185,-11.139,-11.292,-8.3926,-9.4607,-9.003,-9.6133,-10.987,-16.022,-21.058,-28.84,-37.385,-46.388,-52.797,-61.647,-66.683,-71.871,-76.449,-80.721,-81.484,-82.095,-81.942,-81.79,-82.095,-83.468,-83.773,-84.841,-83.01,-79.043,-73.702,-69.277,-60.732,-54.628,-47.914,-40.132,-32.655,-26.856,-21.21,-16.327,-9.6133,-5.9511,0.76296,5.6459,12.36,14.039,17.396,18.921,19.227,15.564,11.444,5.7985,1.3733,-7.0193,-14.954,-22.736,-27.924,-35.707,-42.879,-49.898,-57.985,-67.293,-72.634,-76.754,-79.653,-85.91,-92.166,-99.643,-103.31,-105.9,-106.81,-106.66,-103.46,-101.63,-98.422,-95.218,-90.945,-89.572,-86.215,-83.926,-80.721,-75.533,-69.582,-62.716,-53.865,-45.015,-35.859,-30.366,-24.873,-24.11,-23.041,-24.262,-23.804,-23.499,-23.194,-24.72,-27.314,-30.213,-33.265,-37.233,-39.979,-45.32,-50.661,-59.816,-66.53,-71.718,-75.076,-77.822,-78.89,-78.738,-76.449,-74.313,-72.939,-74.618,-72.787,-69.887,-65.615,-60.884,-53.865,-47.761,-40.437,-32.807,-24.873,-18.159,-9.3081,-3.9674,3.357,9.4607,15.87,19.99,24.11,27.924,31.281,33.418,34.333,32.96,31.434,27.314,25.941,21.058,17.243,10.224,5.0356,-1.5259,-7.9348,-15.717,-23.041,-29.756,-32.655,-38.301,-42.116,-47.456,-50.661,-53.255,-52.492,-49.593,-46.388,-44.404,-42.726,-41.658,-38.453,-33.876,-29.45,-27.161,-23.194,-21.058,-15.87,-12.36,-9.7659,-8.24,-6.2563,-4.5778,-1.8311,-0.91556,0.15259,-0.61037,-0.91556,-4.7304,-8.5452,-11.902,-13.733,-16.633,-19.837,-24.567,-30.824,-37.69,-43.336,-50.356,-56.001,-63.478,-68.667,-74.77,-83.316,-92.471,-101.17,-110.48,-119.02,-128.18,-136.27,-144.66,-150.15,-158.24,-164.95,-170.14,-175.94,-183.72,-189.37,-193.64,-196.69,-197.3,-195.47,-193.18,-189.37,-186.62,-183.26,-180.36,-175.48,-169.84,-162.51,-153.36,-145.27,-138.55,-127.72,-116.43,-103.76,-90.64,-76.144,-60.884,-44.404,-28.535,-13.581,2.8993,22.736,39.064,52.492,61.19,67.598,71.108,75.991,77.364,83.621,90.03,97.659,102.54,106.81,109.56,110.93,110.93,110.78,109.26,106.36,100.86,97.659,93.081,92.471,92.166,92.929,90.03,84.841,77.059,70.345,65.157,61.495,56.459,52.95,45.93,38.606,29.145,23.347,18.311,13.886,8.0874,1.3733,-6.8667,-11.292,-16.48,-22.584,-32.044,-39.674,-48.524,-55.849,-63.784,-71.108,-78.89,-86.673,-95.523,-103.46,-113.07,-121.62,-131.84,-140.54,-149.85,-156.87,-163.88,-170.14,-176.55,-183.42,-192.42,-201.12,-212.26,-221.11,-231.03,-238.96,-247.96,-256.66,-264.44,-271.77,-278.94,-284.43,-290.38,-295.11,-302.44,-308.85,-316.02,-322.58,-328.68,-334.33,-341.5,-346.84,-351.73,-355.69,-359.97,-363.48,-368.97,-372.33,-376.75,-379.5,-382.7,-384.53,-386.97,-388.5,-389.72,-392.32,-394.3,-395.52,-396.44,-396.13,-396.44,-394.15,-392.77,-390.94,-389.42,-387.74,-385.45,-383.31,-380.57,-377.97,-374.92,-371.11,-367.6,-363.17,-360.27,-355.39,-351.88,-347.61,-344.55,-339.67,-336.16,-332.5,-328.23,-324.72,-321.05,-316.48,-313.27,-308.85,-306.1,-303.05,-301.07,-298.17,-296.18,-293.89,-290.08,-286.72,-282.91,-279.4,-275.73,-272.07,-269.48,-265.66,-261.7,-257.42,-254.52,-250.71,-248.27,-245.67,-242.93,-238.65,-234.08,-230.11,-226.91,-224.01,-219.58,-215.61,-211.8,-208.14,-204.93,-202.19,-200.51,-198.07,-196.84,-194.1,-191.81,-189.98,-188.15,-187.54,-186.01,-184.64,-182.81,-179.45,-177.77,-175.63,-173.04,-168.77,-165.87,-161.29,-156.71,-154.42,-152.44,-150.46,-147.56,-145.12,-143.74,-142.22,-140.69,-137.79,-135.65,-132.15,-130.47,-127.26,-125.74,-123.6,-120.4,-118.26,-116.73,-116.28,-116.12,-116.12,-115.97,-114.29,-112.77,-110.63,-109.1,-104.98,-102.08,-99.796,-95.828,-91.708,-87.588,-83.316,-79.043,-73.244,-66.225,-56.917,-48.83,-40.284,-33.113,-27.314,-23.652,-19.074,-16.938,-18.006,-19.684,-20.447,-21.058,-20.753,-20.142,-20.142,-22.431,-23.499,-24.873,-25.636,-28.077,-30.213,-31.281,-30.519,-27.467,-23.804,-21.058,-18.921,-16.633,-13.733,-11.444,-6.5615,-3.0519,1.3733,4.883,8.8504,13.428,16.022,18.464,22.279,27.619,32.655,34.944,35.401,35.096,37.233,38.301,40.59,42.879,46.846,49.898,50.966,51.729,52.339,52.797,54.476,54.933,55.544,55.391,54.933,55.238,56.764,56.612,55.849,53.865,50.813,47.761,45.93,44.404,42.879,40.895,39.521,37.233,37.69,40.742,48.372,55.086,65.462,77.975,93.081,113.38,142.52,176.09,207.68,238.81,262.92,280.62,293.44,300.76,306.71,309.92,316.32,326.24,338.15,342.57,337.69,320.29,296.33,273.75,254.52,235.91,215.46,192.57,165.41,131.99,102.69,78.585,58.138,34.791,8.6978,-18.311,-42.879,-64.699,-85.452,-105.59,-128.03,-150.46,-171.06,-189.06,-203.41,-215.92,-224.01,-230.26,-233.16,-236.06,-237.59,-235.6,-232.55,-226.91,-217.6,-203.41,-188.3,-174.87,-158.85,-139.32,-116.89,-97.354,-77.364,-53.865,-31.587,-12.97,5.0356,20.753,36.317,46.541,56.612,65.157,75.076,84.231,94.15,105.59,115.36,122.23,129.86,136.57,146.34,153.81,161.44,169.99,178.69,185.55,193.95,199.9,203.56,204.63,207.22,207.98,209.66,207.68,203.1,194.71,187.84,182.2,175.33,166.94,158.54,146.79,136.42,123.91,113.83,106.97,101.17,95.065,88.656,79.043,68.209,57.833,49.44,41.505,36.164,31.129,28.687,27.314,27.467,26.704,28.077,29.45,28.993,25.178,20.447,15.412,15.107,17.701,20.6,21.821,27.314,33.418,38.606,40.895,40.132,40.59,38.759,35.707,36.927,40.284,45.625,49.44,51.118,50.356,48.83,43.641,39.979,43.641,50.203,52.492,52.339,51.881,52.797,51.424,51.118,51.271,52.644,49.44,44.862,44.71,44.862,43.336,41.505,39.674,40.437,43.489,47.914,48.83,50.966,52.95,57.07,57.375,57.375,56.612,52.644,47.151,39.979,30.366,18.616,6.2563,-5.4933,-17.853,-27.161,-35.859,-43.489,-52.339,-62.105,-71.718,-79.958,-88.504,-96.896,-105.75,-115.36,-124.52,-133.21,-142.83,-151.37,-159.92,-165.41,-169.07,-172.73,-174.87,-175.33,-175.48,-174.26,-172.58,-169.84,-166.17,-161.6,-155.34,-147.71,-139.47,-129.4,-120.09,-110.32,-100.41,-90.03,-79.806,-71.261,-62.563,-53.407,-45.93,-37.08,-29.756,-22.584,-16.48,-10.376,-3.357,3.2044,8.5452,12.97,17.396,22.584,26.856,31.892,35.096,38.453,41.963,46.083,48.372,49.898,51.729,53.102,54.781,57.222,58.596,60.732,59.816,59.816,58.138,56.001,52.034,47.761,44.557,41.047,37.385,34.333,30.671,26.856,22.736,19.99,14.801,11.597,8.0874,4.4252,0.45778,-4.5778,-9.4607,-14.496,-18.311,-21.363,-24.72,-27.161,-30.213,-31.739,-35.096,-37.996,-40.284,-42.268,-44.099,-45.625,-47.456,-48.83,-51.424,-53.865,-57.222,-59.053,-60.884,-62.258,-63.326,-64.852,-67.293,-68.056,-68.972,-69.277,-71.413,-71.566,-72.176,-73.092,-72.939,-73.397,-74.618,-74.16,-74.16,-71.718,-70.803,-68.972,-68.667,-67.293,-65.767,-64.089,-60.884,-57.68,-55.391,-53.865,-52.95,-49.745,-47.761,-46.083,-44.557,-42.726,-39.979,-38.148,-36.775,-35.401,-36.622,-34.791,-34.486,-35.096,-35.401,-36.317,-37.538,-37.08,-36.775,-35.401,-34.486,-33.723,-35.554,-36.012,-36.775,-36.622,-37.385,-37.385,-37.538,-37.08,-37.233,-35.707,-35.554,-34.181,-32.807,-30.366,-29.908,-28.382,-24.262,-20.295,-17.09,-12.818,-9.7659,-5.3407,-1.3733,2.7467,4.5778,7.1718,9.6133,12.665,18.006,23.957,28.84,33.418,37.08,40.895,44.404,49.287,51.729,55.086,58.29,64.241,70.65,77.364,84.384,89.877,94.607,98.88,104.53,111.55,116.28,123.29,128.33,135.04,140.39,147.4,154.27,160.83,168,174.57,179.91,185.55,190.59,195.47,199.74,205.24,208.29,211.65,214.55,216.83,219.58,223.55,226.45,230.26,232.25,235.6,234.99,235.45,234.99,236.21,236.82,241.1,244.76,248.57,251.63,253.91,254.52,254.98,255.13,256.51,256.51,259.25,260.93,263.53,263.83,264.44,266.27,269.78,271.77,275.89,281.38,289.32,292.37,298.62,304.12,308.39,308.85,308.08,307.47,307.17,307.02,306.41,305.34,304.57,302.59,300.91,297.25,297.86,296.95,297.25,298.93,301.52,301.83,300.45,298.47,296.79,296.18,297.1,293.59,290.69,287.03,285.04,283.06,282.6,282.3,281.23,279.55,276.8,272.07,267.04,259.41,251.01,240.18,234.38,227.21,223.55,219.43,212.71,200.81,188.3,175.18,164.34,154.58,149.39,141.76,135.65,131.23,128.79,123.45,119.79,114.29,109.1,104.83,102.24,99.49,96.744,92.929,89.572,83.316,77.822,70.956,67.446,62.563,59.511,55.086,52.95,50.813,51.271,49.135,45.625,42.421,39.064,33.57,29.298,23.652,19.684,15.717,13.581,10.834,8.8504,6.4089,4.12,0.61037,-3.0519,-9.1556,-13.581,-17.548,-18.616,-19.227,-19.532,-21.363,-23.499,-26.399,-26.704,-27.009,-27.467,-29.603,-29.908,-32.655,-34.181,-34.944,-32.807,-29.603,-25.483,-20.142,-13.581,-10.071,-9.003,-10.224,-10.224,-10.529,-8.6978,-8.3926,-2.1363,8.3926,19.074,26.093,33.876,39.827,43.641,47.456,57.375,65.462,70.956,73.397,77.364,77.822,78.585,78.127,77.212,73.397,70.65,67.141,62.105,54.628,47.151,36.622,29.45,23.957,17.853,8.0874,-1.0681,-9.4607,-16.48,-22.736,-28.382,-33.265,-37.385,-43.184,-49.44,-57.527,-62.105,-68.056,-71.413,-76.907,-81.484,-84.689,-86.215,-89.267,-93.234,-97.964,-102.39,-106.66,-111.24,-116.73,-121.31,-125.89,-128.64,-133.82,-137.64,-143.13,-148.32,-154.42,-158.7,-160.99,-160.99,-159.46,-157.78,-157.32,-157.02,-159.46,-160.37,-159.92,-157.48,-155.8,-153.51,-154.42,-153.66,-151.68,-150.61,-150.46,-150.15,-149.24,-145.88,-142.67,-138.4,-137.03,-134.89,-135.04,-134.13,-133.37,-131.99,-131.08,-130.62,-129.4,-128.18,-128.33,-129.7,-128.94,-127.72,-126.8,-123.6,-123.75,-123.14,-122.53,-121.31,-120.09,-116.89,-114.44,-112.16,-109.41,-108.8,-109.87,-111.39,-112.77,-112.77,-111.55,-108.95,-108.65,-107.27,-105.59,-102.39,-99.033,-94.913,-91.556,-86.825,-80.264,-75.228,-71.871,-67.446,-63.936,-60.274,-54.628,-45.778,-39.369,-28.993,-16.938,-6.7141,0.45778,4.5778,5.7985,5.7985,6.1037,7.0193,7.477,7.7822,5.6459,3.6622,1.2207,3.0519,7.1718,10.529,14.954,20.753,22.584,23.041,22.736,23.499,22.126,21.668,19.684,19.379,18.616,19.532,20.295,22.431,24.262,26.399,28.382,29.756,29.45,29.45,30.519,32.35,33.876,37.385,39.216,38.301,33.113,26.856,21.973,19.837,21.516,27.009,34.791,41.658,46.999,53.865,60.732,67.141,72.787,81.332,88.351,95.218,99.643,103.61,103.61,103.15,102.24,103.46,104.37,105.14,107.27,108.8,109.87,114.14,115.36,116.73,116.28,117.5,117.5,118.56,117.8,115.97,113.83,115.05,117.95,122.53,125.89,131.38,135.04,142.22,146.79,150.76,155.8,161.9,167.39,171.06,171.82,172.58,172.89,173.19,172.43,172.28,170.45,172.89,174.41,175.94,175.48,177.77,179.75,181.74,183.87,188.6,193.33,196.08,198.37,203.1,204.78,206.76,207.07,209.97,209.81,209.51,209.05,208.59,207.37,207.53,208.14,209.36,208.59,208.59,207.22,204.63,198.68,192.57,184.79,177.62,171.36,166.48,162.36,160.99,161.14,164.49,165.87,166.48,165.87,166.33,165.26,163.58,160.53,157.48,154.88,151.98,147.86,144.05,138.71,133.98,126.5,121.62,115.36,112.77,107.58,101.63,95.676,89.419,82.705,77.975,72.634,67.904,64.089,64.394,66.378,72.634,79.196,86.825,89.724,93.997,96.286,96.896,96.133,96.744,95.523,96.591,96.896,97.659,96.133,96.286,92.929,90.182,85.452,81.79,76.296,71.261,63.326,53.56,42.421,32.197,21.821,14.191,5.1881,-0.45778,-7.7822,-13.123,-18.311,-19.227,-19.532,-17.701,-15.564,-13.123,-11.444,-8.24,-4.7304,-1.8311,2.4415,10.224,15.87,19.532,21.973,29.145,34.944,41.81,48.372,55.086,59.358,62.105,61.495,62.868,64.394,65.767,66.53,69.124,68.972,72.024,75.381,80.111,80.264,80.721,81.179,81.942,81.332,79.653,78.28,79.348,77.822,76.144,70.803,65.92,61.342,59.511,55.086,51.118,47.761,46.388,43.794,40.895,39.216,38.759,36.317,35.707,32.96,34.944,33.876,34.028,33.113,34.639,39.521,46.693,53.102,60.274,65.157,69.582,73.092,78.127,81.79,87.588,89.572,91.708,90.03,90.03,86.825,84.841,81.637,78.28,75.381,72.329,68.514,64.852,59.816,56.917,51.881,49.135,44.862,43.947,42.726,43.184,43.489,45.167,46.236,48.219,50.813,52.797,52.034,52.644,50.356,48.524,42.879,39.674,35.859,35.096,34.486,34.791,34.181,32.35,28.077,23.652,17.701,12.513,4.883,0.91556,-3.8148,-7.9348,-13.733,-17.396,-19.532,-20.295,-21.668,-23.652,-25.941,-28.077,-31.129,-32.96,-38.606,-43.489,-50.356,-57.07,-67.141,-75.991,-84.689,-93.997,-101.02,-105.9,-112.31,-118.11,-126.65,-133.67,-141.15,-145.27,-149.85,-150.61,-151.52,-148.47,-144.05,-138.55,-132.76,-126.96,-122.23,-118.11,-116.89,-113.38,-110.63,-105.75,-102.69,-99.643,-97.354,-95.523,-94.302,-92.776,-92.166,-90.793,-90.487,-88.656,-88.351,-83.621,-78.89,-73.702,-70.956,-67.141,-65.31,-66.225,-71.413,-75.076,-77.67,-80.721,-84.994,-88.809,-94.15,-100.41,-111.39,-121.92,-130.47,-137.49,-143.28,-148.17,-154.12,-159.92,-165.26,-169.07,-172.12,-171.97,-171.06,-168.16,-163.88,-160.53,-157.78,-156.41,-153.66,-151.22,-150,-147.4,-145.27,-140.23,-136.11,-128.33,-121.01,-112.61,-102.85,-94.15,-87.436,-81.637,-78.127,-75.838,-75.076,-73.55,-72.329,-68.667,-67.904,-68.667,-73.092,-79.196,-87.13,-94.607,-100.56,-105.14,-109.71,-113.83,-117.95,-120.4,-125.89,-128.94,-133.21,-134.74,-137.79,-140.23,-141,-139.77,-136.27,-130.16,-124.97,-120.24,-116.89,-110.63,-106.51,-101.17,-98.27,-94.455,-88.351,-82.705,-79.653,-77.059,-76.907,-78.738,-80.264,-79.348,-80.874,-81.484,-84.536,-86.215,-87.436,-88.809,-90.945,-92.624,-96.591,-102.85,-107.88,-112,-114.9,-115.51,-116.89,-117.34,-122.38,-125.13,-127.41,-126.65,-125.28,-122.68,-119.79,-115.21,-112.46,-108.8,-108.49,-106.51,-105.9,-103.15,-101.78,-98.27,-91.861,-81.79,-71.718,-62.563,-53.255,-43.336,-33.57,-21.058,-13.428,-6.8667,-3.9674,-0.15259,4.5778,6.4089,3.0519,0.91556,-2.7467,-5.7985,-11.292,-15.87,-23.652,-28.535,-32.807,-34.333,-35.859,-37.385,-37.69,-36.317,-36.622,-37.996,-36.622,-31.587,-27.772,-20.6,-13.123,-3.357,4.7304,12.36,19.074,25.788,32.655,40.895,52.339,64.241,74.923,85.147,92.471,101.63,108.49,116.12,124.06,132.76,139.16,142.22,143.74,145.88,147.1,146.95,144.2,142.22,136.88,133.06,128.48,124.36,118.87,113.22,107.27,105.9,106.81,109.56,110.93,111.85,110.02,107.88,104.98,108.34,111.7,117.8,121.01,126.04,131.99,139.93,145.73,153.51,160.83,168.16,174.26,180.06,180.97,180.67,180.36,183.11,184.03,183.72,182.04,178.69,174.26,170.75,166.33,160.53,151.83,145.73,135.5,126.96,119.94,118.11,116.73,116.12,110.32,101.78,94.15,90.182,88.351,90.182,92.624,95.218,94.607,93.387,89.572,85.757,82.095,81.332,80.569,80.874,82.4,84.994,84.231,83.163,79.501,76.296,71.261,68.667,65.157,63.631,64.547,65.462,63.478,62.563,60.274,57.68,52.644,49.745,43.794,35.859,25.33,18.769,13.886,15.259,15.412,14.344,13.733,15.259,14.801,12.665,9.4607,9.7659,9.1556,9.3081,6.5615,7.6296,8.6978,14.191,19.074,24.262,29.298,32.197,34.791,39.827,44.404,50.508,54.781,58.138,59.206,62.563,65.615,68.819,66.836,64.394,61.19,58.596,55.086,50.508,45.015,39.674,35.096,33.57,28.687,23.804,15.717,7.477,1.5259,-1.0681,-7.6296,-15.717,-23.499,-26.856,-28.84,-31.281,-33.723,-35.096,-38.453,-42.116,-49.287,-55.544,-62.563,-66.378,-72.024,-75.381,-77.059,-78.585,-79.653,-78.585,-77.975,-78.433,-78.738,-77.364,-77.67,-76.754,-73.55,-70.803,-72.787,-73.092,-73.55,-75.228,-76.449,-75.686,-72.176,-65.157,-58.901,-52.797,-49.135,-47.151,-45.015,-42.879,-41.505,-38.759,-35.707,-30.213,-25.025,-19.837,-15.717,-10.681,-3.5096,8.6978,20.753,32.044,39.827,47.456,51.881,58.596,64.699,73.55,81.637,89.572,95.828,104.22,111.39,117.34,119.02,122.68,124.82,130.47,135.65,142.06,149.39,154.58,156.41,158.7,161.6,162.66,160.53,158.09,150.46,144.35,135.65,129.55,122.23,114.75,105.44,97.659,88.656,82.247,74.313,64.699,52.492,41.963,32.044,24.11,17.548,14.344,10.224,8.0874,6.4089,3.5096,0.76296,-1.9837,-2.2889,-4.4252,-7.7822,-7.7822,-7.7822,-5.9511,-5.1881,-3.5096,-3.6622,-1.9837,0.30519,3.2044,5.0356,6.4089,5.0356,3.357,1.5259,-0.15259,-1.9837,-2.4415,-3.9674,-5.7985,-12.665,-21.058,-29.145,-36.47,-43.641,-51.271,-59.358,-67.598,-76.601,-83.926,-91.708,-100.86,-111.09,-115.21,-121.16,-122.84,-124.21,-122.53,-118.56,-112.46,-109.87,-106.51,-101.32,-97.507,-96.286,-95.981,-94.15,-90.64,-88.198,-82.553,-78.433,-75.533,-77.059,-79.043,-80.569,-77.975,-74.923,-71.871,-68.667,-67.598,-68.514,-72.481,-77.364,-81.484,-84.841,-87.436,-89.877,-95.218,-104.22,-108.95,-113.22,-115.67,-119.17,-121.77,-122.07,-122.07,-120.55,-119.48,-118.41,-116.58,-113.07,-109.1,-104.83,-98.727,-93.234,-87.741,-83.163,-77.975,-74.313,-69.43,-64.241,-58.748,-52.95,-49.287,-45.32,-39.827,-33.57,-27.467,-24.72,-19.99,-16.327,-11.902,-7.0193,-1.0681,2.7467,6.4089,8.24,9.003,9.4607,7.9348,5.7985,3.357,-0.30519,-4.4252,-10.834,-15.87,-20.295,-20.142,-19.532,-18.006,-15.717,-13.276,-10.529,-7.9348,-4.5778,-0,4.7304,10.529,13.886,18.464,22.736,29.45,35.096,40.895,46.388,50.203,56.307,63.936,73.244,83.468,92.929,99.185,103.31,108.19,110.32,112.46,112.77,114.75,115.05,113.83,111.24,107.12,102.69,98.27,92.776,85.91,78.127,72.024,66.836,60.427,52.187,46.846,40.895,34.486,27.772,22.736,19.99,16.327,13.276,11.292,9.3081,9.6133,9.9185,12.513,13.428,14.954,15.259,17.853,19.99,21.363,21.668,22.431,24.11,25.483,25.178,24.262,23.194,22.736,19.227,15.107,9.1556,2.5941,-6.1037,-12.818,-19.379,-27.772,-36.012,-42.879,-48.83,-54.476,-58.901,-59.816,-60.427,-59.053,-56.001,-50.966,-48.524,-45.93,-43.641,-39.674,-34.639,-31.739,-28.382,-24.72,-21.363,-18.921,-16.785,-13.886,-13.428,-11.139,-10.224,-9.9185,-11.444,-11.292,-10.529,-9.3081,-7.6296,-4.2726,-0.15259,5.0356,9.3081,11.597,9.9185,9.4607,8.5452,7.7822,6.5615,6.5615,5.9511,3.0519,-1.6785,-6.4089,-7.1718,-5.7985,-6.2563,-6.8667,-8.8504,-10.681,-13.886,-13.581,-13.428,-12.207,-11.75,-10.834,-10.834,-7.3244,-2.4415,4.5778,11.444,16.022,19.074,22.736,25.636,30.366,34.181,39.064,43.641,48.219,51.729,54.628,57.985,61.8,67.141,71.261,74.465,80.111,84.384,91.708,96.286,101.17,103.46,103.76,103.76,104.83,106.51,109.1,111.39,114.9,119.63,121.46,120.09,122.23,122.68,123.6,122.07,122.07,121.16,121.62,121.62,120.85,117.34,115.82,115.67,116.43,117.04,117.65,113.38,109.41,104.53,102.24,99.796,95.828,90.945,86.062,80.721,75.991,73.397,72.481,72.481,74.465,76.449,79.196,79.348,84.078,88.809,94.302,99.643,104.22,108.19,114.6,125.58,136.27,142.67,148.17,151.22,153.51,149.69,140.39,128.03,117.8,108.19,101.47,96.286,91.403,85.299,81.484,76.907,72.481,65.92,61.037,55.238,50.508,47.914,46.541,44.404,38.759,31.129,25.025,20.142,16.785,12.818,11.902,11.597,13.123,12.36,12.513,11.139,11.139,10.834,10.071,9.9185,9.1556,8.6978,8.3926,8.0874,8.0874,7.6296,7.9348,4.7304,2.2889,-2.2889,-4.7304,-8.6978,-10.376,-10.529,-11.292,-12.97,-15.259,-16.785,-19.837,-23.957,-26.399,-28.993,-31.281,-33.876,-34.333,-35.096,-34.944,-36.317,-38.911,-41.353,-42.879,-42.879,-40.742,-39.064,-36.47,-35.401,-33.418,-33.723,-32.96,-33.113,-33.265,-36.012,-38.148,-40.132,-42.116,-45.167,-45.32,-44.252,-42.573,-41.505,-42.116,-45.473,-47.456,-52.034,-56.307,-63.173,-68.972,-74.007,-76.907,-77.364,-79.196,-81.637,-81.637,-81.79,-80.569,-79.806,-77.67,-78.433,-76.907,-74.77,-69.43,-64.241,-58.901,-54.781,-49.44,-44.252,-40.895,-40.284,-36.775,-32.35,-27.619,-24.415,-20.753,-18.311,-14.039,-11.444,-10.071,-8.6978,-7.3244,-6.7141,-8.5452,-13.123,-15.717,-17.701,-16.938,-15.412,-13.886,-15.412,-13.886,-12.36,-9.9185,-8.24,-9.1556,-10.376,-10.834,-12.055,-15.87,-19.379,-23.041,-27.467,-30.519,-34.486,-37.538,-40.742,-41.658,-42.573,-40.284,-36.47,-32.35,-29.45,-27.314,-25.178,-22.126,-17.09,-10.987,-6.2563,-0,4.883,10.224,16.327,22.431,26.399,27.009,25.33,23.652,21.668,18.769,15.717,13.886,11.902,9.003,2.8993,-2.5941,-7.9348,-12.207,-15.87,-19.837,-22.431,-24.415,-24.873,-25.025,-27.772,-29.908,-34.333,-37.538,-41.047,-42.268,-42.116,-42.268,-43.336,-44.71,-47.456,-50.966,-56.917,-62.41,-67.141,-68.972,-72.481,-75.228,-77.364,-76.601,-77.67,-79.348,-80.416,-79.958,-77.364,-72.024,-65.462,-56.154,-47.609,-38.759,-33.57,-28.535,-24.567,-21.821,-20.142,-18.769,-16.327,-12.513,-7.477,-2.5941,-0.15259,3.8148,6.8667,7.9348,6.1037,4.12,1.2207,1.9837,5.0356,6.8667,11.902,18.616,23.194,24.415,25.636,29.298,32.35,36.317,38.301,43.489,48.067,50.966,49.135,45.93,43.184,43.336,43.794,45.015,47.304,49.44,48.982,46.999,44.252,43.947,44.71,48.982,51.424,54.17,56.917,60.732,65.92,71.566,74.007,76.144,76.907,77.822,76.144,73.397,68.819,68.667,69.277,73.244,76.144,77.059,75.838,74.465,72.634,69.887,65.31,59.969,52.492,46.083,39.521,34.944,29.145,26.704,22.126,16.48,12.055,7.477,3.357,0.15259,-2.2889,-5.9511,-10.071,-13.886,-19.99,-26.093,-32.807,-34.028,-35.249,-35.707,-37.538,-38.911,-39.521,-41.81,-44.252,-43.184,-44.099,-46.083,-47.151,-45.32,-44.71,-42.879,-41.2,-37.08,-35.859,-34.333,-34.333,-35.096,-35.554,-34.028,-32.96,-31.739,-28.535,-26.551,-28.23,-32.35,-35.707,-38.148,-41.047,-41.047,-42.573,-44.404,-45.015,-46.388,-47.456,-49.135,-50.661,-53.865,-59.358,-65.31,-67.598,-64.852,-61.647,-58.138,-56.764,-56.307,-59.664,-63.478,-65.004,-67.751,-71.261,-76.296,-81.027,-84.994,-88.961,-93.539,-99.338,-106.2,-112.92,-114.9,-113.07,-108.49,-104.53,-103.15,-104.37,-104.22,-102.39,-99.338,-95.37,-92.166,-90.64,-88.351,-86.215,-84.994,-84.078,-78.28,-72.481,-67.904,-64.089,-60.884,-56.612,-52.492,-49.287,-45.32,-42.421,-41.2,-43.184,-44.099,-44.252,-44.71,-47.304,-49.44,-54.323,-57.68,-59.664,-59.358,-56.001,-54.018,-53.407,-54.933,-57.375,-58.748,-59.206,-57.833,-55.391,-51.271,-47.609,-44.71,-42.573,-39.216,-34.486,-29.45,-24.72,-18.921,-13.886,-7.3244,-2.8993,2.5941,6.8667,13.276,18.159,20.905,20.753,20.6,23.194,27.772,32.502,34.028,35.554,36.317,38.148,41.81,42.879,43.947,43.336,43.336,42.879,44.71,46.083,47.609,47.914,48.372,49.44,50.966,51.118,50.966,49.593,51.118,51.118,52.644,52.034,50.661,48.982,48.372,49.745,52.187,51.729,49.287,46.388,45.015,44.099,44.099,42.879,45.167,48.219,50.508,51.424,54.628,57.527,58.901,58.29,56.459,54.781,53.56,51.729,48.372,44.404,41.658,39.216,38.606,38.911,40.132,39.674,39.064,36.927,35.401,35.859,35.554,35.249,34.028,33.113,32.35,31.281,32.655,34.791,41.353,45.625,50.508,54.933,60.427,62.716,63.478,62.868,61.342,58.901,58.901,60.579,62.41,63.021,64.394,63.784,65.767,67.293,70.04,70.345,71.718,71.718,70.04,67.904,66.378,66.378,67.293,67.598,70.345,69.735,70.498,69.735,70.193,69.124,66.836,61.953,57.833,55.238,52.797,49.593,46.693,44.404,44.862,41.963,39.979,36.164,35.859,35.707,37.233,37.996,35.707,34.486,33.418,31.434,30.366,27.314,26.856,23.804,20.905,16.633,14.496,12.36,13.581,16.785,19.99,23.499,26.856,29.145,29.298,28.535,28.382,27.619,29.145,28.84,27.314,23.347,19.684,15.717,14.496,13.276,12.513,12.513,13.276,13.733,15.259,15.564,15.107,11.902,6.7141,0.61037,-2.2889,-3.357,-4.5778,-9.003,-13.581,-19.227,-26.093,-32.197,-35.401,-37.69,-41.353,-46.388,-50.661,-54.323,-57.07,-61.953,-65.157,-68.209,-69.887,-69.277,-65.615,-63.173,-62.41,-62.41,-62.563,-65.31,-67.598,-68.361,-66.988,-68.361,-67.598,-69.43,-69.887,-69.43,-68.972,-67.293,-64.699,-61.495,-57.375,-53.865,-50.813,-47.609,-44.099,-43.336,-43.031,-42.421,-35.401,-28.84,-20.905,-16.48,-12.818,-11.444,-10.834,-12.055,-12.665,-11.139,-7.3244,-4.7304,-3.2044,-2.4415,0.91556,2.7467,5.3407,7.7822,12.665,15.107,17.09,16.327,14.954,13.276,12.513,9.3081,6.7141,-0.45778,-4.5778,-8.6978,-8.8504,-10.376,-12.97,-14.954,-17.243,-18.921,-17.243,-13.276,-6.2563,-3.2044,0.30519,0.91556,1.2207,-0.30519,-0.15259,3.2044,10.071,18.006,24.567,28.687,31.587,31.892,35.096,37.538,40.895,41.2,44.099,43.947,44.099,43.184,43.794,46.083,49.593,52.339,52.339,48.219,45.473,42.879,43.794,43.336,44.404,43.947,43.489,41.2,41.658,44.71,50.813,56.764,64.547,70.956,78.89,86.367,94.302,102.54,112.92,119.17,123.91,127.72,132.45,134.59,135.65,135.5,132.76,128.18,122.23,117.8,115.05,110.32,105.29,99.49,96.133,93.234,92.013,86.978,83.621,80.721,78.585,75.076,71.871,68.209,65.157,63.936,63.936,64.241,66.225,67.446,70.193,71.108,74.007,76.449,81.637,87.588,91.403,95.218,98.575,101.47,104.68,108.65,112.31,113.07,112.16,107.58,104.68,100.25,96.286,93.081,92.929,93.844,94.15,93.387,92.776,93.081,93.844,92.776,90.945,87.436,85.299,80.416,76.601,73.397,72.481,72.634,74.007,72.024,69.735,66.225,64.394,65.157,68.972,72.787,75.533,76.754,80.264,82.247,85.147,87.893,92.929,97.049,103.46,106.97,109.1,108.95,107.88,105.75,102.54,97.354,92.318,85.452,79.196,71.108,64.241,55.238,47.914,38.453,31.281,25.178,18.616,9.6133,-2.7467,-15.412,-25.025,-28.077,-24.262,-18.921,-11.292,-5.6459,3.5096,13.428,25.025,33.265,40.59,44.71,50.203,54.781,58.138,60.121,62.868,64.089,63.326,61.495,60.884,59.358,56.917,51.424,47.456,43.489,40.132,35.554,32.655,28.84,23.652,20.905,21.516,21.363,19.227,16.022,13.733,8.3926,4.5778,0.45778,-3.6622,-9.7659,-14.801,-21.21,-26.399,-31.434,-33.265,-33.57,-33.418,-32.35,-29.603,-28.535,-29.298,-32.502,-31.587,-29.603,-26.399,-22.736,-16.785,-12.665,-8.3926,-3.6622,0.61037,4.5778,8.3926,11.444,13.276,12.97,12.207,12.513,12.818,9.7659,6.8667,2.8993,-0.91556,-5.1881,-8.24,-12.055,-16.022,-19.684,-24.11,-29.756,-37.385,-44.862,-51.729,-58.29,-63.631,-70.956,-79.043,-85.91,-92.318,-101.02,-109.1,-117.5,-121.16,-121.77,-121.46,-118.41,-113.83,-109.87,-108.04,-105.59,-101.32,-97.049,-93.844,-94.455,-95.676,-97.812,-96.896,-95.676,-96.286,-99.185,-102.08,-103.76,-103.92,-103.92,-105.29,-107.12,-107.43,-110.32,-112.16,-114.6,-116.73,-119.79,-122.53,-124.52,-125.58,-124.52,-123.29,-121.92,-121.16,-119.79,-117.34,-115.36,-114.44,-116.28,-116.73,-117.8,-118.56,-121.46,-125.58,-131.69,-137.03,-142.22,-147.56,-152.13,-155.95,-158.54,-159.76,-161.6,-162.82,-164.19,-164.8,-165.72,-165.11,-163.58,-159.76,-156.41,-153.97,-153.81,-155.03,-157.02,-157.17,-156.56,-154.58,-153.97,-151.98,-151.07,-148.78,-146.34,-142.52,-139.16,-135.35,-130.47,-124.97,-117.65,-109.71,-103,-97.507,-94.913,-92.013,-91.708,-89.114,-88.351,-88.046,-88.198,-87.588,-86.062,-84.078,-82.858,-82.095,-83.621,-84.231,-89.877,-94.15,-97.659,-99.49,-100.86,-101.93,-102.54,-100.25,-98.422,-98.422,-99.338,-99.185,-99.185,-97.659,-98.117,-96.286,-97.354,-97.964,-99.643,-98.88,-96.896,-94.607,-89.877,-84.841,-84.536,-82.553,-84.536,-85.604,-84.536,-80.874,-78.89,-75.686,-71.871,-71.566,-74.007,-75.381,-76.601,-77.517,-78.89,-79.653,-82.705,-82.553,-83.163,-83.01,-85.452,-88.656,-90.64,-90.182,-89.419,-88.351,-88.351,-90.03,-93.539,-99.49,-106.36,-109.41,-110.93,-109.26,-107.73,-105.29,-101.47,-99.948,-99.948,-100.1,-98.422,-96.133,-93.997,-90.03,-86.825,-84.384,-84.231,-83.01,-83.316,-84.994,-88.961,-90.64,-91.556,-91.098,-89.877,-88.656,-86.825,-85.604,-84.231,-83.773,-86.673,-87.893,-89.877,-92.776,-96.744,-99.796,-101.17,-100.71,-99.948,-98.422,-99.185,-102.54,-104.37,-106.36,-111.09,-114.44,-119.48,-124.97,-129.55,-131.69,-132.76,-131.69,-130.92,-130.92,-131.08,-131.23,-130.92,-130.92,-132.15,-132.3,-133.37,-132.15,-131.23,-129.09,-128.48,-128.03,-127.41,-125.89,-124.82,-123.91,-123.14,-122.99,-126.19,-128.03,-129.86,-130.77,-132.6,-133.06,-134.13,-132.91,-131.99,-130.92,-130.16,-130.01,-129.55,-128.18,-126.8,-125.43,-125.74,-124.06,-124.21,-123.91,-122.38,-121.92,-122.07,-121.77,-122.53,-124.82,-128.18,-128.64,-129.86,-127.87,-124.82,-120.4,-119.02,-118.56,-119.17,-120.4,-121.92,-122.07,-121.01,-120.24,-119.33,-115.67,-112.77,-110.02,-108.65,-106.36,-104.37,-101.78,-99.796,-98.727,-97.354,-96.896,-95.37,-93.081,-91.556,-92.013,-93.997,-96.896,-101.78,-104.22,-107.12,-110.32,-113.68,-113.68,-112,-111.24,-110.78,-110.63,-109.87,-107.73,-105.44,-103.31,-104.07,-101.93,-99.185,-95.37,-94.15,-92.776,-90.487,-88.809,-84.536,-79.196,-74.007,-69.582,-66.53,-62.716,-61.037,-59.206,-58.29,-58.29,-58.138,-55.849,-52.644,-48.83,-44.557,-40.895,-38.148,-34.333,-30.519,-25.178,-21.21,-15.412,-11.139,-6.2563,-3.357,-1.2207,1.3733,3.2044,5.0356,5.7985,6.1037,6.7141,8.0874,12.513,14.954,19.684,23.347,27.009,30.366,33.57,34.944,34.181,33.265,29.45,27.924,26.856,25.941,26.551,26.704,28.687,30.366,32.197,32.655,33.265,34.333,37.233,42.421,48.677,53.407,56.612,59.664,63.326,66.683,70.04,70.803,72.176,73.092,74.465,75.228,77.059,77.975,77.67,77.364,78.433,78.127,78.127,76.296,74.313,70.803,69.43,67.904,67.904,67.141,67.751,67.904,65.31,63.478,63.936,64.852,66.073,65.92,68.209,72.634,79.501,84.994,90.793,95.523,103.61,112.31,121.77,133.82,147.25,161.44,174.87,187.54,201.42,215.16,229.65,242.16,254.22,263.37,274.06,282.45,292.37,300.15,305.8,310.22,315.87,321.67,326.7,330.67,334.94,336.62,340.13,341.2,342.72,342.27,344.25,344.55,346.23,346.84,347.76,345.62,341.65,334.18,327.77,320.29,316.02,309.46,305.95,300.61,294.96,288.09,281.84,274.51,268.41,261.09,254.37,247.51,239.42,228.13,217.75,203.41,192.11,180.82,171.67,161.75,153.36,142.98,132.6,119.63,106.97,94.15,79.501,64.241,51.881,39.216,27.772,14.801,3.9674,-8.3926,-20.905,-34.028,-45.015,-57.833,-69.582,-80.416,-91.403,-99.948,-108.04,-116.28,-123.91,-131.23,-137.64,-145.12,-151.68,-159.61,-164.65,-169.07,-172.28,-175.48,-177.47,-179.6,-181.13,-182.2,-183.11,-182.5,-182.04,-182.2,-179.75,-178.84,-175.63,-174.26,-171.67,-168.61,-164.95,-162.51,-160.07,-157.48,-154.27,-149.69,-144.05,-138.4,-133.67,-130.16,-125.43,-122.07,-117.04,-111.09,-103.92,-99.033,-94.15,-88.961,-83.926,-77.67,-71.871,-65.767,-60.274,-53.865,-48.982,-45.778,-41.963,-40.59,-40.284,-41.658,-40.59,-39.216,-36.164,-32.197,-29.45,-28.535,-28.993,-29.603,-30.824,-31.587,-29.908,-27.619,-24.262,-22.279,-19.837,-17.396,-15.107,-15.717,-18.464,-20.142,-20.295,-19.99,-18.464,-18.616,-18.159,-18.921,-18.464,-20.905,-22.584,-24.873,-25.788,-25.941,-25.178,-25.33,-26.399,-27.161,-28.535,-30.366,-32.35,-33.876,-33.113,-34.944,-34.639,-35.249,-32.96,-30.671,-30.519,-30.671,-30.061,-27.161,-25.025,-23.041,-21.058,-18.769,-15.412,-14.191,-12.818,-13.123,-10.529,-7.6296,-3.6622,0.15259,1.9837,2.5941,2.8993,3.357,3.2044,4.12,6.5615,6.2563,4.883,1.3733,-0,-0.91556,1.8311,3.357,1.3733,0.61037,-1.5259,-7.7822,-16.327,-25.483,-29.756,-32.655,-34.028,-37.69,-44.404,-54.018,-61.8,-69.277,-76.144,-81.942,-88.961,-98.727,-108.49,-117.19,-123.91,-129.55,-131.53,-132.15,-128.94,-126.19,-123.45,-124.06,-124.36,-125.74,-128.79,-131.53,-131.38,-128.64,-126.96,-123.14,-117.19,-117.5,-118.87,-121.01,-122.07,-121.31,-119.94,-117.8,-116.89,-116.73,-115.82,-114.75,-112.46,-109.26,-104.68,-101.78,-97.049,-93.081,-87.283,-81.942,-78.433,-74.465,-70.04,-66.988,-66.836,-63.173,-57.527,-50.661,-43.184,-33.265,-18.006,-4.5778,5.9511,12.513,22.431,30.366,36.927,42.268,48.524,55.238,62.258,68.819,73.55,75.686,75.533,70.345,66.836,63.478,62.258,59.816,64.699,74.618,85.452,95.523,105.9,115.36,122.68,125.74,126.35,121.77,118.26,114.75,115.51,114.44,115.05,115.67,118.87,120.4,121.62,120.7,125.28,128.64,133.21,134.59,134.89,133.06,133.37,131.84,128.18,121.16,112.46,101.47,93.692,84.536,78.127,69.887,67.598,70.956,75.076,78.433,82.095,84.536,86.215,84.231,86.062,86.52,86.978,81.79,78.28,70.803,59.816,50.661,45.32,39.674,37.69,36.47,38.606,39.064,41.963,41.658,41.353,41.2,45.32,48.067,51.729,48.372,45.473,40.895,37.996,34.486,30.061,22.431,15.87,10.071,7.477,3.2044,3.0519,-0.61037,-2.7467,-1.0681,2.2889,4.12,7.477,9.4607,12.36,15.259,19.227,20.905,24.415,26.093,27.924,27.924,31.434,36.012,40.437,44.404,48.982,50.356,52.187,49.593,48.83,48.677,52.492,55.238,57.68,60.884,61.19,58.901,57.375,55.544,56.612,57.222,59.511,60.274,61.8,61.495,63.021,65.767,67.751,66.988,66.53,65.462,66.378,67.598,73.702,78.28,83.621,87.13,93.081,98.117,105.59,110.78,115.36,119.48,123.75,128.33,134.13,136.88,140.69,140.08,141.91,141,141.45,141.45,141.15,139.77,139.62,137.03,134.59,128.64,124.97,121.46,120.09,116.58,115.05,112.31,111.55,112,113.53,113.83,114.9,114.75,117.19,119.33,121.01,120.85,121.92,118.87,117.34,116.58,117.04,119.17,125.28,131.08,136.88,140.84,143.28,142.22,144.2,143.74,144.35,143.28,144.05,142.52,142.98,141.45,138.55,136.88,135.65,133.98,133.06,128.33,123.14,116.58,112,106.05,100.86,93.387,86.978,83.773,84.536,86.52,88.198,89.267,91.25,91.861,93.234,90.335,86.367,79.806,77.059,74.313,74.618,76.144,78.585,78.89,79.958,80.264,81.332,83.163,86.52,87.436,89.877,89.419,90.487,89.419,87.588,84.078,79.958,77.364,75.228,73.702,71.871,69.582,69.124,65.31,62.716,59.664,58.596,58.901,59.511,60.121,59.664,56.764,54.17,53.407,54.933,56.307,59.969,59.664,58.748,55.391,54.781,52.95,53.713,55.238,57.375,59.358,62.258,64.699,66.378,66.53,66.836,63.936,62.868,60.732,59.358,55.391,54.018,50.661,48.219,47.761,49.44,50.813,52.644,54.323,55.696,53.865,52.034,49.593,49.135,48.83,51.729,53.865,57.07,59.053,60.732,63.173,67.598,70.803,70.956,69.887,68.514,65.92,63.326,57.833,52.492,46.236,41.353,34.639,30.213,27.619,25.788,24.567,23.652,22.736,21.21,17.396,14.801,10.834,8.3926,4.4252,0.15259,-6.5615,-11.902,-14.954,-13.428,-11.75,-9.9185,-8.3926,-5.4933,-5.0356,-3.5096,-2.4415,1.2207,4.4252,9.6133,12.665,17.701,20.905,22.889,24.567,24.262,22.584,20.447,18.921,17.548,15.412,11.292,3.9674,-1.5259,-8.3926,-13.428,-19.379,-24.72,-30.061,-35.249,-40.437,-44.099,-48.372,-52.95,-57.833,-61.8,-66.073,-66.836,-69.277,-68.361,-67.293,-65.615,-65.157,-62.716,-62.716,-63.478,-64.241,-65.767,-67.293,-67.751,-68.514,-68.209,-68.361,-65.767,-64.852,-62.716,-61.647,-59.664,-58.901,-57.527,-57.222,-56.764,-57.375,-57.833,-57.833,-54.323,-52.339,-49.593,-48.677,-46.083,-43.489,-40.437,-37.08,-35.554,-36.164,-37.08,-38.453,-39.521,-41.505,-40.742,-40.437,-35.707,-32.044,-28.687,-25.178,-20.753,-15.87,-10.681,-7.0193,-3.357,1.0681,5.4933,9.3081,12.665,12.97,14.191,14.954,16.327,16.175,18.769,21.21,25.025,28.23,31.587,34.639,37.69,38.911,42.268,43.794,49.745,55.086,62.105,66.836,70.345,72.634,74.313,75.381,75.228,75.686,77.364,76.754,76.601,74.77,74.618,72.329,73.092,72.024,71.413,72.176,73.702,75.228,78.127,80.264,82.4,81.179,80.416,77.822,79.653,80.416,84.536,87.13,90.03,91.708,94.15,96.133,98.88,101.17,104.22,105.44,106.81,105.75,108.95,111.39,114.6,115.51,117.5,119.48,120.7,119.94,119.17,115.51,112.31,107.73,105.59,101.78,99.948,96.286,95.523,91.861,90.487,89.114,89.114,89.724,90.64,91.403,94.607,95.828,96.896,96.896,98.88,99.643,103.31,102.08,101.47,100.56,102.08,101.78,103.46,103.92,105.59,107.12,108.65,109.26,110.93,111.09,115.05,117.65,122.38,124.52,126.96,127.26,129.86,134.28,138.1,140.23,144.05,146.34,145.42,144.05,141.76,138.25,136.88,134.59,133.21,130.62,126.5,119.33,111.09,104.83,100.71,96.133,93.844,90.182,85.757,81.027,79.958,80.264,83.468,85.452,87.741,88.046,90.182,90.64,90.487,90.182,89.724,89.267,87.893,83.621,80.111,76.296,75.838,72.634,72.024,68.209,63.326,56.154,50.203,43.794,38.606,33.723,30.366,26.551,21.516,11.75,3.8148,-4.12,-7.7822,-12.513,-15.259,-19.074,-22.279,-25.178,-26.704,-28.993,-31.587,-33.113,-32.35,-30.671,-30.824,-34.028,-35.096,-35.249,-31.892,-29.45,-26.856,-24.11,-21.058,-19.379,-16.175,-11.902,-4.7304,2.2889,9.003,13.428,18.006,20.447,25.33,27.772,29.908,28.84,28.23,26.704,26.856,24.415,24.11,22.584,20.753,18.464,17.701,16.48,18.159,16.48,18.464,19.99,22.431,23.041,24.11,26.399,30.824,34.791,38.759,42.268,43.031,40.59,38.911,36.164,36.164,36.47,40.284,42.268,44.557,45.015,44.404,41.2,38.911,38.911,37.843,32.96,28.993,24.567,21.973,19.074,15.259,8.5452,3.2044,-3.9674,-11.902,-19.379,-24.11,-28.535,-30.213,-34.181,-38.759,-44.862,-46.999,-51.424,-54.476,-58.443,-61.495,-65.462,-69.887,-74.77,-78.89,-84.841,-89.267,-94.302,-96.896,-99.948,-101.47,-103.31,-102.08,-100.86,-98.117,-96.744,-95.218,-92.929,-90.335,-89.419,-88.046,-88.198,-87.588,-89.114,-88.961,-89.724,-88.809,-87.741,-86.215,-86.52,-87.588,-87.436,-86.52,-86.215,-86.52,-84.994,-83.01,-81.942,-81.179,-80.874,-80.416,-81.179,-80.569,-80.721,-78.433,-75.533,-70.65,-66.225,-60.732,-56.154,-53.407,-49.898,-45.778,-39.979,-32.35,-25.025,-18.616,-14.649,-9.6133,-6.8667,-3.0519,-0.45778,3.2044,7.6296,12.513,15.717,17.396,19.379,19.837,20.142,20.447,20.142,22.126,23.957,27.161,30.061,34.028,36.622,40.895,45.167,47.914,51.576,55.544,59.969,66.073,71.261,74.77,77.67,81.942,83.468,84.994,85.147,86.978,86.978,86.825,85.757,85.147,84.078,82.095,79.958,77.517,77.059,78.585,80.264,81.484,79.806,80.874,82.095,84.994,86.673,89.572,90.793,91.098,89.419,86.978,85.147,83.621,81.637,80.264,78.89,78.89,75.838,74.007,74.007,76.449,79.043,82.553,82.4,79.653,76.144,72.787,68.056,62.41,57.222,54.781,54.018,54.323,53.865,54.476,54.628,60.427,63.478,66.225,67.598,69.277,71.261,70.956,68.056,64.699,60.274,56.764,55.238,54.933,52.95,54.323,57.07,57.527,55.849,54.933,53.255,49.44,44.404,41.353,39.827,37.843,35.249,31.892,29.908,28.077,23.194,17.09,10.071,4.883,-0.45778,-5.1881,-8.24,-9.3081,-10.681,-12.818,-15.107,-15.107,-14.801,-14.191,-16.633,-18.769,-22.431,-21.668,-19.684,-15.412,-13.581,-12.513,-15.717,-22.889,-31.739,-38.759,-42.879,-40.895,-37.08,-33.876,-33.57,-32.044,-33.418,-33.57,-32.502,-28.687,-21.21,-8.8504,4.12,13.886,19.227,23.194,23.347,19.837,14.954,9.4607,3.9674,1.6785,-1.3733,-1.9837,-3.2044,-2.7467,-2.1363,-2.4415,-3.9674,-2.4415,6.2563,21.973,42.421,64.547,85.757,102.85,109.26,107.88,95.065,85.147,81.637,83.926,89.267,94.76,98.575,100.41,95.676,84.384,67.751,48.219,32.655,22.279,14.191,13.428,16.327,23.957,29.145,34.791,37.69,40.132,37.996,33.265,25.636,16.785,5.0356,-4.4252,-10.071,-12.055,-14.039,-12.513,-12.665,-11.902,-15.107,-19.074,-24.11,-27.009,-27.772,-24.72,-22.126,-19.379,-16.633,-13.886,-11.444,-7.7822,-7.6296,-4.883,-3.9674,-5.4933,-10.987,-16.175,-22.889,-29.756,-35.859,-41.353,-45.625,-46.541,-47.151,-43.184,-39.827,-33.876,-30.061,-23.957,-20.447,-15.717,-11.597,-6.8667,-3.0519,0.45778,2.8993,8.3926,14.191,21.363,27.314,33.265,38.301,47.914,55.238,62.716,64.699,62.716,51.118,35.554,13.581,-7.477,-24.72,-30.213,-27.772,-14.649,-1.9837,7.9348,8.5452,1.8311,-18.159,-42.421,-62.258,-71.261,-68.972,-52.644,-33.418,-21.516,-17.548,-18.159,-25.788,-34.944,-48.524,-58.29,-67.904,-74.923,-84.536,-91.403,-97.049,-102.24,-109.56,-118.56,-130.77,-143.13,-156.56,-168.31,-178.23,-181.28,-177.47,-166.78,-156.41,-146.95,-141.3,-140.54,-144.96,-153.97,-159.92,-159.76,-156.71,-151.83,-149.39,-145.42,-143.28,-142.67,-145.57,-149.85,-160.83,-173.35,-180.97,-180.52,-174.87,-167.39,-159.61,-155.49,-157.48,-162.36,-170.45,-177.92,-181.89,-178.08,-165.87,-139.93,-105.75,-71.413,-45.473,-29.756,-26.856,-33.113,-42.421,-49.287,-51.881,-44.252,-31.739,-17.853,-11.597,-10.224,-18.311,-31.587,-45.167,-54.17,-60.121,-61.647,-62.258,-64.089,-68.514,-75.991,-86.062,-94.15,-102.54,-106.66,-112.16,-114.9,-115.67,-113.38,-110.78,-108.65,-105.29,-100.1,-93.081,-87.893,-83.773,-79.043,-75.533,-69.43,-65.462,-60.884,-59.358,-56.917,-56.459,-54.323,-53.865,-54.476,-54.781,-56.001,-61.342,-63.326,-63.936,-61.647,-57.222,-51.271,-50.661,-51.271,-54.628,-58.748,-64.547,-69.735,-72.481,-73.702,-74.007,-73.397,-73.55,-72.024,-68.361,-65.157,-64.699,-64.547,-63.631,-59.664,-57.985,-56.917,-57.68,-57.375,-55.544,-54.018,-51.271,-47.151,-42.573,-35.859,-30.213,-24.415,-19.532,-11.902,-3.6622,5.1881,12.818,21.363,28.84,36.012,41.353,43.031,43.641,45.778,46.999,47.456,48.067,50.05,49.745,48.677,45.93,45.32,43.794,43.489,41.658,40.895,39.369,38.606,38.301,35.859,33.265,30.366,28.687,29.908,31.129,35.096,37.08,40.895,42.268,44.404,44.099,45.473,47.609,50.661,52.644,53.255,51.881,50.356,48.067,46.388,44.252,41.81,38.606,37.08,35.096,35.249,33.113,30.671,27.924,27.619,26.704,24.415,21.821,19.227,14.649,10.834,6.1037,3.9674,0.91556,-0.61037,-4.5778,-6.8667,-8.8504,-10.681,-12.513,-14.039,-14.496,-14.344,-14.344,-12.207,-12.207,-11.902,-10.987,-7.477,-4.4252,1.6785,5.3407,8.8504,10.529,10.529,10.376,11.902,12.818,14.344,15.107,16.938,13.886,12.513,11.139,11.902,10.224,10.681,12.055,14.496,15.87,16.633,14.191,12.818,12.36,13.886,13.123,15.107,16.022,19.684,21.821,26.704,34.028,43.336,51.118,59.816,67.598,75.533,81.637,89.267,95.37,101.17,104.83,110.63,115.97,120.09,122.07,124.52,127.87,132.6,136.42,139.32,141.61,145.12,146.34,147.86,146.49,145.42,142.67,139.62,134.89,130.16,124.82,121.31,119.79,121.62,125.13,127.72,129.4,130.31,129.25,129.7,130.16,134.59,139.77,145.73,151.22,158.09,162.82,168,171.82,175.33,176.09,178.99,181.13,185.71,188.15,191.66,192.88,193.18,190.59,188.15,185.86,183.72,181.43,177.62,172.73,168.92,163.12,158.7,153.51,149.08,145.27,143.74,142.22,142.67,141.61,139.47,135.65,132.45,129.7,126.8,124.36,123.6,121.46,120.4,119.02,118.87,119.63,122.23,125.74,128.94,131.53,133.98,136.42,138.86,140.08,142.83,145.73,149.08,149.85,150.61,150.3,151.22,149.69,147.4,144.96,142.52,139.93,137.94,136.57,136.42,136.11,134.43,130.92,125.89,117.19,111.85,108.49,104.83,100.1,95.676,91.403,85.757,78.738,72.481,66.378,62.258,58.901,56.459,53.56,54.628,54.323,57.527,57.375,57.527,54.781,52.95,50.813,50.05,49.593,50.05,50.356,53.102,54.018,56.154,59.969,65.31,66.836,69.735,70.65,71.871,70.956,68.972,66.988,64.699,62.41,62.563,60.732,57.833,52.492,46.999,39.064,32.044,23.041,15.564,6.1037,-0.76296,-8.0874,-13.428,-21.363,-28.077,-33.57,-36.622,-38.301,-38.606,-38.606,-35.707,-34.639,-32.044,-30.213,-25.636,-21.516,-17.548,-14.344,-9.6133,-2.8993,5.6459,13.886,21.058,25.941,30.824,33.57,37.69,40.59,45.32,46.693,49.593,50.966,50.661,48.677,46.236,41.505,38.453,34.791,32.35,29.145,25.636,17.396,9.6133,-0.15259,-8.5452,-19.227,-27.314,-37.08,-44.252,-52.034,-59.664,-66.53,-70.803,-74.007,-79.501,-86.673,-90.03,-93.234,-95.676,-96.896,-95.828,-94.76,-90.487,-88.809,-85.604,-82.247,-76.907,-71.566,-65.462,-59.816,-54.628,-51.118,-46.388,-43.641,-40.59,-39.674,-35.859,-33.265,-29.145,-25.33,-23.499,-24.873,-24.72,-25.025,-26.856,-29.603,-31.281,-30.366,-27.619,-27.467,-27.772,-31.587,-34.333,-38.148,-40.437,-43.947,-45.015,-44.252,-41.047,-39.369,-36.317,-32.655,-29.908,-29.145,-25.33,-22.736,-17.701,-12.818,-5.0356,-0.15259,6.8667,11.902,13.886,15.87,19.99,24.11,29.756,34.944,40.132,40.437,40.132,36.927,35.096,31.281,30.519,29.756,31.281,28.23,22.736,17.09,13.733,8.3926,2.4415,-5.7985,-10.529,-14.344,-15.564,-18.616,-17.853,-18.616,-19.684,-24.262,-28.535,-31.281,-30.976,-31.739,-32.197,-33.876,-35.096,-37.385,-40.132,-46.999,-52.034,-58.29,-63.326,-68.667,-72.634,-74.313,-73.855,-73.244,-71.261,-69.735,-69.43,-68.361,-66.836,-66.683,-65.004,-63.326,-58.596,-54.781,-51.424,-51.271,-51.424,-50.356,-47.151,-44.862,-40.284,-36.622,-32.807,-30.824,-27.314,-28.382,-29.756,-33.57,-35.707,-40.132,-40.895,-41.963,-41.963,-43.184,-44.71,-47.914,-51.729,-54.628,-57.985,-63.173,-66.073,-70.345,-71.871,-74.77,-75.228,-76.449,-76.601,-76.754,-74.618,-74.16,-73.397,-72.787,-70.803,-68.209,-65.462,-63.326,-58.443,-55.544,-50.203,-44.862,-38.911,-37.385,-34.639,-33.418,-31.281,-30.976,-31.739,-31.892,-30.366,-29.603,-29.145,-28.993,-27.772,-27.009,-23.804,-23.499,-22.431,-22.584,-21.973,-23.499,-25.788,-27.924,-27.619,-27.314,-26.856,-28.23,-27.772,-29.603,-32.502,-39.674,-44.099,-48.067,-50.508,-52.797,-52.187,-53.255,-55.544,-57.68,-56.764,-56.764,-54.933,-54.628,-50.966,-46.083,-39.521,-35.249,-30.061,-26.704,-22.736,-19.227,-14.801,-10.987,-6.8667,-3.6622,0.61037,4.4252,9.1556,11.902,14.649,14.801,15.107,12.513,11.139,7.0193,4.12,0.91556,-0.76296,-1.3733,-0.15259,-1.2207,-2.8993,-5.4933,-5.3407,-7.0193,-6.4089,-7.3244,-7.0193,-7.6296,-6.5615,-5.6459,-6.5615,-8.5452,-9.1556,-9.4607,-9.3081,-9.7659,-7.477,-5.0356,0.30519,4.4252,10.376,15.564,21.058,25.025,29.298,33.113,37.08,38.606,39.369,40.284,40.895,40.132,42.573,43.489,47.151,49.745,54.781,55.544,56.612,52.492,47.914,43.947,41.505,36.927,33.113,28.993,25.636,23.194,23.347,21.973,24.415,25.483,27.161,27.009,28.23,27.009,28.23,30.519,32.655,33.876,36.775,40.895,46.083,49.287,55.544,59.969,66.073,69.735,75.076,77.364,80.111,81.484,82.705,83.621,84.994,87.588,89.267,89.267,87.588,83.926,81.942,75.381,66.836,57.375,51.271,43.794,39.369,36.317,36.012,35.249,36.164,36.012,37.233,37.385,37.385,34.333,33.723,30.061,27.772,22.889,20.295,17.396,16.938,15.87,19.837,23.804,28.077,30.519,32.807,32.655,34.791,35.554,38.606,40.284,42.879,41.81,41.2,41.658,42.268,41.2,39.674,38.301,36.927,35.401,37.385,38.911,38.759,35.859,34.639,33.57,32.044,28.84,25.788,22.126,19.227,15.564,12.97,9.3081,8.24,4.5778,0.15259,-7.3244,-11.597,-18.006,-22.126,-24.72,-25.636,-26.399,-24.11,-22.889,-20.753,-20.6,-19.99,-20.447,-19.837,-18.921,-16.48,-14.344,-10.834,-8.8504,-7.0193,-5.1881,-3.2044,-1.8311,-0.61037,0.30519,0.76296,-1.0681,-0.30519,-2.2889,-3.2044,-5.1881,-4.5778,-2.1363,-2.5941,-5.6459,-7.6296,-10.987,-15.259,-20.753,-24.262,-31.434,-36.317,-43.184,-46.846,-50.203,-51.424,-53.56,-55.086,-57.375,-58.29,-57.985,-56.154,-54.323,-51.118,-50.508,-46.846,-45.625,-43.947,-41.81,-36.622,-30.671,-22.584,-15.564,-8.6978,-4.2726,0.15259,5.4933,13.276,20.6,28.535,33.418,40.132,41.963,43.794,43.184,43.031,41.505,39.979,36.012,32.502,28.077,23.804,19.379,14.954,8.24,3.6622,-2.1363,-7.477,-17.396,-24.567,-31.129,-34.639,-40.284,-45.167,-48.524,-50.813,-53.713,-54.628,-56.459,-56.001,-56.001,-52.339,-51.729,-48.219,-45.778,-42.879,-42.879,-40.437,-38.759,-34.639,-29.908,-23.499,-17.701,-9.1556,-4.7304,-0,1.2207,4.5778,7.6296,12.513,14.954,19.227,20.753,22.126,21.363,22.279,20.295,18.159,14.191,9.9185,2.2889,-3.8148,-12.055,-17.548,-25.636,-33.265,-40.284,-46.999,-53.56,-58.901,-63.784,-69.887,-77.67,-82.705,-88.656,-91.098,-93.234,-91.403,-90.03,-87.13,-84.841,-80.569,-75.076,-69.582,-64.852,-57.985,-50.356,-41.2,-35.554,-28.382,-23.041,-16.938,-11.597,-4.5778,0.45778,5.3407,5.7985,4.7304,1.3733,-3.0519,-5.6459,-5.7985,-9.1556,-14.191,-21.363,-24.567,-29.908,-31.434,-31.587,-30.519,-32.502,-34.944,-36.317,-37.843,-40.59,-41.047,-41.047,-40.59,-42.268,-42.421,-40.59,-36.012,-32.655,-25.941,-23.957,-21.516,-19.379,-15.412,-11.444,-7.6296,-6.4089,-5.7985,-7.0193,-6.1037,-6.2563,-4.7304,-4.4252,-1.0681,1.9837,7.0193,8.6978,9.6133,9.9185,11.139,10.529,9.1556,5.6459,-0.76296,-12.055,-21.21,-30.671,-36.927,-43.336,-47.456,-51.118,-54.933,-59.664,-61.19,-63.021,-62.868,-62.258,-59.511,-57.07,-51.424,-44.099,-33.723,-26.246,-18.769,-12.97,-8.6978,-5.3407,2.1363,9.7659,17.853,22.126,28.382,35.554,46.388,54.628,63.021,67.141,74.007,78.585,85.299,92.471,97.964,100.86,102.08,99.796,97.659,93.692,91.708,87.893,88.809,89.724,92.318,92.776,94.913,97.049,99.948,98.27,95.676,90.64,87.13,84.536,81.332,76.601,75.533,73.855,73.702,69.735,67.293,63.021,61.342,60.274,59.053,57.833,56.917,56.001,55.849,54.323,53.407,49.44,50.203,52.492,53.865,54.323,57.222,57.375,59.969,64.241,69.43,71.261,71.871,70.803,66.988,60.427,55.391,48.982,44.71,40.59,39.369,36.927,35.401,30.213,25.025,19.837,16.938,14.954,13.886,11.139,9.1556,4.7304,1.9837,-3.6622,-6.4089,-10.834,-14.496,-18.616,-20.295,-21.21,-21.058,-21.668,-21.668,-20.905,-19.379,-18.464,-17.853,-17.548,-15.259,-15.107,-13.581,-11.902,-10.071,-10.376,-9.4607,-7.0193,-3.8148,-2.8993,-1.3733,1.3733,5.4933,9.3081,14.191,16.48,18.006,16.48,17.396,14.801,14.344,12.207,9.003,2.2889,-4.2726,-9.9185,-13.123,-14.649,-13.428,-12.513,-10.071,-8.0874,-4.12,-0.45778,6.5615,8.8504,11.292,12.055,10.376,6.5615,3.2044,2.2889,3.5096,4.4252,6.2563,4.7304,5.9511,5.1881,5.3407,4.2726,3.357,1.2207,-0.91556,-5.6459,-10.071,-14.344,-17.243,-20.6,-22.584,-26.856,-29.603,-33.876,-36.47,-39.979,-42.879,-46.541,-47.456,-47.761,-48.372,-47.151,-44.252,-41.505,-39.064,-39.064,-38.759,-39.521,-37.538,-35.554,-31.739,-31.587,-33.723,-35.859,-35.554,-34.639,-31.892,-30.976,-30.671,-32.655,-35.096,-39.369,-41.2,-46.236,-49.135,-50.813,-50.508,-50.203,-47.609,-43.641,-38.301,-33.418,-27.467,-20.295,-12.207,-8.5452,-6.4089,-5.9511,-3.6622,-1.5259,3.2044,7.9348,13.733,18.769,23.804,27.619,31.892,34.639,35.554,34.181,30.976,24.873,18.769,9.7659,1.5259,-5.4933,-9.6133,-10.834,-9.4607,-8.8504,-7.1718,-5.7985,-5.7985,-5.6459,-6.2563,-9.7659,-12.36,-18.464,-22.279,-27.161,-31.739,-38.301,-43.947,-48.982,-53.102,-56.154,-57.68,-58.29,-59.358,-62.716,-63.173,-63.631,-61.953,-63.478,-64.699,-66.836,-66.836,-67.598,-66.683,-66.225,-65.462,-64.547,-65.157,-66.836,-67.293,-68.209,-66.836,-67.446,-66.988,-64.852,-60.579,-58.138,-55.696,-52.339,-48.524,-45.015,-40.284,-36.622,-34.181,-34.639,-35.554,-34.639,-31.434,-30.061,-25.636,-23.041,-18.921,-17.853,-16.938,-17.548,-18.006,-20.6,-23.957,-26.551,-27.467,-30.061,-31.281,-33.113,-34.944,-38.148,-40.132,-41.81,-39.521,-39.827,-37.996,-36.012,-34.333,-33.418,-33.418,-34.639,-34.944,-36.164,-34.639,-35.096,-35.096,-34.639,-32.502,-32.35,-30.976,-30.366,-27.772,-25.33,-24.11,-22.736,-21.516,-23.804,-25.941,-28.23,-29.45,-32.502,-31.892,-33.265,-34.791,-37.385,-37.233,-37.538,-36.622,-34.486,-32.655,-32.044,-30.824,-31.129,-32.197,-34.791,-37.08,-40.895,-42.879,-45.015,-43.794,-43.489,-40.895,-38.759,-36.775,-34.944,-31.739,-28.687,-24.873,-21.973,-19.074,-16.327,-10.681,-7.0193,-0,4.2726,8.0874,9.6133,12.818,16.633,19.379,19.837,21.363,22.279,25.178,29.145,32.044,33.113,37.538,40.132,44.557,46.999,50.203,51.118,54.018,57.375,61.19,64.089,67.751,70.498,73.244,75.533,77.975,77.212,78.89,78.585,81.179,82.4,83.316,82.553,82.4,83.316,84.078,84.384,86.062,85.91,85.91,84.078,83.468,78.585,73.855,66.836,60.427,51.271,43.489,34.639,27.619,20.295,12.818,4.883,-2.2889,-8.0874,-11.444,-14.649,-16.785,-21.058,-23.499,-25.788,-24.415,-22.431,-17.701,-11.75,-5.1881,-0.45778,3.8148,7.477,11.139,14.344,20.142,25.636,35.401,44.252,54.323,62.716,72.939,82.4,92.318,102.08,109.56,114.75,119.02,124.36,130.62,135.2,140.84,142.83,146.34,148.78,150.91,150.76,149.39,146.18,141.91,133.82,124.36,114.29,107.88,101.02,97.659,94.302,92.776,88.351,85.452,82.4,79.958,76.601,73.092,72.024,73.397,75.838,77.975,79.653,81.637,81.332,81.79,82.858,85.299,86.825,89.419,92.471,95.065,99.338,103.61,109.1,114.9,118.87,125.28,127.41,130.01,129.86,130.16,128.03,125.28,122.23,119.33,114.75,109.87,103.46,96.133,87.283,78.433,67.751,57.527,47.151,39.827,32.807,25.788,16.633,10.681,5.6459,-0.30519,-7.7822,-14.039,-18.921,-21.821,-24.415,-24.873,-26.704,-27.619,-30.824,-31.587,-32.044,-29.603,-31.739,-34.333,-37.385,-37.996,-37.996,-34.944,-32.502,-28.84,-28.077,-26.704,-28.382,-28.23,-28.993,-28.23,-28.84,-28.077,-28.84,-29.145,-28.84,-27.772,-28.687,-30.976,-33.265,-32.96,-34.181,-35.249,-39.064,-39.827,-41.658,-40.437,-39.369,-36.164,-33.57,-30.824,-29.298,-27.161,-26.856,-24.873,-26.704,-28.077,-29.45,-27.772,-26.246,-25.178,-26.093,-26.856,-27.467,-26.551,-26.246,-26.246,-28.382,-28.993,-29.298,-28.993,-30.976,-31.892,-35.096,-35.249,-36.622,-36.622,-37.69,-39.064,-39.979,-40.742,-44.404,-47.151,-50.661,-51.881,-56.154,-59.969,-64.394,-64.089,-64.394,-62.716,-62.868,-60.579,-58.596,-57.985,-57.527,-56.001,-53.255,-48.83,-45.32,-40.284,-36.927,-30.366,-27.161,-23.499,-21.668,-19.074,-16.938,-13.886,-12.818,-12.665,-12.665,-13.581,-16.022,-18.006,-20.447,-20.447,-21.821,-17.701,-14.191,-11.292,-10.987,-9.1556,-8.5452,-7.3244,-5.7985,-2.1363,-1.8311,-2.7467,-6.5615,-10.376,-15.259,-16.48,-19.227,-20.905,-22.889,-21.21,-20.447,-19.379,-18.616,-17.548,-18.616,-20.905,-25.483,-28.535,-32.807,-34.791,-36.622,-35.707,-35.859,-31.739,-27.467,-22.126,-20.6,-20.142,-19.837,-19.684,-18.464,-15.412,-13.581,-9.4607,-5.9511,-1.6785,-0,3.357,2.2889,0.91556,-3.2044,-7.3244,-10.987,-14.191,-18.921,-22.126,-26.551,-30.824,-35.096,-35.554,-37.233,-38.453,-40.742,-40.742,-38.606,-34.486,-31.739,-29.298,-26.399,-24.11,-21.516,-18.769,-17.701,-17.243,-19.074,-19.99,-23.041,-24.262,-26.704,-28.23,-29.756,-29.603,-29.908,-30.824,-33.57,-36.47,-40.59,-43.031,-44.557,-45.015,-47.456,-48.372,-50.813,-49.44,-48.372,-44.404,-40.437,-36.622,-34.486,-31.739,-30.366,-30.061,-29.756,-29.45,-31.129,-31.587,-33.113,-32.197,-32.807,-33.265,-34.028,-32.502,-30.671,-27.619,-27.619,-28.077,-30.061,-31.587,-30.824,-29.45,-31.587,-32.35,-33.876,-34.028,-35.554,-35.859,-36.622,-34.791,-34.181,-36.164,-39.521,-42.726,-46.846,-50.05,-52.644,-52.95,-52.797,-52.034,-54.476,-55.238,-54.17,-49.745,-46.693,-43.947,-42.726,-40.742,-38.606,-38.301,-37.996,-36.775,-37.69,-37.843,-36.317,-33.265,-33.113,-34.639,-37.843,-37.69,-37.996,-36.622,-35.707,-34.639,-36.012,-40.437,-45.778,-49.135,-51.424,-54.323,-60.884,-66.225,-72.329,-74.16,-75.228,-74.465,-74.465,-73.55,-71.108,-67.293,-66.073,-65.462,-62.868,-59.816,-57.833,-53.865,-50.813,-43.794,-37.538,-29.908,-26.399,-23.041,-19.379,-14.496,-11.139,-9.7659,-8.8504,-7.7822,-5.4933,-2.1363,0.91556,7.1718,9.9185,12.818,12.665,11.902,9.003,8.6978,6.8667,5.9511,5.4933,4.12,1.2207,-3.5096,-9.4607,-15.87,-21.516,-25.788,-27.619,-24.873,-21.668,-16.175,-12.36,-8.24,-4.2726,-0.76296,2.2889,5.0356,8.3926,11.902,13.428,15.259,16.022,18.921,22.889,29.298,34.181,39.521,42.268,45.473,47.761,51.271,56.612,62.41,65.157,66.225,65.615,67.141,68.056,71.413,72.481,72.787,68.667,65.004,59.511,52.95,44.862,37.233,32.35,30.366,26.551,24.567,21.821,21.21,19.227,20.447,21.21,23.652,24.415,26.246,27.772,29.756,30.976,32.502,34.639,38.453,39.064,43.031,44.404,48.372,50.813,56.307,62.258,70.498,75.991,80.569,84.536,88.198,87.436,85.91,82.247,79.653,75.076,72.939,67.904,66.683,63.936,62.105,60.579,60.732,60.427,61.037,59.511,56.154,52.492,49.44,46.236,43.184,37.538,32.197,24.262,16.327,7.6296,1.0681,-7.3244,-12.818,-17.396,-21.058,-24.415,-26.704,-29.603,-30.976,-33.57,-32.96,-32.502,-30.213,-30.519,-30.824,-32.96,-35.249,-37.996,-40.437,-41.81,-40.59,-39.369,-38.606,-37.996,-36.012,-35.707,-35.096,-36.317,-34.486,-35.554,-34.944,-34.791,-33.265,-31.281,-29.45,-27.314,-25.636,-26.093,-27.619,-31.892,-34.028,-37.69,-38.911,-43.641,-46.236,-47.761,-47.914,-48.524,-51.118,-55.696,-58.138,-60.884,-64.394,-67.293,-65.462,-62.258,-57.07,-52.797,-47.304,-44.252,-40.132,-38.606,-34.944,-32.502,-30.671,-29.603,-29.45,-29.145,-27.161,-26.856,-25.025,-24.72,-24.72,-26.093,-25.941,-27.467,-27.772,-28.077,-28.382,-27.619,-26.399,-25.636,-25.025,-24.567,-22.431,-20.6,-15.412,-12.818,-9.003,-7.1718,-4.2726,-3.2044,0.15259,2.5941,5.6459,8.5452,10.376,11.444,12.665,13.886,17.396,19.227,23.957,26.551,31.892,36.622,43.031,47.761,51.271,54.018,56.612,57.68,59.358,60.732,63.936,65.615,68.819,69.277,72.329,74.618,77.517,78.585,81.942,84.231,87.283,90.335,92.471,91.556,90.335,87.588,86.367,82.4,79.196,74.16,70.04,64.394,62.258,58.443,56.307,53.713,52.492,51.271,52.339,53.56,57.833,60.274,63.326,62.105,62.716,62.258,64.241,63.936,63.936,62.563,61.19,59.511,59.511,59.358,60.427,61.037,62.105,60.274,60.579,59.358,59.969,58.901,60.427,59.816,60.427,59.969,59.206,55.849,50.05,42.421,36.927,31.281,29.756,26.551,24.415,20.905,20.142,17.396,16.48,14.039,12.36,8.5452,5.9511,1.9837,-0.91556,-4.5778,-6.8667,-9.9185,-12.055,-15.259,-16.175,-16.633,-15.412,-14.039,-10.224,-6.1037,-2.1363,-0.45778,1.5259,2.5941,3.9674,2.5941,2.1363,0.76296,0.91556,-0.15259,0.76296,-1.3733,-3.357,-5.9511,-8.0874,-11.444,-13.886,-16.633,-18.006,-19.532,-21.821,-25.025,-26.246,-29.908,-32.807,-38.148,-42.116,-47.761,-50.966,-51.881,-52.797,-54.17,-55.544,-56.307,-55.544,-54.781,-53.255,-52.644,-50.966,-52.492,-51.881,-52.644,-50.661,-48.83,-46.846,-47.304,-47.609,-46.846,-45.015,-43.489,-41.81,-40.132,-39.064,-41.2,-42.116,-45.473,-48.982,-54.476,-59.358,-66.378,-70.803,-75.991,-79.348,-82.705,-85.147,-87.13,-87.283,-89.114,-90.64,-93.997,-95.523,-97.049,-95.065,-93.844,-91.25,-87.283,-84.689,-81.942,-80.111,-79.806,-79.348,-78.89,-77.517,-76.754,-74.313,-72.634,-70.04,-69.43,-68.209,-67.446,-63.936,-59.664,-54.018,-48.83,-45.93,-44.71,-43.184,-40.742,-37.996,-36.622,-35.096,-35.401,-34.028,-34.791,-35.249,-36.164,-35.707,-33.57,-31.587,-32.044,-31.281,-30.213,-30.061,-27.924,-23.957,-22.279,-21.058,-21.058,-20.753,-19.99,-17.09,-15.412,-14.649,-14.954,-13.276,-12.97,-13.123,-12.97,-13.886,-14.954,-12.513,-9.7659,-6.1037,-6.5615,-4.5778,-2.8993,1.2207,3.8148,5.7985,5.1881,2.5941,-1.5259,-4.12,-5.9511,-6.1037,-8.5452,-12.36,-17.396,-19.074,-21.668,-23.499,-25.025,-25.33,-25.025,-27.009,-30.519,-31.739,-32.197,-32.655,-32.96,-30.824,-31.739,-32.655,-34.791,-35.401,-37.996,-38.453,-37.996,-37.69,-36.927,-36.012,-36.927,-39.674,-41.963,-42.421,-45.778,-47.304,-50.356,-52.034,-54.781,-56.459,-58.443,-60.884,-63.478,-62.868,-61.647,-61.647,-62.716,-61.647,-60.427,-58.748,-57.68,-53.102,-48.982,-44.557,-40.284,-35.096,-28.382,-20.295,-12.818,-7.0193,-1.2207,4.2726,6.1037,7.6296,7.3244,9.003,9.003,9.9185,10.376,11.444,13.123,14.649,16.48,16.938,14.344,11.292,7.477,6.4089,5.4933,6.1037,4.2726,1.9837,-3.2044,-6.5615,-9.1556,-11.139,-12.207,-12.818,-12.97,-14.344,-13.886,-11.902,-10.987,-9.7659,-9.4607,-7.1718,-5.6459,-2.8993,-2.7467,-1.5259,0.45778,2.5941,2.7467,3.2044,3.5096,4.12,5.6459,8.5452,9.1556,9.6133,9.003,9.6133,7.6296,6.4089,3.0519,1.0681,-0.76296,-2.7467,-5.6459,-9.6133,-14.344,-19.532,-25.941,-30.671,-37.08,-41.963,-47.914,-53.865,-60.579,-66.378,-73.244,-80.721,-88.198,-95.676,-102.08,-107.88,-113.38,-117.95,-123.6,-128.03,-133.52,-137.49,-142.06,-145.88,-148.32,-152.13,-156.1,-159.15,-162.36,-165.11,-167.39,-169.68,-174.41,-177.47,-181.59,-185.09,-190.59,-194.86,-198.98,-203.1,-206.31,-209.2,-213.17,-218.05,-223.24,-227.52,-233.77,-238.35,-243.54,-246.74,-250.86,-254.22,-258.49,-261.39,-263.07,-265.05,-267.19,-269.63,-272.68,-274.82,-277.57,-278.94,-280.92,-279.85,-278.63,-276.5,-274.51,-271.92,-268.56,-265.51,-262.31,-259.41,-255.9,-254.22,-254.37,-252.69,-251.63,-249.34,-246.89,-242.62,-240.64,-237.89,-234.53,-232.25,-228.13,-222.79,-216.22,-209.81,-204.63,-199.13,-194.71,-189.83,-185.09,-177.16,-170.6,-163.88,-157.32,-150.15,-143.89,-137.94,-131.08,-122.68,-114.29,-104.07,-95.37,-85.757,-78.433,-70.345,-64.547,-57.833,-50.661,-45.015,-40.132,-35.249,-31.281,-27.467,-22.736,-17.548,-12.665,-6.8667,-2.8993,1.9837,6.2563,12.818,18.769,23.804,27.924,31.892,35.554,38.453,41.353,44.557,47.456,51.424,52.95,55.086,57.222,61.19,62.258,63.936,66.225,67.751,67.598,66.378,64.089,63.173,63.173,65.31,66.225,67.446,66.225,66.073,65.31,65.157,63.631,62.105,61.8,64.241,67.293,70.193,72.481,77.212,80.264,84.841,88.046,92.166,95.065,99.49,101.93,104.53,106.36,109.71,111.7,112.61,113.53,113.99,112.77,111.24,107.43,105.75,104.68,103.61,99.49,97.354,92.776,88.351,84.231,80.721,76.144,71.871,67.446,65.004,61.495,60.427,57.375,55.086,50.813,47.151,42.879,39.827,37.08,35.096,32.807,31.434,28.077,26.551,23.957,22.584,19.837,18.311,16.938,18.159,18.311,19.532,20.905,22.584,23.804,24.567,25.636,27.924,31.281,35.859,36.927,39.979,40.895,44.252,47.151,49.898,51.881,54.17,57.375,60.732,61.953,65.004,67.141,70.345,72.024,74.313,74.313,75.686,75.533,76.144,76.296,77.822,78.585,80.111,79.958,80.874,79.501,80.111,77.975,74.618,69.582,67.751,64.852,63.021,59.053,54.933,49.135,46.083,42.726,38.606,34.791,32.502,28.535,26.246,21.973,18.159,13.733,12.665,12.36,14.496,16.785,17.853,17.396,18.769,19.99,19.684,18.921,21.516,24.567,31.129,36.47,43.794,47.761,51.424,54.323,58.748,62.563,65.92,67.751,66.988,62.563,60.427,56.917,55.391,52.95,51.729,48.524,45.167,38.301,32.197,26.704,22.279,17.853,15.259,13.276,14.344,16.175,18.159,15.412,14.801,17.243,23.804,27.467,32.502,37.233,39.521,40.132,40.895,40.437,39.369,37.69,36.622,32.35,25.788,20.295,19.99,23.194,27.161,28.077,27.314,23.499,19.379,15.412,10.071,2.8993,-3.0519,-5.6459,-5.4933,-10.376,-17.396,-27.314,-33.418,-39.674,-44.252,-49.745,-59.206,-69.735,-77.059,-82.247,-88.198,-95.676,-99.033,-104.98,-110.63,-114.9,-115.51,-116.89,-115.97,-116.43,-118.87,-122.23,-123.29,-124.97,-132.15,-139.93,-143.89,-144.35,-139.62,-132.76,-127.41,-126.04,-123.75,-122.68,-120.09,-117.65,-114.44,-110.48,-107.58,-107.88,-113.99,-122.53,-129.55,-135.5,-136.57,-136.27,-136.27,-135.04,-133.06,-130.47,-128.79,-129.25,-131.69,-134.59,-139.62,-146.95,-153.36,-158.39,-161.6,-164.04,-165.26,-171.51,-178.53,-185.86,-189.52,-187.69,-183.11,-179.14,-178.69,-179.14,-179.3,-179.3,-179.14,-181.13,-180.82,-178.84,-175.94,-173.19,-167.7,-162.05,-157.17,-151.22,-145.42,-141.15,-135.81,-130.31,-125.28,-124.06,-123.45,-120.7,-116.89,-111.55,-104.53,-98.27,-94.76,-92.013,-90.182,-88.809,-89.267,-89.877,-87.436,-84.841,-79.196,-71.261,-60.884,-52.95,-44.252,-39.521,-35.707,-30.976,-26.856,-26.093,-27.314,-30.671,-33.57,-32.35,-27.161,-22.126,-14.954,-7.3244,0.15259,4.7304,9.6133,14.801,19.227,24.262,27.314,27.772,28.077,28.687,30.213,32.96,37.843,42.116,47.456,50.661,53.255,53.865,54.17,52.339,50.813,50.813,53.102,57.375,63.021,68.972,74.77,76.296,77.364,77.059,79.348,82.247,87.588,92.624,95.523,97.964,100.71,100.25,97.354,91.861,88.046,85.452,87.283,90.793,96.591,102.08,108.49,111.09,113.68,115.51,116.89,116.58,115.82,115.36,116.28,117.5,116.58,111.39,109.56,111.55,117.19,121.77,125.74,124.67,122.99,121.46,117.65,114.44,111.39,107.43,102.69,97.507,91.25,85.452,84.689,83.468,79.653,70.345,62.258,54.018,45.625,38.911,32.96,28.382,26.704,27.314,32.502,37.996,42.573,44.862,49.593,52.644,52.492,49.593,47.456,45.778,44.099,43.489,43.947,44.71,44.404,46.083,47.914,46.693,41.505,29.298,20.142,11.902,6.1037,2.4415,1.8311,0.15259,-6.8667,-15.107,-22.736,-28.687,-30.366,-31.434,-31.129,-34.486,-38.759,-46.999,-55.391,-63.784,-69.582,-73.702,-77.822,-81.79,-85.452,-87.283,-90.945,-95.523,-98.27,-102.08,-101.93,-101.47,-102.08,-103.61,-107.73,-113.83,-119.48,-120.55,-120.24,-122.68,-123.75,-125.13,-126.5,-127.11,-124.97,-121.01,-114.14,-110.48,-107.73,-104.98,-101.17,-95.828,-91.403,-84.841,-76.907,-69.887,-61.037,-54.933,-49.135,-43.489,-36.317,-28.84,-19.684,-12.513,-4.12,4.7304,14.954,24.415,31.739,37.996,47.304,53.56,62.41,71.718,82.095,87.893,92.013,94.15,96.591,97.964,99.948,102.39,103.61,102.08,100.71,96.286,94.302,89.877,86.978,84.689,83.773,83.621,83.01,81.637,79.806,76.754,74.465,71.108,69.582,66.683,65.92,64.394,64.394,62.105,61.495,61.8,63.173,65.31,69.124,72.024,74.16,73.855,74.16,73.55,76.296,78.127,82.095,85.604,90.03,92.318,93.692,90.945,87.13,82.095,76.907,71.871,69.124,63.326,59.053,53.407,49.135,43.336,38.606,33.418,28.382,22.126,13.886,5.3407,-3.2044,-8.5452,-12.055,-15.259,-17.243,-21.973,-25.941,-30.976,-34.333,-39.979,-45.778,-51.424,-56.612,-61.953,-66.988,-70.803,-73.397,-75.686,-76.144,-78.738,-80.569,-82.4,-83.773,-87.436,-90.64,-94.15,-95.218,-96.438,-97.507,-98.88,-100.86,-103.15,-104.37,-108.19,-109.56,-112,-112.46,-112.92,-111.7,-110.02,-108.65,-108.04,-105.75,-101.93,-99.185,-98.422,-95.676,-93.844,-90.793,-88.961,-86.062,-86.215,-85.147,-83.316,-78.738,-73.855,-69.43,-66.988,-65.615,-66.073,-65.92,-68.056,-69.277,-72.024,-72.787,-73.702,-74.313,-74.007,-72.634,-71.566,-70.498,-69.887,-68.056,-66.378,-65.157,-65.157,-64.241,-63.936,-63.173,-63.021,-63.021,-63.631,-64.089,-65.157,-64.089,-63.936,-61.495,-60.274,-56.764,-55.086,-53.255,-51.729,-50.813,-49.593,-47.304,-43.947,-40.284,-38.911,-36.47,-34.028,-29.603,-27.467,-24.567,-22.584,-18.921,-16.022,-12.055,-8.24,-5.3407,-0.91556,4.7304,8.24,13.428,16.785,21.363,24.262,27.924,30.824,33.57,36.164,40.284,45.473,50.356,53.56,56.764,58.901,63.173,67.141,72.481,74.465,77.67,81.484,85.91,89.114,91.556,93.234,96.438,100.86,105.44,109.71,115.97,119.33,122.99,124.36,127.26,128.33,130.47,133.06,135.81,138.71,142.22,145.27,148.01,149.54,151.83,152.13,153.51,153.97,155.03,153.97,154.88,154.88,156.1,157.48,159.31,159.61,159.31,159,159.15,157.32,157.32,156.56,157.93,157.17,157.17,155.95,155.64,155.19,154.58,153.2,152.29,151.07,149.39,146.95,147.25,145.57,145.27,143.59,143.44,142.06,142.83,142.98,142.67,141.91,141.76,140.84,140.23,140.08,140.39,138.1,137.79,136.57,136.88,134.59,135.5,136.57,137.33,137.18,135.65,133.67,133.37,132.6,133.37,132.15,131.69,128.64,127.72,125.74,124.97,123.91,123.29,122.23,122.07,121.46,119.79,117.19,116.28,114.9,115.67,115.97,117.34,117.95,119.94,120.85,123.45,125.43,128.18,130.92,134.13,137.18,140.84,143.59,148.32,151.07,155.34,157.32,159.46,160.53,162.97,164.19,166.48,168,170.45,172.28,175.79,178.08,180.82,181.28,182.65,182.65,185.25,184.64,184.79,184.64,184.03,182.81,184.18,185.71,188.76,190.74,193.95,195.62,198.83,198.98,198.98,197.45,197.91,197,198.22,200.2,202.03,203.86,206.46,208.9,210.73,211.8,213.32,213.63,214.09,213.63,213.48,213.93,213.63,211.65,209.2,205.85,201.57,198.52,193.64,188.3,182.65,178.53,175.33,169.07,164.49,157.63,151.52,143.28,134.43,124.67,115.21,106.97,101.78,95.523,89.267,84.384,81.942,74.618,68.972,63.326,59.358,52.034,46.388,40.284,36.775,29.298,21.668,14.954,7.477,-1.0681,-7.0193,-13.581,-22.431,-30.824,-34.028,-39.521,-43.794,-47.456,-49.745,-54.323,-60.121,-65.157,-66.988,-65.92,-66.53,-68.056,-65.615,-58.748,-51.271,-42.726,-28.077,-14.344,-2.2889,10.987,27.161,46.236,63.936,73.855,78.433,86.825,99.948,110.17,117.8,124.52,134.59,138.1,139.47,141,142.52,141,142.52,144.96,149.69,152.29,153.51,152.9,154.42,153.97,150.91,141.76,134.43,128.18,125.13,120.09,117.5,116.43,117.65,116.43,108.19,95.065,84.994,74.923,66.988,58.748,50.508,40.59,34.791,28.535,22.584,14.649,7.3244,-2.8993,-12.36,-18.769,-23.041,-32.502,-45.778,-62.716,-79.348,-98.422,-112.46,-123.6,-131.08,-140.54,-150.3,-163.58,-174.57,-183.42,-193.18,-202.19,-210.27,-217.6,-224.31,-231.33,-239.11,-246.59,-251.32,-255.75,-260.02,-265.82,-269.78,-273.75,-277.26,-282.14,-287.79,-294.2,-301.07,-308.85,-315.26,-322.28,-328.07,-334.79,-339.82,-345.16,-348.52,-352.03,-354.78,-357.37,-360.27,-362.87,-365.46,-368.36,-373.09,-378.58,-383.31,-388.81,-392.01,-395.21,-395.83,-394.3,-393.69,-393.38,-392.93,-392.16,-390.64,-388.81,-384.99,-383.16,-379.5,-377.67,-374,-370.49,-365.76,-361.64,-358.13,-356.15,-354.17,-352.79,-350.05,-347,-342.88,-340.28,-337.23,-335.86,-334.48,-331.74,-330.21,-329.14,-327.62,-325.94,-321.97,-320.9,-317.24,-315.1,-311.9,-309,-304.12,-297.86,-293.44,-288.71,-283.52,-279.09,-275.12,-271.92,-266.43,-260.48,-250.71,-241.4,-232.55,-224.62,-218.82,-213.63,-209.36,-204.02,-196.84,-188.6,-178.99,-170.14,-161.9,-156.41,-150.91,-149.54,-149.69,-152.13,-155.03,-155.49,-153.66,-146.79,-137.64,-130.92,-124.97,-119.79,-113.99,-110.32,-108.49,-107.58,-105.14,-99.185,-88.351,-77.67,-66.836,-55.849,-44.099,-34.028,-25.483,-19.684,-16.022,-14.191,-10.834,-9.003,-4.4252,0.30519,8.0874,16.327,26.246,34.791,43.031,49.287,54.628,60.121,68.209,73.092,79.348,84.231,89.572,91.861,94.302,94.302,93.387,91.556,92.624,93.234,94.607,95.37,96.744,95.523,96.591,95.065,94.302,92.318,89.724,86.215,82.858,79.958,78.127,76.296,76.754,74.313,72.634,66.988,62.563,57.07,51.881,47.456,44.252,39.979,35.249,30.061,25.33,18.616,13.581,7.1718,1.9837,-2.1363,-6.4089,-10.681,-14.191,-17.243,-21.668,-25.636,-26.246,-28.382,-29.298,-31.129,-32.502,-34.181,-33.876,-34.181,-34.486,-35.249,-35.859,-37.08,-39.216,-42.726,-45.473,-49.287,-51.271,-54.323,-56.612,-58.29,-59.664,-61.037,-61.647,-62.716,-65.92,-70.345,-71.871,-73.244,-73.55,-75.838,-75.991,-78.28,-79.653,-82.553,-85.604,-88.351,-89.877,-92.624,-94.607,-96.591,-98.27,-101.78,-102.85,-104.98,-104.98,-105.59,-105.75,-106.66,-107.27,-107.27,-106.05,-104.07,-100.86,-98.27,-96.438,-95.828,-93.234,-91.861,-88.046,-84.689,-81.484,-79.958,-76.144,-71.718,-66.988,-62.563,-58.443,-52.95,-48.067,-42.421,-35.859,-31.129,-25.178,-21.821,-16.785,-13.123,-8.24,-3.6622,-0.30519,2.4415,6.1037,12.055,18.464,25.788,32.96,39.064,45.473,50.356,56.459,61.647,68.819,75.991,84.231,91.556,98.575,106.97,115.82,124.36,132.6,139.77,147.56,154.12,161.29,168.46,175.18,180.21,186.62,190.89,194.25,198.07,201.42,205.24,209.05,212.87,216.22,219.28,224.31,227.21,230.87,232.4,234.69,235.91,238.81,242.01,244,245.67,246.59,248.88,251.47,252.85,256.2,259.56,263.83,267.65,271.77,273.29,275.12,277.41,280.47,283.67,287.18,291.15,295.72,300.91,305.19,306.71,309,306.56,305.19,301.98,300.91,298.78,297.71,295.72,294.81,293.44,293.59,294.2,293.28,291.45,291.15,288.09,285.81,284.59,284.43,282.75,282.45,281.08,279.55,278.63,278.18,277.57,277.72,277.41,277.41,275.89,275.28,272.07,269.48,265.97,263.22,258.64,253.91,248.73,243.39,237.28,233.01,228.74,225.68,222.33,218.97,214.7,211.49,207.07,204.47,199.13,194.71,190.44,187.38,183.11,179.14,175.02,173.35,169.07,165.56,161.75,160.22,157.48,155.19,149.54,144.66,139.77,133.52,126.35,118.72,111.09,106.36,100.71,94.15,86.825,84.231,83.621,84.384,83.468,82.705,81.79,80.569,79.043,80.721,82.095,82.705,82.4,83.163,85.604,88.046,86.367,83.316,79.501,78.433,77.67,77.67,75.381,72.787,72.176,72.329,73.092,72.787,71.718,72.939,71.871,73.244,71.566,70.193,68.361,67.904,65.615,62.41,59.511,55.238,49.593,44.404,40.742,36.775,30.976,28.687,24.873,24.567,21.058,19.684,16.022,9.3081,1.8311,-3.6622,-9.6133,-15.87,-24.72,-32.044,-35.249,-34.486,-34.486,-32.807,-34.639,-35.707,-37.538,-38.606,-39.674,-41.353,-43.947,-46.693,-51.576,-58.596,-66.683,-72.024,-78.127,-82.705,-88.656,-92.624,-95.065,-95.065,-94.913,-96.286,-100.56,-105.9,-110.63,-112.16,-112,-110.32,-112,-113.68,-116.12,-115.21,-113.68,-109.1,-102.85,-95.37,-86.673,-76.907,-70.04,-67.446,-66.836,-64.699,-62.716,-61.19,-58.748,-53.102,-49.745,-48.982,-49.135,-47.914,-46.541,-46.083,-45.93,-46.541,-44.71,-41.047,-38.606,-34.791,-31.281,-24.72,-19.379,-15.107,-14.801,-15.87,-19.227,-21.516,-23.041,-25.33,-30.061,-34.791,-41.2,-44.862,-49.593,-52.644,-58.748,-61.495,-65.31,-69.582,-76.754,-83.468,-89.877,-96.438,-100.86,-103.61,-107.12,-110.17,-112.46,-113.38,-116.58,-117.04,-117.34,-114.6,-114.6,-114.9,-117.34,-119.94,-121.92,-121.31,-117.5,-113.99,-113.83,-111.85,-112.92,-113.53,-115.36,-116.58,-119.63,-121.16,-121.62,-118.26,-111.39,-98.422,-84.384,-72.481,-66.683,-60.884,-57.985,-55.086,-55.544,-52.644,-49.898,-41.963,-31.281,-23.804,-21.973,-21.363,-24.11,-26.704,-27.467,-23.499,-18.616,-12.207,-10.376,-10.529,-16.022,-22.279,-29.298,-34.486,-37.69,-36.012,-31.281,-25.33,-21.973,-18.769,-17.396,-16.022,-17.853,-18.311,-20.295,-20.295,-20.6,-16.785,-11.444,-3.0519,3.8148,9.003,13.276,14.496,11.292,5.9511,-1.0681,-6.5615,-11.139,-11.902,-14.496,-15.717,-19.074,-22.126,-25.483,-30.671,-35.096,-38.301,-42.268,-46.693,-50.661,-54.323,-59.664,-62.868,-65.462,-66.683,-68.056,-67.446,-66.225,-64.852,-63.173,-62.258,-61.495,-60.579,-58.901,-57.222,-54.17,-48.677,-44.404,-37.69,-30.213,-20.905,-13.581,-5.0356,3.6622,11.139,18.464,26.093,32.807,40.59,50.356,62.105,72.176,83.621,95.065,108.04,119.33,130.01,139.01,146.03,152.44,160.83,171.21,181.43,190.59,200.05,207.53,216.53,222.48,230.26,236.06,242.32,247.81,255.44,262.92,269.94,277.11,284.89,290.69,296.95,300.91,307.32,310.53,315.26,317.85,324.26,328.84,332.8,334.64,336.01,336.62,337.99,337.84,337.69,337.08,337.84,340.28,342.57,341.35,339.37,336.16,334.64,330.67,329.14,327.16,325.48,322.89,321.67,318.31,314.8,309.61,308.24,305.49,304.12,300.45,298.01,293.59,290.38,286.87,282.14,277.72,273.6,268.56,265.66,264.29,263.07,259.71,256.36,250.56,246.44,241.25,236.06,230.11,224.62,217.75,211.95,207.83,205.08,202.03,198.37,192.88,188.45,181.59,175.94,168.92,165.11,161.29,158.39,155.03,152.9,150.61,148.17,144.35,142.98,141.3,140.23,137.18,134.43,129.25,125.13,118.41,112.77,106.81,103,99.643,96.133,90.793,86.215,80.416,78.585,74.923,70.956,64.699,59.969,55.849,52.644,48.524,45.93,44.404,42.573,39.674,35.859,29.603,27.467,24.415,23.347,22.736,25.636,24.415,20.6,16.175,13.123,9.6133,7.6296,4.2726,0.91556,-2.2889,-3.357,-6.7141,-9.6133,-12.513,-12.97,-13.886,-15.107,-17.243,-18.921,-21.058,-18.006,-12.97,-7.477,-5.4933,-4.2726,-6.2563,-5.7985,-3.8148,-2.8993,-2.4415,-1.8311,-2.5941,-4.4252,-7.3244,-9.6133,-13.123,-16.48,-19.684,-19.99,-22.584,-27.619,-35.554,-43.184,-48.83,-52.797,-58.138,-60.732,-64.089,-65.767,-70.04,-74.007,-79.958,-86.215,-93.234,-99.033,-103.92,-106.66,-109.41,-109.56,-110.48,-108.8,-107.27,-103.31,-102.24,-102.69,-103.61,-104.37,-107.27,-109.26,-109.87,-107.88,-109.1,-110.02,-112,-112.61,-113.53,-112.31,-110.32,-106.66,-103.15,-100.1,-97.964,-95.218,-95.218,-95.065,-96.286,-95.676,-98.27,-99.338,-100.71,-102.54,-104.37,-105.59,-106.81,-106.51,-106.81,-104.07,-101.63,-96.744,-92.318,-86.673,-83.468,-83.316,-83.926,-84.536,-86.673,-90.182,-91.861,-90.335,-88.046,-84.689,-84.689,-85.757,-87.893,-87.893,-86.367,-84.536,-84.078,-85.757,-90.03,-93.844,-98.88,-102.24,-103.61,-101.02,-99.643,-96.744,-93.997,-90.487,-86.673,-82.095,-79.958,-77.67,-77.364,-78.433,-80.416,-79.501,-78.738,-77.517,-76.601,-76.144,-76.144,-75.228,-77.059,-81.332,-87.436,-92.624,-95.37,-94.302,-94.302,-91.25,-90.793,-90.64,-93.387,-94.455,-97.659,-100.25,-103.31,-105.75,-109.71,-108.8,-107.12,-104.07,-100.71,-95.065,-93.539,-90.182,-88.351,-86.978,-86.52,-85.604,-84.689,-81.637,-79.501,-76.296,-75.228,-73.55,-71.566,-68.209,-68.514,-66.988,-65.92,-60.732,-55.391,-49.593,-44.71,-41.047,-40.284,-37.843,-35.554,-33.113,-31.434,-28.382,-26.093,-20.753,-19.074,-13.886,-9.7659,-5.9511,-6.5615,-8.8504,-12.055,-14.344,-19.379,-24.11,-31.434,-35.554,-40.895,-43.184,-42.116,-35.859,-30.824,-25.33,-20.295,-15.564,-16.785,-21.516,-30.366,-39.216,-48.219,-53.407,-57.985,-63.326,-71.871,-76.754,-81.637,-81.942,-83.163,-85.452,-90.335,-95.37,-101.78,-107.43,-109.71,-108.04,-106.05,-102.85,-100.56,-98.422,-97.049,-91.708,-86.673,-82.247,-80.111,-78.28,-77.67,-77.67,-81.484,-83.773,-86.52,-85.147,-82.705,-78.585,-75.533,-72.634,-68.972,-63.936,-59.511,-54.781,-51.729,-47.609,-43.336,-37.843,-34.028,-30.366,-30.671,-30.061,-32.197,-35.096,-38.301,-38.301,-39.979,-42.116,-43.641,-44.252,-46.083,-45.778,-46.541,-44.557,-45.778,-44.71,-45.167,-45.778,-49.135,-50.966,-54.018,-57.07,-62.105,-64.394,-65.92,-66.225,-70.04,-75.991,-86.062,-93.844,-103.61,-109.1,-112.92,-114.14,-114.29,-113.83,-113.53,-112.31,-114.29,-116.43,-119.02,-119.63,-121.31,-118.72,-114.14,-107.43,-105.14,-101.63,-99.185,-97.964,-97.049,-97.964,-98.575,-97.507,-98.117,-97.354,-97.812,-97.659,-101.93,-103.92,-107.73,-111.85,-117.5,-123.29,-129.55,-136.42,-142.06,-147.71,-155.95,-161.9,-170.75,-178.23,-186.62,-192.72,-197.15,-197.91,-196.39,-191.96,-188.15,-184.33,-179.14,-174.41,-171.67,-170.14,-173.8,-178.69,-186.01,-192.42,-199.13,-205.39,-212.41,-216.83,-219.12,-219.58,-220.19,-222.48,-224.62,-226.45,-226.14,-222.63,-221.72,-221.41,-222.33,-218.36,-210.88,-200.96,-190.13,-179.75,-172.73,-168.46,-167.39,-168.92,-171.21,-171.67,-176.85,-178.23,-177.47,-173.04,-171.82,-171.97,-173.35,-172.43,-167.39,-160.83,-152.44,-145.42,-141,-140.23,-141,-140.69,-141.45,-141.3,-139.01,-131.69,-124.21,-115.51,-105.9,-98.422,-91.403,-84.536,-79.348,-74.313,-72.939,-73.702,-78.433,-82.247,-87.588,-90.03,-93.844,-95.37,-94.302,-93.387,-93.081,-91.708,-89.114,-86.062,-82.553,-77.212,-73.855,-70.803,-67.293,-59.206,-53.407,-49.287,-44.862,-39.979,-36.317,-33.723,-31.587,-28.077,-24.262,-17.09,-10.987,-5.3407,-1.0681,4.12,9.3081,15.259,19.227,22.736,23.804,22.584,22.279,24.11,26.246,26.399,25.941,26.093,24.873,26.093,29.603,37.996,44.252,49.135,52.034,53.865,52.187,49.44,46.846,44.862,40.895,38.759,36.775,37.08,37.69,40.742,43.489,46.693,47.609,47.151,47.151,48.982,52.034,57.375,63.631,68.667,73.244,81.027,85.91,93.692,99.796,108.49,115.97,122.07,125.43,128.79,131.99,136.88,140.39,144.96,148.17,152.59,153.05,157.78,160.99,165.72,168.16,167.85,164.8,162.51,158.39,153.05,147.4,145.27,141.91,139.32,132.76,127.26,121.01,119.33,117.5,115.97,112,109.41,106.81,103.92,100.41,98.422,96.591,96.286,95.218,96.286,96.896,99.49,99.49,102.08,103.31,105.59,105.75,103.76,101.02,100.86,100.86,103,103,103.92,103,104.37,102.54,99.948,95.523,93.234,87.893,81.027,72.939,65.92,61.647,59.969,58.901,58.29,55.086,54.018,52.034,52.492,50.813,50.05,47.151,46.236,45.473,46.083,46.846,47.609,48.524,51.271,51.118,51.729,48.677,46.999,44.099,46.999,50.356,56.001,58.596,60.274,60.121,58.748,55.086,52.492,51.881,55.086,56.154,59.206,60.732,62.563,63.478,63.326,61.037,58.901,58.138,59.206,61.037,63.478,66.378,70.345,74.16,78.738,81.79,85.147,86.978,89.419,90.487,90.03,89.572,90.335,90.793,92.776,92.166,93.844,93.081,92.318,88.809,86.825,83.163,78.585,74.313,70.345,65.31,61.8,56.459,53.865,49.745,48.524,45.32,45.32,43.947,45.015,45.473,45.32,46.999,50.203,50.966,53.865,54.018,54.17,52.644,53.865,53.407,56.154,58.443,63.631,66.988,70.803,75.228,79.806,84.078,87.436,90.03,93.539,95.676,97.049,95.218,91.556,87.283,83.926,80.569,76.907,73.092,67.751,61.8,56.612,51.271,48.219,44.404,41.047,34.333,30.061,24.567,21.668,18.921,16.175,12.665,9.7659,3.9674,0.30519,-3.357,-2.8993,-4.2726,-3.5096,-3.9674,-0.76296,0.76296,1.6785,-0.15259,-3.9674,-10.224,-14.191,-18.159,-22.279,-26.246,-25.941,-26.246,-22.126,-18.921,-15.87,-15.717,-15.87,-17.396,-18.159,-20.447,-20.753,-22.584,-25.33,-28.84,-30.213,-33.418,-35.249,-39.521,-41.505,-41.963,-42.726,-44.557,-47.151,-48.982,-48.524,-47.761,-46.999,-46.846,-44.252,-41.81,-37.69,-36.012,-33.876,-32.502,-29.908,-28.382,-27.314,-26.246,-22.279,-19.684,-17.09,-15.412,-14.801,-16.48,-14.039,-13.581,-9.9185,-7.6296,-3.2044,-1.9837,-0.15259,0.15259,1.2207,3.357,4.5778,3.6622,3.0519,1.5259,1.8311,0.76296,1.3733,-0.76296,0.15259,-0.45778,-0.15259,-2.5941,-4.4252,-8.0874,-11.902,-18.616,-24.262,-30.824,-35.707,-40.437,-40.895,-43.947,-44.862,-46.693,-45.625,-43.641,-41.658,-41.81,-40.895,-37.69,-31.739,-28.993,-26.551,-24.72,-21.668,-22.126,-22.126,-25.941,-27.772,-30.824,-30.976,-31.129,-31.587,-33.57,-36.47,-42.421,-45.32,-44.71,-42.421,-44.862,-46.846,-48.677,-50.203,-54.781,-57.07,-58.748,-58.443,-57.375,-55.696,-57.07,-58.748,-61.037,-61.19,-61.953,-60.884,-62.868,-64.089,-68.514,-70.04,-72.787,-75.991,-77.67,-75.228,-71.413,-66.073,-62.258,-59.511,-58.901,-55.849,-55.544,-52.644,-51.576,-49.593,-48.83,-49.135,-49.287,-48.067,-46.388,-45.167,-46.083,-42.879,-40.284,-36.012,-32.35,-25.941,-22.279,-21.363,-23.957,-24.567,-23.652,-22.431,-21.516,-18.616,-18.616,-19.074,-22.126,-24.262,-28.23,-30.671,-34.181,-36.622,-39.216,-42.116,-45.778,-50.356,-56.764,-64.547,-71.108,-74.923,-79.196,-79.501,-80.874,-81.027,-82.4,-83.316,-86.673,-90.182,-93.081,-96.744,-101.47,-103.46,-102.54,-98.422,-93.234,-86.062,-81.637,-77.212,-72.787,-66.378,-59.816,-51.424,-43.489,-36.47,-30.976,-26.399,-23.499,-21.21,-17.701,-12.207,-9.6133,-7.0193,-6.1037,-3.8148,-2.2889,-0.30519,-0.61037,0.45778,0.91556,1.2207,1.3733,2.4415,6.1037,10.224,11.139,11.902,12.055,13.428,12.36,12.665,11.597,10.376,5.6459,0.61037,-3.6622,-6.7141,-9.6133,-12.665,-13.886,-12.818,-11.75,-8.5452,-7.1718,-5.6459,-6.5615,-5.4933,-6.2563,-4.7304,-4.2726,-3.0519,-1.6785,-1.2207,-1.6785,-1.3733,-2.8993,-5.6459,-8.5452,-8.3926,-10.529,-12.207,-14.649,-16.022,-18.921,-19.99,-21.058,-19.379,-17.243,-15.259,-14.039,-11.444,-9.003,-7.6296,-7.6296,-4.883,-4.5778,-2.5941,-2.7467,-2.4415,-4.2726,-3.6622,-1.9837,0.76296,2.4415,5.6459,9.1556,13.123,15.564,16.633,16.938,16.022,13.733,12.818,11.597,14.649,15.87,16.327,15.107,12.818,11.597,10.376,6.2563,2.2889,0.15259,1.0681,-0.15259,-0.30519,-1.3733,-0.76296,-0.30519,4.883,9.4607,14.344,18.464,23.041,27.619,33.57,37.538,40.437,43.031,46.846,48.372,51.576,51.881,52.187,50.356,51.424,51.271,52.187,54.018,55.849,57.222,60.274,63.936,66.225,66.073,68.056,67.751,66.53,63.021,61.037,58.748,58.29,56.764,58.748,61.953,63.021,63.173,62.41,60.579,61.19,59.664,57.68,55.086,53.56,50.813,50.508,48.524,48.677,49.287,52.034,53.713,53.56,52.797,51.271,47.609,45.015,42.726,40.284,34.791,32.197,28.84,25.33,19.074,15.107,8.3926,6.5615,4.4252,2.8993,0.76296,0.45778,0.15259,-0.76296,-3.357,-3.357,-5.0356,-7.3244,-10.987,-13.733,-18.159,-22.584,-28.077,-32.96,-37.996,-41.2,-44.557,-46.236,-45.015,-41.047,-39.369,-34.944,-32.197,-27.009,-21.668,-17.396,-18.616,-20.142,-23.041,-25.483,-27.619,-27.924,-28.84,-30.519,-32.502,-31.587,-31.281,-30.061,-28.535,-23.652,-21.21,-19.99,-18.921,-16.938,-15.259,-13.733,-12.97,-11.597,-11.597,-10.376,-10.071,-8.5452,-8.24,-6.7141,-4.883,-1.8311,-0.30519,1.6785,0.91556,1.0681,2.1363,4.7304,8.24,14.344,20.447,28.687,36.012,43.947,49.745,57.222,62.258,69.735,76.144,82.553,86.215,88.809,91.861,95.676,99.033,102.24,103,108.19,111.7,115.05,116.12,119.48,119.94,121.01,120.4,120.24,119.63,120.85,121.31,122.38,121.46,122.68,122.38,124.06,123.45,124.06,121.62,121.77,122.07,122.99,121.77,121.16,117.8,114.6,109.87,104.53,96.438,90.03,83.01,79.348,75.381,75.076,75.838,77.212,76.601,77.212,77.212,75.076,72.176,69.124,64.852,60.121,55.696,53.865,52.187,53.255,51.729,51.271,50.813,51.576,52.034,51.424,47.609,45.32,42.116,37.385,30.519,24.262,17.09,12.207,6.5615,0.15259,-8.5452,-14.039,-21.058,-27.314,-33.265,-40.437,-49.135,-58.596,-67.598,-74.923,-82.095,-87.588,-90.64,-90.487,-91.25,-88.504,-85.452,-79.958,-75.533,-72.024,-68.972,-67.293,-68.056,-68.514,-70.193,-71.566,-72.787,-72.634,-73.702,-74.16,-75.228,-74.16,-75.686,-76.296,-75.991,-75.533,-75.076,-75.381,-78.28,-83.163,-87.13,-90.487,-95.065,-95.981,-97.049,-95.523,-95.828,-95.218,-97.659,-97.812,-97.964,-98.422,-97.201,-94.607,-93.387,-93.844,-91.861,-87.283,-85.299,-81.179,-79.501,-75.381,-71.871,-67.598,-64.547,-60.121,-55.544,-51.576,-47.151,-41.505,-36.47,-31.892,-27.467,-21.821,-20.295,-18.311,-18.159,-16.48,-16.327,-15.259,-12.818,-9.4607,-7.3244,-7.0193,-8.8504,-9.6133,-11.292,-11.902,-13.428,-13.276,-13.276,-12.207,-14.344,-18.006,-22.279,-24.72,-27.314,-27.467,-30.061,-30.519,-30.061,-28.535,-29.45,-27.467,-27.772,-27.009,-27.924,-28.535,-29.603,-29.908,-28.993,-26.399,-25.483,-24.415,-24.262,-21.21,-17.853,-14.496,-13.886,-10.834,-9.003,-5.9511,-7.6296,-10.224,-12.818,-14.649,-16.633,-15.259,-13.581,-12.055,-11.444,-10.071,-9.9185,-9.1556,-10.987,-10.987,-11.75,-12.055,-13.886,-16.022,-20.142,-23.957,-24.72,-21.058,-17.701,-13.276,-9.6133,-5.0356,-3.357,-0,3.9674,8.8504,12.818,16.785,17.548,18.159,19.837,22.584,24.262,28.077,32.96,35.401,34.639,34.639,35.554,37.996,37.996,36.012,30.213,25.941,21.973,21.363,21.516,23.652,24.72,25.483,23.804,20.447,16.633,13.581,7.6296,3.9674,2.5941,4.12,4.2726,4.7304,5.6459,5.3407,3.8148,3.8148,4.5778,6.2563,9.1556,13.581,16.175,20.753,22.584,26.856,29.756,33.723,35.249,35.707,34.791,35.401,33.418,32.655,30.366,28.535,22.126,16.938,11.597,9.9185,9.003,8.24,8.5452,11.597,13.733,16.327,18.006,22.126,26.246,32.35,35.554,39.674,40.59,44.099,44.71,45.32,45.015,46.236,46.236,50.05,54.476,58.748,61.647,67.293,69.124,70.803,70.345,70.04,65.615,61.953,58.138,56.001,54.781,55.696,55.391,55.544,55.086,57.07,57.985,60.274,59.206,58.443,54.628,52.95,49.745,48.372,45.625,45.015,45.625,46.541,46.083,45.625,43.031,41.963,40.437,43.184,43.641,46.693,48.372,50.508,52.492,52.95,52.034,52.492,54.323,56.307,54.781,53.713,52.187,52.797,52.492,54.323,52.797,50.661,47.609,44.404,40.742,37.843,34.944,35.096,34.028,37.843,39.216,39.827,36.012,35.707,34.639,33.113,29.756,27.924,26.093,25.941,24.72,25.636,26.551,27.772,25.788,25.788,22.584,19.532,16.48,15.259,14.954,16.175,15.412,14.191,12.055,12.36,11.292,10.834,9.9185,10.681,8.6978,6.5615,3.5096,0.61037,-0.76296,-0.45778,-2.2889,-3.6622,-5.7985,-7.477,-10.681,-12.513,-16.175,-19.227,-25.33,-29.908,-35.554,-40.742,-44.404,-45.167,-47.456,-49.898,-53.865,-53.56,-56.001,-55.849,-57.833,-59.358,-62.563,-64.089,-66.378,-67.141,-68.819,-68.361,-67.751,-64.394,-63.021,-60.274,-57.833,-51.576,-46.999,-41.505,-37.233,-34.028,-30.976,-26.856,-24.262,-21.21,-20.142,-17.853,-16.785,-13.276,-12.207,-11.139,-10.987,-8.0874,-7.0193,-6.8667,-8.8504,-11.292,-14.801,-18.311,-24.873,-28.993,-33.418,-36.47,-41.2,-43.489,-46.083,-47.456,-48.982,-47.761,-46.083,-44.71,-43.336,-37.996,-30.519,-21.21,-12.513,-4.5778,-0,7.1718,13.428,18.921,22.126,25.636,26.704,27.772,28.077,27.314,25.33,23.804,22.889,23.957,20.447,17.396,13.428,13.123,11.139,11.444,12.97,15.717,18.006,19.684,18.921,18.616,18.006,20.295,20.295,21.821,22.584,26.246,27.314,28.84,30.213,34.028,37.08,41.353,46.846,51.729,54.628,59.053,64.547,72.787,76.601,79.348,77.212,77.212,75.838,76.296,76.144,75.686,72.787,71.261,70.04,69.887,68.819,67.751,64.241,62.258,59.206,58.138,55.696,54.17,50.813,49.898,47.456,44.862,42.573,42.726,42.268,42.879,40.132,37.843,32.197,30.213,27.009,25.483,21.363,19.074,16.175,13.733,12.055,9.003,3.5096,0.76296,-2.2889,-2.8993,-2.8993,-1.6785,-1.6785,0.15259,-1.0681,-0.15259,-2.8993,-7.7822,-13.276,-15.259,-17.548,-17.853,-20.447,-22.584,-26.856,-30.519,-33.876,-34.181,-36.012,-36.317,-37.233,-35.707,-34.791,-33.876,-32.502,-28.382,-26.246,-25.941,-28.535,-31.281,-36.622,-41.353,-46.236,-49.135,-53.713,-59.206,-66.836,-72.634,-78.127,-82.247,-84.536,-84.689,-85.147,-82.705,-83.468,-82.247,-83.316,-82.4,-84.536,-86.673,-88.351,-87.13,-88.046,-91.556,-96.591,-99.796,-101.78,-102.69,-105.9,-105.75,-106.97,-105.75,-107.27,-105.75,-102.24,-98.27,-93.692,-88.656,-84.231,-79.806,-75.991,-69.277,-63.631,-58.596,-56.764,-52.797,-51.881,-53.102,-57.527,-61.495,-63.631,-63.326,-63.326,-63.326,-66.225,-68.209,-72.634,-75.076,-79.348,-80.874,-82.247,-82.705,-82.705,-82.4,-83.773,-85.299,-90.945,-95.065,-99.643,-101.63,-104.98,-107.88,-110.17,-109.26,-108.49,-107.43,-107.12,-104.22,-102.69,-101.63,-101.17,-99.033,-96.591,-90.945,-88.198,-85.147,-84.384,-84.384,-85.299,-85.452,-83.621,-79.196,-75.838,-72.329,-70.803,-69.43,-69.582,-68.972,-70.956,-70.498,-72.329,-75.228,-78.28,-79.653,-81.027,-80.569,-80.416,-77.975,-77.517,-74.77,-72.939,-71.261,-70.345,-66.378,-61.8,-57.985,-54.018,-49.745,-46.999,-44.862,-44.252,-41.353,-38.453,-34.028,-30.976,-25.025,-19.227,-12.665,-8.8504,-6.7141,-6.1037,-3.2044,1.0681,7.1718,13.276,20.142,23.041,25.788,24.415,24.11,23.194,22.126,20.753,19.837,20.447,22.431,23.957,27.161,27.467,28.382,27.161,27.314,26.551,26.399,23.804,21.973,17.701,14.344,13.123,14.496,14.801,16.48,16.327,16.327,15.412,15.259,13.428,14.191,13.733,14.801,17.396,22.889,29.908,37.08,42.573,47.609,49.44,51.118,50.508,49.898,47.456,44.71,38.606,35.401,31.129,28.687,25.025,22.889,21.058,20.447,20.905,20.905,18.921,20.447,20.753,21.516,20.753,21.058,20.295,19.99,19.532,20.142,21.21,21.973,20.295,18.311,15.107,14.191,11.139,10.834,8.8504,8.5452,5.6459,3.2044,-0.30519,-4.5778,-8.24,-12.513,-16.175,-19.532,-24.262,-27.161,-30.671,-34.486,-39.827,-43.336,-47.761,-51.576,-56.001,-59.206,-62.563,-65.31,-69.277,-72.939,-77.67,-78.433,-78.738,-76.907,-78.89,-82.247,-84.536,-83.621,-82.4,-81.79,-82.705,-85.299,-88.504,-88.504,-88.046,-86.825,-88.504,-88.046,-88.046,-86.52,-84.384,-83.163,-84.231,-84.231,-83.926,-81.637,-79.196,-74.465,-71.413,-66.073,-60.274,-53.407,-50.05,-47.761,-47.456,-49.745,-53.102,-55.238,-59.664,-61.953,-64.699,-65.462,-66.988,-68.361,-73.397,-76.907,-82.4,-86.062,-88.809,-89.877,-90.793,-90.793,-92.318,-92.471,-94.76,-95.218,-96.438,-97.964,-100.56,-101.17,-102.08,-102.24,-103.15,-103.61,-103,-101.17,-100.41,-98.422,-94.455,-88.198,-83.163,-77.364,-73.855,-69.43,-66.53,-63.936,-60.121,-57.222,-55.086,-50.966,-47.609,-44.252,-43.489,-40.284,-39.369,-36.47,-34.791,-32.502,-30.366,-26.704,-23.041,-18.769,-15.412,-11.75,-9.4607,-3.6622,-0,2.8993,2.2889,1.6785,0.15259,-0.45778,-0.45778,-0.30519,-0.45778,1.3733,3.0519,5.0356,5.6459,7.6296,6.5615,8.0874,7.1718,5.6459,4.4252,5.7985,5.4933,5.1881,6.1037,6.8667,2.8993,1.5259,-1.5259,-1.8311,-4.5778,-5.3407,-6.8667,-9.6133,-14.649,-18.159,-20.905,-21.21,-21.668,-22.584,-28.077,-31.129,-32.96,-34.028,-35.707,-37.69,-40.59,-41.505,-41.658,-43.489,-48.83,-54.17,-59.969,-64.089,-68.209,-69.43,-71.871,-74.618,-78.127,-79.196,-80.874,-80.874,-79.348,-77.517,-76.144,-74.313,-74.923,-72.176,-70.498,-67.141,-64.241,-60.274,-57.68,-55.849,-54.323,-53.56,-51.881,-49.898,-48.524,-46.541,-45.93,-41.81,-38.148,-31.892,-25.483,-17.701,-10.834,-4.2726,1.3733,7.7822,12.36,17.548,22.736,29.298,34.791,41.505,45.473,48.219,46.846,47.304,47.609,50.813,54.933,58.748,59.358,57.68,54.781,53.255,53.407,54.933,54.628,56.459,58.29,61.495,64.241,66.53,64.089,58.29,51.118,45.32,40.437,38.453,39.064,40.895,40.895,39.979,37.385,36.622,35.401,35.707,31.739,27.009,23.652,20.295,16.785,14.954,14.039,15.717,18.769,21.058,20.295,20.142,17.396,15.87,14.191,13.581,11.444,8.6978,5.3407,2.7467,0.76296,-0.91556,-0.91556,1.3733,3.8148,7.477,12.665,17.701,18.464,19.379,18.616,18.921,18.006,17.243,16.022,15.107,14.039,11.75,7.1718,3.5096,1.6785,0.45778,-1.5259,-0.76296,-0.45778,3.2044,7.9348,14.191,18.311,22.736,23.194,23.652,23.957,25.33,25.483,29.45,34.333,41.963,49.135,58.29,66.988,76.601,83.621,91.708,98.117,106.05,112.31,117.5,120.55,124.52,125.13,125.89,123.29,122.38,121.92,123.75,122.99,123.45,120.7,119.79,115.97,111.7,109.87,110.63,109.1,108.19,105.44,103.31,96.133,89.419,81.637,74.77,68.514,63.173,56.154,49.44,41.963,34.486,28.687,24.262,16.633,8.5452,-1.9837,-10.834,-20.447,-28.382,-37.538,-45.473,-52.95,-60.121,-67.446,-74.77,-81.027,-86.673,-93.234,-96.133,-98.88,-102.24,-108.04,-115.67,-126.19,-136.27,-143.13,-149.39,-156.41,-164.65,-173.19,-183.57,-195.32,-204.93,-215.46,-227.06,-240.18,-251.17,-262.31,-272.07,-280.31,-288.86,-299.84,-310.22,-320.6,-332.8,-345.32,-354.78,-364.09,-371.26,-379.19,-386.21,-395.83,-405.13,-414.59,-424.36,-433.52,-442.67,-450.3,-457.63,-463.73,-468.46,-474.11,-478.84,-483.87,-486.01,-488.75,-489.67,-490.74,-490.43,-489.52,-488.45,-485.55,-482.5,-479.45,-476.7,-473.04,-465.87,-460.98,-455.64,-450.76,-442.52,-435.19,-427.11,-419.93,-414.9,-409.71,-403.76,-397.35,-390.18,-384.38,-376.75,-370.49,-361.64,-354.32,-345.32,-337.69,-330.52,-323.95,-318,-311.29,-304.73,-297.56,-290.54,-284.74,-277.11,-270.39,-263.22,-256.36,-247.96,-241.55,-234.08,-226.91,-221.26,-215.61,-210.27,-204.32,-197.76,-192.27,-185.4,-180.06,-175.02,-170.75,-166.48,-164.19,-161.75,-159.31,-156.56,-154.12,-151.22,-148.93,-145.88,-144.05,-141,-138.71,-134.59,-131.08,-127.72,-125.89,-123.14,-121.01,-118.72,-115.36,-111.09,-105.75,-100.41,-97.354,-93.997,-91.556,-88.504,-85.91,-81.637,-77.975,-73.855,-69.735,-64.699,-60.884,-57.07,-53.865,-50.661,-47.761,-43.489,-39.064,-34.639,-32.044,-27.924,-24.262,-19.837,-15.412,-11.597,-9.003,-7.3244,-5.6459,-4.5778,-3.357,-0.45778,1.5259,4.883,7.9348,12.207,14.649,18.464,22.279,26.704,31.892,36.775,40.895,44.404,49.135,56.307,61.495,68.361,74.007,80.874,87.893,95.065,102.08,108.49,114.44,120.85,127.26,133.98,140.54,148.17,155.03,163.27,170.14,178.08,185.4,192.57,199.74,207.37,214.55,220.8,225.23,229.5,233.92,239.42,244.91,251.47,256.81,263.53,267.19,271.31,273.6,276.19,278.79,281.23,282.6,284.43,286.11,288.09,289.01,290.99,291.3,292.37,291.76,291.15,290.08,288.55,287.18,286.26,285.65,286.57,287.03,288.09,287.18,286.26,284.28,283.97,282.3,280.16,277.87,276.19,274.82,273.29,271,271,271.92,274.97,276.04,276.65,276.8,278.33,278.63,280.77,284.89,289.16,291.76,295.11,298.62,303.2,306.56,311.9,314.8,320.29,323.04,326.85,327.62,329.6,332.65,335.25,339.52,343.79,346.08,347.76,349.44,353.25,354.78,357.37,356.61,357.83,357.98,359.66,359.66,358.13,355.54,355.39,356.61,358.13,359.51,361.34,359.81,360.88,360.27,360.12,356.76,355.69,356.15,357.52,357.98,358.59,356.46,353.4,349.44,348.37,347,346.84,343.33,340.59,334.64,331.28,326.55,320.44,313.88,310.53,307.93,306.56,303.05,301.68,298.17,296.18,291.15,289.62,289.01,289.62,287.79,287.64,286.26,287.03,286.72,287.03,286.87,288.55,288.55,289.01,288.55,291.76,292.37,295.27,298.47,303.96,308.85,312.66,315.71,319.99,321.36,322.28,325.33,330.06,330.67,332.5,329.6,328.68,327.62,327.01,327.31,327.16,326.24,324.41,321.36,315.26,308.24,305.64,302.29,298.78,291.6,287.18,282.45,275.43,263.83,252.54,244.76,239.57,233.01,225.38,214.55,204.93,196.54,188.45,176.24,162.36,148.01,134.13,120.24,109.1,96.896,85.91,72.481,62.716,52.797,46.083,39.369,35.249,31.739,29.298,23.957,17.853,9.003,-0.45778,-11.597,-19.532,-28.382,-34.028,-39.064,-42.726,-43.794,-43.184,-43.794,-45.015,-46.693,-46.999,-47.304,-47.151,-50.508,-51.424,-51.729,-54.17,-59.511,-65.615,-70.498,-73.702,-75.533,-75.686,-77.67,-79.196,-80.874,-81.179,-81.179,-79.653,-79.806,-81.332,-84.689,-86.52,-88.809,-90.64,-94.913,-97.659,-100.41,-100.71,-103.61,-105.44,-108.95,-109.71,-110.93,-108.8,-108.19,-108.95,-111.09,-110.48,-110.93,-109.56,-111.24,-110.17,-110.63,-106.66,-105.14,-101.47,-98.117,-96.286,-94.76,-94.15,-93.387,-92.624,-95.065,-96.438,-98.422,-98.422,-100.71,-103.92,-108.95,-114.9,-121.46,-127.41,-134.89,-142.22,-149.08,-152.75,-157.63,-158.7,-162.66,-166.17,-170.9,-172.58,-173.8,-173.35,-173.5,-172.58,-172.43,-172.12,-175.02,-176.7,-180.21,-181.74,-184.64,-186.62,-189.52,-193.33,-197,-199.9,-203.71,-207.07,-209.05,-209.2,-211.49,-212.1,-213.78,-213.02,-213.32,-212.87,-211.04,-207.22,-203.25,-199.59,-197.91,-196.23,-195.78,-195.01,-194.86,-192.72,-192.57,-191.66,-189.98,-186.47,-184.48,-182.81,-182.35,-180.67,-180.06,-175.33,-171.06,-165.87,-161.14,-155.19,-149.85,-146.18,-145.57,-141.91,-137.94,-133.37,-131.38,-129.25,-128.64,-124.82,-122.07,-118.72,-115.51,-109.1,-101.93,-94.455,-88.961,-82.4,-78.89,-72.787,-67.141,-60.427,-53.865,-45.93,-37.385,-28.23,-22.736,-19.074,-19.074,-20.6,-26.093,-27.314,-28.687,-26.093,-22.279,-18.159,-17.548,-17.548,-16.327,-12.513,-11.292,-10.987,-14.191,-15.564,-16.785,-15.717,-15.564,-10.834,-6.4089,-7.0193,-10.529,-15.564,-24.262,-33.876,-41.81,-46.846,-52.339,-55.544,-57.375,-55.696,-55.544,-53.865,-55.238,-58.901,-63.173,-64.852,-65.31,-65.615,-69.735,-72.481,-74.007,-71.566,-68.667,-65.462,-63.478,-62.105,-63.936,-66.378,-67.141,-66.53,-63.936,-54.17,-43.031,-31.434,-23.652,-15.412,-8.5452,0.76296,5.3407,9.003,10.071,9.9185,9.003,10.681,12.36,15.564,18.921,24.567,30.366,37.08,41.505,48.83,54.323,59.053,65.615,74.923,83.468,91.556,100.71,109.56,114.9,122.23,129.4,134.59,136.72,137.18,138.86,141.3,143.89,146.18,148.17,150.91,153.2,158.24,163.88,170.6,174.41,180.52,187.23,191.81,194.4,195.47,194.56,193.18,190.13,189.67,188.91,190.59,187.99,187.54,189.37,192.27,194.56,195.47,195.62,196.69,197.61,199.9,201.57,206.31,207.98,208.75,204.47,199.9,194.56,188.76,180.52,172.58,167.7,163.43,159.76,155.8,148.93,142.67,137.03,132.45,124.06,116.12,106.2,97.354,88.351,80.721,73.55,65.92,57.07,47.914,36.164,27.009,14.039,2.7467,-10.224,-19.532,-28.382,-34.791,-42.421,-49.745,-57.833,-64.852,-70.498,-75.533,-82.095,-86.062,-91.556,-95.065,-98.575,-100.56,-103.92,-107.12,-112.61,-118.26,-122.84,-124.82,-126.5,-126.5,-125.74,-123.14,-123.6,-124.36,-125.74,-125.28,-125.13,-121.62,-118.41,-116.73,-115.51,-112.92,-108.49,-104.68,-102.39,-98.117,-96.744,-92.471,-89.114,-82.858,-77.975,-71.566,-64.547,-57.985,-52.034,-45.015,-39.521,-31.739,-25.636,-17.243,-11.444,-4.4252,0.30519,6.5615,12.513,16.327,19.074,21.363,23.499,25.483,27.314,33.265,37.538,43.184,46.999,52.034,55.238,61.037,67.446,74.618,80.874,88.504,95.828,101.78,107.27,114.14,120.24,127.11,131.69,137.49,141.45,147.1,151.52,155.49,160.07,166.17,170.45,175.02,177.77,181.28,182.35,184.94,185.71,187.99,187.23,186.77,184.33,181.74,178.69,177.47,178.08,179.75,180.97,181.74,182.65,183.11,180.06,178.08,173.35,171.21,167.85,164.95,161.6,157.48,152.75,150.46,149.24,148.32,147.25,148.78,147.1,146.79,144.66,143.74,141.3,139.77,135.04,131.69,128.33,125.58,122.84,120.4,116.58,112.16,109.87,110.63,110.93,112.77,113.99,114.44,113.68,111.7,107.73,102.08,97.507,93.844,91.403,90.793,88.656,86.215,82.858,80.569,77.822,75.381,72.176,70.04,66.836,65.31,63.173,58.901,55.238,52.034,48.524,46.999,45.625,45.473,45.32,47.761,47.304,48.219,46.999,45.778,45.015,45.32,44.557,44.099,42.116,39.521,37.538,37.233,38.453,41.963,43.184,44.557,43.641,44.252,42.421,40.59,39.216,37.843,35.096,33.418,33.113,34.333,35.096,35.401,36.775,38.453,37.69,39.064,38.911,40.59,41.505,42.116,41.2,39.674,40.59,43.641,46.846,49.44,50.661,52.492,52.644,54.476,55.696,58.901,60.732,63.021,61.8,59.969,57.68,56.612,56.612,58.138,60.579,62.563,62.105,62.563,65.004,69.735,69.582,68.056,61.19,54.17,48.067,45.473,45.93,48.067,49.135,47.914,42.879,43.031,42.879,43.031,40.895,42.116,45.015,48.524,48.372,48.982,48.982,44.862,36.775,28.84,23.652,21.363,20.905,22.279,23.652,30.061,35.401,38.759,37.69,36.317,33.265,28.687,25.483,24.262,25.025,23.499,19.074,15.107,9.6133,3.5096,-4.5778,-10.529,-17.243,-21.516,-29.603,-39.674,-50.05,-56.612,-60.732,-61.342,-63.631,-66.836,-71.718,-73.855,-75.076,-74.16,-78.433,-83.926,-92.166,-97.812,-103.46,-107.88,-110.17,-111.09,-110.32,-106.81,-103.76,-100.56,-97.812,-94.76,-91.708,-86.062,-82.858,-79.806,-78.585,-75.991,-75.533,-75.686,-74.77,-75.686,-79.043,-81.942,-84.689,-83.01,-82.4,-83.163,-85.147,-84.536,-86.978,-89.267,-91.708,-92.929,-95.065,-96.896,-97.964,-100.41,-104.37,-108.19,-115.51,-122.07,-129.4,-132.3,-137.64,-141.15,-143.89,-144.05,-147.25,-148.93,-148.63,-146.95,-143.44,-137.64,-130.77,-125.28,-122.53,-121.31,-122.99,-123.14,-124.06,-126.65,-130.31,-133.06,-135.5,-140.08,-144.96,-147.25,-149.08,-150.76,-152.59,-151.68,-153.05,-153.66,-156.25,-157.17,-158.7,-160.68,-161.75,-160.83,-159.31,-157.48,-155.34,-152.59,-151.22,-150,-148.17,-145.88,-145.57,-144.81,-144.96,-142.52,-139.16,-137.33,-137.79,-139.16,-137.33,-134.28,-131.53,-126.8,-123.45,-121.16,-121.62,-119.79,-119.63,-119.02,-121.62,-124.97,-128.33,-131.99,-134.13,-135.5,-134.43,-133.37,-133.52,-133.21,-133.82,-131.53,-130.47,-130.01,-131.99,-132.91,-132.76,-131.08,-129.86,-126.35,-122.84,-121.16,-122.53,-123.14,-123.6,-120.7,-119.63,-118.41,-117.34,-111.24,-104.68,-97.964,-93.081,-89.724,-87.588,-85.91,-85.299,-83.01,-82.705,-81.179,-80.874,-79.196,-79.653,-80.416,-82.4,-82.095,-79.653,-74.618,-71.413,-68.209,-64.852,-60.274,-59.053,-55.238,-51.729,-46.846,-41.353,-34.486,-27.467,-19.227,-11.75,-4.12,0.45778,4.5778,5.1881,7.3244,9.1556,12.513,13.733,16.48,18.769,20.753,21.21,23.347,25.483,28.535,31.739,37.538,41.963,46.541,49.593,52.95,55.696,60.732,62.41,65.157,67.446,71.261,76.449,83.468,89.724,96.744,103.31,111.39,117.04,124.97,129.4,133.06,134.74,137.64,139.32,142.37,145.12,149.54,153.2,157.78,162.21,167.24,170.9,173.96,174.26,177.31,177.47,179.14,180.52,183.87,188.6,194.56,199.59,201.42,200.05,197.91,195.47,196.23,195.93,196.23,196.08,198.37,197,194.71,190.44,186.93,184.18,180.82,178.23,176.7,176.85,176.7,175.02,174.57,175.18,179.6,180.97,181.28,179.3,178.23,177.16,176.24,173.96,169.84,165.56,161.6,157.02,150.76,142.67,136.57,131.69,127.41,122.23,119.33,117.65,116.73,115.97,115.82,114.6,113.38,111.85,110.63,107.58,103.92,99.49,95.065,88.656,83.163,74.923,67.904,61.495,57.985,54.933,52.339,47.456,40.742,32.044,26.246,17.548,10.224,1.6785,-3.357,-8.24,-10.834,-13.581,-18.006,-23.652,-29.756,-37.08,-42.726,-49.898,-54.476,-61.8,-67.751,-73.397,-76.296,-80.721,-82.858,-86.062,-88.198,-91.556,-94.607,-96.438,-97.201,-98.27,-100.25,-101.78,-101.02,-101.78,-99.796,-97.964,-96.744,-96.438,-93.844,-92.624,-93.234,-95.676,-97.049,-98.117,-98.88,-101.02,-102.24,-104.83,-106.2,-109.26,-110.17,-111.39,-111.85,-112.92,-113.99,-115.36,-117.5,-119.79,-120.4,-121.31,-123.14,-126.96,-128.48,-132.76,-135.96,-139.32,-140.23,-140.39,-138.1,-135.2,-133.21,-130.77,-128.03,-126.96,-127.41,-128.64,-128.03,-127.87,-125.28,-122.38,-118.26,-116.28,-113.99,-112.16,-110.17,-107.73,-106.05,-105.59,-104.68,-104.53,-103.31,-103.76,-103.31,-104.37,-103.46,-102.54,-100.41,-99.033,-98.27,-97.659,-97.812,-98.27,-99.338,-99.948,-99.338,-100.1,-99.796,-101.17,-100.71,-100.25,-99.185,-99.033,-98.117,-96.286,-93.539,-89.419,-85.604,-83.163,-81.027,-79.043,-74.313,-70.04,-64.547,-60.579,-56.612,-55.086,-51.118,-48.372,-43.336,-37.69,-33.57,-30.519,-27.009,-23.347,-19.532,-14.954,-10.224,-6.5615,-2.1363,1.0681,5.3407,7.1718,10.834,14.801,19.684,23.804,28.23,31.587,35.249,39.521,43.794,46.236,48.677,48.83,50.05,50.05,51.424,52.644,54.628,55.238,57.222,59.206,63.478,66.988,70.498,72.329,74.007,75.533,78.738,80.111,82.095,82.4,84.231,85.757,89.724,95.523,102.69,108.8,114.14,116.73,121.16,125.58,131.69,135.96,139.16,141.15,144.35,144.35,146.18,145.73,146.49,148.17,150.91,152.44,154.88,155.34,156.1,155.19,154.58,154.73,155.95,155.64,156.87,156.87,156.41,155.34,156.25,156.25,157.17,156.1,156.56,157.02,159.31,159.46,160.53,160.22,160.37,159.61,162.66,165.26,169.23,170.6,173.5,174.26,176.7,177.62,179.14,180.06,182.65,183.72,186.93,188.91,191.35,191.5,191.05,187.99,186.01,182.65,178.84,174.11,167.09,159.46,152.13,144.81,138.71,133.82,127.57,119.94,114.44,106.97,101.02,95.523,91.098,86.062,80.111,73.244,67.293,61.342,56.459,49.135,43.031,35.249,30.213,23.041,18.769,13.886,12.36,7.3244,5.6459,4.2726,2.7467,0.76296,-0,-3.8148,-7.9348,-12.207,-12.055,-12.818,-12.055,-12.818,-13.581,-16.175,-15.564,-16.785,-18.159,-19.532,-20.142,-21.821,-22.736,-24.72,-25.941,-27.009,-26.093,-26.704,-26.093,-26.093,-22.736,-20.447,-17.548,-14.954,-13.428,-13.733,-12.207,-10.681,-9.9185,-10.987,-10.529,-12.36,-10.834,-9.1556,-4.7304,-1.3733,4.12,7.3244,9.7659,10.681,11.902,12.665,14.801,15.717,17.701,16.938,17.396,17.09,18.769,18.769,22.431,22.736,24.415,24.262,24.873,24.873,26.246,26.856,28.84,29.45,33.876,36.622,41.963,44.71,48.982,50.508,51.881,50.813,49.745,48.982,50.813,52.187,54.476,55.238,55.391,52.339,49.745,43.336,38.759,33.723,32.35,29.603,29.908,30.366,32.655,34.333,40.132,45.32,49.135,52.644,57.222,57.985,57.527,54.628,51.576,47.761,45.473,39.216,32.502,24.873,18.921,13.428,9.4607,3.0519,-1.6785,-8.6978,-13.733,-19.99,-24.262,-30.671,-35.249,-41.353,-44.71,-46.846,-48.219,-50.05,-52.187,-58.748,-66.225,-75.991,-83.926,-94.15,-101.32,-106.97,-110.48,-113.07,-113.07,-113.83,-117.04,-122.84,-129.25,-133.82,-135.96,-137.64,-139.16,-142.22,-141.45,-141.45,-140.84,-141,-139.77,-141.45,-143.89,-146.95,-148.32,-147.56,-146.95,-147.71,-150.91,-153.51,-153.66,-153.66,-150.76,-150.61,-148.01,-148.01,-147.56,-147.56,-147.56,-147.1,-145.27,-142.22,-136.27,-131.84,-126.19,-121.46,-115.51,-110.32,-104.22,-100.71,-95.523,-91.403,-88.809,-87.588,-86.825,-86.52,-84.078,-81.637,-78.28,-74.313,-68.819,-64.089,-57.222,-53.102,-49.135,-46.846,-41.047,-32.35,-22.279,-14.039,-6.7141,-1.0681,4.883,6.5615,10.224,12.207,15.259,16.022,19.837,25.788,32.655,36.622,39.521,41.81,44.404,45.778,47.456,47.456,48.067,45.473,46.236,45.473,46.236,45.778,46.693,44.404,41.81,38.606,36.012,31.892,29.756,26.704,24.567,21.058,21.516,20.753,20.753,17.853,15.412,12.36,9.003,4.4252,2.5941,2.8993,3.6622,4.4252,6.7141,6.7141,9.7659,12.97,18.769,25.483,36.164,46.541,56.764,63.784,69.43,75.076,79.501,81.942,83.773,83.468,84.536,86.367,90.793,92.318,95.218,97.201,101.32,101.32,101.02,99.49,99.185,97.507,97.507,98.88,99.643,99.338,103.31,106.81,111.7,113.83,118.41,121.16,123.91,123.14,124.82,127.41,129.7,127.72,124.21,119.63,115.05,108.19,105.29,99.49,95.065,90.793,88.961,83.01,78.89,71.413,63.021,53.865,46.388,39.369,35.859,31.129,26.856,22.279,20.447,17.548,17.548,16.175,14.954,11.444,8.8504,6.1037,5.3407,2.4415,0.45778,-3.2044,-6.5615,-11.597,-14.344,-17.548,-16.938,-17.243,-17.396,-19.99,-19.532,-18.769,-15.564,-12.36,-7.1718,-3.2044,1.5259,4.2726,5.9511,5.6459,6.7141,5.4933,6.1037,5.0356,7.1718,8.8504,12.207,12.513,11.75,10.834,10.529,9.1556,9.1556,8.5452,9.7659,10.834,12.055,11.292,10.987,7.7822,7.1718,4.4252,3.357,1.2207,-1.6785,-5.6459,-9.4607,-16.022,-23.194,-29.756,-32.35,-34.028,-32.502,-33.57,-31.892,-30.366,-29.298,-30.824,-32.502,-35.554,-38.453,-40.132,-39.979,-40.895,-42.116,-44.862,-46.388,-49.287,-48.067,-47.609,-46.236,-47.456,-47.456,-48.83,-50.356,-52.95,-55.238,-57.68,-59.206,-60.732,-61.647,-63.478,-63.326,-65.462,-66.225,-67.751,-68.056,-69.887,-68.514,-67.904,-68.056,-68.514,-69.582,-71.718,-73.244,-76.754,-76.144,-75.838,-73.244,-71.108,-69.277,-69.277,-69.735,-69.735,-67.904,-65.462,-61.953,-59.816,-58.138,-58.443,-59.358,-60.427,-59.969,-61.342,-61.8,-64.547,-66.53,-67.446,-65.92,-65.157,-63.173,-60.579,-58.596,-58.443,-59.511,-61.19,-60.274,-58.901,-54.933,-53.713,-51.881,-51.729,-51.729,-51.729,-52.797,-55.544,-56.764,-57.375,-56.612,-56.001,-53.255,-52.034,-49.44,-48.219,-45.625,-45.778,-47.761,-49.898,-50.966,-52.492,-54.17,-55.086,-56.764,-58.748,-61.19,-64.547,-65.767,-66.225,-64.699,-64.547,-62.563,-62.41,-62.258,-62.563,-62.258,-62.716,-63.173,-63.631,-63.173,-63.631,-63.478,-65.157,-66.225,-68.972,-70.956,-74.77,-77.975,-84.536,-89.419,-93.539,-95.828,-96.286,-96.591,-96.896,-97.812,-98.117,-95.523,-93.539,-89.724,-87.741,-84.994,-83.773,-82.095,-83.01,-83.316,-81.79,-81.79,-82.247,-83.773,-87.13,-86.978,-85.91,-84.078,-84.078,-81.637,-80.569,-77.975,-76.907,-77.975,-79.653,-80.721,-81.027,-82.247,-85.604,-86.825,-87.436,-86.825,-88.504,-90.793,-91.708,-90.335,-89.572,-86.215,-81.79,-78.433,-76.907,-74.007,-71.108,-67.446,-65.767,-64.089,-65.31,-63.631,-63.173,-64.394,-64.699,-62.868,-60.427,-58.29,-56.764,-57.07,-60.274,-63.021,-65.767,-65.31,-65.92,-66.836,-69.582,-71.261,-70.04,-66.988,-65.31,-64.852,-66.225,-65.615,-64.394,-60.121,-56.001,-52.339,-48.677,-42.116,-37.996,-32.044,-28.535,-25.941,-25.788,-25.33,-27.924,-31.892,-36.164,-38.911,-42.726,-43.489,-45.167,-43.794,-42.879,-39.674,-36.47,-33.876,-33.57,-33.418,-35.096,-38.759,-46.236,-52.644,-59.053,-59.969,-59.664,-55.238,-51.118,-44.404,-39.216,-36.164,-33.876,-31.739,-31.434,-29.756,-29.145,-27.619,-27.009,-20.905,-14.191,-5.3407,0.45778,5.0356,9.1556,14.191,18.311,22.126,25.636,30.519,34.028,38.759,41.505,43.947,42.421,41.047,40.284,39.521,39.216,40.284,41.2,42.573,38.759,36.164,31.739,29.603,26.093,23.347,21.668,21.973,20.6,20.447,19.379,19.379,16.785,15.717,12.665,11.139,7.6296,5.9511,4.5778,4.2726,2.4415,3.2044,4.2726,7.0193,7.9348,11.902,11.902,12.97,12.513,14.191,14.039,12.055,8.3926,6.1037,3.2044,1.6785,-1.2207,-3.9674,-8.3926,-12.055,-17.548,-19.074,-21.973,-24.11,-29.45,-37.843,-46.999,-54.476,-63.631,-71.871,-81.637,-86.673,-93.539,-99.338,-107.58,-114.6,-121.46,-125.89,-129.25,-132.15,-136.11,-138.86,-140.39,-140.84,-140.39,-136.27,-132.91,-128.64,-124.97,-120.55,-118.26,-117.65,-118.72,-117.19,-114.75,-110.32,-106.51,-101.63,-98.88,-95.37,-93.234,-89.724,-86.673,-83.316,-81.942,-80.264,-78.127,-75.838,-74.618,-69.277,-63.478,-59.969,-56.764,-54.018,-54.323,-55.086,-56.917,-59.358,-63.326,-64.699,-68.056,-70.498,-73.244,-75.228,-77.364,-79.043,-80.264,-81.484,-85.452,-87.283,-88.504,-86.52,-83.926,-82.095,-81.484,-79.501,-77.67,-74.313,-69.735,-65.157,-59.816,-53.56,-47.304,-41.505,-37.08,-30.671,-28.077,-27.314,-25.788,-21.973,-19.379,-14.496,-10.681,-8.3926,-7.1718,-5.3407,-5.1881,-4.4252,-1.9837,2.8993,4.2726,5.0356,3.9674,5.9511,7.1718,10.681,15.412,19.99,22.279,25.941,29.756,35.707,42.726,52.187,58.748,66.073,71.566,79.348,87.436,96.896,104.22,111.39,117.8,123.91,128.03,133.67,139.32,147.86,153.51,160.99,165.87,171.21,173.96,177.31,179.45,182.04,185.55,189.06,191.5,192.72,194.4,197,198.22,201.12,202.95,205.69,207.37,207.83,205.39,202.95,202.34,202.95,204.17,207.07,210.12,213.48,216.22,219.28,219.58,221.11,222.02,225.53,228.58,233.31,238.04,242.47,246.59,250.4,252.85,255.75,259.25,263.99,265.51,268.26,266.43,263.99,259.1,256.2,252.85,250.1,247.66,246.89,244.76,244.61,243.84,244.15,244,246.13,246.28,248.42,248.57,249.49,249.03,250.4,250.86,251.78,252.39,253.15,253.3,253.61,251.01,248.57,243.84,240.94,237.43,236.06,234.99,236.37,234.53,232.25,227.97,224.62,220.8,217.75,215.31,213.63,211.65,211.04,208.59,208.44,207.83,209.51,209.36,208.44,207.07,205.54,202.95,202.19,202.03,202.8,202.64,200.96,199.29,199.44,196.69,195.01,190.89,188.3,184.03,180.36,177.62,175.48,175.02,175.79,175.94,176.09,175.63,176.85,178.08,180.36,180.67,182.2,182.2,182.5,180.82,178.08,176.09,176.24,177.01,178.38,177.92,179.14,178.23,179.14,178.38,178.99,176.7,175.33,172.43,170.6,168.16,164.34,157.93,150.91,143.44,137.64,130.16,124.52,117.5,113.38,106.66,101.32,94.913,90.182,86.673,85.91,84.994,82.858,77.67,74.465,68.361,64.394,60.427,57.07,49.44,41.505,34.181,28.077,22.279,17.243,10.681,4.883,0.61037,-2.7467,-3.8148,-3.0519,-3.9674,-4.883,-6.5615,-7.7822,-9.6133,-9.3081,-10.834,-11.292,-10.529,-10.987,-9.6133,-6.8667,-3.5096,-2.1363,-1.6785,-1.3733,-2.2889,-3.2044,-5.9511,-9.003,-12.207,-12.513,-14.191,-16.633,-20.6,-24.72,-29.756,-36.164,-43.336,-50.05,-56.154,-57.07,-58.748,-57.68,-59.358,-55.849,-52.644,-48.067,-45.015,-42.116,-37.385,-32.044,-27.619,-25.483,-24.72,-23.194,-25.941,-25.636,-25.025,-25.178,-27.619,-29.298,-30.671,-29.908,-28.84,-28.382,-28.993,-29.298,-28.993,-28.84,-30.519,-32.96,-38.606,-43.184,-45.625,-46.236,-48.982,-50.05,-53.255,-55.544,-58.138,-57.375,-56.154,-54.323,-52.95,-48.067,-44.862,-40.132,-39.369,-37.996,-38.453,-37.538,-39.979,-43.031,-44.71,-46.236,-50.203,-53.407,-58.138,-59.816,-64.547,-68.972,-74.77,-79.348,-86.52,-92.318,-98.422,-102.69,-109.1,-114.14,-120.4,-129.4,-138.71,-144.81,-148.17,-147.86,-147.4,-146.18,-149.39,-151.37,-153.36,-153.51,-151.52,-143.59,-133.37,-124.36,-115.97,-108.34,-104.37,-99.948,-95.828,-93.081,-93.539,-91.403,-91.25,-90.03,-92.166,-95.981,-102.54,-107.58,-111.39,-110.17,-107.73,-105.75,-105.44,-105.14,-104.53,-100.86,-97.507,-91.708,-85.452,-77.059,-68.819,-62.868,-59.664,-58.29,-54.781,-51.271,-51.729,-51.118,-53.56,-54.781,-58.29,-57.985,-58.596,-58.901,-59.053,-55.696,-51.576,-49.898,-51.118,-52.797,-57.07,-59.358,-63.784,-65.92,-69.124,-72.176,-76.754,-80.416,-86.52,-93.081,-102.08,-112,-121.46,-130.77,-139.16,-146.03,-152.59,-155.03,-157.63,-159.92,-164.49,-168.77,-174.41,-175.94,-173.5,-169.99,-165.26,-161.75,-158.85,-158.85,-160.99,-163.73,-164.8,-164.49,-164.65,-163.43,-163.58,-159.92,-155.19,-149.08,-142.67,-138.4,-135.96,-133.21,-129.7,-126.8,-126.8,-125.28,-127.41,-129.09,-131.84,-132.45,-133.82,-136.72,-140.23,-141.76,-140.84,-137.18,-134.13,-131.23,-129.86,-130.77,-132.91,-132.6,-130.31,-123.91,-119.33,-112.77,-105.75,-97.812,-89.572,-83.773,-78.89,-74.313,-70.498,-66.836,-61.495,-54.628,-52.187,-49.44,-50.661,-52.339,-54.476,-52.644,-51.424,-50.508,-50.813,-52.339,-56.764,-61.647,-67.446,-74.313,-80.721,-84.384,-91.861,-95.37,-94.607,-89.419,-85.91,-85.299,-85.299,-81.942,-78.433,-76.144,-74.465,-71.108,-67.293,-63.478,-60.427,-55.849,-54.323,-51.729,-50.508,-46.846,-46.846,-46.693,-45.93,-43.336,-39.064,-34.333,-33.113,-33.723,-36.47,-37.538,-40.895,-43.184,-47.151,-49.593,-52.187,-53.865,-56.764,-58.29,-59.511,-61.19,-63.326,-63.784,-64.852,-65.157,-68.056,-70.193,-73.855,-75.381,-77.67,-79.348,-81.942,-83.316,-83.926,-84.994,-86.062,-86.062,-86.367,-84.841,-83.773,-81.332,-78.738,-73.855,-70.345,-64.547,-59.206,-54.781,-50.661,-47.304,-45.625,-44.557,-46.388,-46.846,-47.914,-49.287,-51.729,-51.271,-49.745,-44.71,-40.437,-34.028,-26.704,-18.464,-9.7659,-1.6785,4.7304,14.344,21.058,28.535,29.908,31.892,33.265,35.401,36.622,39.674,41.505,43.489,43.184,43.947,43.336,43.794,42.879,43.336,41.353,42.268,41.963,43.489,41.658,40.59,40.59,40.132,37.69,35.401,34.333,34.486,32.807,33.113,31.434,29.45,25.636,23.957,20.905,19.532,18.006,16.785,16.633,18.616,19.99,22.126,22.889,22.279,21.821,23.347,24.567,27.772,29.756,34.486,38.301,42.726,44.404,44.099,42.879,44.404,46.999,51.729,57.07,63.784,66.988,70.345,72.329,76.449,78.89,82.095,82.553,82.705,84.536,86.978,90.487,95.065,98.117,100.25,101.02,101.32,97.354,95.828,94.302,95.828,94.76,95.065,94.455,95.065,95.828,98.27,97.354,95.981,94.913,94.455,92.776,93.692,93.081,94.607,94.455,97.964,101.63,106.97,112.61,118.72,123.91,128.18,131.08,134.43,136.88,142.52,145.42,149.39,151.22,154.27,155.8,156.25,155.64,152.75,149.69,147.56,145.57,142.67,139.62,136.57,132.15,129.4,127.41,126.5,122.84,119.48,114.6,109.56,105.75,102.24,99.033,96.438,93.997,91.098,88.351,89.572,90.03,92.166,94.607,97.812,100.86,105.44,108.8,111.24,112.77,113.22,113.53,115.05,115.51,116.28,114.75,115.51,113.07,111.7,111.55,114.6,117.34,118.41,118.11,118.56,117.34,116.73,113.68,112.46,109.41,107.88,105.14,102.24,98.422,95.676,92.318,88.961,82.858,77.67,70.803,66.378,59.664,56.459,51.729,49.287,44.862,42.879,39.674,37.08,35.554,34.181,30.671,25.025,20.6,19.684,16.938,14.954,10.681,7.6296,3.357,0.45778,-2.4415,-5.1881,-5.9511,-2.8993,0.45778,4.2726,5.0356,5.0356,3.0519,2.4415,-1.2207,-4.883,-14.039,-21.973,-29.908,-35.401,-41.505,-45.778,-50.661,-56.917,-62.868,-65.615,-71.566,-77.822,-86.825,-94.607,-100.25,-101.32,-103,-103.92,-106.2,-109.1,-112.46,-115.05,-119.79,-124.97,-135.35,-144.35,-152.29,-157.17,-163.12,-168,-172.73,-179.45,-187.99,-197.15,-207.68,-218.36,-229.04,-238.5,-249.34,-259.25,-267.49,-271.92,-277.57,-281.38,-284.89,-288.09,-290.84,-292.37,-293.44,-294.2,-297.1,-300.61,-303.66,-304.12,-304.57,-304.12,-302.59,-302.59,-303.35,-302.29,-300.3,-298.32,-297.71,-294.81,-293.44,-293.89,-296.64,-295.42,-294.66,-292.67,-290.84,-289.16,-287.79,-287.94,-288.55,-290.54,-294.05,-296.33,-299.39,-300.3,-304.12,-306.56,-308.69,-308.24,-306.41,-303.35,-300.45,-297.56,-296.18,-294.05,-294.81,-295.57,-297.4,-298.62,-300.61,-301.22,-300.45,-295.11,-287.64,-278.94,-269.63,-263.22,-260.78,-259.56,-256.2,-247.66,-238.35,-230.26,-225.84,-221.41,-218.82,-216.68,-216.38,-216.53,-217.29,-216.38,-214.09,-212.87,-212.71,-212.41,-213.32,-213.17,-215.46,-217.29,-219.28,-219.73,-221.26,-222.63,-226.45,-232.25,-235.15,-236.98,-238.35,-243.23,-252.85,-263.68,-275.73,-283.36,-290.84,-296.64,-301.22,-302.29,-304.42,-305.64,-307.02,-308.24,-308.39,-305.03,-301.52,-300.45,-304.27,-312.2,-326.7,-338.15,-347.45,-358.29,-369.58,-380.87,-392.32,-401.47,-408.64,-416.43,-421,-420.39,-420.24,-419.48,-420.09,-418.87,-415.2,-408.03,-399.33,-391.86,-381.79,-372.63,-363.02,-349.74,-336.62,-323.8,-311.44,-297.25,-284.28,-270.09,-256.05,-241.4,-228.43,-215.77,-201.88,-188.45,-178.53,-164.34,-150.61,-136.72,-124.67,-112,-101.78,-93.997,-85.757,-75.381,-64.699,-54.018,-44.557,-36.012,-28.535,-15.87,-3.0519,9.3081,25.33,45.167,65.004,88.351,110.93,130.77,148.47,166.63,182.81,197.15,209.81,223.85,235.15,244.45,249.34,253.15,254.37,254.68,250.71,245.22,236.82,227.52,216.53,207.68,199.44,193.95,187.84,184.33,181.28,178.38,178.23,179.6,178.99,175.48,172.12,169.38,165.87,163.58,159.31,156.1,150.61,145.42,139.16,134.13,130.62,128.33,124.36,120.09,114.29,106.36,99.185,91.861,82.858,75.533,65.615,54.933,43.336,32.044,21.973,11.902,1.5259,-9.1556,-21.363,-34.791,-46.693,-54.933,-61.19,-65.004,-69.124,-72.481,-76.144,-78.585,-79.806,-80.416,-80.874,-81.79,-81.484,-82.095,-81.942,-81.79,-82.095,-81.484,-81.942,-82.4,-84.231,-84.384,-84.689,-84.536,-85.757,-88.809,-92.166,-96.286,-101.32,-105.59,-108.34,-109.56,-112,-114.14,-117.19,-118.11,-120.09,-120.24,-120.55,-121.46,-121.62,-121.92,-122.68,-123.29,-124.36,-124.82,-125.58,-125.74,-126.65,-125.58,-126.19,-126.35,-125.89,-126.35,-125.74,-125.13,-124.21,-123.6,-122.84,-123.29,-124.06,-123.45,-123.45,-122.99,-124.52,-124.52,-124.21,-121.77,-120.24,-118.87,-116.89,-115.67,-114.44,-114.9,-115.82,-116.28,-117.5,-116.43,-117.5,-117.34,-117.65,-116.43,-115.51,-113.99,-112.61,-112.16,-110.48,-109.56,-108.04,-106.36,-105.75,-105.14,-105.44,-104.53,-103,-100.86,-98.88,-97.201,-95.37,-93.387,-91.098,-89.114,-86.52,-84.078,-82.553,-79.806,-77.212,-73.855,-73.244,-72.787,-70.803,-69.124,-68.667,-67.598,-65.31,-64.852,-63.784,-61.647,-60.884,-61.037,-61.342,-61.19,-62.563,-62.563,-62.563,-64.547,-66.836,-67.904,-69.124,-70.498,-72.176,-72.939,-74.465,-74.618,-75.686,-76.449,-76.907,-76.449,-75.991,-75.228,-72.634,-69.277,-66.378,-62.258,-59.969,-56.001,-53.255,-49.287,-45.93,-42.726,-39.979,-37.996,-35.707,-32.807,-28.535,-25.025,-23.194,-20.447,-19.379,-15.87,-13.581,-10.071,-7.9348,-6.1037,-5.7985,-5.7985,-5.4933,-6.4089,-8.5452,-11.292,-13.276,-14.801,-16.938,-18.464,-20.6,-21.973,-24.11,-24.567,-25.636,-28.382,-29.145,-29.45,-28.84,-27.772,-25.941,-23.652,-23.347,-22.279,-21.21,-19.074,-16.938,-15.412,-13.276,-10.224,-8.0874,-5.6459,-2.1363,1.3733,3.6622,7.3244,9.003,10.681,11.75,13.733,15.87,17.09,18.769,20.753,21.821,23.347,25.788,29.298,31.434,34.944,37.843,40.437,41.963,45.015,47.609,48.219,49.135,50.356,52.492,55.086,56.154,57.222,58.138,58.901,58.596,59.816,60.121,60.121,61.495,63.021,64.699,65.615,67.446,70.193,72.024,75.533,79.653,83.926,85.604,88.809,90.945,93.997,99.185,104.07,108.8,112.77,117.04,121.16,124.06,129.4,131.69,134.28,136.27,136.88,136.57,137.33,139.47,142.98,147.25,150,151.83,153.05,154.73,159.46,164.04,170.6,173.5,176.24,181.43,186.93,189.83,195.01,202.64,208.59,216.53,225.99,230.26,233.16,238.2,244.61,251.63,261.24,268.11,270.85,275.89,283.36,287.94,296.33,308.85,318.77,326.55,336.31,334.64,327.62,317.55,307.32,296.49,296.03,301.22,301.07,286.42,266.73,260.48,259.41,251.32,243.84,244.61,244.45,232.09,220.8,218.67,219.12,215.92,214.55,219.73,225.99,224.62,225.07,226.45,229.5,234.84,249.64,263.37,267.49,261.54,256.36,249.64,242.32,232.55,228.74,231.18,242.47,256.81,269.63,278.02,284.43,289.16,295.27,294.81,295.11,295.27,297.71,301.52,312.2,325.79,334.64,335.4,334.33,333.26,336.92,338.91,341.65,341.5,339.21,333.72,334.18,337.08,338.45,334.64,328.53,322.89,320.6,319.38,317.24,309.15,300.76,289.47,280.92,269.63,257.73,241.71,227.82,213.78,201.42,189.67,177.31,162.05,147.71,132.6,118.11,101.32,87.13,69.43,53.865,39.827,28.84,19.684,11.292,3.2044,-3.5096,-11.75,-19.837,-26.856,-32.35,-37.385,-40.132,-43.641,-44.099,-45.625,-47.609,-49.745,-48.677,-45.625,-41.2,-36.012,-29.45,-24.262,-16.938,-11.292,-4.4252,0.45778,7.0193,12.665,18.616,25.483,33.113,39.369,44.252,50.05,55.849,58.596,59.816,59.816,61.647,62.258,62.868,61.953,62.716,62.105,60.121,58.443,55.696,53.102,51.881,48.982,46.541,42.268,39.369,34.639,30.671,25.788,20.753,15.87,11.902,9.7659,8.0874,6.7141,7.1718,7.7822,10.224,11.597,12.513,11.75,13.581,15.107,19.379,21.516,24.415,25.941,25.941,25.33,24.72,24.415,25.33,24.415,26.399,25.483,24.72,21.973,19.99,16.175,13.886,12.513,11.902,9.7659,6.7141,5.1881,3.357,0.61037,0.61037,-0,0.30519,0.76296,3.357,5.0356,7.6296,10.681,14.649,17.09,21.058,24.567,28.993,34.181,38.606,42.116,46.541,48.83,51.118,51.424,52.339,51.881,52.187,52.797,54.933,57.833,60.884,63.326,65.31,65.004,63.326,59.511,57.375,56.001,58.29,60.579,64.241,66.988,70.345,73.092,75.686,76.449,76.754,77.059,78.738,79.653,83.621,85.91,88.198,89.419,92.166,94.607,98.117,101.02,102.39,103.15,104.53,104.37,104.22,103.61,105.44,105.9,106.97,104.98,101.78,95.981,94.607,94.302,91.556,88.504,87.13,86.825,86.367,86.825,89.724,90.03,90.182,88.504,86.367,84.994,84.689,84.994,88.504,96.133,103.61,106.05,103.46,96.744,92.166,89.572,88.504,84.994,82.4,80.264,78.738,75.991,75.991,78.433,82.247,88.046,94.607,101.32,105.75,105.75,103.15,95.828,90.487,83.163,78.585,75.533,75.076,75.381,73.244,67.293,63.326,56.612,49.287,40.59,31.739,20.753,13.276,6.1037,-1.6785,-11.139,-14.344,-10.987,-7.0193,-6.2563,-0.61037,10.987,19.074,19.379,19.684,21.821,27.772,31.587,32.807,32.655,37.233,46.541,54.17,58.748,59.511,59.206,62.258,71.108,83.316,90.182,94.607,97.659,103.15,106.66,107.27,105.29,101.63,92.624,84.231,76.144,71.108,67.904,68.056,68.972,69.124,67.293,66.073,66.225,70.193,71.108,66.53,55.696,45.93,37.538,35.707,35.096,33.418,30.061,27.619,26.399,30.061,30.671,30.671,28.993,27.467,26.246,27.161,26.704,24.873,18.006,13.276,9.3081,6.1037,-1.6785,-7.9348,-15.107,-20.753,-26.093,-26.551,-26.704,-25.025,-24.567,-23.041,-21.668,-19.684,-19.99,-18.464,-17.548,-15.717,-15.564,-16.48,-21.516,-25.33,-29.908,-30.519,-33.418,-37.996,-43.031,-48.677,-56.612,-63.631,-72.024,-81.484,-88.656,-90.487,-93.387,-96.133,-101.17,-105.44,-108.19,-110.32,-113.07,-116.28,-121.46,-128.03,-135.81,-142.52,-149.08,-154.58,-158.85,-160.53,-164.34,-167.24,-171.06,-172.28,-171.21,-169.38,-169.53,-167.09,-161.75,-157.17,-153.81,-151.83,-153.2,-153.05,-153.2,-147.56,-141.15,-132.6,-124.52,-117.5,-113.99,-110.93,-106.97,-101.47,-96.896,-92.776,-90.182,-86.215,-82.705,-77.67,-75.686,-72.024,-68.667,-63.326,-59.053,-56.612,-57.07,-58.138,-61.19,-63.936,-68.819,-70.04,-72.634,-74.16,-76.907,-78.127,-81.179,-83.01,-86.215,-86.673,-84.536,-82.705,-83.621,-82.553,-80.111,-75.076,-72.481,-66.836,-61.495,-52.797,-42.573,-31.129,-22.431,-15.412,-12.207,-9.3081,-9.1556,-5.9511,-3.357,2.4415,7.477,14.496,20.447,25.33,31.129,36.317,40.742,46.693,53.407,60.274,64.089,66.836,67.446,70.193,72.176,72.787,71.261,68.667,65.615,63.784,60.274,58.901,52.95,47.304,42.421,42.573,42.268,44.71,47.914,50.966,49.745,46.846,42.421,39.827,36.622,35.554,32.35,33.113,33.57,39.064,42.726,45.93,45.167,46.388,45.93,46.236,45.778,46.236,44.404,43.184,37.538,33.265,29.145,28.077,26.246,24.873,21.058,19.074,16.785,15.87,11.902,7.7822,1.5259,-2.1363,-8.6978,-14.496,-22.584,-29.756,-38.453,-44.252,-49.287,-51.729,-53.407,-54.323,-56.764,-58.443,-61.8,-61.647,-63.784,-64.089,-64.852,-62.563,-63.478,-65.615,-67.904,-68.056,-68.514,-67.446,-65.767,-64.089,-63.631,-62.41,-61.953,-61.19,-64.394,-65.615,-68.361,-69.582,-69.124,-66.988,-67.141,-66.53,-67.751,-65.157,-66.988,-64.547,-61.647,-58.29,-59.664,-57.527,-56.612,-58.443,-64.699,-70.498,-77.822,-83.316,-87.741,-86.52,-87.588,-86.062,-87.13,-85.91,-85.452,-83.621,-80.264,-77.67,-75.381,-69.887,-67.446,-65.004,-65.004,-62.258,-59.816,-55.696,-50.661,-44.099,-39.216,-31.892,-25.025,-18.159,-12.665,-5.6459,-2.2889,-0.61037,-0.61037,1.3733,4.5778,7.6296,10.987,13.123,14.039,16.633,19.532,21.821,21.668,26.399,30.061,34.333,37.843,39.216,41.353,44.862,48.219,51.271,53.255,57.222,57.833,62.716,66.683,70.04,69.43,68.667,68.972,71.108,75.076,82.247,86.52,89.724,90.793,93.844,94.607,96.438,99.796,103.15,106.2,108.49,110.02,110.93,111.24,112.16,110.32,110.17,109.26,110.17,111.24,112.61,114.6,117.95,118.41,119.02,117.95,118.72,117.04,115.05,109.71,107.88,107.27,108.8,108.19,106.36,103.46,101.47,98.117,98.27,98.117,99.338,98.117,95.37,92.929,91.861,88.656,86.215,82.247,79.196,76.601,76.754,75.533,75.686,74.465,74.77,73.397,70.193,66.225,62.868,60.427,57.833,56.764,56.307,53.713,51.881,49.135,48.372,45.93,44.71,44.557,45.473,48.219,50.813,53.56,57.07,58.748,59.664,59.053,61.647,62.563,64.852,63.021,61.953,62.105,62.105,61.495,60.884,59.664,60.732,59.053,57.833,55.849,56.001,55.086,56.612,56.001,54.476,52.492,52.492,52.339,52.492,52.644,56.459,59.664,63.173,62.41,63.173,62.258,62.258,61.342,60.579,59.969,59.053,59.664,62.868,65.31,67.293,67.293,70.956,72.481,75.838,76.907,76.296,74.77,74.465,74.007,76.449,77.67,79.653,77.822,75.686,70.04,65.767,63.173,63.326,64.547,67.293,70.956,75.838,79.501,84.689,85.757,85.452,83.773,85.757,88.961,90.64,92.929,95.981,95.523,96.438,93.844,93.387,93.997,95.981,97.049,100.56,103.31,102.85,100.1,96.286,90.945,86.215,80.264,77.517,74.313,74.16,72.939,69.43,64.394,56.917,47.609,40.284,33.723,30.976,26.399,21.973,18.769,16.175,14.191,15.564,16.938,18.769,16.785,16.48,15.412,16.327,16.327,18.769,20.6,22.736,23.804,22.279,21.21,23.041,25.941,31.892,38.301,47.914,57.07,64.699,66.378,66.073,65.615,61.495,54.933,49.745,41.505,36.47,31.587,29.145,23.041,15.87,7.9348,2.7467,0.30519,-1.6785,-5.0356,-9.9185,-17.396,-23.194,-30.519,-36.317,-43.947,-51.881,-60.427,-66.378,-72.634,-77.975,-80.721,-80.569,-82.095,-86.673,-93.844,-98.422,-103.92,-105.44,-108.65,-108.95,-109.71,-108.65,-107.27,-105.9,-105.14,-104.83,-107.43,-109.41,-112.16,-112.61,-116.12,-119.33,-126.96,-131.53,-133.37,-131.53,-131.84,-130.77,-130.16,-129.55,-130.31,-131.84,-134.74,-136.72,-138.55,-137.79,-136.88,-133.67,-131.08,-127.57,-123.75,-119.63,-115.51,-110.93,-108.04,-104.98,-102.39,-99.338,-98.88,-97.507,-97.964,-97.201,-99.338,-102.24,-104.53,-105.29,-104.83,-102.69,-100.25,-97.354,-94.302,-89.877,-88.656,-86.978,-86.673,-84.536,-84.841,-84.841,-86.978,-86.215,-81.637,-75.991,-70.498,-63.631,-58.596,-54.476,-51.729,-48.677,-47.761,-44.404,-43.336,-40.132,-38.148,-35.554,-34.639,-35.249,-39.521,-42.421,-44.404,-46.541,-50.05,-50.356,-52.187,-51.881,-52.492,-53.102,-55.238,-57.375,-58.901,-58.748,-58.29,-57.68,-59.206,-60.579,-64.852,-66.988,-69.887,-70.193,-71.261,-72.024,-72.634,-72.024,-74.77,-79.653,-84.384,-86.673,-89.877,-88.504,-88.198,-86.673,-86.52,-84.078,-82.705,-81.79,-83.926,-85.452,-87.588,-86.52,-86.062,-84.384,-85.452,-84.536,-85.757,-85.91,-85.91,-84.384,-82.858,-81.79,-81.942,-80.569,-78.28,-72.481,-67.904,-63.326,-62.41,-61.037,-63.631,-63.478,-62.258,-61.495,-61.647,-61.647,-61.495,-60.427,-58.596,-56.459,-57.833,-57.07,-57.375,-56.001,-55.391,-53.407,-53.407,-53.102,-52.95,-52.339,-52.034,-51.424,-51.424,-51.881,-50.966,-47.609,-46.999,-46.693,-47.456,-46.846,-46.846,-43.489,-40.895,-37.69,-32.96,-27.314,-21.973,-17.09,-12.818,-10.071,-8.0874,-4.12,-1.0681,3.5096,6.1037,9.4607,9.4607,10.071,11.75,14.039,14.191,13.581,10.529,7.7822,6.4089,5.3407,1.3733,-0.30519,-2.5941,-2.1363,-2.7467,-1.5259,-1.0681,-0,-2.2889,-6.5615,-10.529,-14.039,-16.785,-19.227,-21.668,-22.431,-22.584,-19.227,-16.327,-12.665,-10.224,-6.2563,-5.6459,-5.4933,-4.7304,-1.6785,-0.76296,-1.0681,-1.0681,0.30519,2.5941,6.7141,8.24,9.3081,9.003,10.987,13.276,16.175,18.006,19.837,21.21,22.279,23.194,23.194,22.584,23.347,25.33,29.756,33.113,37.08,39.064,42.573,43.184,42.268,40.742,39.521,38.453,39.521,40.132,41.2,44.099,48.067,52.492,58.443,61.8,66.073,69.124,73.702,72.024,70.803,71.108,75.381,81.942,90.03,95.523,100.86,102.39,103.15,101.32,99.643,95.523,96.286,97.659,101.47,104.53,110.02,114.14,115.21,110.48,102.54,92.166,81.484,67.141,55.849,45.167,41.505,40.132,40.132,37.08,35.554,31.587,28.535,24.72,22.584,21.21,17.853,13.733,12.665,12.97,13.428,9.9185,8.8504,8.3926,10.681,12.207,16.327,19.532,22.126,22.126,22.279,21.973,20.295,19.227,18.769,19.074,21.668,20.753,20.295,17.548,16.022,14.039,13.276,11.444,11.75,10.681,10.376,8.8504,8.24,8.8504,9.1556,9.6133,13.276,15.259,17.243,15.87,13.886,10.529,8.3926,5.1881,1.3733,-5.1881,-10.834,-14.496,-14.954,-14.954,-13.123,-11.597,-7.0193,-3.8148,1.0681,3.8148,8.5452,11.902,14.954,17.09,18.921,19.684,18.769,15.259,11.139,6.2563,3.6622,-0.45778,-2.7467,-5.3407,-4.883,-7.1718,-9.4607,-10.376,-8.6978,-8.3926,-7.9348,-9.3081,-12.36,-16.785,-20.295,-25.636,-27.772,-31.739,-33.723,-34.639,-33.265,-32.807,-34.181,-37.996,-42.726,-48.219,-53.255,-58.596,-63.478,-69.277,-72.787,-77.822,-79.653,-81.484,-79.653,-76.601,-71.871,-66.683,-61.342,-56.612,-50.203,-42.726,-35.401,-29.756,-23.804,-20.295,-14.649,-11.139,-2.7467,5.3407,16.175,24.873,29.756,33.418,35.401,33.113,29.298,24.873,25.178,27.161,33.723,39.674,48.067,50.508,48.677,42.268,35.707,29.756,25.025,20.295,17.548,13.886,11.292,6.5615,4.883,1.2207,-1.5259,-4.5778,-6.5615,-12.207,-16.785,-21.516,-23.957,-27.161,-28.687,-29.756,-29.298,-29.145,-27.009,-25.636,-24.567,-26.093,-24.262,-23.347,-21.058,-19.684,-17.548,-15.717,-13.428,-12.36,-10.834,-9.4607,-8.0874,-9.3081,-10.224,-12.513,-12.97,-12.665,-10.071,-7.7822,-7.477,-7.7822,-6.7141,-5.7985,-4.4252,-2.4415,-0.30519,-0,0.61037,0.76296,2.8993,3.357,6.2563,8.8504,13.276,15.717,18.006,20.905,25.178,28.535,32.35,34.333,36.47,36.164,38.759,39.827,43.031,44.71,48.372,50.508,53.102,53.56,54.781,57.527,61.037,64.852,70.193,74.313,78.89,81.942,88.351,92.776,98.27,103,109.87,114.14,118.56,123.75,129.25,134.43,140.23,142.52,146.18,150.3,157.02,161.14,166.02,169.38,174.26,176.09,179.91,183.42,186.01,186.77,188.3,190.44,192.27,193.79,195.47,195.93,198.07,198.07,198.83,198.83,199.29,198.37,197.91,199.59,202.19,203.71,205.69,207.22,209.36,210.12,212.41,212.87,217.14,219.58,224.92,228.74,233.77,238.5,244.45,249.03,253.3,256.51,260.32,262.92,267.19,270.09,273.9,276.04,278.94,279.55,281.99,285.04,288.4,291.6,294.5,297.1,299.84,302.74,304.42,304.88,305.95,304.42,303.2,299.54,298.32,293.89,290.23,286.42,282.6,278.63,274.67,271.16,268.87,266.88,264.29,262,259.56,256.51,255.75,253.61,253.3,252.85,253,255.13,256.97,259.25,260.48,262.15,263.99,265.21,265.66,265.51,267.19,267.95,268.26,265.97,263.99,260.48,257.42,253,249.49,246.89,245.22,242.77,241.25,238.2,236.21,232.25,227.82,219.43,212.56,203.41,195.01,187.23,179.45,172.73,167.09,162.82,159,154.12,149.85,142.98,136.72,128.94,124.67,119.94,117.19,115.05,114.75,113.53,112.61,110.63,108.8,108.34,107.27,104.53,103.46,102.85,103,100.41,100.71,99.948,97.964,95.676,94.302,93.387,92.929,92.776,92.166,88.656,85.452,81.027,78.28,75.076,71.871,67.446,61.19,54.323,47.914,40.742,34.639,29.145,25.483,20.753,18.769,15.259,17.548,17.396,16.785,15.259,14.801,14.344,14.039,13.428,13.276,14.191,16.48,18.464,20.6,18.769,19.532,19.837,21.821,21.363,19.837,18.159,16.938,15.717,14.954,15.564,17.396,19.684,21.668,18.006,14.649,9.6133,6.4089,2.5941,-2.5941,-8.0874,-11.902,-14.801,-17.09,-19.379,-21.363,-23.957,-23.804,-23.347,-19.99,-18.006,-16.938,-19.227,-21.668,-25.636,-27.161,-28.23,-29.145,-30.366,-32.502,-36.927,-41.047,-44.71,-45.32,-46.846,-44.71,-43.336,-41.353,-40.437,-41.505,-43.641,-45.32,-47.914,-52.339,-56.764,-57.527,-61.342,-66.836,-73.702,-75.838,-81.79,-85.757,-86.52,-84.994,-88.046,-91.861,-95.523,-98.422,-103.46,-110.32,-116.58,-119.48,-122.68,-126.04,-129.86,-131.08,-133.37,-135.5,-139.16,-142.37,-145.12,-147.71,-150.46,-151.83,-153.81,-156.71,-161.29,-164.95,-170.29,-174.87,-180.36,-182.96,-184.33,-182.35,-184.33,-185.71,-188.6,-191.05,-191.05,-186.77,-184.03,-179.6,-179.3,-176.7,-173.65,-168.61,-166.02,-161.9,-158.09,-156.56,-158.54,-160.53,-161.29,-160.53,-158.85,-155.34,-154.73,-154.88,-156.1,-154.42,-154.12,-152.29,-148.93,-146.49,-142.98,-139.01,-135.35,-132.15,-128.48,-127.11,-130.01,-133.37,-135.35,-135.2,-137.49,-137.33,-133.52,-128.64,-126.04,-122.68,-119.33,-119.63,-121.77,-124.67,-129.09,-130.01,-130.92,-131.38,-131.53,-130.77,-130.62,-132.3,-134.13,-133.21,-129.86,-125.13,-121.62,-115.67,-108.49,-100.86,-98.27,-94.302,-92.013,-93.234,-96.438,-100.86,-106.51,-110.02,-108.04,-104.83,-102.08,-100.41,-103,-107.43,-116.43,-123.75,-130.16,-128.33,-125.58,-121.46,-116.89,-110.78,-103.15,-94.607,-88.046,-83.01,-80.569,-77.517,-76.754,-73.092,-71.718,-68.514,-68.209,-69.735,-71.413,-70.345,-69.43,-68.361,-67.446,-65.92,-66.53,-65.31,-64.241,-62.716,-65.004,-66.836,-73.092,-77.975,-81.484,-83.163,-86.367,-86.367,-85.91,-82.858,-80.111,-77.67,-78.89,-79.653,-82.858,-81.637,-81.179,-77.822,-78.585,-78.127,-77.059,-77.364,-80.721,-82.4,-85.147,-86.52,-88.504,-86.978,-87.283,-87.13,-90.182,-91.403,-97.049,-101.93,-107.58,-111.09,-114.29,-117.34,-120.09,-120.55,-120.7,-120.24,-120.7,-116.58,-112.61,-106.36,-100.56,-93.692,-91.098,-86.367,-82.095,-75.838,-70.65,-65.92,-62.563,-56.154,-53.865,-52.95,-54.628,-52.797,-52.339,-48.982,-46.693,-42.879,-40.284,-40.132,-40.895,-41.2,-40.742,-39.369,-39.216,-38.301,-38.453,-38.148,-40.284,-40.437,-41.963,-43.641,-44.252,-43.336,-42.421,-41.658,-41.963,-41.505,-43.184,-44.252,-44.099,-40.895,-38.606,-36.317,-32.35,-27.467,-23.194,-21.516,-20.753,-19.684,-18.159,-16.633,-16.48,-15.717,-18.311,-19.837,-22.279,-23.652,-23.804,-25.178,-27.314,-30.061,-33.723,-34.791,-36.47,-35.096,-35.401,-31.281,-27.161,-22.889,-21.668,-20.905,-20.6,-19.074,-15.107,-8.5452,-1.9837,4.12,9.6133,14.954,18.006,21.973,22.736,24.72,25.025,23.652,21.516,17.853,14.801,14.191,13.886,11.902,10.987,11.75,11.597,12.207,10.376,7.3244,1.5259,-4.4252,-10.224,-15.564,-21.363,-24.567,-27.772,-31.129,-35.096,-35.554,-36.317,-35.096,-35.859,-33.57,-32.807,-30.519,-29.45,-27.467,-27.009,-26.246,-25.33,-25.178,-27.924,-28.84,-30.519,-29.45,-30.213,-27.467,-25.941,-24.262,-23.194,-23.652,-27.009,-31.434,-36.622,-39.369,-42.116,-41.963,-45.32,-48.524,-55.544,-63.021,-72.024,-78.127,-85.299,-91.25,-95.523,-96.591,-97.659,-99.49,-103.31,-104.98,-107.43,-106.97,-109.71,-110.02,-111.09,-110.63,-111.7,-111.55,-111.24,-108.95,-106.05,-102.85,-100.1,-95.37,-93.692,-91.861,-92.318,-90.64,-88.504,-84.536,-82.4,-79.348,-77.975,-76.907,-76.144,-76.144,-77.212,-77.975,-78.28,-76.449,-77.822,-76.296,-76.296,-77.517,-80.569,-81.027,-81.332,-82.247,-83.316,-83.468,-83.621,-84.078,-84.078,-80.721,-78.585,-75.228,-73.55,-70.498,-70.956,-70.65,-68.514,-66.378,-64.394,-59.816,-54.781,-51.576,-49.898,-47.914,-46.541,-43.184,-41.505,-39.521,-39.674,-36.775,-36.927,-38.301,-41.353,-44.862,-45.473,-43.336,-38.911,-34.333,-31.892,-28.077,-27.009,-24.415,-23.041,-20.142,-20.142,-19.227,-19.074,-17.853,-16.48,-13.276,-10.071,-6.1037,-4.2726,-2.5941,-0.30519,4.5778,7.1718,10.376,11.444,14.039,16.633,21.821,26.551,32.807,37.996,43.336,48.677,52.492,54.476,55.238,54.17,55.696,57.68,61.8,63.021,65.157,67.598,71.718,72.787,74.007,73.55,74.465,76.144,78.127,81.332,87.436,90.945,95.37,97.354,103.15,108.34,114.9,117.04,119.94,121.01,122.23,122.38,123.45,121.62,117.8,112.77,111.55,109.87,112.77,111.85,112,109.56,107.58,103.15,97.201,88.046,79.653,72.176,68.361,65.157,62.563,60.274,60.427,59.053,62.716,64.699,69.582,71.261,74.618,75.381,76.296,77.975,80.721,82.095,84.994,90.64,96.744,101.63,108.04,112,114.44,114.9,115.67,115.05,115.82,115.97,116.28,117.19,116.73,113.38,108.65,101.93,97.201,89.419,85.299,80.111,77.67,74.007,75.228,75.991,75.991,73.092,71.566,71.566,70.956,69.124,68.361,67.141,68.056,68.056,70.65,69.887,70.803,70.65,69.887,66.988,65.31,63.936,64.547,65.157,65.31,64.699,66.683,68.209,69.124,66.836,63.021,55.849,49.593,43.031,34.791,25.483,15.412,3.8148,-9.3081,-21.363,-31.129,-40.895,-48.83,-60.732,-68.514,-76.296,-82.247,-87.283,-89.419,-92.776,-94.15,-94.455,-91.861,-88.961,-83.468,-81.637,-77.364,-75.838,-73.092,-71.108,-66.988,-61.8,-58.29,-56.612,-54.018,-50.203,-48.524,-48.219,-45.473,-42.116,-35.859,-28.993,-19.837,-11.902,-6.7141,-3.8148,-0.76296,0.30519,0.91556,-0.30519,0.45778,-2.2889,-5.1881,-10.071,-11.444,-13.886,-13.428,-11.139,-5.4933,-0.76296,2.2889,4.4252,7.1718,10.376,15.564,19.227,21.973,21.21,20.6,19.379,18.464,20.6,24.567,29.145,31.892,32.96,36.927,41.658,46.541,48.219,48.524,45.473,41.658,38.301,34.639,31.281,29.603,26.856,24.567,22.736,21.516,18.006,15.564,11.292,10.376,7.477,6.5615,4.883,5.4933,5.3407,4.5778,2.1363,1.0681,0.91556,1.2207,0.76296,1.6785,0.30519,1.0681,3.2044,8.3926,12.055,18.464,24.11,33.265,42.573,51.271,54.933,57.375,57.527,57.527,55.238,51.729,46.388,45.625,44.404,46.999,44.862,44.099,41.658,41.353,40.132,39.827,37.385,35.096,30.824,25.636,16.785,9.4607,-0.15259,-8.6978,-18.769,-25.33,-34.486,-40.284,-45.167,-48.067,-51.576,-52.644,-52.95,-49.898,-47.304,-44.71,-44.71,-44.252,-44.099,-40.895,-39.216,-37.08,-35.859,-33.265,-31.587,-27.924,-22.889,-16.327,-11.597,-6.5615,-4.12,-2.4415,-2.1363,-0.91556,1.2207,4.12,8.24,12.818,17.701,23.957,28.23,33.418,36.47,38.148,35.707,33.113,30.061,27.009,22.736,18.616,16.022,13.886,11.444,7.1718,0.30519,-6.2563,-14.801,-19.837,-27.009,-31.892,-36.47,-35.249,-34.028,-32.197,-32.35,-30.213,-27.161,-20.6,-13.123,-6.1037,-1.5259,1.9837,3.0519,4.883,4.7304,6.1037,9.7659,15.107,17.701,19.684,19.074,16.785,13.276,8.0874,2.2889,-1.5259,-4.883,-8.24,-13.276,-16.785,-22.889,-26.856,-35.249,-42.726,-49.593,-57.07,-63.631,-67.904,-74.007,-79.806,-86.215,-90.945,-95.828,-97.354,-101.78,-104.07,-106.97,-107.88,-108.19,-108.04,-108.8,-108.19,-108.8,-108.8,-107.88,-105.75,-103.76,-100.41,-99.796,-98.422,-99.338,-98.27,-98.117,-95.981,-93.997,-91.098,-87.283,-83.316,-79.958,-77.212,-77.059,-75.228,-76.449,-77.517,-79.501,-79.348,-81.942,-83.773,-88.961,-94.455,-100.86,-107.43,-114.14,-120.09,-126.19,-131.08,-136.88,-143.13,-150.91,-155.95,-162.36,-166.94,-171.82,-174.41,-175.79,-175.02,-175.79,-175.94,-174.57,-172.12,-169.84,-168.16,-168.46,-166.63,-164.19,-159.31,-156.25,-151.52,-146.03,-140.08,-135.35,-130.31,-124.97,-121.62,-119.33,-115.67,-112,-108.65,-106.2,-103,-100.25,-97.201,-95.676,-93.234,-90.64,-87.893,-87.588,-87.588,-87.893,-87.893,-89.572,-89.267,-91.708,-94.76,-99.643,-103.76,-107.12,-107.88,-107.73,-106.36,-104.07,-102.24,-101.32,-99.338,-98.27,-95.37,-96.133,-95.676,-95.676,-95.218,-96.591,-96.744,-96.438,-96.286,-96.896,-96.438,-95.676,-92.776,-89.114,-85.757,-84.689,-82.858,-82.553,-79.501,-78.89,-77.364,-75.686,-75.076,-75.991,-76.296,-77.517,-78.738,-81.79,-82.4,-83.316,-82.247,-82.553,-81.942,-83.01,-82.858,-84.078,-85.604,-87.13,-88.656,-89.724,-90.182,-90.03,-88.504,-88.504,-87.283,-88.198,-88.656,-89.724,-89.877,-90.335,-89.724,-87.283,-83.926,-80.874,-77.975,-75.381,-71.413,-70.498,-68.056,-67.751,-67.904,-68.972,-67.293,-63.326,-59.206,-55.849,-52.492,-49.898,-45.625,-41.658,-36.317,-34.486,-32.197,-32.502,-33.113,-35.554,-37.08,-40.742,-42.726,-41.353,-38.759,-36.927,-35.707,-35.401,-33.57,-33.876,-32.35,-31.281,-30.366,-31.892,-31.892,-32.655,-34.181,-34.944,-35.554,-36.47,-37.538,-37.996,-36.775,-37.69,-37.08,-37.996,-37.385,-36.927,-34.944,-33.876,-34.028,-34.944,-35.096,-36.164,-37.233,-38.606,-39.827,-41.963,-43.031,-43.947,-44.099,-46.693,-49.135,-50.813,-50.508,-50.203,-51.118,-52.492,-53.713,-54.628,-54.17,-56.001,-56.307,-57.68,-58.596,-62.105,-64.089,-65.92,-66.073,-66.073,-66.073,-66.53,-67.446,-68.361,-67.751,-67.141,-67.141,-67.904,-68.972,-71.871,-72.481,-73.855,-73.55,-75.076,-76.296,-76.907,-78.433,-78.28,-77.059,-75.076,-72.634,-71.413,-68.514,-67.141,-64.089,-60.884,-56.001,-52.339,-48.677,-43.641,-37.996,-32.655,-25.636,-17.701,-10.681,-4.12,2.4415,6.4089,11.292,15.412,23.041,29.145,36.775,41.505,46.541,50.966,56.307,60.121,63.173,66.225,70.498,73.855,78.127,80.264,84.384,87.436,90.793,93.539,96.286,97.812,99.49,101.47,104.83,109.1,114.6,119.48,124.82,129.86,136.57,139.32,144.35,146.95,151.37,153.05,156.56,160.22,162.66,165.87,169.99,172.43,174.87,175.94,177.62,178.99,182.2,183.11,186.16,188.15,192.11,193.64,195.78,197,196.69,195.47,196.08,196.39,197.76,196.39,197.61,196.08,195.78,193.95,194.71,195.62,196.69,197.61,198.83,200.35,201.42,202.19,203.86,204.93,207.37,207.68,209.36,209.2,211.34,211.65,211.95,211.65,211.95,212.1,211.8,209.51,206.46,205.39,204.32,202.95,204.32,204.17,204.78,203.86,203.1,200.81,198.83,197.3,195.47,194.1,193.33,191.96,190.13,187.38,186.32,185.25,185.86,185.4,184.79,184.03,184.48,184.18,184.33,184.64,184.48,184.94,186.16,186.32,186.32,187.54,189.98,190.59,192.88,193.03,193.95,191.05,189.06,185.86,184.18,182.04,179.3,175.02,171.36,168.92,170.14,169.38,168.92,166.02,163.43,158.39,154.12,147.86,141.15,131.23,120.24,110.17,102.69,93.844,86.215,76.296,69.735,63.326,58.443,51.271,45.625,38.301,32.96,28.382,24.72,21.058,17.548,14.801,12.513,10.376,10.224,8.8504,9.003,9.3081,11.902,14.344,18.769,24.262,28.535,31.892,36.47,41.658,45.93,49.287,54.323,58.901,65.31,68.209,72.787,77.67,81.79,84.078,87.13,91.861,97.812,105.14,113.68,119.79,124.67,129.25,134.59,137.94,141.61,144.66,148.78,152.75,159.46,162.66,163.12,163.88,166.63,166.94,167.24,167.24,168,167.09,167.55,168,171.06,173.35,176.24,177.31,179.14,183.26,186.77,189.52,193.03,195.01,196.69,195.17,196.08,196.08,201.27,206.15,212.87,213.63,212.56,208.14,204.02,199.29,196.69,196.23,197.76,198.07,198.52,195.47,190.74,181.74,173.65,165.56,161.14,157.63,158.7,157.32,155.03,150.15,145.73,140.08,133.82,123.75,112.46,101.78,92.929,82.247,75.686,68.209,58.443,47.456,38.301,26.399,10.834,-4.5778,-17.396,-26.856,-34.944,-42.573,-51.271,-67.904,-85.757,-104.98,-119.63,-134.13,-147.4,-161.75,-172.89,-181.89,-187.54,-193.95,-202.49,-211.34,-216.38,-219.12,-216.99,-215.61,-212.41,-206.76,-199.74,-199.74,-203.41,-208.29,-214.85,-223.4,-229.35,-229.5,-223.7,-219.12,-213.17,-211.65,-213.78,-221.26,-228.28,-235.3,-237.28,-236.82,-236.06,-237.89,-240.64,-242.93,-244.3,-246.13,-245.67,-248.42,-248.88,-245.06,-238.65,-232.4,-227.21,-225.07,-220.8,-214.24,-207.53,-201.27,-198.68,-200.2,-202.64,-207.53,-213.02,-221.26,-225.53,-230.57,-231.94,-235.3,-238.65,-243.39,-247.66,-251.17,-254.83,-260.17,-265.66,-270.09,-273.14,-277.26,-276.65,-276.19,-274.67,-273.75,-273.14,-272.68,-271.77,-272.07,-273.14,-274.67,-273.45,-270.55,-266.73,-262,-255.59,-251.47,-245.37,-239.27,-231.64,-225.53,-219.58,-212.26,-206,-200.66,-192.57,-185.55,-180.21,-176.09,-170.6,-165.56,-158.54,-153.97,-147.4,-140.69,-132.76,-126.19,-118.41,-112.16,-106.81,-101.32,-96.286,-90.335,-83.621,-79.806,-74.923,-72.176,-67.141,-61.953,-55.544,-51.271,-45.32,-40.284,-35.859,-32.35,-28.382,-25.788,-19.074,-11.139,-2.1363,3.9674,12.207,21.363,32.96,43.031,53.255,59.206,66.683,72.787,80.416,86.673,92.166,95.065,97.049,99.49,106.81,110.17,113.53,115.67,119.17,119.17,118.87,117.34,115.97,115.21,117.04,120.55,124.52,128.64,135.65,141.91,148.93,153.51,157.63,160.99,165.87,170.6,172.89,174.87,178.08,181.43,186.62,191.2,198.37,202.64,208.9,213.32,217.75,218.67,219.73,220.34,222.79,224.31,226.45,229.04,233.01,237.43,242.32,243.08,244.15,242.93,245.22,246.74,248.42,249.03,250.25,250.71,250.71,251.78,253.76,254.98,258.95,261.85,266.88,270.85,275.89,277.11,278.18,278.48,276.35,274.06,274.21,275.28,276.35,280.16,286.26,290.38,293.89,295.57,297.25,295.42,294.5,292.98,290.99,287.18,283.97,280.92,277.87,273.75,269.33,265.05,261.7,256.97,254.22,249.34,245.22,239.72,236.21,231.79,227.21,222.63,218.82,216.83,213.93,209.05,204.93,198.83,195.47,191.96,191.05,186.62,183.72,181.13,180.21,178.38,176.7,174.41,171.97,169.07,165.56,161.14,159,156.25,154.73,151.98,149.85,144.51,138.4,130.47,121.77,113.83,106.2,97.659,90.487,82.705,75.686,67.141,59.358,50.966,44.71,37.385,30.366,22.736,16.175,8.6978,1.2207,-5.4933,-8.8504,-11.292,-12.97,-16.633,-17.243,-20.295,-20.905,-21.821,-20.295,-21.21,-19.99,-19.379,-16.633,-15.87,-14.344,-14.496,-15.107,-16.327,-15.87,-16.48,-14.801,-14.954,-11.75,-10.834,-9.7659,-12.36,-14.649,-17.243,-20.447,-23.652,-28.23,-33.876,-37.69,-42.573,-44.862,-46.846,-45.778,-44.099,-40.132,-36.927,-33.113,-31.587,-28.687,-26.704,-26.399,-24.262,-20.753,-16.633,-11.444,-7.477,-3.2044,1.5259,7.9348,14.649,23.041,30.976,38.453,45.015,52.034,58.29,65.157,71.718,77.364,81.484,85.147,87.283,92.166,96.286,102.85,106.97,110.32,110.02,108.65,106.2,104.22,103.46,102.69,100.86,98.422,95.37,92.929,89.724,88.351,84.994,82.247,79.653,78.28,76.754,75.533,74.77,75.381,76.144,77.212,79.196,81.332,84.384,87.588,88.504,90.793,91.556,94.15,96.133,97.049,98.27,100.41,102.08,102.69,103,103.92,104.53,105.44,105.14,105.44,104.83,106.51,106.66,106.81,104.98,103.46,101.93,99.643,96.896,92.776,87.741,82.4,76.601,72.634,66.225,60.121,51.729,46.083,38.301,32.655,26.246,21.821,15.87,11.139,5.7985,1.5259,-4.2726,-6.2563,-9.3081,-10.376,-14.344,-16.48,-18.159,-19.379,-23.194,-25.483,-28.077,-30.366,-33.876,-38.453,-43.947,-48.677,-53.255,-55.391,-60.579,-63.631,-67.141,-68.361,-70.65,-72.329,-78.28,-84.689,-90.335,-95.523,-100.71,-102.69,-104.07,-104.68,-104.68,-95.981,-82.858,-62.258,-37.538,-14.344,4.7304,23.957,36.164,36.317,31.892,29.908,31.587,38.759,46.388,54.018,53.407,43.031,20.295,-3.5096,-27.314,-44.404,-53.102,-60.121,-68.819,-78.738,-93.081,-110.78,-134.89,-159.76,-179.45,-188.6,-189.83,-178.38,-157.02,-132.45,-112.31,-102.39,-103.46,-107.73,-109.87,-104.98,-100.25,-99.948,-107.73,-116.28,-127.57,-140.84,-152.9,-162.36,-171.06,-182.04,-191.2,-199.29,-207.83,-217.44,-229.5,-241.25,-254.52,-265.21,-274.51,-281.08,-285.65,-289.47,-294.2,-298.01,-300.76,-302.29,-305.03,-308.24,-310.53,-312.05,-314.49,-314.65,-315.87,-316.02,-318.16,-320.75,-321.21,-319.68,-317.24,-314.34,-313.58,-312.51,-310.98,-309.46,-307.63,-303.81,-301.07,-295.72,-290.08,-284.89,-280.62,-275.58,-271.61,-268.87,-265.36,-259.71,-253.46,-244.76,-238.96,-229.35,-220.95,-211.65,-202.34,-191.5,-182.04,-171.21,-159.15,-147.1,-136.72,-125.28,-114.9,-102.54,-92.776,-79.043,-67.293,-52.339,-39.369,-26.246,-13.733,-2.5941,8.0874,19.532,31.587,43.031,52.644,63.173,70.803,79.501,86.52,95.065,102.08,110.02,118.11,126.19,133.82,140.69,146.03,152.75,156.71,161.9,165.87,172.28,178.23,184.64,189.83,195.47,200.96,206.76,212.56,220.04,226.91,236.52,244.3,253.76,262.61,270.7,277.87,284.59,289.77,295.88,299.39,305.95,311.14,317.7,323.19,328.23,332.04,335.55,338.91,343.03,345.16,348.83,350.66,351.42,351.88,353.1,355.24,357.37,359.66,361.8,362.71,362.71,362.71,365.15,366.37,368.51,370.49,374.16,377.82,380.57,382.85,384.99,386.52,385.14,381.63,377.97,372.48,367.44,360.73,356.15,352.49,349.44,347.3,345.77,344.4,341.96,339.21,338.45,335.4,332.35,329.75,329.29,325.79,322.73,319.22,316.78,313.73,311.29,309.92,309.46,308.08,305.95,301.83,298.78,294.5,290.54,286.87,283.36,280.01,276.19,271.77,267.34,264.29,261.7,258.64,254.98,250.86,247.66,244.45,241.1,234.38,228.28,222.33,218.51,215,210.88,206.92,202.8,198.68,194.25,189.52,186.16,181.28,176.4,172.58,169.07,163.12,157.32,152.29,148.32,145.73,145.73,146.34,144.35,140.23,138.55,134.89,131.99,128.03,125.13,121.92,119.17,115.82,112,106.81,103,100.71,97.812,92.013,87.893,81.637,78.738,76.449,77.67,77.212,76.449,74.16,70.65,65.31,58.901,53.255,49.135,45.32,41.963,33.57,25.788,20.753,17.701,12.055,5.4933,-4.883,-15.87,-27.467,-37.233,-45.778,-55.849,-69.124,-81.179,-93.387,-101.63,-110.63,-117.5,-122.99,-126.19,-128.33,-131.53,-136.88,-142.98,-149.24,-153.36,-156.71,-156.71,-158.09,-157.93,-160.37,-162.51,-166.17,-167.39,-168.31,-169.53,-172.58,-174.72,-176.7,-178.08,-180.52,-182.2,-187.23,-188.76,-192.11,-194.86,-200.2,-201.73,-204.17,-205.39,-208.29,-211.19,-215.77,-221.72,-226.6,-229.35,-230.41,-228.13,-227.82,-227.06,-229.5,-232.7,-237.13,-241.86,-247.66,-256.36,-264.29,-270.09,-277.72,-283.36,-288.09,-288.86,-288.25,-284.13,-284.74,-283.82,-285.2,-286.57,-291.91,-296.79,-301.07,-304.88,-308.08,-310.68,-315.87,-322.58,-330.67,-334.33,-338.6,-338.6,-339.37,-338.15,-340.59,-341.04,-341.65,-340.74,-338.45,-331.58,-317.7,-296.79,-268.26,-235.3,-198.22,-162.21,-140.54,-127.87,-125.13,-120.85,-116.28,-110.63,-107.88,-104.98,-104.83,-111.09,-126.35,-144.2,-159.76,-162.82,-154.58,-135.96,-117.04,-104.07,-106.66,-112,-117.95,-121.16,-125.28,-127.72,-129.7,-131.69,-134.59,-136.88,-142.83,-149.24,-153.97,-155.19,-158.39,-159.92,-162.97,-165.72,-169.38,-173.8,-178.99,-181.28,-184.18,-186.47,-191.05,-195.62,-201.12,-204.47,-208.44,-210.88,-215.61,-218.05,-221.41,-223.55,-225.99,-226.29,-225.53,-225.38,-224.92,-223.85,-224.62,-224.31,-225.23,-223.7,-220.95,-216.07,-212.1,-207.07,-202.8,-197,-191.35,-186.93,-183.26,-180.67,-178.38,-175.33,-172.28,-166.48,-161.44,-155.03,-150.15,-145.12,-141.15,-134.43,-127.57,-120.7,-114.44,-107.58,-101.02,-93.997,-87.436,-77.822,-68.361,-57.833,-49.745,-40.742,-33.418,-25.178,-18.311,-9.9185,-2.4415,6.1037,14.496,22.889,30.976,39.064,46.236,55.238,63.173,72.787,78.89,86.978,92.013,98.117,103.15,109.41,114.9,120.55,124.52,130.16,134.43,139.62,140.39,143.89,146.18,149.69,151.52,153.97,155.64,159.31,162.66,166.17,169.68,171.36,171.97,174.26,175.94,177.77,178.53,180.52,181.59,184.33,184.79,185.55,186.77,189.83,191.5,194.25,195.78,197.91,198.52,199.44,200.35,203.1,204.78,208.59,210.73,213.93,215.16,216.83,217.75,217.6,215.92,215.46,215.61,218.36,220.8,224.77,226.45,229.5,230.41,233.31,235.6,238.65,238.96,237.28,234.53,231.48,227.21,223.24,220.34,219.89,218.05,217.6,215.31,213.02,210.43,208.75,204.93,203.41,202.03,200.96,199.29,197.91,195.47,191.66,186.47,182.65,177.77,174.87,171.51,169.07,164.04,161.75,158.39,152.9,146.64,141.61,137.33,133.37,128.33,124.82,118.72,113.07,104.07,97.659,89.419,81.637,74.465,71.108,67.293,62.563,54.476,47.304,41.353,36.164,32.197,29.145,26.551,25.788,23.194,22.584,21.973,23.499,24.415,24.72,23.194,22.584,21.21,21.821,21.058,22.126,20.295,18.159,12.055,7.3244,3.0519,-0.15259,-5.3407,-9.003,-11.75,-15.412,-18.616,-21.973,-24.72,-25.483,-25.483,-24.567,-28.535,-32.807,-38.453,-42.879,-46.541,-46.846,-46.999,-47.456,-47.609,-47.304,-45.473,-44.252,-44.557,-45.93,-49.745,-52.339,-54.476,-52.492,-53.865,-56.764,-61.342,-64.699,-70.65,-76.296,-82.247,-85.91,-90.64,-93.081,-96.591,-98.27,-101.17,-101.47,-103.46,-103.46,-105.75,-107.27,-111.7,-113.53,-114.6,-113.22,-112.61,-114.14,-115.97,-115.36,-115.97,-114.75,-116.73,-118.87,-124.67,-128.33,-133.21,-136.57,-141.45,-144.35,-147.1,-148.78,-150.46,-151.98,-157.63,-161.29,-165.41,-168.16,-171.97,-173.5,-176.55,-179.3,-184.94,-191.05,-198.83,-206.46,-213.17,-216.07,-221.11,-225.99,-231.33,-233.62,-236.82,-235.45,-236.52,-236.06,-237.43,-236.37,-233.31,-229.96,-226.91,-223.55,-223.55,-223.24,-221.41,-220.19,-220.5,-220.8,-223.09,-222.79,-221.41,-215.92,-210.73,-204.93,-199.13,-194.71,-190.89,-186.47,-184.03,-181.59,-177.62,-171.97,-167.55,-161.6,-157.17,-152.44,-147.71,-141.3,-135.65,-132.6,-133.52,-133.67,-134.43,-135.81,-137.79,-139.01,-140.69,-138.4,-139.16,-139.93,-141,-139.62,-141.15,-142.67,-146.79,-148.47,-148.47,-146.95,-144.2,-139.77,-137.03,-132.6,-128.48,-124.21,-121.62,-115.82,-112.61,-111.85,-112.77,-112.46,-109.1,-105.14,-102.39,-100.71,-100.41,-97.964,-97.507,-96.438,-97.659,-97.964,-99.338,-98.27,-101.17,-104.37,-106.97,-107.43,-106.97,-106.05,-105.44,-106.51,-107.58,-105.14,-104.37,-100.86,-98.88,-94.15,-89.724,-85.604,-84.536,-83.468,-83.468,-81.484,-80.111,-79.501,-79.501,-76.449,-73.55,-71.566,-73.092,-74.313,-77.212,-78.585,-81.027,-79.958,-78.28,-73.702,-71.108,-70.193,-71.871,-72.329,-75.686,-80.416,-89.419,-97.507,-106.36,-111.85,-118.56,-121.46,-123.29,-124.36,-124.52,-123.75,-121.46,-119.02,-118.72,-117.8,-117.34,-116.73,-119.17,-119.63,-119.63,-120.09,-123.6,-124.82,-122.84,-117.8,-113.53,-110.48,-106.2,-102.54,-99.643,-97.049,-97.354,-94.607,-94.15,-94.455,-95.523,-94.607,-93.997,-92.624,-90.945,-90.487,-92.318,-94.15,-96.896,-97.201,-99.185,-98.422,-97.049,-95.981,-96.744,-96.744,-97.354,-96.438,-97.659,-99.033,-99.643,-100.1,-100.86,-100.56,-102.69,-106.2,-111.09,-112.61,-115.05,-115.67,-115.21,-112.46,-110.02,-107.73,-104.98,-100.41,-94.455,-87.436,-79.958,-74.923,-74.465,-72.634,-73.397,-71.871,-70.498,-67.446,-66.378,-66.53,-66.683,-66.073,-65.767,-65.462,-65.92,-66.225,-67.904,-70.193,-75.686,-80.416,-85.147,-88.198,-95.523,-99.948,-100.71,-99.49,-97.964,-94.455,-87.893,-80.264,-75.076,-69.887,-65.767,-60.884,-57.985,-51.881,-48.524,-42.573,-35.707,-30.671,-27.314,-23.652,-20.6,-16.938,-14.191,-11.139,-9.4607,-7.7822,-8.3926,-8.6978,-10.834,-10.071,-11.75,-12.513,-13.733,-10.987,-5.7985,1.2207,5.9511,11.75,16.022,19.074,19.532,22.431,21.516,19.074,14.496,13.276,10.987,10.834,10.681,10.987,10.987,9.003,4.12,-0.91556,-7.6296,-11.902,-16.48,-17.09,-18.311,-17.701,-17.853,-16.022,-14.191,-13.276,-12.36,-10.681,-8.5452,-3.5096,1.9837,9.003,12.97,17.853,21.058,26.093,25.941,24.873,24.262,25.636,26.093,28.077,29.603,34.181,37.69,41.963,42.116,43.031,40.59,39.216,36.164,34.333,32.96,32.35,31.434,30.366,27.924,27.161,24.11,21.973,17.701,15.564,12.665,12.36,9.4607,8.3926,9.7659,13.428,16.022,19.227,21.973,24.72,27.009,27.619,26.246,25.788,23.957,24.262,23.499,24.567,21.668,19.684,18.311,19.532,21.516,23.652,25.941,28.84,30.976,35.401,36.622,38.453,40.895,46.541,49.593,51.271,52.339,53.713,53.407,55.391,56.154,56.459,56.307,57.375,54.933,53.56,47.609,41.353,33.57,31.281,31.129,34.486,37.996,43.489,48.524,55.849,61.342,65.92,66.683,67.904,66.53,66.378,62.716,59.969,57.527,54.323,49.44,46.541,45.32,45.167,42.421,42.421,42.116,42.421,41.505,42.268,41.658,40.59,37.538,35.707,34.028,34.028,32.807,33.723,32.197,31.281,26.093,22.584,17.09,13.886,8.24,4.2726,1.2207,1.0681,3.9674,10.224,13.581,14.801,15.412,19.684,22.431,25.178,24.72,23.957,20.295,18.769,15.564,12.97,8.8504,5.4933,2.1363,0.61037,-3.6622,-8.0874,-11.139,-12.207,-14.801,-16.633,-18.159,-18.616,-23.194,-27.467,-30.519,-30.213,-29.45,-29.908,-32.044,-32.502,-32.655,-30.213,-28.84,-26.399,-29.145,-31.434,-34.181,-36.927,-40.284,-42.421,-44.71,-45.473,-43.336,-41.353,-38.759,-32.96,-27.467,-21.21,-18.311,-13.581,-9.3081,-3.6622,-2.4415,-0.76296,2.1363,5.0356,7.0193,10.834,13.123,16.633,17.243,18.921,18.159,19.837,16.938,16.327,15.412,14.649,12.97,11.444,9.3081,9.3081,7.6296,6.1037,-0.15259,-6.2563,-12.97,-14.191,-14.801,-15.107,-17.701,-19.99,-23.957,-26.704,-29.603,-28.993,-27.772,-24.72,-22.279,-18.616,-18.311,-16.175,-15.564,-13.581,-14.191,-15.412,-15.107,-11.75,-5.1881,3.6622,11.292,17.548,20.753,23.957,25.636,29.145,30.519,33.265,34.181,36.317,37.385,36.775,32.96,30.213,26.246,23.499,19.074,13.581,6.4089,2.5941,-0.61037,-3.5096,-7.6296,-9.3081,-10.834,-10.834,-10.834,-12.513,-16.48,-19.227,-20.142,-18.464,-14.954,-7.0193,-0.30519,6.4089,9.7659,12.665,10.834,8.3926,6.4089,6.2563,6.7141,7.7822,5.7985,3.2044,-0.76296,-0.91556,-4.7304,-6.5615,-11.902,-14.039,-16.175,-16.785,-17.243,-17.701,-20.295,-22.126,-21.821,-20.295,-19.837,-18.006,-17.548,-13.733,-13.123,-12.513,-13.276,-11.292,-8.5452,-6.7141,-5.3407,-3.6622,-1.2207,3.5096,6.2563,9.003,12.055,14.344,13.581,13.581,12.36,11.292,6.1037,2.5941,1.5259,1.0681,-1.3733,-2.7467,-3.2044,-1.5259,-0.45778,-0.76296,-2.5941,-2.7467,-3.0519,-4.5778,-8.3926,-10.834,-13.276,-15.107,-18.464,-23.194,-28.84,-32.807,-35.554,-35.859,-37.538,-37.385,-34.944,-29.908,-27.467,-22.889,-17.701,-9.4607,-5.7985,-4.12,-3.8148,-5.0356,-7.0193,-8.8504,-9.9185,-9.6133,-10.681,-11.597,-13.276,-11.75,-10.681,-10.376,-9.6133,-6.8667,-5.7985,-4.12,-4.5778,-6.1037,-7.9348,-11.444,-17.548,-22.736,-28.687,-34.333,-42.879,-48.067,-54.781,-61.495,-67.904,-72.787,-78.585,-84.994,-89.419,-90.793,-90.182,-87.436,-84.994,-80.111,-76.907,-72.176,-70.04,-65.92,-64.394,-62.716,-62.563,-61.037,-59.664,-59.664,-59.511,-59.053,-57.833,-56.764,-56.459,-55.544,-55.391,-52.034,-50.203,-46.693,-42.116,-37.233,-32.502,-27.314,-24.11,-19.837,-17.09,-15.107,-14.954,-12.513,-10.376,-6.4089,-5.6459,-2.7467,-0.61037,1.5259,2.4415,5.7985,10.529,15.412,19.227,24.262,27.772,30.976,34.181,39.827,45.015,54.323,61.19,68.819,74.618,81.484,85.604,88.504,90.487,93.692,96.591,101.32,103.46,107.12,107.58,111.24,113.38,116.28,117.8,119.63,120.4,119.79,119.79,119.63,120.7,123.29,124.82,128.18,130.16,131.38,131.53,133.21,135.2,138.71,141.45,145.73,150.46,153.97,156.1,156.87,156.87,157.17,157.32,159.46,160.83,164.19,166.78,170.45,172.73,174.57,174.72,174.72,175.63,176.09,175.02,174.72,174.72,176.85,178.08,180.82,182.96,185.71,186.32,186.62,186.77,186.93,186.32,184.33,182.81,180.82,179.14,179.91,181.59,183.26,182.81,182.35,180.82,181.74,181.74,183.42,183.72,184.94,185.4,185.4,183.87,182.96,179.91,178.08,172.73,170.6,166.63,163.43,159.31,155.49,149.24,144.51,139.47,133.82,130.47,127.11,123.29,118.87,114.6,111.55,107.12,103.61,99.033,97.964,97.659,99.49,101.32,102.85,104.22,104.83,104.53,104.37,104.22,104.68,105.59,107.27,108.04,109.41,109.1,107.88,104.68,100.86,97.049,92.624,87.741,82.247,77.212,72.634,67.293,63.784,59.664,56.764,52.95,50.203,46.236,42.726,39.216,36.775,33.57,29.908,24.11,17.853,13.123,9.7659,7.6296,6.5615,1.6785,-3.6622,-9.9185,-14.649,-21.058,-26.246,-30.213,-34.486,-39.521,-43.794,-48.982,-54.476,-61.495,-64.852,-69.124,-72.024,-76.601,-78.585,-79.958,-77.059,-74.77,-71.871,-71.108,-73.397,-76.907,-77.212,-79.653,-80.721,-84.231,-86.52,-90.64,-92.013,-93.997,-93.692,-96.286,-97.354,-97.964,-97.964,-98.88,-97.507,-94.76,-89.724,-86.978,-83.316,-83.01,-81.637,-81.484,-81.027,-81.179,-79.348,-80.264,-81.179,-82.095,-80.416,-79.653,-78.738,-78.89,-74.923,-72.329,-66.988,-65.767,-62.868,-63.478,-63.021,-64.241,-65.615,-68.514,-70.345,-71.413,-68.819,-68.209,-65.767,-65.004,-63.784,-64.699,-62.105,-60.427,-57.07,-57.07,-57.68,-60.121,-63.173,-69.43,-75.076,-79.653,-81.332,-84.384,-85.91,-88.351,-88.504,-89.419,-90.487,-92.929,-94.455,-95.676,-94.15,-92.318,-89.724,-88.046,-83.621,-77.975,-70.65,-67.293,-66.836,-66.53,-61.8,-58.748,-56.459,-56.459,-55.696,-55.086,-56.154,-57.222,-56.307,-54.781,-51.424,-47.914,-43.641,-39.216,-33.876,-31.281,-26.856,-24.262,-19.684,-16.022,-15.259,-16.785,-15.717,-14.954,-12.207,-13.733,-18.159,-24.415,-27.314,-32.655,-37.538,-44.71,-48.982,-54.781,-59.206,-66.073,-75.381,-86.215,-98.727,-108.49,-114.29,-118.41,-121.01,-123.75,-126.65,-134.74,-141.3,-146.79,-150,-150.91,-148.93,-146.64,-142.37,-136.11,-132.91,-133.52,-134.13,-135.81,-139.32,-145.12,-148.63,-152.44,-153.36,-155.03,-156.41,-157.17,-158.39,-159.46,-160.53,-162.97,-166.33,-169.99,-171.67,-174.41,-176.09,-180.21,-184.64,-189.83,-193.95,-196.54,-198.07,-199.9,-202.8,-207.37,-213.32,-219.28,-224.01,-229.04,-233.01,-238.65,-244,-250.4,-254.37,-258.8,-262.15,-266.43,-269.78,-272.23,-272.84,-272.07,-271,-271.77,-272.23,-274.06,-275.43,-277.41,-278.02,-278.94,-279.7,-279.09,-277.41,-274.97,-272.07,-268.26,-262.92,-258.19,-251.47,-245.98,-239.57,-234.84,-229.04,-223.09,-216.07,-209.36,-201.27,-192.72,-182.81,-172.89,-162.05,-150.91,-139.47,-129.55,-118.11,-107.58,-96.591,-87.436,-78.127,-69.582,-59.816,-51.118,-41.81,-32.044,-21.973,-11.139,-0.45778,7.3244,15.564,21.973,30.061,35.554,43.184,49.898,57.527,64.394,72.329,79.348,87.13,94.913,102.85,110.32,119.94,128.48,138.4,146.64,155.49,161.6,169.84,175.79,182.04,189.67,197.61,205.08,214.09,220.65,228.58,234.23,241.4,245.83,251.01,257.12,264.44,269.63,274.97,279.7,282.14,283.21,285.81,289.16,292.67,296.03,300.15,301.98,305.34,308.08,312.97,315.71,318.46,319.53,321.82,323.65,327.01,330.67,334.03,338.3,343.33,346.39,350.51,352.95,356.91,359.66,363.48,366.22,368.82,372.02,374.77,375.99,379.19,381.02,384.53,385.75,388.81,389.57,391.4,392.32,394.45,397.2,400.4,404.37,408.03,412.76,417.65,420.39,422.68,421.92,422.53,421.61,421.46,420.7,419.48,417.49,414.59,412.61,412.46,410.02,407.12,403.45,402.23,399.95,397.05,393.69,391.71,389.26,386.82,384.38,381.79,379.19,377.21,374.77,373.55,372.02,369.27,364.24,359.05,352.79,347,340.28,333.26,326.85,321.51,315.1,308.08,300.76,293.28,283.52,274.82,265.82,259.1,251.17,244.91,238.04,230.72,223.09,215.46,207.53,198.98,190.44,182.96,175.63,168.46,159.76,153.2,146.18,142.52,138.71,135.04,131.08,125.43,118.87,113.68,107.43,101.78,96.591,93.387,89.877,87.741,84.384,82.247,80.264,79.958,79.043,77.822,76.449,75.076,75.686,76.296,75.076,75.533,73.55,71.261,67.446,64.547,61.19,58.901,56.001,53.865,51.729,49.135,47.304,45.32,41.81,41.2,39.369,38.759,36.317,35.249,32.197,29.603,28.23,27.772,27.009,25.788,22.584,19.532,16.327,14.039,11.139,10.834,9.7659,8.8504,6.2563,6.5615,5.4933,6.5615,7.6296,8.6978,8.8504,7.477,3.9674,2.4415,1.0681,0.45778,-3.5096,-8.24,-14.496,-18.006,-22.889,-26.551,-31.281,-36.47,-40.742,-43.947,-47.456,-51.729,-56.612,-57.222,-58.901,-60.732,-65.767,-69.582,-73.244,-74.313,-75.991,-76.296,-77.212,-79.043,-81.027,-84.078,-89.267,-93.234,-96.591,-98.88,-102.24,-103.46,-104.53,-105.29,-108.49,-112,-116.28,-118.72,-120.55,-119.79,-120.55,-121.62,-123.75,-122.53,-121.92,-121.62,-123.91,-123.91,-122.23,-120.09,-120.4,-122.23,-123.75,-123.75,-123.75,-124.36,-125.28,-126.65,-130.47,-132.3,-136.27,-139.47,-145.42,-150.46,-154.42,-157.78,-161.6,-166.63,-171.36,-174.41,-175.18,-175.02,-178.23,-180.97,-187.08,-190.89,-195.93,-199.44,-203.86,-208.44,-216.07,-222.79,-227.67,-228.43,-230.57,-231.79,-235.76,-239.72,-245.98,-250.25,-256.05,-257.73,-255.13,-249.79,-249.79,-252.69,-252.08,-247.81,-246.44,-247.05,-250.56,-251.01,-251.63,-250.56,-248.57,-243.84,-237.28,-230.87,-227.52,-223.7,-221.41,-218.36,-215.16,-209.2,-203.86,-197.91,-192.72,-189.06,-188.91,-187.69,-189.06,-190.74,-195.47,-197.15,-197.61,-199.59,-204.32,-209.2,-215.31,-216.22,-220.5,-224.92,-230.72,-235.15,-243.84,-253.61,-262.31,-267.34,-271,-274.06,-276.5,-277.72,-278.02,-276.19,-279.85,-284.43,-290.54,-297.56,-309,-321.05,-330.97,-339.21,-344.25,-344.25,-340.43,-334.48,-327.92,-319.99,-317.55,-319.38,-326.24,-331.58,-336.62,-337.99,-336.47,-330.52,-319.07,-306.86,-298.93,-294.35,-292.83,-293.13,-298.32,-297.4,-289.62,-274.82,-261.09,-249.03,-241.25,-233.16,-224.31,-217.75,-212.56,-207.37,-202.8,-197,-190.44,-182.2,-178.69,-177.92,-183.57,-189.37,-196.84,-200.2,-199.9,-195.78,-190.89,-183.72,-171.36,-159.76,-148.93,-140.08,-135.04,-130.77,-127.72,-122.53,-116.12,-109.26,-103.76,-99.948,-97.964,-98.27,-100.41,-102.08,-105.75,-109.41,-114.44,-118.41,-122.68,-121.77,-119.63,-116.58,-115.21,-114.14,-114.9,-118.72,-123.6,-127.57,-133.06,-134.13,-132.45,-126.19,-121.62,-117.34,-113.38,-109.26,-104.98,-101.93,-99.948,-98.88,-98.422,-95.676,-93.692,-89.419,-85.604,-80.111,-76.449,-73.55,-72.329,-73.702,-76.907,-78.433,-77.364,-73.092,-68.972,-63.784,-57.527,-52.644,-48.83,-43.947,-40.59,-37.843,-37.08,-36.317,-35.554,-35.707,-35.249,-33.418,-32.96,-31.739,-33.265,-33.723,-33.876,-33.418,-32.044,-28.077,-23.652,-18.769,-15.87,-14.191,-12.97,-9.7659,-7.7822,-5.0356,-4.2726,-1.0681,1.9837,8.24,11.139,14.039,14.649,14.801,13.581,12.818,12.36,12.818,14.801,18.769,19.837,20.905,21.821,25.788,28.687,33.418,38.759,43.794,46.236,48.372,48.83,50.508,50.203,53.713,55.696,59.969,61.8,65.157,65.31,65.615,66.378,68.361,70.498,72.787,75.838,81.027,86.978,95.676,104.98,116.58,126.65,137.94,145.88,153.97,160.37,168.46,176.24,184.64,191.96,199.9,207.07,214.7,219.43,226.14,231.33,235.91,237.89,242.01,245.98,249.64,252.85,255.29,256.2,258.64,262.92,268.56,272.07,276.65,279.4,283.21,285.35,288.4,290.38,295.11,298.17,300.3,299.84,299.23,296.95,293.74,288.55,284.89,279.24,275.12,267.95,260.93,252.54,246.59,240.33,235.76,233.62,229.96,226.91,226.75,227.67,228.28,227.82,228.89,224.92,221.11,215.92,214.09,211.34,208.29,202.8,198.98,196.84,195.17,196.39,200.05,202.03,202.64,199.74,198.22,196.23,196.69,196.69,195.93,191.66,188.3,185.55,182.5,181.28,181.43,182.5,182.96,182.04,181.74,178.23,173.35,167.09,162.82,157.02,152.29,147.25,141.76,136.27,132.45,130.47,128.64,125.74,123.45,121.16,120.7,119.94,121.01,122.38,125.13,127.26,129.25,130.92,133.21,133.52,133.37,132.6,129.55,125.28,122.53,120.24,120.09,119.63,121.31,120.85,119.63,118.56,116.58,116.58,115.97,113.07,108.65,103.61,100.71,96.896,92.318,84.689,78.585,72.176,68.514,67.141,66.988,66.53,65.767,64.699,62.716,58.596,54.933,51.729,48.372,45.778,45.167,45.778,49.593,51.729,53.713,55.391,57.07,58.748,60.732,63.784,68.361,72.787,76.601,77.364,78.433,76.907,75.228,74.618,75.533,75.533,75.381,74.77,75.381,77.212,79.348,81.484,83.01,82.095,81.027,77.67,75.076,72.939,71.566,69.124,66.53,62.105,57.222,53.102,51.424,50.508,50.203,49.287,48.219,45.32,42.879,39.369,37.538,34.333,34.028,35.249,35.859,35.707,35.401,34.639,35.096,33.57,32.807,30.976,30.671,30.671,32.96,33.113,35.859,36.775,39.064,38.911,40.437,39.979,40.437,38.759,37.233,34.028,32.96,29.298,25.636,18.769,14.039,7.7822,4.2726,1.2207,-1.3733,-3.9674,-4.883,-6.2563,-6.4089,-5.7985,-3.5096,-4.12,-3.9674,-6.1037,-6.2563,-7.7822,-6.2563,-7.0193,-8.8504,-11.597,-12.97,-13.276,-11.444,-10.376,-10.529,-12.513,-12.513,-16.938,-19.379,-21.973,-24.567,-30.366,-34.639,-36.927,-37.996,-39.827,-41.047,-42.116,-43.336,-47.914,-51.729,-58.596,-63.478,-69.277,-73.244,-77.822,-79.196,-78.127,-74.007,-68.819,-63.173,-59.358,-56.764,-54.018,-50.813,-47.609,-42.421,-40.437,-38.759,-39.369,-38.911,-39.674,-40.437,-43.489,-47.456,-49.44,-50.508,-50.966,-50.356,-51.729,-53.56,-57.375,-60.427,-65.157,-66.378,-67.598,-65.31,-64.394,-63.173,-63.631,-65.615,-68.667,-70.803,-73.092,-73.702,-76.296,-74.923,-75.686,-75.533,-76.144,-75.533,-74.77,-72.939,-73.397,-74.007,-74.313,-72.329,-69.124,-64.852,-60.884,-56.917,-55.849,-54.476,-55.238,-55.238,-57.833,-59.206,-61.953,-65.31,-66.836,-69.124,-73.244,-76.754,-80.569,-81.637,-84.078,-85.299,-89.572,-93.387,-98.27,-101.17,-103.31,-104.83,-106.81,-110.02,-113.53,-116.12,-118.72,-119.02,-121.16,-122.38,-125.74,-127.26,-128.79,-127.41,-125.58,-125.58,-127.72,-130.31,-133.37,-136.11,-138.55,-138.55,-138.55,-137.49,-138.55,-139.16,-142.06,-144.66,-147.4,-147.71,-147.86,-149.24,-152.13,-158.7,-169.07,-177.47,-181.28,-179.14,-167.39,-145.73,-128.18,-117.65,-115.97,-118.41,-125.89,-133.52,-133.82,-128.64,-117.95,-100.86,-80.264,-64.852,-59.816,-59.816,-66.836,-80.264,-99.643,-115.67,-126.8,-132.45,-138.4,-146.18,-153.2,-161.6,-173.5,-187.99,-201.57,-211.65,-222.48,-229.5,-234.69,-242.77,-254.52,-256.05,-245.52,-224.62,-193.18,-155.8,-127.41,-110.48,-97.964,-87.436,-81.79,-77.975,-78.89,-81.79,-88.198,-91.708,-89.572,-85.452,-82.858,-82.858,-86.978,-93.539,-102.24,-110.48,-119.79,-124.67,-128.48,-127.41,-124.06,-118.41,-113.53,-106.97,-102.08,-99.948,-102.39,-103.46,-101.47,-97.964,-92.318,-84.384,-83.773,-87.893,-97.049,-108.49,-119.33,-126.8,-129.86,-130.92,-134.28,-140.23,-146.95,-155.49,-165.56,-171.21,-177.31,-180.06,-180.82,-179.45,-178.84,-178.53,-181.89,-188.45,-195.47,-202.49,-209.66,-214.55,-217.9,-219.28,-220.19,-218.36,-216.07,-213.93,-213.93,-214.7,-215.61,-216.22,-213.93,-211.8,-209.36,-206,-202.03,-198.37,-197.15,-196.54,-195.17,-191.66,-189.21,-184.18,-181.28,-177.77,-172.89,-167.24,-161.9,-157.93,-155.49,-153.36,-150.91,-145.42,-140.84,-133.37,-124.67,-113.68,-104.22,-97.049,-90.487,-83.163,-76.449,-70.345,-64.241,-56.612,-49.135,-37.385,-25.025,-9.9185,2.8993,15.717,25.788,36.317,44.252,54.323,64.241,75.533,86.825,99.338,111.24,123.6,132.76,143.44,149.69,157.02,162.97,170.9,178.38,186.01,192.27,201.12,210.12,218.67,225.84,234.69,241.4,249.03,254.98,262.61,267.19,273.6,281.38,289.47,296.33,301.37,305.49,309.46,312.97,318.61,323.04,330.36,335.09,341.81,344.86,349.13,352.34,358.29,363.93,371.26,376.75,382.85,387.43,390.94,392.93,396.74,399.18,402.23,403.3,405.9,406.81,407.88,408.8,408.95,409.56,410.47,411.85,413.98,414.9,417.19,416.88,418.26,418.41,419.93,419.02,418.71,417.95,416.88,415.81,415.81,416.12,418.26,421.46,424.51,424.97,425.89,424.51,424.97,424.36,425.58,424.97,423.44,420.7,417.8,415.36,414.59,413.22,410.78,407.73,404.98,401.17,397.35,392.01,387.13,381.63,378.28,374.46,370.95,367.6,365.31,361.95,358.59,354.47,350.66,345.62,342.27,337.38,333.72,328.84,324.41,317.85,312.66,306.86,299.69,293.44,287.79,281.99,275.58,267.34,259.71,251.01,244.76,238.35,232.86,225.23,220.04,215.31,212.71,211.65,210.27,208.44,207.22,204.02,202.8,199.74,197.91,195.47,194.25,191.05,189.52,187.38,184.94,181.59,179.3,176.55,172.89,168.46,164.65,159.31,155.49,149.54,146.34,142.52,140.08,135.96,131.99,127.26,120.7,114.14,109.87,106.97,102.69,98.117,95.065,91.556,89.572,85.604,82.095,76.601,71.261,67.598,66.378,64.699,64.241,65.004,66.836,67.293,70.498,72.024,75.076,76.296,78.127,76.754,75.228,72.176,70.193,67.141,62.868,57.375,52.034,46.388,39.827,32.044,25.788,19.379,14.191,7.9348,1.8311,-5.7985,-11.139,-19.532,-29.45,-37.538,-42.116,-47.609,-55.544,-65.004,-72.024,-81.179,-88.198,-95.523,-99.948,-106.97,-111.85,-116.73,-121.46,-126.5,-132.3,-139.77,-148.78,-157.17,-165.26,-172.28,-178.38,-184.64,-186.77,-188.76,-189.52,-194.4,-196.84,-197.91,-198.07,-201.42,-204.93,-210.88,-215.77,-220.34,-222.02,-223.7,-221.87,-221.11,-219.12,-217.75,-215.16,-213.17,-210.88,-209.2,-206.76,-202.8,-198.37,-196.69,-196.08,-195.17,-193.95,-194.56,-191.35,-187.69,-183.57,-182.65,-178.53,-177.01,-176.85,-174.41,-169.68,-165.11,-160.53,-156.87,-152.29,-149.24,-143.59,-138.1,-129.7,-124.97,-119.17,-114.9,-110.93,-110.32,-108.19,-108.95,-112.31,-117.5,-120.09,-121.16,-119.33,-116.89,-109.71,-104.07,-100.1,-99.49,-96.896,-96.286,-96.896,-101.17,-106.51,-113.38,-121.01,-129.7,-136.11,-144.05,-150.3,-157.17,-160.37,-164.8,-169.68,-175.63,-179.45,-184.48,-192.42,-202.19,-209.81,-213.32,-213.78,-212.87,-211.19,-213.02,-210.88,-207.68,-205.85,-209.97,-216.83,-227.21,-236.21,-241.86,-244.15,-246.28,-248.12,-248.88,-248.57,-249.64,-247.66,-246.28,-246.89,-249.64,-250.56,-251.17,-249.64,-247.81,-244.61,-242.93,-243.84,-244.45,-246.74,-251.32,-253.76,-257.58,-258.19,-258.8,-256.36,-253.76,-249.49,-245.83,-243.23,-238.81,-234.99,-233.31,-233.01,-232.4,-230.26,-228.74,-225.38,-221.26,-216.07,-214.24,-213.32,-213.32,-211.49,-209.97,-211.19,-213.93,-216.68,-217.75,-216.83,-215.31,-212.41,-210.88,-207.37,-205.85,-203.86,-203.25,-201.42,-201.12,-201.57,-203.41,-206.76,-210.43,-214.55,-219.28,-220.95,-222.63,-222.33,-223.7,-222.48,-219.89,-216.53,-214.39,-211.8,-207.53,-204.17,-201.12,-196.08,-189.37,-184.48,-183.11,-183.26,-184.03,-182.2,-180.97,-178.38,-177.62,-176.7,-178.08,-178.99,-179.45,-180.67,-181.74,-184.18,-187.38,-187.23,-186.32,-183.26,-179.6,-172.43,-165.41,-158.85,-154.27,-152.44,-153.2,-155.34,-157.02,-157.48,-159.76,-162.97,-165.56,-165.56,-166.48,-166.78,-169.53,-170.45,-171.97,-172.12,-171.21,-169.99,-168,-166.17,-164.34,-160.99,-157.93,-155.49,-154.58,-152.75,-151.07,-144.81,-138.71,-131.53,-123.75,-116.28,-108.8,-101.02,-92.776,-83.468,-74.313,-62.716,-53.56,-42.726,-33.57,-25.33,-19.837,-13.886,-10.987,-7.7822,-4.4252,0.76296,8.5452,16.633,23.957,30.519,35.096,40.132,43.641,48.067,49.898,52.797,54.17,54.781,57.07,60.579,63.631,67.446,70.956,75.533,79.501,83.316,85.604,88.656,92.166,96.438,98.727,100.86,102.85,106.66,110.93,116.12,120.24,125.13,129.86,137.03,142.06,148.17,153.2,160.53,166.33,173.8,178.38,183.72,189.37,196.69,201.12,207.53,215.31,221.41,224.62,228.89,229.96,231.94,231.48,231.94,231.33,230.26,227.21,223.24,217.75,212.87,208.29,203.56,198.83,195.47,191.81,187.38,181.89,177.92,175.02,174.87,174.41,174.11,172.28,172.73,174.87,176.7,178.69,180.06,182.96,186.32,188.3,189.37,190.13,191.05,189.67,189.83,190.74,191.66,193.18,195.62,198.37,198.83,197.91,197.91,196.54,194.4,189.52,185.09,178.38,173.96,170.29,168.46,167.09,164.19,160.83,157.93,155.64,154.58,153.97,154.58,154.88,155.95,153.81,150.61,146.49,143.44,141.15,138.25,134.28,131.23,128.03,124.52,121.31,118.87,114.14,111.24,107.43,104.98,100.71,98.27,96.133,93.539,89.724,87.741,85.147,81.179,77.212,74.923,72.634,71.566,70.956,70.956,70.193,70.956,72.024,72.176,71.413,69.277,66.683,63.936,62.716,62.258,61.19,60.732,56.154,52.187,48.219,45.778,39.521,32.35,25.636,18.464,9.7659,1.5259,-5.3407,-12.513,-20.142,-23.804,-28.382,-31.739,-39.064,-45.473,-52.797,-57.527,-63.326,-69.43,-75.381,-80.111,-84.231,-87.741,-90.487,-92.624,-96.591,-96.896,-97.812,-97.354,-98.117,-98.117,-99.033,-99.185,-97.354,-93.692,-90.945,-86.978,-84.384,-80.569,-80.721,-81.637,-85.604,-89.724,-93.692,-95.218,-97.354,-98.422,-100.25,-100.86,-103,-108.19,-114.44,-117.19,-121.31,-123.14,-123.14,-121.16,-122.23,-124.36,-129.55,-131.38,-134.28,-137.03,-137.79,-135.65,-133.37,-131.53,-129.86,-126.19,-124.06,-121.16,-122.38,-122.68,-122.99,-122.38,-123.29,-126.04,-130.01,-131.99,-132.15,-129.09,-126.04,-121.77,-118.26,-112.31,-106.2,-98.575,-93.692,-89.724,-87.588,-86.367,-87.893,-92.624,-98.422,-103,-107.88,-111.85,-115.82,-116.43,-118.72,-120.55,-125.13,-126.35,-127.57,-127.57,-128.03,-127.26,-129.4,-131.84,-134.74,-137.33,-138.1,-135.5,-132.6,-126.5,-123.91,-119.79,-117.5,-114.29,-111.7,-107.43,-102.24,-97.354,-95.981,-97.964,-100.41,-103.46,-106.66,-107.27,-110.02,-110.48,-111.39,-112.61,-114.9,-118.11,-121.92,-125.13,-128.03,-130.77,-133.37,-134.89,-137.33,-138.55,-141,-140.54,-142.06,-142.83,-147.25,-149.39,-151.22,-152.13,-152.59,-153.81,-156.25,-157.93,-160.22,-159,-157.93,-156.87,-157.63,-157.48,-158.85,-156.56,-153.97,-150.76,-148.93,-146.03,-142.83,-138.25,-132.3,-124.82,-118.56,-110.93,-104.53,-97.354,-91.25,-82.858,-76.601,-70.956,-65.767,-61.037,-58.901,-54.628,-50.966,-46.236,-43.947,-41.047,-40.437,-39.674,-38.759,-36.927,-36.775,-35.249,-36.47,-37.996,-40.132,-41.047,-41.658,-40.284,-38.301,-35.859,-32.35,-28.382,-27.161,-23.652,-19.532,-13.428,-8.5452,-5.6459,-4.12,-3.5096,-3.357,-1.3733,0.61037,3.5096,5.3407,8.3926,9.6133,13.123,14.039,16.022,17.396,20.295,24.11,30.366,35.554,39.979,43.336,45.32,43.489,42.879,41.505,42.116,41.81,42.879,43.336,46.388,47.609,49.898,50.813,50.661,48.83,46.999,45.778,46.846,46.846,47.914,46.083,44.862,42.726,43.489,43.641,44.71,45.015,46.388,47.456,48.372,47.761,47.609,46.693,48.372,48.067,50.508,52.644,56.307,57.68,59.969,59.969,60.732,61.495,62.105,64.394,69.735,75.076,79.501,80.111,81.942,81.484,81.79,78.585,76.296,73.397,71.413,68.056,65.31,61.342,59.053,57.222,58.443,59.816,62.563,61.647,62.105,58.29,52.339,44.252,36.622,29.145,24.415,22.431,22.889,21.363,17.243,12.513,9.1556,4.883,4.5778,4.12,4.883,4.4252,0.30519,-7.3244,-14.344,-21.058,-26.399,-31.129,-33.113,-36.775,-39.674,-43.336,-46.846,-54.018,-60.427,-68.972,-76.449,-85.604,-95.981,-106.66,-116.12,-124.82,-131.84,-136.57,-142.06,-147.86,-152.59,-159.31,-164.8,-172.89,-179.91,-186.93,-191.96,-194.86,-197.61,-200.66,-202.19,-203.56,-205.69,-207.68,-209.2,-210.27,-211.04,-211.19,-210.58,-210.73,-208.9,-205.54,-202.8,-200.35,-198.37,-197.3,-196.23,-195.01,-193.33,-192.11,-189.06,-185.25,-180.52,-178.69,-176.09,-173.35,-168.46,-162.36,-156.1,-149.69,-144.81,-140.69,-137.33,-134.28,-129.86,-126.96,-123.14,-120.4,-117.8,-116.28,-112.92,-110.48,-109.41,-108.04,-106.05,-104.37,-103.31,-103,-99.796,-97.659,-96.133,-95.676,-94.76,-92.776,-89.572,-83.926,-78.127,-74.618,-70.65,-68.514,-65.767,-62.41,-58.443,-55.238,-50.508,-47.304,-42.726,-38.911,-36.164,-34.486,-32.044,-29.145,-27.009,-27.467,-27.924,-32.044,-36.775,-43.184,-47.304,-50.203,-52.034,-53.56,-53.865,-54.628,-55.544,-56.154,-57.375,-59.816,-62.563,-64.241,-64.547,-65.462,-63.936,-63.478,-62.868,-62.868,-61.647,-61.19,-60.274,-57.222,-53.102,-49.593,-47.151,-45.625,-41.81,-39.521,-36.164,-34.639,-32.655,-30.824,-28.382,-26.551,-24.72,-21.973,-18.616,-15.107,-11.444,-8.5452,-4.4252,-2.7467,0.45778,2.2889,5.9511,7.6296,10.681,14.191,17.548,20.905,24.11,26.246,30.061,32.197,35.859,37.538,39.369,40.742,41.658,41.963,42.268,43.641,46.236,48.524,50.203,51.424,52.95,53.255,56.459,57.68,59.664,60.579,63.478,65.615,68.514,70.345,71.413,72.634,74.007,74.923,76.296,77.364,80.721,81.484,84.231,85.147,86.367,88.198,91.098,92.776,92.776,91.861,90.03,87.13,85.147,81.942,80.416,77.517,76.144,75.228,75.533,74.313,73.702,73.397,73.55,71.871,69.887,67.751,65.157,60.732,57.68,54.781,53.865,51.729,50.813,48.372,48.372,48.372,47.456,43.794,38.606,32.044,27.619,24.873,25.178,26.704,30.671,33.57,36.775,37.843,37.69,36.622,35.707,33.265,30.213,25.636,21.21,16.938,16.022,14.649,14.496,12.055,11.292,9.3081,8.5452,7.0193,4.5778,2.1363,-0.91556,-3.9674,-5.9511,-7.7822,-8.0874,-9.3081,-8.6978,-7.9348,-6.8667,-7.9348,-7.477,-6.1037,-5.3407,-5.3407,-4.2726,-2.7467,-0.61037,1.6785,5.0356,6.2563,9.003,10.376,13.276,14.496,17.09,19.684,20.905,21.821,21.973,21.973,21.973,22.279,23.499,24.415,26.856,27.467,31.434,33.418,35.554,35.707,34.944,32.655,31.129,28.687,26.399,24.567,25.178,22.889,20.6,16.327,13.276,9.7659,9.3081,8.0874,7.7822,7.0193,4.5778,1.9837,-1.2207,-4.7304,-6.2563,-7.3244,-5.7985,-6.4089,-5.3407,-5.7985,-4.7304,-4.5778,-4.7304,-6.1037,-8.24,-9.7659,-10.376,-11.75,-12.513,-11.597,-8.24,-6.5615,-2.8993,0.76296,5.1881,6.7141,7.9348,8.24,7.9348,7.9348,8.24,8.8504,9.9185,9.9185,12.513,13.733,18.311,21.516,27.009,30.519,35.554,37.996,38.606,38.453,39.216,39.369,41.2,42.573,45.473,45.473,45.778,42.879,39.827,35.249,32.96,30.976,28.84,25.636,22.889,19.99,19.379,17.548,15.107,9.9185,6.2563,2.1363,1.0681,1.5259,3.0519,3.357,4.12,6.1037,7.0193,8.8504,9.6133,9.4607,8.3926,10.529,16.022,19.837,25.483,29.145,31.129,31.892,36.164,42.573,49.745,50.508,47.914,49.593,55.086,61.19,69.43,75.686,82.553,89.572,98.88,104.37,109.41,112.77,112.92,113.68,119.94,128.94,137.33,143.28,150.3,151.22,148.47,142.06,136.42,129.7,126.8,122.99,119.63,116.43,112.46,104.37,95.37,86.367,81.79,73.702,64.547,54.018,43.947,30.976,19.532,9.003,-1.8311,-14.344,-25.178,-39.827,-56.001,-72.634,-88.198,-104.68,-117.5,-130.92,-142.83,-153.97,-164.49,-174.72,-186.16,-196.69,-204.78,-211.8,-218.51,-224.01,-225.68,-224.62,-222.79,-221.41,-218.82,-218.36,-215,-210.43,-205.69,-200.66,-194.25,-187.84,-180.06,-174.11,-167.7,-165.11,-163.43,-163.27,-162.97,-164.65,-162.82,-160.37,-156.41,-151.68,-147.86,-143.89,-141,-138.71,-133.52,-129.55,-123.45,-119.17,-115.97,-117.04,-119.17,-120.4,-121.62,-124.21,-124.97,-127.57,-130.01,-130.47,-130.47,-132.6,-132.76,-132.15,-129.55,-130.01,-134.28,-140.23,-146.79,-153.66,-160.99,-168,-172.58,-173.19,-174.26,-177.16,-180.67,-186.93,-192.57,-199.59,-206.31,-214.24,-220.34,-225.38,-232.25,-240.64,-248.12,-253.3,-256.81,-262.15,-264.44,-265.97,-265.05,-266.88,-272.07,-277.72,-280.77,-283.06,-286.42,-289.16,-292.21,-294.05,-297.1,-301.37,-303.05,-305.49,-307.32,-308.39,-307.93,-307.78,-309.92,-311.29,-312.2,-314.19,-316.93,-320.75,-323.65,-325.63,-326.7,-329.75,-330.82,-329.45,-325.63,-323.5,-323.04,-323.65,-324.11,-321.36,-317.85,-315.56,-313.43,-312.05,-311.29,-310.07,-307.47,-307.02,-305.8,-302.9,-296.64,-287.48,-275.43,-264.6,-256.66,-250.56,-245.22,-238.65,-233.01,-227.67,-221.11,-215.61,-208.75,-202.49,-194.25,-184.48,-173.5,-164.19,-156.56,-148.93,-141.61,-134.59,-128.94,-121.92,-114.6,-107.43,-101.63,-97.812,-93.844,-92.166,-91.403,-89.572,-87.741,-86.825,-86.825,-86.978,-84.384,-79.043,-71.718,-67.141,-61.647,-57.68,-54.17,-52.034,-48.83,-43.794,-40.742,-36.164,-31.739,-27.772,-23.347,-18.464,-12.207,-7.0193,-2.7467,-0.15259,5.3407,7.477,9.003,11.597,13.123,14.039,14.801,15.717,16.633,17.853,18.464,16.938,16.022,12.97,12.36,12.36,13.123,13.123,12.055,12.513,12.818,13.733,13.581,13.733,13.428,9.9185,9.6133,10.529,10.681,10.834,13.581,17.396,22.126,27.161,33.418,38.148,44.557,51.271,57.833,63.173,68.209,73.397,80.569,88.198,99.033,110.63,120.7,130.31,141.15,152.29,164.95,176.7,187.84,195.62,203.86,210.43,218.36,224.16,229.8,234.53,239.57,243.84,247.96,252.85,257.88,262.31,268.11,269.17,271.61,272.53,274.21,275.89,279.85,282.91,283.82,286.42,289.62,292.21,295.72,296.64,298.01,300.3,305.64,304.88,304.12,300.3,298.17,296.95,297.56,299.39,300.15,298.93,298.93,297.71,298.62,297.71,297.1,296.64,297.56,296.95,292.83,288.86,286.72,284.74,283.36,280.62,278.33,275.12,272.99,267.95,267.65,268.72,267.95,263.83,262.31,262.31,260.63,256.05,253.3,250.4,248.57,242.62,236.67,229.19,222.94,215.16,211.19,207.68,203.86,197.61,190.44,180.97,171.67,162.21,155.95,147.25,139.47,132.6,127.57,118.56,108.19,95.37,83.01,70.04,60.579,53.407,48.524,43.336,39.521,32.96,28.077,20.905,14.649,6.7141,-0,-5.7985,-10.224,-13.276,-13.886,-14.039,-12.207,-11.139,-11.597,-13.733,-14.039,-14.496,-14.496,-15.107,-14.954,-15.107,-14.954,-13.581,-11.75,-9.6133,-4.883,1.2207,8.24,13.276,18.464,19.99,20.905,21.821,24.262,27.009,30.976,34.791,39.674,42.116,45.015,45.625,47.456,47.914,48.372,46.693,47.609,48.83,50.203,54.323,59.053,62.41,65.767,69.887,74.16,77.212,81.332,84.231,89.267,92.929,98.575,102.24,106.05,109.1,113.07,117.34,122.53,126.65,130.31,132.15,135.81,138.4,141.76,143.13,145.42,144.96,145.12,143.28,142.67,141.45,141.91,142.37,143.89,145.57,147.4,147.4,148.78,147.4,146.34,144.35,143.89,142.83,143.28,142.83,141.91,139.01,136.72,135.04,134.13,133.52,134.59,133.52,133.98,131.08,130.16,128.94,127.57,126.65,127.41,128.48,128.03,125.89,125.58,124.52,124.52,122.68,122.53,120.7,119.33,117.5,116.12,115.97,117.95,120.09,121.92,124.06,125.74,124.97,126.96,125.89,126.8,125.58,127.72,128.33,131.69,133.67,134.89,134.28,134.28,134.28,134.59,134.13,133.52,131.69,129.55,125.13,122.07,118.26,116.43,112.77,110.48,107.27,105.59,103.76,101.78,97.354,92.776,87.283,83.926,79.958,79.196,77.364,76.601,72.176,68.209,63.326,59.358,56.307,55.238,54.476,55.086,54.323,54.323,52.797,52.95,51.118,51.271,49.593,48.067,45.015,39.521,32.197,24.72,17.09,12.055,6.8667,1.2207,-4.4252,-8.3926,-11.75,-13.276,-15.259,-15.412,-17.548,-20.753,-25.636,-30.519,-34.791,-38.301,-40.59,-42.421,-46.083,-48.067,-52.644,-55.696,-59.969,-62.868,-66.073,-65.157,-62.258,-60.121,-60.579,-62.105,-64.394,-67.598,-71.413,-74.77,-79.043,-82.095,-83.926,-81.79,-80.264,-79.348,-80.569,-80.264,-80.569,-83.468,-84.078,-76.449,-65.31,-56.307,-45.625,-35.096,-25.941,-9.9185,7.0193,22.431,32.807,44.557,59.969,79.501,97.812,112.77,123.29,128.48,131.69,136.27,136.72,137.94,140.69,148.78,152.29,156.1,153.36,146.03,137.49,127.11,114.44,101.78,88.046,76.907,70.193,70.956,74.16,77.517,76.296,75.533,69.887,63.631,57.375,51.118,44.71,40.132,34.944,32.35,28.382,26.551,23.957,24.415,21.516,17.701,10.987,7.0193,2.5941,-2.2889,-7.6296,-13.733,-21.21,-27.009,-30.366,-31.129,-33.723,-32.35,-33.113,-32.655,-35.096,-37.69,-40.742,-42.268,-44.099,-45.32,-46.846,-46.999,-47.761,-48.067,-48.067,-46.541,-46.541,-45.778,-46.999,-47.304,-48.83,-50.203,-51.271,-50.661,-49.745,-47.914,-45.473,-42.268,-40.59,-38.453,-39.064,-39.064,-38.911,-36.47,-34.333,-30.061,-27.161,-23.804,-19.532,-14.191,-8.6978,-3.8148,0.15259,4.883,9.7659,15.259,17.853,21.363,24.11,28.687,32.96,37.233,39.827,43.184,47.304,52.95,59.053,64.241,65.92,68.209,69.735,71.413,71.871,72.634,72.024,73.702,74.77,76.144,77.517,79.958,83.01,87.436,91.556,95.523,97.812,102.39,106.51,112.31,116.89,123.14,127.57,129.86,130.31,130.47,128.79,130.47,131.99,135.96,138.86,144.2,146.49,149.39,146.34,144.35,142.37,140.23,138.86,142.98,147.56,149.54,149.54,148.32,144.81,142.06,138.55,135.96,129.55,125.13,120.24,119.02,118.56,116.73,114.14,110.78,108.04,107.43,106.2,103.92,100.1,96.286,91.25,88.351,83.163,79.806,75.838,70.65,64.394,58.29,52.187,46.846,39.521,34.333,28.23,26.704,24.262,21.973,15.107,8.6978,0.15259,-9.1556,-17.853,-24.72,-32.807,-42.116,-51.271,-55.086,-59.664,-62.41,-67.446,-70.04,-73.55,-76.601,-79.043,-82.858,-86.673,-89.877,-92.166,-91.25,-91.403,-90.945,-91.25,-90.182,-93.234,-93.387,-94.913,-95.523,-97.812,-101.63,-104.68,-107.88,-111.09,-114.29,-119.02,-122.53,-124.82,-124.21,-124.67,-122.99,-122.99,-122.68,-122.99,-124.06,-126.04,-126.8,-125.58,-125.74,-130.47,-133.37,-136.42,-136.27,-134.74,-132.45,-129.4,-122.68,-119.63,-117.8,-117.65,-117.34,-117.8,-117.65,-116.28,-115.97,-117.8,-119.02,-120.4,-121.46,-125.28,-128.03,-132.6,-135.65,-138.86,-143.13,-149.85,-155.64,-160.22,-162.97,-162.82,-159.76,-159.76,-157.78,-158.24,-156.56,-156.87,-157.02,-154.58,-150.61,-144.81,-141.15,-139.62,-140.84,-142.52,-141.61,-142.67,-141.61,-140.84,-138.86,-138.25,-135.96,-134.43,-131.23,-126.96,-123.91,-121.01,-117.19,-113.53,-108.95,-105.44,-103.15,-102.39,-101.93,-103.76,-104.37,-107.58,-109.41,-110.17,-111.39,-112.46,-112.31,-110.63,-106.66,-101.93,-96.438,-93.844,-94.302,-97.812,-98.575,-99.948,-99.185,-97.507,-97.049,-97.659,-99.185,-101.63,-103.31,-103.31,-102.54,-104.53,-104.37,-104.53,-103.46,-103.46,-103.61,-104.53,-103.76,-100.41,-93.081,-84.384,-75.533,-67.446,-60.121,-55.086,-50.661,-48.83,-43.489,-35.707,-26.246,-17.701,-10.224,-4.2726,1.9837,7.477,13.123,18.616,26.856,33.57,39.521,41.963,46.999,49.745,52.797,56.001,60.274,65.767,71.261,74.16,76.144,77.212,79.501,79.043,77.975,73.397,69.277,64.241,60.579,58.748,56.307,54.476,55.544,58.748,62.868,65.92,66.378,64.089,65.31,66.683,70.803,72.024,71.261,67.751,67.446,70.04,73.855,80.111,90.64,100.1,108.49,113.07,116.58,107.58,91.556,75.838,66.378,57.68,52.034,47.304,41.505,32.807,25.025,14.801,3.6622,-13.886,-32.807,-53.407,-68.514,-77.975,-82.247,-87.436,-94.607,-104.98,-117.95,-133.06,-148.47,-164.04,-177.92,-191.66,-204.93,-216.53,-225.53,-238.35,-252.24,-265.97,-277.87,-286.87,-291.45,-293.13,-294.05,-296.64,-300,-309.46,-321.82,-337.08,-352.64,-369.58,-383.77,-392.01,-398.11,-405.13,-413.07,-424.05,-435.04,-446.18,-454.27,-463.88,-470.9,-476.55,-482.96,-490.13,-498.06,-504.62,-509.96,-514.85,-518.51,-521.56,-523.54,-526.6,-528.89,-531.78,-534.38,-537.28,-540.48,-543.69,-545.82,-547.2,-548.27,-548.88,-548.88,-546.28,-541.7,-536.97,-532.7,-527.97,-522.32,-516.83,-511.64,-509.51,-507.83,-505.69,-501.88,-493.18,-482.65,-474.56,-467.24,-462.05,-456.71,-452.74,-449.54,-446.64,-442.21,-437.33,-432.6,-426.65,-419.17,-411.39,-405.13,-399.33,-393.08,-390.33,-386.36,-383.47,-380.26,-375.99,-370.8,-365,-358.9,-351.73,-343.33,-334.64,-325.17,-317.7,-308.85,-302.59,-294.5,-286.57,-278.48,-269.94,-262.31,-254.07,-245.52,-238.35,-228.58,-219.58,-209.51,-201.88,-193.64,-185.55,-178.69,-172.28,-164.34,-157.48,-150.76,-144.96,-138.25,-132.91,-125.58,-118.56,-108.95,-101.78,-95.981,-89.114,-81.484,-73.092,-66.378,-58.748,-49.745,-40.59,-30.061,-21.058,-13.428,-6.1037,1.9837,9.9185,18.311,25.788,32.197,38.301,45.778,52.95,59.816,64.089,69.43,73.244,79.043,83.468,88.961,93.692,97.964,102.54,106.05,111.24,116.73,122.23,129.25,133.52,139.62,144.51,149.69,154.12,159.15,163.12,166.94,171.06,176.7,182.81,189.06,193.64,199.13,202.8,207.83,210.27,213.93,216.99,219.89,222.48,225.23,228.13,232.4,236.21,240.49,241.55,243.69,245.52,248.57,249.64,252.69,255.75,260.17,263.83,266.43,267.49,269.63,271,274.51,276.5,278.48,279.7,282.3,284.28,286.72,289.16,291.3,293.59,297.1,299.39,302.74,305.8,309.92,312.97,318.31,321.21,326.55,329.29,332.19,333.87,336.47,337.53,339.06,338.91,341.04,342.42,345.77,347.45,349.89,350.05,352.79,354.63,357.52,359.36,363.32,367.14,371.11,374.16,377.51,379.35,381.79,383.01,384.69,385.45,387.13,388.04,389.57,391.55,393.84,395.21,395.83,397.2,399.49,401.47,405.13,406.81,409.71,410.63,412.15,412.46,414.44,414.44,414.14,410.47,408.19,404.98,403.61,399.95,398.11,395.37,392.93,387.43,383.31,378.28,374.16,368.82,364.54,359.81,357.07,353.4,350.96,348.37,347.15,343.49,342.88,340.28,338.6,337.38,337.69,335.25,332.65,329.14,325.48,321.21,317.7,312.05,308.54,301.37,296.79,290.84,286.42,279.09,273.29,267.34,263.37,259.56,256.36,251.17,248.88,244.3,240.94,233.16,227.06,219.58,212.71,206.46,202.34,198.22,198.52,198.68,198.37,196.08,196.08,194.56,195.47,197.3,201.42,204.93,209.2,214.85,218.67,222.48,227.52,232.4,236.67,239.11,245.06,250.1,258.03,267.65,277.57,282.3,287.18,290.08,290.84,291.3,292.83,295.27,296.79,294.05,293.13,291.15,289.32,286.11,286.57,286.11,286.26,285.65,285.04,281.53,278.18,275.89,274.51,270.55,264.44,255.29,247.35,238.96,233.31,224.46,218.05,215.92,214.09,212.71,212.71,211.65,209.66,208.14,205.39,199.44,192.72,184.18,173.96,162.21,153.05,144.96,138.71,131.99,126.04,118.11,106.66,93.234,82.858,73.244,64.852,49.287,35.554,19.99,5.1881,-13.581,-33.418,-54.476,-75.228,-93.539,-106.97,-118.72,-131.84,-148.47,-164.19,-179.14,-190.74,-203.25,-212.56,-220.8,-225.53,-229.35,-232.86,-239.11,-247.05,-258.19,-270.24,-280.47,-285.5,-290.99,-295.42,-298.93,-296.79,-293.44,-290.08,-287.79,-284.74,-279.4,-269.33,-254.98,-242.47,-232.86,-224.31,-215.61,-205.24,-200.81,-196.84,-197.76,-197.61,-197.45,-196.39,-196.54,-197.61,-199.29,-199.44,-197.3,-197.61,-200.2,-202.95,-206.61,-207.68,-209.51,-213.02,-217.14,-217.29,-218.05,-222.17,-227.06,-230.87,-232.55,-232.7,-231.18,-229.04,-227.21,-225.68,-229.8,-235.3,-244.61,-251.17,-254.83,-257.27,-258.19,-254.07,-250.4,-247.05,-244.15,-243.54,-244.91,-245.37,-248.57,-248.42,-248.73,-247.66,-248.42,-247.05,-244.61,-241.71,-239.27,-236.98,-233.62,-230.41,-230.57,-230.11,-227.97,-224.31,-223.4,-222.94,-225.23,-228.43,-231.03,-234.08,-236.52,-235.15,-227.82,-217.9,-209.81,-201.73,-197.15,-192.42,-190.44,-189.06,-188.3,-184.79,-181.43,-175.79,-169.68,-167.39,-165.41,-167.09,-172.28,-178.08,-182.35,-180.52,-175.02,-165.41,-155.49,-146.64,-141.45,-140.69,-141.91,-144.2,-146.49,-149.24,-149.54,-148.78,-146.34,-142.22,-139.16,-132.76,-127.72,-124.52,-127.87,-134.89,-142.06,-141.76,-136.72,-130.62,-126.65,-125.89,-127.72,-128.79,-129.7,-132.76,-136.88,-138.86,-141.3,-143.89,-148.78,-151.98,-152.59,-153.05,-155.19,-156.71,-158.24,-158.7,-157.63,-156.41,-156.25,-154.58,-153.66,-151.22,-149.39,-145.88,-144.05,-140.84,-138.71,-137.64,-138.1,-139.32,-137.94,-136.57,-135.96,-133.37,-131.38,-127.87,-126.8,-125.89,-125.58,-126.19,-125.74,-124.67,-122.23,-123.29,-125.43,-127.11,-127.57,-126.04,-125.89,-123.6,-121.31,-118.26,-116.58,-114.9,-112.16,-108.65,-105.29,-102.08,-97.812,-92.929,-88.809,-84.231,-81.637,-77.364,-72.024,-65.31,-58.596,-50.05,-41.047,-32.35,-23.194,-12.818,-1.9837,6.8667,14.496,22.889,29.298,36.47,41.353,49.287,57.222,65.157,70.345,75.381,80.569,86.978,93.387,99.796,105.59,111.85,118.41,125.58,132.45,140.39,146.79,152.13,157.78,162.36,167.24,173.35,178.99,183.87,188.6,193.95,197.91,204.47,209.81,215.77,219.58,222.94,224.01,225.53,227.21,229.65,231.33,232.7,233.47,236.52,237.89,240.03,240.18,241.55,240.49,240.18,240.18,240.18,240.33,242.32,243.54,245.22,245.52,247.81,246.44,247.35,246.74,248.73,248.27,249.03,248.42,247.81,246.89,247.05,247.81,248.12,247.96,249.64,249.95,249.79,248.73,249.64,250.1,250.1,250.25,250.1,251.17,253.15,255.29,257.12,255.59,254.52,252.08,250.56,248.88,249.64,250.71,252.39,254.52,256.81,257.88,258.34,257.12,257.27,256.66,257.42,254.83,253.3,251.01,248.73,245.98,242.47,240.03,236.82,233.16,230.41,228.13,225.07,219.89,216.07,211.34,208.44,204.63,201.88,200.2,199.59,198.68,197.91,195.93,192.11,186.16,181.43,177.31,176.24,173.04,172.58,171.21,169.23,165.56,161.6,159,155.8,151.07,144.96,138.25,132.15,124.82,119.63,113.53,108.8,105.29,102.24,97.507,92.318,86.978,82.858,78.738,74.313,68.819,65.157,60.274,56.001,50.661,49.287,44.252,41.047,37.538,34.944,31.129,27.772,22.736,17.853,11.139,8.0874,5.6459,5.0356,3.8148,4.12,3.0519,6.2563,11.139,17.853,23.804,28.535,31.281,36.012,42.879,54.476,64.241,77.212,88.046,100.41,109.56,117.8,126.5,135.5,145.42,156.41,167.24,176.4,184.33,189.52,190.59,195.17,200.51,204.32,201.27,197.3,191.81,185.25,177.92,171.97,168.31,167.39,162.82,153.97,146.18,138.71,126.19,118.41,107.88,92.776,75.991,65.462,54.628,43.184,30.519,18.006,9.9185,6.8667,6.1037,5.9511,1.6785,-0.30519,-4.12,-5.0356,-10.987,-14.496,-17.701,-18.769,-21.363,-25.941,-29.603,-30.976,-34.028,-35.249,-37.233,-38.301,-39.369,-38.301,-39.674,-42.268,-46.999,-50.661,-53.865,-59.358,-68.514,-79.348,-90.64,-96.896,-99.796,-101.32,-106.2,-106.81,-104.53,-102.39,-103.76,-104.83,-108.95,-113.07,-115.82,-118.41,-122.53,-127.41,-133.06,-137.03,-142.67,-149.24,-158.39,-165.56,-175.94,-185.4,-191.2,-196.39,-202.49,-208.9,-217.6,-228.13,-237.43,-244.76,-254.07,-264.44,-276.65,-287.33,-298.47,-309.31,-321.21,-334.79,-346.69,-355.39,-363.02,-368.51,-372.48,-376.29,-382.55,-388.81,-396.89,-403.61,-410.47,-415.51,-421.46,-423.75,-423.75,-422.68,-422.83,-425.58,-429.7,-432.75,-435.04,-433.97,-431.68,-428.17,-427.87,-429.4,-431.84,-433.21,-433.97,-434.58,-435.8,-437.33,-437.48,-437.79,-436.72,-434.28,-432.45,-429.24,-426.65,-424.21,-422.07,-418.41,-415.2,-411.24,-406.81,-400.25,-392.16,-383.77,-374.31,-363.48,-353.1,-341.81,-331.58,-320.29,-312.66,-303.35,-293.13,-282.14,-269.48,-257.12,-245.22,-234.23,-224.01,-213.02,-201.42,-191.2,-182.81,-172.28,-163.27,-153.51,-144.35,-134.43,-124.06,-113.99,-102.85,-90.487,-78.28,-65.615,-53.255,-40.132,-29.298,-17.548,-6.4089,6.1037,17.243,28.687,39.827,51.729,62.868,74.618,86.673,98.27,108.95,119.48,127.72,137.33,146.18,157.02,165.87,174.57,181.89,190.74,199.29,207.83,215.46,223.09,229.5,236.52,240.94,247.2,250.1,254.68,257.88,262.76,265.51,269.78,275.73,282.45,288.86,296.18,302.9,308.85,314.04,318.92,322.73,328.53,332.96,339.06,342.11,347,351.42,354.17,356.61,359.51,361.64,363.63,364.09,364.09,362.71,362.41,359.97,357.22,352.03,348.83,344.55,341.04,338.3,336.47,333.72,330.97,325.02,320.6,312.81,307.17,300,294.05,286.87,281.38,276.5,270.55,262.92,254.68,245.37,236.37,227.97,221.26,213.63,208.9,203.1,199.44,192.11,186.47,178.08,171.06,163.88,157.93,151.37,144.81,139.32,136.57,133.67,130.77,127.41,126.04,123.14,122.07,121.01,121.31,121.16,121.01,122.99,125.13,126.19,125.58,125.13,129.25,130.92,134.74,139.32,147.1,151.83,158.39,165.26,172.89,178.23,187.23,196.84,205.39,208.59,211.95,210.88,209.51,206.46,205.85,204.02,205.08,202.34,201.73,199.59,198.98,196.84,195.01,194.25,193.33,189.37,185.25,180.52,176.7,168.77,163.12,157.32,152.9,146.49,139.77,131.08,122.84,113.83,104.83,95.065,86.673,78.28,75.228,69.887,65.462,60.884,59.664,56.917,52.95,46.388,39.216,32.96,27.924,21.363,14.954,8.3926,5.3407,1.6785,2.2889,1.6785,5.1881,5.1881,4.5778,1.6785,-0.15259,-0.30519,1.2207,-0.91556,-3.357,-3.357,-1.5259,-3.5096,-4.7304,-8.3926,-12.513,-19.684,-24.11,-26.704,-27.467,-30.061,-33.113,-36.775,-39.369,-39.979,-36.164,-32.655,-27.772,-27.619,-28.535,-32.96,-36.775,-39.521,-41.353,-44.099,-45.93,-49.287,-51.271,-52.339,-49.593,-47.761,-43.336,-43.184,-41.81,-42.116,-41.81,-44.71,-47.609,-50.966,-52.95,-53.713,-51.881,-51.271,-52.339,-53.407,-54.17,-56.612,-58.901,-62.258,-63.173,-64.852,-68.361,-74.007,-79.806,-85.91,-92.929,-99.033,-102.54,-106.36,-111.7,-119.17,-125.89,-135.04,-142.52,-150.76,-156.71,-162.05,-166.33,-168.92,-169.68,-170.29,-169.68,-169.07,-166.63,-165.26,-163.27,-162.51,-159.46,-156.1,-153.51,-151.52,-149.54,-149.69,-148.63,-146.49,-142.67,-139.16,-133.98,-128.94,-122.07,-117.19,-112.16,-110.48,-110.48,-111.24,-108.65,-106.2,-105.59,-105.44,-104.22,-103.76,-102.69,-101.32,-99.033,-96.591,-92.776,-90.03,-85.299,-83.773,-80.416,-79.806,-78.89,-77.517,-76.754,-76.601,-75.381,-74.007,-68.819,-62.563,-56.001,-52.187,-47.304,-44.252,-40.895,-40.284,-38.301,-33.876,-28.993,-27.314,-28.535,-31.892,-34.333,-39.369,-41.047,-44.71,-46.236,-47.609,-45.473,-42.573,-40.895,-41.505,-43.641,-46.846,-47.609,-47.609,-47.914,-49.287,-48.067,-48.372,-46.999,-45.93,-43.031,-41.353,-38.606,-35.707,-32.502,-30.824,-29.145,-27.314,-23.652,-23.041,-22.889,-23.804,-23.652,-26.399,-28.077,-30.213,-29.45,-30.213,-30.213,-29.756,-29.908,-29.45,-28.535,-27.009,-24.72,-24.567,-23.957,-24.567,-24.873,-27.924,-28.993,-29.603,-30.366,-33.57,-37.08,-40.895,-45.167,-50.05,-52.95,-57.07,-57.375,-59.206,-61.953,-65.767,-67.904,-69.124,-72.024,-75.533,-77.975,-79.653,-78.738,-77.059,-74.313,-71.413,-66.683,-64.241,-59.511,-56.307,-52.187,-46.999,-40.895,-35.249,-29.756,-25.33,-20.6,-17.548,-12.97,-11.292,-7.6296,-3.5096,2.5941,6.4089,11.444,14.191,16.785,19.99,23.804,29.145,34.944,38.453,43.641,46.846,50.203,49.898,50.05,47.609,46.541,47.151,48.219,47.914,47.304,44.099,44.862,45.93,50.966,55.086,58.443,58.29,60.274,63.326,66.988,70.803,75.228,78.433,81.79,85.757,91.403,93.081,93.997,90.64,88.351,82.858,78.89,75.533,74.313,72.176,69.124,62.868,59.969,58.901,61.647,62.716,64.547,62.41,62.258,57.985,54.781,51.729,51.881,52.187,54.323,54.476,55.391,55.544,58.443,59.053,60.121,58.748,58.748,54.933,54.018,52.644,52.95,52.034,52.187,52.797,53.102,52.797,55.849,58.29,61.647,58.443,55.086,51.118,48.83,47.304,46.541,44.862,43.184,39.521,37.69,34.028,32.044,28.687,30.824,33.113,36.317,38.911,43.947,47.151,48.982,50.203,50.966,50.966,51.576,47.914,46.083,43.184,42.726,41.353,39.827,33.418,25.178,17.09,13.581,11.597,12.207,11.75,7.9348,-1.6785,-13.123,-29.298,-41.353,-53.255,-60.884,-68.972,-74.923,-79.806,-86.367,-95.065,-103.31,-109.71,-114.6,-116.58,-114.44,-114.9,-115.05,-116.73,-117.8,-121.62,-123.14,-121.77,-120.85,-119.63,-116.28,-113.99,-112.61,-112.31,-110.32,-110.17,-109.71,-111.55,-111.7,-113.22,-111.39,-110.02,-109.87,-111.09,-111.7,-113.68,-114.29,-115.67,-115.97,-116.12,-113.53,-112.16,-111.55,-111.7,-109.41,-109.1,-108.04,-107.12,-103.76,-99.338,-93.234,-88.656,-82.705,-78.127,-73.397,-70.65,-67.141,-65.31,-60.579,-56.612,-51.271,-44.557,-37.233,-29.756,-23.041,-18.464,-12.97,-8.8504,-3.357,-0.30519,5.0356,7.6296,11.902,14.191,16.633,18.769,20.447,21.21,21.363,21.363,23.194,24.262,24.262,21.363,19.074,14.496,12.665,10.987,9.9185,10.224,12.207,12.665,13.276,13.733,15.564,16.48,21.516,25.483,32.044,35.859,40.132,41.505,43.489,45.167,48.219,51.729,57.375,60.884,65.462,67.904,71.566,73.397,76.296,77.822,79.653,81.332,83.163,83.621,81.637,77.975,75.076,71.871,69.735,66.073,62.716,60.427,60.884,58.443,56.612,52.644,47.914,42.116,38.148,33.113,29.298,24.11,20.447,17.243,15.87,14.496,13.733,11.292,11.902,12.055,13.886,16.633,19.074,21.516,23.347,24.11,26.704,28.535,33.113,35.707,39.369,41.81,46.236,48.219,50.813,53.407,57.07,61.342,65.157,69.582,73.55,76.144,79.653,81.179,83.468,84.078,87.741,89.724,92.929,95.065,98.727,103,109.1,114.9,121.77,126.65,130.31,132.91,138.55,141.61,146.64,150,154.88,157.02,159.92,163.43,168,171.21,174.57,176.09,177.01,177.47,180.21,179.75,182.5,184.18,189.06,190.59,192.57,191.5,190.44,187.84,186.32,184.48,182.2,179.3,177.62,177.01,178.69,179.14,181.13,181.13,182.04,182.35,182.04,181.43,181.59,181.59,181.74,182.5,183.42,183.11,185.25,185.4,186.93,186.93,187.99,187.08,187.84,186.62,186.77,186.47,186.93,187.08,186.77,184.94,184.64,181.89,181.74,180.67,183.42,184.64,185.71,184.64,183.42,181.13,177.47,174.26,171.21,167.85,165.11,161.6,158.7,153.97,152.29,148.78,145.12,139.93,135.2,129.55,124.97,120.85,119.63,119.63,119.63,117.34,117.5,116.43,117.19,117.8,121.92,125.13,129.25,130.31,130.47,130.77,130.92,130.92,132.76,132.91,133.21,131.69,131.69,131.84,132.15,131.53,132.76,131.38,128.33,123.91,120.24,115.97,112.77,105.9,99.49,92.776,86.978,77.67,69.43,61.8,55.086,48.677,44.099,40.284,38.606,35.401,32.807,29.145,27.619,23.804,20.142,14.344,11.139,6.7141,1.9837,-1.5259,-3.357,-4.883,-8.5452,-15.87,-22.584,-31.129,-37.385,-42.726,-46.693,-53.255,-58.748,-63.784,-67.904,-73.702,-81.484,-91.098,-99.643,-109.87,-115.05,-119.63,-123.29,-128.18,-132.6,-140.54,-145.42,-149.24,-152.9,-155.8,-157.32,-160.83,-165.56,-170.75,-171.67,-174.41,-178.23,-183.57,-183.72,-182.81,-177.62,-170.75,-163.58,-157.78,-155.19,-154.88,-157.63,-159.76,-158.7,-158.7,-157.63,-157.32,-155.49,-157.63,-160.99,-166.78,-169.68,-171.51,-173.5,-175.94,-177.01,-178.08,-179.14,-180.21,-181.43,-184.18,-185.09,-188.6,-189.21,-189.98,-191.66,-195.47,-202.03,-207.83,-211.95,-216.22,-220.5,-225.07,-228.43,-233.62,-239.88,-249.18,-256.2,-264.6,-272.07,-280.01,-284.74,-287.33,-290.54,-293.28,-294.96,-299.84,-307.78,-316.63,-322.12,-327.62,-332.35,-337.69,-342.57,-345.93,-346.08,-345.01,-345.77,-348.22,-349.74,-349.44,-348.37,-347.76,-344.86,-341.04,-335.55,-332.65,-329.6,-327.77,-324.11,-319.99,-313.88,-303.51,-293.13,-282.14,-270.55,-263.37,-260.02,-260.02,-262.92,-269.48,-276.19,-282.75,-285.81,-288.4,-290.69,-294.35,-297.25,-298.17,-302.29,-312.05,-326.09,-339.67,-350.66,-360.88,-363.93,-358.75,-344.25,-332.04,-324.26,-320.29,-321.67,-328.38,-339.06,-348.22,-356.76,-365.76,-372.17,-379.8,-387.13,-395.98,-404.07,-410.63,-415.97,-421.16,-424.36,-426.95,-428.33,-430.31,-431.68,-434.89,-436.57,-439.16,-440.38,-442.67,-444.96,-447.25,-450.61,-454.42,-456.25,-456.71,-457.78,-459.3,-458.69,-459.3,-458.39,-459,-458.39,-459.15,-457.32,-455.79,-455.49,-455.64,-455.34,-454.73,-453.35,-450.76,-447.71,-446.49,-444.65,-441.91,-437.79,-434.43,-429.85,-425.73,-421.46,-416.88,-411.69,-406.05,-400.86,-397.35,-395.52,-395.98,-392.62,-388.35,-383.16,-373.7,-362.87,-353.1,-343.79,-336.31,-332.5,-331.74,-330.82,-332.04,-333.87,-336.31,-335.86,-333.41,-326.09,-314.04,-301.98,-294.96,-293.13,-296.79,-300.3,-302.74,-301.22,-294.96,-283.06,-269.63,-257.27,-246.74,-238.2,-233.31,-232.25,-234.38,-234.84,-234.53,-231.18,-224.01,-213.63,-203.86,-194.25,-185.86,-178.99,-174.41,-170.6,-165.72,-161.14,-156.87,-152.44,-147.4,-140.84,-134.43,-129.55,-126.5,-123.29,-119.79,-116.12,-111.39,-104.07,-96.591,-88.809,-80.111,-68.819,-58.901,-54.17,-51.424,-49.593,-53.255,-57.985,-63.478,-65.767,-65.004,-58.138,-48.677,-39.216,-32.35,-24.567,-16.785,-9.1556,-3.5096,1.3733,6.7141,12.055,14.191,17.243,20.295,25.178,27.772,30.213,32.807,34.028,35.096,40.284,46.846,52.339,57.527,64.547,70.498,75.686,79.806,88.656,96.438,103.92,110.17,113.22,115.82,119.02,121.31,122.53,122.53,123.91,122.23,121.46,120.4,119.48,117.19,115.36,115.36,118.11,122.07,126.19,132.91,139.93,145.12,149.08,150.76,151.52,150.46,149.39,148.78,148.93,147.4,146.34,144.81,142.37,140.08,136.57,131.38,126.8,120.85,115.21,108.8,104.68,99.796,97.812,96.744,95.523,93.692,91.25,88.961,86.367,83.773,83.163,83.773,84.994,83.163,84.841,87.436,91.25,94.455,97.812,101.02,104.37,107.58,109.87,111.09,113.68,115.51,117.95,120.4,125.58,128.64,131.69,133.98,139.47,145.12,150.76,155.64,158.24,161.6,163.27,163.73,166.33,167.85,171.51,177.31,184.94,191.5,198.22,203.86,209.36,213.93,220.5,226.75,232.4,237.13,240.79,242.47,244.76,245.67,248.27,249.34,252.69,255.29,258.64,262.76,266.43,273.45,280.77,288.71,295.88,300.91,306.41,310.22,315.71,318.46,322.73,326.55,332.04,336.47,342.72,348.37,354.93,360.73,366.99,371.41,376.9,381.79,388.35,393.23,400.56,404.83,410.17,413.07,417.19,420.55,425.58,430.01,433.52,436.57,438.09,438.4,440.53,441.76,442.37,441.45,440.53,435.96,432.45,429.24,423.75,418.41,412.76,406.05,397.05,388.5,381.79,373.55,366.99,359.81,354.32,346.84,339.98,332.5,327.92,322.58,318.16,313.12,311.29,307.63,302.29,295.42,292.52,287.94,287.64,285.5,285.81,283.52,281.99,279.55,277.26,274.36,271.46,267.34,264.6,262.61,262.61,260.17,259.56,257.58,257.73,254.52,253.91,252.08,251.01,249.49,247.66,241.86,237.59,234.08,232.55,228.89,226.14,219.12,214.85,208.9,206.31,201.88,198.22,193.18,186.62,178.84,172.58,166.17,163.27,160.22,158.54,153.66,151.83,146.34,143.74,139.16,138.71,138.4,141.91,145.12,148.78,152.59,154.58,157.93,163.88,168.61,175.02,181.43,190.13,197,204.17,209.51,213.63,215.61,216.22,217.14,219.43,221.26,220.8,218.82,218.82,216.68,215.31,211.95,210.12,208.75,210.12,212.26,215.31,217.14,216.83,215.46,213.78,212.56,213.78,215.31,216.22,213.02,208.75,203.86,198.83,193.95,189.21,185.86,184.18,182.2,178.53,173.8,166.94,159.15,150.76,141,134.13,125.89,120.24,113.22,107.12,99.338,91.708,84.231,76.754,66.836,57.985,49.745,46.388,42.879,42.573,41.047,41.658,42.268,44.71,43.184,41.353,35.707,31.281,26.856,21.821,15.259,9.4607,2.7467,-1.5259,-7.0193,-10.071,-14.191,-15.107,-18.464,-20.142,-21.668,-24.11,-30.213,-34.333,-38.453,-40.284,-40.742,-38.148,-39.521,-38.911,-40.742,-43.031,-47.609,-49.44,-49.898,-49.287,-48.83,-47.304,-48.524,-50.508,-51.424,-47.304,-45.625,-43.489,-42.268,-40.437,-42.726,-45.015,-49.287,-52.644,-57.222,-60.121,-62.105,-62.563,-64.852,-64.241,-62.105,-57.375,-56.612,-55.391,-57.375,-57.985,-59.053,-59.358,-60.121,-60.884,-63.326,-66.53,-70.04,-70.498,-71.108,-69.43,-69.43,-68.667,-68.667,-66.53,-63.021,-59.206,-58.901,-59.664,-60.732,-60.274,-61.495,-63.173,-65.615,-65.31,-66.836,-67.446,-69.43,-69.277,-69.277,-68.209,-67.751,-67.141,-68.667,-69.735,-71.413,-70.345,-69.887,-68.819,-69.582,-68.667,-68.972,-67.598,-69.124,-70.803,-73.397,-77.059,-80.416,-82.858,-85.147,-88.351,-92.013,-91.403,-92.013,-92.929,-97.201,-100.86,-104.37,-104.37,-101.78,-98.422,-98.117,-97.049,-94.455,-90.793,-88.809,-86.367,-87.741,-87.588,-86.978,-83.01,-78.127,-73.092,-71.566,-70.498,-68.972,-66.225,-63.173,-59.816,-58.443,-56.154,-55.238,-52.339,-50.508,-47.761,-47.304,-44.404,-40.284,-36.775,-36.164,-36.164,-38.148,-38.606,-36.622,-31.587,-27.467,-21.516,-19.532,-16.938,-16.022,-12.513,-9.003,-4.7304,-1.0681,3.0519,6.7141,11.139,14.954,19.684,22.126,27.924,31.434,38.911,43.641,47.609,49.135,50.661,50.356,50.356,50.203,47.609,44.862,44.252,43.641,43.794,44.099,45.93,45.625,46.083,47.761,49.745,53.713,57.375,60.121,61.647,61.495,60.579,58.748,59.053,58.443,59.206,59.053,59.206,57.222,54.781,53.56,51.881,47.914,42.879,39.369,39.674,37.538,38.606,39.216,37.996,34.639,34.486,34.639,34.486,34.028,33.876,33.265,31.434,30.671,32.502,33.876,34.791,32.96,31.892,29.145,27.161,25.178,21.668,19.532,18.159,18.769,18.769,15.259,12.055,8.0874,7.0193,4.2726,0.30519,-5.6459,-12.513,-19.074,-22.584,-25.483,-28.23,-32.96,-32.807,-33.418,-32.197,-33.418,-32.044,-32.655,-32.35,-33.265,-33.723,-32.807,-28.687,-23.499,-17.396,-15.107,-12.513,-11.292,-7.6296,-5.0356,0.30519,4.883,7.7822,8.3926,10.834,11.444,13.123,14.801,16.938,18.464,22.279,24.567,28.23,29.145,30.213,28.535,28.84,28.84,31.434,33.876,34.333,34.639,35.401,35.401,34.486,33.57,34.944,34.181,34.028,30.824,28.382,25.178,21.21,14.496,8.3926,3.2044,-0.15259,-2.7467,-4.2726,-6.2563,-7.9348,-10.071,-11.597,-14.039,-15.259,-17.853,-17.548,-18.464,-17.243,-15.412,-12.207,-9.6133,-8.24,-9.9185,-9.6133,-9.6133,-5.3407,-2.7467,1.5259,2.7467,4.5778,4.7304,8.5452,11.597,13.276,14.496,17.701,17.701,16.633,13.581,12.36,7.477,5.0356,2.8993,3.2044,2.8993,3.8148,4.5778,7.1718,8.8504,10.987,11.597,11.292,9.003,9.003,5.7985,4.7304,2.8993,3.2044,2.5941,2.5941,2.7467,2.8993,2.1363,0.91556,-0.76296,-1.2207,-3.9674,-6.1037,-10.681,-12.818,-15.107,-15.564,-16.48,-16.785,-20.753,-25.025,-28.535,-29.145,-30.824,-34.486,-38.453,-41.81,-44.557,-43.794,-44.557,-45.167,-46.999,-48.524,-50.508,-52.644,-54.933,-56.612,-57.527,-57.07,-57.985,-58.29,-59.358,-58.901,-60.732,-61.19,-63.021,-63.326,-63.173,-61.647,-60.884,-61.647,-63.021,-63.478,-63.173,-63.021,-63.478,-61.037,-58.29,-54.018,-53.255,-53.865,-53.407,-52.187,-50.966,-49.44,-49.593,-50.508,-51.271,-47.609,-43.947,-38.911,-37.69,-36.622,-36.317,-34.639,-33.723,-31.281,-29.145,-25.788,-20.447,-15.107,-10.529,-6.5615,-5.0356,-1.5259,0.15259,1.6785,-0.45778,-0.45778,0.30519,2.5941,5.1881,7.1718,10.529,14.191,16.175,16.938,18.769,24.415,28.535,32.655,33.265,35.096,36.317,38.606,42.726,46.236,47.914,47.914,48.219,51.424,54.476,56.764,57.833,59.511,55.849,50.966,46.846,47.609,48.372,47.914,46.388,43.641,39.216,34.028,27.009,20.295,16.175,16.48,14.649,11.902,7.3244,5.4933,3.9674,1.9837,-1.3733,-4.883,-9.6133,-13.276,-17.701,-23.347,-29.145,-33.57,-39.827,-43.947,-48.524,-51.118,-55.086,-56.612,-57.833,-58.901,-61.342,-66.073,-72.481,-75.228,-76.601,-77.975,-80.416,-80.111,-80.569,-77.517,-75.838,-72.939,-72.024,-68.972,-66.836,-68.514,-72.329,-75.686,-76.601,-73.397,-72.481,-70.803,-71.413,-71.718,-75.686,-79.653,-85.757,-92.471,-96.438,-98.727,-102.54,-108.34,-114.9,-118.56,-121.92,-122.53,-124.82,-126.96,-129.7,-130.01,-128.18,-125.28,-122.53,-119.63,-115.97,-111.09,-108.8,-105.9,-105.14,-102.24,-100.86,-97.201,-94.607,-94.76,-96.286,-97.049,-97.507,-97.964,-100.1,-100.71,-100.25,-96.286,-95.065,-94.455,-96.133,-97.201,-99.338,-98.727,-96.744,-94.15,-90.487,-85.91,-82.4,-79.806,-77.364,-73.092,-70.65,-67.904,-65.004,-61.495,-60.884,-59.511,-57.833,-57.222,-56.459,-56.459,-58.29,-60.121,-61.8,-61.953,-62.258,-59.816,-59.358,-58.596,-60.884,-62.41,-61.953,-60.121,-60.427,-61.8,-62.105,-61.037,-62.41,-63.631,-67.446,-69.277,-72.634,-74.313,-77.975,-81.942,-85.452,-88.961,-91.098,-94.76,-100.86,-105.29,-109.56,-112,-113.99,-113.38,-113.99,-115.21,-118.87,-121.92,-129.09,-134.28,-136.42,-138.25,-141.15,-144.05,-144.81,-145.12,-146.49,-145.73,-141.76,-135.5,-131.53,-128.79,-128.94,-127.57,-124.97,-122.23,-121.01,-120.09,-117.8,-113.68,-107.73,-99.796,-93.844,-86.062,-79.806,-73.397,-69.124,-63.173,-59.053,-55.544,-51.424,-46.388,-42.421,-39.827,-38.301,-37.08,-38.148,-37.996,-39.827,-41.963,-45.473,-48.524,-51.881,-54.17,-55.391,-55.849,-55.849,-54.933,-57.375,-58.596,-61.953,-64.394,-67.904,-70.04,-72.329,-74.16,-74.465,-72.481,-68.361,-64.241,-59.511,-55.696,-54.781,-54.628,-56.307,-57.07,-58.748,-58.29,-58.138,-58.596,-59.511,-56.307,-52.95,-50.356,-48.982,-45.778,-44.099,-41.353,-40.895,-40.284,-39.064,-37.538,-36.775,-34.944,-32.807,-31.892,-30.519,-27.314,-24.873,-22.126,-21.516,-20.295,-21.058,-21.973,-21.668,-20.753,-19.227,-18.311,-17.09,-14.496,-11.597,-5.3407,-0.61037,7.9348,15.564,25.941,34.028,43.336,50.508,54.781,59.206,64.699,68.361,72.481,77.822,85.91,91.556,101.47,110.17,119.79,127.11,135.2,141.91,151.22,159.92,169.84,178.38,186.93,193.33,200.35,205.69,213.63,218.05,224.77,230.72,235.3,239.88,243.54,246.44,250.56,254.98,259.56,262,266.27,269.17,275.12,280.01,283.97,286.57,288.09,288.55,290.08,289.62,290.23,290.99,295.11,297.71,302.29,303.05,303.96,302.29,303.81,304.57,305.34,306.71,309.15,311.14,314.49,316.63,320.14,322.28,327.01,330.67,337.99,342.57,346.08,348.22,351.73,354.93,357.52,359.97,362.56,364.85,368.66,369.88,373.85,377.36,379.5,381.18,382.4,382.24,382.24,379.96,378.28,375.38,372.94,367.44,362.71,357.37,353.56,348.83,346.08,343.49,340.89,338.6,334.48,328.84,323.95,319.22,316.48,311.9,310.07,306.56,304.12,300.61,297.1,293.13,289.62,285.2,282.14,278.79,276.35,274.82,274.82,271.61,267.8,261.54,256.66,250.1,244.61,239.57,232.55,224.77,218.05,209.81,202.49,195.17,189.52,182.04,176.85,168.92,162.21,152.9,145.57,134.89,125.89,118.87,111.09,101.17,92.318,84.078,78.89,71.871,66.53,58.596,52.644,45.93,40.59,32.197,22.126,12.36,4.4252,-3.357,-8.8504,-13.428,-16.938,-20.447,-22.431,-28.993,-35.554,-42.421,-45.93,-50.661,-52.644,-53.102,-52.339,-52.644,-53.865,-56.307,-57.68,-60.427,-60.884,-63.631,-66.988,-73.55,-81.027,-85.757,-89.877,-93.234,-95.828,-97.354,-96.286,-94.455,-93.234,-95.218,-96.438,-99.796,-103,-107.43,-109.71,-114.29,-118.41,-121.92,-123.91,-126.96,-128.18,-130.01,-130.62,-132.91,-134.74,-140.39,-143.28,-144.96,-144.05,-147.86,-149.54,-151.52,-152.75,-155.8,-158.24,-160.68,-161.29,-161.14,-158.7,-160.53,-159.76,-160.68,-159.92,-159.76,-158.54,-157.32,-156.25,-153.97,-151.68,-150.76,-151.52,-152.29,-153.2,-157.93,-160.37,-161.9,-161.6,-164.19,-165.41,-167.55,-166.48,-166.48,-166.17,-165.72,-164.04,-161.75,-158.7,-157.32,-153.97,-152.13,-150.3,-149.24,-145.73,-142.83,-139.01,-136.27,-133.67,-131.38,-128.94,-126.96,-124.97,-125.43,-123.6,-122.53,-119.33,-117.65,-112.77,-109.87,-106.81,-103.31,-97.201,-92.471,-87.741,-82.095,-75.228,-69.124,-62.41,-58.138,-54.018,-53.102,-50.813,-49.135,-46.693,-45.015,-43.489,-43.031,-39.979,-39.979,-38.301,-37.385,-33.876,-32.807,-29.908,-29.756,-29.908,-32.655,-33.265,-35.096,-36.012,-38.453,-42.268,-46.541,-47.761,-50.661,-51.271,-55.849,-57.527,-60.274,-61.037,-63.021,-62.868,-63.784,-64.547,-67.293,-68.667,-71.413,-72.939,-74.313,-73.092,-77.517,-80.569,-85.452,-88.961,-92.471,-95.065,-97.507,-99.796,-103.61,-106.97,-110.17,-110.48,-112,-113.07,-118.41,-121.16,-123.91,-126.35,-129.86,-130.01,-130.77,-133.21,-136.42,-138.1,-140.08,-140.84,-141.3,-139.62,-137.94,-132.45,-129.4,-124.82,-121.46,-118.87,-118.72,-119.17,-120.7,-121.31,-122.07,-121.01,-118.11,-112.61,-109.87,-104.68,-99.796,-93.844,-88.961,-81.79,-75.686,-66.378,-57.68,-48.982,-43.947,-39.674,-38.606,-34.944,-32.197,-29.145,-28.687,-27.924,-26.246,-20.6,-11.292,-0.91556,7.477,13.733,18.006,19.99,19.684,21.363,22.126,25.483,27.009,27.009,25.33,25.33,25.178,26.399,25.483,24.11,20.447,19.379,18.159,16.633,15.107,12.665,9.9185,9.1556,9.4607,8.0874,4.883,3.6622,2.5941,4.5778,4.12,1.6785,-2.7467,-5.4933,-7.1718,-8.5452,-7.7822,-5.6459,-2.8993,-0.76296,0.61037,2.5941,3.357,5.1881,5.3407,5.1881,5.6459,6.4089,5.3407,2.1363,-0.91556,-3.0519,-7.0193,-10.071,-12.665,-11.597,-12.818,-13.276,-14.039,-15.717,-18.159,-18.769,-19.379,-19.837,-20.142,-17.243,-15.87,-14.954,-17.396,-18.159,-20.295,-25.025,-25.941,-26.399,-31.434,-36.164,-41.353,-44.099,-46.388,-47.761,-50.356,-53.56,-58.596,-61.495,-66.073,-71.718,-77.517,-79.653,-84.231,-85.91,-90.182,-91.556,-94.76,-95.218,-96.896,-96.896,-97.049,-97.201,-97.507,-97.507,-97.354,-95.065,-93.844,-89.114,-84.994,-76.907,-72.634,-66.683,-60.579,-55.238,-51.424,-49.44,-50.966,-52.034,-53.865,-54.323,-56.154,-56.612,-58.901,-57.68,-59.358,-60.884,-61.495,-60.427,-60.579,-61.495,-63.478,-65.92,-67.904,-67.446,-69.124,-69.735,-71.566,-73.092,-78.585,-81.79,-82.095,-81.332,-80.569,-77.67,-76.144,-74.923,-74.313,-71.261,-71.261,-71.108,-72.634,-72.176,-72.024,-70.345,-69.887,-70.04,-70.803,-74.618,-81.027,-87.588,-93.692,-95.218,-97.354,-98.422,-101.17,-102.54,-105.44,-103.61,-97.812,-93.234,-89.114,-83.773,-80.569,-76.449,-72.176,-67.446,-62.41,-55.544,-51.729,-46.999,-39.979,-29.908,-20.6,-13.886,-9.3081,-5.4933,-4.7304,-2.2889,2.1363,7.3244,10.376,16.633,20.295,24.873,28.382,32.35,35.554,41.047,46.083,52.187,57.375,62.41,65.462,69.735,71.871,75.533,77.364,82.4,84.536,86.367,86.673,88.046,89.419,91.708,92.776,95.37,97.201,100.71,101.93,105.59,108.8,114.29,118.26,121.62,123.45,125.89,129.09,132.3,135.04,140.08,143.89,149.08,152.29,156.1,158.54,162.05,164.19,168,171.36,175.02,175.63,176.09,176.09,178.23,178.53,181.43,180.67,181.59,179.91,178.99,177.92,177.77,176.09,173.96,169.99,168.31,164.65,162.21,157.93,154.42,148.63,144.2,139.01,134.59,131.38,128.64,124.97,121.46,117.95,116.12,112.61,111.55,109.1,108.65,106.66,104.53,101.17,97.964,94.913,93.997,94.455,96.438,95.981,96.591,95.218,97.354,98.422,102.69,103.92,105.29,105.29,104.83,103.61,105.29,107.12,110.63,113.07,117.65,120.24,124.82,126.35,128.18,128.33,129.09,130.77,131.69,131.99,131.38,130.77,130.77,129.86,128.94,125.43,124.21,121.01,117.95,112,108.49,103.31,99.643,95.37,92.013,87.436,82.553,76.449,71.871,66.683,62.105,55.086,48.83,40.895,35.859,29.298,23.652,18.464,12.665,6.8667,0.30519,-6.1037,-11.139,-15.717,-18.464,-22.584,-23.804,-25.483,-26.093,-29.145,-29.908,-30.671,-31.739,-33.113,-34.944,-37.233,-38.301,-39.979,-41.81,-45.778,-48.372,-52.95,-55.544,-59.816,-62.716,-66.378,-68.667,-71.566,-74.16,-76.907,-80.264,-83.468,-85.91,-88.809,-90.182,-93.539,-96.591,-101.47,-105.14,-109.1,-112.61,-116.28,-119.63,-121.92,-123.45,-125.28,-127.72,-129.86,-130.47,-132.6,-134.43,-137.79,-138.86,-139.93,-140.08,-140.39,-141.45,-142.37,-143.44,-144.66,-144.51,-144.51,-142.98,-142.52,-141.76,-142.37,-141.61,-143.28,-144.81,-145.73,-145.57,-145.57,-145.57,-145.12,-144.51,-144.66,-143.74,-145.42,-144.96,-146.18,-145.88,-146.18,-144.96,-143.44,-143.13,-144.35,-145.57,-146.95,-147.86,-148.78,-148.17,-148.63,-147.56,-148.01,-147.1,-145.88,-142.83,-140.23,-138.4,-136.11,-133.37,-130.47,-127.41,-124.36,-120.55,-118.26,-114.29,-111.24,-107.73,-105.75,-102.08,-98.727,-95.523,-92.166,-89.114,-86.673,-84.231,-81.79,-76.601,-73.855,-70.498,-66.836,-61.037,-56.154,-51.118,-47.151,-41.963,-36.164,-31.129,-27.314,-22.889,-18.311,-11.139,-4.883,2.5941,7.6296,14.801,19.379,25.33,32.807,39.674,45.93,51.271,55.391,59.969,62.41,67.446,70.498,74.77,77.822,84.078,88.198,93.234,97.659,103.46,108.65,114.14,117.95,122.84,126.5,129.55,130.92,133.67,134.74,138.25,140.54,143.89,145.27,147.86,149.08,149.54,149.24,148.01,146.95,146.18,144.81,146.03,146.64,148.01,149.08,149.39,147.86,148.01,148.93,151.07,152.75,152.13,151.07,150.76,148.93,148.78,147.25,147.71,146.34,145.73,143.28,140.08,137.94,138.1,140.08,142.83,143.44,143.13,140.54,138.55,133.82,131.38,128.03,126.96,125.74,127.41,126.65,125.43,125.74,126.35,124.82,123.6,121.46,121.62,121.77,123.6,123.6,124.82,123.91,124.06,124.52,127.26,129.7,133.21,136.27,140.08,140.39,140.08,138.1,137.64,135.65,135.5,131.84,131.84,132.6,134.74,137.18,135.96,133.52,132.3,130.47,130.16,129.86,129.25,123.6,120.09,115.82,112.77,108.34,107.43,107.27,105.29,99.796,97.049,95.065,93.692,93.387,94.76,92.929,90.793,86.673,80.264,73.702,71.718,69.277,63.326,56.459,57.222,60.274,61.037,53.56,42.879,30.366,25.178,19.684,18.616,19.684,22.126,21.21,17.396,7.9348,-1.5259,-9.7659,-17.09,-24.567,-29.908,-34.486,-35.707,-36.164,-38.148,-45.015,-53.102,-58.443,-60.427,-63.478,-65.462,-66.073,-67.751,-71.108,-73.397,-77.364,-82.858,-88.961,-90.487,-90.182,-91.098,-97.201,-104.83,-114.6,-125.28,-133.52,-135.2,-132.3,-125.89,-121.01,-119.33,-119.02,-119.33,-121.62,-123.45,-128.18,-131.84,-134.13,-134.74,-133.37,-131.38,-129.4,-129.55,-132.76,-137.33,-139.47,-138.86,-137.03,-133.82,-133.21,-132.45,-135.04,-136.42,-136.72,-136.88,-137.49,-136.72,-135.81,-137.33,-140.69,-141.91,-142.06,-141.91,-148.78,-156.56,-166.33,-175.33,-183.57,-191.2,-196.54,-200.66,-204.78,-209.66,-217.29,-227.36,-238.5,-246.74,-256.51,-264.44,-271.92,-276.5,-280.47,-282.3,-283.97,-286.87,-291.3,-295.27,-296.33,-297.4,-295.88,-289.62,-281.99,-273.29,-265.82,-256.51,-246.28,-233.77,-221.72,-209.05,-197.45,-185.09,-173.5,-162.82,-153.97,-143.28,-131.08,-115.21,-100.41,-85.299,-70.04,-54.018,-39.827,-28.687,-19.532,-9.6133,-0.76296,8.6978,17.548,28.23,35.859,44.862,51.271,60.884,68.514,74.923,80.416,87.436,93.997,98.727,100.56,104.53,109.41,115.51,119.02,121.62,121.92,122.07,122.99,122.68,121.16,120.55,119.79,120.09,118.26,117.95,117.34,117.5,115.97,114.75,113.22,110.93,108.34,104.98,102.08,99.185,95.37,92.929,89.724,85.757,80.569,76.601,70.956,63.784,56.459,49.593,41.505,34.181,26.246,19.99,12.818,10.224,4.2726,1.0681,-5.3407,-11.444,-19.532,-25.33,-30.519,-35.096,-41.047,-44.557,-50.661,-56.764,-64.547,-70.498,-78.89,-85.147,-91.556,-98.117,-104.07,-109.41,-115.05,-118.11,-122.68,-126.96,-133.52,-138.86,-146.18,-150.46,-153.2,-155.95,-158.7,-161.75,-165.56,-168.61,-171.36,-173.19,-176.85,-178.84,-180.67,-180.06,-181.59,-183.42,-185.09,-186.93,-187.23,-187.23,-188.91,-188.45,-189.21,-187.23,-187.99,-187.54,-188.15,-188.76,-189.06,-188.3,-188.3,-188.76,-187.69,-186.16,-184.94,-182.04,-182.81,-183.26,-185.09,-184.79,-182.96,-179.45,-174.87,-169.53,-164.19,-160.07,-156.87,-153.81,-152.44,-149.69,-147.25,-144.51,-142.06,-139.32,-137.18,-135.35,-133.21,-131.53,-130.31,-130.16,-129.4,-127.57,-126.04,-124.36,-124.67,-125.13,-125.58,-126.04,-128.03,-131.84,-134.74,-136.88,-139.47,-141.3,-143.44,-143.89,-145.42,-145.57,-146.34,-146.49,-146.49,-145.73,-143.74,-141.76,-140.08,-138.86,-136.27,-131.69,-128.94,-125.43,-122.68,-118.72,-115.05,-110.63,-108.04,-106.36,-106.36,-106.36,-106.81,-106.66,-106.66,-104.53,-104.22,-102.24,-101.02,-100.56,-99.796,-99.185,-99.49,-99.948,-99.796,-99.338,-98.727,-98.88,-99.643,-98.88,-98.727,-96.896,-96.438,-94.302,-92.776,-89.572,-87.741,-85.604,-83.773,-80.416,-76.296,-72.634,-69.277,-63.631,-58.29,-53.255,-48.83,-42.879,-37.996,-32.807,-28.535,-23.499,-18.159,-13.733,-8.5452,-4.4252,-1.5259,0.76296,1.8311,3.2044,3.6622,5.1881,4.12,3.8148,2.7467,3.8148,5.0356,5.3407,3.2044,-0.45778,-2.4415,-2.2889,-1.2207,3.6622,9.9185,16.175,19.227,23.347,25.941,28.84,32.35,36.164,39.521,40.742,41.658,40.437,37.385,35.249,32.044,28.84,24.72,22.736,18.311,15.107,11.444,10.681,12.97,14.954,15.564,15.87,18.769,22.889,26.551,31.129,35.554,40.132,40.59,40.895,39.674,41.353,44.099,48.067,49.745,46.999,44.862,46.693,46.541,46.083,45.167,43.947,40.437,36.47,33.113,30.976,29.908,29.908,28.993,23.804,16.022,12.665,11.444,11.75,11.292,13.276,12.207,14.344,18.006,20.905,22.584,24.72,26.551,28.077,31.587,37.69,45.93,54.628,56.764,55.696,51.271,47.456,43.947,43.489,41.353,38.453,35.249,30.976,23.804,17.701,14.496,13.276,13.428,17.548,21.516,27.009,37.538,54.018,67.598,81.179,91.25,98.727,103.92,108.49,114.44,120.4,129.09,139.77,143.28,138.55,124.52,105.9,84.994,62.716,38.301,16.938,1.3733,-10.529,-21.516,-28.077,-31.892,-32.96,-30.213,-24.873,-16.327,-2.2889,11.597,25.178,36.622,48.067,60.121,71.718,84.231,93.692,99.948,109.1,120.4,136.88,156.56,177.16,190.59,200.2,201.42,198.52,192.27,187.08,183.42,182.2,180.67,177.77,170.29,160.99,148.01,133.67,118.41,108.49,101.63,97.354,92.166,86.673,79.958,71.108,62.41,53.865,45.015,39.674,36.164,34.639,29.603,23.652,15.87,10.224,5.0356,7.3244,12.818,16.022,16.785,17.396,16.327,13.428,11.902,16.175,21.21,25.941,28.993,29.45,27.467,26.704,21.21,16.785,14.649,13.733,13.276,14.954,17.396,19.99,20.447,20.295,16.785,14.649,11.139,8.6978,3.6622,-2.8993,-13.581,-26.399,-38.301,-48.372,-56.917,-62.258,-65.615,-67.904,-71.718,-72.176,-72.024,-67.751,-65.462,-64.547,-66.988,-69.735,-72.176,-75.076,-76.754,-76.296,-73.702,-69.124,-63.784,-60.732,-62.41,-64.089,-65.31,-62.868,-60.732,-57.222,-55.086,-54.628,-56.001,-56.764,-55.696,-54.476,-53.713,-50.966,-45.93,-38.606,-32.35,-27.924,-26.093,-24.567,-23.957,-23.957,-23.194,-20.6,-17.243,-13.886,-9.1556,-4.2726,0.15259,4.883,7.6296,11.139,13.428,16.175,19.074,23.499,27.009,31.434,37.233,44.404,50.966,56.307,60.427,63.478,66.073,69.277,71.413,74.465,76.601,79.653,83.316,86.367,89.419,92.776,95.981,99.643,103.46,107.58,110.48,115.67,118.72,122.68,126.5,133.21,139.01,144.05,146.18,147.4,148.47,150.61,153.05,155.49,157.78,161.44,162.36,164.65,164.8,167.39,167.39,169.07,169.99,171.82,172.89,175.18,176.24,178.53,180.36,183.57,184.79,187.08,187.69,188.76,189.06,190.28,191.81,194.56,198.07,203.1,206.92,209.81,211.19,212.41,212.26,213.48,212.87,212.41,211.34,210.43,208.9,207.83,205.39,203.41,200.51,198.98,197.15,195.62,191.96,189.67,187.54,186.62,185.09,183.42,181.13,179.3,177.92,176.24,174.11,171.97,167.85,164.34,159.31,155.8,151.68,149.69,146.95,144.05,141.76,138.71,135.04,131.69,128.18,125.13,119.48,116.12,111.39,108.04,103.61,101.93,99.033,97.507,95.523,93.997,92.776,91.25,88.809,88.046,85.147,83.773,80.416,79.348,76.296,74.77,72.481,70.956,69.277,68.514,66.988,66.073,63.478,62.716,61.495,62.563,61.647,61.495,60.121,61.19,60.579,61.8,62.563,63.021,63.784,65.615,65.157,65.767,64.852,66.073,65.462,67.598,67.904,68.819,67.751,66.073,64.394,63.478,60.884,58.901,55.391,53.407,48.982,46.388,41.658,38.606,33.265,30.061,24.72,20.295,14.649,8.8504,3.8148,-1.5259,-8.0874,-12.513,-18.464,-23.804,-30.824,-35.401,-40.895,-45.625,-49.593,-51.881,-53.56,-54.933,-56.764,-56.612,-57.222,-55.391,-54.781,-52.644,-50.508,-47.151,-43.336,-38.759,-33.876,-29.145,-23.957,-18.311,-13.428,-7.1718,-2.7467,2.7467,7.477,11.139,12.818,15.717,18.311,22.584,25.178,27.619,30.213,32.96,33.876,35.249,34.791,32.96,29.908,27.772,24.11,20.753,17.701,16.327,12.97,9.7659,5.0356,0.91556,-5.6459,-10.071,-15.412,-18.311,-22.736,-25.025,-28.077,-30.519,-32.96,-34.333,-35.096,-36.012,-37.233,-35.554,-37.08,-36.164,-36.317,-34.944,-35.401,-34.181,-33.265,-31.587,-28.84,-23.041,-19.684,-16.633,-13.276,-6.7141,-4.7304,0.76296,4.883,9.7659,15.259,22.889,29.298,35.401,41.2,45.93,49.745,54.018,55.849,57.833,58.596,61.495,61.342,63.936,66.53,70.193,72.634,76.144,78.738,84.078,88.961,94.302,95.523,97.201,95.828,94.913,92.471,91.556,89.724,87.13,81.332,75.991,68.514,60.121,49.287,42.879,33.876,23.957,11.139,0.30519,-10.987,-20.295,-30.824,-42.879,-54.628,-65.462,-75.533,-79.348,-81.79,-80.569,-81.637,-82.705,-83.01,-80.416,-73.55,-63.631,-54.323,-46.388,-41.353,-32.96,-23.041,-15.107,-13.123,-8.24,3.8148,19.837,30.519,36.164,36.927,39.521,41.047,41.2,38.453,34.639,33.265,35.249,32.807,34.028,47.151,54.781,50.813,46.388,52.034,57.68,55.238,58.596,71.108,86.825,91.25,86.367,85.757,97.049,105.29,106.2,109.1,118.56,121.92,119.17,125.89,143.13,152.29,150.15,144.81,143.89,143.89,140.39,138.25,146.95,160.83,173.96,182.04,187.08,183.72,178.23,172.28,163.27,151.68,144.2,140.54,139.32,135.65,133.37,131.08,126.19,114.44,100.86,87.436,79.958,68.819,54.476,38.911,23.804,8.8504,-5.4933,-20.6,-36.622,-56.001,-75.381,-96.591,-114.75,-133.52,-151.07,-172.58,-192.11,-209.05,-223.85,-238.65,-252.69,-265.97,-278.79,-292.83,-303.81,-316.17,-326.85,-337.84,-345.62,-354.32,-363.32,-371.26,-379.65,-388.2,-396.13,-403.15,-410.32,-419.32,-427.26,-437.48,-444.96,-453.66,-462.05,-470.14,-477,-484.18,-491.96,-500.35,-506.76,-510.42,-514.24,-516.53,-518.36,-518.97,-520.04,-525.07,-528.28,-530.56,-527.97,-521.41,-514.54,-509.35,-506.45,-505.84,-508.74,-513.17,-517.44,-520.8,-521.26,-519.27,-515.76,-513.93,-511.18,-509.35,-510.42,-513.78,-517.9,-520.19,-522.78,-523.7,-521.71,-518.05,-513.32,-509.05,-504.78,-500.96,-497.15,-495.62,-493.94,-493.79,-492.57,-491.96,-491.96,-490.43,-485.85,-480.36,-475.78,-471.66,-467.24,-464.49,-457.63,-452.44,-446.03,-440.23,-433.21,-426.65,-421.31,-414.9,-406.81,-397.96,-390.94,-385.3,-378.43,-373.24,-364.54,-354.01,-343.18,-333.72,-323.19,-313.88,-303.96,-291.91,-279.55,-268.56,-258.49,-248.88,-238.04,-229.5,-219.43,-209.66,-198.07,-186.47,-174.87,-163.58,-151.52,-139.93,-129.86,-121.62,-115.05,-107.12,-100.41,-95.065,-86.978,-78.89,-69.124,-59.816,-50.05,-41.353,-32.197,-23.347,-14.801,-5.9511,2.4415,10.529,17.548,22.584,27.619,34.181,41.81,46.846,53.255,58.901,64.852,70.498,74.465,77.67,81.79,87.436,90.945,94.913,101.02,106.36,109.71,111.24,113.99,119.33,126.65,134.59,142.83,149.24,153.66,157.32,159.76,159.92,163.43,166.48,170.9,174.26,177.92,179.75,181.13,185.71,192.11,197.76,206,215.61,223.55,229.5,234.23,238.5,242.77,244.3,246.28,243.39,239.72,238.04,241.25,244.61,246.28,246.44,247.81,249.79,250.1,249.49,250.1,249.03,248.57,247.51,247.66,246.28,244.15,241.71,239.42,240.94,242.77,241.86,237.74,233.01,229.04,221.72,212.26,197.76,187.99,177.77,168.16,159.31,154.73,153.66,154.27,153.2,150.76,148.78,153.2,156.41,159.15,158.85,160.99,162.51,166.17,168.16,168.16,166.78,166.78,167.7,166.63,162.97,161.14,157.93,159.15,159.61,162.66,162.36,160.53,156.71,154.58,152.29,150,146.64,147.56,147.56,149.54,149.24,148.47,144.35,140.08,136.57,137.49,138.25,140.39,142.67,147.4,148.01,150.15,149.54,151.37,149.08,147.25,145.57,145.42,146.79,152.75,157.78,161.9,163.43,164.49,163.73,166.33,168.16,170.6,172.43,174.87,177.62,180.21,181.59,182.81,182.35,182.04,179.6,176.55,171.21,167.09,162.97,157.17,152.13,146.34,140.84,136.88,130.77,126.5,122.38,121.62,120.24,121.31,122.53,124.52,126.96,129.09,130.01,129.86,129.86,130.92,130.92,131.53,131.23,131.23,131.08,133.52,136.11,136.42,132.6,127.41,122.38,120.4,117.04,116.89,116.43,118.26,119.17,120.55,121.77,121.16,120.09,118.11,114.44,111.24,108.19,108.19,107.88,107.43,105.29,106.51,107.88,109.87,112,114.6,114.75,114.75,114.6,113.68,111.39,107.27,97.812,90.793,86.978,87.436,90.335,94.607,100.1,104.22,104.22,97.659,89.114,84.384,81.027,77.364,69.735,62.105,53.255,46.541,42.879,45.473,48.83,54.781,60.579,64.394,65.004,68.056,70.498,74.618,77.975,83.926,88.961,93.234,96.591,102.24,107.88,112.92,117.34,123.6,130.77,137.79,141.61,138.86,131.99,128.33,125.89,125.74,121.16,119.63,119.94,124.21,126.96,131.99,137.49,140.69,142.06,140.39,133.06,128.03,118.72,110.48,98.575,89.419,81.484,75.381,68.972,65.31,61.953,55.849,47.609,39.216,30.213,23.652,15.107,6.4089,-4.5778,-12.055,-18.006,-18.769,-20.753,-22.889,-28.077,-34.944,-43.489,-51.424,-58.138,-59.969,-60.427,-57.833,-56.307,-53.713,-54.628,-56.001,-59.511,-61.647,-62.258,-61.19,-58.138,-53.713,-49.44,-45.625,-44.252,-44.71,-43.947,-41.047,-38.911,-36.775,-37.385,-37.996,-41.047,-44.404,-48.067,-53.56,-60.732,-66.836,-71.871,-77.212,-83.163,-88.351,-93.081,-97.049,-101.78,-104.83,-110.02,-114.44,-120.09,-123.45,-124.67,-123.75,-120.7,-114.9,-108.95,-102.85,-97.964,-93.539,-91.25,-88.351,-87.13,-84.994,-81.332,-74.313,-66.836,-62.41,-59.358,-56.764,-54.628,-55.086,-59.053,-61.8,-64.394,-67.751,-73.702,-78.28,-81.942,-84.994,-85.91,-85.452,-87.436,-90.793,-93.844,-97.812,-102.24,-104.22,-104.83,-104.07,-104.37,-102.54,-104.07,-106.81,-109.71,-111.85,-112.61,-113.68,-113.38,-112.77,-110.78,-108.49,-109.1,-109.71,-110.17,-110.93,-112.46,-110.78,-107.43,-103.92,-99.338,-93.844,-89.114,-84.536,-82.705,-79.958,-78.28,-76.449,-74.313,-71.108,-67.904,-65.615,-62.868,-59.358,-56.612,-54.323,-52.034,-48.83,-45.93,-41.658,-37.385,-31.739,-26.399,-20.6,-12.818,-7.0193,-0.45778,7.0193,12.818,19.227,24.873,31.892,38.148,43.794,47.761,52.339,58.596,63.631,68.514,73.855,77.67,81.637,86.367,90.945,93.387,95.981,98.575,102.24,105.44,107.12,107.27,106.51,105.14,104.98,106.81,110.02,111.85,114.75,116.43,118.87,120.24,120.09,119.63,118.11,117.5,118.41,120.09,123.29,124.52,125.43,125.74,128.03,131.53,135.81,137.49,137.33,137.33,137.18,137.18,139.16,141,144.51,146.34,150.46,152.59,154.58,156.56,158.85,162.36,166.02,168.61,172.28,173.04,175.02,175.79,176.55,177.16,177.31,175.79,173.96,171.67,168.16,164.49,162.66,161.14,161.14,159.61,158.85,156.1,154.42,152.9,152.59,151.22,150.46,149.08,148.47,147.25,147.86,147.71,147.4,146.49,146.64,145.88,146.18,146.18,146.18,144.05,139.93,136.72,133.67,130.62,129.7,128.79,128.18,125.28,123.29,119.63,115.21,109.1,103,97.964,93.539,88.961,84.536,79.348,75.533,69.277,64.852,59.816,56.764,50.813,45.93,42.421,40.132,37.843,33.418,27.009,21.668,17.09,14.039,8.3926,4.12,-1.2207,-3.5096,-7.6296,-10.376,-14.496,-18.616,-22.584,-27.009,-30.671,-35.096,-40.132,-42.573,-44.404,-45.32,-49.287,-52.797,-58.901,-63.478,-67.446,-71.871,-75.076,-78.585,-84.078,-91.25,-97.659,-103.31,-109.41,-112.31,-114.75,-116.89,-120.09,-123.29,-126.35,-128.03,-128.64,-130.62,-131.99,-132.3,-132.76,-131.08,-131.23,-131.53,-134.59,-138.25,-143.89,-149.08,-154.58,-160.83,-165.56,-170.14,-174.72,-178.38,-182.81,-186.77,-191.35,-193.03,-195.93,-194.86,-193.64,-191.96,-190.28,-189.67,-188.6,-187.69,-186.62,-184.64,-182.96,-180.67,-180.06,-178.69,-178.38,-177.01,-177.31,-178.69,-179.14,-180.21,-182.96,-184.94,-187.08,-189.98,-192.27,-193.64,-198.83,-203.56,-211.95,-221.11,-229.5,-233.31,-233.62,-230.11,-222.94,-210.43,-195.78,-182.04,-169.84,-153.05,-136.88,-122.23,-109.1,-92.776,-77.67,-56.307,-25.025,10.224,47.304,84.078,108.19,114.6,106.05,92.166,73.855,55.849,38.301,26.704,12.513,-2.4415,-17.09,-24.72,-27.314,-29.908,-34.791,-41.963,-55.086,-69.124,-86.367,-103.15,-119.63,-128.79,-133.06,-136.27,-139.77,-139.77,-141.15,-144.51,-149.69,-157.63,-165.72,-173.19,-185.09,-195.01,-205.69,-215.31,-225.99,-233.16,-238.35,-242.32,-246.28,-250.4,-256.05,-263.99,-269.63,-272.53,-274.97,-274.36,-274.21,-273.6,-274.36,-271.61,-265.66,-257.58,-248.27,-237.59,-228.43,-221.11,-215.46,-213.93,-216.07,-216.83,-219.58,-222.02,-221.26,-213.32,-203.1,-188.15,-172.73,-162.05,-157.48,-158.24,-165.72,-178.23,-194.25,-197.15,-183.57,-155.64,-123.75,-94.455,-75.838,-65.92,-62.716,-63.326,-63.478,-59.511,-54.476,-48.524,-46.846,-50.05,-52.492,-47.456,-38.453,-26.856,-17.701,-7.7822,4.12,11.139,7.1718,0.30519,-4.12,-4.5778,0.15259,8.5452,12.36,10.987,4.883,-4.4252,-14.954,-23.652,-29.908,-29.145,-19.837,-3.8148,11.292,21.058,22.431,15.87,3.6622,-7.1718,-18.311,-26.551,-31.739,-32.502,-36.47,-42.573,-52.187,-61.8,-75.381,-93.844,-110.32,-122.23,-129.55,-130.31,-125.89,-113.07,-103.76,-100.56,-103,-110.17,-122.68,-139.77,-154.58,-164.8,-171.97,-172.28,-165.72,-155.03,-146.64,-134.59,-124.67,-113.53,-100.1,-83.773,-68.209,-63.784,-73.55,-91.098,-107.73,-117.95,-115.51,-95.676,-59.511,-18.159,13.428,27.924,25.636,22.431,16.633,10.834,14.496,24.567,33.265,33.418,27.009,19.99,18.006,30.061,43.031,48.677,45.473,51.576,63.326,79.348,93.081,96.896,89.877,79.196,69.124,61.037,50.508,40.895,30.061,19.532,9.4607,-0.15259,-8.24,-13.733,-16.175,-10.987,-0.45778,10.376,19.837,23.957,25.025,21.516,10.987,-1.0681,-16.175,-29.45,-39.216,-42.726,-39.521,-32.96,-26.704,-21.363,-19.837,-21.973,-29.45,-39.064,-50.356,-57.985,-66.683,-77.364,-89.724,-98.575,-107.12,-112.16,-110.78,-102.69,-92.776,-87.741,-86.062,-85.91,-88.198,-86.825,-88.504,-95.218,-104.98,-115.21,-121.46,-116.73,-96.286,-74.313,-58.443,-47.609,-42.573,-43.031,-52.95,-66.53,-84.841,-100.56,-103.92,-95.523,-81.79,-65.767,-51.118,-38.911,-32.655,-33.113,-40.59,-57.07,-75.686,-89.419,-99.033,-105.9,-109.41,-107.88,-102.39,-94.302,-90.487,-88.351,-86.062,-85.91,-90.182,-96.744,-102.85,-110.32,-118.72,-126.04,-135.81,-146.64,-158.7,-167.39,-169.99,-166.78,-157.02,-143.74,-134.74,-133.67,-136.57,-140.39,-146.95,-151.22,-155.64,-157.93,-164.19,-171.36,-181.89,-194.1,-204.32,-213.93,-225.07,-233.47,-236.37,-232.4,-228.13,-222.79,-219.58,-216.83,-214.55,-210.27,-206.15,-198.37,-187.99,-176.09,-164.65,-155.49,-148.63,-145.73,-144.05,-140.84,-140.23,-138.71,-136.11,-131.08,-126.35,-119.94,-113.99,-107.43,-98.575,-86.367,-75.228,-67.293,-60.121,-52.797,-47.609,-41.505,-35.249,-28.23,-21.516,-13.886,-5.9511,1.9837,10.224,18.464,28.84,40.437,52.644,65.767,78.433,92.318,104.53,116.89,128.64,141.61,153.36,163.58,176.4,189.21,202.19,214.7,226.6,240.64,253.61,266.43,277.11,288.86,298.93,309.31,319.53,329.45,337.53,345.62,354.17,363.48,373.24,384.23,393.54,403.15,411.24,420.55,428.33,436.26,443.28,452.13,459.61,467.7,476.09,486.01,493.48,500.66,506.45,513.63,519.73,527.51,533.77,540.18,544.6,549.79,554.22,560.01,564.9,570.7,575.88,581.68,586.11,591.6,595.26,600.6,602.89,606.71,608.69,610.52,610.07,610.07,609.3,609.91,611.44,614.18,614.34,615.86,616.02,616.17,614.64,614.18,612.81,610.83,609.3,607.17,605.18,603.35,602.44,600.3,597.7,595.87,591.91,588.09,585.04,582.9,579.85,577.87,575.88,573.75,570.39,567.64,564.59,561.24,557.88,553.91,549.49,547.35,543.53,540.94,537.13,533.62,530.41,526.75,522.48,519.12,515,511.64,508.59,505.23,501.11,496.84,490.59,485.4,478.99,474.41,468.31,463.88,459.91,454.88,448.62,442.67,437.64,433.21,427.56,421.61,414.59,408.8,403.61,398.72,391.4,385.3,378.73,374,369.88,366.83,364.39,362.87,359.36,356.91,351.73,347,340.28,335.55,331.89,329.14,327.01,325.94,325.94,325.02,324.11,323.19,319.07,313.58,307.47,303.66,299.54,297.86,295.27,293.13,290.84,288.09,284.28,280.47,278.18,277.72,276.04,273.14,268.56,265.21,261.85,260.17,256.66,254.37,250.71,248.12,244.45,240.33,236.52,231.64,228.74,227.06,224.92,223.4,219.73,216.99,212.71,208.75,203.1,198.22,194.1,190.89,187.69,185.71,184.03,183.42,182.2,179.6,174.11,170.29,166.78,166.48,164.65,161.9,154.58,147.4,141.76,137.79,133.98,130.16,127.72,124.97,121.77,120.7,119.63,119.79,119.02,118.41,116.43,114.9,112.92,108.34,103.76,99.49,93.844,90.335,85.91,82.4,76.907,72.939,68.514,66.836,66.073,65.615,66.836,68.209,68.361,66.53,63.326,60.427,55.391,52.339,46.999,41.963,36.622,32.197,28.077,23.347,18.006,13.123,7.1718,2.2889,-2.7467,-7.3244,-12.513,-16.785,-22.889,-26.856,-30.519,-31.739,-32.502,-34.028,-36.317,-38.911,-40.742,-41.047,-41.963,-41.047,-41.047,-40.132,-41.047,-40.742,-41.658,-40.132,-39.064,-37.233,-37.843,-39.216,-40.132,-39.979,-40.132,-39.064,-35.401,-30.519,-28.23,-25.483,-26.246,-27.314,-30.671,-33.113,-36.164,-39.064,-43.489,-47.914,-52.644,-57.68,-63.478,-68.056,-74.465,-78.585,-84.994,-89.114,-95.065,-99.033,-106.36,-110.63,-111.39,-111.7,-112.92,-116.28,-121.62,-127.41,-131.23,-131.23,-130.47,-125.43,-120.7,-117.34,-117.04,-119.33,-121.92,-123.29,-125.74,-127.41,-129.25,-131.69,-133.67,-135.81,-139.01,-141.3,-145.27,-146.64,-150.3,-152.75,-154.88,-153.2,-151.37,-150,-151.52,-153.05,-154.73,-153.51,-153.97,-153.51,-156.1,-157.93,-162.66,-163.88,-166.17,-166.02,-167.39,-168.16,-167.39,-166.02,-166.63,-167.55,-168.92,-171.36,-176.24,-178.84,-181.74,-182.81,-185.71,-186.62,-187.54,-186.77,-185.86,-184.64,-184.79,-183.72,-184.48,-185.25,-187.54,-188.45,-189.83,-189.52,-191.05,-189.37,-187.54,-183.72,-180.06,-177.01,-176.24,-177.47,-180.36,-181.74,-181.89,-182.04,-182.35,-180.67,-180.82,-180.06,-180.67,-180.21,-181.89,-182.81,-185.55,-188.45,-190.28,-192.11,-195.01,-196.39,-198.22,-198.98,-201.27,-199.74,-198.37,-194.56,-193.18,-190.13,-187.08,-184.48,-183.11,-182.35,-183.72,-185.25,-185.09,-181.43,-175.94,-167.85,-161.6,-154.58,-150.76,-147.1,-145.27,-142.52,-142.52,-142.83,-145.12,-146.18,-145.57,-146.18,-150.46,-152.29,-155.95,-157.02,-160.53,-163.58,-167.39,-170.29,-174.72,-178.53,-180.67,-183.26,-186.16,-187.54,-186.62,-184.48,-184.64,-184.94,-185.71,-185.86,-187.69,-186.32,-186.77,-186.32,-183.26,-178.99,-172.28,-164.95,-157.78,-152.13,-151.07,-151.83,-155.64,-159.92,-164.95,-165.41,-164.95,-164.04,-164.65,-166.63,-167.7,-169.53,-169.99,-170.45,-172.28,-172.43,-177.31,-181.43,-186.32,-189.98,-196.54,-202.34,-209.2,-214.85,-218.97,-221.26,-224.92,-230.11,-235.45,-235.45,-235.6,-233.16,-232.09,-229.65,-227.36,-224.46,-220.19,-216.83,-215.46,-213.17,-210.12,-207.98,-206.31,-205.69,-206.92,-205.08,-203.71,-199.59,-195.17,-191.5,-188.3,-186.47,-187.69,-187.99,-189.83,-187.84,-182.35,-173.8,-168.16,-163.88,-161.75,-158.7,-157.32,-155.19,-155.49,-154.27,-152.59,-152.44,-152.44,-150,-145.12,-134.43,-124.52,-113.22,-107.73,-102.08,-99.49,-96.896,-95.37,-94.15,-93.997,-93.692,-95.37,-95.065,-97.354,-97.201,-97.964,-98.422,-100.56,-99.338,-101.47,-102.24,-103.46,-103.15,-100.41,-97.201,-97.964,-101.78,-104.68,-104.83,-107.12,-108.19,-111.7,-113.53,-116.58,-117.04,-114.75,-110.32,-104.68,-98.88,-95.218,-94.913,-98.575,-102.08,-108.49,-113.22,-121.46,-126.8,-128.94,-125.89,-122.07,-118.87,-118.41,-121.01,-127.11,-133.67,-139.01,-139.47,-138.86,-133.98,-131.08,-127.87,-128.18,-128.33,-130.01,-130.47,-131.69,-131.08,-127.57,-125.13,-125.74,-126.19,-127.87,-128.94,-131.84,-131.99,-134.59,-137.64,-140.54,-139.62,-131.38,-121.92,-114.9,-110.17,-106.97,-102.24,-97.201,-92.013,-88.504,-85.757,-84.384,-80.264,-75.991,-69.43,-64.089,-57.68,-50.203,-41.963,-32.502,-23.957,-17.548,-12.36,-10.071,-5.7985,-4.12,-2.2889,-3.2044,-2.5941,-1.6785,2.4415,5.7985,9.003,10.224,11.597,14.191,16.48,15.564,17.243,17.396,17.701,18.464,21.21,24.72,28.535,32.502,36.775,40.132,44.099,45.32,47.914,50.203,55.391,59.053,63.021,66.378,70.193,73.55,77.364,78.28,79.348,77.212,75.076,74.007,74.465,72.939,71.566,71.261,71.261,72.176,72.176,72.634,75.686,78.28,80.264,79.958,79.348,77.517,78.433,79.958,81.027,82.4,84.384,86.215,86.978,87.741,90.945,91.25,92.166,94.76,99.643,103.76,107.73,110.32,113.38,116.73,120.85,124.67,128.94,132.76,135.81,137.33,139.77,142.67,145.73,147.71,149.54,149.08,148.32,147.56,143.89,139.62,136.27,132.91,130.47,128.33,127.41,126.04,126.65,127.72,129.25,127.87,124.36,118.87,112.77,106.05,97.049,84.994,73.702,63.936,58.901,53.56,50.508,43.641,37.843,32.502,30.976,28.077,27.314,27.772,29.298,28.687,29.145,28.687,28.84,25.788,24.415,22.279,25.33,27.314,30.824,29.756,28.993,26.856,24.262,21.363,20.6,18.921,17.396,13.733,8.8504,1.8311,-2.2889,-8.3926,-12.513,-18.921,-24.11,-31.281,-35.554,-37.385,-37.843,-38.606,-38.148,-38.148,-37.843,-38.606,-37.843,-38.911,-38.301,-39.827,-41.2,-44.557,-46.083,-48.067,-49.745,-49.745,-48.677,-47.304,-46.388,-46.083,-45.32,-46.388,-45.625,-46.846,-47.609,-50.966,-54.17,-58.29,-58.748,-57.222,-52.797,-48.067,-44.71,-42.879,-43.947,-45.778,-45.015,-43.489,-39.521,-35.554,-29.145,-25.941,-23.041,-21.363,-17.548,-13.123,-7.9348,-2.8993,3.357,9.003,16.785,21.821,27.161,30.976,32.197,28.077,24.11,18.006,13.581,8.6978,7.1718,11.139,18.311,24.415,28.23,28.84,30.824,33.418,38.301,41.2,44.71,45.32,48.524,52.034,59.664,63.021,65.92,67.904,70.803,71.871,74.923,77.364,83.01,86.52,89.267,87.741,88.046,85.91,85.604,83.316,81.637,79.348,75.533,69.582,63.173,55.391,48.524,39.521,35.096,30.671,28.535,22.736,18.769,15.107,13.733,12.818,11.75,9.7659,7.6296,4.4252,3.2044,-0,-0.45778,-1.2207,-0.91556,-0.30519,3.2044,4.883,5.4933,2.2889,2.4415,2.8993,3.9674,5.0356,7.0193,8.6978,10.071,10.224,12.665,12.36,12.36,12.207,12.97,13.123,15.412,19.074,24.72,29.145,35.249,41.353,45.625,47.151,48.677,49.287,51.729,54.323,60.732,65.615,71.566,75.838,81.027,84.078,84.536,82.705,81.179,79.653,79.806,79.196,81.637,82.4,84.078,84.078,84.841,81.942,80.874,79.958,82.247,84.536,87.436,87.283,85.452,82.247,82.4,82.095,84.384,84.384,86.673,86.367,86.978,86.367,86.215,83.163,79.196,75.228,73.397,70.65,67.293,60.732,55.696,50.508,47.761,43.489,41.353,37.843,38.148,37.69,36.622,34.791,33.876,31.892,32.044,30.519,31.281,31.739,33.876,32.655,31.587,28.23,27.314,24.72,24.262,24.415,25.025,25.025,25.483,25.025,25.483,25.025,25.178,24.11,26.093,26.551,28.23,27.772,27.619,25.483,23.347,21.21,19.837,18.006,17.853,18.006,21.668,24.262,27.009,27.314,29.603,30.976,32.35,32.502,33.723,35.096,35.096,34.333,32.807,31.739,31.739,31.434,31.587,28.382,25.483,20.447,17.853,13.123,10.376,7.9348,6.8667,3.9674,-0.45778,-6.4089,-13.123,-19.837,-21.516,-25.483,-27.772,-29.756,-30.671,-34.028,-37.996,-43.031,-47.456,-52.339,-56.307,-59.053,-62.105,-64.852,-63.478,-62.41,-60.884,-59.053,-52.95,-49.287,-46.693,-45.473,-41.505,-36.164,-30.366,-26.551,-27.772,-31.434,-35.401,-40.59,-44.862,-49.593,-50.203,-52.797,-54.476,-55.849,-54.781,-53.713,-51.118,-50.813,-51.881,-50.05,-46.388,-44.71,-45.778,-48.982,-50.966,-56.459,-60.732,-64.089,-64.852,-65.615,-65.767,-66.378,-66.378,-66.836,-70.193,-75.686,-82.247,-89.877,-95.218,-99.643,-99.948,-97.964,-94.15,-92.776,-90.945,-89.572,-89.114,-88.046,-84.841,-79.501,-75.381,-74.007,-73.702,-75.381,-76.296,-77.822,-77.059,-78.738,-80.111,-81.179,-80.416,-80.264,-81.332,-84.231,-86.673,-87.893,-88.504,-90.64,-90.945,-91.098,-89.267,-89.877,-91.25,-94.76,-99.033,-102.24,-101.93,-101.78,-99.948,-98.27,-99.338,-103,-107.58,-112.16,-114.75,-120.24,-126.19,-133.82,-138.25,-143.74,-149.54,-155.19,-158.7,-162.36,-166.02,-167.24,-166.94,-168.77,-170.6,-173.19,-177.01,-183.72,-187.08,-188.76,-189.06,-190.28,-190.89,-192.27,-195.62,-199.13,-203.1,-206.15,-206.61,-207.07,-204.93,-201.57,-196.69,-192.88,-186.47,-174.57,-157.17,-138.25,-122.38,-112.16,-107.58,-107.27,-108.19,-114.14,-119.94,-122.38,-121.92,-125.74,-126.35,-124.97,-123.14,-121.77,-121.62,-121.92,-119.94,-117.95,-117.19,-118.56,-118.11,-119.79,-120.24,-122.68,-123.91,-123.91,-122.38,-119.94,-118.26,-115.36,-112.61,-110.78,-107.12,-105.59,-102.39,-101.17,-99.185,-98.117,-92.318,-87.13,-82.553,-78.127,-74.465,-71.108,-68.819,-66.073,-61.647,-56.307,-48.677,-43.184,-36.927,-32.35,-26.399,-22.126,-18.006,-16.175,-14.801,-13.886,-13.733,-14.649,-12.818,-10.834,-7.3244,-5.4933,-1.3733,0.91556,4.883,8.0874,9.3081,9.7659,10.071,8.6978,8.3926,9.1556,13.428,16.785,22.126,25.178,27.772,28.382,28.382,26.246,24.415,23.347,25.941,28.077,32.502,35.401,41.2,42.268,44.862,45.473,45.473,44.71,44.252,42.268,39.369,36.47,34.944,31.739,30.061,29.298,29.298,28.535,25.788,20.905,16.48,13.123,10.529,8.0874,8.3926,6.5615,2.5941,-1.3733,-3.9674,-6.8667,-8.5452,-10.529,-12.97,-16.327,-17.701,-19.379,-22.279,-24.72,-25.636,-27.009,-28.535,-29.756,-31.587,-32.96,-32.655,-35.401,-36.164,-39.064,-41.81,-46.236,-50.813,-56.917,-61.19,-65.462,-65.31,-66.225,-65.004,-65.004,-61.647,-61.342,-59.969,-58.748,-58.29,-58.596,-58.138,-58.29,-58.138,-60.579,-60.579,-61.19,-60.732,-61.342,-60.427,-58.443,-55.391,-50.966,-45.167,-42.726,-40.437,-40.284,-39.674,-43.489,-44.404,-45.625,-43.794,-43.184,-40.59,-37.385,-34.639,-32.807,-30.671,-30.976,-30.366,-30.976,-30.213,-30.366,-28.993,-27.924,-24.72,-21.058,-16.175,-11.902,-7.6296,-5.1881,-2.2889,-0.30519,1.8311,1.2207,2.4415,-0.30519,-2.7467,-6.8667,-8.8504,-11.444,-12.665,-17.396,-23.499,-28.993,-32.96,-37.69,-40.132,-45.778,-50.661,-56.154,-56.764,-59.053,-59.053,-58.596,-58.901,-59.511,-59.816,-60.427,-61.037,-62.41,-61.8,-63.631,-65.615,-69.887,-74.16,-78.433,-80.569,-82.095,-82.858,-85.147,-86.52,-87.893,-87.436,-84.994,-82.553,-84.078,-83.773,-84.384,-84.536,-86.825,-87.741,-88.809,-89.724,-90.335,-89.877,-88.351,-84.689,-79.806,-72.939,-66.683,-59.358,-52.95,-45.167,-36.775,-27.619,-16.48,-4.7304,8.0874,21.668,34.181,47.609,58.901,71.718,81.942,94.302,105.59,120.85,135.96,150.15,159.92,166.94,173.19,180.97,187.54,196.84,205.24,215.77,223.85,231.33,237.28,242.93,248.73,254.37,259.56,267.34,273.6,278.48,280.01,282.3,281.08,280.92,278.63,277.11,275.43,273.45,268.56,262,253,244.3,236.52,233.92,227.52,220.8,209.97,198.98,186.16,174.72,164.34,155.8,147.56,140.69,135.5,129.09,119.33,107.27,91.861,79.653,67.751,62.41,56.612,52.95,49.287,45.32,38.911,32.044,23.194,14.191,2.7467,-9.3081,-24.873,-36.775,-47.914,-53.407,-57.985,-62.563,-71.108,-79.653,-89.724,-98.575,-104.98,-106.2,-106.51,-103.15,-101.93,-101.32,-102.85,-99.49,-94.913,-88.198,-80.416,-70.65,-59.511,-45.32,-30.671,-14.496,-0.61037,14.191,27.924,42.421,55.391,66.53,78.127,87.13,90.945,93.539,94.302,99.338,99.796,97.354,90.945,85.604,79.348,74.618,69.582,66.378,62.105,59.511,54.476,49.745,41.963,31.739,18.464,5.6459,-6.5615,-17.548,-28.535,-37.538,-49.287,-58.748,-70.956,-79.806,-90.335,-98.422,-109.1,-117.19,-126.04,-134.13,-143.59,-151.52,-160.07,-166.48,-175.18,-183.26,-191.96,-200.05,-209.97,-217.75,-226.91,-239.27,-252.24,-263.22,-273.14,-284.59,-296.49,-306.1,-317.39,-327.31,-337.69,-347.76,-357.52,-367.75,-378.12,-386.82,-392.16,-395.98,-400.86,-405.74,-410.63,-413.37,-416.88,-418.71,-421.61,-425.43,-427.56,-429.55,-431.53,-434.89,-437.48,-439.31,-443.13,-446.03,-451.06,-453.66,-456.1,-455.64,-455.18,-454.12,-453.66,-454.73,-457.47,-460.98,-465.71,-467.85,-469.37,-467.7,-466.17,-463.58,-459.61,-456.71,-453.96,-450.45,-444.96,-440.08,-435.35,-427.56,-420.55,-413.68,-407.73,-399.33,-390.18,-380.72,-372.17,-365,-358.59,-352.03,-344.71,-335.09,-326.24,-315.1,-305.49,-295.72,-286.11,-277.57,-269.94,-262.31,-252.69,-243.69,-232.7,-220.34,-208.9,-197.15,-187.99,-177.01,-167.24,-157.78,-147.1,-135.81,-125.89,-115.97,-105.44,-95.828,-86.215,-76.601,-67.446,-57.07,-49.287,-41.2,-32.96,-23.804,-12.513,-0.91556,11.292,21.821,32.197,41.353,49.898,59.969,68.667,77.975,86.215,95.981,104.37,113.38,121.31,129.25,136.42,143.89,150.61,157.32,164.04,171.67,177.16,184.33,190.28,197,201.42,206.46,211.95,217.6,221.26,223.85,226.14,229.19,231.79,236.06,238.35,242.01,243.23,245.83,245.06,244,242.16,240.94,240.03,239.72,238.81,239.57,239.42,240.33,240.49,242.16,243.39,245.06,245.67,245.22,243.39,242.47,242.01,242.16,241.25,240.79,238.04,237.74,236.52,237.13,236.21,235.91,235.45,235.6,236.06,237.74,239.11,242.01,244.3,248.88,251.93,255.9,256.81,260.02,260.02,262.31,261.85,262.61,260.63,257.27,253.76,252.54,252.39,251.17,248.88,248.42,247.51,247.35,246.44,249.18,251.01,252.54,253.76,254.07,254.22,255.29,256.51,257.73,260.17,264.75,265.97,267.34,269.48,275.43,278.18,282.14,283.36,284.59,286.26,287.03,287.33,288.55,289.77,295.88,300.76,309,314.8,323.8,330.21,335.25,339.37,340.59,338.3,336.31,337.69,339.82,341.5,346.23,347,346.39,339.67,331.58,319.83,309.15,299.08,289.62,277.26,264.29,254.07,245.83,236.98,228.43,217.29,206.46,193.95,183.57,172.43,164.19,153.81,142.98,128.64,114.9,101.32,89.419,77.975,69.735,61.647,57.68,52.339,46.388,39.674,37.385,33.57,29.298,23.041,19.684,18.311,17.701,18.006,21.516,27.314,31.739,32.502,32.655,30.976,31.587,30.824,32.655,34.639,37.08,36.927,38.759,38.911,37.996,34.333,29.603,23.957,19.837,14.954,11.75,7.9348,4.4252,-2.2889,-8.24,-16.175,-23.041,-29.756,-33.876,-36.622,-38.759,-42.421,-46.083,-50.508,-53.713,-58.443,-59.816,-62.716,-65.767,-70.956,-75.686,-80.721,-83.773,-86.825,-90.335,-93.844,-95.676,-96.591,-98.575,-101.32,-103.15,-105.29,-104.98,-105.29,-102.08,-98.27,-91.556,-85.299,-79.196,-75.533,-72.634,-71.566,-71.413,-71.108,-66.683,-64.089,-59.511,-54.781,-48.677,-45.32,-41.81,-37.996,-33.57,-30.671,-27.924,-25.178,-23.957,-23.347,-19.99,-17.548,-13.886,-14.039,-13.581,-14.954,-16.022,-20.142,-21.973,-22.889,-23.804,-26.551,-31.129,-35.249,-37.538,-41.81,-46.693,-52.95,-59.664,-68.514,-76.144,-87.588,-100.71,-117.19,-133.52,-147.1,-158.39,-169.68,-182.65,-196.08,-206.31,-217.44,-227.97,-239.88,-246.28,-247.05,-239.72,-231.18,-220.95,-208.29,-192.57,-172.58,-152.29,-131.84,-112.46,-93.234,-75.686,-64.699,-51.576,-40.132,-33.418,-30.519,-23.804,-14.344,-1.5259,9.7659,19.837,28.077,38.148,45.625,48.219,46.541,49.745,52.95,56.307,58.596,60.579,58.901,55.544,55.238,57.985,59.358,59.969,59.969,61.037,60.427,61.19,59.206,57.07,52.797,50.356,48.067,49.287,49.44,48.677,46.083,43.184,38.759,33.57,26.856,21.668,16.327,12.36,7.1718,5.0356,1.9837,-0.30519,-3.2044,-4.883,-4.883,-2.7467,-1.0681,1.9837,4.2726,7.9348,10.834,15.107,16.175,18.616,20.447,24.11,28.382,33.418,40.132,46.541,53.713,60.884,66.225,72.176,78.585,87.283,94.455,104.22,113.68,123.75,131.38,137.49,142.37,149.85,157.48,165.56,171.67,179.91,185.25,193.64,198.83,206.46,212.26,219.89,224.77,230.72,234.99,240.18,244.15,249.34,253,257.58,260.78,265.66,269.02,272.53,274.67,277.11,279.85,283.06,284.59,285.96,285.5,286.11,286.72,289.93,293.28,296.95,299.84,303.66,305.95,308.54,309.76,312.51,313.12,313.88,313.43,312.36,310.07,307.47,306.1,306.25,306.25,307.32,304.57,303.05,300.45,298.78,295.27,293.59,291.76,290.38,289.32,288.25,286.87,286.11,283.67,281.23,277.72,276.8,276.96,279.09,281.69,283.97,283.82,281.53,279.24,277.72,275.12,272.68,269.33,265.97,262.31,261.24,258.64,257.73,255.29,254.52,253.3,252.24,250.86,249.79,250.4,250.4,250.71,251.78,252.39,253.91,253.91,252.85,250.25,251.47,251.93,253.61,253,251.17,250.56,250.86,250.4,249.49,248.12,246.28,243.54,242.77,240.33,236.37,231.03,225.38,220.5,215.46,209.66,204.47,198.98,194.1,189.37,186.16,182.2,176.85,168,160.07,151.83,146.34,140.08,133.06,127.57,122.68,117.5,112.16,104.68,99.49,95.828,96.133,96.133,95.828,91.861,88.656,85.757,82.095,79.196,76.907,75.076,73.855,71.718,69.887,66.683,64.852,58.748,52.492,43.489,37.69,33.876,31.281,27.467,22.126,14.496,7.1718,0.91556,-5.3407,-14.191,-22.889,-31.739,-36.927,-44.557,-50.203,-57.527,-63.173,-69.735,-75.076,-80.111,-83.316,-86.673,-89.267,-91.861,-90.335,-89.419,-84.994,-82.247,-77.212,-75.686,-74.465,-74.313,-77.212,-81.942,-85.91,-89.572,-92.929,-97.354,-97.964,-101.93,-105.44,-111.85,-117.65,-124.36,-127.26,-131.53,-135.81,-139.93,-144.51,-151.52,-158.85,-167.55,-175.94,-184.18,-189.06,-192.57,-193.95,-196.54,-197,-198.52,-196.54,-194.4,-189.21,-182.96,-177.16,-173.35,-169.99,-168.16,-164.49,-162.82,-161.9,-162.05,-160.07,-160.53,-161.29,-160.37,-160.07,-161.9,-161.29,-161.29,-160.83,-163.12,-163.43,-166.17,-164.04,-162.36,-158.54,-155.8,-152.59,-150.76,-146.18,-142.37,-137.94,-135.81,-133.82,-134.13,-131.69,-131.23,-127.41,-125.74,-122.53,-120.4,-115.82,-112.77,-111.09,-109.71,-108.34,-108.19,-107.12,-105.9,-102.08,-100.25,-98.88,-97.507,-95.523,-95.065,-94.913,-97.659,-101.63,-105.14,-104.83,-103,-100.1,-98.727,-95.218,-93.997,-91.098,-89.267,-85.757,-86.978,-86.978,-88.656,-90.793,-95.065,-99.185,-102.54,-104.37,-106.97,-108.8,-112.92,-116.12,-119.02,-116.58,-114.75,-113.07,-112.16,-113.07,-115.67,-117.19,-120.7,-122.23,-125.13,-123.91,-123.91,-121.46,-121.31,-120.4,-121.77,-121.77,-123.29,-124.52,-124.52,-122.38,-119.79,-117.65,-118.11,-118.11,-117.8,-114.44,-113.53,-111.7,-113.83,-115.82,-120.24,-122.07,-122.68,-122.68,-122.53,-122.99,-123.6,-124.52,-125.74,-125.13,-126.8,-127.11,-127.26,-126.96,-130.47,-134.28,-138.25,-142.83,-145.57,-146.79,-147.4,-147.4,-149.39,-148.47,-149.39,-149.85,-154.42,-156.87,-158.7,-158.09,-157.02,-153.97,-150.61,-146.18,-143.28,-140.08,-136.27,-130.77,-126.5,-120.24,-115.82,-111.7,-111.09,-109.41,-108.04,-105.59,-103.46,-99.033,-95.676,-92.166,-92.013,-91.403,-91.403,-89.877,-89.419,-86.673,-83.773,-77.212,-72.481,-67.598,-66.378,-65.157,-63.784,-61.953,-61.495,-59.358,-57.222,-51.576,-48.524,-45.32,-44.404,-41.963,-42.421,-38.911,-35.249,-29.603,-27.467,-24.72,-22.584,-18.921,-17.853,-14.954,-15.717,-15.564,-16.938,-16.022,-16.785,-16.938,-18.769,-21.058,-24.262,-26.093,-28.23,-29.45,-30.519,-29.908,-30.824,-29.908,-30.213,-27.924,-26.551,-24.873,-24.262,-23.347,-23.347,-22.736,-23.652,-25.025,-26.856,-24.72,-24.72,-24.262,-25.483,-24.72,-23.499,-21.058,-20.753,-22.584,-26.704,-29.298,-33.57,-37.385,-40.895,-41.2,-42.726,-40.132,-39.827,-38.759,-39.521,-41.2,-44.71,-48.067,-49.898,-51.118,-52.95,-56.154,-60.427,-62.868,-65.615,-67.751,-71.718,-71.871,-70.956,-68.514,-67.751,-67.293,-67.446,-67.598,-68.361,-68.514,-68.972,-70.345,-72.024,-72.481,-74.618,-76.754,-81.79,-86.367,-90.945,-92.013,-93.539,-94.455,-95.37,-94.455,-93.692,-91.708,-90.182,-89.114,-90.487,-90.182,-93.387,-94.76,-96.438,-94.15,-91.556,-88.656,-87.741,-86.062,-83.926,-82.705,-83.163,-82.553,-80.721,-75.381,-70.193,-62.41,-54.17,-45.015,-37.385,-28.687,-21.363,-12.97,-5.3407,2.1363,8.8504,14.801,20.142,27.924,32.197,37.08,39.827,45.015,48.372,52.644,56.612,61.8,65.92,70.04,71.566,72.634,72.634,73.55,71.718,72.939,72.939,74.77,74.465,77.517,78.89,81.027,81.179,81.942,80.569,79.196,78.127,78.585,78.28,79.806,79.196,82.553,85.299,90.64,92.166,93.234,93.234,94.15,95.828,97.354,97.201,97.354,97.354,100.1,101.93,104.37,104.37,105.59,107.12,108.19,106.97,104.53,100.25,95.523,88.961,82.095,73.855,66.836,58.748,53.407,48.219,43.336,34.486,25.636,17.09,13.428,9.4607,3.8148,-5.1881,-15.107,-25.788,-35.859,-44.862,-50.05,-56.154,-58.29,-60.579,-61.8,-65.31,-65.004,-62.563,-59.206,-54.933,-49.593,-44.404,-39.216,-34.791,-27.619,-21.516,-14.954,-10.681,-6.2563,-3.0519,2.8993,7.1718,12.36,17.853,22.126,24.567,26.246,27.314,28.84,30.213,35.554,39.827,43.031,43.641,45.778,45.778,46.999,46.999,46.541,47.609,50.661,48.982,45.473,42.268,41.505,42.116,43.947,44.557,46.388,46.236,47.761,47.304,47.304,44.099,42.421,41.505,41.658,41.963,42.879,40.437,39.521,36.927,36.927,34.486,34.028,32.655,31.587,28.84,28.23,26.856,26.856,26.551,25.483,23.194,21.516,20.905,25.025,26.704,29.603,31.434,36.317,39.369,41.963,42.268,41.353,38.453,36.775,33.723,28.687,22.126,18.159,12.97,10.529,7.0193,7.0193,5.1881,3.357,2.4415,1.9837,-0.61037,-1.6785,-2.7467,-3.357,-5.7985,-5.7985,-8.6978,-11.444,-14.954,-15.412,-16.022,-14.649,-16.175,-17.701,-18.006,-17.396,-17.09,-15.259,-12.818,-8.6978,-5.3407,-0,2.8993,6.4089,9.6133,13.733,16.022,17.396,17.09,14.954,12.665,11.902,9.9185,9.6133,6.8667,7.7822,8.0874,10.987,10.834,9.9185,9.4607,9.1556,6.2563,4.7304,4.5778,5.9511,9.1556,12.513,13.428,14.954,15.412,18.159,18.006,17.701,16.175,15.412,13.886,12.207,9.7659,9.003,7.9348,7.477,7.7822,9.7659,8.6978,8.5452,9.1556,13.276,14.801,17.701,18.159,18.311,16.938,16.48,15.107,13.276,8.8504,6.7141,2.4415,1.3733,1.6785,5.3407,9.4607,14.801,16.938,17.701,18.006,20.295,23.041,24.262,23.499,24.262,22.889,23.652,21.516,22.126,21.973,23.499,21.973,20.295,19.684,19.532,18.311,17.853,17.396,20.295,19.379,18.311,15.717,15.107,14.039,14.649,14.954,14.801,14.191,14.496,16.633,16.633,14.649,14.344,14.191,15.87,16.48,18.464,20.905,24.415,27.161,30.213,31.739,32.044,28.687,27.772,26.856,29.908,34.486,37.08,35.401,33.418,31.892,31.434,33.418,34.639,35.096,36.775,38.453,41.658,42.573,43.794,42.573,38.606,33.723,29.298,27.924,29.298,30.976,33.57,32.197,29.908,25.33,21.668,16.022,10.681,3.8148,-0.30519,-2.5941,-4.2726,-7.1718,-10.071,-12.207,-13.428,-16.022,-16.938,-22.889,-24.72,-25.33,-23.041,-21.973,-17.548,-16.022,-15.564,-16.785,-16.785,-17.701,-18.006,-20.142,-21.363,-24.873,-25.941,-27.772,-28.077,-28.687,-29.908,-34.791,-40.132,-47.304,-54.018,-60.121,-62.258,-64.089,-65.31,-68.667,-70.956,-75.838,-79.196,-84.689,-88.198,-89.572,-90.182,-89.419,-89.114,-88.198,-87.13,-89.267,-92.624,-99.796,-105.75,-113.53,-119.17,-123.75,-126.96,-131.38,-133.67,-136.72,-139.47,-140.84,-140.84,-139.32,-136.72,-135.96,-134.13,-134.74,-134.89,-134.13,-129.55,-125.13,-119.94,-114.75,-110.93,-108.95,-105.9,-102.85,-99.185,-97.049,-93.997,-92.318,-89.572,-90.03,-88.046,-87.283,-83.926,-82.858,-85.452,-91.25,-95.676,-97.659,-97.659,-97.354,-97.201,-99.643,-101.47,-106.81,-111.7,-117.19,-121.16,-123.6,-123.6,-123.14,-119.48,-117.04,-115.82,-116.28,-115.36,-113.22,-106.66,-100.71,-93.844,-89.419,-84.689,-80.111,-74.007,-68.667,-63.173,-57.985,-51.271,-44.71,-38.759,-33.57,-27.467,-25.941,-24.873,-25.025,-25.178,-29.45,-32.35,-33.876,-34.028,-35.096,-36.164,-40.132,-45.625,-54.323,-63.021,-71.413,-76.144,-82.095,-84.231,-84.536,-83.163,-80.569,-79.196,-78.585,-76.754,-73.55,-68.056,-65.004,-59.816,-58.901,-61.495,-67.751,-73.092,-75.686,-73.397,-71.413,-69.735,-69.43,-71.261,-74.007,-75.076,-79.196,-82.4,-85.147,-86.978,-89.419,-92.929,-94.455,-95.218,-96.744,-101.32,-107.88,-113.07,-120.85,-127.26,-133.82,-136.11,-137.94,-137.49,-138.1,-138.1,-134.28,-129.86,-128.79,-130.92,-131.69,-127.26,-120.85,-109.41,-97.354,-86.367,-77.364,-69.735,-64.089,-56.764,-50.508,-47.761,-49.135,-50.05,-50.356,-50.661,-52.034,-54.476,-58.748,-61.19,-63.784,-65.462,-68.972,-70.345,-71.261,-73.092,-75.991,-80.264,-85.757,-90.03,-94.455,-97.049,-98.727,-98.88,-101.63,-104.07,-107.12,-108.04,-106.81,-104.53,-99.338,-90.64,-79.501,-66.225,-52.339,-41.2,-36.47,-34.486,-36.164,-37.385,-40.437,-40.437,-40.895,-43.031,-48.982,-52.797,-52.644,-51.729,-51.729,-49.898,-47.609,-46.541,-51.881,-56.917,-63.326,-66.988,-70.956,-73.702,-76.754,-81.027,-86.52,-93.234,-99.338,-104.98,-107.27,-104.07,-101.02,-98.422,-96.591,-90.182,-84.841,-77.364,-66.988,-56.612,-45.625,-34.333,-24.262,-15.107,-6.8667,3.2044,10.071,17.701,22.431,26.856,28.84,32.044,34.181,34.486,32.35,27.467,22.126,19.379,20.142,23.347,23.041,24.567,26.551,28.382,26.551,24.11,21.668,22.126,22.584,24.567,25.33,26.704,29.145,31.892,30.824,28.993,25.483,23.041,19.074,18.921,18.159,19.379,22.584,26.246,29.45,33.418,37.233,39.979,43.184,47.761,50.966,54.933,55.849,55.849,54.17,54.476,54.933,57.527,61.342,67.141,72.024,75.533,76.754,78.738,76.601,74.007,69.43,67.293,65.31,64.699,62.563,61.953,61.8,60.732,59.358,60.884,66.988,73.397,77.975,85.452,91.25,96.286,97.812,99.643,101.02,103.61,104.83,107.88,109.26,109.1,105.29,102.39,97.049,92.166,83.621,75.381,67.598,65.615,66.225,68.667,72.481,77.822,81.027,81.027,76.144,69.735,61.953,54.323,47.456,43.336,36.164,30.976,27.619,26.093,22.126,19.684,16.327,14.801,16.022,17.396,17.396,18.616,18.769,19.99,19.379,18.616,14.344,12.665,10.376,8.24,6.7141,5.4933,5.1881,7.7822,12.513,16.48,18.616,20.753,19.837,23.957,30.519,38.148,41.505,45.473,46.846,46.388,46.236,46.541,44.862,43.031,39.674,37.996,35.707,32.807,24.72,19.532,13.428,9.9185,9.003,10.834,12.97,14.649,14.496,12.665,8.24,5.4933,4.7304,5.0356,1.8311,-2.4415,-9.6133,-16.48,-22.126,-28.077,-34.028,-37.996,-39.979,-39.827,-36.622,-28.382,-20.6,-8.5452,3.5096,16.175,23.957,29.756,30.824,31.434,30.061,31.129,32.044,32.807,36.775,44.862,50.356,55.696,60.427,66.378,70.65,74.618,77.975,82.247,87.893,95.523,99.49,102.24,103.46,106.66,108.8,113.53,115.51,116.89,117.04,119.79,121.92,123.45,123.29,124.82,125.89,125.58,118.26,111.39,105.9,106.81,109.87,120.24,127.11,135.65,146.49,156.71,163.12,167.85,172.73,177.01,177.31,177.77,178.08,176.55,170.9,166.78,163.58,160.37,153.51,145.12,135.81,128.33,121.92,114.29,104.98,96.591,85.91,77.059,65.462,56.459,44.252,36.317,27.924,18.616,8.8504,-0.15259,-9.9185,-18.311,-27.924,-36.927,-44.71,-49.745,-58.29,-64.852,-69.582,-71.566,-71.718,-69.277,-65.462,-61.8,-57.222,-52.339,-49.44,-47.609,-47.151,-40.742,-32.655,-19.837,-6.1037,5.9511,13.123,18.464,18.769,14.496,9.3081,6.2563,5.1881,4.4252,3.0519,0.61037,-5.3407,-11.139,-19.379,-25.178,-31.739,-36.775,-43.489,-48.982,-51.118,-52.034,-53.407,-55.544,-57.68,-61.342,-66.683,-71.871,-78.127,-81.637,-87.741,-93.844,-99.643,-102.54,-105.9,-104.98,-100.1,-93.997,-88.504,-84.384,-81.332,-78.89,-77.364,-73.092,-67.293,-58.596,-50.508,-39.369,-28.993,-22.126,-17.09,-15.259,-15.107,-16.48,-18.921,-20.295,-25.025,-32.655,-41.353,-48.677,-57.375,-64.547,-74.16,-80.874,-84.689,-86.825,-88.656,-87.283,-84.536,-82.4,-81.484,-82.553,-86.062,-90.03,-94.455,-92.471,-86.673,-79.806,-77.822,-74.618,-70.65,-67.598,-65.004,-64.241,-63.631,-63.326,-63.326,-60.121,-58.748,-58.443,-58.29,-52.95,-48.372,-45.167,-43.794,-41.81,-39.521,-34.639,-29.756,-25.788,-23.041,-25.941,-32.197,-33.723,-34.486,-34.791,-38.911,-40.284,-41.81,-43.184,-42.573,-41.2,-41.047,-38.453,-36.775,-37.08,-41.81,-45.93,-51.576,-55.238,-60.274,-64.241,-69.735,-72.939,-75.228,-79.501,-86.215,-91.708,-97.964,-101.02,-103.92,-104.07,-104.37,-101.02,-99.185,-96.133,-93.539,-89.114,-86.52,-84.078,-78.738,-70.803,-61.8,-51.118,-40.437,-32.044,-23.957,-17.853,-17.396,-19.684,-21.821,-19.379,-18.311,-18.159,-18.921,-22.126,-26.856,-32.502,-36.927,-38.606,-39.979,-39.369,-41.963,-42.421,-43.031,-43.336,-46.693,-47.914,-50.356,-54.323,-56.307,-58.748,-62.716,-66.073,-69.887,-73.55,-77.67,-78.585,-82.705,-87.893,-94.76,-97.507,-97.812,-99.185,-99.338,-101.32,-106.97,-110.17,-112.16,-110.93,-112.61,-114.29,-114.44,-113.22,-108.8,-99.185,-90.335,-82.553,-72.939,-61.647,-50.966,-43.794,-37.996,-30.671,-28.077,-25.941,-24.72,-23.041,-21.668,-17.853,-13.733,-7.3244,-3.9674,-1.6785,0.76296,5.0356,10.681,18.464,25.025,32.655,39.216,48.219,55.391,62.105,69.124,77.059,84.078,88.046,90.793,94.302,99.796,106.66,112,117.8,124.36,133.67,137.64,140.23,140.54,142.37,143.74,144.51,141.45,137.18,134.43,134.13,135.2,136.57,135.65,133.21,127.11,119.94,108.65,97.659,84.689,72.481,60.274,48.83,36.47,24.11,13.123,4.2726,-3.2044,-9.1556,-19.379,-31.281,-45.32,-57.375,-69.43,-81.332,-93.844,-106.66,-119.02,-132.91,-145.88,-156.25,-163.73,-171.21,-180.97,-191.35,-202.19,-211.95,-221.11,-225.07,-228.74,-232.09,-233.31,-234.84,-236.82,-239.11,-240.64,-241.86,-243.54,-245.22,-249.64,-254.98,-262.46,-268.26,-274.36,-280.31,-285.65,-292.06,-299.23,-306.1,-312.97,-317.7,-323.04,-326.85,-333.41,-338.6,-345.16,-348.98,-353.56,-356.91,-359.97,-363.17,-368.05,-373.09,-377.97,-382.4,-383.62,-382.85,-381.79,-379.8,-376.45,-370.19,-362.25,-353.56,-347.45,-340.74,-333.87,-328.07,-321.21,-313.58,-305.95,-299.23,-293.59,-284.59,-275.28,-265.21,-256.36,-244.61,-232.25,-219.58,-207.83,-197.15,-187.69,-179.3,-169.99,-161.14,-152.9,-142.67,-133.21,-121.46,-111.85,-102.54,-92.318,-81.027,-71.261,-61.342,-51.118,-41.658,-31.892,-22.431,-11.75,-1.2207,8.5452,19.227,28.382,39.674,50.356,60.274,68.972,79.196,90.335,100.25,109.56,118.11,126.35,132.6,138.1,146.18,152.44,158.85,163.88,170.6,176.09,181.89,187.99,193.64,198.52,201.88,204.17,206.31,207.07,208.44,208.44,208.59,206.92,206.31,203.86,202.34,198.68,195.17,191.81,189.52,188.76,188.3,187.99,187.84,186.93,187.23,185.09,183.42,180.67,178.53,174.72,172.73,169.84,167.85,166.33,164.49,163.88,162.51,159.46,158.09,156.41,155.8,153.66,153.97,153.51,154.12,154.88,155.03,155.95,157.02,158.24,158.39,158.7,160.68,161.9,163.43,164.65,167.24,167.7,168,167.85,168.46,169.07,168.61,168,166.94,166.94,167.39,166.33,168,168.46,170.45,171.82,175.02,176.55,177.16,177.62,178.69,180.06,182.5,185.4,188.15,189.67,192.11,192.88,193.33,192.57,192.27,192.42,192.72,193.79,194.86,195.78,196.84,196.84,197.45,195.93,196.54,196.84,198.52,198.07,198.68,198.83,199.59,201.73,205.08,208.59,211.65,212.1,214.09,215,216.99,217.6,220.5,221.87,224.92,228.13,232.86,235.3,236.06,235.3,234.23,233.31,235.15,234.84,235.45,232.25,230.41,227.52,225.23,221.56,217.14,212.26,207.07,198.68,189.21,179.45,171.82,162.36,154.58,145.57,138.1,127.87,120.24,114.44,107.88,98.575,91.708,85.147,81.637,78.738,79.043,79.196,82.705,85.757,90.793,97.507,105.14,112.31,120.85,128.18,135.5,142.06,150,158.24,166.94,175.18,185.25,193.33,199.74,203.71,206.76,210.73,215.77,221.72,226.75,231.64,236.98,240.49,243.69,245.06,248.88,253.3,256.97,259.25,259.71,258.95,257.27,255.75,254.07,251.17,247.81,242.62,238.35,233.01,230.57,227.82,228.13,228.74,229.35,231.33,232.09,229.8,226.6,223.7,220.65,216.07,212.41,207.37,201.42,192.72,185.71,176.55,165.56,155.34,145.57,136.11,127.72,118.11,108.49,97.354,89.572,82.553,74.923,65.31,54.628,41.047,29.45,19.227,8.5452,-4.2726,-16.327,-29.298,-39.827,-51.424,-61.19,-72.481,-81.942,-93.234,-102.54,-113.38,-122.68,-133.52,-145.27,-157.32,-168.61,-180.97,-193.03,-208.44,-220.95,-233.16,-241.4,-252.08,-263.37,-276.35,-287.03,-297.71,-308.08,-316.48,-324.56,-335.7,-340.89,-345.32,-351.42,-359.66,-365.15,-371.72,-377.82,-383.62,-392.47,-402.84,-411.85,-418.41,-421.46,-423.14,-425.28,-429.55,-433.67,-435.04,-434.58,-433.06,-430.46,-423.9,-415.05,-405.74,-399.33,-394.6,-389.26,-386.82,-384.99,-382.7,-379.8,-377.06,-368.66,-359.97,-352.64,-346.69,-340.43,-334.48,-330.21,-326.24,-321.82,-318.16,-314.34,-313.27,-309.76,-303.81,-295.42,-288.86,-283.52,-278.18,-273.45,-269.63,-266.12,-260.78,-253,-247.2,-241.86,-238.96,-234.69,-232.55,-232.4,-231.03,-228.28,-225.84,-222.79,-220.19,-216.22,-215.31,-213.02,-211.49,-210.88,-211.8,-213.63,-216.53,-217.9,-218.67,-217.6,-215.92,-210.88,-206.15,-201.73,-200.66,-199.59,-198.98,-197.91,-195.78,-191.66,-189.67,-188.91,-185.86,-181.28,-178.23,-173.65,-171.06,-168.16,-166.94,-166.78,-167.39,-167.09,-164.8,-160.68,-155.49,-149.08,-144.05,-136.57,-133.06,-130.92,-129.4,-128.33,-128.79,-130.01,-130.47,-131.08,-133.52,-137.79,-143.13,-144.66,-147.25,-145.88,-144.51,-143.89,-144.51,-143.89,-141,-138.55,-135.35,-130.01,-125.13,-117.8,-106.81,-91.403,-79.043,-68.361,-61.953,-58.443,-58.596,-56.001,-52.492,-51.424,-50.356,-48.067,-44.099,-37.233,-31.739,-26.399,-27.772,-33.418,-41.963,-47.761,-52.339,-57.985,-63.173,-65.767,-66.378,-68.667,-73.55,-77.822,-84.231,-89.572,-95.981,-100.86,-104.53,-103.15,-102.39,-101.93,-99.643,-95.065,-89.877,-85.452,-83.316,-84.841,-89.267,-90.64,-91.708,-92.318,-95.065,-97.201,-97.049,-90.793,-83.01,-78.738,-75.686,-70.498,-65.462,-65.004,-70.04,-74.465,-78.738,-76.754,-71.871,-65.31,-60.884,-55.391,-48.83,-41.353,-30.213,-16.633,-1.5259,12.055,27.314,43.641,54.17,66.53,79.501,93.081,101.47,105.59,108.34,112.31,116.73,123.29,130.77,136.72,142.06,147.1,151.98,158.7,162.82,168,170.45,172.89,171.51,166.17,157.93,150.61,142.98,135.04,126.35,117.04,106.51,97.659,88.046,82.705,78.28,76.296,75.686,75.991,73.244,68.819,65.767,60.427,52.95,47.456,44.404,42.726,38.911,36.622,32.197,30.519,30.976,32.807,31.739,26.856,18.616,9.6133,-0.15259,-10.376,-22.431,-33.876,-44.557,-52.492,-57.375,-59.816,-62.868,-62.716,-61.953,-60.121,-56.307,-50.203,-43.031,-36.622,-30.519,-24.415,-17.701,-9.3081,-4.7304,1.0681,3.9674,6.4089,8.5452,10.071,12.513,18.616,28.382,41.047,52.644,60.274,63.784,64.394,64.241,66.225,67.141,68.819,67.751,68.209,68.972,70.345,73.397,75.838,77.822,83.01,88.198,92.318,94.76,98.727,103.15,109.41,113.53,117.34,118.41,120.55,122.23,123.45,126.04,128.18,130.77,133.82,135.35,138.1,141,145.12,146.79,150.61,153.36,157.17,159.61,161.44,163.88,166.17,170.29,173.96,176.4,177.77,180.52,188.91,199.59,213.17,224.77,236.67,245.98,255.29,262.46,270.39,278.94,288.09,294.35,300.3,304.73,307.02,304.27,303.05,300.61,300.61,298.17,296.03,292.83,292.98,295.72,297.86,297.4,296.33,293.59,291.15,287.94,286.72,286.26,290.08,294.35,298.78,301.52,308.24,312.2,313.43,311.9,310.22,304.73,297.71,289.32,282.3,274.82,271.77,267.65,265.21,261.24,260.78,260.32,259.87,257.88,257.42,256.66,257.58,255.59,252.69,248.88,247.2,245.67,248.12,247.96,247.05,242.32,240.49,236.82,232.86,228.58,222.33,211.19,199.44,184.64,171.97,158.09,147.4,139.47,130.77,118.26,109.1,99.796,92.471,83.163,75.838,67.904,59.816,49.898,39.674,30.671,23.957,16.633,9.4607,1.3733,-4.7304,-10.987,-14.649,-17.243,-17.09,-14.649,-10.224,-5.0356,0.30519,2.7467,4.12,6.5615,9.1556,8.5452,9.4607,8.24,8.24,5.3407,2.7467,1.9837,3.2044,3.0519,4.5778,8.3926,9.3081,8.3926,6.2563,6.8667,11.292,12.207,14.039,13.276,10.071,2.7467,-3.9674,-8.5452,-8.8504,-7.1718,-3.9674,-2.2889,-0.30519,2.4415,5.7985,6.1037,3.9674,-0,-2.4415,-5.7985,-7.3244,-7.477,-5.6459,-4.4252,-3.357,-4.4252,-6.4089,-9.7659,-12.36,-14.344,-16.175,-22.431,-27.314,-32.35,-34.486,-34.181,-32.044,-29.603,-27.467,-25.025,-23.652,-24.415,-27.619,-30.366,-29.908,-26.704,-23.804,-24.72,-24.11,-23.194,-18.464,-14.191,-6.8667,-1.3733,1.2207,-0,-4.5778,-9.9185,-15.412,-19.684,-21.21,-23.804,-21.973,-21.058,-19.379,-19.227,-17.853,-18.464,-22.584,-28.382,-34.791,-40.895,-45.473,-50.203,-54.476,-58.901,-62.258,-66.836,-67.751,-69.735,-72.024,-76.907,-79.501,-77.517,-74.16,-71.108,-66.683,-60.732,-53.865,-48.219,-38.759,-29.756,-20.6,-14.954,-10.376,-6.8667,-2.4415,2.1363,5.6459,7.7822,10.834,10.987,9.9185,6.8667,6.4089,3.357,2.1363,-1.6785,-4.2726,-7.477,-11.139,-13.581,-13.733,-12.97,-10.987,-11.444,-9.4607,-8.5452,-5.7985,-3.0519,1.8311,6.4089,12.97,16.633,19.074,20.753,23.652,26.399,28.993,32.044,35.096,36.775,42.879,47.151,52.644,53.407,54.476,55.544,58.748,63.784,70.956,76.296,78.89,79.348,81.027,79.958,83.773,86.062,88.504,87.588,87.893,88.046,88.198,88.656,91.861,94.302,96.896,97.049,97.049,95.37,93.234,92.166,94.76,93.692,93.844,95.065,97.354,97.659,96.591,93.081,91.403,88.198,88.198,87.436,89.267,88.198,86.673,83.01,79.348,73.702,68.514,63.784,62.563,62.258,62.258,62.868,66.073,68.209,72.176,75.076,79.043,79.196,82.553,85.757,89.114,91.098,92.929,93.539,94.455,94.302,96.133,97.354,99.49,99.643,101.63,103,107.88,111.55,115.51,117.8,120.4,123.14,124.97,125.89,127.87,128.94,130.77,131.53,133.37,131.08,129.09,127.26,128.33,128.18,127.57,127.11,125.74,124.52,123.29,122.38,120.4,118.87,118.11,115.97,114.14,111.39,109.71,107.73,106.2,103.76,102.54,100.41,98.422,97.354,95.065,91.556,88.046,84.536,84.231,81.484,78.433,74.16,70.956,67.141,65.004,62.105,60.274,58.596,57.68,56.612,55.849,55.086,54.323,54.476,56.154,55.544,57.985,61.647,65.157,66.225,67.446,66.378,63.173,60.427,57.68,55.391,54.17,52.492,52.95,50.966,51.271,50.813,51.576,52.644,55.391,54.933,54.018,52.644,51.271,48.982,46.846,42.421,37.08,31.587,30.366,27.924,26.551,20.753,16.785,11.75,10.987,11.902,13.428,12.97,12.36,9.6133,8.8504,6.8667,7.0193,4.5778,0.91556,-3.0519,-4.5778,-9.1556,-10.987,-10.987,-9.1556,-6.5615,-2.1363,-1.3733,-0.61037,-1.9837,-2.8993,-6.2563,-6.8667,-10.529,-9.9185,-9.9185,-9.6133,-9.9185,-11.292,-14.801,-17.396,-19.99,-21.821,-24.415,-25.941,-27.619,-24.415,-22.431,-18.769,-17.243,-18.311,-21.668,-25.483,-28.993,-29.45,-30.366,-30.519,-31.739,-29.298,-27.619,-26.246,-28.687,-29.145,-30.976,-32.35,-34.639,-35.707,-37.69,-38.301,-38.453,-39.216,-42.268,-41.81,-41.505,-39.979,-41.81,-42.116,-43.336,-40.895,-38.911,-34.486,-30.519,-25.788,-22.736,-16.938,-12.055,-7.9348,-6.2563,-5.3407,-5.6459,-4.12,-2.4415,-0.45778,0.61037,1.9837,1.3733,-1.2207,-3.6622,-3.6622,-2.2889,-2.1363,-1.5259,-0.91556,-3.6622,-4.2726,-4.2726,-0.61037,1.5259,2.8993,3.357,2.1363,1.8311,0.76296,-1.6785,-1.9837,-1.3733,0.61037,1.0681,2.4415,2.2889,3.8148,5.1881,6.4089,7.477,7.7822,8.24,7.7822,6.5615,7.6296,8.5452,8.6978,6.7141,4.2726,-0.15259,-4.7304,-9.003,-11.597,-10.529,-8.0874,-5.3407,-1.8311,1.9837,5.6459,3.9674,2.4415,0.61037,-1.9837,-7.7822,-10.834,-14.344,-17.09,-18.921,-19.99,-22.126,-25.178,-29.45,-30.519,-33.723,-30.519,-25.483,-19.532,-16.633,-13.276,-10.834,-8.24,-6.4089,-3.5096,-1.8311,1.6785,3.357,5.6459,3.8148,5.1881,5.7985,7.7822,8.24,9.3081,10.071,12.513,12.97,10.834,7.477,5.9511,1.3733,-4.12,-10.834,-16.785,-25.636,-34.181,-42.116,-48.067,-55.086,-60.427,-63.936,-67.141,-71.261,-73.092,-74.77,-78.127,-82.4,-85.299,-87.893,-89.419,-92.166,-95.218,-95.676,-93.081,-92.929,-92.776,-92.471,-91.556,-92.624,-91.25,-90.335,-90.182,-89.419,-88.351,-88.656,-88.656,-89.724,-89.877,-91.556,-91.098,-90.03,-85.299,-81.179,-75.533,-72.024,-69.582,-67.904,-64.852,-62.258,-61.19,-61.037,-61.19,-61.647,-61.647,-63.173,-65.767,-71.261,-76.907,-83.926,-90.64,-97.659,-101.93,-104.98,-105.9,-107.73,-106.66,-106.36,-104.07,-104.53,-104.37,-105.75,-106.66,-106.51,-104.53,-105.14,-104.98,-107.27,-107.43,-111.85,-113.99,-118.41,-121.16,-123.6,-121.01,-118.56,-114.6,-112,-111.24,-111.24,-107.27,-103.92,-100.41,-97.354,-91.556,-89.572,-86.215,-82.095,-73.397,-67.598,-64.547,-63.631,-62.105,-61.342,-59.664,-60.884,-62.868,-68.209,-71.261,-73.244,-72.176,-74.16,-73.855,-73.855,-73.244,-73.092,-73.092,-74.007,-74.923,-75.381,-74.77,-74.618,-70.803,-66.683,-61.19,-60.579,-57.527,-55.238,-51.881,-49.745,-44.862,-42.268,-40.742,-39.216,-37.69,-37.233,-32.96,-31.587,-27.009,-25.483,-22.584,-19.684,-14.954,-13.428,-12.055,-12.207,-12.97,-13.276,-11.292,-8.6978,-5.4933,-5.6459,-5.9511,-7.3244,-6.7141,-8.3926,-8.0874,-9.1556,-7.3244,-6.5615,-4.2726,-1.0681,4.883,13.886,24.262,33.265,41.2,48.219,56.154,60.884,68.056,72.634,75.991,77.517,80.569,83.163,86.062,87.283,89.267,90.487,93.387,96.286,99.796,101.02,103,103.46,103.31,99.49,93.997,88.809,85.757,82.858,80.721,78.127,75.076,68.514,66.683,64.394,61.8,57.833,57.68,55.544,53.407,50.966,49.287,48.219,49.593,50.661,53.407,54.933,57.68,58.138,59.664,59.969,62.716,65.615,69.124,71.413,73.244,75.991,80.416,81.942,81.027,80.416,82.858,85.299,89.724,92.471,96.896,97.659,99.948,99.338,98.727,97.507,98.575,98.117,96.286,94.302,94.76,94.913,95.981,96.133,96.744,94.15,93.234,90.03,87.13,82.4,79.043,77.517,75.533,73.702,73.244,74.618,78.585,80.111,81.79,80.874,79.806,77.364,75.686,72.634,71.871,70.193,68.819,66.378,62.258,55.849,50.203,45.473,42.879,39.827,40.132,41.047,43.794,44.404,47.456,49.287,52.644,56.001,57.985,58.748,59.664,61.647,63.631,63.173,61.342,57.375,56.001,50.05,44.252,37.233,34.181,31.129,30.366,28.382,26.246,22.736,19.99,15.412,11.75,5.3407,1.5259,-2.5941,-3.0519,-3.8148,-2.2889,-2.2889,-2.1363,-1.0681,3.2044,7.9348,13.733,18.311,22.889,25.636,28.84,30.976,33.57,34.791,36.47,36.927,37.233,36.164,33.57,31.587,31.129,31.129,30.519,28.23,26.856,23.804,20.6,15.564,11.75,6.4089,1.0681,-3.8148,-7.7822,-10.224,-12.36,-15.107,-15.412,-17.548,-16.48,-18.006,-18.769,-21.058,-19.837,-20.142,-19.684,-18.769,-17.548,-16.022,-11.75,-9.4607,-6.2563,-5.7985,-3.357,-2.5941,-1.3733,-2.4415,-3.2044,-4.2726,-3.6622,-4.4252,-5.3407,-6.1037,-6.1037,-8.3926,-9.3081,-10.681,-11.292,-13.123,-14.039,-18.311,-21.058,-25.33,-25.788,-25.33,-23.804,-24.873,-25.636,-26.551,-28.077,-30.824,-31.587,-32.655,-30.366,-28.23,-24.11,-22.889,-20.905,-18.769,-16.633,-15.259,-13.733,-13.276,-11.444,-11.139,-9.3081,-8.8504,-4.883,-2.5941,-0,1.2207,3.8148,4.7304,4.883,5.4933,6.8667,9.9185,13.123,15.259,18.311,20.753,22.431,22.584,21.668,19.99,19.684,19.99,19.532,19.074,18.616,17.853,18.159,17.548,16.327,12.513,10.987,8.6978,7.0193,5.3407,6.7141,6.1037,7.0193,5.7985,3.8148,-0.91556,-4.5778,-7.6296,-10.071,-13.428,-14.954,-18.159,-19.532,-23.652,-24.873,-26.704,-26.246,-28.993,-32.807,-38.911,-42.879,-46.388,-49.593,-51.881,-52.644,-52.797,-48.372,-47.609,-45.473,-46.846,-46.236,-47.456,-47.456,-48.524,-48.83,-50.508,-52.187,-55.238,-53.255,-52.797,-49.745,-48.982,-46.236,-45.015,-43.641,-43.641,-44.71,-46.541,-47.761,-48.982,-49.898,-52.797,-52.339,-52.644,-53.56,-56.459,-60.274,-66.683,-70.956,-75.381,-76.754,-80.264,-86.215,-95.37,-102.24,-109.56,-113.83,-121.01,-125.13,-129.09,-132.91,-137.64,-139.62,-142.83,-144.81,-145.57,-144.96,-148.63,-149.85,-149.24,-148.01,-150.61,-152.44,-155.95,-159.61,-161.44,-160.83,-159.92,-158.7,-159.46,-159.76,-162.21,-163.43,-166.33,-166.94,-167.09,-164.04,-160.68,-156.41,-151.52,-148.32,-146.18,-141.91,-138.55,-135.5,-135.35,-131.53,-128.64,-124.67,-122.68,-121.62,-121.01,-120.09,-120.4,-121.16,-122.53,-122.84,-122.07,-119.17,-118.56,-119.17,-121.62,-123.14,-129.09,-135.65,-142.67,-148.47,-153.05,-154.58,-153.05,-149.54,-146.34,-141.45,-138.86,-136.88,-136.72,-134.28,-132.76,-130.01,-127.41,-126.65,-127.41,-127.41,-125.58,-124.21,-125.13,-125.58,-128.64,-130.16,-130.92,-129.55,-128.18,-125.58,-122.53,-120.55,-119.02,-117.5,-117.04,-115.97,-113.68,-110.78,-110.32,-109.26,-110.78,-112.16,-114.9,-114.9,-113.99,-110.93,-108.95,-108.8,-111.24,-112.61,-115.36,-116.58,-119.17,-117.95,-115.21,-109.87,-106.66,-104.07,-99.49,-92.776,-85.91,-77.822,-71.718,-65.31,-60.121,-54.17,-50.05,-43.184,-39.064,-31.739,-24.262,-15.259,-6.7141,1.2207,8.5452,16.633,22.126,27.772,29.298,31.892,34.639,38.606,40.284,44.71,50.203,55.391,58.29,61.8,65.31,69.735,72.176,76.907,80.569,87.741,92.776,101.32,107.27,114.14,120.55,126.65,131.99,137.49,144.51,152.59,158.39,163.73,167.24,173.04,177.01,182.96,188.91,195.01,199.13,203.71,206.46,209.66,211.8,215.31,216.53,221.41,223.7,227.52,229.8,231.79,232.7,233.77,233.92,235.15,235.15,234.69,231.79,229.96,227.52,227.67,226.75,227.21,229.5,230.72,230.87,231.18,232.09,234.84,236.21,238.65,240.49,241.25,242.01,241.55,241.25,242.77,244.76,247.2,249.18,252.24,252.85,254.52,254.83,256.66,258.49,258.95,257.58,256.2,257.58,257.58,255.9,255.44,253.91,252.39,250.56,251.01,252.85,254.68,254.98,255.9,256.51,256.51,255.13,255.44,255.59,258.49,261.24,264.9,267.8,269.78,273.9,278.33,284.43,290.99,295.57,301.83,307.17,313.73,317.85,323.04,326.09,328.53,330.82,334.33,338.15,342.27,345.01,347.76,349.89,354.63,357.68,360.58,362.56,364.24,364.09,362.25,360.58,359.36,357.98,357.37,354.01,351.57,348.06,345.32,341.81,338.6,336.01,331.58,325.63,318.61,311.75,304.57,297.25,292.98,287.94,284.43,279.85,275.28,269.48,264.9,260.78,257.42,253,250.1,245.37,241.55,236.52,233.01,229.19,224.77,218.36,210.27,202.19,194.71,186.32,179.91,173.8,168.92,161.29,153.51,145.27,137.94,130.77,122.84,113.53,103.76,93.997,83.621,71.108,60.274,48.372,38.301,27.619,18.769,9.7659,2.1363,-2.8993,-8.8504,-12.513,-13.276,-16.022,-19.074,-24.415,-27.467,-33.876,-39.064,-42.573,-44.557,-48.372,-50.508,-50.05,-47.304,-46.236,-45.778,-47.609,-47.914,-49.287,-47.914,-45.473,-42.573,-42.879,-43.794,-46.999,-48.982,-51.729,-54.018,-56.154,-57.68,-60.579,-63.326,-66.683,-68.361,-73.244,-76.144,-81.79,-84.536,-87.893,-90.335,-94.302,-96.896,-101.32,-104.83,-110.48,-114.75,-120.85,-126.19,-132.76,-137.64,-141.15,-141.61,-143.74,-145.73,-148.17,-152.75,-158.24,-163.27,-168.31,-172.12,-175.79,-178.23,-183.11,-185.86,-188.6,-189.21,-190.89,-194.4,-199.29,-207.22,-214.24,-217.9,-223.09,-230.11,-234.53,-234.84,-235.91,-232.4,-229.65,-225.23,-222.33,-219.58,-219.73,-219.58,-220.8,-224.62,-230.87,-235.76,-238.96,-237.89,-240.18,-242.77,-249.03,-251.17,-250.71,-248.27,-247.2,-249.49,-256.81,-258.49,-259.1,-258.8,-259.56,-257.88,-260.32,-263.07,-263.22,-259.41,-252.69,-241.55,-229.96,-218.67,-211.04,-201.27,-193.33,-185.86,-182.81,-179.91,-179.45,-175.79,-172.28,-169.53,-171.06,-176.55,-183.26,-186.47,-190.89,-193.79,-198.07,-199.44,-200.96,-202.03,-204.78,-207.53,-210.88,-215.61,-224.16,-232.25,-242.47,-249.95,-260.02,-267.65,-276.35,-281.08,-285.35,-289.93,-294.81,-298.17,-300.45,-300.91,-302.74,-302.59,-303.2,-303.66,-305.34,-305.34,-305.49,-306.56,-307.63,-307.32,-307.02,-303.66,-299.54,-294.35,-290.54,-283.97,-281.53,-280.31,-280.62,-280.01,-280.77,-283.06,-283.82,-284.59,-286.26,-285.65,-283.52,-277.72,-272.99,-268.26,-263.99,-262.61,-261.09,-261.39,-261.54,-261.09,-261.54,-261.09,-264.44,-267.34,-271,-274.21,-278.33,-282.45,-286.26,-289.77,-292.06,-292.98,-293.59,-294.05,-296.18,-294.96,-294.96,-293.44,-293.74,-292.98,-291.6,-289.77,-286.72,-281.99,-276.8,-269.63,-264.9,-258.95,-255.44,-251.01,-249.18,-245.98,-242.01,-237.43,-232.09,-225.99,-220.95,-217.14,-212.87,-206.15,-198.83,-191.2,-186.01,-180.97,-176.24,-171.97,-168.46,-165.11,-162.66,-160.22,-157.32,-152.44,-148.01,-142.98,-139.01,-134.59,-133.98,-132.3,-130.01,-127.72,-125.89,-122.23,-117.95,-114.14,-110.78,-106.97,-105.9,-105.14,-104.98,-103.61,-100.86,-96.133,-91.25,-87.436,-84.231,-80.111,-76.296,-71.413,-66.073,-60.427,-56.917,-53.407,-50.813,-46.541,-43.489,-41.047,-39.216,-36.775,-31.739,-25.178,-19.074,-12.97,-8.5452,-1.5259,4.2726,10.834,16.633,24.415,31.587,38.301,43.336,47.761,51.881,54.018,55.238,57.68,58.596,62.41,65.31,68.056,69.887,72.176,73.397,75.838,77.212,79.348,82.247,85.452,86.215,84.078,83.163,86.52,90.945,96.591,98.575,102.54,106.81,113.38,118.41,122.99,128.48,134.43,139.77,143.59,146.95,151.07,152.59,154.42,155.03,158.7,161.9,164.95,164.34,164.19,164.04,163.58,161.29,158.7,156.25,155.03,155.64,157.32,159.31,164.65,166.63,169.84,171.97,177.92,182.35,186.62,188.6,190.28,191.5,191.66,191.5,192.57,193.03,195.93,197.45,201.88,203.86,208.14,210.58,210.43,208.29,206.31,203.86,201.27,198.52,197.3,194.25,194.25,193.03,192.27,189.06,186.77,182.04,180.82,176.55,174.57,173.19,170.75,165.56,161.6,156.56,152.75,148.63,147.56,143.59,142.37,138.55,135.2,129.7,124.82,117.34,109.87,102.69,98.727,95.676,92.624,88.351,88.656,88.351,89.267,87.588,87.13,84.384,82.4,77.212,73.092,68.972,67.141,63.326,60.579,57.375,54.628,53.102,54.781,54.323,53.713,50.05,47.761,44.404,43.947,43.794,44.252,43.947,41.2,36.927,29.908,21.363,14.496,11.139,9.7659,6.7141,6.5615,4.883,4.5778,3.0519,3.5096,4.7304,4.7304,1.6785,-3.8148,-9.1556,-10.681,-12.665,-12.055,-12.665,-10.529,-8.6978,-6.2563,-7.0193,-8.0874,-11.597,-16.633,-21.821,-26.093,-30.671,-34.791,-38.301,-38.911,-39.674,-40.132,-41.2,-40.895,-43.336,-44.557,-47.914,-52.797,-57.07,-61.495,-67.751,-72.481,-77.364,-80.264,-84.384,-88.351,-95.065,-102.24,-111.85,-121.16,-132.76,-144.51,-155.64,-165.11,-174.72,-184.03,-194.25,-204.17,-214.09,-222.17,-230.57,-236.52,-240.94,-240.49,-239.88,-238.81,-236.82,-236.82,-235.76,-233.16,-229.5,-224.46,-219.89,-213.78,-207.22,-198.07,-186.62,-171.36,-158.54,-146.64,-136.27,-127.26,-117.5,-106.66,-94.455,-80.416,-66.53,-52.034,-36.47,-19.99,-6.5615,7.3244,19.99,34.944,48.524,63.326,77.059,90.182,103.15,116.58,128.48,140.39,151.37,161.9,167.7,173.19,176.85,182.5,187.99,195.17,202.49,209.05,214.85,220.19,222.79,226.45,226.6,227.36,226.29,226.91,225.07,223.4,220.34,218.67,217.6,216.22,214.09,213.32,210.12,208.29,204.32,201.57,196.39,191.66,185.25,178.53,170.75,164.65,157.48,151.22,142.52,134.28,122.07,115.67,110.63,107.88,102.08,95.981,88.961,79.348,66.53,53.407,39.827,24.72,9.003,-3.8148,-17.701,-28.535,-40.742,-50.203,-59.358,-66.225,-72.176,-76.907,-82.4,-86.367,-89.724,-94.913,-101.17,-102.54,-100.71,-93.844,-87.893,-80.721,-73.855,-66.836,-62.258,-64.699,-69.277,-72.176,-72.024,-68.972,-70.193,-75.076,-84.078,-89.114,-94.302,-99.948,-109.26,-116.43,-123.45,-129.4,-133.67,-137.33,-140.84,-142.98,-143.59,-144.66,-146.34,-149.39,-153.66,-155.34,-157.48,-158.24,-160.07,-160.68,-161.9,-163.27,-163.88,-164.49,-168.16,-173.5,-178.38,-180.21,-181.89,-181.28,-183.11,-185.86,-191.2,-196.54,-203.25,-211.04,-217.9,-224.46,-230.57,-234.99,-238.04,-240.49,-243.54,-245.22,-247.05,-247.35,-247.51,-245.67,-243.54,-240.18,-236.98,-234.69,-233.47,-233.16,-232.25,-232.7,-232.25,-229.8,-226.45,-221.41,-216.68,-210.43,-205.24,-199.74,-193.18,-187.54,-179.45,-171.21,-162.05,-152.13,-143.28,-132.3,-123.6,-114.14,-106.81,-97.201,-87.588,-76.754,-66.225,-55.238,-44.862,-34.639,-26.399,-17.243,-9.1556,-0,6.5615,16.48,24.11,32.96,41.2,49.44,57.985,67.751,75.838,86.367,95.065,105.75,115.67,127.11,136.88,146.95,155.03,163.43,171.67,180.06,187.84,195.93,202.64,210.88,217.29,225.07,230.26,237.59,243.54,246.89,249.03,250.56,251.78,254.37,255.44,258.03,258.64,261.39,261.54,263.37,265.82,267.95,268.56,268.56,268.26,267.95,265.82,264.44,261.24,259.25,257.58,258.95,259.1,260.17,260.78,261.09,260.17,260.48,258.95,257.12,253,250.1,247.05,245.22,244.15,242.32,238.81,235.15,230.41,226.75,221.26,217.44,212.1,206.61,199.59,191.96,183.87,175.79,167.39,159.76,150,141.15,130.62,122.99,113.99,106.36,97.659,91.556,84.231,79.043,73.702,70.498,65.462,60.579,56.001,54.018,50.966,50.966,50.508,52.797,55.544,57.833,59.358,59.206,60.274,60.579,61.342,64.241,65.004,68.209,70.193,73.55,74.007,75.076,74.77,74.16,73.702,74.007,73.397,73.55,71.718,71.566,70.803,73.397,75.991,80.569,83.316,86.825,90.335,94.15,97.964,102.69,108.34,112.61,112.46,112.77,110.63,107.43,101.78,98.422,95.676,93.692,88.809,82.095,72.634,65.767,58.29,54.781,50.966,48.677,43.641,39.369,36.012,34.333,29.756,25.636,21.363,18.006,12.207,5.9511,-1.9837,-6.4089,-9.4607,-9.4607,-10.529,-9.9185,-9.3081,-9.4607,-8.0874,-6.2563,-3.357,-3.2044,-5.7985,-6.7141,-8.6978,-10.376,-13.428,-15.412,-19.074,-21.363,-19.99,-17.853,-15.87,-13.276,-9.7659,-9.7659,-13.123,-14.954,-16.785,-18.159,-20.905,-21.21,-21.668,-23.499,-27.467,-30.824,-30.976,-27.924,-23.957,-21.21,-21.973,-25.941,-33.113,-40.59,-49.44,-52.95,-54.323,-53.255,-52.034,-50.661,-50.966,-52.797,-54.17,-55.544,-57.222,-54.476,-54.018,-56.154,-58.443,-59.969,-63.173,-65.31,-66.683,-66.225,-66.225,-63.326,-54.933,-45.015,-38.453,-28.077,-16.022,-3.2044,6.4089,15.717,21.516,25.788,28.993,32.502,33.876,39.369,49.745,65.31,75.991,86.825,99.185,114.75,128.03,141.45,153.66,159.92,161.29,161.6,160.37,162.21,165.41,172.43,180.06,190.44,195.01,194.25,188.3,179.3,173.19,171.21,169.38,165.72,158.85,151.98,148.01,149.39,150.61,150,147.71,148.78,149.69,150.15,151.52,153.97,153.81,148.17,132.15,115.21,101.32,95.981,93.844,91.403,86.978,84.078,84.536,89.114,85.452,72.939,54.17,40.895,28.535,17.396,2.4415,-14.039,-29.145,-37.538,-40.284,-39.674,-42.268,-44.71,-43.641,-40.284,-42.421,-45.625,-47.761,-47.456,-44.404,-39.827,-38.301,-39.827,-39.216,-37.538,-40.132,-44.71,-50.966,-56.154,-64.089,-71.413,-78.28,-84.994,-91.098,-96.438,-105.14,-114.6,-126.04,-136.11,-146.64,-153.81,-164.95,-177.92,-190.44,-202.95,-215.92,-225.23,-233.47,-241.25,-250.86,-259.41,-267.8,-272.68,-274.36,-269.48,-265.21,-260.17,-257.42,-257.73,-260.02,-261.39,-263.37,-267.49,-273.45,-277.11,-281.69,-284.89,-287.33,-286.11,-282.75,-279.24,-278.33,-280.01,-283.52,-289.32,-295.88,-302.44,-307.32,-306.25,-305.03,-304.12,-305.34,-303.51,-301.68,-302.74,-303.96,-303.81,-301.68,-293.74,-286.72,-276.96,-268.72,-264.14,-265.36,-267.34,-267.95,-263.68,-256.81,-247.66,-234.84,-215.31,-199.29,-186.01,-177.62,-170.6,-167.85,-166.02,-167.09,-169.38,-169.84,-171.21,-177.01,-182.5,-187.54,-191.05,-191.66,-187.08,-182.96,-179.6,-175.18,-166.33,-155.8,-143.59,-130.16,-117.8,-109.41,-102.69,-101.47,-101.32,-103.15,-104.53,-105.75,-107.88,-112.61,-117.04,-120.4,-123.45,-124.67,-120.7,-114.75,-104.83,-97.201,-89.724,-81.179,-72.787,-65.615,-58.29,-51.118,-42.421,-32.96,-21.821,-14.191,-5.4933,-0.91556,5.1881,10.987,16.175,21.821,27.924,30.366,29.756,25.483,22.126,18.921,19.837,20.905,26.093,30.824,35.249,36.927,39.521,39.674,40.284,39.064,37.69,34.791,33.723,32.96,33.113,29.298,26.246,21.973,20.6,21.058,23.652,25.788,30.213,32.502,33.265,31.434,33.113,32.655,31.587,28.687,26.246,22.279,19.684,16.327,15.412,16.022,19.379,22.279,26.856,28.84,33.723,42.879,52.95,59.969,65.462,71.261,78.585,83.163,86.825,85.299,84.231,81.484,80.874,80.874,84.384,88.656,92.624,96.591,98.727,97.201,93.844,87.588,84.689,84.536,83.621,79.043,75.686,73.855,71.566,65.767,58.596,51.424,48.372,43.794,40.742,36.012,31.129,27.467,27.467,31.587,37.233,41.047,47.456,48.524,47.609,40.742,34.181,29.45,24.567,19.074,12.513,5.4933,2.5941,0.45778,1.6785,-0.15259,-2.5941,-7.1718,-10.376,-11.75,-11.75,-12.207,-12.97,-16.175,-19.837,-24.262,-27.009,-30.519,-30.976,-29.908,-28.84,-28.382,-30.519,-34.944,-38.606,-43.641,-45.778,-47.761,-48.524,-47.609,-44.099,-41.047,-39.521,-39.521,-39.064,-39.216,-36.622,-33.113,-26.399,-21.821,-20.447,-20.905,-20.905,-22.279,-22.889,-22.889,-19.227,-18.006,-15.564,-17.396,-16.327,-17.548,-17.09,-14.801,-9.3081,-3.6622,2.5941,7.6296,13.276,17.396,21.516,22.889,25.483,27.161,31.434,36.012,37.233,35.859,35.401,36.164,37.843,40.437,45.015,47.456,51.118,53.255,53.865,51.576,50.966,50.966,49.593,46.541,45.32,45.473,47.914,50.356,52.797,53.407,54.323,51.729,49.898,50.661,51.881,51.881,52.644,54.781,57.07,57.07,55.544,52.187,53.255,54.323,54.17,54.781,55.544,55.238,56.001,56.001,55.696,56.001,57.527,58.443,60.427,62.563,65.31,67.293,68.209,67.904,66.378,65.462,66.53,66.378,66.225,64.547,63.326,60.579,59.511,59.358,60.884,62.563,64.394,65.615,66.836,67.751,70.498,73.702,77.059,79.043,82.095,82.553,83.01,80.874,80.111,79.348,78.433,75.381,71.261,65.157,58.443,49.135,43.031,37.233,34.181,29.908,28.23,26.856,26.704,28.23,32.502,34.639,35.249,36.47,42.268,46.846,49.593,49.287,51.271,52.95,54.476,55.086,55.238,54.323,50.813,46.846,45.625,44.404,41.505,36.317,32.655,28.687,25.33,22.736,19.99,15.87,12.207,6.5615,2.7467,1.0681,-1.0681,-3.357,-1.5259,-0.91556,0.76296,-0.15259,0.45778,1.2207,1.9837,1.6785,3.5096,4.5778,7.0193,8.6978,12.055,14.496,17.548,19.074,20.6,23.347,26.246,28.535,31.892,35.096,36.317,34.028,32.502,29.45,27.619,25.483,24.262,23.347,20.142,17.09,14.191,10.224,5.0356,-1.5259,-4.4252,-9.003,-10.071,-13.581,-15.564,-21.058,-25.178,-29.908,-34.944,-39.064,-38.148,-36.317,-33.113,-33.113,-31.892,-33.418,-32.807,-33.113,-29.145,-25.483,-21.21,-21.973,-21.973,-21.668,-20.142,-19.532,-15.564,-11.292,-5.0356,-1.0681,4.5778,7.0193,10.987,10.376,8.8504,5.6459,2.4415,-1.2207,-3.0519,-4.883,-4.4252,-3.9674,-2.5941,-5.4933,-5.4933,-8.3926,-7.1718,-7.1718,-5.0356,-2.5941,3.357,10.834,17.548,18.159,19.227,18.464,19.99,19.532,22.279,25.178,25.788,22.889,21.363,19.074,16.175,13.886,12.665,11.902,15.107,17.701,23.194,25.025,27.009,27.772,29.603,31.739,34.028,34.944,34.486,33.265,32.96,34.944,37.996,39.674,41.505,45.167,51.271,54.018,55.086,55.849,56.612,56.764,57.985,61.037,63.631,63.326,62.563,58.748,53.865,47.914,43.641,40.437,37.08,35.859,37.538,39.827,41.353,40.895,42.421,42.879,43.794,43.947,44.557,41.505,41.047,42.421,46.083,49.898,50.508,51.271,52.034,50.813,51.881,50.203,47.761,43.489,40.895,39.216,36.927,34.639,34.486,35.554,38.148,39.216,39.979,40.132,42.116,43.794,47.609,50.508,55.696,60.121,63.631,65.92,68.972,69.277,68.819,65.004,63.478,61.342,61.8,63.784,68.667,72.176,74.16,73.092,70.956,65.615,61.495,56.764,54.933,50.356,46.846,42.268,38.759,34.333,31.434,29.908,28.993,27.161,26.399,25.33,26.399,28.84,32.35,34.028,35.554,36.775,38.453,40.437,41.81,43.031,44.252,44.862,46.388,45.778,48.219,50.813,54.018,54.323,53.713,50.966,49.745,48.677,45.625,39.979,32.807,24.415,17.243,9.003,2.7467,-5.1881,-9.4607,-12.513,-14.496,-18.921,-22.584,-27.161,-32.502,-38.606,-42.116,-46.999,-49.745,-53.407,-53.255,-52.187,-50.661,-50.05,-47.914,-43.184,-36.317,-29.145,-21.516,-15.87,-9.6133,-2.8993,6.5615,15.107,24.415,30.976,39.369,45.015,48.677,46.846,44.404,41.353,38.911,36.775,34.944,31.739,28.23,23.957,21.363,17.853,15.107,12.818,10.376,9.003,8.6978,8.6978,7.477,5.0356,4.7304,4.12,5.3407,6.7141,10.681,12.513,15.412,21.21,27.619,32.807,38.759,44.71,48.83,49.593,49.898,48.219,45.778,43.031,44.099,46.083,47.609,48.982,49.135,48.677,46.541,43.947,40.742,35.707,31.281,24.415,21.21,17.396,14.801,11.75,11.444,13.733,17.243,20.295,24.415,29.756,36.012,39.979,45.167,47.761,51.576,50.813,49.44,46.693,44.71,42.573,41.81,38.911,35.401,30.671,27.467,21.973,16.327,9.1556,6.2563,1.0681,-2.8993,-5.4933,-6.5615,-8.5452,-9.3081,-14.496,-16.327,-15.717,-9.9185,-6.1037,-1.9837,4.12,16.785,30.671,45.015,55.696,63.173,67.446,74.16,80.111,86.52,90.487,96.744,101.63,104.83,104.68,102.85,99.033,93.844,87.283,82.553,78.28,78.433,77.364,78.738,78.127,79.806,78.433,75.991,73.244,72.024,70.498,69.124,65.462,62.716,58.596,56.307,52.492,49.745,45.625,43.641,39.979,36.164,31.892,29.298,25.025,19.99,14.801,12.36,8.5452,5.9511,4.5778,4.7304,3.357,5.1881,9.6133,12.36,14.344,19.074,25.178,31.739,36.775,41.2,42.421,43.489,42.421,41.505,38.911,39.827,40.132,39.521,35.554,30.671,25.788,21.058,16.022,12.97,7.477,2.2889,-4.5778,-10.681,-18.464,-27.467,-36.775,-43.489,-48.677,-52.644,-57.833,-61.342,-64.699,-66.53,-69.277,-70.193,-75.381,-77.975,-80.874,-80.721,-80.874,-80.569,-78.89,-74.77,-72.024,-68.209,-67.904,-65.615,-64.699,-61.037,-57.68,-52.339,-49.287,-45.473,-43.947,-46.541,-51.576,-54.781,-59.358,-61.8,-64.699,-67.446,-73.092,-75.838,-79.653,-82.247,-86.978,-87.283,-88.198,-90.945,-93.234,-92.929,-95.523,-98.27,-100.25,-100.25,-101.47,-101.63,-102.24,-99.338,-98.575,-97.659,-98.575,-97.964,-97.659,-95.523,-95.523,-93.234,-90.945,-84.231,-79.653,-73.092,-68.361,-62.563,-60.427,-54.476,-46.083,-36.927,-28.84,-19.532,-11.75,-5.3407,-0.91556,4.2726,8.0874,12.36,16.022,22.126,26.399,28.535,31.281,32.96,35.859,41.505,47.914,52.492,54.628,55.391,55.696,57.985,58.901,61.037,62.105,64.241,65.615,68.667,70.498,70.956,71.108,69.43,66.836,63.478,61.037,62.258,62.105,60.274,55.544,50.356,42.421,36.317,33.113,32.655,34.333,37.08,38.606,39.827,44.71,50.05,52.644,52.95,50.661,50.356,48.982,49.287,48.219,46.541,44.71,42.573,37.08,32.044,27.924,25.483,23.804,22.889,19.684,15.564,9.1556,4.4252,-2.2889,-8.24,-11.597,-13.581,-14.954,-14.649,-14.191,-14.344,-15.412,-14.649,-15.259,-14.039,-14.496,-12.36,-12.055,-10.529,-7.7822,-1.3733,5.1881,9.3081,12.36,15.259,16.633,17.853,17.853,16.938,13.123,11.292,10.071,12.36,13.733,14.954,12.665,9.6133,7.3244,6.1037,6.4089,9.7659,11.75,15.87,17.701,19.837,18.311,16.633,11.902,12.055,12.36,18.159,23.347,27.467,29.756,31.281,30.061,31.434,33.57,39.827,46.388,57.375,67.446,78.585,86.367,92.318,94.913,93.692,89.267,84.384,77.975,69.735,58.443,48.524,42.116,39.369,36.317,37.233,36.317,36.164,31.892,28.23,22.584,17.548,11.902,6.8667,0.76296,-3.5096,-7.477,-8.24,-9.4607,-10.376,-14.344,-14.191,-11.902,-5.3407,-2.1363,1.0681,3.5096,8.0874,13.276,21.821,26.551,27.467,25.788,23.499,16.48,10.681,1.5259,-5.6459,-14.344,-20.142,-25.025,-25.636,-26.246,-25.483,-26.704,-27.924,-30.213,-33.113,-38.301,-39.979,-43.641,-45.32,-51.729,-56.307,-63.936,-67.293,-71.108,-75.686,-82.858,-90.03,-97.201,-101.17,-103,-99.948,-95.676,-88.809,-83.468,-75.991,-71.413,-67.904,-65.615,-57.222,-45.778,-31.281,-17.853,-6.1037,3.6622,12.665,16.327,17.243,15.717,14.954,11.292,7.477,4.5778,3.2044,-1.0681,-3.6622,-6.2563,-6.2563,-8.3926,-9.003,-11.902,-13.581,-16.633,-17.548,-20.447,-24.873,-32.807,-39.064,-44.404,-50.508,-59.053,-65.767,-73.702,-79.958,-88.809,-94.302,-100.86,-105.29,-106.05,-102.69,-97.812,-91.708,-87.588,-84.231,-78.89,-67.598,-54.476,-39.521,-28.84,-19.837,-16.633,-14.039,-14.039,-12.97,-12.207,-10.529,-8.6978,-4.7304,-1.8311,2.1363,1.8311,3.0519,3.6622,5.3407,6.4089,7.9348,9.7659,11.902,14.344,17.09,17.396,14.039,8.8504,2.8993,-5.3407,-11.597,-20.753,-28.993,-40.284,-50.05,-61.342,-70.956,-81.179,-89.114,-93.539,-94.607,-94.455,-91.556,-89.877,-84.689,-82.4,-75.381,-68.209,-59.816,-52.492,-41.2,-31.281,-21.668,-13.733,-4.4252,5.1881,16.938,23.652,30.061,32.807,38.759,43.641,49.745,52.797,56.459,57.222,57.68,58.596,59.664,58.748,59.969,59.816,61.037,61.495,62.563,58.901,53.56,46.388,37.843,28.077,16.785,5.9511,-3.5096,-12.665,-21.363,-30.213,-36.317,-43.184,-48.067,-53.102,-56.764,-60.121,-62.258,-67.598,-69.887,-72.634,-73.702,-76.754,-75.381,-75.076,-72.787,-71.413,-70.193,-71.413,-71.108,-70.65,-69.124,-68.667,-66.225,-66.53,-65.31,-67.751,-70.803,-76.144,-77.212,-78.28,-78.433,-80.416,-81.79,-85.757,-88.809,-92.318,-95.218,-101.47,-107.43,-115.97,-121.31,-126.5,-130.31,-133.98,-135.04,-135.81,-136.72,-140.08,-140.23,-140.08,-134.43,-129.25,-124.06,-121.77,-120.09,-117.95,-113.38,-110.93,-108.19,-107.43,-101.32,-96.896,-90.335,-86.673,-80.264,-75.076,-68.361,-62.716,-54.781,-46.999,-40.284,-35.401,-29.756,-26.551,-23.804,-25.178,-26.551,-28.535,-27.924,-24.72,-20.295,-15.259,-9.4607,-5.0356,0.15259,4.2726,10.834,16.785,22.889,27.772,33.418,39.979,46.693,50.05,52.034,52.492,55.696,58.901,63.173,65.92,69.582,74.007,79.348,84.231,88.961,93.234,98.575,101.02,103.61,101.32,99.338,94.607,91.403,86.978,83.773,81.179,77.364,70.956,66.073,60.732,56.154,46.693,38.453,31.129,24.415,15.87,5.7985,-3.6622,-12.513,-21.973,-29.298,-34.944,-36.47,-40.895,-43.794,-49.593,-51.576,-55.544,-59.206,-63.631,-66.378,-70.04,-71.871,-74.77,-77.364,-81.179,-81.332,-81.942,-82.247,-85.452,-90.03,-95.828,-97.507,-99.185,-100.1,-102.85,-105.29,-111.39,-116.28,-122.07,-124.36,-128.64,-131.08,-133.67,-135.65,-138.25,-142.98,-150.46,-157.17,-165.72,-173.5,-184.18,-190.89,-197,-200.96,-204.93,-209.2,-211.8,-211.8,-210.73,-207.22,-203.25,-197.45,-192.27,-187.69,-185.09,-180.36,-178.23,-176.09,-172.73,-169.38,-166.94,-164.49,-162.05,-161.9,-160.68,-157.93,-158.24,-158.85,-161.14,-160.37,-161.6,-161.14,-159.31,-157.02,-155.95,-154.12,-152.13,-150.46,-149.54,-146.79,-144.96,-138.86,-134.28,-128.48,-125.28,-123.6,-124.06,-123.75,-124.97,-125.58,-124.21,-119.48,-114.14,-110.48,-109.56,-106.66,-103.76,-100.41,-95.218,-89.114,-83.926,-76.144,-68.667,-59.816,-54.17,-50.813,-49.593,-45.625,-41.81,-33.876,-23.957,-10.224,1.9837,14.496,26.551,37.538,47.304,55.849,60.884,66.378,69.887,75.838,81.332,89.419,93.387,96.744,95.523,94.302,92.624,92.471,95.523,102.39,109.41,113.83,114.9,118.41,118.41,118.72,114.75,110.32,104.37,99.185,92.318,87.13,80.874,73.55,64.241,58.748,53.407,50.05,43.641,40.895,35.249,30.976,25.33,22.889,21.668,19.99,16.785,13.733,9.003,6.1037,1.5259,1.2207,0.15259,2.1363,2.7467,4.12,3.9674,2.7467,0.15259,-1.9837,-5.1881,-7.9348,-9.6133,-9.3081,-12.36,-13.581,-17.396,-19.837,-24.262,-29.908,-37.233,-46.083,-54.17,-58.443,-62.105,-62.105,-62.258,-61.495,-65.92,-70.65,-78.28,-86.52,-94.15,-100.1,-103.61,-105.59,-106.81,-108.04,-109.26,-107.88,-106.05,-101.47,-98.27,-92.929,-91.861,-91.861,-93.387,-93.692,-94.913,-92.929,-90.335,-86.367,-83.773,-78.127,-74.77,-68.972,-64.547,-58.29,-52.492,-46.999,-40.895,-33.265,-25.025,-16.633,-9.9185,-1.5259,4.883,12.97,19.684,27.009,33.265,39.674,43.947,45.015,44.557,46.846,47.151,48.83,49.745,52.95,56.612,62.868,70.803,77.975,85.604,93.692,101.78,107.88,113.68,116.73,116.89,117.65,117.04,116.28,113.68,111.55,107.43,105.29,104.53,106.2,109.26,111.09,107.88,105.44,101.02,97.354,90.03,85.604,83.316,83.468,83.01,84.078,82.553,80.569,76.601,72.787,66.225,61.953,55.238,51.424,46.541,43.641,38.759,34.333,27.314,19.532,11.444,3.8148,-4.7304,-12.207,-21.363,-28.23,-35.554,-40.59,-47.761,-52.797,-59.358,-67.446,-77.517,-88.351,-99.033,-109.56,-119.33,-127.57,-136.57,-144.35,-153.81,-162.51,-173.96,-181.43,-188.45,-193.49,-197.15,-201.57,-207.22,-212.71,-218.05,-223.09,-227.67,-228.58,-230.41,-230.11,-229.96,-228.13,-227.06,-224.92,-222.33,-218.97,-215.46,-212.1,-209.81,-205.39,-201.88,-198.37,-195.01,-190.44,-187.54,-183.57,-180.06,-177.77,-174.57,-169.84,-166.17,-162.97,-158.85,-153.81,-151.22,-147.86,-146.64,-142.83,-140.23,-136.72,-132.3,-127.41,-122.07,-115.05,-109.1,-102.39,-98.117,-92.929,-88.198,-81.179,-75.381,-67.751,-61.495,-54.17,-47.761,-41.963,-37.843,-32.502,-30.671,-26.856,-25.33,-22.431,-19.379,-15.87,-13.123,-12.055,-11.444,-10.224,-10.071,-7.477,-7.9348,-7.6296,-9.003,-9.003,-10.071,-9.4607,-10.224,-10.529,-12.055,-12.665,-14.039,-12.513,-10.987,-7.1718,-7.1718,-6.4089,-4.883,-1.8311,-0.30519,1.5259,3.6622,8.0874,10.376,16.175,18.769,22.279,24.11,27.924,29.756,31.434,32.35,34.791,36.775,41.2,43.031,46.083,47.304,49.593,49.593,49.898,49.287,48.982,47.761,48.219,48.067,50.813,51.729,52.339,51.729,52.644,53.407,53.56,53.255,56.154,58.138,59.816,61.19,61.953,60.427,60.732,60.579,62.563,62.105,61.953,60.579,60.274,61.342,66.073,68.514,72.176,74.313,76.296,74.923,74.16,73.397,74.465,72.939,74.77,75.686,76.144,76.449,76.907,75.381,73.702,71.261,70.193,65.92,62.716,59.511,58.29,57.222,57.07,57.985,61.495,61.647,62.41,61.495,64.241,65.462,68.972,73.55,80.721,85.604,91.556,96.896,101.17,102.85,104.22,104.83,108.49,111.39,114.14,111.55,110.63,107.12,105.59,104.53,106.36,110.78,114.44,117.34,119.33,117.8,117.04,116.58,119.17,121.62,125.89,131.08,137.03,141.15,141.45,140.23,143.44,145.73,148.01,148.01,149.08,146.64,142.98,140.84,139.47,138.55,141,141.3,138.86,130.01,123.45,118.41,112.61,105.75,102.85,99.796,95.981,88.046,82.705,75.533,68.514,61.037,53.865,44.099,34.791,27.161,23.957,23.804,27.772,31.281,35.096,34.181,33.418,32.044,29.145,24.11,20.447,19.379,22.126,26.856,32.807,33.57,34.333,34.791,34.791,32.655,33.57,33.876,33.723,31.434,30.824,26.093,23.347,18.006,15.107,14.191,16.48,17.548,18.159,17.853,19.074,19.227,19.532,15.564,12.207,11.139,13.886,14.954,14.344,16.022,19.532,18.921,20.447,22.431,26.399,27.314,30.366,35.249,40.284,46.388,52.644,56.459,59.206,60.884,63.936,59.511,56.459,55.086,57.375,59.816,66.378,75.228,84.689,92.166,99.49,102.85,102.69,97.659,96.286,95.676,98.117,100.71,107.27,111.39,114.44,118.72,124.36,127.57,132.15,133.37,133.37,129.4,128.48,128.64,129.7,127.11,122.84,118.87,116.58,115.97,116.73,116.58,121.62,127.72,135.35,142.52,151.37,156.71,157.63,154.58,149.69,144.05,142.67,144.35,150.15,156.87,163.88,164.95,164.65,162.97,159.92,159.76,162.21,164.19,166.48,165.72,163.12,157.93,153.36,143.13,132.15,119.33,112.92,108.8,108.49,108.04,109.56,109.1,106.81,104.53,99.796,93.997,90.945,86.52,83.01,79.043,77.364,73.244,69.582,64.394,56.001,46.236,37.843,30.366,24.72,21.516,21.516,21.516,25.941,29.298,34.486,38.301,44.099,48.524,48.982,40.284,27.009,11.292,-0.30519,-8.0874,-10.681,-13.733,-15.87,-16.022,-8.24,-1.3733,4.7304,7.9348,11.292,8.6978,6.8667,5.6459,4.12,3.2044,1.6785,-1.8311,-3.9674,-5.0356,-0.76296,3.8148,11.292,15.87,22.279,25.788,25.941,21.058,19.379,19.074,20.905,22.584,23.652,23.499,25.33,26.856,29.298,27.772,26.399,21.821,19.074,14.344,15.717,20.753,26.856,28.687,28.077,27.009,24.873,21.058,18.616,13.886,12.055,8.6978,5.4933,0.45778,-2.4415,-9.7659,-16.785,-24.415,-29.756,-30.671,-28.993,-29.603,-27.314,-23.499,-17.243,-10.529,-1.5259,6.4089,14.801,18.464,19.99,19.227,18.311,17.701,18.006,20.447,22.279,21.21,18.464,12.055,6.1037,-1.9837,-8.24,-18.159,-26.551,-33.57,-38.148,-40.895,-41.2,-44.71,-49.898,-51.729,-50.661,-50.356,-47.761,-48.524,-51.118,-57.222,-60.274,-59.816,-54.781,-43.947,-28.535,-13.428,-0.30519,5.6459,7.7822,5.9511,3.5096,-0.76296,-2.1363,-4.7304,-5.6459,-6.2563,-5.6459,-5.6459,-7.6296,-12.055,-18.464,-25.33,-29.756,-35.401,-41.505,-48.067,-53.102,-59.206,-66.225,-78.433,-89.267,-97.964,-103.92,-108.19,-112,-115.97,-116.58,-114.44,-108.65,-104.83,-99.796,-95.37,-90.335,-91.25,-90.945,-90.487,-89.114,-86.978,-83.773,-81.179,-76.907,-72.329,-64.089,-58.596,-54.933,-57.07,-59.358,-61.8,-66.836,-72.024,-75.076,-75.686,-74.16,-71.566,-66.073,-62.868,-59.511,-60.121,-60.732,-62.716,-64.241,-67.141,-68.361,-71.566,-72.787,-70.956,-66.988,-63.478,-59.511,-57.68,-53.713,-52.797,-55.391,-62.868,-68.972,-75.533,-82.095,-87.893,-92.624,-96.744,-97.354,-96.744,-95.676,-95.37,-92.776,-91.098,-87.283,-86.215,-82.858,-79.196,-71.871,-64.241,-54.628,-48.067,-44.252,-41.658,-37.996,-37.08,-32.197,-29.756,-25.483,-22.279,-19.684,-18.006,-15.107,-14.344,-15.259,-20.295,-21.668,-19.227,-12.207,-9.4607,-6.7141,-6.7141,-5.1881,-6.7141,-7.3244,-8.3926,-7.477,-7.7822,-6.8667,-7.1718,-7.0193,-8.0874,-6.1037,-3.0519,1.8311,4.7304,8.24,11.139,14.649,17.396,20.6,20.753,18.616,15.564,16.022,16.327,18.159,18.921,21.973,25.025,29.298,28.23,25.483,19.379,12.513,6.5615,1.5259,-4.2726,-9.9185,-13.276,-13.276,-15.107,-17.09,-21.363,-23.652,-28.687,-30.519,-32.044,-30.061,-24.567,-15.259,-7.1718,0.30519,4.7304,7.9348,9.9185,11.292,10.224,14.039,16.785,20.6,21.516,23.347,21.058,17.243,12.36,9.3081,8.24,11.444,12.665,14.191,12.97,15.87,15.717,16.785,16.48,16.938,16.48,15.259,13.581,15.87,19.074,24.415,27.009,32.044,36.317,41.658,43.336,45.625,47.761,49.898,51.424,53.865,56.612,59.206,61.037,64.547,65.157,66.225,65.92,65.767,64.241,59.053,51.576,44.862,39.064,37.69,39.369,42.421,44.71,50.356,53.102,57.833,60.274,61.495,61.8,61.19,60.884,61.647,61.8,63.784,63.478,65.157,67.141,70.193,72.481,75.076,77.67,79.806,83.01,85.452,84.689,82.553,76.296,69.582,62.105,55.544,49.135,44.252,38.606,33.723,28.687,26.246,23.652,22.126,18.921,16.938,14.649,13.123,9.7659,7.3244,2.5941,1.0681,-1.0681,-1.9837,-4.5778,-5.4933,-5.7985,-4.4252,-3.8148,-4.883,-8.24,-10.224,-14.191,-15.717,-17.243,-14.649,-14.344,-12.36,-12.513,-10.071,-6.8667,-2.8993,0.76296,3.6622,5.6459,8.6978,8.24,9.6133,9.9185,10.834,8.6978,8.8504,7.0193,8.3926,11.444,11.75,9.7659,7.7822,6.1037,5.3407,5.1881,5.3407,3.5096,2.8993,1.5259,1.3733,0.30519,-0.15259,0.30519,1.3733,1.8311,3.5096,3.9674,6.2563,6.5615,8.6978,10.071,15.412,17.396,21.973,25.178,29.756,34.486,40.132,43.489,46.388,47.304,47.761,46.083,44.404,40.284,36.012,30.519,26.399,20.905,15.87,10.376,5.7985,0.76296,-2.2889,-5.6459,-10.224,-16.938,-19.379,-23.652,-24.415,-28.382,-29.298,-28.535,-21.668,-14.954,-7.9348,-2.8993,1.6785,4.883,10.071,12.97,17.09,21.821,31.281,37.69,44.862,49.898,56.917,62.716,68.972,74.77,78.89,81.332,84.078,84.841,86.52,86.062,86.52,86.062,86.825,86.673,90.793,94.15,95.676,97.201,98.575,101.02,103.46,105.14,105.59,102.85,98.575,91.708,87.13,83.316,81.179,79.806,80.111,81.027,84.231,88.504,91.403,94.607,98.422,101.63,107.43,111.24,117.34,120.4,124.21,123.6,125.13,127.41,131.23,133.37,132.76,130.77,128.18,125.13,123.14,119.79,116.28,110.02,105.75,100.41,94.913,91.403,88.809,86.673,84.841,81.942,79.196,77.059,73.855,67.141,59.664,51.424,45.167,37.233,30.366,21.973,16.022,12.055,8.3926,4.4252,1.0681,-1.6785,-3.8148,-6.8667,-9.1556,-12.36,-14.344,-17.853,-18.921,-21.516,-24.262,-28.077,-30.976,-36.775,-40.59,-43.641,-46.541,-50.813,-52.034,-53.713,-53.713,-55.391,-54.628,-54.933,-53.102,-52.95,-51.271,-51.424,-50.05,-50.05,-46.999,-45.015,-41.658,-39.369,-34.486,-32.807,-32.35,-35.859,-36.927,-36.775,-36.317,-36.622,-35.707,-36.927,-37.69,-39.216,-37.843,-36.927,-35.096,-37.538,-40.284,-45.32,-49.745,-54.476,-56.764,-58.138,-58.29,-56.917,-53.56,-49.745,-46.846,-47.914,-49.593,-51.881,-50.813,-48.982,-45.015,-41.047,-37.233,-34.333,-30.824,-28.382,-27.467,-27.772,-26.704,-25.788,-25.33,-28.23,-27.924,-30.519,-34.181,-39.674,-42.116,-45.167,-45.167,-45.32,-46.693,-48.677,-49.593,-50.966,-52.644,-54.17,-52.187,-52.492,-51.424,-51.271,-48.372,-48.982,-47.914,-49.135,-48.83,-47.456,-44.099,-40.437,-35.554,-32.35,-29.908,-28.84,-25.788,-25.483,-22.279,-19.99,-14.344,-10.834,-8.0874,-9.7659,-12.665,-14.191,-14.801,-15.87,-15.107,-16.327,-17.396,-21.516,-24.72,-29.603,-32.044,-34.333,-35.096,-36.012,-35.859,-35.096,-34.181,-34.639,-31.434,-29.145,-25.33,-24.567,-20.905,-19.379,-14.954,-11.139,-7.3244,-4.7304,-1.2207,4.5778,11.139,16.022,20.295,23.347,29.756,35.707,41.81,46.846,52.644,56.001,61.037,62.716,65.157,65.615,65.31,61.953,59.816,56.154,54.018,49.593,45.778,36.317,26.246,15.412,7.9348,-1.2207,-8.6978,-14.496,-18.616,-24.262,-31.281,-36.927,-39.979,-41.353,-41.047,-39.979,-35.859,-32.807,-29.298,-28.23,-25.788,-24.873,-22.126,-20.295,-18.921,-17.396,-14.801,-13.581,-12.055,-11.444,-9.9185,-10.376,-12.207,-17.853,-20.295,-24.567,-28.23,-32.197,-36.164,-39.216,-41.505,-43.641,-46.999,-54.17,-60.884,-67.598,-73.244,-82.247,-90.945,-102.08,-113.22,-125.58,-136.72,-144.96,-148.17,-149.24,-150,-151.52,-154.58,-158.7,-159.61,-160.68,-158.39,-156.41,-151.68,-148.47,-142.98,-139.77,-133.67,-128.03,-124.21,-120.7,-116.58,-113.07,-110.48,-108.65,-105.59,-103.46,-98.27,-93.692,-86.978,-81.179,-75.228,-71.871,-67.293,-66.378,-67.751,-72.481,-79.806,-89.724,-99.796,-112,-120.55,-131.99,-142.06,-152.59,-161.44,-169.84,-178.08,-186.32,-194.71,-200.05,-200.2,-198.98,-197.45,-194.56,-189.06,-181.59,-171.67,-162.66,-152.13,-143.13,-134.28,-126.65,-114.29,-103.61,-93.692,-83.773,-72.787,-63.173,-54.323,-47.761,-41.353,-37.385,-32.96,-32.502,-32.197,-35.096,-38.911,-44.557,-50.813,-58.29,-65.615,-74.618,-85.147,-96.896,-104.68,-112.92,-119.79,-128.18,-133.21,-137.03,-138.71,-139.93,-139.62,-136.42,-131.69,-124.36,-115.21,-105.59,-95.981,-85.91,-74.465,-65.157,-54.628,-43.947,-31.739,-22.736,-15.717,-8.8504,-2.1363,4.2726,10.681,17.396,24.262,30.213,37.385,43.489,49.745,51.424,50.356,44.71,38.759,31.434,25.33,18.769,12.055,5.1881,-3.8148,-12.97,-19.532,-25.33,-30.213,-36.47,-39.216,-43.336,-45.625,-46.693,-44.252,-41.963,-35.554,-27.161,-16.633,-6.1037,3.9674,9.3081,13.581,17.396,23.194,27.161,31.892,36.012,40.59,42.573,45.778,47.151,47.609,46.388,44.099,41.047,35.249,27.772,19.379,9.4607,-0.45778,-10.834,-17.396,-25.636,-30.824,-36.775,-41.047,-45.32,-51.271,-56.917,-60.427,-62.868,-64.394,-64.852,-63.021,-61.342,-58.29,-54.018,-47.609,-42.116,-35.707,-31.739,-28.687,-26.246,-22.431,-18.921,-15.412,-11.75,-8.8504,-9.3081,-9.003,-9.1556,-8.0874,-8.6978,-10.681,-14.496,-18.159,-23.041,-25.025,-26.856,-29.298,-32.044,-33.57,-35.707,-38.759,-41.047,-39.064,-38.453,-34.639,-30.213,-26.246,-23.499,-21.363,-20.905,-21.821,-22.431,-23.347,-25.025,-25.025,-22.889,-20.753,-21.516,-21.363,-22.889,-23.041,-26.399,-30.213,-35.096,-37.08,-38.148,-40.132,-43.336,-49.135,-56.459,-63.478,-72.481,-78.89,-88.504,-95.218,-101.17,-107.58,-116.58,-124.52,-130.01,-132.15,-132.76,-135.04,-133.82,-132.3,-132.6,-133.82,-134.28,-131.84,-127.87,-120.7,-112.61,-102.69,-93.539,-83.01,-74.923,-66.378,-55.696,-43.641,-32.197,-21.973,-11.444,-1.5259,6.4089,14.191,19.99,26.093,29.298,32.655,32.502,31.587,30.824,30.671,30.519,31.434,30.976,30.213,29.908,32.655,35.249,39.827,43.031,49.287,54.476,59.206,63.021,64.852,65.767,68.056,70.04,74.007,77.212,82.553,84.689,86.215,87.588,91.098,89.572,87.283,82.4,75.686,66.988,58.443,50.508,43.794,34.181,26.246,18.464,11.75,2.1363,-4.7304,-14.649,-27.009,-40.437,-53.713,-67.446,-78.433,-86.062,-92.929,-95.676,-94.607,-95.828,-97.812,-99.49,-98.422,-97.354,-93.539,-87.13,-79.653,-72.176,-65.615,-59.664,-52.644,-47.914,-43.184,-39.216,-35.401,-32.502,-28.535,-25.788,-22.889,-21.21,-20.6,-20.6,-22.279,-24.262,-26.704,-31.739,-37.996,-43.031,-45.625,-49.287,-51.881,-55.086,-55.544,-56.459,-56.917,-59.358,-60.884,-62.105,-63.478,-64.089,-63.021,-62.41,-61.342,-58.138,-52.644,-47.761,-41.81,-39.369,-36.927,-36.47,-35.249,-32.502,-30.519,-29.908,-31.587,-32.655,-34.028,-36.317,-37.996,-40.742,-46.083,-53.713,-61.037,-69.277,-75.076,-81.332,-85.299,-87.436,-88.504,-87.588,-85.147,-83.468,-82.553,-83.621,-86.215,-89.114,-90.03,-91.556,-92.013,-93.234,-92.624,-91.861,-90.945,-91.098,-90.487,-88.046,-85.299,-83.316,-80.874,-79.043,-76.449,-75.686,-73.55,-70.498,-67.141,-65.31,-63.021,-61.037,-60.274,-61.037,-62.563,-63.784,-65.004,-66.836,-69.43,-72.787,-74.77,-76.907,-77.822,-79.806,-81.942,-86.367,-88.809,-90.487,-91.556,-92.929,-94.15,-93.692,-89.877,-86.062,-82.705,-82.247,-81.484,-80.874,-77.975,-76.144,-73.092,-68.514,-62.868,-56.917,-51.424,-47.304,-44.252,-42.116,-37.843,-35.707,-33.113,-29.908,-26.856,-24.11,-20.447,-18.311,-19.227,-19.684,-21.363,-23.652,-24.262,-24.567,-24.567,-25.33,-23.194,-22.431,-19.379,-18.311,-13.886,-9.6133,-8.0874,-7.9348,-6.7141,-6.5615,-5.6459,-5.1881,-6.2563,-9.4607,-12.665,-18.616,-22.736,-27.924,-31.281,-35.859,-41.2,-46.236,-50.661,-54.476,-55.391,-54.323,-52.797,-51.271,-47.304,-43.336,-37.08,-32.197,-28.687,-25.941,-18.464,-11.139,-5.1881,-0.61037,3.9674,7.3244,10.987,15.259,21.21,26.856,34.333,41.047,47.304,53.407,60.732,65.462,69.43,74.313,79.196,81.942,84.841,88.046,90.182,91.861,94.455,96.896,101.32,105.29,109.1,113.07,120.09,128.64,134.59,140.69,147.56,155.64,162.97,171.51,180.97,189.06,195.01,196.08,195.93,195.17,195.47,193.79,194.4,196.84,201.42,205.85,208.14,209.05,208.44,205.54,204.02,200.81,198.22,195.01,192.27,187.84,183.26,177.01,169.38,161.44,154.12,146.03,140.08,135.65,132.45,127.57,125.13,123.14,120.85,117.8,114.75,111.24,106.97,104.98,106.51,109.41,114.44,118.87,123.29,126.8,131.84,135.2,138.71,139.16,140.08,141.61,143.59,143.44,142.98,141.3,139.93,137.33,134.59,130.77,128.18,123.91,123.45,123.75,126.35,127.41,128.64,129.4,130.31,130.92,133.98,134.89,135.35,134.59,136.57,137.79,141.91,144.66,149.54,152.13,154.88,157.02,159.46,162.66,167.39,171.82,177.31,182.5,187.69,189.06,192.57,194.56,196.69,194.86,195.01,194.25,195.01,193.49,191.35,187.84,183.42,178.53,175.63,173.19,172.12,167.09,162.66,155.49,151.22,144.81,139.47,134.74,133.37,132.15,133.06,134.28,135.2,133.98,133.98,131.53,129.7,126.04,124.52,123.75,124.82,125.13,128.64,132.45,136.72,141.91,145.88,147.86,151.83,154.58,157.93,159.31,161.29,160.22,159,157.02,152.9,148.47,145.27,141.45,138.1,134.13,130.77,124.21,119.17,115.05,113.53,112.16,110.93,108.65,104.37,100.25,96.438,93.387,90.64,86.215,83.621,80.416,78.433,73.397,68.514,63.478,58.443,55.391,52.187,49.898,49.593,48.982,48.524,48.524,49.135,47.304,47.456,47.304,45.778,44.099,41.963,39.369,37.385,36.317,37.233,35.401,35.707,34.791,34.639,34.333,34.486,32.197,29.145,25.33,20.905,16.175,11.75,6.1037,1.9837,-2.7467,-3.6622,-4.883,-3.9674,-3.6622,-3.5096,-3.357,-1.3733,1.0681,3.9674,5.0356,7.477,8.0874,9.3081,9.6133,12.818,12.97,12.97,12.513,12.665,12.97,12.97,12.665,12.97,12.36,12.818,10.681,8.6978,5.4933,1.2207,-5.0356,-11.292,-15.87,-18.311,-21.363,-23.194,-26.093,-27.009,-27.619,-25.636,-24.72,-23.041,-23.347,-23.347,-22.736,-21.516,-18.311,-14.649,-11.75,-8.3926,-5.9511,-0.91556,4.12,10.987,16.633,19.837,23.499,27.619,32.044,35.401,36.622,37.385,36.012,35.554,34.944,35.554,34.181,31.892,30.976,28.993,26.246,22.889,19.074,17.396,17.548,19.99,20.6,22.736,25.636,29.45,31.892,33.418,34.181,35.096,37.843,42.116,46.541,51.881,55.849,59.664,60.732,61.19,61.647,62.105,62.258,63.173,63.631,62.258,61.8,63.021,63.173,63.631,62.105,61.037,59.969,59.664,59.664,59.053,58.901,58.443,55.849,53.56,51.118,48.372,44.099,41.658,39.216,37.538,34.486,32.35,28.993,28.23,27.314,25.636,24.262,25.025,23.194,22.126,16.938,15.412,13.428,14.344,13.733,15.717,18.006,21.973,24.873,30.061,33.876,36.012,37.538,41.658,44.252,48.067,49.745,51.271,51.118,52.339,52.034,50.966,49.44,48.372,46.999,45.167,43.336,41.658,39.827,38.453,35.249,33.723,29.908,27.619,23.041,20.905,15.412,12.055,9.7659,9.1556,9.1556,10.376,10.834,11.597,10.834,11.902,12.665,15.564,17.701,20.295,22.126,24.72,26.551,26.856,27.772,29.908,32.044,31.434,29.908,29.145,26.093,25.025,22.279,21.058,17.396,14.954,12.665,10.376,7.477,4.5778,0.76296,-5.1881,-13.581,-21.821,-31.892,-38.911,-46.083,-52.644,-61.037,-66.988,-72.329,-76.296,-80.111,-81.79,-84.689,-85.604,-85.757,-83.163,-83.773,-82.4,-81.79,-78.433,-75.686,-71.718,-71.871,-70.803,-69.124,-67.293,-66.683,-62.563,-59.206,-54.17,-49.593,-40.895,-36.775,-31.434,-27.161,-22.126,-20.295,-19.074,-19.074,-19.074,-23.194,-29.145,-36.622,-40.284,-45.778,-47.914,-52.339,-54.628,-61.19,-66.836,-74.313,-82.4,-89.877,-95.676,-100.86,-103.92,-106.81,-106.05,-106.36,-105.14,-103.15,-97.659,-94.607,-90.335,-86.062,-84.689,-83.316,-79.043,-74.465,-69.277,-65.462,-59.664,-56.459,-53.255,-51.729,-47.304,-42.726,-36.622,-31.434,-24.873,-18.464,-13.123,-11.597,-12.513,-16.633,-17.853,-18.616,-16.938,-18.006,-18.006,-20.447,-21.668,-27.161,-30.824,-34.181,-34.791,-36.775,-39.064,-45.625,-50.966,-56.459,-60.579,-65.157,-65.92,-66.683,-66.988,-68.667,-66.836,-63.936,-61.19,-60.732,-58.901,-56.001,-51.271,-45.167,-38.453,-37.233,-36.927,-39.827,-40.284,-41.81,-43.336,-47.151,-49.135,-51.729,-53.407,-54.933,-55.849,-55.696,-54.17,-54.018,-51.881,-52.797,-52.187,-52.339,-52.187,-53.255,-54.781,-54.476,-52.95,-51.424,-50.05,-51.729,-53.407,-55.238,-56.154,-60.579,-62.105,-64.241,-65.004,-65.767,-64.547,-62.563,-59.969,-58.138,-57.07,-58.443,-59.816,-61.19,-59.969,-58.748,-54.476,-52.339,-49.745,-48.524,-45.015,-43.031,-41.81,-42.116,-43.336,-45.32,-47.304,-50.661,-53.713,-57.375,-58.443,-61.953,-65.004,-68.056,-67.141,-66.683,-65.157,-63.631,-62.105,-59.664,-57.985,-55.849,-54.323,-55.086,-55.391,-56.612,-56.459,-57.07,-55.086,-54.018,-53.407,-54.933,-54.323,-54.781,-57.07,-59.358,-61.037,-63.631,-65.615,-68.819,-71.566,-76.907,-80.111,-83.468,-85.147,-86.825,-88.504,-92.318,-94.15,-94.302,-93.844,-93.387,-91.403,-90.945,-86.825,-83.01,-78.89,-76.296,-71.108,-65.31,-59.969,-55.849,-54.018,-53.255,-51.118,-48.219,-44.862,-45.167,-44.557,-46.541,-46.999,-49.593,-50.203,-51.271,-54.933,-60.884,-66.836,-73.55,-79.958,-87.436,-93.997,-101.63,-108.34,-114.75,-117.65,-121.46,-124.67,-128.33,-133.21,-137.49,-142.06,-146.49,-149.39,-153.36,-156.41,-160.99,-164.19,-167.55,-169.38,-172.73,-174.72,-175.33,-175.18,-176.85,-179.45,-181.59,-183.11,-186.47,-188.76,-191.2,-191.81,-194.86,-196.84,-198.07,-196.84,-195.32,-193.18,-190.74,-188.15,-186.47,-183.72,-180.36,-176.4,-173.65,-169.68,-166.78,-164.04,-163.12,-160.07,-157.93,-155.95,-155.19,-156.1,-157.02,-159.61,-162.82,-164.95,-168,-169.38,-169.38,-167.39,-164.95,-159.15,-154.58,-149.24,-144.51,-138.1,-130.77,-121.92,-113.07,-103.61,-94.913,-85.604,-75.838,-67.446,-61.8,-56.307,-54.323,-51.881,-49.287,-46.999,-43.947,-42.116,-40.742,-38.148,-36.164,-34.333,-31.739,-29.298,-25.788,-20.295,-15.87,-10.529,-9.3081,-8.24,-8.0874,-7.9348,-8.0874,-6.8667,-4.883,-3.0519,-1.9837,-1.0681,-0.91556,1.9837,5.4933,8.24,11.292,17.396,20.142,23.652,25.025,26.246,26.551,25.636,24.567,22.889,21.363,20.142,18.921,19.99,18.616,16.633,11.75,7.0193,3.0519,1.3733,-1.6785,-3.5096,-1.2207,0.91556,1.5259,2.5941,4.12,7.0193,9.4607,13.581,16.175,20.295,22.431,24.873,26.856,27.009,26.093,25.483,25.33,25.941,23.957,21.363,20.142,21.668,19.379,18.311,14.801,13.581,13.428,15.564,17.09,18.159,17.396,15.564,11.597,9.003,6.1037,6.5615,8.24,12.513,13.886,15.87,17.243,17.548,16.175,13.886,9.3081,7.7822,6.1037,5.7985,3.5096,4.5778,4.2726,2.7467,-0.91556,-4.4252,-9.3081,-14.039,-17.853,-20.905,-22.736,-24.11,-25.178,-26.856,-31.434,-33.57,-36.012,-35.401,-37.233,-38.301,-40.742,-45.015,-49.593,-53.865,-57.375,-60.121,-63.021,-64.241,-65.157,-61.342,-59.358,-59.053,-61.19,-61.647,-62.258,-62.716,-62.563,-61.342,-58.596,-55.849,-54.781,-54.018,-54.323,-52.95,-52.339,-51.118,-52.187,-51.576,-53.102,-53.865,-53.713,-52.95,-52.95,-55.696,-58.443,-60.884,-63.784,-65.92,-67.141,-67.446,-68.209,-68.514,-69.735,-69.277,-67.293,-64.241,-62.563,-62.105,-59.816,-57.222,-55.391,-53.56,-54.018,-53.407,-52.187,-45.93,-42.116,-37.233,-33.723,-31.587,-30.061,-29.908,-27.619,-23.499,-22.584,-22.431,-23.347,-23.804,-24.873,-25.33,-27.009,-24.567,-22.279,-20.905,-21.21,-20.295,-18.311,-17.396,-18.159,-19.379,-22.279,-23.804,-23.499,-19.837,-15.87,-10.529,-5.7985,1.5259,8.24,14.649,18.311,21.821,25.33,27.467,29.145,29.603,27.924,27.161,26.246,27.467,30.061,35.401,38.453,42.879,45.473,48.067,49.593,48.83,49.287,51.576,55.544,58.901,61.647,66.073,68.972,71.871,71.566,70.498,68.514,68.819,68.667,70.65,72.481,74.313,74.465,71.871,68.972,68.819,69.124,74.77,80.416,87.283,91.556,94.455,93.844,94.302,93.387,93.081,92.471,93.692,96.286,97.354,97.201,96.438,94.913,94.607,92.318,90.64,87.893,84.994,79.958,75.686,71.871,67.293,61.495,56.612,52.492,48.677,44.71,40.132,36.317,35.096,33.113,29.45,23.957,19.99,14.496,8.6978,4.12,-0.30519,-5.9511,-10.376,-15.87,-22.279,-29.908,-37.69,-47.151,-55.086,-63.936,-72.176,-81.79,-89.114,-95.37,-98.27,-99.033,-100.1,-102.08,-103.76,-105.59,-109.71,-115.36,-121.46,-125.58,-127.26,-129.86,-130.77,-130.47,-129.09,-127.11,-124.36,-121.16,-118.87,-117.34,-115.82,-113.68,-110.93,-108.34,-102.85,-99.643,-96.133,-94.302,-90.64,-88.351,-85.604,-81.942,-77.67,-74.77,-73.397,-69.735,-66.225,-64.089,-60.274,-56.764,-54.323,-53.407,-49.745,-44.862,-36.622,-30.061,-24.72,-20.753,-16.633,-11.597,-6.1037,-2.8993,-0.30519,2.7467,7.0193,12.818,20.295,24.873,30.671,35.554,40.132,45.32,51.271,57.375,62.563,67.446,72.939,77.517,82.095,84.994,89.267,91.25,96.133,98.88,103.31,108.65,114.75,119.02,122.38,124.82,129.86,133.21,137.79,140.08,142.37,143.28,146.95,149.08,150.15,150.76,152.9,155.64,158.24,158.09,157.93,154.73,152.59,148.47,147.56,147.25,147.4,147.86,149.39,148.78,146.03,142.22,138.55,133.52,130.47,126.8,124.82,121.77,120.4,118.11,117.34,115.82,113.68,108.8,104.68,100.41,99.338,97.812,99.033,98.727,98.422,97.354,97.507,95.828,93.081,90.182,88.504,85.604,83.621,82.095,81.179,79.501,79.043,76.754,76.144,74.16,74.923,75.533,77.364,79.806,80.874,80.721,81.484,82.247,84.689,86.673,89.114,89.724,92.166,92.624,95.828,96.286,97.049,97.507,97.507,97.507,99.338,101.93,105.44,106.05,108.04,107.27,108.95,110.17,112.92,113.22,111.7,107.43,104.98,103.31,103.46,105.29,107.27,108.65,113.68,116.12,118.56,118.11,116.73,113.53,112.61,111.55,110.78,108.34,106.51,103.76,102.54,100.86,101.17,100.25,100.1,98.88,100.56,99.033,99.033,99.338,101.17,103,105.75,107.88,112.92,119.94,129.4,133.67,137.94,140.54,143.74,146.64,151.83,158.24,164.49,169.23,175.33,178.53,179.75,178.38,179.45,178.38,179.45,180.21,182.81,181.13,180.97,180.06,178.99,175.94,174.11,172.43,168.92,163.88,159.15,154.73,150.61,147.25,144.51,140.39,137.64,134.43,130.31,123.29,116.28,110.63,108.34,105.9,102.24,100.86,102.08,101.17,98.117,89.877,81.179,70.498,63.784,59.358,53.56,44.557,38.759,33.876,27.619,16.022,4.12,-10.681,-23.347,-38.148,-48.219,-54.628,-57.222,-61.037,-65.462,-72.329,-78.28,-86.825,-95.676,-106.66,-115.21,-124.36,-133.06,-144.2,-152.59,-162.05,-169.38,-176.85,-184.03,-189.52,-191.66,-193.64,-193.64,-193.49,-189.52,-185.71,-180.36,-177.92,-174.26,-170.45,-167.55,-169.38,-170.14,-169.38,-167.55,-166.02,-163.12,-156.71,-147.56,-138.71,-130.47,-123.14,-117.04,-115.36,-114.6,-115.05,-114.6,-113.07,-110.78,-108.04,-103.92,-99.033,-94.302,-90.487,-85.757,-84.231,-83.926,-84.078,-82.095,-81.179,-78.585,-77.822,-77.364,-78.433,-79.043,-78.433,-75.838,-72.634,-69.124,-64.394,-56.001,-50.661,-44.404,-37.996,-29.145,-22.736,-16.022,-13.581,-13.123,-13.581,-14.801,-14.954,-14.496,-13.733,-12.97,-13.428,-13.123,-15.412,-15.564,-14.039,-7.7822,-2.8993,-0.61037,-0.76296,-2.7467,-4.4252,-4.4252,-2.2889,2.1363,4.883,8.5452,9.9185,12.207,12.818,15.717,17.701,22.736,27.314,33.418,39.827,46.541,54.17,60.427,63.478,67.598,70.193,72.634,72.329,72.329,73.244,76.754,77.975,77.975,75.838,73.855,71.566,72.634,73.397,72.939,69.124,67.904,63.631,62.868,60.579,57.68,54.628,54.933,55.086,56.154,55.849,55.391,55.696,56.154,55.391,57.985,57.222,56.459,52.339,50.661,45.625,40.132,35.554,32.807,31.281,28.993,24.873,20.447,14.954,13.276,12.665,16.175,18.006,21.668,24.567,30.061,33.57,37.538,42.421,45.778,46.236,45.32,42.879,41.2,39.521,39.216,35.707,33.418,29.145,26.704,22.889,21.058,19.837,19.074,19.227,18.769,17.396,17.396,17.548,19.227,18.006,18.006,15.564,13.276,10.681,8.5452,5.9511,3.2044,1.2207,-1.0681,-4.4252,-5.7985,-5.4933,-3.6622,-3.6622,-3.2044,-5.7985,-6.1037,-7.9348,-7.7822,-8.8504,-8.3926,-10.224,-12.665,-15.107,-14.039,-11.902,-11.444,-14.191,-16.785,-22.584,-25.636,-28.84,-30.366,-35.859,-37.996,-41.963,-45.32,-48.982,-51.118,-52.797,-54.781,-58.443,-61.19,-62.563,-61.342,-62.563,-61.8,-61.953,-60.579,-61.037,-61.953,-63.631,-65.004,-63.936,-60.274,-57.222,-54.018,-50.966,-45.015,-42.879,-40.132,-40.437,-41.505,-46.236,-50.661,-55.849,-61.647,-69.124,-76.296,-82.4,-87.13,-90.182,-92.776,-93.844,-91.861,-91.25,-89.419,-88.504,-87.588,-89.724,-89.419,-89.572,-90.793,-91.403,-90.487,-89.419,-88.351,-88.351,-89.114,-92.471,-94.455,-98.27,-98.88,-101.17,-103.31,-106.51,-108.65,-110.93,-113.83,-117.5,-120.09,-121.62,-121.31,-119.33,-119.63,-121.16,-122.38,-124.97,-124.97,-124.97,-125.28,-127.41,-128.79,-131.69,-131.38,-129.09,-126.65,-124.67,-122.38,-122.23,-122.99,-124.21,-125.74,-130.62,-134.13,-138.55,-141.15,-142.22,-140.23,-135.65,-132.15,-129.55,-126.65,-123.29,-119.94,-118.11,-116.28,-116.28,-116.89,-119.79,-123.6,-128.18,-129.55,-128.64,-125.43,-121.31,-115.67,-109.41,-104.83,-102.39,-102.24,-103.61,-102.39,-103.15,-105.44,-109.87,-113.83,-117.04,-117.04,-116.12,-115.05,-114.6,-114.6,-112.92,-109.41,-105.44,-101.32,-98.27,-92.929,-87.741,-81.484,-76.754,-70.65,-65.462,-59.511,-53.713,-48.982,-45.625,-41.963,-37.08,-32.96,-27.772,-21.973,-18.921,-14.649,-12.207,-8.24,-4.883,-2.4415,-1.8311,0.15259,4.4252,10.224,15.564,20.905,24.873,27.161,28.535,30.519,30.671,31.892,33.57,36.012,37.69,40.437,43.031,47.609,52.339,57.07,61.342,66.683,72.634,79.196,85.452,94.15,100.1,105.59,110.02,115.82,119.94,124.97,129.09,131.69,133.98,136.57,139.93,144.66,149.54,154.27,155.34,158.09,159.46,163.27,166.02,170.14,173.96,179.45,184.03,191.05,198.07,204.47,209.51,214.85,218.97,224.77,227.21,231.18,233.47,238.04,239.72,241.71,242.62,242.32,241.71,242.93,244.45,245.22,245.67,247.35,247.35,246.74,242.62,238.2,231.03,225.38,218.67,213.48,209.97,207.83,204.17,201.88,199.59,198.52,197.45,199.44,200.05,201.12,201.27,200.35,198.07,196.23,194.71,192.88,190.28,187.38,183.87,179.3,175.63,175.33,173.5,172.73,171.97,172.89,171.36,169.68,169.23,169.38,169.84,169.23,170.14,171.36,170.75,169.53,168.92,168.46,166.63,166.33,167.24,168.16,169.07,171.21,173.96,175.94,176.24,176.7,176.4,173.35,169.23,166.17,160.68,157.48,155.19,154.42,153.2,151.68,149.39,145.88,141,136.42,133.37,130.31,126.5,122.68,117.65,112.77,108.04,104.83,101.47,99.643,95.981,93.234,91.861,92.318,92.624,91.556,90.182,86.673,82.553,79.806,75.991,73.092,71.566,72.329,72.176,72.329,71.108,68.819,67.141,66.683,66.073,66.073,66.53,66.53,62.105,59.664,54.781,51.881,45.778,40.742,36.012,31.739,25.483,20.905,15.564,12.207,8.24,7.3244,4.4252,3.6622,1.2207,1.0681,0.45778,1.8311,0.76296,1.8311,1.0681,0.15259,-0.91556,-2.7467,-6.2563,-8.6978,-12.818,-14.954,-17.548,-17.701,-19.837,-21.516,-26.399,-31.739,-36.927,-40.742,-47.609,-53.865,-59.511,-62.258,-62.868,-61.953,-64.241,-64.852,-68.667,-70.04,-73.244,-74.465,-75.533,-77.517,-81.484,-84.689,-87.283,-86.825,-87.283,-88.656,-92.624,-95.218,-102.24,-109.56,-119.94,-129.25,-136.57,-142.52,-147.25,-150.76,-157.48,-165.11,-174.11,-181.59,-188.91,-193.49,-200.81,-206.76,-213.93,-217.6,-221.87,-227.21,-231.64,-235.45,-238.81,-241.25,-241.25,-237.59,-236.98,-239.11,-242.77,-245.06,-250.25,-256.36,-263.22,-270.55,-280.47,-290.99,-301.98,-313.12,-323.65,-333.41,-344.55,-353.86,-363.63,-373.24,-384.69,-395.98,-407.42,-416.43,-427.56,-439.47,-453.2,-464.34,-471.82,-473.34,-471.97,-467.54,-463.73,-457.32,-447.1,-438.7,-436.11,-439.16,-448.01,-456.1,-461.44,-465.56,-471.82,-475.78,-478.38,-475.78,-468.76,-464.34,-461.13,-460.22,-464.49,-473.49,-482.5,-489.36,-496.99,-500.5,-499.13,-496.84,-495.16,-496.38,-495.32,-494.4,-491.2,-485.09,-480.51,-475.33,-471.36,-463.88,-457.78,-458.39,-465.87,-473.19,-477.92,-478.99,-478.99,-478.07,-476.85,-474.87,-474.72,-473.65,-476.7,-482.35,-489.21,-493.94,-496.38,-497.15,-495.77,-493.64,-492.42,-491.81,-493.33,-496.99,-504.32,-512.1,-518.81,-524.31,-529.65,-530.56,-530.72,-528.89,-525.99,-526.14,-527.66,-528.89,-532.4,-535.14,-538.8,-541.4,-543.23,-543.99,-543.84,-542.16,-542.16,-543.99,-545.37,-545.52,-543.99,-540.64,-538.19,-533.77,-529.8,-527.36,-527.21,-527.97,-529.5,-529.5,-525.83,-520.49,-514.54,-509.66,-506.61,-502.95,-502.79,-502.33,-500.2,-494.09,-489.21,-481.58,-474.11,-467.09,-462.36,-459,-453.81,-449.54,-445.27,-438.09,-431.99,-424.21,-417.65,-409.25,-402.39,-394.76,-386.67,-378.89,-368.97,-358.75,-349.44,-340.74,-334.03,-326.85,-320.14,-309.61,-299.69,-288.25,-275.89,-263.83,-250.86,-239.72,-229.35,-219.28,-211.65,-202.95,-194.1,-183.87,-173.8,-163.73,-154.12,-142.22,-130.31,-118.41,-107.43,-97.812,-90.03,-80.569,-72.481,-61.647,-51.424,-40.59,-31.434,-21.821,-10.681,-0.45778,10.224,21.21,32.502,43.184,53.255,65.004,74.16,84.384,95.065,107.12,117.34,127.26,138.71,148.78,159.15,167.24,174.26,179.14,182.81,189.83,197.15,205.85,213.32,223.24,231.79,239.42,246.28,252.69,261.09,271,280.47,289.01,296.79,304.12,308.85,316.32,323.65,331.89,339.06,347,355.39,363.48,371.41,379.8,388.5,397.81,406.81,416.27,425.28,435.96,444.35,453.51,460.83,468.61,474.87,482.5,490.74,499.59,507.68,514.08,519.88,525.38,529.8,534.07,536.67,538.65,539.26,540.64,539.72,540.33,540.18,540.33,540.18,538.96,536.82,535.91,534.38,533.46,530.87,529.65,526.6,524.46,521.41,518.36,513.47,509.35,504.78,500.66,497.6,496.99,496.69,496.99,495.32,492.87,488.75,487.69,484.63,483.72,481.43,478.68,472.43,466.93,460.37,455.03,450.15,444.65,439.31,435.19,430.31,426.95,419.17,414.75,408.19,405.29,402.54,400.71,397.81,394.76,390.94,388.2,385.45,382.24,378.58,375.38,372.02,372.48,373.39,377.51,380.11,384.84,389.57,395.21,401.62,408.03,413.37,417.8,421.46,426.19,431.38,437.64,441.3,446.94,450.3,455.34,458.85,464.19,466.93,472.73,478.53,484.18,488.75,492.72,495.77,498.98,502.33,507.68,512.41,517.29,519.58,522.78,522.32,522.78,522.02,523.09,525.53,528.28,528.12,527.82,525.22,521.71,516.37,512.56,506.45,502.18,495.77,489.21,480.21,472.88,465.56,458.69,451.83,444.35,436.57,428.48,419.48,411.24,402.08,395.98,388.5,382.24,375.68,370.49,363.32,355.85,349.89,345.62,341.2,337.84,334.03,331.58,329.6,330.82,329.6,330.06,327.16,324.41,319.22,317.55,314.34,309.76,300.45,290.99,282.14,273.29,265.21,257.58,244.3,230.87,220.34,211.34,197.61,187.54,177.47,167.24,152.9,140.69,130.01,121.16,114.14,106.2,96.591,87.13,77.67,68.667,55.086,42.726,29.298,16.633,4.4252,-7.477,-21.973,-36.164,-48.677,-57.985,-66.683,-74.465,-82.705,-89.724,-100.86,-115.05,-132.45,-149.24,-165.56,-177.31,-186.47,-195.17,-201.88,-205.39,-209.97,-219.43,-229.5,-236.98,-242.47,-245.83,-250.4,-253.3,-254.68,-252.85,-252.54,-251.93,-254.22,-255.59,-251.32,-243.39,-237.28,-229.5,-221.72,-213.02,-209.81,-206.76,-204.32,-203.86,-205.24,-205.39,-206.76,-209.51,-212.71,-212.26,-210.58,-209.66,-206,-199.44,-193.79,-188.15,-185.25,-180.36,-177.01,-171.97,-169.99,-168.31,-166.78,-168.46,-170.29,-170.29,-171.97,-176.09,-180.67,-185.25,-189.83,-192.27,-195.47,-199.59,-205.85,-213.63,-223.4,-229.8,-233.47,-234.38,-231.48,-223.7,-214.24,-206.31,-202.49,-201.42,-206.31,-213.02,-220.8,-224.46,-225.38,-221.41,-217.29,-214.85,-210.58,-208.14,-207.53,-207.07,-206,-203.41,-199.44,-195.78,-195.93,-195.93,-198.22,-200.05,-204.32,-204.17,-201.73,-200.96,-202.19,-201.57,-200.51,-199.74,-199.44,-195.32,-194.25,-193.64,-195.47,-196.39,-199.29,-202.49,-206.76,-206.76,-204.78,-200.66,-195.32,-189.83,-184.03,-178.38,-175.48,-169.23,-163.12,-155.49,-149.39,-141.76,-135.2,-128.79,-122.84,-115.36,-108.65,-100.86,-94.455,-88.656,-82.705,-76.907,-72.176,-65.92,-58.29,-48.83,-42.116,-33.113,-25.483,-19.227,-15.259,-12.665,-11.139,-10.681,-12.055,-12.055,-12.818,-12.818,-12.818,-11.139,-9.7659,-8.3926,-8.24,-8.5452,-8.24,-8.5452,-8.6978,-7.3244,-4.4252,-0.76296,1.0681,2.5941,3.0519,4.12,4.12,4.2726,2.2889,3.0519,3.0519,3.8148,4.12,3.2044,0.15259,-2.1363,-4.883,-4.883,-5.1881,-3.8148,-4.5778,-4.12,-6.8667,-9.3081,-10.224,-10.987,-10.987,-10.529,-9.7659,-7.0193,-5.3407,-1.9837,-1.5259,-2.1363,-3.2044,-0.61037,1.9837,4.12,5.1881,8.24,10.834,14.191,18.311,22.279,24.262,28.382,32.35,36.317,38.606,43.947,46.693,49.593,51.424,54.17,55.849,57.833,59.053,60.732,62.563,65.767,67.904,70.04,68.514,68.667,67.904,68.056,66.683,66.683,67.141,70.193,73.55,75.686,77.822,79.806,80.416,82.858,84.078,83.926,79.501,75.991,71.108,70.04,69.43,70.04,69.582,70.498,72.939,75.838,75.838,75.228,73.855,72.939,68.667,65.157,62.105,61.647,59.969,59.664,57.375,55.238,54.628,54.933,55.086,55.849,54.476,53.56,52.187,49.745,43.947,39.216,35.707,34.944,34.639,37.233,39.064,39.674,36.775,35.249,37.385,39.979,41.963,45.167,46.236,45.473,42.116,41.2,38.453,34.333,29.756,27.009,24.567,24.567,22.889,19.99,15.412,10.681,2.1363,-2.4415,-7.477,-9.1556,-11.292,-12.36,-16.327,-20.905,-27.009,-32.197,-36.775,-39.064,-41.505,-43.184,-47.151,-49.287,-51.881,-53.255,-55.238,-53.407,-51.424,-49.135,-47.304,-46.236,-45.015,-45.167,-48.067,-49.287,-49.898,-48.677,-49.287,-49.745,-51.576,-52.339,-52.95,-54.018,-56.154,-58.443,-58.596,-58.138,-57.833,-57.375,-59.358,-60.427,-63.021,-64.394,-65.767,-66.988,-68.514,-67.598,-66.836,-64.089,-61.19,-57.07,-56.459,-53.102,-50.05,-47.609,-47.914,-47.304,-47.761,-48.524,-48.83,-48.83,-48.677,-48.677,-46.693,-42.573,-37.538,-31.129,-26.704,-21.363,-17.396,-10.224,-5.6459,-1.2207,0.61037,1.6785,2.7467,4.7304,7.7822,12.818,16.022,19.684,20.6,22.584,22.126,23.499,21.973,19.684,18.769,18.006,15.259,12.36,6.7141,1.2207,-2.7467,-2.8993,-2.5941,0.76296,2.5941,5.1881,4.5778,5.1881,3.8148,3.9674,4.7304,6.4089,7.1718,9.003,13.276,20.295,23.804,28.535,29.756,31.892,31.892,32.96,32.807,33.418,34.944,38.606,38.148,38.148,36.775,36.622,32.655,27.924,20.753,15.717,9.4607,5.1881,0.61037,-4.7304,-11.139,-17.396,-22.736,-26.551,-30.976,-34.181,-36.012,-35.249,-36.622,-37.385,-39.369,-40.284,-39.369,-37.996,-36.927,-35.554,-34.028,-33.265,-34.333,-36.622,-43.947,-49.135,-53.255,-54.17,-56.612,-59.511,-63.478,-66.225,-69.124,-73.092,-77.517,-81.942,-83.926,-86.367,-88.656,-89.267,-91.098,-91.098,-92.166,-91.708,-93.081,-93.081,-93.234,-90.945,-88.351,-85.299,-83.621,-82.095,-81.484,-80.721,-82.247,-80.569,-80.264,-77.517,-76.907,-76.296,-74.923,-73.702,-73.244,-73.397,-75.228,-76.601,-78.738,-78.738,-80.569,-79.501,-78.585,-77.364,-79.043,-78.585,-76.144,-74.313,-71.871,-67.598,-62.716,-57.527,-54.476,-51.271,-51.729,-51.118,-51.729,-52.644,-54.476,-55.391,-57.07,-55.391,-53.407,-50.966,-48.677,-45.473,-43.794,-41.505,-40.284,-38.301,-37.385,-33.418,-29.145,-23.041,-17.243,-10.529,-4.7304,-0.15259,3.6622,7.0193,8.8504,12.513,15.259,18.616,19.379,22.736,25.025,27.009,29.908,33.57,35.554,36.775,39.216,43.641,45.473,46.541,44.862,46.083,45.167,46.541,48.219,51.576,56.612,61.037,64.394,68.361,70.65,72.634,72.024,71.871,71.261,72.634,74.007,75.991,78.738,82.858,87.588,93.844,98.117,102.54,106.66,113.53,117.95,123.14,125.89,128.64,126.19,124.67,120.09,116.43,110.78,105.9,101.47,97.201,90.945,84.841,77.975,73.397,68.056,64.852,59.969,57.68,52.95,50.05,48.219,46.083,44.252,43.031,41.047,40.742,40.284,42.116,39.827,37.385,34.028,32.655,31.129,31.281,31.281,31.129,31.281,31.129,30.519,30.213,28.84,27.619,24.567,22.889,18.464,15.259,10.987,7.6296,2.8993,-0.61037,-3.6622,-4.883,-6.4089,-9.4607,-14.649,-17.396,-22.431,-24.72,-27.619,-29.45,-32.96,-35.249,-37.996,-41.353,-44.557,-47.456,-51.271,-56.459,-63.784,-69.582,-74.77,-75.686,-78.433,-81.79,-85.604,-86.673,-88.046,-87.588,-86.825,-87.588,-87.13,-86.215,-86.062,-86.367,-88.656,-88.809,-90.335,-91.403,-92.166,-90.335,-88.351,-86.673,-85.147,-84.384,-84.689,-84.689,-86.215,-88.656,-90.64,-91.403,-94.607,-95.37,-96.286,-94.455,-91.25,-86.673,-84.689,-82.705,-79.348,-73.397,-68.514,-64.852,-63.326,-60.579,-59.206,-57.985,-57.07,-55.849,-55.086,-51.729,-50.966,-49.44,-47.914,-44.862,-42.726,-41.658,-42.268,-41.047,-40.132,-37.69,-34.181,-29.145,-26.551,-22.889,-21.363,-21.668,-21.821,-21.058,-19.684,-20.447,-22.584,-24.11,-24.567,-24.11,-24.567,-23.347,-24.415,-24.72,-24.873,-23.347,-23.652,-23.347,-23.041,-23.194,-23.652,-22.736,-21.058,-18.616,-17.396,-16.022,-15.107,-13.886,-14.039,-13.581,-15.87,-17.701,-20.753,-22.584,-22.431,-19.99,-15.87,-13.886,-14.039,-12.513,-11.139,-10.224,-9.7659,-7.7822,-6.8667,-4.12,-0.30519,2.8993,2.2889,0.61037,0.61037,0.76296,-1.2207,-4.5778,-7.477,-8.24,-10.224,-11.292,-15.87,-18.921,-20.753,-22.126,-20.6,-18.769,-18.921,-16.938,-13.886,-11.597,-9.3081,-4.12,2.2889,8.6978,11.139,13.123,11.75,10.529,8.0874,6.8667,6.4089,5.0356,4.7304,5.3407,4.7304,3.2044,2.1363,3.357,1.5259,0.45778,1.5259,3.9674,5.4933,7.477,5.9511,4.883,4.5778,3.0519,0.61037,-0.76296,-1.5259,-2.2889,-2.5941,-4.7304,-8.0874,-8.8504,-8.6978,-7.3244,-8.5452,-8.5452,-8.24,-7.7822,-7.477,-8.6978,-9.9185,-10.071,-11.75,-12.818,-15.107,-15.412,-16.022,-15.412,-16.327,-16.022,-15.259,-12.97,-10.376,-7.477,-4.5778,-1.3733,0.61037,1.5259,0.61037,-0.61037,-0.30519,2.8993,4.4252,7.3244,9.7659,12.818,15.107,19.684,23.041,24.262,25.788,27.619,27.161,25.33,24.873,29.603,34.639,39.369,42.421,45.015,46.846,48.677,49.44,49.44,49.745,51.118,50.966,52.034,53.713,56.307,56.612,55.696,50.356,44.557,38.301,36.775,35.707,36.927,39.216,41.658,41.353,38.301,34.028,30.671,28.687,28.382,26.246,26.399,24.415,24.262,22.584,23.804,24.72,25.483,23.499,22.279,21.058,19.227,16.175,13.276,8.24,4.2726,-1.9837,-6.5615,-11.902,-12.513,-13.276,-14.039,-14.954,-18.921,-20.6,-22.431,-28.23,-34.028,-39.369,-43.031,-47.151,-48.524,-50.05,-50.356,-53.102,-54.323,-56.307,-57.375,-58.29,-59.969,-61.342,-60.274,-58.901,-59.053,-59.664,-57.833,-57.68,-58.29,-58.596,-56.917,-55.849,-53.407,-51.881,-49.745,-49.593,-50.966,-52.797,-54.476,-56.154,-54.17,-52.95,-52.034,-52.339,-51.118,-51.118,-51.118,-53.865,-55.696,-58.596,-61.342,-62.105,-62.258,-61.342,-60.274,-60.274,-59.664,-59.053,-56.612,-55.086,-51.118,-48.677,-45.473,-45.167,-45.32,-45.32,-44.099,-40.59,-34.181,-26.399,-19.379,-13.276,-7.0193,-4.4252,-2.4415,-4.883,-8.3926,-11.444,-13.886,-15.564,-15.717,-15.412,-15.107,-14.191,-11.292,-9.6133,-5.6459,-3.357,-1.0681,-2.1363,-2.2889,-3.9674,-3.357,-0.45778,3.357,9.1556,14.801,20.447,24.262,26.093,28.535,27.772,28.84,28.993,30.519,31.587,32.96,35.554,38.148,40.895,45.015,48.982,50.661,52.797,55.238,56.001,59.664,61.8,65.004,65.615,66.683,67.904,70.193,73.092,74.923,76.296,76.449,77.67,78.127,78.433,80.874,83.926,88.809,93.997,98.575,101.63,106.2,109.87,115.21,120.4,124.67,128.18,132.76,136.11,139.01,139.77,141.3,142.37,144.2,143.59,144.05,143.13,144.05,145.57,148.01,150.15,150.46,150,149.08,148.17,147.71,146.49,147.71,147.56,148.32,147.56,148.17,147.56,146.95,144.05,142.37,141.15,139.16,137.03,135.04,132.6,131.84,129.25,126.35,121.77,118.11,112.61,108.95,104.98,100.25,93.844,89.114,85.604,83.926,80.721,77.822,73.55,70.65,68.667,69.124,66.683,64.852,61.19,58.138,55.086,51.576,49.44,47.609,44.71,40.437,34.486,31.739,28.84,27.467,23.804,20.905,17.701,14.954,11.597,10.224,9.003,9.3081,10.071,10.376,10.224,10.834,12.513,14.496,15.107,18.616,19.532,21.21,21.363,22.889,23.194,24.72,25.636,26.551,26.704,27.314,27.009,27.161,25.178,23.652,20.905,21.821,19.684,18.159,15.87,14.496,11.902,9.3081,6.1037,4.5778,1.8311,1.3733,-1.0681,-2.5941,-3.9674,-3.8148,-7.0193,-9.1556,-11.902,-15.107,-18.464,-20.447,-24.11,-26.856,-28.993,-30.061,-33.113,-35.554,-39.827,-43.184,-46.693,-48.219,-50.356,-52.95,-54.323,-56.459,-58.443,-58.596,-58.596,-58.443,-59.358,-59.511,-60.884,-60.579,-61.19,-60.579,-60.732,-61.647,-61.953,-59.511,-57.375,-55.238,-54.628,-53.255,-54.323,-56.001,-57.527,-56.459,-57.07,-56.612,-57.375,-59.206,-62.105,-64.241,-65.462,-65.004,-65.92,-64.241,-65.31,-65.767,-66.225,-65.615,-66.836,-67.598,-68.819,-69.277,-69.124,-66.988,-66.836,-65.615,-66.53,-65.004,-64.394,-62.563,-60.579,-59.358,-58.901,-58.29,-58.29,-57.833,-58.443,-58.138,-60.121,-60.579,-62.258,-62.258,-63.173,-64.241,-67.446,-68.209,-68.819,-66.53,-66.988,-65.462,-64.241,-62.41,-63.021,-61.037,-59.664,-57.833,-53.713,-49.898,-48.372,-47.456,-46.846,-45.625,-46.541,-46.999,-48.524,-48.83,-50.356,-50.356,-50.05,-49.898,-49.287,-46.846,-43.947,-41.2,-39.521,-36.317,-35.554,-32.807,-31.129,-26.246,-23.804,-21.973,-21.058,-21.973,-21.668,-19.837,-18.616,-17.243,-17.09,-15.412,-15.259,-13.581,-16.327,-18.616,-22.126,-23.499,-24.11,-24.11,-24.11,-22.736,-21.973,-18.769,-14.954,-11.902,-10.834,-10.987,-13.733,-15.412,-17.853,-18.311,-19.227,-20.142,-21.516,-22.279,-22.126,-20.905,-18.921,-16.327,-15.107,-14.801,-16.022,-18.159,-20.905,-21.516,-22.889,-24.567,-28.23,-30.671,-32.197,-32.655,-31.587,-28.687,-25.788,-23.804,-22.736,-21.21,-22.279,-21.21,-20.905,-19.532,-17.548,-14.039,-11.597,-7.7822,-2.7467,3.0519,7.6296,13.276,18.616,23.652,27.161,30.519,30.976,35.096,38.453,43.184,46.693,50.508,52.95,56.307,58.901,62.105,65.157,67.751,68.209,69.43,67.141,66.836,63.631,61.953,58.443,57.07,54.17,51.118,48.83,46.846,44.404,41.658,38.606,37.843,35.401,33.57,32.655,35.554,37.08,39.827,40.895,39.827,37.08,37.08,36.622,34.944,32.502,32.502,31.129,31.892,32.197,33.265,31.892,31.281,31.281,32.655,36.927,43.031,49.898,57.375,63.173,66.225,66.683,69.887,73.244,77.517,80.264,83.316,83.01,82.247,81.027,80.416,79.958,80.416,79.348,77.975,76.144,74.618,71.413,68.667,64.394,59.664,53.255,46.846,42.268,36.622,30.671,26.093,22.889,19.532,15.259,10.834,6.7141,4.12,3.8148,9.003,12.055,16.175,18.769,23.347,28.535,33.418,36.775,41.2,47.914,55.391,61.495,66.683,70.803,75.991,80.874,87.893,91.708,93.844,93.387,94.913,96.286,95.37,96.286,97.659,97.507,98.88,99.033,98.422,96.133,98.27,99.948,104.68,106.05,108.34,109.26,109.87,112.31,115.67,120.4,125.13,129.4,132.6,134.59,139.16,141.15,145.42,146.64,150.15,152.29,155.8,158.24,161.6,166.63,171.21,171.51,170.45,168,168,163.58,158.7,150.91,144.05,135.96,132.6,129.25,126.8,122.38,117.95,112.16,106.81,101.47,96.896,90.03,87.893,85.147,83.01,77.059,71.871,66.073,58.443,50.966,46.236,39.979,36.927,35.859,37.538,36.775,36.622,33.418,31.434,28.535,27.924,25.788,22.736,19.074,14.496,10.376,8.24,6.8667,4.5778,-0,-3.0519,-6.1037,-5.0356,-3.5096,-0,2.1363,4.12,4.7304,3.8148,1.2207,-1.2207,-4.4252,-8.6978,-11.902,-13.733,-16.327,-16.938,-17.853,-17.396,-18.769,-19.837,-21.668,-21.973,-22.431,-23.194,-24.873,-27.009,-30.671,-34.639,-38.911,-39.979,-43.031,-45.473,-50.203,-54.17,-59.511,-62.868,-66.53,-67.904,-69.582,-69.582,-69.277,-69.887,-71.413,-72.787,-76.144,-78.433,-81.942,-83.316,-83.926,-83.316,-84.841,-86.367,-87.13,-89.114,-91.708,-93.081,-94.607,-95.828,-95.523,-93.539,-94.302,-93.692,-92.624,-91.708,-91.861,-92.471,-93.081,-91.861,-90.335,-87.741,-85.299,-83.316,-81.027,-79.653,-79.348,-77.975,-79.806,-79.501,-79.348,-78.28,-78.89,-79.653,-80.721,-81.027,-83.316,-84.994,-86.825,-88.809,-92.318,-94.607,-94.76,-92.166,-89.724,-86.673,-84.536,-81.484,-79.501,-77.059,-76.601,-75.686,-74.923,-75.381,-76.296,-76.296,-79.196,-81.179,-84.841,-87.283,-89.724,-88.504,-86.367,-84.384,-83.773,-82.4,-80.264,-76.907,-73.244,-68.514,-64.547,-60.732,-59.358,-57.375,-57.222,-55.544,-54.781,-53.56,-53.407,-50.356,-46.846,-44.252,-40.59,-36.622,-33.265,-31.434,-30.366,-26.704,-23.804,-20.753,-21.21,-19.99,-20.295,-21.516,-21.21,-20.447,-21.668,-23.194,-23.804,-23.194,-22.736,-19.074,-14.801,-8.5452,-4.2726,0.15259,1.5259,5.7985,11.139,19.074,26.246,33.876,39.064,40.284,39.827,39.064,36.164,34.028,30.976,28.687,23.347,19.837,15.717,12.665,9.4607,5.6459,-0.30519,-5.7985,-10.529,-15.107,-19.99,-22.431,-26.399,-28.23,-30.671,-30.061,-29.145,-27.161,-27.161,-25.178,-21.668,-16.633,-13.886,-11.597,-10.376,-10.071,-10.834,-10.376,-13.428,-16.633,-21.058,-22.279,-23.957,-23.957,-25.178,-27.619,-30.976,-32.96,-34.944,-35.859,-39.216,-44.404,-52.492,-59.969,-66.683,-70.803,-76.754,-78.89,-78.28,-76.449,-73.55,-71.261,-68.514,-65.92,-61.647,-53.407,-45.778,-36.47,-29.145,-22.736,-20.295,-18.921,-18.616,-16.327,-15.87,-16.175,-14.649,-14.191,-13.123,-9.7659,-6.2563,-2.1363,0.61037,3.8148,7.1718,13.428,18.159,24.262,30.519,37.08,42.573,45.93,48.677,50.966,54.476,58.901,62.41,67.141,71.566,75.838,77.212,80.416,81.637,84.841,89.267,93.844,95.828,97.049,98.422,101.47,103.92,105.9,104.98,103.92,103.15,106.05,107.73,110.17,110.32,112.61,115.82,118.41,117.34,115.05,112.92,112.61,114.14,114.44,113.83,115.36,112.92,112.92,113.07,116.73,117.5,119.94,120.55,122.23,123.29,124.52,126.04,128.64,128.48,129.25,128.64,129.86,127.87,127.57,127.26,128.18,126.04,125.13,124.06,123.29,123.75,125.13,125.13,126.5,126.96,128.03,125.28,122.99,120.4,118.26,114.9,114.75,113.83,110.63,108.19,106.81,105.44,104.98,104.37,104.07,100.86,99.185,95.676,94.913,93.997,96.133,96.896,99.643,101.78,103.61,105.14,106.81,107.27,108.65,108.8,109.87,107.88,108.34,110.02,111.55,111.55,112.46,111.85,110.63,108.49,104.68,99.338,94.455,91.25,89.572,86.825,86.215,84.536,83.773,82.4,81.942,75.686,69.735,64.699,60.884,55.849,50.813,44.862,40.59,36.164,29.603,21.21,18.311,17.09,18.006,16.022,14.496,11.75,9.7659,7.0193,4.12,3.357,3.2044,2.1363,1.2207,-0,-0.15259,-2.1363,-2.4415,-1.5259,0.76296,0.76296,6.2563,11.139,16.022,21.668,27.467,29.145,30.671,32.655,35.249,38.301,42.573,43.336,45.32,46.693,49.898,51.118,52.339,51.271,49.745,45.778,38.911,29.298,19.684,11.902,4.7304,-4.12,-9.9185,-13.886,-15.412,-21.058,-25.941,-33.113,-40.742,-50.661,-59.969,-68.972,-77.822,-84.994,-92.624,-102.69,-110.93,-117.5,-121.46,-126.65,-131.99,-140.23,-147.4,-155.03,-160.83,-166.94,-170.29,-172.73,-173.96,-172.12,-168.77,-165.87,-161.9,-160.83,-161.14,-160.68,-158.54,-158.7,-157.48,-154.27,-150.15,-146.95,-144.05,-140.69,-138.4,-136.42,-133.06,-130.92,-127.87,-127.26,-125.43,-124.97,-122.38,-120.4,-118.11,-114.75,-110.48,-106.66,-104.53,-102.39,-100.25,-98.727,-97.964,-96.744,-93.692,-93.997,-92.776,-90.945,-87.588,-84.689,-80.111,-77.822,-76.601,-78.89,-83.163,-86.367,-89.572,-90.945,-88.961,-88.046,-86.062,-85.299,-84.384,-85.91,-85.299,-81.942,-77.212,-72.481,-68.667,-65.157,-60.274,-55.849,-53.102,-50.508,-46.999,-45.473,-41.81,-37.385,-30.976,-26.093,-21.058,-18.769,-17.548,-12.665,-5.1881,0.15259,3.357,4.2726,4.883,0.30519,-5.1881,-12.207,-14.954,-15.717,-16.633,-17.853,-19.074,-19.684,-21.516,-23.499,-25.636,-26.399,-23.347,-19.684,-12.36,-6.8667,-1.9837,-1.5259,-4.5778,-9.6133,-13.276,-16.633,-20.142,-25.025,-30.061,-36.622,-41.963,-45.473,-47.304,-50.203,-50.508,-51.118,-50.966,-51.576,-50.05,-50.203,-53.102,-56.917,-58.29,-59.358,-60.274,-59.358,-59.206,-60.274,-60.121,-60.427,-57.68,-55.391,-52.339,-51.576,-52.339,-52.339,-50.508,-47.304,-43.794,-38.606,-34.486,-32.655,-29.45,-28.077,-27.619,-28.077,-27.772,-28.993,-30.519,-32.35,-34.944,-39.216,-43.641,-47.914,-51.118,-54.476,-54.933,-56.612,-57.527,-58.443,-56.917,-56.612,-54.018,-49.44,-44.71,-41.505,-38.148,-34.791,-32.655,-29.45,-25.178,-24.11,-28.077,-33.723,-34.486,-33.265,-31.129,-29.908,-23.499,-14.344,-6.7141,-3.357,-3.0519,-5.0356,-8.5452,-11.139,-10.376,-10.224,-10.224,-11.292,-9.7659,-10.987,-12.513,-12.97,-13.123,-11.902,-8.5452,-5.4933,-5.9511,-8.5452,-8.5452,-8.24,-7.6296,-8.6978,-9.9185,-12.97,-16.785,-22.889,-26.399,-29.45,-30.824,-30.976,-28.077,-23.347,-18.159,-14.954,-9.1556,-5.6459,-0,3.5096,5.6459,4.5778,3.2044,-0.15259,-4.12,-7.6296,-8.5452,-6.4089,-2.8993,0.91556,5.0356,6.1037,7.1718,7.0193,5.7985,2.4415,-0.30519,-3.9674,-6.7141,-8.3926,-9.003,-9.6133,-10.376,-13.276,-16.175,-19.532,-20.905,-22.889,-23.194,-25.788,-26.246,-27.009,-28.23,-28.84,-29.908,-31.587,-32.655,-32.044,-29.756,-27.924,-25.483,-25.178,-23.804,-25.178,-26.246,-30.213,-34.944,-39.674,-45.473,-50.813,-55.238,-57.833,-59.358,-59.969,-61.953,-65.157,-65.92,-69.277,-71.108,-72.176,-72.024,-71.261,-72.787,-75.381,-77.67,-79.653,-80.416,-80.874,-79.958,-78.433,-77.364,-78.433,-76.296,-74.465,-74.16,-75.838,-75.381,-72.787,-70.803,-68.667,-64.394,-58.748,-53.102,-49.745,-46.693,-45.473,-43.794,-43.794,-42.268,-41.505,-40.284,-39.369,-39.674,-38.606,-37.385,-36.317,-35.401,-34.791,-31.434,-29.45,-25.941,-24.11,-22.889,-21.821,-19.227,-16.785,-12.513,-8.5452,-3.0519,2.8993,9.003,13.123,19.074,22.431,27.161,30.671,35.859,39.064,42.268,44.099,45.625,47.609,50.05,53.407,58.138,60.884,64.241,66.073,69.735,71.108,74.923,76.144,79.806,82.247,84.536,85.604,86.825,87.893,89.267,90.335,93.234,93.692,95.065,96.133,100.25,103.15,108.49,113.99,117.8,119.48,121.92,123.14,125.13,126.5,130.47,130.92,131.69,130.01,131.08,129.4,131.23,130.62,128.64,125.43,123.45,120.85,117.8,113.68,112,107.43,104.53,100.1,96.896,92.166,88.351,82.4,78.28,73.092,68.819,62.105,55.696,47.761,41.047,34.028,32.197,30.366,29.756,27.161,25.178,21.363,17.853,14.191,10.224,6.1037,5.1881,3.5096,3.6622,2.5941,5.0356,5.3407,5.4933,5.9511,4.12,1.9837,1.5259,-0.15259,-1.2207,-3.0519,-3.5096,-6.2563,-7.0193,-10.071,-12.513,-17.09,-20.6,-23.347,-26.399,-30.366,-32.96,-36.927,-40.895,-45.167,-47.761,-53.255,-58.443,-65.462,-70.803,-74.77,-76.144,-78.738,-80.416,-83.773,-87.893,-93.539,-99.49,-106.66,-113.99,-119.63,-117.8,-112.92,-103.15,-93.844,-83.163,-75.228,-68.361,-61.037,-54.933,-48.372,-41.353,-33.876,-25.33,-17.853,-9.6133,-1.5259,7.477,14.649,22.584,29.298,38.301,46.999,55.086,63.021,70.65,77.059,83.01,87.436,92.624,97.049,103.76,108.8,114.29,116.43,119.79,123.75,129.25,133.52,137.18,140.54,142.37,142.83,144.35,142.83,144.51,144.66,147.71,148.01,149.08,148.63,149.85,150.3,151.22,153.2,154.27,152.44,152.44,149.85,150.46,151.37,156.56,160.07,165.11,170.14,177.47,182.5,186.01,187.99,189.83,189.83,191.66,193.64,198.98,202.19,206.46,207.37,206.46,203.41,201.42,196.39,189.52,182.2,176.55,167.85,159.15,151.83,149.08,147.4,149.69,148.93,147.4,141.76,138.1,132.15,125.74,117.95,110.32,103.15,98.117,94.913,94.76,92.776,93.539,93.539,93.692,90.793,86.978,80.874,75.228,71.108,70.193,70.193,69.124,63.784,58.748,54.323,50.508,43.336,37.69,31.739,26.856,21.821,17.548,11.75,5.4933,-0.76296,-6.5615,-11.902,-16.175,-20.6,-23.804,-30.213,-33.876,-35.707,-35.096,-34.944,-34.028,-34.639,-34.028,-32.807,-33.265,-36.622,-40.437,-45.167,-50.05,-57.07,-62.868,-69.735,-73.855,-79.348,-84.689,-89.724,-91.403,-90.945,-89.877,-89.572,-88.046,-86.52,-84.078,-81.179,-76.296,-72.939,-69.124,-66.988,-65.004,-65.31,-64.394,-64.699,-64.241,-62.563,-59.969,-58.596,-56.307,-55.544,-54.933,-54.17,-51.881,-51.576,-48.83,-47.761,-45.778,-45.473,-44.557,-43.794,-42.726,-43.031,-42.421,-41.353,-37.538,-34.791,-31.739,-29.145,-25.483,-24.262,-21.668,-21.058,-19.837,-19.99,-17.701,-14.649,-11.902,-9.7659,-7.1718,-3.9674,0.30519,3.5096,7.3244,9.6133,14.191,17.701,23.347,28.23,34.181,39.064,43.184,46.999,50.203,52.492,55.544,57.222,60.732,62.868,66.988,68.819,70.65,71.413,74.77,78.28,81.027,81.332,81.79,81.637,82.095,81.942,84.078,84.231,84.536,82.4,82.095,80.874,81.179,81.027,82.705,83.773,84.994,86.367,88.046,88.351,88.046,86.673,87.13,85.147,83.926,80.874,79.806,78.738,77.67,77.059,77.517,76.296,75.686,75.991,77.517,76.601,77.67,75.838,75.533,72.787,69.582,64.547,61.342,57.07,53.56,49.898,44.252,37.538,32.502,26.856,21.668,14.954,8.8504,3.2044,0.76296,-1.9837,-4.4252,-7.477,-9.7659,-13.428,-18.769,-23.957,-28.687,-31.739,-34.181,-37.538,-39.827,-44.099,-46.999,-52.644,-56.764,-61.342,-66.073,-71.871,-77.517,-84.078,-91.708,-99.185,-106.36,-113.99,-122.38,-129.7,-135.81,-142.67,-147.4,-153.97,-159.31,-163.73,-168.31,-172.73,-177.01,-181.43,-185.71,-190.74,-193.95,-196.54,-199.74,-202.64,-203.86,-206.31,-208.9,-211.8,-213.93,-215.92,-217.29,-218.97,-220.95,-222.33,-223.4,-223.85,-220.65,-217.75,-216.22,-216.38,-216.22,-218.51,-219.43,-220.04,-221.56,-223.4,-224.92,-224.92,-225.99,-228.58,-228.58,-230.72,-233.62,-238.96,-243.69,-249.49,-255.13,-261.54,-266.88,-271.46,-276.19,-278.48,-281.23,-281.69,-278.48,-275.73,-275.28,-276.8,-275.89,-276.65,-276.19,-278.02,-279.7,-279.09,-278.79,-278.63,-277.87,-274.06,-269.78,-267.04,-263.53,-260.32,-255.59,-249.95,-241.55,-234.23,-228.13,-223.7,-219.28,-215.16,-212.56,-210.43,-209.05,-207.98,-205.85,-206.46,-206.76,-205.69,-202.19,-198.52,-195.01,-192.42,-189.98,-186.16,-182.35,-180.82,-178.99,-177.92,-176.24,-177.31,-177.77,-180.06,-182.65,-183.72,-184.33,-183.87,-183.11,-184.48,-186.62,-190.89,-194.4,-199.29,-204.47,-211.19,-217.6,-224.31,-229.65,-234.08,-238.2,-240.33,-242.93,-245.06,-247.35,-250.56,-253.46,-259.25,-262.61,-264.44,-263.07,-261.24,-257.12,-253.76,-251.78,-251.01,-252.69,-255.9,-258.8,-259.25,-256.36,-253,-247.51,-244.45,-240.94,-237.89,-235.45,-233.01,-231.33,-230.41,-229.96,-228.13,-225.07,-222.79,-219.28,-217.14,-213.02,-208.9,-202.64,-196.23,-188.6,-182.81,-178.38,-174.87,-173.8,-173.96,-175.02,-174.72,-169.07,-161.44,-152.75,-146.64,-141.15,-137.49,-135.65,-134.43,-132.45,-131.08,-128.18,-124.21,-120.24,-117.65,-114.9,-115.51,-115.67,-116.73,-117.5,-120.24,-123.6,-126.35,-128.33,-128.33,-127.57,-127.87,-125.89,-124.36,-121.16,-120.4,-120.85,-124.82,-126.65,-127.26,-126.04,-124.21,-121.77,-120.09,-117.19,-114.29,-111.09,-110.93,-110.78,-110.78,-110.63,-112.46,-113.83,-114.9,-116.43,-119.33,-123.6,-125.58,-127.26,-129.25,-130.92,-134.89,-138.71,-143.13,-145.88,-148.78,-149.08,-148.93,-150.76,-150.46,-149.54,-149.08,-149.39,-150.15,-149.69,-151.07,-152.44,-153.97,-151.83,-152.59,-152.44,-149.85,-148.17,-145.27,-141.91,-137.33,-132.76,-126.5,-118.87,-115.67,-114.29,-115.36,-116.43,-118.11,-119.79,-121.31,-122.68,-122.07,-120.85,-121.31,-118.87,-117.95,-115.82,-111.85,-104.07,-96.438,-87.741,-76.907,-65.157,-51.118,-37.385,-24.11,-9.4607,1.3733,10.529,19.074,30.061,40.59,51.118,61.342,70.498,80.111,91.098,103.61,116.89,125.28,134.43,142.83,151.37,161.14,172.28,187.69,203.86,216.38,227.67,237.28,250.56,263.07,272.68,276.04,281.08,286.42,291.6,294.2,294.05,290.69,292.21,294.81,300.76,310.22,318.77,321.97,319.83,314.65,311.14,308.08,303.81,298.47,295.11,289.01,281.38,269.02,256.36,242.01,229.96,218.51,204.02,187.38,170.9,152.29,133.37,114.29,95.37,74.007,56.001,37.385,16.785,-6.8667,-27.924,-48.219,-67.904,-87.741,-105.9,-124.06,-139.62,-153.2,-171.97,-192.27,-209.51,-224.46,-237.28,-251.78,-266.73,-281.38,-295.27,-309.15,-323.19,-333.41,-343.03,-355.85,-370.49,-383.31,-393.99,-403.76,-412.15,-419.02,-422.83,-426.65,-428.94,-432.6,-438.09,-440.84,-441.76,-442.98,-444.96,-446.79,-445.88,-444.04,-441.45,-440.99,-439.01,-434.43,-427.87,-423.14,-421.61,-419.63,-416.73,-413.22,-409.56,-406.2,-401.01,-397.66,-392.77,-388.04,-382.85,-380.57,-378.73,-376.6,-374,-371.87,-369.27,-365,-361.34,-358.29,-356.91,-358.75,-360.88,-363.17,-362.71,-362.1,-359.81,-356.61,-355.39,-355.08,-356.3,-357.22,-359.2,-363.32,-366.99,-372.17,-375.99,-379.19,-378.73,-377.36,-376.29,-374.92,-375.07,-378.28,-385.6,-395.21,-405.44,-415.51,-419.93,-419.93,-412.92,-404.37,-393.99,-383.92,-375.53,-368.66,-354.47,-333.11,-313.88,-296.79,-279.4,-255.44,-228.43,-215.31,-189.06,-140.69,-88.961,-38.148,7.1718,38.606,58.748,81.027,106.81,135.5,165.87,187.84,200.51,199.29,187.23,166.33,145.27,135.04,137.33,146.95,155.03,159.46,162.21,154.42,138.86,124.21,115.97,112.92,115.21,113.38,105.75,94.15,80.111,66.073,49.287,27.619,6.5615,-10.376,-18.311,-19.837,-16.327,-14.496,-16.48,-22.889,-30.519,-38.759,-51.118,-66.53,-79.348,-84.231,-74.16,-59.053,-46.846,-37.843,-25.025,-11.444,-2.7467,-1.6785,-5.7985,-11.139,-16.175,-16.633,-11.292,-6.5615,-3.0519,-2.8993,-3.8148,-5.9511,-10.376,-18.921,-28.382,-30.976,-15.564,14.496,45.32,70.04,86.52,89.724,84.078,71.261,57.985,45.015,35.554,31.434,32.655,38.606,43.489,43.794,41.353,37.233,33.57,29.45,24.873,15.107,6.5615,-2.4415,-7.6296,-10.224,-10.224,-8.8504,-8.5452,-10.529,-11.75,-12.665,-10.834,-8.0874,-4.4252,-1.0681,3.2044,8.8504,14.344,20.6,28.382,34.181,37.538,40.284,44.557,47.914,53.255,59.358,66.836,73.702,84.078,95.676,106.97,120.09,131.84,142.06,151.68,160.83,170.6,179.14,187.84,194.25,201.88,209.36,217.6,226.91,236.67,247.2,258.34,269.48,280.31,288.71,298.01,306.25,314.8,320.6,328.38,336.77,345.62,354.78,364.39,372.02,377.82,383.62,392.01,398.57,406.2,412.46,419.93,425.43,432.75,438.7,445.27,450.15,455.49,460.07,465.56,468,471.51,476.24,482.5,488.45,493.18,497.6,501.88,504.17,507.68,510.27,514.69,515.76,518.51,520.19,523.7,527.36,531.94,534.23,536.36,537.13,541.7,545.37,551.32,555.13,560.62,563.83,569.48,575.58,580.46,582.14,583.21,583.51,584.73,584.28,584.12,583.82,587.33,588.4,590.38,592.97,593.43,591.6,588.4,584.43,581.22,578.17,576.65,573.44,572.83,570.7,569.93,565.51,560.01,555.13,552.84,549.18,545.21,539.72,534.23,527.66,522.32,517.44,514.69,511.18,508.29,502.33,495.77,487.38,481.58,477.61,473.04,469.83,468,465.71,463.27,460.83,460.07,457.93,457.01,453.66,451.83,448.62,446.64,442.21,440.53,440.23,439.77,437.79,436.87,434.58,431.99,429.4,428.33,424.97,422.22,419.17,416.12,411.39,408.64,407.73,407.73,406.05,401.93,397.81,394.45,392.01,391.55,390.64,391.09,389.57,387.13,382.4,379.35,375.84,371.72,365.61,359.97,350.66,339.98,328.38,317.09,305.64,296.79,288.71,283.52,277.26,270.39,260.32,249.18,237.43,226.45,217.44,209.36,199.13,189.37,181.28,175.02,169.38,164.49,159.46,154.58,150.3,148.63,146.79,143.13,138.86,133.67,129.55,123.45,114.6,107.88,100.71,95.523,88.656,79.806,66.378,55.238,42.726,34.791,26.856,18.921,9.003,-0.45778,-10.376,-19.532,-28.077,-33.418,-40.895,-48.982,-57.985,-65.157,-72.939,-76.449,-79.348,-81.79,-86.52,-91.403,-96.438,-99.948,-103.31,-106.2,-109.41,-108.8,-110.02,-109.41,-111.09,-110.48,-112.92,-116.73,-121.46,-124.36,-127.72,-126.96,-127.26,-124.67,-123.14,-120.85,-121.62,-122.84,-125.43,-127.57,-128.03,-126.65,-124.67,-120.4,-117.95,-115.51,-114.75,-110.63,-107.88,-103.46,-100.41,-96.896,-92.471,-87.893,-86.215,-86.062,-86.825,-84.994,-84.994,-84.078,-84.231,-83.163,-84.384,-85.147,-88.198,-90.03,-93.081,-95.218,-95.828,-94.455,-93.844,-89.267,-86.367,-82.247,-79.501,-77.059,-78.127,-78.585,-79.196,-80.874,-83.01,-83.621,-86.215,-89.267,-94.455,-97.507,-99.49,-99.033,-99.948,-98.117,-97.354,-97.049,-96.896,-95.218,-93.081,-89.267,-86.215,-83.163,-81.484,-77.364,-76.449,-75.838,-78.433,-80.416,-81.79,-83.468,-84.078,-84.384,-83.773,-83.316,-80.874,-72.787,-64.394,-55.391,-46.999,-40.437,-39.369,-41.81,-45.778,-47.609,-48.372,-47.304,-45.32,-43.031,-39.979,-36.164,-32.044,-27.772,-26.399,-23.347,-21.363,-18.464,-16.022,-12.818,-10.529,-8.6978,-6.7141,-2.2889,1.2207,3.9674,7.1718,10.224,9.9185,10.224,7.9348,6.4089,4.883,7.1718,9.1556,12.36,12.97,13.581,14.039,13.123,11.75,10.071,6.5615,4.883,1.8311,0.76296,-0.91556,-0.15259,-1.6785,-2.8993,-5.7985,-9.1556,-13.886,-17.548,-19.99,-22.889,-25.788,-26.856,-27.161,-26.856,-28.382,-28.077,-29.145,-28.84,-29.145,-27.314,-25.33,-23.804,-24.262,-25.483,-27.467,-30.519,-33.723,-32.35,-30.824,-27.314,-24.415,-18.769,-15.87,-16.633,-18.921,-20.753,-21.21,-20.295,-19.532,-16.633,-13.428,-10.987,-11.292,-10.071,-8.0874,-5.0356,-4.5778,-5.0356,-6.8667,-4.883,-1.2207,4.4252,7.0193,7.1718,2.2889,-6.1037,-20.295,-34.181,-47.151,-50.966,-49.898,-45.32,-41.047,-36.164,-33.723,-31.587,-35.401,-40.742,-47.304,-53.56,-60.732,-65.462,-70.498,-74.007,-80.111,-81.942,-81.332,-79.348,-77.975,-76.144,-75.228,-75.838,-79.806,-80.721,-82.4,-81.332,-82.705,-84.384,-86.978,-89.572,-90.335,-89.724,-90.335,-89.114,-87.436,-83.621,-80.264,-73.397,-68.209,-64.852,-63.021,-60.121,-57.222,-55.391,-52.797,-51.271,-49.287,-46.083,-42.726,-36.622,-31.892,-26.551,-21.821,-14.191,-7.7822,-1.9837,0.45778,4.2726,6.2563,6.4089,5.0356,5.1881,5.9511,5.1881,3.6622,2.5941,-0.61037,-2.1363,-3.357,-3.5096,-4.7304,-2.5941,-0.61037,2.4415,4.7304,5.1881,3.9674,2.5941,3.2044,5.4933,5.1881,9.3081,13.428,21.668,27.467,32.807,35.249,38.606,40.132,39.827,38.606,39.064,39.369,41.353,43.184,44.099,41.658,37.69,32.655,30.671,28.687,28.84,29.145,30.366,31.892,33.876,34.791,36.164,35.707,34.791,30.824,28.23,22.889,20.6,17.396,15.717,15.107,17.243,20.142,24.72,28.23,32.655,35.554,39.064,40.742,44.71,45.778,46.236,45.473,44.252,41.963,44.862,47.456,49.745,51.576,56.154,57.07,59.358,59.969,60.732,57.07,56.307,54.933,52.95,49.898,47.151,45.015,45.778,44.862,43.794,40.59,39.369,34.333,31.434,28.84,28.993,30.366,32.655,34.028,35.401,35.859,36.47,35.249,33.723,31.434,33.57,33.876,35.249,34.028,33.876,35.096,37.538,40.895,42.879,42.421,43.031,43.184,43.031,38.301,33.113,24.11,17.701,11.444,10.071,10.529,11.139,9.7659,5.4933,-0.45778,-5.0356,-9.1556,-14.344,-24.262,-31.587,-39.521,-41.81,-47.151,-54.628,-63.936,-72.024,-78.127,-81.027,-83.621,-85.147,-85.757,-84.231,-83.468,-81.942,-81.332,-80.416,-81.332,-79.196,-78.433,-79.806,-81.179,-81.484,-82.4,-84.231,-86.978,-90.335,-95.065,-97.354,-100.25,-101.17,-101.78,-99.948,-99.185,-97.812,-99.185,-98.422,-97.812,-97.964,-99.49,-101.32,-103,-104.22,-107.27,-109.71,-111.09,-109.41,-109.1,-106.97,-105.44,-101.47,-96.286,-91.403,-84.689,-79.196,-75.838,-73.55,-72.176,-71.566,-72.634,-71.261,-70.65,-69.582,-70.65,-69.277,-70.956,-70.803,-71.413,-70.193,-70.193,-70.04,-68.667,-66.683,-65.615,-62.105,-60.121,-56.917,-54.781,-53.713,-55.544,-56.764,-57.222,-55.238,-53.56,-53.713,-52.034,-53.102,-57.833,-63.021,-69.277,-72.329,-74.16,-74.007,-77.67,-81.027,-86.673,-92.318,-97.964,-103.92,-109.56,-114.14,-117.19,-118.56,-122.38,-127.26,-130.31,-130.01,-129.4,-126.96,-124.97,-122.53,-119.33,-114.14,-109.56,-105.59,-101.47,-96.896,-91.403,-86.367,-80.874,-74.465,-70.65,-65.004,-60.579,-56.307,-54.476,-54.17,-54.018,-49.593,-44.557,-39.979,-36.775,-33.265,-28.84,-23.499,-18.006,-11.597,-8.8504,-5.0356,-3.357,-1.9837,-1.9837,-0.76296,2.4415,8.24,11.902,11.597,10.681,10.834,10.834,10.071,8.3926,8.3926,5.3407,2.7467,-0,-0.30519,-4.4252,-8.5452,-11.444,-13.733,-16.785,-20.142,-25.33,-28.687,-31.739,-31.892,-32.044,-32.044,-33.113,-31.281,-28.84,-22.889,-18.006,-13.428,-9.3081,-5.0356,-1.0681,2.7467,4.7304,5.0356,5.0356,6.7141,8.3926,12.055,17.09,24.262,28.993,33.876,38.759,42.268,44.862,44.71,42.726,39.369,35.859,34.028,31.587,32.96,32.96,34.791,37.385,42.879,46.541,50.356,52.492,53.255,53.407,55.696,60.579,67.904,71.871,75.686,78.585,84.078,87.283,91.556,91.861,93.692,96.591,99.643,101.47,102.85,104.53,104.68,104.07,103.31,102.69,104.53,104.37,105.14,102.85,99.643,95.065,92.166,89.724,86.825,83.926,80.416,75.228,68.819,64.241,61.8,56.001,50.508,43.031,34.791,26.551,20.447,16.633,14.496,10.834,8.24,4.5778,1.6785,-0.30519,-0.91556,-1.3733,-0,1.0681,2.5941,2.5941,3.6622,2.8993,1.3733,-0.45778,0.76296,1.3733,1.2207,-0.15259,-2.2889,-6.4089,-10.224,-14.801,-18.159,-21.821,-24.415,-26.093,-26.399,-24.72,-22.736,-21.058,-19.99,-19.99,-18.464,-15.107,-11.902,-11.292,-10.834,-13.123,-13.276,-15.107,-17.548,-19.99,-22.431,-26.399,-29.145,-31.587,-34.486,-38.911,-40.895,-43.947,-44.252,-45.32,-46.083,-46.999,-48.219,-49.898,-51.424,-53.865,-54.933,-54.933,-53.102,-53.102,-51.271,-50.508,-48.067,-45.473,-40.284,-35.707,-32.044,-28.23,-25.483,-22.736,-19.074,-15.87,-13.123,-10.681,-8.5452,-8.3926,-7.3244,-7.7822,-6.7141,-6.4089,-5.1881,-3.5096,-1.8311,0.30519,3.0519,3.357,2.7467,-0.30519,-1.3733,-1.9837,-0.61037,0.91556,1.9837,1.2207,1.0681,1.5259,3.357,5.3407,7.477,8.3926,8.24,9.9185,12.97,14.954,18.616,19.684,22.126,22.126,23.194,22.431,22.584,24.11,26.399,28.993,31.739,34.791,38.911,42.879,46.999,47.914,49.593,51.424,53.407,53.255,55.391,55.849,57.222,58.443,58.596,59.664,60.884,62.105,62.868,63.478,63.326,62.563,62.105,60.732,63.021,63.784,64.547,63.021,61.19,59.358,58.443,56.154,53.102,50.813,50.356,48.83,48.677,49.593,52.187,53.865,56.307,57.985,59.053,58.748,59.206,58.901,60.732,62.563,65.462,66.683,68.972,70.345,71.413,71.261,71.566,72.024,72.787,73.55,73.855,74.007,76.754,80.111,83.468,85.757,91.708,95.676,101.32,105.44,112.61,117.95,124.82,131.84,137.64,141.91,146.18,148.01,149.08,149.24,151.37,151.68,154.58,156.71,161.75,166.17,171.67,175.94,180.36,182.96,185.4,186.32,187.08,185.86,186.77,185.09,186.01,185.55,187.23,185.71,185.71,184.79,185.4,186.32,186.62,187.54,189.37,189.67,189.67,188.45,188.6,187.08,188.91,189.21,189.21,185.71,184.03,180.97,180.06,178.84,177.31,173.35,170.45,168.31,168.16,164.49,160.99,153.66,148.93,144.05,141.15,138.1,138.1,136.27,136.11,135.65,135.35,134.59,133.82,130.62,128.48,124.82,123.29,119.48,116.43,112.16,110.17,107.27,104.37,103,104.83,103.46,102.54,101.02,99.185,94.302,92.166,88.961,86.062,82.247,81.942,77.975,74.923,70.345,69.735,67.446,61.8,53.865,47.609,41.658,37.08,30.671,26.399,18.921,13.886,7.6296,2.5941,-5.0356,-10.681,-15.412,-20.142,-24.72,-26.399,-27.924,-30.366,-34.791,-37.08,-41.2,-43.489,-46.693,-47.151,-48.067,-47.151,-47.761,-48.067,-48.219,-47.456,-47.151,-46.693,-46.693,-46.388,-47.151,-45.93,-45.167,-42.726,-41.963,-38.911,-36.47,-32.502,-29.298,-26.246,-24.11,-22.126,-20.447,-18.311,-15.87,-13.276,-13.428,-12.818,-13.886,-14.191,-13.886,-10.987,-7.3244,-0.30519,7.0193,12.97,15.717,17.701,18.769,19.379,20.753,25.025,28.077,32.96,36.164,39.979,42.573,45.625,46.541,46.693,44.557,43.489,41.658,38.301,34.639,32.807,29.908,27.009,21.973,17.243,9.9185,5.1881,1.0681,-2.2889,-6.2563,-11.139,-17.09,-22.584,-26.551,-31.281,-36.927,-41.658,-47.609,-53.713,-61.495,-69.124,-78.433,-85.91,-95.523,-106.05,-116.12,-127.11,-137.18,-144.81,-152.29,-159.61,-168,-176.24,-185.09,-193.64,-201.57,-206.92,-212.56,-217.6,-222.79,-227.82,-233.16,-239.72,-245.67,-251.47,-258.49,-263.68,-269.63,-272.23,-275.28,-278.79,-284.89,-292.21,-298.01,-301.68,-302.74,-302.9,-302.9,-305.34,-308.08,-309.61,-313.58,-317.55,-323.04,-326.7,-330.06,-330.52,-330.21,-332.04,-333.87,-335.25,-336.16,-337.84,-337.84,-337.53,-338.6,-338.76,-339.82,-341.5,-346.39,-348.83,-351.12,-352.49,-354.32,-356.91,-360.27,-365,-370.04,-374.77,-380.11,-384.69,-391.09,-396.59,-403,-406.81,-412.46,-418.56,-424.67,-429.55,-433.36,-434.43,-432.91,-429.24,-426.5,-422.22,-418.71,-415.81,-415.05,-412.61,-409.41,-404.68,-399.49,-395.67,-393.08,-390.64,-388.96,-387.89,-391.86,-393.69,-397.96,-402.84,-405.9,-405.74,-406.35,-408.49,-410.93,-412.92,-415.2,-417.34,-418.56,-418.26,-418.56,-420.09,-422.07,-421.31,-422.53,-423.75,-426.5,-429.24,-429.24,-432.14,-436.41,-441.45,-445.72,-448.01,-449.54,-451.06,-456.1,-460.52,-466.78,-472.58,-476.7,-479.29,-480.51,-481.12,-482.19,-484.48,-487.53,-490.13,-494.71,-498.98,-504.01,-506.45,-507.22,-506,-504.62,-504.32,-506.61,-511.95,-517.9,-524.31,-530.26,-537.43,-544.15,-547.04,-547.5,-544.91,-539.87,-531.94,-525.38,-521.87,-520.19,-519.58,-517.44,-514.69,-512.71,-511.95,-510.88,-506.91,-502.95,-499.59,-496.54,-493.94,-489.82,-486.31,-483.72,-481.28,-480.21,-479.6,-476.7,-471.21,-465.41,-457.63,-452.74,-447.1,-440.23,-431.99,-422.99,-414.75,-404.98,-394.15,-384.08,-375.38,-366.68,-356.46,-348.98,-338.6,-328.53,-318.16,-307.78,-297.25,-285.2,-273.14,-260.48,-250.1,-241.71,-234.99,-230.41,-225.53,-219.28,-212.1,-203.71,-195.62,-186.47,-174.72,-161.9,-148.63,-136.88,-130.62,-127.11,-123.6,-121.16,-118.72,-116.58,-112,-107.27,-98.575,-90.182,-80.874,-73.092,-69.887,-72.024,-79.043,-86.367,-85.604,-72.481,-49.44,-25.025,-0.76296,19.379,42.421,69.43,98.27,122.38,142.37,157.02,170.29,177.47,176.85,167.39,158.09,155.49,165.56,185.4,213.32,239.42,249.03,243.54,227.36,207.22,194.86,203.71,228.58,260.02,298.17,328.99,338.76,325.94,308.54,296.18,295.88,318,360.27,396.89,417.49,418.1,404.52,379.35,353.4,330.21,320.75,324.11,330.36,334.94,335.7,333.11,330.52,325.94,322.28,315.41,304.42,288.25,278.48,281.38,299.84,328.53,361.03,384.08,392.32,385.14,357.83,316.32,279.24,258.64,255.75,260.48,271.77,284.43,293.74,288.71,267.34,235.91,204.02,180.06,171.21,187.69,225.07,266.88,298.78,305.19,288.71,257.42,225.38,211.34,229.96,281.53,343.64,388.65,407.88,401.17,377.51,346.08,317.85,297.4,290.38,290.69,290.08,278.79,260.32,237.28,213.32,193.49,183.42,178.53,177.62,177.77,176.4,169.99,164.34,161.29,157.17,151.22,152.44,161.44,167.55,167.09,161.29,156.1,157.02,161.9,168.77,175.94,181.13,175.63,165.72,156.25,155.03,158.24,160.99,157.32,144.51,127.26,115.36,116.89,131.23,146.64,158.54,170.29,184.18,193.95,204.32,215.31,222.17,221.87,219.73,222.63,224.62,219.28,212.26,198.83,182.96,165.56,151.52,137.49,128.48,134.43,153.51,173.35,181.89,173.96,151.52,123.75,98.727,74.16,52.187,30.671,19.227,14.801,5.1881,-17.548,-44.099,-67.751,-87.283,-103.76,-120.55,-135.65,-147.4,-162.51,-183.26,-212.1,-240.03,-262.92,-279.7,-291.15,-294.96,-296.49,-302.74,-314.49,-327.46,-337.84,-342.11,-347.76,-354.01,-361.95,-368.05,-373.39,-377.51,-379.35,-382.55,-387.28,-393.08,-400.25,-407.73,-415.51,-422.22,-429.4,-435.5,-441.15,-439.31,-431.84,-419.93,-412.15,-406.51,-400.56,-393.54,-386.21,-379.04,-371.41,-363.93,-359.66,-356.3,-355.85,-351.88,-346.23,-339.67,-334.18,-327.92,-321.67,-312.81,-301.37,-289.01,-277.41,-266.58,-254.98,-242.01,-230.87,-219.89,-210.73,-201.12,-191.35,-180.36,-169.84,-161.75,-154.42,-148.63,-143.44,-138.55,-134.28,-129.25,-124.67,-116.73,-110.78,-105.29,-101.47,-98.27,-94.913,-91.861,-89.724,-86.673,-84.078,-82.095,-80.569,-77.059,-73.244,-68.056,-63.478,-60.427,-56.612,-53.407,-49.135,-44.404,-39.979,-34.333,-30.824,-26.551,-23.194,-19.837,-17.701,-16.633,-15.412,-13.886,-13.581,-11.139,-10.529,-9.003,-8.6978,-7.477,-7.7822,-7.6296,-6.8667,-5.7985,-4.4252,-3.8148,-3.8148,-4.4252,-5.6459,-5.0356,-5.6459,-4.4252,-3.9674,-3.0519,-3.0519,-3.2044,-2.1363,-1.2207,-1.5259,-0,0.45778,0.91556,0.91556,1.6785,1.8311,1.9837,2.2889,2.1363,2.2889,2.7467,2.8993,3.357,2.7467,3.0519,1.5259,1.5259,1.5259,1.9837,2.7467,3.357,3.6622,4.4252,4.12,4.5778,4.4252,5.0356,5.1881,6.2563,6.8667,7.7822,8.8504,9.7659,11.139,12.818,13.733,15.564,17.396,20.142,21.516,23.804,25.788,28.382,28.993,31.587,35.096,37.843,39.979,43.031,45.32,48.067,51.118,56.459,60.579,65.004,68.972,73.55,76.601,80.874,85.147,89.267,93.234,96.438,100.25,103.76,106.51,110.48,113.07,117.04,119.48,122.84,125.58,128.94,132.45,136.27,139.16,142.52,146.03,150.3,154.27,159.46,162.97,166.94,169.38,173.5,175.63,178.23,181.13,184.94,188.45,192.27,196.39,200.2,201.88,204.78,204.93,207.37,207.98,210.12,210.88,213.17,216.22,218.67,220.34,221.87,223.85,226.6,229.04,233.47,238.96,245.52,250.1,254.68,258.03,261.85,265.66,270.24,272.53,274.67,275.89,278.18,278.79,279.85,280.01,281.23,280.47,280.31,280.31,280.62,282.91,284.28,285.5,286.26,286.26,287.94,287.79,289.93,291.76,294.5,296.03,299.39,303.66,307.32,310.22,313.88,317.24,320.44,323.04,326.7,329.29,334.48,337.08,339.37,340.43,342.42,345.32,347.76,349.28,350.51,351.57,351.42,351.12,351.73,351.27,352.95,354.17,357.07,359.36,362.87,366.53,371.26,375.99,381.48,386.36,392.01,397.35,403,408.03,414.75,419.78,425.89,430.62,436.11,439.62,442.98,445.72,448.77,452.13,456.56,459.61,464.34,466.48,470.44,472.12,473.95,475.33,479.75,480.97,483.72,485.55,488.91,491.5,493.64,492.87,494.09,492.72,492.26,489.36,487.08,484.33,483.72,480.36,479.75,476.24,471.36,464.49,458.39,450.3,443.13,435.19,428.94,420.09,413.07,404.22,397.5,389.57,382.85,375.53,369.88,364.24,361.34,356.3,352.95,351.57,353.71,353.71,352.49,350.51,351.42,350.35,349.89,349.13,352.18,355.54,357.37,358.29,359.51,359.2,358.59,355.08,356.46,359.97,367.14,370.34,372.33,370.95,370.19,369.27,367.29,366.22,363.93,357.68,349.89,341.96,335.7,325.79,315.41,302.29,291.91,279.85,269.17,259.87,253,242.47,234.53,230.72,228.28,222.79,216.38,204.63,190.74,175.79,166.94,160.99,158.7,156.25,157.17,155.8,150,141.61,134.89,130.62,128.33,122.38,117.95,112.61,111.09,109.26,110.02,109.41,110.17,110.02,109.56,108.49,108.34,106.51,108.04,108.04,112.61,118.72,128.48,131.84,133.52,133.21,135.2,135.5,135.5,138.1,143.74,152.44,163.12,173.19,182.5,186.32,186.01,180.21,177.47,178.23,186.77,197.45,208.14,215.46,218.97,220.95,222.48,222.94,220.95,214.85,208.44,198.68,190.89,185.09,184.64,186.77,189.37,188.3,185.25,182.35,181.59,173.8,160.99,147.56,137.18,125.74,117.95,111.85,105.59,100.25,95.065,91.403,89.419,85.757,80.721,71.261,62.716,52.644,43.184,33.113,25.941,20.6,18.159,14.344,10.681,4.7304,-2.7467,-11.444,-21.821,-31.587,-38.453,-44.71,-49.44,-55.086,-56.459,-61.19,-66.073,-72.939,-78.127,-82.705,-84.994,-88.961,-93.081,-100.56,-106.05,-110.63,-110.93,-113.07,-113.83,-116.28,-117.19,-119.63,-120.85,-124.97,-131.53,-137.33,-142.22,-146.34,-150.3,-155.19,-159.76,-164.34,-162.51,-159.31,-154.88,-152.29,-148.17,-147.1,-146.64,-146.34,-147.4,-148.32,-147.86,-148.63,-147.1,-146.18,-145.27,-142.98,-136.57,-130.92,-124.67,-119.79,-118.72,-121.62,-125.28,-129.4,-134.28,-138.1,-139.01,-137.79,-137.03,-134.74,-129.25,-124.06,-119.63,-120.55,-123.45,-130.92,-139.62,-149.24,-157.48,-163.88,-168.31,-175.02,-182.2,-188.6,-193.49,-199.74,-205.08,-210.73,-212.41,-211.49,-206.31,-198.07,-186.47,-176.4,-168.61,-163.27,-160.68,-157.78,-155.34,-154.58,-154.27,-153.66,-150.3,-147.4,-141.15,-134.43,-126.65,-119.02,-111.7,-104.37,-98.27,-93.997,-90.03,-89.724,-90.487,-92.471,-92.776,-93.844,-92.471,-89.114,-85.147,-84.231,-85.452,-89.572,-95.37,-101.02,-108.19,-116.28,-123.91,-131.08,-135.81,-141.76,-144.51,-149.08,-152.13,-158.7,-162.51,-163.73,-163.58,-164.04,-160.53,-155.03,-149.08,-142.83,-137.49,-133.82,-128.64,-124.97,-120.09,-119.17,-118.41,-116.58,-113.99,-108.04,-100.1,-93.081,-86.52,-81.637,-79.196,-81.484,-85.604,-92.013,-97.354,-99.948,-98.575,-98.27,-97.964,-95.828,-92.776,-90.335,-89.267,-88.961,-87.893,-86.062,-82.858,-80.874,-78.127,-74.618,-71.413,-69.887,-68.514,-68.819,-70.498,-73.244,-76.449,-80.264,-81.332,-80.874,-80.874,-81.484,-80.569,-81.332,-81.027,-81.332,-83.316,-86.978,-92.013,-97.049,-101.47,-106.36,-110.93,-114.6,-117.5,-122.53,-125.74,-131.84,-136.88,-139.47,-141.61,-143.28,-145.27,-149.24,-154.58,-158.54,-160.37,-161.14,-160.07,-159.46,-157.02,-154.12,-151.07,-148.63,-146.18,-145.42,-143.89,-142.67,-138.55,-130.16,-119.48,-106.81,-95.065,-84.231,-72.787,-62.41,-52.187,-43.336,-35.859,-30.824,-27.619,-26.856,-27.924,-29.145,-30.213,-34.181,-40.284,-46.541,-50.356,-50.966,-48.524,-48.524,-47.151,-46.999,-48.067,-53.56,-57.833,-61.647,-63.173,-60.884,-57.68,-56.612,-58.748,-62.41,-63.936,-66.53,-68.667,-72.939,-77.059,-80.874,-83.773,-86.215,-87.741,-90.03,-95.37,-102.24,-107.88,-111.39,-113.22,-117.04,-117.95,-118.26,-118.56,-120.24,-119.02,-120.09,-121.16,-123.91,-127.26,-129.09,-128.79,-128.64,-123.75,-116.73,-109.26,-102.08,-95.828,-91.403,-84.536,-77.822,-70.04,-59.969,-48.524,-39.064,-29.145,-18.311,-7.6296,0.61037,10.376,20.142,32.044,42.573,51.881,59.358,69.735,81.179,92.624,104.53,115.67,124.36,130.31,135.04,139.62,140.39,142.52,144.2,144.96,141.61,138.86,135.96,133.82,133.06,135.35,138.86,142.83,146.34,151.83,156.71,163.88,170.6,176.7,179.45,182.35,183.87,185.55,186.77,187.99,189.37,191.2,194.86,199.44,202.49,205.85,206.31,206.92,207.68,209.51,209.97,213.02,215.46,217.75,218.21,217.29,214.85,212.41,208.29,204.93,200.2,195.01,186.16,180.21,173.8,168.92,161.6,155.95,150,144.66,139.93,133.98,126.19,119.17,112.92,109.56,105.29,103.92,102.69,101.78,97.354,94.302,92.471,89.572,84.231,80.111,78.127,81.179,85.91,90.335,89.572,87.436,83.316,82.095,80.874,82.553,81.942,82.705,83.468,83.468,84.231,87.893,90.793,93.387,91.403,83.621,70.65,61.037,50.203,42.268,36.164,33.265,27.924,19.684,9.1556,-3.8148,-17.396,-28.23,-40.437,-51.118,-59.969,-65.767,-72.634,-77.517,-85.604,-94.15,-102.85,-115.36,-126.96,-133.06,-132.76,-132.76,-135.65,-141,-150.3,-157.78,-165.41,-169.07,-167.39,-162.66,-160.53,-158.39,-159.61,-166.33,-179.75,-193.64,-203.86,-207.98,-207.68,-201.88,-195.17,-186.77,-181.89,-178.84,-181.59,-188.6,-193.03,-189.52,-184.94,-184.48,-191.81,-207.07,-227.82,-242.62,-249.18,-246.89,-239.11,-228.28,-218.67,-216.68,-221.41,-227.21,-236.06,-247.2,-258.49,-274.67,-290.69,-303.66,-316.32,-325.79,-331.58,-331.74,-330.52,-331.89,-335.4,-337.99,-337.53,-336.01,-337.08,-338.6,-336.01,-330.67,-330.06,-330.67,-328.99,-317.09,-297.71,-273.6,-247.05,-225.53,-219.73,-226.29,-233.47,-238.65,-240.79,-240.18,-239.11,-237.13,-235.3,-232.55,-232.09,-231.03,-225.99,-217.44,-204.78,-192.42,-182.81,-177.16,-177.62,-180.06,-185.4,-186.93,-185.71,-175.79,-157.78,-134.89,-117.65,-109.26,-106.2,-106.66,-108.19,-110.48,-111.24,-109.41,-106.97,-103.46,-103.46,-104.53,-107.43,-110.63,-114.6,-117.95,-119.79,-117.95,-113.68,-108.04,-102.24,-96.286,-92.471,-86.825,-83.316,-77.67,-71.871,-65.157,-58.901,-53.56,-47.304,-41.658,-37.843,-34.028,-30.061,-22.279,-15.564,-8.24,-2.4415,7.6296,19.379,32.044,45.167,58.596,69.43,78.127,79.196,78.28,74.77,72.024,67.446,64.547,61.953,60.579,60.579,62.716,66.683,71.566,73.397,74.618,71.413,67.904,62.258,58.138,51.424,46.541,39.827,31.892,24.262,17.701,9.1556,-0,-6.8667,-10.987,-17.701,-24.415,-31.739,-35.859,-42.268,-48.067,-55.238,-65.004,-75.076,-86.52,-98.88,-110.32,-124.36,-135.35,-141.91,-142.67,-145.12,-145.73,-146.95,-149.24,-155.34,-159.46,-163.43,-170.75,-177.92,-182.96,-186.32,-190.74,-196.54,-200.66,-208.14,-213.02,-215.92,-216.22,-217.6,-217.6,-218.21,-218.05,-215.92,-214.09,-213.63,-214.24,-213.32,-210.73,-207.22,-201.57,-197.3,-192.42,-188.45,-183.72,-180.97,-179.45,-177.47,-175.02,-171.51,-166.33,-161.44,-156.71,-154.27,-151.37,-148.17,-141.91,-132.6,-118.56,-102.85,-88.351,-74.923,-64.394,-57.07,-52.492,-51.881,-52.339,-58.443,-65.157,-72.481,-75.686,-75.838,-70.65,-62.41,-55.849,-53.56,-55.086,-59.511,-65.767,-72.024,-77.67,-84.384,-90.03,-98.727,-107.88,-115.82,-119.02,-115.36,-107.58,-98.27,-90.335,-86.978,-87.283,-91.708,-98.88,-112,-123.91,-135.5,-141.76,-142.98,-141.3,-138.25,-133.37,-127.57,-122.38,-117.95,-114.6,-117.04,-121.31,-128.64,-134.13,-140.23,-144.66,-146.49,-146.79,-146.95,-145.73,-143.74,-141.45,-142.67,-143.74,-146.95,-150.91,-154.88,-158.39,-160.53,-161.6,-159.31,-152.29,-141.61,-130.92,-123.14,-118.11,-116.58,-115.36,-114.44,-110.32,-107.27,-105.44,-102.85,-103.31,-103.76,-102.24,-100.25,-92.471,-83.468,-73.244,-65.31,-57.68,-52.339,-48.372,-47.456,-49.593,-53.255,-55.391,-56.612,-54.323,-48.982,-43.794,-39.979,-33.57,-27.009,-21.973,-20.447,-21.21,-23.194,-25.33,-26.551,-24.72,-18.921,-12.207,-4.883,3.5096,9.3081,14.191,15.412,15.412,12.97,11.597,8.5452,7.1718,9.4607,14.039,19.684,25.636,28.84,31.281,31.587,29.756,23.652,19.227,15.259,11.292,10.987,14.496,19.684,26.704,33.265,41.047,45.93,49.135,49.44,51.881,52.95,57.833,60.884,62.716,64.547,66.683,67.293,65.767,63.936,61.953,59.664,60.732,61.495,65.31,69.43,74.77,77.059,77.975,79.348,79.958,79.043,76.601,74.313,75.533,74.618,73.092,73.092,77.212,80.264,85.147,90.793,94.76,96.896,99.796,103,108.65,111.85,115.21,117.19,121.16,124.36,129.25,136.27,143.89,151.83,160.22,168.61,178.53,186.01,195.32,201.57,210.88,217.6,224.01,229.35,238.2,245.52,252.08,258.34,264.9,267.95,272.23,276.35,281.84,287.64,293.44,299.84,306.56,311.59,316.48,321.82,329.14,334.48,341.5,347.91,354.93,360.42,365.76,370.65,373.55,376.75,381.02,385.91,390.33,394.3,399.64,402.23,404.52,404.37,405.13,405.9,408.49,411.85,415.05,417.19,419.78,421.46,424.36,426.65,429.55,430.77,433.82,435.04,438.55,438.25,438.55,437.79,437.48,437.48,438.55,439.92,442.67,442.67,441.15,434.74,430.46,422.99,416.58,410.93,407.88,404.22,401.62,396.59,391.55,384.23,375.84,368.36,360.12,351.42,343.94,333.87,324.26,314.8,306.86,301.07,298.01,293.13,288.86,281.99,276.19,270.39,265.51,257.58,255.59,254.98,257.73,257.73,259.41,258.95,258.03,256.51,256.81,256.36,256.36,256.97,257.73,260.48,264.29,268.11,274.36,279.4,283.67,287.03,293.74,298.62,306.25,312.97,320.29,324.87,329.29,335.09,340.89,342.42,345.77,347.3,348.98,349.44,350.2,349.74,350.35,351.27,349.44,347.76,346.23,344.55,342.88,339.82,339.21,336.92,336.31,334.18,333.72,331.13,326.7,319.83,313.73,307.17,300.45,292.83,286.72,281.38,279.09,275.12,272.53,268.56,263.22,255.9,252.69,250.71,249.49,247.35,245.06,242.77,238.65,232.7,226.29,219.73,217.14,213.63,212.41,209.36,207.37,200.81,196.23,192.72,190.28,187.69,185.25,182.5,179.6,174.72,172.43,169.84,168.61,164.95,164.49,162.36,160.37,157.63,154.58,150,146.18,140.23,135.5,130.77,125.89,120.55,116.73,111.24,107.43,102.24,99.49,94.913,90.182,85.604,81.942,79.043,78.89,77.212,75.076,70.193,65.462,57.985,52.339,45.93,41.658,34.333,30.671,24.873,20.447,15.412,9.7659,4.883,1.2207,-1.0681,-2.5941,-3.6622,-2.4415,-3.2044,-3.6622,-5.3407,-6.1037,-7.7822,-7.6296,-7.477,-5.4933,-3.8148,-2.4415,-0.61037,0.91556,1.9837,5.1881,6.2563,8.3926,8.24,8.0874,7.477,8.3926,9.3081,12.513,14.344,15.717,17.243,18.159,18.921,19.379,18.464,18.921,16.938,15.717,12.207,9.003,5.1881,5.3407,5.9511,5.0356,2.5941,-0.91556,-5.4933,-9.6133,-12.818,-14.039,-17.701,-19.99,-23.499,-26.551,-31.892,-37.233,-42.268,-46.999,-51.271,-56.154,-60.579,-63.784,-67.446,-69.277,-70.956,-70.803,-71.413,-68.667,-67.446,-65.31,-64.241,-64.394,-63.784,-60.884,-56.001,-50.203,-45.625,-41.353,-39.064,-34.486,-31.129,-27.161,-25.025,-21.973,-18.159,-11.597,-5.7985,-1.0681,3.6622,8.24,9.4607,9.003,7.3244,8.3926,8.24,12.207,15.564,18.616,18.616,17.548,15.564,14.496,13.886,15.259,16.022,15.564,13.428,12.36,6.2563,1.0681,-5.0356,-6.8667,-8.6978,-9.3081,-11.139,-12.513,-16.48,-20.905,-24.567,-27.467,-31.587,-33.418,-33.876,-29.908,-28.23,-26.856,-28.23,-28.84,-28.535,-29.908,-32.807,-37.08,-43.641,-50.813,-56.764,-61.495,-66.225,-68.209,-71.261,-74.007,-76.144,-77.059,-81.484,-85.147,-88.046,-89.114,-92.166,-99.338,-107.73,-112.61,-117.65,-120.55,-123.75,-124.36,-124.52,-123.14,-124.52,-125.28,-125.13,-127.11,-131.69,-137.49,-143.44,-146.95,-151.07,-153.97,-155.8,-153.36,-152.9,-152.29,-151.22,-151.52,-154.58,-158.54,-161.44,-165.41,-170.14,-172.58,-175.18,-177.62,-182.65,-187.08,-191.81,-195.78,-195.47,-194.1,-192.72,-190.28,-187.38,-182.81,-180.52,-177.62,-176.24,-172.12,-170.75,-171.06,-171.51,-170.14,-166.02,-163.43,-159.76,-154.27,-148.93,-146.18,-147.25,-149.39,-152.13,-151.83,-152.59,-152.75,-153.2,-153.97,-157.02,-159,-157.78,-157.63,-158.7,-158.7,-154.12,-145.42,-137.94,-131.84,-125.89,-117.5,-109.56,-100.25,-95.218,-93.997,-93.997,-93.539,-92.318,-90.64,-88.351,-85.757,-82.095,-77.212,-74.465,-72.176,-74.007,-74.313,-75.533,-79.501,-85.452,-90.03,-92.471,-94.455,-97.201,-98.575,-99.948,-101.78,-106.66,-109.56,-115.21,-117.8,-119.17,-115.97,-111.39,-105.14,-101.17,-99.948,-101.63,-103.15,-103.76,-100.25,-99.643,-99.338,-98.88,-94.913,-92.624,-90.793,-91.403,-90.487,-90.182,-91.708,-92.471,-91.556,-91.556,-91.708,-94.15,-96.438,-100.25,-102.85,-106.51,-110.63,-117.8,-125.13,-131.69,-137.33,-141.76,-141.91,-138.1,-132.91,-125.43,-117.5,-113.07,-110.02,-112.16,-115.21,-116.43,-114.14,-109.1,-102.85,-93.997,-84.536,-77.822,-74.313,-74.313,-75.686,-77.822,-77.822,-79.958,-79.348,-79.043,-79.196,-80.874,-84.078,-88.656,-92.776,-98.88,-104.68,-109.71,-115.05,-121.62,-127.11,-133.21,-137.18,-142.52,-148.17,-155.03,-159.76,-162.97,-164.04,-160.07,-154.42,-148.01,-142.67,-139.47,-136.57,-135.35,-131.84,-129.7,-128.03,-126.65,-124.21,-121.92,-121.77,-122.23,-122.99,-122.38,-122.68,-126.19,-127.87,-129.4,-130.31,-133.21,-134.28,-137.03,-140.08,-142.67,-145.88,-147.25,-147.86,-148.47,-148.17,-147.25,-144.66,-142.06,-137.49,-133.06,-125.89,-119.79,-112.77,-105.59,-98.88,-92.471,-84.994,-79.958,-74.618,-69.43,-63.021,-58.596,-52.95,-49.44,-44.252,-39.674,-33.57,-28.687,-21.973,-15.564,-8.6978,-1.2207,7.7822,14.801,21.668,26.399,34.181,40.132,45.93,52.797,61.037,69.887,79.806,87.893,94.913,96.896,100.56,100.86,105.29,107.58,112.31,115.05,119.17,122.68,126.8,129.86,133.37,135.35,138.1,140.69,144.66,147.71,154.88,160.37,166.78,171.21,178.53,184.33,189.52,194.25,198.52,201.73,205.69,208.75,212.26,213.93,215.46,214.09,212.41,207.68,202.8,198.37,194.1,190.59,186.93,187.84,188.91,187.38,184.64,179.6,174.26,166.94,160.68,155.64,152.29,149.85,149.39,148.32,146.03,142.52,140.39,136.72,134.74,132.3,132.15,132.15,134.59,136.42,136.57,137.03,138.4,140.54,142.22,142.83,142.83,143.13,144.05,142.37,140.69,138.4,137.49,136.11,135.2,135.2,134.13,131.84,130.77,130.92,132.76,132.6,133.06,130.47,129.86,127.41,127.11,125.13,123.75,122.99,123.6,123.29,123.45,125.13,127.72,129.7,132.6,133.06,135.04,136.27,138.4,138.71,138.71,137.94,137.49,136.88,136.72,135.81,137.03,136.88,136.88,136.11,136.11,132.91,131.99,131.38,132.15,132.91,133.52,135.5,138.25,139.93,141.76,143.13,145.88,146.18,149.24,149.39,151.22,150.15,149.39,148.17,148.93,149.24,148.63,147.71,147.25,144.35,142.98,139.77,138.71,137.03,136.11,133.67,133.82,134.43,135.35,135.04,135.2,133.82,132.76,131.53,130.77,127.41,125.89,124.06,124.67,121.77,117.95,112.31,108.8,107.12,105.44,103.92,102.54,100.41,99.948,97.507,96.744,94.302,92.776,90.64,92.013,92.013,91.403,91.25,91.098,90.945,91.25,90.335,90.64,88.809,88.351,85.91,85.452,84.536,84.536,82.858,81.027,79.196,75.838,71.871,70.04,67.141,66.073,63.784,64.241,61.495,59.358,55.086,51.424,47.761,44.557,40.895,36.317,34.333,31.892,29.603,28.687,27.009,29.298,31.281,34.791,37.538,40.59,42.879,44.404,45.625,46.388,46.846,46.693,47.151,49.287,50.661,51.424,52.339,55.696,57.985,61.647,65.157,68.667,69.43,68.972,68.514,68.514,69.124,70.04,70.04,71.261,70.803,70.65,69.43,70.04,68.514,68.209,68.209,69.43,72.329,74.618,78.28,82.095,84.231,86.52,86.825,87.741,87.283,89.267,90.64,93.997,97.659,101.93,106.2,110.48,113.53,116.43,117.5,120.09,120.24,122.38,122.23,123.45,123.91,125.43,125.28,126.35,127.72,128.18,127.57,127.72,128.48,129.4,128.64,129.4,128.64,129.86,129.86,131.38,132.15,133.98,134.28,134.74,133.98,132.91,130.77,131.23,131.53,133.37,133.67,135.35,135.2,135.35,134.59,134.43,132.3,131.69,130.47,129.4,129.7,130.31,129.7,130.62,130.31,130.92,128.94,126.96,122.23,120.24,115.51,113.68,112,111.39,110.48,109.56,108.34,106.97,102.54,99.49,95.065,93.539,89.267,84.078,77.67,72.634,66.683,62.41,55.696,47.914,40.437,35.096,30.519,28.382,29.908,33.723,33.113,32.655,31.739,32.197,29.145,27.314,25.33,22.279,17.701,13.276,8.24,3.2044,-1.5259,-3.2044,-6.1037,-7.6296,-12.055,-15.259,-19.227,-21.363,-25.788,-32.197,-39.216,-44.862,-48.83,-51.729,-54.933,-59.511,-62.868,-63.936,-67.293,-72.787,-79.958,-84.841,-90.793,-92.624,-94.302,-93.692,-91.708,-89.267,-90.182,-92.013,-95.065,-93.539,-90.335,-84.536,-80.416,-75.991,-74.465,-71.871,-69.43,-68.361,-65.615,-62.563,-59.664,-58.29,-58.443,-60.121,-62.868,-63.936,-64.089,-60.121,-55.086,-52.034,-54.018,-55.696,-55.849,-53.56,-50.966,-49.593,-50.356,-50.508,-51.424,-51.271,-53.102,-51.729,-51.424,-51.424,-55.696,-62.105,-67.904,-73.092,-81.637,-88.046,-92.471,-92.166,-91.708,-89.877,-87.588,-81.79,-77.517,-74.77,-75.076,-75.381,-76.754,-79.196,-82.247,-87.741,-95.676,-100.1,-102.39,-103.92,-105.29,-102.85,-101.02,-98.117,-95.065,-91.25,-89.267,-87.741,-86.673,-83.468,-80.874,-77.975,-77.975,-76.296,-76.754,-74.16,-73.855,-71.108,-68.972,-66.225,-65.767,-63.936,-65.615,-68.819,-71.413,-70.956,-71.871,-71.566,-74.007,-75.838,-79.196,-80.111,-82.553,-80.569,-77.67,-72.787,-67.446,-59.969,-55.391,-49.745,-45.015,-42.116,-42.879,-44.557,-48.524,-50.813,-54.018,-54.933,-56.001,-56.001,-57.07,-57.985,-59.664,-59.358,-59.969,-60.427,-62.563,-62.716,-66.53,-66.225,-67.141,-67.293,-70.498,-69.582,-68.819,-66.378,-62.41,-56.154,-53.407,-53.865,-59.206,-65.157,-77.364,-87.588,-98.727,-107.43,-119.02,-128.33,-137.64,-146.64,-154.27,-161.14,-167.24,-170.29,-174.26,-176.09,-182.04,-184.79,-185.86,-184.48,-184.33,-182.04,-180.06,-179.14,-178.08,-175.33,-174.41,-173.8,-171.67,-166.78,-164.8,-161.9,-160.68,-157.93,-156.1,-153.36,-151.07,-146.18,-141.91,-138.4,-135.35,-130.31,-124.36,-118.41,-113.99,-107.27,-103.46,-98.117,-93.997,-87.283,-82.858,-75.991,-69.582,-62.258,-57.07,-52.492,-48.219,-42.116,-37.843,-31.587,-26.704,-18.006,-10.834,-1.3733,6.8667,16.785,26.856,36.927,47.914,58.443,67.598,76.907,85.299,94.913,101.32,109.71,117.34,126.04,133.06,140.84,147.71,154.42,162.51,171.36,180.82,189.98,197.91,204.17,208.14,211.04,211.49,213.32,214.24,214.24,211.65,210.58,209.05,208.59,208.75,210.43,211.65,209.51,205.69,203.71,198.98,195.78,192.57,191.05,189.52,188.6,185.25,180.97,175.33,170.75,168,165.11,157.78,151.37,145.88,144.05,141,140.08,137.33,136.27,133.37,131.23,127.57,124.97,122.23,120.7,118.26,113.83,106.81,100.71,92.776,85.299,75.686,67.751,59.816,52.797,45.778,39.521,32.655,27.161,20.6,13.581,6.8667,3.9674,0.61037,0.15259,-1.9837,-2.5941,-6.7141,-13.123,-21.21,-27.619,-31.892,-32.807,-33.265,-36.47,-39.674,-40.284,-42.726,-43.489,-43.641,-42.116,-43.336,-44.099,-45.778,-47.151,-48.677,-50.661,-51.271,-52.492,-52.492,-50.356,-49.745,-50.05,-55.238,-60.732,-66.378,-70.498,-75.686,-79.196,-82.553,-83.468,-83.621,-83.773,-83.468,-81.942,-80.416,-77.67,-79.653,-80.721,-82.095,-80.416,-79.806,-76.754,-73.855,-70.04,-67.751,-68.056,-70.498,-71.413,-74.923,-77.517,-81.637,-84.078,-88.961,-91.556,-95.981,-101.02,-107.12,-109.1,-110.17,-110.63,-113.53,-114.9,-115.51,-111.85,-107.27,-99.338,-92.013,-82.247,-76.144,-72.176,-71.566,-70.65,-70.956,-70.193,-69.582,-66.53,-64.241,-60.579,-58.443,-55.696,-55.544,-54.476,-54.933,-55.086,-57.985,-59.053,-62.563,-63.936,-66.073,-65.462,-65.462,-67.904,-75.076,-82.553,-89.724,-93.539,-96.133,-95.523,-97.354,-98.575,-100.86,-101.32,-102.08,-102.85,-104.22,-102.85,-100.41,-93.539,-86.978,-79.958,-74.77,-68.361,-67.141,-66.378,-67.293,-65.157,-65.004,-64.089,-66.988,-69.43,-71.566,-74.465,-80.874,-86.367,-90.03,-91.098,-93.387,-93.844,-96.438,-96.591,-97.507,-97.812,-100.41,-100.71,-100.25,-98.422,-97.354,-95.523,-94.455,-93.234,-93.234,-93.997,-100.86,-107.73,-115.05,-120.24,-128.18,-134.28,-141.45,-146.18,-151.98,-156.87,-161.14,-162.21,-160.22,-157.02,-155.8,-152.75,-151.83,-151.22,-152.59,-149.08,-144.96,-137.64,-130.47,-123.75,-118.26,-112.77,-106.97,-101.32,-97.507,-92.624,-89.572,-84.078,-80.569,-74.618,-69.124,-63.478,-59.816,-59.664,-60.732,-61.037,-63.478,-66.225,-69.582,-71.718,-76.601,-80.721,-84.384,-85.604,-89.419,-93.234,-97.507,-100.1,-103,-106.05,-108.04,-106.81,-105.14,-102.24,-100.1,-95.676,-94.76,-95.828,-99.796,-103.92,-109.56,-110.48,-110.63,-110.78,-113.22,-115.05,-118.26,-120.7,-125.58,-131.08,-138.55,-142.98,-147.25,-148.32,-149.69,-150.91,-151.22,-149.08,-145.42,-139.93,-134.28,-129.7,-126.8,-125.13,-126.04,-125.89,-127.87,-128.18,-131.84,-134.89,-139.47,-144.66,-150,-154.27,-156.87,-158.7,-160.68,-160.07,-161.6,-162.21,-165.72,-168,-172.12,-176.09,-178.99,-179.45,-180.67,-183.11,-186.01,-187.69,-188.3,-187.69,-188.3,-187.84,-187.23,-184.64,-184.33,-180.67,-176.09,-171.82,-168.16,-164.04,-160.22,-159.61,-161.75,-162.51,-161.6,-157.93,-153.66,-148.78,-146.18,-143.28,-141.3,-137.49,-134.13,-129.86,-123.14,-116.12,-110.32,-105.44,-101.78,-96.896,-95.218,-91.556,-87.283,-82.553,-81.332,-79.196,-78.738,-79.043,-78.127,-74.923,-71.718,-68.819,-68.209,-65.615,-66.988,-69.277,-74.923,-79.653,-84.384,-84.231,-85.299,-86.062,-86.825,-86.978,-86.367,-84.536,-82.095,-81.027,-80.874,-79.196,-78.89,-74.313,-72.481,-71.108,-70.498,-67.751,-63.478,-60.274,-58.748,-57.222,-53.255,-51.424,-49.898,-47.304,-46.541,-43.947,-40.59,-35.401,-32.35,-28.535,-23.957,-17.853,-11.597,-5.4933,0.15259,4.7304,8.3926,14.344,19.379,26.551,30.366,33.723,33.723,35.401,37.843,41.963,44.862,47.761,49.287,48.83,48.219,48.982,49.898,51.729,51.729,53.56,55.849,61.037,65.462,70.65,73.092,75.686,79.196,82.705,83.316,80.416,76.296,73.092,68.056,65.004,62.716,62.258,59.969,56.917,52.492,50.966,48.067,44.252,42.726,44.557,44.099,43.184,44.252,46.388,47.304,50.508,52.034,56.154,58.596,63.021,67.751,71.566,73.702,76.754,80.111,81.179,80.569,80.874,80.721,78.738,77.67,81.484,83.926,88.656,92.318,97.201,101.63,105.75,108.04,111.55,113.68,114.6,115.36,117.5,120.09,124.21,124.21,126.19,127.72,133.06,136.27,139.01,140.54,141.91,143.13,146.03,149.24,151.52,151.07,149.85,146.79,144.81,141.45,140.69,137.18,135.2,133.52,130.47,124.67,118.26,114.44,113.53,113.38,115.21,116.89,117.04,117.34,120.09,121.16,119.94,116.58,115.21,112.31,111.39,109.41,109.41,106.97,105.29,100.71,97.507,89.877,81.79,72.481,65.31,57.375,48.982,39.827,29.756,19.074,9.4607,-0.30519,-8.6978,-18.311,-26.551,-34.791,-41.047,-49.44,-54.17,-57.833,-60.274,-62.868,-67.446,-72.634,-78.89,-86.673,-91.25,-96.744,-100.41,-105.59,-110.02,-113.83,-115.36,-119.79,-123.75,-127.41,-131.69,-135.5,-137.79,-139.32,-141.45,-144.35,-146.95,-151.83,-153.66,-156.41,-157.48,-160.83,-162.97,-168,-174.41,-180.21,-186.93,-194.25,-199.74,-203.1,-200.96,-198.98,-196.54,-197.76,-199.9,-202.8,-201.57,-198.68,-192.57,-186.16,-178.38,-171.51,-166.94,-162.66,-157.78,-154.12,-149.39,-144.81,-138.71,-132.76,-122.38,-112.77,-105.44,-100.56,-97.354,-95.676,-94.15,-90.335,-84.536,-78.585,-72.634,-68.819,-64.394,-62.105,-57.985,-55.544,-51.881,-49.135,-48.067,-47.914,-47.914,-48.219,-47.609,-46.388,-45.473,-45.93,-43.947,-41.658,-39.369,-40.437,-38.606,-37.538,-34.028,-26.856,-19.379,-12.36,-5.6459,-0.91556,1.3733,1.9837,5.7985,10.681,14.344,15.107,16.48,16.785,17.243,18.159,19.379,19.074,19.227,21.668,23.804,27.009,30.824,34.028,36.164,39.827,48.677,56.612,64.852,69.735,72.634,72.176,70.04,67.141,65.615,64.394,63.631,61.647,63.326,65.004,65.92,64.394,65.157,67.446,70.956,70.803,70.04,71.261,73.855,75.991,78.585,80.416,81.027,80.111,81.79,82.095,82.705,82.553,85.147,86.367,89.877,93.387,97.659,102.85,108.34,112.77,117.19,119.33,122.07,122.68,122.99,122.38,123.14,121.62,119.94,118.11,116.28,115.36,115.97,117.19,119.48,121.46,126.5,130.01,134.43,138.86,141.91,143.59,149.24,156.1,164.34,172.58,178.08,182.96,190.59,197.61,206,210.43,213.93,215.92,218.67,217.6,219.28,218.97,219.28,217.75,215.77,212.71,208.75,206.92,209.36,211.19,212.26,209.05,206.31,202.34,196.54,188.45,183.11,177.16,171.82,166.78,164.8,163.12,162.21,160.37,159.92,157.78,158.09,157.63,159.76,160.99,163.88,166.17,170.14,173.5,174.11,172.73,171.51,169.07,166.78,163.88,162.05,159.76,159.15,158.39,160.07,159.15,158.7,156.87,154.42,149.85,144.81,139.62,135.81,130.47,128.33,125.74,124.36,120.85,120.4,119.94,123.14,123.6,125.13,124.21,123.75,122.53,123.29,122.07,120.85,119.17,119.48,116.73,113.83,108.95,107.12,102.85,99.49,97.507,96.591,95.676,94.913,93.692,91.556,89.724,89.267,88.046,90.793,90.945,90.945,90.487,92.166,92.471,93.692,93.539,93.387,93.387,96.133,96.438,96.286,94.913,96.133,96.133,97.659,98.422,99.185,100.1,102.24,105.14,108.8,111.24,113.99,115.67,118.87,121.16,123.45,125.13,127.41,128.64,128.18,126.19,123.6,119.63,116.89,113.83,113.68,112.61,113.07,109.87,109.26,107.88,106.2,103.76,101.93,99.033,96.438,92.471,89.267,85.147,82.4,79.196,77.67,75.991,74.007,69.124,65.004,61.342,59.664,58.596,57.527,57.527,57.833,58.29,61.8,64.394,68.361,69.887,70.956,72.024,73.092,72.481,72.481,71.718,70.65,72.176,72.939,71.718,69.43,66.683,64.394,59.664,54.933,48.677,44.862,37.538,32.655,29.145,25.33,19.684,14.954,11.292,7.7822,2.4415,-1.3733,-4.7304,-6.1037,-9.9185,-10.376,-11.902,-9.7659,-7.9348,-4.883,-4.2726,-5.1881,-7.7822,-10.071,-12.818,-14.954,-16.175,-16.022,-18.769,-19.684,-21.058,-21.516,-23.652,-25.788,-30.213,-35.096,-40.742,-44.557,-46.388,-45.015,-45.015,-45.625,-48.067,-48.524,-50.203,-49.135,-47.151,-42.573,-39.064,-36.317,-35.249,-34.333,-32.96,-31.434,-31.587,-30.213,-30.213,-28.077,-29.45,-31.281,-34.181,-38.453,-42.573,-45.015,-49.135,-51.881,-55.849,-57.07,-60.579,-61.647,-64.699,-65.767,-67.904,-66.683,-63.478,-56.307,-48.524,-39.979,-33.265,-27.467,-25.941,-21.516,-18.159,-12.36,-5.4933,4.4252,13.123,18.769,21.363,20.447,18.464,16.48,14.649,11.902,9.7659,11.139,10.987,12.207,11.444,9.6133,7.6296,5.9511,3.5096,2.4415,3.0519,4.12,1.3733,-3.2044,-8.8504,-11.75,-15.412,-16.327,-20.6,-21.668,-25.483,-27.009,-28.84,-31.892,-36.927,-40.284,-42.726,-42.879,-41.658,-38.453,-39.216,-38.606,-39.064,-39.674,-41.81,-41.658,-40.742,-39.979,-39.674,-38.301,-36.927,-34.639,-32.807,-28.077,-22.584,-17.853,-17.243,-13.581,-12.055,-7.9348,-5.0356,-0.76296,0.61037,0.91556,0.61037,1.3733,2.4415,4.2726,4.4252,5.7985,3.9674,4.883,6.1037,9.003,12.207,15.107,17.701,18.006,19.379,21.516,23.499,24.11,23.194,23.957,25.941,30.366,34.486,36.317,35.401,35.859,36.164,37.996,39.521,39.216,37.996,35.554,31.587,26.704,22.736,21.821,20.295,20.753,19.379,19.99,22.126,25.178,27.009,23.957,21.973,21.516,20.753,19.99,18.616,18.464,15.564,13.886,11.444,8.3926,6.2563,7.6296,9.9185,12.207,13.276,13.581,12.665,10.224,6.7141,5.4933,5.4933,8.0874,7.9348,9.7659,11.444,10.834,8.24,4.4252,1.8311,-0.76296,-2.8993,-2.4415,-0.61037,1.9837,2.8993,5.6459,5.4933,6.5615,8.3926,10.834,12.513,13.428,12.36,11.902,11.902,15.107,14.801,14.496,10.834,8.3926,4.7304,3.0519,3.0519,3.8148,5.6459,9.003,9.9185,12.207,10.834,12.207,12.665,12.97,9.9185,8.6978,7.6296,8.5452,9.1556,10.681,11.292,9.4607,7.9348,7.7822,7.477,7.6296,8.5452,10.987,9.7659,8.0874,7.7822,8.6978,10.681,12.513,14.801,18.159,24.11,29.45,34.791,40.437,44.404,49.287,52.644,54.781,51.881,50.203,48.83,47.761,46.999,47.609,48.524,48.83,46.541,47.304,48.982,51.729,51.118,49.44,48.067,48.677,48.982,49.745,50.508,51.424,53.407,54.018,54.476,54.628,53.102,51.881,50.05,49.593,50.661,52.187,51.424,51.576,52.492,52.492,51.576,50.203,46.236,41.353,36.927,31.739,23.347,17.853,12.818,9.003,3.0519,-1.8311,-6.5615,-9.7659,-13.581,-16.785,-21.363,-24.262,-27.161,-27.467,-28.23,-26.246,-25.483,-23.499,-22.736,-21.363,-19.99,-19.227,-17.853,-16.785,-16.327,-16.938,-17.548,-18.159,-18.769,-16.327,-15.107,-13.428,-12.818,-9.7659,-7.9348,-4.2726,-0,6.1037,11.292,16.633,20.753,25.636,30.061,36.927,40.895,47.761,54.17,61.037,66.683,75.533,82.553,89.572,95.676,101.63,107.12,113.53,118.11,123.75,127.11,130.77,132.3,136.11,139.47,142.06,144.35,146.79,149.39,151.83,152.9,154.42,154.88,156.1,155.03,154.58,153.05,151.68,148.32,145.57,141.76,138.86,136.88,135.2,132.15,131.23,129.4,129.55,128.33,127.26,124.97,122.23,119.33,117.34,114.75,111.7,108.8,107.88,106.97,105.9,102.85,101.78,97.354,95.065,92.624,92.471,90.793,88.198,83.773,79.653,74.618,70.04,65.31,61.19,56.459,54.018,48.83,44.252,39.827,37.538,34.181,31.587,28.077,25.33,22.126,19.227,16.785,15.107,13.428,12.36,9.003,7.7822,6.1037,4.883,4.4252,6.7141,9.003,11.139,12.818,14.191,14.649,14.191,13.581,12.207,9.4607,7.9348,5.0356,3.357,0.91556,-0.15259,-3.2044,-4.5778,-5.6459,-7.3244,-11.444,-15.87,-20.6,-25.33,-28.993,-31.129,-35.554,-38.453,-45.32,-50.966,-57.375,-61.953,-65.92,-69.277,-74.007,-77.822,-83.316,-88.504,-95.37,-99.643,-105.9,-110.63,-117.19,-122.38,-130.62,-137.33,-145.12,-151.37,-157.48,-162.97,-168.16,-171.97,-176.09,-181.74,-188.6,-193.79,-201.12,-206.46,-214.24,-218.05,-222.63,-227.06,-232.25,-237.59,-241.4,-244.45,-248.42,-252.69,-260.02,-267.65,-275.12,-279.55,-285.35,-291.76,-299.08,-306.56,-312.81,-318.31,-323.5,-327.77,-333.11,-338.6,-345.62,-351.73,-359.36,-362.41,-365.61,-369.12,-374.16,-380.72,-389.11,-397.81,-405.59,-412.92,-420.7,-427.26,-430.62,-430.46,-431.53,-432.91,-433.36,-431.23,-433.67,-435.8,-437.64,-440.84,-444.65,-445.72,-445.72,-443.74,-441.76,-440.23,-442.67,-442.98,-441.91,-439.77,-434.13,-425.43,-416.27,-402.08,-383.77,-364.7,-345.47,-328.99,-314.8,-306.1,-303.2,-301.68,-299.69,-292.06,-280.62,-263.83,-250.25,-237.89,-226.45,-219.89,-220.5,-227.36,-235.45,-242.62,-247.05,-247.96,-250.56,-254.22,-259.41,-263.99,-270.39,-275.73,-278.33,-277.87,-276.8,-277.87,-280.62,-282.45,-279.55,-276.19,-277.72,-278.48,-281.84,-283.97,-287.03,-288.86,-293.13,-297.56,-298.62,-299.08,-299.84,-299.23,-299.39,-296.95,-296.64,-296.49,-294.81,-291.91,-289.62,-286.57,-283.67,-282.14,-282.45,-283.36,-282.3,-280.31,-280.31,-281.08,-280.77,-276.04,-270.85,-265.36,-260.32,-254.68,-248.73,-243.69,-237.28,-229.8,-220.34,-210.88,-203.71,-195.93,-191.35,-185.86,-178.99,-170.29,-162.36,-155.34,-150.15,-147.1,-143.59,-140.84,-140.84,-137.18,-133.67,-130.16,-129.25,-127.57,-124.97,-118.72,-112.77,-106.81,-102.24,-97.964,-93.997,-91.25,-89.572,-90.182,-91.403,-90.64,-91.25,-87.436,-82.4,-78.127,-74.77,-74.007,-74.007,-69.735,-63.784,-60.884,-60.121,-59.358,-59.053,-61.19,-65.157,-66.836,-65.615,-60.732,-59.206,-57.375,-54.781,-54.17,-52.797,-50.966,-51.118,-49.287,-50.203,-47.456,-45.473,-41.658,-39.827,-38.453,-37.843,-37.843,-38.301,-42.421,-49.287,-54.018,-56.001,-54.628,-52.797,-47.609,-44.557,-40.132,-36.775,-33.265,-30.519,-27.772,-23.347,-19.227,-15.87,-11.292,-6.1037,-0.45778,4.4252,10.834,16.022,26.246,36.775,49.287,62.41,77.822,93.234,108.8,125.28,142.98,158.85,174.57,186.16,199.29,208.29,219.73,228.74,238.5,246.28,256.81,266.12,273.9,279.85,286.72,292.06,298.93,304.12,310.37,313.43,317.24,317.7,319.07,319.83,321.05,321.97,321.05,320.75,319.83,319.38,317.7,315.1,313.43,309.76,305.34,300.15,295.57,287.79,281.38,274.97,267.95,262.46,258.34,252.69,246.74,238.81,232.55,225.53,221.56,215.92,212.87,208.75,205.54,199.9,191.96,181.28,170.14,157.17,145.12,132.45,121.92,108.95,98.422,86.825,75.686,62.563,50.508,37.996,26.093,12.36,-1.0681,-14.039,-26.246,-39.064,-51.424,-62.716,-70.65,-79.196,-86.215,-96.133,-105.75,-116.73,-128.18,-139.93,-151.68,-162.05,-171.21,-180.82,-190.59,-199.9,-207.37,-216.38,-224.16,-233.01,-238.96,-245.22,-250.56,-255.75,-261.39,-265.36,-267.04,-267.34,-266.73,-266.58,-267.95,-269.78,-271.31,-274.36,-276.65,-279.24,-281.08,-282.75,-284.28,-284.43,-285.35,-287.48,-288.71,-291.15,-291.45,-292.06,-290.54,-290.38,-287.48,-285.81,-283.36,-281.23,-279.7,-276.19,-272.99,-269.94,-267.8,-266.88,-264.9,-263.37,-261.85,-260.32,-258.19,-257.12,-256.81,-256.81,-257.27,-257.58,-256.97,-254.68,-252.08,-248.42,-244.3,-240.79,-236.21,-231.64,-227.21,-222.33,-217.6,-211.95,-206.76,-202.8,-198.83,-193.49,-187.84,-182.65,-177.62,-173.19,-168.16,-164.8,-161.44,-159.76,-157.32,-155.49,-152.59,-149.69,-148.63,-146.49,-143.74,-142.52,-138.4,-133.82,-127.72,-123.91,-118.87,-114.44,-111.24,-107.43,-103.61,-100.25,-97.354,-93.387,-89.114,-85.299,-79.958,-75.686,-70.65,-66.683,-62.41,-59.358,-56.307,-54.17,-52.644,-52.339,-50.813,-49.287,-47.456,-46.693,-45.625,-47.609,-48.219,-50.508,-52.339,-55.238,-57.07,-59.053,-62.105,-66.073,-68.361,-70.193,-72.787,-74.77,-74.618,-74.465,-71.261,-69.887,-68.819,-67.446,-65.767,-63.021,-60.274,-58.443,-57.527,-52.492,-45.32,-38.453,-30.824,-25.941,-19.379,-13.428,-7.0193,-3.357,-0.61037,1.0681,3.8148,6.7141,8.0874,9.1556,12.513,12.97,14.039,15.87,20.905,25.33,31.434,36.164,38.606,39.827,40.284,42.879,45.32,48.524,52.797,54.933,57.222,57.833,60.121,63.326,68.361,72.787,75.228,76.449,75.686,71.718,66.988,59.969,54.781,50.813,48.372,45.015,42.116,40.742,38.759,38.301,39.674,42.879,45.473,45.93,44.404,42.268,40.59,38.911,41.2,42.421,44.71,47.456,51.424,55.238,58.748,61.8,64.394,67.904,71.413,74.923,78.89,81.637,85.299,87.741,89.419,91.25,93.692,96.744,99.643,101.17,103.31,104.83,108.34,109.87,114.6,119.48,125.28,131.99,140.08,146.64,152.13,157.78,163.58,168.46,175.63,184.48,194.1,200.96,209.05,214.39,220.5,228.28,237.89,241.86,244.15,248.73,254.68,255.44,254.52,249.64,244.76,242.62,245.52,242.77,238.65,235.15,232.09,224.16,213.63,198.52,184.64,171.82,159.76,153.81,156.41,160.83,166.48,167.55,166.17,161.44,155.49,146.64,139.01,134.74,131.53,126.35,121.62,116.58,112.31,102.08,92.471,85.604,83.163,78.585,71.413,61.495,55.696,51.424,48.677,47.151,49.135,54.323,58.443,60.884,64.089,66.073,68.056,71.108,80.111,88.351,95.676,100.86,107.12,110.02,108.95,107.58,110.32,115.97,124.52,132.6,139.01,140.39,141,140.69,139.32,133.98,128.48,125.43,128.33,134.28,141.61,148.01,154.73,160.07,161.29,157.78,158.39,158.85,159.76,161.14,166.63,171.82,177.62,179.6,176.4,170.14,167.09,164.95,164.19,166.33,174.11,183.11,190.59,191.35,189.83,185.09,182.65,182.5,182.04,180.21,179.3,179.3,180.82,181.28,181.59,179.91,178.99,173.96,167.09,154.58,143.74,133.82,127.26,121.62,116.43,112.31,107.73,101.78,100.71,97.659,96.591,93.234,94.15,95.065,99.796,101.32,102.85,103,101.02,95.37,89.724,84.078,79.043,72.939,66.988,58.29,52.492,47.914,46.541,44.404,44.252,42.726,42.268,40.284,40.437,40.59,41.047,40.742,43.184,40.132,36.47,34.181,32.96,30.671,28.077,27.009,29.298,34.181,42.573,50.813,58.443,66.225,75.076,81.484,86.215,90.03,92.929,92.166,96.286,99.033,103.15,107.43,113.07,114.9,117.04,116.89,117.34,114.44,112,107.88,105.9,103.61,105.14,105.14,104.68,103.31,100.41,98.727,98.575,99.033,106.36,114.29,125.43,135.04,144.81,150.3,156.56,159,159.92,155.49,150,144.51,141,135.5,133.98,132.3,133.67,133.82,136.11,135.2,137.79,141.15,147.1,152.29,159.92,168.61,176.4,180.21,182.81,184.03,186.16,185.09,183.57,180.52,180.67,179.45,177.62,174.11,170.9,167.09,163.73,160.22,155.64,151.07,147.56,141.76,135.5,128.48,122.38,112.31,104.22,94.455,85.452,75.686,70.345,65.767,62.716,60.427,60.121,58.748,59.358,58.596,58.443,54.476,51.424,46.846,45.778,43.641,42.421,41.047,39.521,37.233,34.791,32.502,32.197,30.519,30.061,27.009,26.246,24.567,25.636,24.72,25.025,24.11,23.499,20.447,16.327,13.123,13.276,13.428,15.412,13.733,12.36,7.477,6.1037,4.2726,2.4415,-0,-0,-0.30519,-0.30519,-1.2207,-3.0519,-7.0193,-7.0193,-7.1718,-4.2726,-5.0356,-4.7304,-5.0356,-4.5778,-2.2889,0.45778,2.5941,5.7985,8.0874,11.139,13.123,16.327,17.396,19.379,19.837,22.126,22.736,25.025,26.093,26.704,25.788,26.856,28.077,30.213,30.976,33.876,33.57,33.113,30.061,27.161,21.973,18.769,16.175,13.733,10.071,7.0193,3.8148,1.2207,-3.357,-7.0193,-10.681,-13.428,-17.396,-17.701,-15.259,-9.003,-2.7467,1.9837,5.9511,9.6133,11.75,12.97,14.039,15.259,15.107,18.006,19.684,23.499,24.873,27.314,28.382,30.824,31.587,31.892,30.671,30.366,31.129,31.281,30.824,29.298,25.941,23.194,19.074,17.548,16.785,16.633,16.327,18.006,19.227,21.21,20.142,21.668,21.058,21.668,19.99,20.295,18.159,17.396,16.785,16.022,14.344,14.496,14.496,16.327,18.464,22.736,25.025,28.993,33.265,37.233,35.554,35.859,33.265,29.603,25.33,21.973,19.074,18.616,16.785,12.97,5.9511,1.6785,-3.357,-6.5615,-12.36,-13.733,-15.717,-16.175,-17.243,-17.548,-15.87,-12.97,-9.1556,-4.5778,-0.30519,4.2726,6.1037,9.1556,9.4607,12.513,14.496,16.785,16.48,16.938,17.853,17.853,16.785,16.327,14.954,14.801,12.665,12.665,12.055,13.428,14.649,16.022,16.633,17.09,17.853,18.921,18.921,19.379,21.363,23.957,23.194,23.499,21.973,23.041,24.415,27.314,26.551,26.704,25.33,26.246,28.382,28.23,27.161,27.924,28.535,29.908,30.824,33.418,32.35,34.028,35.554,36.775,35.096,34.944,33.57,31.434,28.23,27.009,25.788,24.567,20.6,18.769,14.496,11.292,7.1718,3.2044,-1.5259,-3.8148,-6.8667,-8.5452,-9.3081,-9.9185,-10.071,-9.7659,-10.529,-9.7659,-11.444,-12.513,-15.412,-16.327,-16.633,-15.564,-15.259,-13.428,-12.818,-13.123,-14.344,-16.48,-20.905,-24.11,-28.382,-29.45,-32.807,-36.317,-39.827,-39.521,-41.658,-44.099,-46.236,-45.625,-46.388,-48.067,-49.135,-49.745,-52.492,-53.713,-54.476,-51.424,-48.219,-42.879,-39.979,-37.385,-35.707,-31.281,-26.704,-25.025,-25.941,-26.246,-27.161,-26.399,-26.856,-26.704,-28.84,-25.788,-24.415,-24.72,-28.687,-32.35,-37.385,-41.658,-45.93,-48.372,-49.135,-47.456,-48.067,-46.693,-48.372,-48.219,-49.745,-50.813,-54.018,-52.339,-47.914,-45.015,-45.167,-45.473,-44.557,-40.132,-37.996,-37.538,-38.911,-36.622,-34.333,-28.535,-25.636,-23.347,-23.499,-25.178,-27.009,-26.093,-23.347,-19.227,-16.938,-13.581,-10.529,-6.4089,-0.91556,5.4933,9.003,15.412,18.311,20.6,20.295,19.684,18.464,22.279,29.45,37.538,43.489,51.424,54.628,57.985,56.764,54.628,48.83,43.794,38.301,36.927,35.096,31.739,29.908,29.756,28.535,28.382,25.178,21.058,16.633,16.327,16.327,16.938,17.548,21.058,25.178,29.603,34.181,40.59,44.404,46.541,47.304,49.593,49.898,52.644,52.95,55.696,55.696,56.764,56.917,55.849,53.407,50.966,45.778,39.216,32.807,27.924,22.736,18.159,10.681,5.4933,-2.8993,-9.7659,-16.175,-20.447,-25.483,-30.671,-36.927,-42.421,-48.219,-52.492,-56.764,-59.664,-63.326,-63.784,-65.615,-65.767,-64.699,-63.173,-62.563,-61.495,-59.511,-57.07,-54.933,-52.034,-51.576,-49.287,-47.304,-41.505,-36.012,-29.145,-25.33,-19.99,-16.785,-12.513,-10.681,-9.1556,-9.003,-9.6133,-10.529,-8.6978,-7.6296,-6.7141,-8.3926,-10.224,-13.733,-15.412,-17.396,-18.616,-20.6,-21.21,-22.736,-24.262,-25.483,-25.941,-26.856,-26.704,-26.399,-23.652,-23.347,-20.905,-21.058,-20.295,-22.431,-23.652,-25.33,-27.619,-29.145,-28.993,-28.993,-27.009,-24.72,-21.516,-22.584,-22.889,-23.347,-21.973,-21.821,-20.905,-20.6,-19.074,-17.396,-14.344,-9.7659,-5.3407,-0.91556,5.4933,9.3081,15.107,18.769,23.041,27.314,34.333,42.726,50.203,55.086,60.121,64.241,69.277,73.092,79.196,83.621,90.182,94.607,101.32,104.68,109.71,112.46,115.67,118.11,120.09,121.92,123.91,127.41,131.38,136.42,142.22,146.64,150.61,153.51,157.63,160.83,165.26,169.07,173.96,177.77,183.11,187.38,191.2,193.64,198.68,201.27,205.85,209.66,214.39,216.99,222.02,225.68,228.74,232.55,235.45,236.06,236.52,236.52,236.37,233.31,229.8,224.31,219.73,215.77,213.17,210.27,207.68,203.71,200.05,197.45,195.62,193.18,192.72,192.11,192.88,190.59,187.99,184.03,182.96,182.2,182.35,181.74,180.97,180.06,178.99,177.01,174.11,169.38,166.63,163.27,161.6,157.48,156.87,156.25,156.71,155.34,152.9,149.24,144.66,141,137.18,132.6,128.94,121.92,116.73,110.63,106.81,102.69,99.49,95.065,90.03,84.841,80.111,74.618,68.667,61.953,57.985,53.56,51.881,48.982,46.846,41.963,37.08,32.502,30.061,28.687,26.856,23.804,22.736,21.363,22.431,22.279,20.905,17.701,15.259,12.055,9.6133,8.0874,6.7141,4.883,4.4252,5.1881,8.8504,8.8504,10.987,11.75,14.496,18.769,24.415,29.603,32.655,34.028,33.723,32.502,32.502,29.298,26.246,22.584,18.769,12.818,5.3407,-5.0356,-15.412,-26.399,-37.233,-48.219,-56.307,-65.31,-70.04,-76.144,-81.027,-87.436,-90.487,-91.861,-90.64,-91.403,-92.776,-95.218,-96.286,-96.438,-94.15,-92.929,-90.487,-90.03,-88.198,-85.757,-81.484,-75.838,-70.65,-66.378,-60.274,-57.68,-55.391,-56.459,-56.917,-56.612,-54.323,-50.813,-46.541,-43.336,-39.521,-38.606,-35.249,-34.181,-32.502,-33.723,-34.944,-37.233,-38.911,-42.726,-43.031,-45.32,-47.609,-49.135,-47.609,-46.388,-43.489,-42.116,-40.742,-42.573,-45.015,-50.05,-56.001,-62.563,-66.988,-72.481,-75.076,-77.822,-77.822,-79.196,-77.212,-76.449,-75.991,-75.381,-73.855,-72.024,-70.193,-67.141,-63.936,-60.732,-55.696,-52.339,-48.677,-46.541,-41.963,-39.827,-38.759,-37.843,-36.164,-35.249,-34.028,-31.587,-30.061,-31.739,-33.113,-36.317,-38.301,-42.116,-45.778,-52.339,-57.375,-61.8,-66.073,-70.498,-75.228,-81.027,-86.062,-90.64,-93.844,-98.575,-101.93,-106.05,-109.41,-113.38,-116.58,-119.17,-119.79,-122.07,-122.99,-123.29,-122.38,-121.77,-117.8,-115.36,-112.31,-111.39,-108.04,-105.59,-103.31,-102.08,-100.41,-98.88,-95.981,-93.387,-89.572,-87.283,-82.858,-82.247,-80.874,-81.942,-81.332,-83.01,-84.841,-88.656,-91.708,-95.37,-99.185,-102.08,-105.44,-111.39,-116.58,-123.6,-127.26,-133.52,-137.33,-143.74,-150.3,-157.48,-164.04,-170.9,-177.92,-184.48,-189.67,-194.86,-197.45,-200.96,-203.25,-206.31,-206.46,-207.68,-207.83,-208.9,-209.36,-209.05,-206.46,-203.1,-201.27,-199.74,-198.07,-196.23,-192.27,-187.99,-184.33,-179.75,-173.04,-168.77,-164.04,-161.44,-159,-159.31,-159.31,-161.14,-163.88,-168.61,-173.5,-177.62,-178.69,-178.99,-175.94,-173.19,-169.23,-166.78,-165.87,-166.17,-166.78,-165.41,-162.36,-159.31,-155.19,-152.29,-149.54,-148.93,-148.93,-150.3,-148.63,-148.93,-146.79,-145.73,-144.96,-146.95,-148.47,-149.39,-148.01,-145.88,-141.76,-137.94,-135.04,-133.52,-130.62,-128.48,-125.58,-125.43,-124.06,-123.91,-121.77,-119.17,-118.56,-121.01,-123.14,-125.89,-128.18,-130.92,-130.31,-130.47,-129.25,-127.41,-125.43,-124.97,-124.21,-122.23,-119.63,-117.34,-116.12,-112.61,-108.65,-105.59,-101.93,-97.049,-90.335,-84.078,-77.975,-75.838,-74.007,-74.923,-74.313,-75.533,-77.822,-78.89,-78.738,-79.196,-79.043,-80.721,-82.4,-86.062,-87.436,-91.098,-92.929,-96.591,-98.727,-101.63,-103.61,-106.97,-113.22,-120.24,-125.43,-130.16,-133.37,-135.65,-134.13,-132.76,-130.77,-129.09,-125.89,-124.21,-122.99,-121.46,-118.72,-115.21,-111.24,-107.12,-101.78,-94.76,-84.384,-75.228,-65.31,-58.596,-52.339,-46.693,-39.827,-32.35,-24.262,-17.701,-12.055,-5.7985,-1.0681,3.0519,9.003,13.276,18.159,22.279,27.772,30.519,32.655,36.622,42.268,49.135,56.001,61.342,62.868,63.173,65.462,68.361,74.618,79.501,86.367,89.724,93.387,98.88,110.17,122.38,135.96,146.95,156.56,169.53,182.2,191.96,203.71,214.7,227.97,238.2,249.34,259.71,272.07,282.91,294.66,304.57,309.61,312.66,316.17,319.22,322.12,322.73,324.56,323.8,325.63,325.79,326.55,321.67,314.19,305.8,300,292.21,285.5,280.47,276.65,271.31,267.04,260.78,255.29,247.2,243.54,239.57,234.84,227.52,217.29,204.93,190.74,179.6,173.35,168.31,163.43,155.8,148.47,137.18,127.41,115.82,105.75,92.624,80.416,68.667,58.443,49.44,37.996,21.973,5.7985,-11.444,-26.704,-41.505,-53.102,-63.631,-72.481,-82.095,-89.267,-97.049,-102.08,-108.19,-114.6,-119.94,-123.6,-127.57,-126.96,-125.89,-121.77,-116.89,-109.26,-103,-96.133,-90.335,-85.147,-80.264,-73.855,-68.056,-63.478,-60.884,-57.07,-56.001,-51.576,-46.999,-39.369,-34.791,-28.993,-25.483,-18.616,-11.902,-4.883,-0,6.1037,10.987,18.311,24.11,32.502,39.521,48.677,56.612,66.225,73.397,80.721,88.961,98.422,108.04,117.8,128.03,137.49,144.81,153.36,160.99,171.36,179.75,191.2,200.51,209.81,217.29,223.24,228.13,233.77,237.28,239.27,239.72,241.4,241.25,242.77,242.77,243.08,242.32,241.71,242.01,243.23,244.15,245.83,247.2,249.49,250.25,252.54,254.68,259.1,261.24,265.36,267.49,269.33,268.11,266.43,265.51,265.21,264.6,265.82,265.21,265.51,263.07,261.7,258.19,256.2,252.54,248.27,244,240.49,236.67,232.4,227.97,223.85,216.38,208.9,200.66,195.17,187.99,182.96,179.14,175.02,171.21,167.09,161.44,154.73,146.79,139.93,132.45,127.57,121.62,117.8,113.22,109.56,103.92,99.796,96.896,93.844,90.945,90.335,87.436,85.604,84.078,84.689,82.858,83.01,82.4,83.468,82.553,82.705,79.653,77.364,74.618,72.939,71.261,70.803,70.498,71.718,69.887,70.04,67.904,67.293,64.699,61.495,57.68,54.018,50.05,46.846,41.963,38.453,35.249,34.486,31.739,30.061,26.704,25.025,21.21,18.159,14.039,9.6133,5.3407,2.4415,-1.5259,-4.7304,-10.376,-13.733,-19.532,-22.431,-26.246,-27.467,-28.84,-28.077,-28.077,-28.077,-29.298,-29.908,-30.061,-30.824,-33.876,-35.554,-36.47,-34.791,-32.807,-28.84,-25.636,-21.058,-17.548,-15.412,-12.36,-10.071,-9.3081,-9.6133,-9.7659,-9.4607,-9.6133,-8.24,-8.3926,-8.8504,-11.597,-12.97,-12.818,-12.665,-12.97,-13.886,-14.954,-14.954,-15.412,-15.87,-18.311,-20.905,-23.347,-25.636,-28.687,-32.044,-36.012,-38.453,-40.742,-43.641,-47.304,-50.813,-56.154,-59.816,-65.004,-69.582,-76.907,-83.773,-90.335,-96.896,-103.76,-110.02,-117.34,-122.99,-129.7,-136.88,-145.73,-152.75,-161.29,-168,-174.87,-180.52,-187.69,-193.64,-201.42,-206.92,-214.55,-219.28,-225.68,-230.57,-237.89,-245.37,-253.61,-261.54,-267.8,-272.07,-276.35,-278.94,-283.06,-286.42,-291.76,-295.11,-300.61,-305.49,-310.07,-314.95,-319.83,-323.8,-328.23,-331.58,-337.53,-341.96,-347.15,-350.2,-355.08,-361.03,-366.07,-371.41,-374.61,-378.89,-382.09,-383.92,-384.99,-383.62,-383.01,-381.48,-383.01,-383.77,-385.6,-386.67,-387.13,-386.21,-386.06,-384.69,-384.23,-382.55,-381.02,-379.5,-379.96,-380.87,-383.47,-384.69,-386.82,-389.11,-391.09,-393.08,-394.6,-396.89,-399.49,-402.39,-404.52,-404.37,-406.05,-405.29,-407.42,-412.15,-416.88,-421.77,-427.87,-432.29,-435.96,-438.09,-442.37,-444.65,-446.79,-450.76,-458.39,-464.03,-469.99,-476.39,-481.43,-486.16,-489.82,-490.89,-491.65,-490.89,-493.64,-496.84,-500.35,-502.79,-504.93,-506.76,-506.76,-507.22,-507.37,-506.91,-505.23,-503.71,-501.11,-497.45,-492.87,-486.77,-480.97,-474.11,-469.22,-463.27,-459,-454.88,-449.39,-445.11,-441.6,-436.57,-431.53,-425.89,-424.36,-422.68,-422.53,-420.55,-421.16,-419.78,-417.34,-413.37,-407.73,-401.62,-397.05,-392.01,-387.89,-385.14,-385.91,-386.52,-388.81,-388.04,-386.36,-379.35,-365.15,-347.61,-330.06,-316.17,-308.08,-301.83,-293.28,-279.85,-263.53,-247.05,-236.37,-226.6,-218.97,-213.78,-210.12,-206.76,-200.66,-192.72,-181.74,-170.75,-164.49,-163.58,-162.05,-158.7,-158.85,-158.54,-161.14,-162.66,-164.65,-165.11,-165.11,-166.78,-168.77,-171.82,-171.51,-169.38,-170.45,-169.53,-168.46,-165.26,-161.29,-155.49,-148.17,-141.3,-134.43,-127.57,-120.09,-111.85,-101.47,-88.961,-77.67,-65.004,-54.323,-44.404,-36.775,-30.671,-23.499,-14.954,-4.7304,6.1037,15.564,27.009,37.69,46.236,51.271,57.07,64.089,75.076,86.825,97.964,107.43,112.61,116.73,123.29,129.4,135.96,142.22,150.76,159,165.72,168,170.9,172.12,175.02,176.24,174.11,169.38,164.49,161.14,161.6,161.9,161.9,161.29,157.63,153.2,153.81,153.66,154.12,154.73,157.17,157.02,154.42,149.24,144.66,138.55,133.52,126.8,121.16,113.83,106.81,100.56,92.624,84.078,75.076,63.326,53.865,45.93,39.064,33.57,31.587,30.061,30.671,30.824,32.502,35.401,39.216,43.336,45.93,48.219,51.881,57.07,62.258,65.462,71.108,77.059,86.978,98.575,112.16,123.75,134.13,144.96,156.87,168.46,181.13,192.88,204.17,213.78,224.77,233.62,243.23,250.56,257.73,262.76,266.27,266.43,262.92,259.1,253.91,248.12,242.93,237.59,231.94,224.16,216.68,207.83,202.64,197.61,194.1,190.28,186.16,180.67,175.33,171.36,168,163.43,157.93,150.76,146.18,140.84,136.42,130.16,124.21,119.63,117.95,117.04,114.75,110.93,108.49,104.22,100.1,95.218,92.624,89.419,89.267,90.793,87.741,81.942,76.449,68.819,60.274,52.644,48.372,44.71,46.083,47.151,47.609,43.031,39.369,36.47,34.944,34.639,37.233,38.911,43.947,47.761,56.154,62.563,67.446,69.124,69.887,71.871,77.212,84.078,93.081,99.033,103.61,103.46,103.15,99.948,99.185,98.575,100.56,103.15,107.88,110.48,112.61,109.71,108.04,106.97,110.48,113.53,116.89,120.09,124.67,126.8,128.48,128.48,132.45,134.28,137.49,137.94,141.76,145.57,150.15,151.98,152.59,151.52,151.37,148.63,147.86,144.05,142.83,138.4,133.21,127.26,122.99,120.85,120.09,119.63,120.55,121.16,120.85,114.6,111.85,112,116.28,121.77,129.7,138.4,148.01,156.1,159.31,158.39,157.63,156.87,158.09,159,163.73,164.95,165.41,165.26,168.16,171.06,176.24,177.31,176.09,172.89,172.43,168.16,164.8,163.58,163.43,161.29,162.51,160.68,160.37,155.95,150.15,142.06,133.98,125.89,122.53,120.85,121.31,121.46,124.06,126.8,131.99,135.65,140.84,143.28,146.34,149.39,153.36,157.02,161.75,166.02,170.9,174.57,177.47,178.53,180.97,180.67,182.5,181.89,183.72,182.35,181.59,180.36,178.84,177.16,175.02,172.89,171.51,168.46,168,166.33,167.09,166.02,165.26,163.73,164.8,166.94,169.23,171.36,174.72,179.91,186.62,190.28,192.27,193.79,196.39,197.45,198.98,199.44,199.59,200.2,202.19,204.93,205.69,204.17,200.51,197.45,194.56,191.96,190.59,186.93,182.81,178.69,174.26,169.07,164.04,159.92,157.48,154.58,152.44,149.39,146.64,145.12,146.49,145.88,145.27,143.28,143.13,141.91,141,140.69,139.01,135.35,132.3,129.7,129.55,129.55,130.77,132.15,137.33,138.25,138.71,136.11,133.37,131.84,130.92,128.64,127.41,126.5,125.43,124.06,126.8,127.72,127.57,124.36,121.31,116.58,113.38,108.95,105.14,104.07,104.53,104.22,103.92,100.1,95.981,91.708,91.403,88.961,88.046,85.757,84.689,84.841,88.351,91.25,92.929,95.37,98.727,101.63,104.53,104.98,104.07,100.86,99.49,97.812,96.896,95.981,97.507,99.948,102.08,101.32,98.117,93.234,86.52,78.738,73.855,69.124,65.462,59.816,56.307,50.966,45.93,40.59,35.859,32.044,29.45,27.314,23.957,19.837,18.159,16.175,16.022,13.886,13.886,13.276,12.36,10.681,10.529,11.139,9.4607,7.0193,5.4933,4.5778,4.12,1.3733,-0.61037,-5.0356,-8.0874,-10.529,-9.7659,-9.6133,-8.6978,-6.7141,-5.1881,-3.9674,-5.4933,-10.529,-11.444,-10.681,-6.1037,-3.8148,-0.91556,-0.45778,1.3733,2.2889,1.8311,-0.45778,-1.9837,-1.6785,0.30519,1.6785,3.0519,-0.30519,-4.4252,-9.1556,-12.36,-18.006,-21.21,-23.957,-25.025,-25.788,-27.009,-30.366,-34.181,-37.233,-40.284,-46.236,-48.524,-50.356,-50.05,-52.797,-54.323,-53.407,-51.118,-48.83,-49.745,-52.187,-52.797,-53.255,-50.508,-47.914,-43.489,-41.658,-38.453,-39.674,-39.827,-42.268,-41.963,-41.353,-40.284,-42.421,-43.184,-45.93,-45.473,-43.947,-40.132,-41.047,-43.336,-46.541,-49.135,-53.56,-56.459,-55.086,-52.644,-52.644,-56.154,-60.121,-61.953,-63.784,-61.8,-59.053,-55.544,-52.492,-52.187,-53.255,-55.696,-59.664,-61.8,-64.241,-61.495,-57.833,-52.492,-49.898,-46.236,-43.641,-40.437,-39.064,-38.453,-41.353,-44.252,-48.982,-53.56,-61.647,-65.92,-67.293,-67.904,-70.04,-70.193,-69.735,-68.361,-68.667,-67.904,-69.277,-68.667,-66.378,-63.936,-62.716,-58.443,-54.323,-49.593,-47.304,-43.641,-37.69,-31.129,-26.551,-24.262,-23.652,-23.652,-24.262,-22.736,-23.347,-23.652,-23.652,-24.262,-25.941,-25.636,-25.178,-21.21,-17.853,-13.886,-11.444,-8.0874,-2.4415,1.5259,4.2726,7.3244,9.6133,12.36,14.191,21.363,27.467,31.587,32.655,32.35,32.655,33.876,34.791,37.08,36.164,38.301,36.164,33.113,27.619,21.973,16.175,12.055,5.4933,-0.91556,-8.8504,-15.564,-23.194,-25.483,-28.077,-28.535,-28.535,-28.535,-29.603,-29.908,-33.418,-34.944,-36.775,-36.317,-35.859,-31.281,-26.704,-20.295,-14.801,-11.292,-10.529,-6.7141,-4.4252,-2.4415,-2.8993,-2.5941,-4.4252,-5.6459,-7.6296,-7.477,-6.1037,-4.5778,-4.2726,0.45778,5.0356,11.75,15.259,16.633,14.954,11.902,7.0193,5.7985,4.2726,3.0519,-0.45778,-1.8311,-4.2726,-5.1881,-5.7985,-3.2044,-0.91556,-0.61037,-2.2889,-3.9674,-8.0874,-12.36,-17.243,-18.464,-19.99,-19.227,-21.516,-24.873,-29.756,-34.486,-39.674,-45.473,-49.135,-51.424,-53.713,-55.391,-58.29,-60.427,-65.004,-69.43,-70.65,-66.683,-61.342,-54.018,-49.287,-48.219,-50.356,-49.287,-47.456,-42.116,-38.453,-33.57,-30.824,-26.399,-23.499,-19.684,-14.039,-7.477,-3.2044,1.5259,1.3733,1.6785,-0.15259,0.91556,-0,0.30519,1.5259,3.2044,1.2207,-2.4415,-5.9511,-7.9348,-10.529,-10.071,-9.003,-5.0356,-0.30519,5.6459,9.3081,14.649,16.938,18.921,18.616,18.921,20.142,21.516,20.142,16.785,12.36,10.071,9.1556,8.24,7.6296,8.6978,6.1037,4.12,4.7304,8.3926,8.24,5.4933,4.883,7.9348,10.681,12.665,12.818,12.513,9.1556,6.7141,2.1363,1.0681,-1.0681,-2.5941,-7.477,-7.3244,-6.2563,-5.4933,-7.0193,-7.9348,-9.1556,-8.8504,-10.071,-13.276,-17.701,-18.769,-18.464,-16.48,-19.837,-22.584,-28.84,-32.96,-35.859,-37.08,-38.453,-40.59,-42.573,-43.794,-46.999,-48.83,-55.544,-59.816,-65.004,-65.462,-67.598,-69.277,-73.702,-78.585,-82.705,-85.299,-89.114,-91.861,-92.471,-90.945,-93.081,-92.624,-90.945,-85.299,-80.874,-74.16,-67.446,-60.732,-56.459,-53.56,-53.713,-54.933,-55.849,-54.476,-51.729,-47.456,-46.541,-42.726,-40.132,-36.622,-32.807,-27.467,-21.821,-15.717,-9.1556,-2.5941,1.6785,5.6459,7.7822,7.1718,4.12,2.8993,-0.30519,0.15259,-1.5259,-0.91556,-1.3733,-5.9511,-10.529,-12.97,-17.701,-22.584,-26.551,-29.603,-29.603,-25.025,-20.905,-17.09,-16.175,-13.581,-10.529,-6.5615,-2.2889,2.1363,7.477,13.123,18.159,20.6,21.973,24.72,25.941,27.924,27.619,27.161,23.194,20.905,17.701,14.954,10.224,5.3407,1.6785,-1.9837,-6.4089,-9.7659,-14.801,-19.379,-25.025,-31.434,-38.911,-45.015,-50.356,-54.17,-59.969,-66.073,-71.718,-76.449,-79.806,-80.264,-80.111,-77.212,-74.16,-70.65,-69.887,-71.108,-74.16,-75.076,-75.381,-73.397,-70.345,-66.53,-62.258,-58.138,-54.476,-48.524,-43.184,-40.132,-39.521,-40.59,-44.404,-46.693,-48.524,-48.982,-52.339,-57.222,-64.394,-71.566,-78.89,-84.384,-89.419,-93.692,-100.25,-104.53,-106.36,-104.53,-100.86,-92.929,-86.367,-79.196,-72.787,-68.514,-65.157,-61.495,-58.748,-55.849,-53.407,-48.677,-41.963,-33.876,-28.84,-21.821,-17.243,-12.818,-10.987,-7.477,-5.4933,-1.2207,5.1881,11.902,18.769,24.415,29.298,33.723,37.843,43.489,44.71,43.947,41.047,38.759,34.791,31.587,27.314,21.363,14.344,10.834,8.5452,7.477,7.477,8.8504,9.4607,9.1556,8.0874,8.6978,7.477,7.9348,7.0193,6.8667,9.6133,11.597,12.36,12.665,14.344,18.769,23.957,28.993,34.181,41.353,45.473,50.05,51.881,54.781,55.238,56.154,57.07,59.053,60.579,60.579,60.274,59.969,58.29,54.018,44.862,37.843,30.061,24.11,16.785,12.207,8.3926,2.4415,-4.7304,-10.224,-14.801,-16.175,-17.243,-15.717,-15.717,-14.801,-16.633,-16.327,-16.938,-17.396,-18.006,-15.564,-14.344,-9.9185,-4.4252,1.8311,6.1037,8.8504,11.139,16.785,21.973,28.687,30.671,31.587,32.96,38.301,44.557,49.745,53.255,55.086,56.001,56.917,58.29,61.342,62.716,65.462,66.836,68.056,64.699,61.647,56.307,52.797,48.372,43.336,39.216,36.47,32.96,31.281,30.519,31.129,33.57,37.843,39.216,39.674,35.707,33.113,30.671,30.213,29.908,32.35,34.791,37.996,40.284,43.184,45.473,46.693,46.541,46.846,44.252,45.32,43.336,43.031,41.81,40.437,38.759,37.69,36.317,35.249,33.418,29.756,26.093,23.499,18.159,14.649,10.987,8.8504,4.12,-0.15259,-3.5096,-5.3407,-7.9348,-10.987,-12.36,-12.055,-12.513,-11.444,-11.75,-9.1556,-7.7822,-3.5096,-0.15259,5.0356,6.4089,9.003,13.428,19.227,25.636,31.434,33.57,33.723,34.791,40.437,46.388,53.102,56.764,60.274,59.664,58.443,53.102,50.813,48.83,47.914,45.778,45.473,44.252,45.167,46.388,46.693,45.473,46.999,48.83,53.407,57.375,60.274,59.358,59.053,56.917,52.95,49.287,47.456,46.388,46.541,45.015,44.252,42.268,41.2,39.979,43.336,45.93,48.067,47.609,47.609,48.982,51.576,53.56,53.255,51.424,50.05,48.219,47.456,44.71,43.031,39.979,39.521,38.301,38.148,36.317,36.622,36.164,34.181,30.824,27.314,23.957,21.973,20.905,21.821,22.279,24.72,24.415,24.11,22.279,21.363,20.142,20.447,22.431,25.788,27.467,27.772,26.093,24.415,20.753,18.921,18.921,19.532,18.159,19.532,21.973,27.619,34.333,43.489,50.356,54.476,55.238,54.628,51.881,49.135,44.252,41.047,38.301,38.301,36.47,34.791,31.129,29.145,29.145,30.213,30.824,30.671,29.298,28.687,27.161,26.551,24.11,21.363,16.48,15.412,14.344,13.276,9.9185,3.9674,-2.7467,-8.0874,-12.36,-16.48,-18.616,-16.48,-14.039,-10.376,-9.3081,-7.7822,-6.8667,-3.6622,-2.5941,-1.2207,-3.6622,-8.5452,-12.665,-15.107,-18.006,-18.464,-20.6,-21.973,-24.262,-24.873,-26.093,-26.704,-27.314,-25.636,-21.516,-15.259,-9.4607,-4.2726,-0.30519,1.9837,1.3733,1.3733,-2.8993,-5.9511,-10.681,-13.276,-16.175,-18.464,-22.736,-23.804,-23.347,-22.279,-21.668,-20.295,-21.363,-20.447,-19.074,-16.175,-16.327,-14.649,-14.344,-11.292,-6.5615,-0.61037,5.1881,10.834,15.259,19.074,22.736,29.908,34.028,39.521,43.336,47.609,48.219,50.813,53.255,57.985,60.579,62.563,62.105,61.8,60.732,59.664,57.07,53.407,47.151,44.404,40.132,37.843,37.538,40.132,41.658,41.963,41.81,43.336,42.879,41.2,39.369,42.268,43.031,44.252,42.268,41.047,38.911,42.573,47.609,52.187,54.781,56.764,56.307,54.476,52.187,49.135,43.641,41.505,40.132,40.132,35.859,31.739,24.72,19.532,10.224,0.15259,-11.75,-23.499,-35.096,-46.236,-56.001,-61.037,-64.852,-65.767,-69.124,-68.056,-67.141,-65.767,-66.53,-65.767,-65.615,-65.615,-65.92,-66.988,-70.803,-75.686,-80.416,-82.553,-84.384,-83.621,-82.4,-77.364,-75.991,-75.381,-76.449,-74.313,-72.939,-69.735,-64.089,-56.612,-50.966,-45.473,-40.59,-38.453,-38.911,-39.521,-43.794,-49.898,-56.307,-59.358,-60.427,-62.258,-66.988,-71.261,-76.907,-78.738,-80.416,-79.958,-81.332,-82.4,-84.994,-85.757,-85.452,-85.604,-85.757,-82.858,-79.501,-73.55,-68.361,-65.462,-66.225,-65.004,-64.699,-63.631,-62.868,-59.969,-56.001,-49.44,-42.726,-36.775,-32.655,-29.756,-26.399,-20.6,-18.159,-16.48,-18.159,-18.769,-21.821,-25.33,-30.061,-34.944,-41.047,-44.099,-40.132,-32.655,-26.856,-21.516,-16.938,-11.597,-9.7659,-6.2563,-3.8148,-0.15259,2.4415,7.3244,13.276,19.99,25.025,31.739,37.843,41.658,43.031,47.151,48.067,48.219,46.083,46.388,47.151,48.524,49.745,50.661,49.593,46.541,40.132,35.554,29.756,25.025,20.6,19.379,15.259,15.87,17.09,19.99,22.889,25.941,26.551,25.788,22.889,20.142,16.633,13.733,10.071,9.3081,6.1037,4.5778,1.8311,-0.91556,-6.5615,-10.224,-14.649,-18.006,-21.363,-22.736,-24.567,-26.093,-29.756,-29.45,-31.129,-31.892,-33.723,-33.876,-35.554,-37.538,-42.573,-46.541,-49.898,-53.255,-55.086,-54.17,-54.476,-54.476,-57.07,-57.985,-58.748,-56.459,-57.375,-55.849,-53.56,-49.745,-47.914,-47.151,-45.473,-42.726,-41.047,-39.216,-37.08,-32.502,-30.824,-28.687,-27.772,-26.551,-27.772,-30.519,-34.486,-34.944,-35.859,-35.249,-34.791,-32.197,-32.044,-32.502,-37.08,-42.573,-51.881,-56.612,-62.105,-66.988,-71.718,-76.449,-80.264,-81.332,-78.89,-73.397,-72.481,-71.108,-70.498,-68.209,-67.446,-66.378,-66.378,-65.157,-63.478,-60.274,-60.732,-62.258,-63.631,-64.089,-66.53,-69.124,-74.007,-75.686,-77.364,-74.923,-72.176,-68.361,-64.089,-58.901,-54.781,-52.339,-53.407,-52.644,-51.424,-49.135,-50.203,-50.05,-50.813,-49.593,-48.83,-48.219,-49.135,-46.999,-44.557,-41.963,-40.132,-38.759,-38.148,-35.859,-36.164,-34.791,-32.96,-29.298,-26.551,-23.499,-20.905,-20.295,-21.668,-23.804,-24.415,-25.483,-27.772,-28.535,-28.077,-26.246,-25.483,-23.652,-24.415,-24.567,-23.347,-21.973,-23.194,-24.415,-24.415,-23.652,-24.567,-27.009,-30.366,-31.892,-32.655,-31.587,-34.333,-37.233,-41.353,-44.557,-47.456,-51.424,-55.849,-60.121,-66.988,-72.176,-77.364,-81.332,-87.13,-92.624,-98.575,-100.86,-104.98,-106.66,-107.73,-107.12,-107.43,-109.26,-114.6,-120.24,-122.84,-124.97,-126.96,-128.03,-130.31,-130.01,-130.77,-129.55,-129.25,-128.33,-126.8,-124.97,-122.07,-119.02,-117.8,-116.12,-114.75,-112.77,-111.7,-110.93,-112.31,-112.31,-113.22,-110.48,-109.1,-106.97,-105.44,-103.15,-101.02,-97.201,-92.624,-90.03,-88.046,-84.231,-82.553,-80.264,-82.4,-84.231,-87.741,-87.893,-87.13,-85.299,-83.468,-82.858,-81.332,-76.144,-71.871,-67.293,-65.157,-61.8,-60.121,-55.086,-52.339,-49.44,-45.473,-41.353,-39.064,-37.996,-37.538,-35.707,-34.944,-31.892,-32.502,-32.197,-33.57,-35.096,-37.385,-37.996,-38.453,-36.622,-33.265,-29.908,-26.856,-25.33,-26.399,-26.093,-25.941,-23.041,-21.21,-19.379,-19.532,-19.379,-21.058,-23.499,-25.941,-27.314,-27.924,-28.23,-29.603,-31.129,-32.35,-32.807,-34.181,-34.181,-36.317,-37.69,-38.911,-39.369,-39.827,-42.879,-46.693,-48.83,-51.271,-55.086,-60.274,-65.157,-72.329,-78.127,-82.095,-82.858,-82.705,-82.247,-82.553,-81.79,-81.027,-81.637,-82.858,-82.4,-82.4,-81.027,-80.721,-79.348,-78.28,-75.381,-72.329,-69.582,-67.293,-63.173,-57.985,-53.865,-48.677,-45.778,-44.404,-40.59,-38.453,-35.401,-33.723,-30.366,-28.84,-25.636,-22.584,-18.159,-12.97,-10.224,-6.4089,-2.4415,0.30519,4.2726,8.24,14.344,18.006,21.973,23.804,25.636,26.856,26.551,24.567,23.347,21.973,20.295,18.159,16.175,12.36,10.529,7.477,6.1037,2.2889,-1.2207,-1.5259,-0.76296,1.2207,0.91556,0.15259,-1.2207,-4.2726,-5.4933,-7.477,-8.3926,-9.3081,-9.4607,-9.4607,-8.3926,-7.9348,-7.0193,-6.4089,-3.2044,-1.0681,-1.2207,-1.3733,-2.5941,-8.6978,-12.665,-16.938,-19.227,-21.821,-23.499,-25.788,-29.756,-35.401,-39.216,-42.879,-44.557,-47.609,-52.95,-59.969,-65.767,-71.413,-74.77,-78.89,-81.332,-85.91,-88.656,-90.945,-92.166,-93.387,-94.455,-93.539,-93.234,-92.318,-91.556,-92.929,-94.302,-98.27,-97.812,-97.812,-100.71,-105.59,-109.87,-114.14,-116.12,-116.58,-114.29,-111.85,-108.34,-103.76,-95.065,-88.656,-82.095,-75.381,-66.988,-57.07,-44.557,-31.281,-17.853,-5.0356,9.7659,22.584,36.317,47.456,60.274,71.108,81.027,87.283,93.387,99.185,107.12,114.14,121.92,128.18,133.82,139.01,144.81,148.01,152.59,154.73,157.48,156.56,155.19,152.75,153.2,152.29,151.07,150.61,150.3,150.15,152.59,153.66,155.19,155.19,155.64,152.13,149.08,144.66,141.91,138.55,135.5,130.31,126.19,120.7,115.97,110.78,106.66,100.71,95.37,87.588,83.468,78.89,75.228,69.582,64.394,60.427,59.053,58.443,57.222,55.086,53.407,51.271,51.576,49.898,49.898,48.83,49.135,47.304,46.083,44.862,41.963,37.69,35.096,32.807,29.756,25.636,23.347,20.142,18.921,15.564,13.886,9.7659,7.9348,5.7985,2.5941,-0.76296,-3.6622,-5.7985,-8.0874,-11.292,-12.818,-14.496,-14.039,-15.564,-16.022,-18.159,-19.684,-22.736,-25.178,-28.687,-31.587,-34.791,-36.622,-38.453,-39.827,-42.726,-44.557,-48.83,-51.576,-55.238,-57.222,-59.053,-60.884,-61.647,-62.105,-62.868,-63.326,-65.767,-66.378,-67.141,-65.004,-63.936,-61.037,-59.816,-58.901,-59.053,-58.901,-60.121,-61.495,-62.868,-63.021,-65.004,-65.004,-66.836,-67.446,-68.972,-70.498,-72.634,-74.16,-76.449,-78.127,-81.484,-84.078,-86.978,-89.114,-92.471,-95.065,-97.201,-99.796,-103.46,-106.66,-110.17,-111.85,-115.05,-117.19,-122.53,-126.04,-130.77,-133.98,-138.71,-142.67,-146.64,-150.3,-153.05,-153.97,-156.71,-157.63,-160.22,-160.83,-161.44,-163.58,-166.33,-168.31,-169.84,-170.9,-173.8,-175.33,-178.23,-180.36,-182.35,-183.87,-186.01,-188.6,-190.44,-192.42,-194.71,-196.08,-198.37,-198.68,-200.51,-200.51,-202.49,-204.17,-206.31,-207.37,-207.53,-207.53,-207.53,-207.37,-208.14,-207.53,-208.75,-208.29,-208.59,-209.2,-210.12,-209.51,-208.59,-209.2,-207.98,-207.83,-207.83,-207.98,-208.14,-208.59,-209.66,-209.66,-210.43,-209.97,-210.58,-209.66,-209.51,-208.75,-206.61,-202.34,-196.54,-191.05,-186.01,-180.82,-175.18,-168,-162.51,-157.32,-154.27,-150.3,-145.73,-141.15,-136.57,-132.45,-127.26,-121.62,-115.67,-107.58,-101.63,-94.913,-90.335,-84.841,-79.958,-74.77,-69.735,-66.073,-62.563,-60.427,-58.443,-55.696,-53.865,-51.881,-52.339,-52.339,-54.323,-56.154,-57.68,-58.138,-58.138,-57.68,-55.849,-55.238,-54.17,-52.339,-51.424,-49.593,-49.745,-47.761,-48.372,-46.846,-46.693,-48.372,-49.44,-51.424,-53.255,-56.154,-60.579,-65.615,-73.397,-82.858,-93.844,-105.14,-116.28,-125.13,-133.37,-141.3,-146.49,-150.3,-154.42,-158.85,-165.56,-169.23,-166.94,-154.12,-134.13,-111.7,-87.13,-61.647,-41.658,-21.668,5.9511,39.064,64.852,85.299,93.844,93.844,81.484,64.852,56.764,65.31,92.471,130.01,168.16,204.32,221.56,216.22,203.56,206.31,222.33,246.89,281.23,319.22,338.3,333.72,329.29,337.38,339.06,329.75,318.92,300.76,255.9,200.05,151.22,118.41,108.04,119.94,132.45,117.95,79.501,44.404,15.717,14.496,46.541,78.127,84.689,83.468,79.043,50.05,2.4415,-24.415,-18.921,0.15259,15.107,25.025,21.21,5.4933,-11.75,-21.668,-31.281,-40.284,-44.252,-44.71,-49.135,-53.102,-50.356,-35.554,-15.87,-0,7.6296,13.276,15.564,13.276,1.6785,-8.3926,-16.327,-20.753,-18.616,-13.733,-8.8504,-1.2207,1.3733,0.15259,-8.0874,-23.652,-39.674,-49.745,-44.71,-27.009,-3.2044,32.35,58.901,66.53,57.527,48.677,46.999,53.255,66.836,92.166,115.05,131.84,140.08,149.24,157.48,168.46,180.97,192.72,201.42,207.37,209.36,209.2,199.9,190.44,185.09,184.64,186.01,187.84,192.72,199.44,201.27,196.23,184.94,173.65,164.19,161.29,156.1,146.18,132.3,117.8,100.56,82.095,62.105,43.489,25.483,14.801,7.9348,3.9674,1.0681,-0.91556,-3.6622,-10.681,-21.516,-33.265,-48.83,-59.358,-65.615,-66.225,-60.732,-50.966,-43.336,-41.353,-45.32,-51.271,-63.021,-72.939,-80.874,-87.436,-89.724,-86.52,-79.806,-74.618,-72.939,-69.887,-67.904,-63.936,-58.596,-52.339,-47.456,-40.59,-36.622,-33.876,-34.639,-32.96,-27.009,-24.72,-25.636,-28.23,-32.96,-38.606,-37.538,-27.619,-14.496,1.5259,20.142,40.59,55.544,63.631,61.495,51.118,36.012,23.804,14.191,5.7985,-3.357,-11.139,-20.905,-30.366,-39.369,-44.099,-46.693,-45.167,-43.031,-41.047,-39.521,-35.401,-30.976,-32.197,-39.979,-51.118,-65.767,-78.89,-86.062,-87.436,-90.793,-96.133,-96.438,-90.182,-83.773,-73.244,-63.173,-57.833,-58.596,-65.92,-74.923,-85.91,-99.796,-115.67,-134.74,-145.73,-142.67,-129.25,-116.58,-107.73,-103.76,-97.659,-88.198,-79.043,-75.228,-77.822,-85.299,-96.744,-111.55,-124.67,-139.77,-150.61,-160.68,-167.85,-171.97,-171.82,-168.31,-161.6,-155.8,-152.59,-149.69,-148.17,-148.93,-148.63,-149.24,-149.24,-150.46,-149.69,-148.01,-147.1,-147.1,-148.63,-148.01,-144.2,-139.77,-134.43,-131.23,-126.65,-122.68,-118.11,-112.31,-106.51,-99.948,-92.776,-86.367,-79.958,-74.007,-66.836,-62.258,-55.238,-48.677,-39.521,-32.502,-23.194,-12.818,-1.6785,9.1556,20.905,33.57,47.761,60.121,74.77,86.673,99.643,111.55,124.21,136.42,148.63,159,169.68,179.45,190.13,198.52,209.81,219.73,231.64,241.4,251.78,262.61,274.06,283.06,293.28,301.98,312.51,321.67,331.58,339.52,349.44,357.68,366.68,374.46,382.24,389.72,396.74,404.22,412.31,420.24,427.87,434.74,441.3,445.27,449.84,452.89,456.25,457.01,459.76,462.05,465.1,468.31,472.43,476.7,481.28,483.26,486.92,489.67,494.71,496.38,498.83,499.44,501.57,501.57,501.57,500.66,499.74,498.06,495.62,491.81,489.36,486.47,486.77,486.92,488.75,488.75,488.75,488.6,489.06,489.67,489.82,488.6,488.91,488.6,488.75,487.99,488.45,486.47,483.41,478.38,474.72,471.51,469.53,468.31,466.48,464.19,462.2,459.61,457.78,452.44,448.32,443.74,441.45,438.4,436.41,433.82,430.92,427.26,425.28,422.68,420.24,418.26,417.34,415.51,414.44,411.24,408.34,405.29,403,401.32,399.79,397.05,394.3,390.64,387.43,384.53,382.09,378.43,376.29,374,373.39,371.41,370.04,369.58,368.66,368.97,371.26,372.02,373.24,373.24,372.78,371.11,370.04,368.05,366.37,363.93,362.56,361.03,361.64,362.25,361.95,361.95,361.64,360.58,358.13,354.78,353.25,351.57,351.88,350.66,351.42,349.59,347.15,344.1,341.96,339.52,339.06,337.53,333.87,330.06,327.16,321.97,316.93,310.68,305.19,299.84,297.4,293.89,289.32,286.26,283.06,278.63,275.12,270.85,267.65,264.75,262.61,257.58,255.44,252.54,250.86,248.42,245.06,240.79,238.04,235.3,232.09,226.6,223.09,218.97,215,210.43,208.44,206.76,203.71,202.49,201.73,198.68,196.39,193.95,192.88,190.13,187.54,184.33,182.35,178.99,176.85,174.41,171.06,169.23,169.38,169.53,171.67,172.58,173.96,173.65,173.8,171.82,169.84,166.02,161.9,157.63,152.75,148.78,146.03,144.2,143.59,142.52,140.84,138.1,137.33,135.35,133.67,131.84,130.47,130.62,131.08,131.38,132.15,133.06,132.45,132.15,133.82,133.98,135.65,135.35,136.42,135.2,136.11,135.65,136.11,136.42,137.18,138.55,141,143.13,143.44,140.54,137.33,130.31,125.28,121.16,117.04,110.63,104.98,101.32,100.1,99.185,98.117,96.133,93.997,93.234,93.844,91.861,90.64,88.351,85.604,80.416,76.296,72.481,70.956,70.803,69.43,66.378,61.8,56.154,50.966,47.304,43.794,37.843,32.502,25.941,22.126,18.464,16.938,15.717,15.107,14.954,15.412,14.954,13.733,14.039,16.48,18.921,22.736,25.178,27.161,27.924,28.993,30.061,30.213,30.213,30.366,29.603,28.84,27.314,25.483,23.041,22.126,21.668,21.363,20.142,20.447,18.616,15.564,11.444,7.477,4.7304,2.4415,-0.45778,-4.12,-9.6133,-12.665,-15.87,-15.87,-14.954,-11.444,-9.4607,-8.24,-8.3926,-8.8504,-8.5452,-7.1718,-7.0193,-7.9348,-10.376,-12.818,-16.48,-18.464,-21.21,-20.905,-22.279,-20.753,-21.668,-23.194,-24.415,-25.33,-26.399,-27.467,-28.077,-28.077,-27.161,-24.72,-23.194,-19.684,-18.311,-16.938,-18.769,-21.668,-24.873,-29.145,-32.044,-34.944,-39.674,-44.557,-49.287,-52.95,-56.917,-60.274,-64.699,-68.209,-72.939,-75.533,-81.79,-88.046,-94.76,-98.422,-102.54,-107.43,-116.58,-125.74,-132.76,-135.65,-137.64,-137.79,-137.64,-136.42,-138.4,-137.49,-137.79,-137.03,-137.33,-138.25,-140.69,-141.91,-141.3,-139.47,-138.86,-137.18,-138.55,-139.01,-141.3,-139.62,-138.1,-136.27,-136.42,-135.65,-138.1,-139.62,-141.91,-142.83,-142.52,-139.47,-139.32,-140.23,-142.83,-142.67,-141,-138.71,-141,-144.05,-149.24,-155.8,-164.04,-171.97,-179.45,-184.48,-189.83,-194.25,-197.61,-198.52,-202.49,-203.1,-205.39,-205.24,-206.46,-207.83,-213.78,-215,-215.92,-215.31,-216.83,-217.9,-218.67,-217.9,-219.28,-217.44,-218.05,-216.83,-216.83,-215.46,-215,-212.56,-212.41,-211.49,-209.66,-209.2,-211.04,-213.48,-215.16,-215.92,-217.29,-214.24,-213.63,-215.31,-218.67,-221.26,-225.68,-229.96,-232.86,-233.16,-232.7,-232.7,-233.77,-232.86,-231.94,-229.65,-227.36,-225.38,-225.53,-226.91,-230.87,-232.7,-234.38,-233.62,-229.8,-222.33,-215.46,-208.9,-203.41,-198.68,-195.62,-190.89,-186.47,-181.13,-179.45,-179.3,-178.69,-175.33,-171.36,-166.78,-163.27,-164.04,-167.24,-168.46,-169.38,-168.46,-170.45,-173.04,-177.47,-182.35,-188.3,-193.64,-198.07,-200.66,-200.51,-197.45,-195.47,-192.57,-193.33,-194.71,-198.37,-198.83,-199.13,-198.83,-200.51,-202.49,-202.8,-203.56,-204.63,-205.85,-211.34,-215.31,-222.02,-226.14,-231.94,-237.59,-242.77,-245.06,-248.73,-254.37,-261.85,-267.19,-273.14,-275.43,-279.09,-281.69,-284.74,-285.81,-289.01,-290.23,-288.71,-286.11,-284.74,-285.04,-285.35,-282.45,-281.38,-277.72,-272.99,-266.43,-260.02,-253.76,-250.56,-247.51,-245.06,-243.39,-243.69,-243.23,-243.54,-241.71,-242.32,-241.71,-243.69,-244.3,-244.15,-241.55,-238.35,-232.86,-226.14,-219.12,-214.7,-209.66,-206.61,-202.64,-203.1,-203.71,-204.17,-202.95,-201.12,-198.07,-196.69,-194.25,-189.06,-184.33,-183.11,-179.14,-177.31,-174.41,-173.8,-170.29,-164.34,-158.24,-153.97,-151.07,-150.15,-147.56,-145.12,-139.62,-135.2,-129.09,-124.21,-117.19,-110.17,-102.54,-95.828,-91.098,-88.504,-84.078,-79.348,-72.176,-66.53,-57.985,-52.492,-44.557,-37.538,-30.061,-25.636,-21.058,-16.785,-13.123,-11.292,-10.529,-10.224,-9.9185,-11.902,-13.733,-14.801,-15.107,-16.327,-16.48,-15.87,-14.191,-12.513,-11.292,-11.902,-12.818,-13.428,-10.529,-8.3926,-6.7141,-4.2726,-0.61037,1.9837,3.2044,4.2726,5.9511,7.6296,10.376,14.801,18.616,19.379,19.074,16.785,14.649,10.987,8.6978,7.1718,5.3407,4.12,3.9674,3.9674,4.883,5.0356,5.3407,3.6622,3.6622,3.357,2.7467,2.7467,1.6785,2.1363,4.7304,7.1718,7.6296,7.7822,8.24,7.3244,7.3244,5.1881,2.2889,-0.91556,-1.8311,-1.9837,-1.2207,-0.76296,-0,0.61037,2.2889,2.8993,6.5615,8.8504,10.834,12.513,14.039,15.87,19.074,23.347,29.45,33.876,38.148,41.047,46.388,49.745,53.865,58.138,62.105,64.547,67.446,69.582,71.718,70.65,69.735,64.852,60.884,54.323,50.05,43.336,39.064,34.486,28.687,21.668,13.886,7.9348,3.9674,-1.0681,-5.0356,-10.834,-14.039,-17.701,-19.227,-21.821,-22.431,-23.347,-22.889,-22.584,-19.532,-16.175,-13.428,-11.75,-8.6978,-8.3926,-5.4933,-0.76296,6.5615,11.444,16.785,20.447,23.957,28.077,32.655,37.233,42.116,44.557,47.914,50.356,55.544,58.596,61.037,61.8,63.936,65.462,67.293,69.124,72.329,73.397,72.634,68.361,63.631,54.476,47.914,41.353,39.064,35.554,35.096,32.35,32.044,33.876,36.775,41.353,45.93,45.473,43.947,41.047,40.59,37.538,37.843,37.538,39.064,38.301,40.284,39.979,40.895,41.963,43.641,46.083,48.524,50.05,52.797,56.764,60.274,63.173,66.378,68.056,69.887,69.582,70.65,68.819,66.683,64.394,63.173,61.8,61.953,61.037,60.121,59.358,60.274,59.358,58.748,55.544,52.187,47.761,45.778,42.421,39.521,36.012,33.418,31.892,29.756,28.077,26.856,25.025,23.194,21.668,22.889,22.736,23.957,22.584,21.21,17.548,16.175,15.717,16.175,15.259,14.344,12.665,12.513,11.597,12.207,12.36,14.954,15.412,16.327,14.801,13.276,10.376,8.5452,5.3407,3.5096,1.6785,0.91556,-0.76296,-1.5259,-2.4415,-1.6785,-1.9837,-0.30519,0.61037,2.4415,3.8148,7.0193,8.5452,10.834,10.834,10.529,10.224,9.6133,10.071,10.376,11.597,13.886,16.48,20.447,25.025,31.281,35.554,40.895,43.031,47.456,51.576,56.307,59.206,60.884,61.495,63.631,65.767,66.683,65.157,65.462,64.699,64.547,63.326,64.699,63.936,64.241,64.241,65.157,65.767,66.378,66.53,67.141,63.478,61.647,59.206,56.001,50.356,46.388,39.369,34.181,28.23,24.873,18.311,13.581,8.5452,0.45778,-10.071,-18.464,-25.483,-33.265,-42.268,-48.982,-55.086,-57.985,-61.8,-65.462,-70.345,-72.176,-75.381,-78.585,-81.027,-84.078,-87.13,-88.809,-90.487,-91.403,-91.708,-86.825,-82.247,-77.212,-73.244,-68.667,-65.157,-60.579,-56.917,-53.56,-48.982,-43.184,-36.775,-30.366,-24.873,-18.006,-12.818,-6.7141,-3.5096,1.8311,4.5778,8.3926,10.071,13.276,16.327,17.853,18.159,19.99,19.684,19.837,18.921,20.295,21.363,25.483,27.772,28.535,27.467,27.924,26.704,26.246,24.11,21.821,19.684,18.616,18.311,19.227,19.074,21.058,22.126,22.126,16.938,13.886,9.003,5.9511,2.2889,1.3733,0.76296,1.2207,1.0681,0.91556,0.61037,0.61037,0.61037,4.5778,7.3244,12.818,16.022,20.753,23.804,28.993,32.35,37.385,41.353,46.236,51.576,58.596,62.41,67.141,70.345,74.465,74.923,79.043,82.553,86.215,88.809,90.335,90.487,90.182,88.809,86.673,83.926,82.247,78.127,75.991,70.498,67.751,63.784,61.342,58.443,59.053,57.68,56.612,52.95,50.356,47.151,44.71,42.268,41.963,40.742,40.437,38.453,37.843,35.096,32.807,29.145,26.399,21.973,17.853,13.886,11.597,8.5452,6.5615,4.12,5.1881,2.7467,1.0681,-3.357,-4.883,-7.6296,-9.3081,-9.9185,-10.987,-12.513,-11.75,-9.7659,-9.4607,-9.7659,-8.6978,-9.7659,-10.681,-13.581,-14.191,-16.327,-17.09,-19.532,-19.837,-19.684,-17.09,-17.243,-18.006,-19.379,-19.684,-21.668,-23.194,-25.941,-26.246,-29.45,-30.366,-32.655,-33.723,-36.927,-37.996,-39.674,-40.284,-41.047,-39.979,-37.996,-34.944,-33.723,-32.96,-33.113,-29.603,-28.687,-28.687,-31.281,-32.197,-34.333,-37.69,-41.505,-43.184,-42.421,-41.353,-39.064,-34.791,-30.976,-25.788,-23.194,-18.159,-16.022,-12.97,-10.071,-6.8667,-3.8148,-1.2207,-0.15259,0.30519,-0.61037,-1.0681,-2.8993,-5.0356,-7.0193,-6.8667,-8.3926,-8.24,-8.3926,-7.9348,-9.003,-8.24,-6.8667,-6.5615,-7.1718,-4.7304,-2.7467,-1.0681,-1.0681,-0.15259,-3.2044,-5.3407,-9.1556,-12.207,-19.837,-25.178,-30.519,-35.554,-41.353,-45.167,-47.151,-46.236,-47.914,-48.982,-49.898,-49.44,-50.203,-49.745,-52.187,-54.323,-57.07,-58.901,-62.868,-66.073,-69.124,-72.329,-75.076,-76.601,-79.348,-81.027,-86.673,-90.03,-93.081,-95.218,-99.796,-103,-103.92,-103.15,-102.85,-103.31,-104.37,-104.53,-105.29,-104.37,-104.68,-103.31,-104.53,-102.69,-102.85,-104.22,-105.75,-104.53,-101.78,-97.049,-95.218,-91.861,-90.64,-86.673,-82.095,-79.501,-83.621,-85.91,-86.978,-86.215,-84.841,-82.247,-80.416,-79.348,-79.958,-80.721,-84.384,-85.452,-88.504,-86.825,-86.062,-84.994,-84.536,-83.316,-81.484,-76.754,-73.855,-68.819,-66.836,-66.683,-68.972,-69.124,-69.124,-65.767,-61.953,-57.985,-54.323,-51.118,-47.914,-45.015,-43.641,-41.81,-41.658,-41.81,-46.083,-47.151,-50.661,-52.492,-54.323,-52.797,-51.881,-50.356,-48.524,-47.304,-48.067,-47.914,-46.083,-42.116,-39.216,-36.164,-33.876,-27.009,-22.126,-15.717,-9.4607,-3.2044,1.9837,8.3926,13.276,17.396,18.769,22.126,26.093,30.824,33.723,38.301,39.827,42.726,44.404,48.219,50.813,53.713,55.391,56.764,57.222,57.833,54.933,55.086,52.644,50.966,48.83,48.83,46.083,43.489,39.979,39.827,41.963,45.778,48.067,51.118,50.966,51.118,49.287,50.203,47.914,48.067,46.846,48.524,49.287,50.508,50.508,51.271,50.966,52.187,52.644,53.407,52.797,53.713,53.407,54.17,52.492,51.271,47.456,46.999,45.625,45.167,43.489,43.031,40.895,39.979,38.606,39.674,38.911,39.216,38.606,40.284,39.674,39.521,38.759,38.759,36.927,35.554,33.723,32.35,29.603,27.772,26.399,27.314,26.551,26.399,22.584,21.668,19.227,18.159,15.717,14.039,11.902,11.292,12.36,12.97,12.818,15.564,16.327,18.921,17.853,15.564,10.987,6.8667,2.4415,0.15259,-0,-0.30519,-2.2889,-4.7304,-8.0874,-11.597,-18.616,-24.873,-35.249,-40.895,-44.557,-45.473,-45.473,-44.557,-47.914,-52.644,-58.443,-61.953,-64.394,-63.631,-61.495,-58.443,-57.833,-56.154,-56.154,-54.781,-55.849,-54.323,-50.661,-41.963,-30.213,-16.938,-8.3926,-1.5259,0.45778,2.5941,0.15259,0.45778,1.5259,6.5615,10.987,15.87,18.311,23.499,29.45,33.723,35.249,37.385,38.453,44.404,49.898,56.459,58.901,60.884,59.206,55.391,49.593,47.914,47.456,49.287,51.576,56.154,60.121,62.563,59.816,55.544,47.761,40.284,35.096,31.587,25.178,17.396,9.9185,3.9674,-3.2044,-6.7141,-9.3081,-8.8504,-10.376,-13.581,-22.584,-31.281,-42.421,-49.593,-54.628,-59.206,-61.647,-61.647,-62.716,-64.394,-69.124,-75.076,-80.569,-83.163,-88.961,-92.929,-96.896,-95.218,-92.624,-89.724,-86.978,-85.604,-85.91,-86.673,-87.283,-87.588,-89.724,-89.114,-87.283,-83.316,-81.637,-78.127,-78.585,-79.348,-81.027,-81.79,-81.637,-80.264,-79.958,-77.822,-75.991,-73.244,-71.413,-70.345,-70.956,-68.819,-68.209,-66.225,-63.936,-62.41,-61.647,-60.274,-58.901,-54.323,-48.677,-41.81,-37.843,-31.129,-27.161,-21.668,-19.074,-15.717,-13.123,-8.8504,-5.6459,-1.9837,0.91556,3.357,4.12,7.477,9.1556,12.36,13.886,15.107,15.107,14.496,13.276,12.207,12.36,14.039,16.938,20.753,23.957,27.924,30.061,33.876,36.775,40.284,43.031,46.693,50.203,54.628,58.901,61.647,63.173,65.31,65.31,65.767,65.004,66.836,68.514,70.498,72.024,74.923,76.754,77.975,79.653,83.316,86.062,88.351,90.182,94.913,97.659,101.63,102.54,104.83,103.92,105.9,107.58,109.41,112.31,117.04,119.94,121.46,120.4,120.24,118.41,117.5,116.28,114.29,111.09,109.56,109.26,110.32,111.39,111.09,110.93,111.24,109.71,111.24,111.85,112.16,110.48,108.65,107.27,106.81,104.37,102.54,99.033,95.523,93.081,92.013,88.809,86.978,82.858,79.958,74.465,68.361,62.563,58.596,56.001,55.544,55.086,54.781,52.797,54.476,54.476,56.612,56.917,57.527,57.527,58.901,57.68,56.307,54.476,53.56,52.339,54.018,53.102,52.95,51.576,52.034,52.034,53.407,55.544,57.833,59.969,60.732,61.495,60.732,59.969,62.258,63.631,63.326,59.816,58.748,59.206,60.732,59.206,56.459,56.307,58.29,58.29,58.443,59.664,60.579,61.037,65.92,68.361,70.04,68.209,67.904,62.868,58.596,54.323,51.118,45.167,39.979,33.723,26.093,18.616,13.886,8.0874,2.4415,-6.4089,-15.259,-26.399,-34.791,-42.726,-48.067,-53.407,-61.19,-70.193,-79.348,-88.046,-93.387,-97.354,-100.1,-103.76,-106.05,-107.58,-106.97,-106.97,-107.58,-109.87,-111.55,-113.38,-115.05,-117.95,-120.7,-122.53,-122.07,-122.23,-123.29,-126.35,-126.8,-128.48,-130.47,-133.82,-135.81,-135.96,-135.35,-135.81,-136.72,-139.01,-141.76,-143.59,-142.67,-143.74,-145.73,-147.1,-149.08,-153.05,-157.17,-163.12,-167.7,-170.75,-174.87,-179.91,-185.55,-190.59,-193.64,-195.93,-198.68,-201.73,-204.02,-209.66,-216.83,-223.09,-224.77,-228.13,-233.31,-236.52,-241.25,-248.12,-256.2,-264.44,-272.07,-280.47,-284.74,-288.25,-289.32,-291.91,-291.45,-292.67,-290.84,-287.48,-284.59,-281.38,-278.63,-277.11,-274.36,-271.46,-269.78,-268.11,-265.05,-262.92,-257.12,-250.86,-243.54,-237.89,-232.4,-224.62,-216.83,-208.14,-200.66,-193.64,-186.47,-180.67,-173.19,-166.94,-157.63,-149.08,-139.62,-130.77,-121.62,-113.22,-105.9,-99.338,-92.929,-86.978,-79.958,-72.787,-65.92,-61.953,-58.443,-56.764,-53.865,-52.644,-49.745,-48.524,-46.846,-45.625,-45.015,-45.015,-43.336,-43.031,-43.031,-44.252,-43.489,-41.353,-37.69,-34.181,-28.23,-23.652,-21.21,-21.21,-23.347,-25.788,-27.924,-32.35,-34.639,-38.606,-41.505,-49.135,-54.933,-60.884,-60.884,-58.901,-57.07,-55.391,-53.102,-48.372,-40.742,-35.096,-28.535,-24.72,-20.142,-16.633,-11.444,-7.0193,-2.7467,0.30519,4.4252,8.8504,15.259,22.584,28.382,30.976,33.113,32.96,34.639,35.249,39.216,44.557,52.034,59.358,65.462,68.972,72.634,74.16,74.16,72.787,72.024,68.819,66.073,61.19,60.274,57.07,54.018,48.677,43.031,37.538,32.197,26.704,21.363,16.938,14.649,11.597,11.597,11.597,12.97,12.97,13.733,14.039,14.039,14.801,16.633,17.701,19.379,22.431,25.788,25.636,26.551,26.399,27.314,25.788,26.704,25.788,26.856,28.23,30.366,32.197,34.639,36.622,39.369,41.505,46.541,50.966,57.375,63.326,71.261,76.754,81.942,85.604,88.961,91.556,95.218,98.422,101.63,104.37,109.41,110.93,113.38,115.36,117.34,117.65,120.09,121.46,123.91,125.89,126.35,125.89,127.11,127.72,129.4,128.18,128.03,127.57,129.7,130.31,131.53,129.25,127.87,125.58,123.91,122.68,122.07,121.77,122.23,121.77,123.91,123.75,128.18,132.3,140.08,144.96,148.78,153.05,157.32,159.92,162.97,168.16,175.02,181.13,186.47,191.2,195.62,199.44,204.02,205.54,207.37,207.37,207.07,207.37,207.83,204.47,201.27,197.61,197.76,197.91,198.22,198.68,200.35,200.81,202.64,202.8,202.64,200.35,197,193.03,189.67,186.47,186.77,186.62,187.08,186.16,183.87,177.47,171.97,165.11,158.39,149.08,141.76,135.81,130.16,123.6,115.97,106.97,100.71,92.624,85.91,79.043,74.618,69.124,63.936,58.748,55.086,52.95,50.203,43.336,40.284,37.233,35.249,28.993,25.788,23.804,22.736,18.769,13.123,6.5615,-0,-8.5452,-15.107,-21.058,-25.788,-33.876,-42.116,-49.287,-54.018,-54.781,-52.95,-50.203,-46.388,-41.505,-33.418,-27.619,-20.753,-16.938,-14.649,-15.412,-15.412,-14.344,-15.87,-18.311,-20.447,-22.736,-22.584,-26.093,-32.044,-41.2,-50.203,-59.664,-66.225,-71.718,-75.838,-78.585,-78.585,-78.433,-79.806,-84.536,-86.673,-89.877,-89.267,-88.504,-85.147,-83.468,-80.874,-76.754,-71.413,-67.293,-64.699,-64.547,-64.089,-65.615,-64.241,-63.936,-62.105,-63.326,-64.852,-68.667,-70.04,-71.718,-71.871,-72.939,-75.686,-77.975,-77.364,-76.907,-74.618,-73.702,-71.718,-74.16,-77.212,-82.095,-87.741,-92.471,-92.471,-89.724,-85.91,-84.231,-82.4,-81.179,-78.433,-78.433,-76.907,-76.144,-74.77,-75.991,-79.348,-81.637,-82.858,-88.656,-96.286,-103.92,-110.93,-117.95,-124.97,-134.89,-144.05,-152.13,-156.87,-162.51,-164.95,-166.17,-165.87,-164.04,-161.14,-159,-155.49,-153.81,-151.07,-147.71,-142.83,-136.72,-128.33,-123.6,-119.17,-115.21,-111.24,-106.66,-101.47,-96.438,-89.114,-81.79,-73.55,-67.141,-60.579,-58.29,-55.544,-55.238,-56.001,-57.527,-57.833,-55.238,-50.966,-47.456,-41.047,-31.892,-22.736,-16.327,-11.444,-11.444,-14.344,-20.142,-23.652,-27.314,-26.856,-25.941,-24.262,-21.516,-19.684,-22.279,-24.567,-26.246,-25.788,-25.025,-20.295,-14.801,-5.7985,-0,8.3926,17.853,26.246,32.044,38.453,45.32,51.118,54.018,56.154,56.764,57.833,58.138,60.579,59.816,61.495,59.969,57.527,54.933,52.339,48.219,45.167,42.421,39.979,36.775,31.892,25.788,22.584,16.785,9.4607,1.3733,-4.4252,-12.055,-18.006,-22.584,-25.178,-25.33,-22.889,-19.379,-15.259,-10.071,-6.4089,-5.7985,-5.7985,-6.1037,-3.5096,-1.8311,0.15259,1.3733,3.9674,5.9511,6.5615,5.3407,3.6622,-0.30519,-3.5096,-7.477,-9.7659,-12.665,-16.633,-22.431,-26.246,-32.807,-40.437,-50.203,-56.764,-61.953,-63.784,-64.089,-62.41,-60.121,-56.307,-51.729,-46.083,-42.879,-39.064,-36.622,-30.824,-28.077,-26.856,-26.551,-23.652,-20.905,-16.938,-12.36,-9.1556,-6.1037,-4.4252,-5.1881,-4.7304,-5.6459,-5.0356,-5.6459,-5.9511,-6.4089,-5.7985,-5.7985,-3.6622,-2.5941,-2.5941,-2.5941,-1.5259,-2.5941,-3.8148,-5.3407,-5.3407,-6.5615,-5.7985,-6.8667,-8.6978,-13.733,-16.327,-20.295,-23.499,-28.687,-32.35,-35.401,-37.385,-38.911,-38.606,-39.216,-40.895,-44.404,-47.151,-52.187,-56.459,-60.274,-61.342,-59.969,-56.764,-52.95,-50.813,-50.356,-52.187,-54.018,-54.17,-55.086,-52.797,-50.356,-46.541,-46.388,-44.557,-45.32,-46.388,-47.914,-47.609,-45.778,-44.404,-41.505,-38.148,-34.639,-31.434,-29.603,-29.145,-31.587,-31.281,-32.044,-32.502,-33.265,-30.671,-28.23,-24.72,-21.363,-16.938,-13.276,-10.224,-7.7822,-3.5096,-0.45778,3.0519,7.0193,13.428,15.412,17.701,17.243,18.006,18.311,20.905,21.821,21.058,18.464,15.87,14.191,13.428,12.513,13.276,11.902,12.207,11.444,11.139,10.071,9.1556,7.9348,9.3081,11.292,14.344,16.785,20.905,25.483,28.077,31.281,37.233,41.047,46.388,50.356,55.086,59.358,63.478,66.683,70.803,74.16,78.28,81.332,83.621,84.384,88.198,90.487,93.234,93.081,92.624,88.656,84.689,80.569,77.059,73.244,68.514,63.326,60.274,61.342,63.478,64.394,66.836,69.124,74.77,77.212,81.942,86.215,91.556,93.997,94.913,95.981,98.88,100.25,101.47,104.07,107.58,110.63,115.51,118.72,121.92,120.24,120.09,118.56,120.4,123.14,127.41,129.55,129.7,124.06,116.58,109.87,106.97,103.15,100.25,95.523,93.387,92.166,93.844,95.218,97.354,97.049,94.607,91.098,88.504,84.231,79.501,71.718,66.53,61.19,57.222,51.576,47.914,44.71,44.71,44.557,42.879,41.963,41.505,40.59,42.116,45.167,49.135,50.966,53.713,55.544,56.612,54.781,52.339,48.067,46.846,47.304,50.966,52.95,53.407,52.797,51.576,48.067,47.914,48.83,52.644,55.238,57.07,56.459,56.764,57.375,59.206,62.716,67.446,68.667,66.225,60.579,53.255,46.388,42.116,37.538,34.181,27.314,22.126,15.564,12.055,9.1556,7.1718,3.0519,0.30519,-2.7467,-5.0356,-7.6296,-6.2563,-5.1881,-3.8148,-6.2563,-8.24,-13.123,-15.564,-15.412,-13.886,-13.581,-11.75,-10.376,-8.6978,-7.477,-5.7985,-7.6296,-7.0193,-9.3081,-10.987,-17.853,-22.431,-30.061,-34.333,-37.08,-35.401,-34.944,-34.486,-36.927,-39.674,-44.71,-45.93,-49.745,-53.102,-58.748,-62.258,-68.056,-69.887,-72.329,-74.313,-77.059,-77.212,-77.517,-75.991,-75.533,-73.397,-72.176,-67.904,-64.394,-58.29,-55.849,-54.781,-55.544,-54.323,-52.644,-50.661,-48.982,-46.541,-46.083,-44.099,-42.268,-40.437,-37.843,-33.265,-29.145,-23.957,-18.311,-13.123,-9.7659,-7.3244,-6.7141,-4.5778,-5.3407,-5.6459,-5.3407,-2.4415,-1.2207,1.2207,4.7304,7.3244,9.7659,13.581,13.886,14.039,11.902,10.834,7.6296,6.2563,0.91556,-5.3407,-9.3081,-9.3081,-9.1556,-9.6133,-12.36,-15.412,-18.769,-18.159,-18.921,-19.99,-21.973,-19.99,-18.311,-17.243,-16.785,-16.633,-17.548,-17.548,-18.921,-19.379,-19.837,-19.379,-18.464,-16.48,-15.107,-11.292,-10.376,-8.5452,-8.3926,-7.6296,-7.6296,-9.6133,-12.97,-17.09,-21.516,-22.736,-23.041,-22.279,-21.668,-20.905,-20.753,-17.09,-15.87,-15.412,-18.006,-21.21,-23.499,-24.415,-25.636,-26.856,-27.467,-27.009,-28.077,-30.519,-34.944,-37.538,-43.184,-46.083,-50.356,-53.713,-60.274,-65.767,-72.329,-80.569,-88.351,-96.744,-105.59,-113.22,-119.63,-123.6,-131.08,-136.57,-143.74,-149.85,-154.27,-155.49,-158.24,-160.53,-160.83,-162.66,-164.49,-166.33,-170.14,-173.65,-178.08,-181.74,-187.08,-189.98,-192.27,-191.05,-190.74,-189.52,-190.89,-192.88,-197.76,-202.64,-205.54,-208.59,-211.49,-211.8,-213.02,-216.68,-223.85,-228.74,-235.3,-239.88,-244.91,-248.27,-247.96,-241.25,-232.86,-222.79,-213.02,-205.54,-200.2,-187.23,-168.31,-143.13,-117.95,-94.302,-72.634,-49.745,-26.551,-5.4933,16.938,40.132,58.596,74.313,90.335,105.59,118.41,131.08,141,153.66,164.04,173.19,180.06,185.71,189.52,191.35,191.66,191.2,189.21,185.25,177.92,170.6,159.92,149.69,136.11,121.92,106.36,92.776,79.806,68.361,58.596,50.661,43.947,36.47,29.908,25.636,20.6,15.412,7.6296,0.91556,-5.6459,-11.292,-19.379,-25.941,-31.281,-36.012,-42.421,-49.135,-56.917,-62.716,-66.378,-68.819,-72.634,-76.144,-80.569,-83.163,-86.52,-88.504,-92.471,-95.218,-97.812,-99.948,-101.63,-103.31,-104.98,-105.9,-106.36,-106.81,-106.81,-105.44,-104.83,-102.24,-101.02,-98.27,-95.828,-92.318,-86.825,-79.806,-72.329,-64.394,-56.459,-46.846,-39.216,-31.129,-25.636,-18.006,-11.139,-3.5096,3.357,11.139,17.548,21.973,26.246,30.366,33.876,37.08,38.453,39.979,39.369,40.132,39.979,42.116,42.573,44.404,47.304,49.593,51.881,53.865,54.17,54.933,56.154,58.596,60.579,63.936,67.446,72.939,78.127,83.926,87.588,90.487,93.692,98.117,101.93,105.44,108.49,112.46,114.14,117.95,121.16,126.5,129.4,132.3,134.28,138.55,141.76,144.96,146.79,148.17,147.71,148.17,147.86,149.39,148.47,148.93,148.63,151.37,152.13,153.97,152.9,153.36,154.27,156.56,157.78,159.61,159.92,162.82,162.66,164.8,163.73,163.88,160.83,158.85,155.34,151.68,147.1,143.13,138.4,134.43,130.47,128.33,125.28,123.91,120.55,116.73,110.17,106.2,100.41,95.523,90.793,86.367,81.942,77.975,74.313,73.244,72.634,74.16,73.092,72.634,68.514,67.141,64.699,63.021,62.563,64.089,63.784,62.563,61.953,63.936,64.699,67.446,67.904,69.43,68.361,68.209,65.92,66.683,65.31,63.631,63.021,62.563,61.19,59.206,54.018,48.83,42.879,39.064,32.807,29.145,24.72,21.21,15.87,10.834,6.5615,3.0519,-1.6785,-5.0356,-7.9348,-8.5452,-12.207,-15.717,-20.447,-23.652,-31.434,-37.08,-39.979,-41.047,-44.099,-48.524,-52.644,-54.781,-57.07,-57.375,-59.358,-60.121,-62.105,-65.004,-70.345,-73.092,-75.991,-77.975,-79.653,-82.705,-82.553,-82.553,-82.247,-80.874,-80.874,-80.416,-80.111,-79.806,-80.416,-78.127,-76.754,-74.923,-74.465,-74.923,-74.77,-74.77,-73.092,-69.735,-64.852,-57.222,-53.407,-50.508,-49.745,-48.219,-50.203,-49.898,-52.187,-53.713,-54.933,-54.476,-54.323,-52.797,-50.966,-49.898,-50.661,-49.593,-49.44,-45.015,-41.81,-38.759,-37.233,-35.096,-33.723,-32.655,-29.298,-23.194,-16.48,-7.7822,2.8993,15.107,23.957,31.739,34.333,40.437,45.32,50.661,52.797,53.865,52.339,50.661,46.541,43.489,41.658,42.116,43.184,46.693,48.524,50.813,49.44,46.693,40.59,36.775,33.418,32.96,32.655,33.265,33.723,36.317,38.301,42.268,42.268,43.184,41.658,38.911,34.944,31.739,27.314,23.957,19.532,17.09,15.259,13.581,11.75,11.597,12.055,12.97,9.4607,6.8667,3.0519,0.15259,-4.12,-7.0193,-9.7659,-11.444,-14.801,-17.853,-18.159,-18.311,-22.279,-24.72,-27.772,-28.077,-29.603,-28.84,-29.45,-29.908,-32.502,-37.996,-43.489,-44.404,-44.862,-43.336,-40.437,-37.385,-34.944,-30.519,-28.077,-24.873,-24.415,-24.11,-26.551,-26.093,-22.279,-15.87,-6.4089,2.8993,7.7822,11.292,13.581,16.175,17.09,19.379,22.279,27.467,30.519,33.723,36.317,41.353,45.93,50.05,54.018,58.596,61.647,65.004,66.53,68.819,69.43,71.108,72.329,74.77,71.871,69.887,66.683,64.394,62.258,63.478,63.326,63.478,61.495,60.884,57.68,56.001,50.508,45.015,39.216,35.096,27.924,21.516,13.733,8.24,2.7467,-0.45778,-2.1363,-3.0519,-4.4252,-5.4933,-8.0874,-9.003,-9.1556,-8.0874,-8.3926,-6.7141,-6.8667,-8.8504,-12.207,-12.97,-15.259,-18.769,-23.652,-27.467,-31.892,-33.418,-34.639,-35.554,-38.759,-39.979,-42.726,-44.252,-45.015,-45.625,-48.067,-47.304,-46.693,-47.304,-52.187,-56.307,-63.631,-70.345,-79.501,-83.926,-86.673,-84.689,-84.841,-86.215,-90.945,-97.354,-100.1,-101.02,-102.24,-100.71,-99.948,-99.033,-100.25,-99.796,-101.47,-100.25,-98.422,-94.455,-88.504,-84.689,-81.179,-77.67,-77.67,-78.89,-79.806,-76.754,-74.923,-72.787,-73.244,-72.481,-73.55,-70.498,-67.598,-63.631,-57.222,-51.118,-47.761,-45.778,-43.031,-39.521,-39.064,-38.911,-40.59,-39.064,-36.012,-30.976,-25.025,-17.396,-12.36,-8.0874,-2.8993,2.4415,6.7141,10.529,13.123,19.684,26.246,35.096,38.606,44.404,50.661,57.833,63.173,66.225,67.751,70.498,73.702,75.381,74.465,72.481,69.124,68.056,67.904,68.972,66.073,64.241,62.258,62.868,58.901,54.933,48.83,42.421,35.707,30.519,25.483,22.126,15.564,10.224,4.4252,-0.91556,-7.6296,-12.97,-17.396,-20.905,-21.973,-22.736,-22.889,-25.025,-30.213,-33.57,-38.148,-41.353,-46.846,-51.729,-57.375,-59.206,-58.596,-58.443,-62.41,-69.124,-74.313,-77.822,-80.264,-81.179,-83.01,-83.926,-87.893,-91.098,-93.844,-94.76,-97.659,-99.643,-103,-106.97,-111.55,-116.58,-120.85,-123.29,-125.13,-124.97,-127.26,-127.87,-128.79,-128.18,-127.87,-125.43,-123.29,-122.23,-120.4,-117.65,-114.75,-111.09,-107.27,-102.69,-98.575,-93.539,-90.03,-84.841,-81.179,-75.991,-70.803,-64.699,-59.511,-52.95,-46.999,-39.369,-32.044,-25.33,-18.921,-10.071,-1.9837,5.9511,12.055,17.701,21.973,28.382,33.723,39.521,44.252,48.83,52.644,55.544,55.238,55.696,56.001,58.596,59.664,62.716,65.004,68.972,71.108,72.634,73.702,74.923,75.533,76.907,75.076,74.007,72.939,74.465,73.244,72.939,73.397,74.313,74.465,75.838,78.127,79.958,79.806,80.416,80.264,80.569,79.653,81.027,80.264,78.738,75.686,76.296,77.212,77.975,77.059,75.991,74.465,73.092,71.566,71.566,70.193,68.819,66.073,64.852,64.089,65.462,65.157,64.241,61.953,60.579,58.901,56.459,53.865,52.339,47.456,42.726,38.301,38.759,40.132,42.268,43.641,44.252,44.099,43.794,42.268,40.284,37.843,38.301,37.996,38.606,37.843,37.08,34.791,33.876,34.181,35.249,34.791,33.57,32.807,31.587,31.281,32.655,34.791,39.521,42.726,45.778,47.151,47.609,45.32,44.557,43.336,42.116,40.895,40.132,39.369,39.521,38.606,37.996,36.317,37.385,36.775,37.996,37.538,39.674,39.674,38.759,37.538,36.775,36.927,37.538,39.521,43.641,46.236,50.05,51.271,54.476,54.323,54.018,51.881,52.187,52.644,53.407,53.56,54.018,53.56,51.576,48.524,45.778,41.505,38.759,34.791,33.723,31.281,30.213,29.145,29.756,29.45,28.84,28.382,28.687,28.687,28.382,29.908,34.639,36.164,37.385,37.385,39.521,38.606,40.895,42.879,45.473,47.151,48.372,47.914,46.083,42.268,40.59,37.08,35.096,30.519,29.756,27.772,24.72,21.21,20.447,20.905,21.058,21.668,23.804,25.33,25.178,26.093,32.197,37.233,44.862,49.593,55.391,60.121,67.446,74.313,79.653,82.4,87.741,93.234,99.796,103.61,108.49,107.58,107.12,106.51,109.26,109.41,110.48,109.1,108.8,105.75,100.71,92.929,89.114,86.062,80.874,75.991,74.007,68.667,62.716,56.001,53.56,50.508,47.914,44.099,40.895,37.69,34.944,34.639,35.096,32.807,30.519,25.33,19.379,12.513,7.7822,3.357,-0.15259,-6.1037,-11.139,-17.396,-22.736,-28.23,-33.113,-37.996,-40.895,-44.099,-47.609,-52.339,-57.07,-65.462,-70.193,-72.024,-69.277,-66.988,-65.462,-66.836,-67.293,-67.598,-67.141,-66.836,-65.615,-64.852,-61.8,-61.8,-61.342,-61.8,-60.121,-59.664,-59.664,-60.427,-61.8,-63.478,-64.547,-66.683,-70.345,-74.465,-75.381,-78.28,-77.059,-74.313,-68.667,-67.446,-66.683,-65.31,-63.326,-64.394,-64.241,-64.394,-65.767,-68.361,-70.803,-72.176,-70.498,-69.43,-66.836,-65.767,-64.852,-65.157,-65.004,-64.089,-61.8,-59.816,-58.29,-56.307,-52.187,-46.846,-40.59,-36.775,-33.265,-32.96,-31.892,-30.671,-26.856,-22.126,-16.633,-12.665,-9.4607,-6.5615,-5.1881,-5.3407,-4.7304,-0.61037,7.3244,13.886,20.295,22.736,23.804,21.973,20.905,18.616,16.022,12.97,12.207,12.97,12.207,11.444,13.428,12.97,13.733,14.496,18.616,17.548,14.801,8.8504,6.4089,7.6296,9.7659,13.581,19.684,25.483,30.671,34.944,41.505,44.404,47.151,48.372,51.729,52.187,54.018,56.307,58.901,58.443,61.342,62.868,65.615,69.43,76.144,81.027,84.994,84.994,85.604,81.637,76.907,68.972,60.121,50.203,44.557,41.505,40.437,37.996,36.317,32.197,30.213,27.924,27.924,26.704,26.246,23.347,23.804,24.262,26.551,28.84,32.35,35.707,39.827,43.336,48.677,52.797,58.901,62.868,67.293,69.43,73.244,76.601,81.332,83.926,87.436,90.335,93.997,97.201,101.63,103,107.12,109.56,114.44,116.12,119.94,121.01,123.6,127.11,132.6,136.42,140.39,142.37,145.57,149.24,154.58,158.7,164.95,171.36,178.69,184.94,192.88,199.9,207.22,212.41,217.44,222.94,229.19,235.15,241.71,246.74,253.61,259.25,266.73,271.92,278.48,282.45,288.4,293.89,298.93,302.74,305.8,306.41,305.19,303.51,301.68,298.93,298.01,296.33,295.72,293.59,291.6,287.94,284.43,281.38,278.94,275.89,272.53,269.33,267.49,266.12,266.27,265.36,265.66,263.83,264.9,265.66,266.27,265.97,267.19,269.94,272.38,272.84,272.99,272.99,276.35,276.8,276.65,273.29,271,266.73,261.85,257.73,252.85,247.51,243.69,238.96,233.31,227.36,220.34,213.02,208.9,202.19,196.69,189.52,181.43,172.89,165.72,158.09,150.3,142.06,134.13,125.13,116.89,110.32,106.2,100.41,95.065,88.809,85.757,80.264,73.397,64.547,57.375,51.729,46.999,40.437,33.723,25.178,19.99,14.344,9.1556,1.5259,-3.2044,-7.1718,-8.5452,-10.987,-13.733,-18.159,-23.041,-27.924,-34.944,-43.184,-51.576,-60.579,-67.293,-76.601,-83.316,-92.776,-98.88,-104.53,-111.09,-120.24,-128.79,-137.79,-149.24,-160.99,-170.9,-183.26,-192.72,-202.34,-208.9,-217.44,-223.4,-225.23,-224.77,-224.01,-224.46,-225.53,-227.82,-231.79,-234.69,-240.49,-246.89,-253.15,-254.83,-256.97,-255.75,-254.68,-254.83,-255.75,-256.05,-257.42,-255.9,-254.37,-253.61,-254.83,-254.37,-256.05,-255.13,-252.24,-248.57,-246.59,-243.54,-242.93,-242.32,-240.49,-238.04,-235.3,-231.94,-228.74,-224.92,-221.56,-217.29,-214.85,-210.43,-208.29,-204.02,-200.2,-196.23,-193.18,-190.59,-189.06,-189.06,-190.13,-190.44,-191.96,-191.5,-191.81,-190.89,-191.5,-191.2,-192.11,-193.49,-194.1,-193.95,-193.95,-191.96,-189.06,-186.01,-185.25,-181.43,-181.59,-181.43,-180.21,-178.23,-178.38,-178.53,-179.3,-180.21,-180.36,-178.69,-176.09,-173.5,-170.9,-166.02,-162.82,-158.09,-157.02,-156.25,-157.48,-158.85,-162.51,-167.55,-173.65,-179.3,-185.09,-187.54,-186.16,-183.42,-183.11,-182.2,-182.35,-180.06,-176.4,-174.26,-174.26,-174.57,-175.18,-174.72,-173.96,-173.35,-173.5,-172.73,-171.82,-169.38,-169.07,-166.33,-163.43,-159.76,-158.85,-158.24,-157.78,-157.48,-158.85,-157.78,-156.71,-153.97,-153.2,-152.59,-152.13,-148.01,-145.57,-143.13,-142.37,-142.52,-143.59,-143.44,-142.83,-139.32,-135.65,-130.47,-126.65,-121.92,-118.26,-113.22,-108.95,-103.15,-99.338,-96.591,-94.913,-92.318,-89.114,-85.91,-84.231,-83.01,-84.078,-84.384,-86.52,-86.062,-86.062,-85.452,-86.215,-86.062,-87.588,-87.283,-85.91,-81.637,-77.364,-74.16,-72.634,-67.446,-62.41,-56.917,-54.17,-51.118,-47.914,-40.742,-34.028,-25.788,-18.006,-9.7659,-2.7467,4.7304,11.75,16.327,18.006,18.464,16.327,16.175,15.564,15.87,14.191,15.412,17.396,17.853,16.938,16.327,14.039,11.139,8.0874,6.8667,5.3407,5.3407,4.12,5.6459,5.3407,7.9348,9.7659,13.886,16.785,20.295,24.873,28.993,33.418,37.538,40.132,44.252,47.304,51.271,55.086,61.495,65.157,69.582,74.007,79.196,83.621,88.351,94.455,100.25,103.76,107.73,110.48,114.29,117.8,122.07,124.52,129.55,134.74,139.16,142.22,145.42,147.71,149.39,150.15,152.29,152.75,154.58,156.25,159.31,161.14,164.95,168.46,171.36,170.75,169.38,167.85,165.72,162.97,162.51,161.75,161.9,161.9,164.65,166.48,169.84,172.58,173.96,173.35,171.36,169.23,168.46,168.31,170.29,169.53,168.92,166.63,166.33,164.8,163.88,162.21,160.53,157.48,155.34,152.59,148.63,141.45,134.43,127.41,122.99,118.72,115.05,109.56,105.9,100.25,93.539,87.13,81.027,75.533,72.634,72.481,75.533,75.838,76.449,76.296,76.601,73.397,71.718,69.887,70.498,73.244,78.89,82.095,81.027,75.381,69.582,61.037,55.086,45.625,39.369,32.96,29.45,27.772,27.009,23.041,14.649,4.7304,-5.1881,-15.564,-23.499,-27.924,-27.772,-28.993,-31.587,-37.843,-44.71,-52.339,-53.255,-50.508,-43.947,-37.08,-28.993,-22.736,-17.548,-17.396,-16.633,-16.48,-12.513,-6.8667,1.2207,5.6459,7.477,0.61037,-13.276,-22.584,-24.415,-19.532,-10.529,0.45778,7.7822,-0.76296,-12.665,-21.973,-24.873,-23.499,-9.7659,9.003,19.99,18.616,8.6978,-0.45778,-8.6978,-16.175,-17.396,-14.496,-9.003,-5.1881,-1.2207,0.15259,0.91556,-0.30519,-4.4252,-11.597,-17.243,-17.701,-13.123,-7.3244,0.45778,4.2726,6.2563,1.0681,-2.4415,-8.8504,-9.9185,-8.5452,-4.7304,-0.61037,5.3407,7.3244,3.0519,-6.1037,-13.886,-23.499,-33.265,-44.404,-53.865,-64.547,-69.277,-73.397,-80.569,-91.403,-98.575,-103.46,-105.59,-107.73,-109.41,-115.05,-121.31,-127.57,-127.72,-125.89,-122.53,-124.52,-130.16,-138.4,-151.07,-167.09,-177.77,-182.65,-186.47,-190.44,-191.81,-193.79,-194.86,-197.3,-197.15,-198.52,-202.03,-205.69,-209.66,-213.78,-216.99,-217.9,-216.99,-217.29,-219.12,-224.01,-229.19,-236.98,-244,-251.93,-256.36,-258.95,-259.56,-258.95,-258.64,-260.32,-263.22,-265.82,-268.72,-271.77,-272.99,-274.51,-272.84,-272.23,-269.02,-265.21,-259.56,-252.54,-248.27,-244.61,-240.79,-237.43,-233.62,-232.55,-232.25,-233.01,-232.25,-231.64,-230.41,-229.04,-228.13,-227.06,-225.53,-224.01,-223.09,-223.7,-223.55,-227.82,-230.87,-234.08,-234.69,-236.98,-238.35,-238.96,-241.25,-243.54,-246.59,-250.1,-253.3,-254.07,-249.95,-245.06,-239.42,-235.76,-230.57,-227.36,-223.09,-218.21,-213.63,-209.05,-204.17,-199.9,-195.32,-192.42,-189.83,-188.91,-186.77,-184.64,-183.11,-181.43,-178.23,-174.57,-170.9,-165.72,-160.68,-154.58,-146.64,-139.01,-130.77,-124.36,-115.82,-109.56,-103.46,-96.133,-89.419,-82.705,-75.381,-66.836,-57.833,-50.813,-43.184,-35.859,-27.467,-20.295,-11.444,-0.45778,9.7659,20.753,30.824,41.505,51.271,59.206,65.767,70.345,76.296,82.095,89.114,95.676,101.32,108.04,115.05,121.77,127.57,132.45,137.18,140.84,145.42,148.93,152.59,156.71,161.29,166.94,171.67,176.24,180.82,184.94,189.37,193.03,198.22,201.57,205.85,210.58,215.46,218.97,222.48,225.68,229.04,232.7,236.06,240.18,244.45,247.35,250.56,253.46,256.2,260.17,262.76,264.75,267.95,270.24,274.36,276.96,282.14,288.71,296.03,303.35,309.92,316.02,321.36,324.87,328.84,330.06,331.13,329.6,329.29,326.85,325.33,323.65,319.07,315.41,310.98,306.25,301.37,295.27,290.84,285.04,282.45,279.7,276.5,272.99,268.87,265.51,263.22,259.56,256.2,253.3,251.78,250.25,249.49,245.83,242.16,240.49,238.65,236.37,234.23,231.79,229.5,226.14,223.7,220.34,218.51,213.48,209.66,204.02,198.22,191.96,186.77,181.74,177.62,174.41,170.29,164.19,159,151.98,148.47,145.12,143.89,140.84,137.33,135.04,133.37,131.08,127.72,123.45,121.31,118.56,117.19,114.44,113.22,109.87,108.34,107.27,106.36,104.22,103,102.54,103.92,106.66,110.17,110.02,110.17,109.26,106.51,100.86,96.896,94.607,93.081,92.624,93.234,92.624,87.741,80.721,76.144,73.397,74.16,74.313,78.28,82.095,83.316,83.773,83.316,84.231,84.994,86.215,92.318,97.201,101.63,103.46,105.29,106.36,108.49,108.65,108.49,109.26,112,115.51,118.11,116.73,112.77,106.81,103.46,98.727,96.591,92.776,89.724,86.825,84.536,81.179,77.67,73.55,71.413,68.209,65.004,59.511,54.933,51.729,52.492,52.187,53.102,51.118,44.71,36.164,25.941,14.496,4.7304,-2.4415,-3.6622,-4.2726,-4.4252,-7.6296,-8.5452,-7.0193,-3.9674,-3.357,-5.1881,-8.5452,-11.597,-13.886,-13.581,-12.97,-11.139,-9.7659,-4.5778,-0.61037,2.5941,4.2726,9.003,12.207,14.496,19.99,27.009,31.129,35.249,36.317,35.096,29.298,25.33,21.973,19.379,11.292,2.4415,-3.6622,-8.24,-10.681,-13.428,-18.006,-23.499,-30.213,-37.538,-48.677,-58.443,-69.43,-77.059,-82.858,-85.604,-87.283,-88.046,-87.283,-84.231,-82.247,-81.942,-85.604,-87.741,-89.419,-90.487,-92.318,-92.471,-94.455,-97.659,-101.93,-105.9,-108.95,-110.78,-111.7,-112.46,-113.83,-116.43,-119.02,-119.94,-122.53,-122.99,-123.29,-122.84,-124.06,-125.13,-125.13,-123.29,-119.94,-115.36,-110.32,-105.59,-100.25,-94.15,-90.03,-85.299,-81.484,-77.822,-75.686,-72.329,-69.124,-65.92,-62.105,-57.527,-53.713,-49.44,-47.151,-46.083,-47.914,-49.287,-51.576,-52.492,-55.849,-59.816,-64.089,-67.751,-69.277,-70.65,-72.634,-74.465,-79.196,-83.926,-91.861,-98.117,-104.07,-108.65,-113.83,-118.56,-124.36,-130.77,-137.64,-143.74,-148.17,-151.83,-156.71,-162.21,-165.56,-165.41,-167.39,-169.38,-168.92,-164.95,-153.36,-131.23,-101.02,-71.566,-49.287,-32.35,-17.396,-8.3926,-5.0356,0.30519,9.003,25.178,42.573,54.018,57.222,54.628,44.862,31.587,20.905,15.564,13.428,8.8504,1.8311,-2.2889,-9.003,-16.022,-24.873,-32.502,-40.284,-46.388,-51.576,-58.29,-64.089,-66.683,-68.514,-70.803,-74.77,-78.28,-81.942,-83.926,-86.062,-89.419,-96.286,-103.92,-113.38,-122.84,-130.47,-132.15,-128.48,-119.63,-104.98,-88.504,-76.907,-73.855,-83.01,-95.523,-109.1,-119.17,-124.67,-123.6,-116.89,-110.93,-107.73,-105.75,-105.44,-105.14,-104.68,-100.86,-96.438,-91.403,-88.046,-85.91,-84.994,-87.436,-87.741,-87.436,-86.367,-85.757,-86.215,-83.316,-81.179,-77.059,-74.007,-72.939,-71.566,-71.871,-73.55,-72.939,-72.024,-71.261,-70.193,-67.293,-64.852,-60.884,-59.206,-58.29,-58.443,-59.969,-61.342,-63.326,-64.089,-62.105,-59.206,-58.29,-57.375,-56.764,-55.696,-53.407,-54.018,-55.086,-58.29,-59.664,-60.274,-59.969,-57.222,-53.713,-49.135,-46.083,-43.641,-41.353,-42.879,-42.726,-43.489,-45.167,-45.778,-45.93,-45.32,-43.489,-41.505,-39.827,-38.911,-36.775,-35.096,-34.333,-36.164,-36.775,-36.775,-36.927,-36.47,-36.775,-37.538,-37.385,-37.385,-36.317,-33.876,-28.535,-25.483,-22.889,-19.99,-16.938,-16.633,-16.022,-17.548,-18.769,-19.532,-20.6,-23.041,-25.941,-28.23,-31.129,-34.944,-36.164,-36.622,-34.791,-34.181,-32.96,-33.723,-33.418,-32.655,-31.281,-28.382,-25.025,-21.821,-18.311,-16.175,-12.36,-7.477,-2.8993,-0.61037,2.1363,3.5096,5.6459,5.7985,3.6622,1.6785,-2.1363,-6.4089,-8.8504,-11.444,-12.513,-13.733,-12.513,-11.75,-9.1556,-7.3244,-2.8993,2.1363,7.0193,11.75,17.701,23.347,26.856,27.772,28.535,27.161,27.161,26.246,27.161,27.009,28.535,28.077,26.246,23.499,21.363,18.311,15.87,13.428,12.055,10.224,10.529,10.224,11.75,11.75,13.428,12.97,12.818,11.75,8.6978,6.8667,7.477,7.1718,7.477,7.1718,9.9185,12.818,16.785,18.311,19.684,20.295,19.684,15.87,16.022,16.633,16.48,16.938,17.396,17.548,18.769,19.074,21.058,24.11,28.993,35.096,43.031,49.135,54.781,59.816,63.326,64.089,64.394,64.089,64.241,66.836,72.024,74.77,77.975,79.348,79.653,77.517,77.212,75.686,72.634,69.887,69.43,70.498,74.77,80.111,84.536,85.299,85.604,81.637,76.754,71.718,70.803,70.803,71.871,74.007,77.517,82.705,88.961,94.607,99.643,103.46,108.34,113.53,121.46,127.41,134.89,141.15,146.79,147.71,148.63,152.9,159.15,165.11,170.45,172.58,175.18,174.41,174.72,173.35,174.72,172.12,167.09,159.92,153.05,147.71,146.18,146.64,149.54,152.13,154.12,154.58,155.64,155.34,154.42,152.44,152.75,150.76,150,148.78,146.64,144.51,144.05,144.2,146.79,147.86,146.49,140.39,137.33,131.38,127.26,124.06,123.91,125.13,126.96,127.57,127.57,125.89,124.97,123.14,122.68,119.17,114.6,108.95,105.14,100.71,98.117,94.76,89.572,81.484,73.702,68.056,64.852,60.732,57.68,53.865,50.356,45.32,40.132,36.622,36.012,37.08,38.759,39.674,38.911,39.979,42.879,43.031,43.031,41.505,42.573,40.742,41.047,41.047,40.742,38.911,39.369,37.233,34.028,30.824,28.23,25.788,25.025,21.516,19.837,14.039,8.24,2.8993,2.1363,-1.0681,-4.7304,-8.6978,-12.97,-15.564,-14.801,-12.97,-10.224,-7.0193,-4.883,-6.4089,-9.7659,-14.649,-16.022,-19.684,-22.889,-28.687,-30.671,-31.434,-30.976,-29.908,-29.145,-27.161,-23.347,-20.753,-18.006,-17.243,-14.191,-11.597,-9.003,-7.6296,-8.24,-11.139,-15.107,-18.311,-19.532,-17.396,-14.039,-10.376,-7.6296,-6.7141,-7.3244,-11.902,-14.649,-15.564,-13.733,-13.123,-12.36,-10.834,-9.4607,-7.0193,-4.12,-2.8993,-4.7304,-10.224,-15.717,-19.074,-21.21,-24.72,-28.535,-33.265,-39.369,-45.473,-50.966,-57.07,-61.495,-63.173,-64.394,-68.361,-74.007,-81.332,-88.046,-94.76,-100.41,-105.9,-110.93,-115.51,-119.02,-119.79,-119.48,-117.95,-115.67,-115.51,-115.97,-118.11,-118.72,-120.09,-121.31,-121.77,-122.53,-121.31,-117.19,-113.83,-112.16,-112.31,-111.24,-109.1,-106.66,-106.51,-102.85,-98.117,-93.081,-90.182,-87.741,-85.757,-84.384,-82.553,-80.111,-79.501,-79.653,-80.264,-78.28,-79.653,-81.942,-85.757,-87.283,-87.893,-87.13,-86.062,-84.384,-83.773,-86.52,-91.098,-92.166,-96.286,-99.338,-101.32,-99.796,-99.49,-99.338,-100.56,-103.31,-106.51,-110.93,-117.04,-123.29,-127.72,-131.23,-137.18,-142.06,-146.49,-149.08,-151.98,-151.98,-150.91,-147.1,-139.01,-128.18,-117.95,-107.27,-98.117,-86.978,-77.212,-66.378,-59.816,-53.713,-50.05,-46.846,-39.674,-29.298,-19.379,-10.376,-6.8667,-5.7985,-10.071,-12.513,-17.243,-20.447,-26.246,-28.535,-31.739,-36.775,-44.404,-51.881,-60.274,-69.582,-82.095,-92.013,-99.796,-104.22,-107.12,-107.58,-108.8,-109.41,-110.17,-111.24,-112,-112.77,-113.22,-110.63,-110.32,-108.04,-108.65,-106.81,-105.14,-102.69,-99.338,-94.76,-92.013,-86.978,-83.01,-79.196,-79.043,-78.433,-80.569,-81.484,-81.79,-81.484,-80.111,-74.007,-65.92,-58.443,-56.001,-54.17,-51.118,-47.914,-45.473,-41.658,-39.827,-37.69,-36.775,-36.47,-36.164,-34.181,-34.333,-32.655,-32.96,-32.96,-35.401,-36.775,-38.301,-37.996,-38.301,-38.301,-41.658,-41.658,-42.726,-42.421,-41.505,-39.674,-38.148,-35.401,-33.113,-28.382,-25.483,-21.973,-17.396,-10.681,-2.7467,3.5096,5.3407,7.3244,7.3244,7.0193,3.5096,1.8311,0.91556,-0.30519,-1.5259,0.61037,0.91556,3.5096,5.3407,7.1718,8.24,9.003,9.6133,13.886,16.327,21.363,26.093,31.129,35.859,41.81,45.167,49.135,49.287,50.356,50.356,51.576,53.255,55.086,54.933,56.917,59.664,63.478,66.378,66.683,66.53,69.887,71.261,73.55,75.228,77.67,78.738,79.653,80.264,81.942,82.4,84.231,86.673,87.893,89.114,88.809,88.046,87.283,85.299,85.299,85.604,85.299,83.926,81.942,79.196,78.585,77.212,77.212,76.449,75.686,75.533,75.838,75.076,75.381,74.618,75.838,78.28,81.484,83.468,87.741,90.487,96.286,101.47,107.12,112.61,117.04,120.4,123.45,128.03,133.52,136.57,141.15,144.35,146.03,148.32,150,149.39,150.76,151.98,153.36,155.19,157.17,158.39,158.85,158.39,158.39,156.1,155.03,153.05,151.68,150.46,149.24,147.4,147.56,146.95,145.73,142.22,137.79,131.84,126.19,119.17,111.7,102.24,92.013,83.01,77.975,71.718,66.378,61.647,59.053,56.001,52.492,48.982,46.846,46.388,46.236,42.573,40.284,37.996,37.233,37.996,39.979,41.963,40.742,39.521,39.521,38.148,36.927,34.791,33.113,29.298,24.567,20.447,16.633,15.717,14.801,12.207,8.0874,1.6785,-2.8993,-8.24,-13.123,-19.379,-23.652,-27.314,-29.45,-29.298,-29.145,-30.366,-30.976,-33.57,-34.791,-36.317,-36.622,-38.301,-37.843,-38.759,-41.2,-46.236,-50.356,-53.255,-56.001,-58.901,-61.19,-65.92,-69.735,-73.55,-74.313,-77.517,-80.111,-85.757,-91.25,-96.133,-97.507,-98.575,-98.117,-96.438,-93.692,-94.607,-96.438,-99.796,-99.948,-100.71,-100.71,-104.68,-106.36,-106.66,-105.59,-103.46,-101.78,-104.22,-110.02,-117.65,-124.97,-133.67,-135.5,-131.23,-122.38,-108.49,-84.231,-67.751,-66.378,-76.144,-77.822,-46.541,12.818,78.738,134.89,150.76,123.14,98.117,103.76,150.15,247.81,350.2,425.73,472.73,472.43,421,382.7,379.04,385.45,388.2,377.67,346.54,305.34,262.15,225.23,188.45,151.52,109.56,67.446,28.535,-0.30519,-25.178,-46.083,-59.511,-66.378,-74.16,-81.179,-92.013,-104.37,-118.72,-125.13,-130.92,-141.91,-155.95,-168.61,-182.04,-193.18,-204.93,-216.07,-226.14,-233.77,-237.89,-241.1,-244.3,-246.74,-248.73,-248.42,-249.18,-246.89,-242.77,-237.13,-229.35,-216.07,-200.96,-187.23,-177.92,-171.67,-167.85,-164.19,-159.31,-154.58,-152.9,-151.68,-150.3,-143.74,-136.42,-128.94,-124.67,-119.48,-113.99,-107.12,-100.71,-96.744,-95.523,-93.387,-94.455,-95.218,-99.338,-101.78,-104.22,-102.85,-103,-101.32,-100.56,-101.47,-105.14,-107.12,-107.58,-104.53,-99.796,-93.997,-89.572,-83.316,-76.449,-66.988,-60.884,-55.391,-50.813,-45.778,-41.047,-34.791,-28.077,-20.447,-15.107,-7.7822,-4.7304,-3.2044,-4.4252,-3.5096,-4.7304,-5.0356,-5.7985,-5.3407,-7.3244,-9.6133,-12.665,-15.564,-19.379,-21.668,-26.856,-30.213,-35.401,-38.606,-42.573,-44.404,-47.151,-51.118,-54.933,-58.138,-60.121,-61.19,-63.173,-63.784,-65.462,-65.31,-66.836,-66.683,-68.361,-67.446,-68.361,-69.124,-70.345,-69.887,-69.735,-69.735,-69.887,-70.193,-72.176,-70.956,-71.718,-71.261,-71.566,-71.413,-74.007,-74.313,-74.465,-73.397,-72.939,-72.634,-72.939,-73.55,-75.991,-76.601,-78.28,-77.975,-79.043,-79.653,-81.027,-81.79,-83.316,-84.536,-86.825,-89.877,-94.15,-97.354,-100.25,-101.78,-106.05,-108.19,-112.77,-115.67,-119.63,-122.38,-125.74,-130.16,-135.2,-140.69,-146.18,-151.22,-157.02,-162.66,-168.92,-174.11,-180.52,-186.16,-192.72,-197.45,-203.41,-207.37,-211.19,-215.61,-220.04,-224.46,-227.82,-231.64,-235.6,-238.04,-242.01,-244.61,-247.81,-249.03,-250.86,-252.39,-253.46,-255.59,-256.2,-256.36,-256.66,-256.36,-256.51,-255.75,-256.51,-254.83,-254.37,-253.15,-252.54,-250.86,-249.18,-246.89,-245.22,-243.08,-241.25,-240.49,-239.88,-238.96,-239.11,-236.37,-234.84,-232.09,-230.41,-228.43,-228.43,-226.91,-225.99,-225.99,-225.07,-223.85,-222.33,-220.34,-219.28,-218.21,-217.9,-215.77,-215.16,-213.32,-212.56,-211.8,-210.58,-209.05,-205.69,-202.49,-199.9,-196.69,-195.01,-192.11,-189.06,-184.48,-179.6,-174.57,-171.51,-167.85,-164.04,-160.99,-157.93,-155.19,-151.37,-147.71,-144.81,-139.77,-137.18,-131.84,-127.11,-121.16,-115.36,-110.17,-106.81,-103.31,-99.49,-96.744,-93.539,-90.945,-88.656,-86.062,-85.147,-82.247,-79.196,-76.601,-75.686,-73.55,-73.702,-73.702,-72.024,-69.124,-66.988,-65.004,-63.173,-62.258,-61.647,-59.969,-57.985,-55.696,-54.018,-52.492,-50.966,-48.677,-44.252,-40.437,-38.759,-37.08,-33.418,-29.45,-25.788,-20.6,-17.09,-12.207,-8.6978,-4.5778,-1.5259,2.8993,7.7822,12.36,17.853,21.973,26.093,29.45,30.976,32.502,33.265,36.164,37.996,42.421,45.625,50.05,53.865,56.917,59.358,62.716,67.446,73.244,79.043,84.994,89.572,96.438,101.93,108.19,113.99,119.79,125.13,129.7,134.13,138.4,142.37,146.95,151.07,154.73,155.64,156.87,156.25,157.63,157.78,160.07,161.75,161.6,160.22,158.7,157.32,156.1,153.81,152.29,149.39,148.17,146.03,144.81,141.76,140.39,138.71,137.33,135.65,135.35,133.82,132.6,131.84,132.15,131.38,133.52,136.42,141.61,145.88,151.52,158.24,163.73,166.94,170.14,177.16,186.32,194.1,203.1,209.97,214.55,219.89,230.26,240.03,248.88,255.9,263.07,267.34,269.94,274.97,277.87,275.28,269.63,265.36,262.61,259.87,258.03,252.24,247.05,241.55,238.5,235.45,233.92,235.15,232.86,229.5,230.11,232.25,233.47,230.11,225.84,221.26,223.4,222.63,218.05,214.24,215.16,218.36,221.72,225.07,228.43,230.41,234.69,237.28,238.96,237.89,236.98,231.33,225.38,217.6,212.56,205.69,200.96,196.08,191.81,188.3,189.37,189.83,192.72,194.25,201.12,206.46,214.55,219.58,220.95,218.36,218.36,222.48,228.28,232.4,236.37,239.57,241.71,243.69,248.73,251.78,254.83,252.85,252.39,251.63,253.3,252.69,250.71,246.74,243.23,236.37,233.16,233.92,237.13,233.62,229.5,225.68,225.99,222.17,215.92,207.22,198.07,186.62,175.18,164.49,154.42,144.81,135.81,124.97,112.46,97.507,85.452,72.939,60.884,46.388,34.791,25.33,16.022,6.4089,-3.5096,-15.564,-26.093,-37.233,-42.573,-48.83,-54.018,-57.527,-57.68,-59.664,-59.358,-59.358,-56.764,-52.034,-48.524,-46.083,-41.2,-33.723,-23.957,-14.191,-1.0681,7.6296,18.006,24.567,29.298,31.587,36.775,41.505,49.593,57.07,62.716,65.767,69.43,69.735,72.176,71.108,70.498,69.887,72.329,70.65,68.514,64.547,63.784,62.563,61.953,59.816,57.833,55.238,52.339,45.93,40.284,30.213,23.347,16.785,14.954,13.428,13.276,9.3081,4.5778,-0.45778,-6.2563,-15.717,-24.567,-34.333,-42.726,-50.508,-54.781,-59.358,-60.884,-62.563,-62.868,-63.936,-64.699,-65.615,-67.751,-70.498,-70.04,-69.43,-67.141,-66.378,-63.936,-62.105,-59.053,-59.816,-62.258,-65.615,-65.92,-64.241,-61.647,-57.07,-50.05,-43.031,-39.369,-41.353,-45.015,-52.034,-57.07,-61.647,-60.884,-57.833,-51.271,-46.999,-42.421,-37.996,-31.434,-27.009,-25.025,-26.093,-27.314,-29.908,-28.993,-28.535,-24.11,-19.837,-17.243,-17.243,-19.074,-21.21,-20.295,-15.87,-10.071,-5.4933,-4.2726,-8.24,-13.886,-19.074,-22.889,-27.009,-26.856,-28.077,-28.077,-30.519,-32.502,-34.639,-36.164,-37.385,-38.148,-39.216,-39.216,-38.301,-35.249,-32.807,-30.366,-32.655,-33.418,-34.944,-34.333,-35.096,-35.401,-34.791,-35.096,-34.181,-28.84,-22.889,-16.48,-9.3081,-1.8311,1.8311,5.4933,5.7985,7.6296,8.8504,12.207,14.649,19.99,24.72,27.924,32.35,35.096,36.012,37.843,38.911,42.116,41.353,42.573,42.573,46.541,48.982,55.086,61.19,67.293,71.261,76.907,79.958,81.484,78.89,79.196,78.127,78.433,77.517,78.28,76.296,77.212,79.806,82.095,80.569,77.364,72.481,69.887,68.056,68.667,65.157,62.105,57.375,53.407,47.151,42.268,36.47,34.028,31.434,26.551,20.295,15.107,9.3081,2.2889,-6.4089,-12.055,-18.159,-20.905,-24.72,-29.145,-36.775,-44.71,-53.865,-61.037,-67.141,-70.956,-73.244,-74.465,-75.533,-76.144,-77.67,-78.738,-78.28,-75.381,-73.855,-70.193,-68.209,-64.547,-61.342,-58.443,-56.154,-52.492,-50.508,-47.609,-43.641,-39.979,-37.538,-34.333,-32.96,-27.924,-25.025,-21.516,-18.921,-15.412,-14.649,-14.801,-17.853,-20.447,-20.905,-20.142,-21.668,-23.194,-24.567,-23.804,-23.652,-21.821,-25.33,-28.84,-33.265,-36.622,-42.268,-45.778,-45.93,-42.726,-39.369,-35.249,-32.044,-28.077,-27.314,-26.704,-27.619,-26.246,-24.873,-21.516,-17.853,-12.055,-5.7985,2.2889,11.139,16.633,18.616,21.363,23.804,26.399,24.72,24.567,22.431,20.753,17.09,17.243,18.311,20.905,21.973,22.736,21.973,20.6,20.905,23.041,24.415,28.382,31.739,36.927,41.505,48.067,52.034,54.628,56.154,58.901,61.953,65.615,69.124,72.634,74.465,77.364,78.89,80.416,78.127,75.533,71.718,69.735,69.735,72.024,75.076,77.975,78.89,79.043,77.059,76.296,75.228,75.686,75.686,77.67,76.449,78.127,79.806,82.705,82.705,83.468,80.874,78.89,76.907,75.381,72.329,71.871,72.024,73.092,70.65,69.43,65.767,64.241,61.647,59.664,57.222,52.95,46.388,39.369,34.486,33.113,32.197,30.976,27.772,27.619,24.567,20.905,14.954,10.376,4.5778,1.5259,-2.1363,-3.6622,-4.883,-6.1037,-9.4607,-11.597,-15.564,-17.396,-20.295,-23.957,-28.382,-31.587,-37.385,-43.031,-48.372,-50.508,-50.508,-50.813,-49.44,-49.135,-51.271,-51.729,-56.307,-60.579,-66.836,-71.413,-77.517,-83.01,-88.809,-93.692,-96.133,-96.133,-95.676,-97.049,-97.354,-95.218,-91.861,-86.367,-84.078,-82.705,-81.942,-80.111,-81.027,-81.942,-80.874,-75.076,-71.718,-69.887,-70.04,-70.345,-69.735,-65.615,-61.647,-54.018,-48.219,-41.658,-37.69,-33.723,-30.824,-29.298,-28.382,-29.298,-29.45,-28.535,-28.687,-28.687,-26.856,-24.415,-21.973,-16.48,-9.9185,-5.1881,-5.1881,-5.4933,-5.6459,-7.477,-9.9185,-12.207,-14.496,-17.548,-19.99,-21.363,-24.262,-26.246,-27.772,-27.314,-29.298,-30.366,-31.739,-30.519,-29.756,-31.281,-35.096,-38.606,-41.505,-42.726,-43.641,-41.963,-41.963,-40.132,-40.59,-41.963,-44.252,-45.32,-48.524,-50.203,-52.644,-55.238,-58.596,-61.037,-63.936,-63.936,-61.953,-57.375,-55.849,-54.933,-56.764,-57.68,-58.901,-60.427,-64.089,-65.004,-62.868,-59.358,-55.238,-50.508,-44.71,-40.132,-40.742,-41.658,-45.167,-47.304,-48.067,-46.083,-45.473,-42.116,-39.216,-38.759,-41.505,-44.404,-46.999,-50.05,-51.576,-52.034,-57.222,-59.816,-60.579,-60.121,-61.647,-63.631,-65.31,-67.598,-70.956,-75.686,-79.043,-81.179,-83.01,-82.858,-85.147,-86.367,-86.52,-83.01,-82.553,-81.637,-81.484,-80.264,-79.806,-78.127,-77.822,-75.533,-73.244,-72.329,-75.686,-78.127,-81.179,-82.247,-85.91,-89.267,-93.692,-96.591,-99.338,-100.56,-97.201,-91.403,-86.215,-81.179,-78.28,-75.991,-73.397,-68.361,-64.699,-60.121,-57.527,-53.713,-49.135,-43.641,-40.437,-36.775,-33.723,-29.298,-22.431,-11.139,-2.4415,10.224,20.753,30.366,39.521,49.745,56.917,62.868,67.751,72.176,74.77,78.433,81.942,87.588,91.556,95.37,97.049,96.744,94.455,93.997,91.403,89.419,88.198,88.198,87.436,86.367,86.673,88.961,90.793,92.929,91.708,91.25,86.978,84.384,81.027,79.806,74.77,70.498,66.378,62.716,59.206,57.68,55.086,55.238,55.086,57.375,59.206,63.631,66.225,68.514,68.972,71.413,73.397,76.449,77.517,76.296,75.076,74.16,73.855,76.601,77.975,82.553,84.536,87.13,86.215,86.52,84.689,86.52,87.13,86.215,82.705,79.653,75.991,71.261,64.699,58.596,48.83,44.099,39.216,35.096,30.824,28.84,28.382,27.924,26.246,25.941,24.262,21.973,18.921,18.159,18.006,21.668,24.567,28.382,27.161,27.314,24.415,24.567,24.262,24.873,23.652,21.668,17.243,12.055,6.5615,4.4252,-0.76296,-5.0356,-11.75,-15.412,-20.905,-21.821,-22.431,-23.499,-28.23,-32.35,-37.385,-41.2,-44.252,-43.489,-45.93,-49.135,-55.086,-57.68,-62.868,-66.53,-72.176,-79.043,-86.52,-91.556,-94.302,-94.302,-92.013,-85.299,-81.637,-75.228,-70.65,-66.53,-64.852,-62.868,-62.41,-59.969,-57.527,-55.544,-54.933,-52.644,-50.813,-48.83,-47.761,-43.336,-38.759,-30.824,-24.873,-18.311,-13.886,-10.224,-6.2563,0.61037,8.0874,16.327,20.295,23.499,23.499,25.025,24.262,27.009,30.671,35.707,39.979,42.879,45.167,48.067,49.287,49.745,48.372,46.846,43.641,42.879,43.336,45.167,47.761,51.271,53.713,55.696,56.459,55.086,54.17,54.628,55.849,58.443,60.579,65.157,68.209,72.481,75.076,78.738,83.163,85.604,87.436,88.809,90.182,92.013,93.692,94.76,95.218,96.591,95.828,94.913,92.013,88.504,83.01,80.569,77.975,75.686,73.855,71.871,68.361,64.699,59.816,56.764,53.56,52.797,52.644,53.102,53.407,55.086,59.511,64.852,69.735,74.618,79.043,80.111,80.264,80.416,80.569,79.806,77.059,76.144,73.855,72.176,71.718,72.024,73.092,73.855,72.176,71.261,70.65,67.904,62.41,57.985,54.018,52.339,48.982,45.015,41.658,38.301,34.028,29.756,25.788,22.126,20.905,20.295,19.532,21.668,23.041,26.551,28.23,30.976,31.129,33.265,36.317,40.284,44.252,47.151,48.982,51.424,53.102,56.001,60.121,65.157,70.345,76.907,82.705,89.267,93.234,96.896,99.49,102.24,104.37,105.9,107.43,110.02,113.07,117.5,121.01,122.84,121.62,122.68,121.92,123.6,124.67,126.5,127.41,128.48,129.86,132.45,133.98,135.65,136.27,139.32,139.77,142.67,145.12,150.15,154.12,158.39,160.83,164.34,168.31,171.97,174.72,177.16,178.99,181.13,180.52,183.11,183.26,186.62,188.3,190.13,190.89,193.49,195.01,194.71,191.66,188.91,184.48,180.21,175.18,170.29,164.8,161.29,155.49,153.51,150.76,151.22,149.24,147.86,143.28,138.71,133.52,128.94,124.97,121.31,117.19,114.75,109.87,106.97,104.68,106.36,105.9,106.51,105.29,105.9,107.12,108.49,109.87,112.31,112.46,111.55,109.56,109.26,107.27,107.12,108.19,109.26,109.87,111.09,110.17,109.71,105.75,99.796,95.523,93.081,88.961,85.147,81.179,81.79,79.196,77.67,76.144,77.822,79.348,79.958,79.806,79.196,77.212,75.686,73.855,73.092,69.124,65.157,59.969,56.764,51.118,46.846,42.421,37.843,32.502,26.551,19.684,15.259,12.513,9.003,3.357,-2.4415,-10.529,-17.396,-25.178,-32.807,-43.184,-51.271,-61.342,-69.735,-77.212,-83.621,-90.182,-94.913,-99.033,-103.46,-107.73,-110.17,-115.67,-118.26,-121.46,-122.53,-126.35,-129.7,-132.45,-135.04,-138.4,-139.93,-140.08,-139.16,-139.01,-138.86,-139.93,-139.16,-140.08,-139.62,-141.45,-142.37,-144.66,-144.66,-145.73,-147.71,-150.91,-155.03,-158.24,-161.75,-169.23,-175.18,-180.82,-183.11,-187.99,-190.74,-195.47,-200.05,-206.15,-212.41,-216.53,-217.29,-216.22,-214.24,-211.49,-208.59,-206.92,-206.15,-206.15,-206,-208.29,-209.66,-213.48,-216.99,-220.5,-222.79,-224.62,-225.23,-224.31,-223.7,-224.31,-223.55,-224.77,-225.99,-229.04,-231.94,-236.67,-239.72,-242.47,-245.98,-249.03,-251.47,-253.76,-254.37,-256.66,-258.19,-260.32,-260.32,-262.92,-264.6,-267.8,-269.17,-270.7,-272.07,-275.43,-278.18,-281.84,-284.74,-287.64,-290.08,-293.74,-293.89,-295.11,-293.44,-292.37,-289.77,-288.86,-288.4,-287.33,-286.26,-284.28,-281.53,-278.48,-275.12,-271.77,-267.49,-265.82,-265.21,-265.66,-264.9,-265.51,-265.05,-265.21,-265.21,-264.75,-263.68,-261.7,-259.25,-256.05,-252.24,-250.71,-248.88,-246.28,-242.16,-239.42,-237.59,-235.3,-232.55,-228.43,-224.31,-220.04,-215.77,-212.1,-207.98,-204.78,-200.96,-197.61,-191.81,-186.77,-181.74,-177.92,-175.63,-173.04,-169.38,-165.72,-163.27,-162.21,-160.53,-159.31,-156.25,-154.58,-151.22,-148.17,-144.2,-141.3,-138.1,-134.13,-130.77,-126.35,-121.62,-116.12,-109.41,-104.22,-98.88,-95.218,-90.945,-86.825,-81.484,-77.059,-73.702,-70.193,-66.836,-64.394,-62.716,-61.8,-59.969,-59.053,-57.985,-58.443,-57.222,-57.527,-56.001,-55.544,-54.17,-53.713,-53.102,-53.102,-53.865,-54.628,-55.391,-56.307,-55.544,-56.459,-56.154,-57.985,-58.29,-57.527,-55.849,-52.95,-51.118,-48.067,-45.015,-41.963,-38.148,-35.554,-31.281,-27.772,-23.804,-20.753,-17.09,-15.87,-14.344,-12.97,-11.139,-9.6133,-7.1718,-5.0356,-3.2044,-1.8311,0.91556,2.2889,4.12,4.883,6.8667,7.6296,9.1556,10.376,10.987,10.987,12.36,14.496,16.175,17.853,19.837,20.295,22.584,23.804,26.093,27.161,30.366,32.197,34.333,36.622,39.369,42.116,46.083,49.287,52.187,55.086,60.274,64.089,69.735,74.465,80.111,84.994,90.945,96.591,101.93,107.12,113.07,117.5,121.92,126.19,129.7,131.38,135.81,139.16,142.98,143.74,145.42,145.73,145.57,146.18,148.17,151.22,155.64,158.54,163.12,164.8,168,169.68,172.89,173.35,173.5,172.73,171.67,170.45,169.84,169.23,169.23,168.92,168.92,168.61,171.36,171.67,170.6,168,167.24,164.04,163.58,163.27,162.36,161.6,160.07,157.78,155.95,153.81,152.13,150,150.15,149.54,150,148.93,148.63,147.86,147.56,147.25,146.03,144.51,143.13,140.84,138.55,136.42,135.04,131.38,129.7,127.87,128.18,127.87,129.55,129.86,130.77,130.77,132.6,131.38,128.79,126.8,127.41,126.8,129.25,129.4,130.62,130.47,130.77,130.47,130.62,131.69,133.37,134.43,137.49,141.15,145.88,147.56,149.85,151.07,154.27,155.19,157.17,158.54,160.22,162.21,165.26,168,170.6,172.28,174.57,176.85,180.06,181.28,183.42,184.33,186.77,187.84,187.08,185.55,184.03,181.43,179.75,176.85,172.58,166.78,160.83,151.83,144.35,135.96,132.45,129.7,124.67,118.11,112.46,103.15,89.267,76.601,67.751,59.053,49.898,37.69,27.772,15.87,7.6296,-0.91556,-7.6296,-13.733,-19.684,-25.941,-32.044,-36.622,-39.674,-43.184,-45.778,-48.524,-46.541,-44.404,-39.064,-33.57,-25.636,-15.412,-3.357,10.071,23.652,38.606,55.086,70.498,86.215,101.47,120.4,136.11,151.52,164.95,183.42,198.37,214.39,230.26,245.52,254.68,262.31,272.53,282.14,288.4,293.74,297.1,297.71,294.66,292.67,288.25,284.59,279.85,272.84,267.8,265.05,257.88,248.12,241.86,239.42,230.87,219.58,208.9,199.74,183.11,164.95,148.47,135.81,117.8,95.37,72.481,53.865,33.418,9.9185,-13.733,-31.129,-51.424,-69.735,-88.961,-105.75,-124.36,-142.83,-161.14,-178.69,-194.86,-207.22,-219.28,-232.55,-248.57,-265.05,-278.18,-284.89,-290.38,-296.49,-305.8,-314.34,-321.67,-325.02,-324.87,-324.11,-324.56,-326.85,-330.67,-335.55,-339.52,-341.2,-343.94,-346.23,-350.2,-353.71,-356.61,-358.59,-358.9,-358.13,-356.61,-353.56,-350.05,-347.3,-345.93,-342.72,-339.21,-334.33,-333.72,-335.55,-337.08,-335.55,-335.09,-335.7,-336.77,-337.23,-336.31,-332.65,-328.53,-323.95,-320.75,-315.41,-308.24,-298.01,-292.37,-288.71,-287.94,-288.09,-287.94,-284.89,-278.02,-268.72,-256.66,-243.23,-232.7,-224.01,-220.04,-217.44,-217.29,-214.39,-212.1,-207.68,-199.29,-188.6,-179.6,-172.73,-167.24,-163.43,-161.29,-161.75,-161.9,-161.44,-161.6,-159,-154.42,-147.25,-139.77,-129.4,-120.09,-112.61,-105.9,-101.02,-97.964,-94.607,-91.403,-87.436,-84.994,-81.942,-77.364,-73.092,-72.329,-71.566,-71.261,-70.04,-69.277,-68.972,-66.683,-64.089,-60.274,-56.917,-54.018,-49.44,-46.236,-41.81,-38.911,-34.791,-32.502,-29.908,-28.382,-26.704,-26.246,-25.33,-24.415,-22.584,-21.363,-20.6,-19.074,-15.412,-11.444,-6.1037,-2.8993,-0,0.76296,3.0519,6.7141,12.207,18.311,24.11,28.687,31.892,33.723,37.385,41.963,51.118,57.985,64.699,69.887,74.77,77.059,82.4,89.724,97.812,104.07,111.24,117.95,124.52,129.7,135.04,134.43,133.98,131.38,130.47,128.33,128.64,130.77,136.72,144.35,152.44,158.09,162.51,165.56,169.99,175.33,182.35,181.28,179.6,180.82,187.54,195.47,206.31,213.93,218.82,222.33,225.99,228.43,231.64,233.92,237.59,239.11,242.16,242.01,242.01,238.5,237.28,236.52,236.52,234.08,232.55,231.33,231.48,231.48,230.11,227.06,227.97,228.13,228.74,224.31,219.28,214.7,212.71,208.9,206,206.92,210.88,210.88,209.2,205.08,201.27,193.95,188.3,180.36,176.4,169.99,161.29,149.54,140.08,129.09,119.48,112.16,107.27,103.76,102.08,99.49,97.049,91.25,84.841,78.28,75.381,72.939,72.176,69.43,67.446,64.241,61.495,59.358,57.222,54.628,51.729,46.999,45.625,43.489,41.658,37.08,33.723,29.756,27.161,24.11,24.415,26.704,27.009,25.788,22.279,18.921,16.48,11.75,8.8504,6.8667,9.7659,15.107,21.973,23.804,24.873,24.873,23.347,21.21,16.785,9.1556,4.7304,3.0519,2.5941,0.61037,1.9837,0.45778,-1.8311,-6.2563,-8.3926,-9.1556,-10.529,-11.902,-10.681,-10.224,-7.9348,-6.4089,-4.4252,-2.5941,-0.76296,-2.8993,-4.2726,-9.7659,-15.412,-21.973,-25.483,-27.772,-28.077,-29.145,-30.824,-35.401,-39.674,-43.031,-43.947,-47.609,-49.287,-49.898,-46.236,-44.71,-41.2,-38.911,-35.707,-33.113,-29.45,-25.025,-19.837,-16.48,-13.276,-12.97,-10.376,-9.3081,-5.4933,-2.4415,-0.76296,0.15259,1.0681,3.0519,7.7822,12.207,14.344,15.259,16.175,14.954,14.954,13.276,13.733,14.801,16.327,17.09,14.801,11.597,11.444,11.75,12.36,13.276,13.886,10.987,7.0193,2.1363,-0.76296,-5.0356,-8.8504,-10.224,-8.24,-6.5615,-4.7304,-3.2044,-2.2889,-1.6785,2.4415,6.7141,10.834,13.733,18.006,21.21,24.262,24.873,23.499,22.889,23.804,26.093,29.298,30.519,32.502,32.96,33.265,30.366,28.535,27.314,28.687,31.129,32.807,31.892,30.824,29.908,29.756,28.382,27.772,24.415,22.279,19.227,18.769,15.87,16.175,16.938,17.09,16.022,17.548,19.99,22.889,23.804,26.246,26.551,29.756,33.723,38.911,41.353,43.947,45.167,45.93,47.304,48.524,49.593,50.203,49.287,48.982,48.219,49.135,48.372,50.356,52.339,55.086,56.001,56.154,54.628,55.391,55.696,56.764,54.628,52.644,50.508,50.05,46.693,45.015,42.116,40.59,36.012,32.35,27.161,24.262,22.736,23.194,21.973,21.21,19.532,16.785,11.902,7.477,1.6785,-1.0681,-6.1037,-11.139,-16.785,-22.279,-28.687,-32.655,-37.843,-43.489,-49.135,-55.086,-60.427,-61.953,-62.563,-61.8,-62.41,-61.647,-65.615,-67.751,-70.65,-71.718,-71.413,-70.193,-69.124,-68.209,-67.751,-65.615,-64.699,-62.258,-61.953,-63.326,-66.988,-67.904,-71.718,-75.381,-75.686,-66.836,-54.476,-41.658,-34.028,-30.976,-33.265,-37.08,-41.963,-44.404,-50.05,-53.102,-56.764,-56.154,-55.391,-54.476,-54.781,-57.527,-59.969,-58.138,-55.391,-53.255,-56.001,-55.391,-55.391,-55.544,-58.748,-62.716,-70.04,-70.956,-67.446,-60.427,-53.255,-51.271,-52.644,-52.492,-54.781,-59.053,-61.8,-59.816,-52.95,-45.625,-41.81,-41.963,-47.151,-54.933,-62.41,-62.105,-49.44,-21.363,3.9674,20.753,24.72,19.379,6.8667,-5.6459,-13.581,-12.207,-4.883,3.8148,10.834,22.736,29.45,31.892,27.772,21.058,13.886,10.987,11.444,14.649,14.801,15.717,13.123,10.071,4.7304,0.61037,-0.45778,2.2889,5.9511,9.1556,10.834,13.581,13.123,15.259,18.006,22.126,24.567,22.736,16.938,10.529,4.12,5.6459,9.7659,19.99,27.314,33.876,36.775,39.827,42.268,43.031,40.284,37.385,36.164,38.301,37.385,37.538,36.47,35.707,34.791,34.333,32.96,30.366,25.636,21.363,19.074,18.159,14.801,14.954,14.496,14.649,12.818,12.055,9.4607,9.003,10.376,10.529,10.834,12.665,13.123,13.123,11.139,11.75,10.529,12.055,11.139,11.444,10.834,8.8504,5.3407,4.4252,2.4415,1.3733,1.9837,5.4933,8.0874,10.681,11.444,11.139,10.224,8.5452,7.7822,6.5615,3.357,-0.15259,-5.0356,-6.1037,-7.3244,-4.5778,-4.7304,-3.9674,-7.7822,-10.987,-14.496,-16.327,-18.616,-21.21,-25.178,-26.551,-27.314,-28.23,-29.298,-28.077,-29.298,-29.908,-33.265,-34.486,-37.843,-39.064,-38.759,-39.064,-40.59,-41.81,-44.557,-44.71,-45.167,-46.083,-49.898,-53.407,-59.358,-62.258,-64.547,-62.563,-60.732,-59.053,-59.511,-61.342,-64.394,-66.683,-69.735,-72.939,-77.822,-82.553,-87.436,-88.198,-89.267,-89.267,-93.081,-95.676,-97.659,-99.033,-101.17,-103.76,-107.43,-110.48,-112.61,-111.09,-110.93,-108.49,-107.58,-106.36,-105.75,-104.22,-104.68,-103.46,-101.93,-98.88,-95.523,-91.098,-87.893,-83.621,-82.705,-79.043,-77.822,-76.144,-75.838,-74.465,-74.77,-73.855,-74.465,-75.686,-80.721,-85.757,-90.945,-94.455,-98.88,-102.24,-104.22,-106.51,-109.26,-111.7,-114.75,-118.41,-123.6,-127.72,-134.74,-139.16,-146.34,-148.63,-151.83,-154.58,-159.92,-164.49,-170.45,-174.57,-178.23,-177.77,-179.45,-178.38,-179.91,-180.52,-181.74,-179.75,-177.31,-173.35,-168.92,-163.43,-159.61,-156.25,-156.56,-155.95,-157.17,-157.32,-156.56,-153.36,-148.32,-144.2,-140.84,-137.49,-134.43,-132.3,-133.52,-131.38,-131.38,-128.64,-126.04,-123.29,-122.23,-121.62,-121.46,-120.24,-117.5,-114.9,-112.16,-108.04,-105.9,-102.85,-99.796,-94.76,-91.708,-86.978,-82.095,-74.007,-64.241,-55.086,-46.846,-39.369,-33.418,-27.467,-22.126,-15.564,-10.529,-3.357,2.5941,10.529,16.327,23.957,31.434,37.996,42.268,46.236,49.287,53.865,57.375,62.563,64.394,68.819,71.108,75.228,78.433,83.163,86.825,90.945,94.76,98.575,100.25,100.86,100.86,101.63,99.796,98.727,95.523,95.523,93.387,92.471,90.945,89.877,89.572,91.708,93.081,94.913,96.133,98.727,98.88,101.32,102.54,106.05,109.41,114.14,117.5,121.01,123.91,127.57,132.76,136.72,137.64,139.01,140.84,143.44,144.2,144.81,144.2,144.05,140.39,138.1,133.98,130.16,125.58,120.7,116.28,113.38,110.48,111.09,112,114.75,115.21,116.12,114.29,116.28,117.04,120.09,120.24,119.94,118.72,117.04,115.82,115.21,113.22,113.53,114.29,118.41,121.77,125.74,126.8,128.64,129.25,132.6,132.6,132.91,132.6,135.96,138.71,143.59,148.78,154.27,155.49,155.95,154.42,153.36,150.15,148.01,144.96,142.98,140.54,139.16,140.39,141.76,141.61,140.39,135.96,132.91,127.87,124.97,119.48,117.5,114.75,112.92,110.17,109.56,107.43,103.76,99.033,97.659,93.997,88.351,78.127,68.667,60.427,59.969,60.274,63.936,64.699,67.751,67.598,66.225,64.852,63.021,58.138,54.323,49.135,45.473,40.895,36.012,30.671,28.23,21.058,13.123,2.7467,-7.0193,-16.48,-23.347,-27.314,-27.467,-28.23,-32.655,-39.674,-42.573,-48.372,-53.56,-60.579,-64.852,-68.819,-70.956,-72.176,-72.787,-74.465,-77.822,-81.637,-80.569,-76.144,-70.803,-66.378,-60.579,-53.865,-45.625,-42.116,-37.843,-36.012,-32.044,-28.23,-22.736,-17.396,-14.801,-16.327,-15.107,-11.902,-3.8148,0.30519,3.0519,4.883,9.003,10.834,12.055,11.902,12.97,14.954,17.701,21.363,26.246,30.671,34.639,35.554,35.249,31.892,31.281,29.298,29.908,30.366,34.639,40.895,46.236,48.677,49.287,50.356,54.17,56.764,57.222,54.628,53.102,47.456,40.895,30.671,23.041,15.259,11.902,8.6978,5.4933,-1.6785,-9.4607,-19.227,-26.551,-33.723,-39.216,-45.625,-49.898,-56.307,-60.274,-65.462,-67.904,-67.446,-63.326,-60.274,-56.459,-55.544,-56.459,-56.764,-56.764,-57.985,-58.596,-60.732,-61.037,-66.073,-67.751,-68.361,-68.514,-67.598,-66.836,-64.547,-59.969,-56.001,-53.713,-54.018,-53.713,-58.596,-63.173,-69.887,-72.939,-73.855,-71.566,-69.43,-66.378,-63.021,-59.206,-56.307,-52.644,-48.677,-42.879,-37.69,-31.892,-29.145,-23.957,-22.126,-17.243,-13.276,-8.24,-4.12,0.15259,3.6622,5.9511,6.1037,4.2726,1.9837,0.30519,-1.9837,-5.1881,-9.3081,-11.75,-17.243,-21.516,-25.025,-27.314,-29.145,-27.924,-24.873,-21.821,-22.736,-24.873,-28.23,-31.281,-33.57,-35.401,-39.674,-43.489,-47.151,-48.677,-49.44,-49.287,-53.407,-59.664,-64.852,-69.124,-73.092,-76.449,-79.958,-82.553,-84.536,-82.247,-78.433,-72.176,-68.972,-67.904,-68.514,-65.615,-61.8,-58.29,-54.781,-51.424,-47.761,-44.557,-41.658,-38.301,-39.216,-39.827,-42.573,-45.32,-50.661,-55.696,-60.732,-63.936,-65.004,-66.378,-69.124,-70.956,-72.481,-73.855,-76.754,-78.585,-80.569,-78.433,-75.076,-70.803,-68.361,-66.53,-66.988,-68.972,-72.634,-75.686,-77.67,-77.364,-75.991,-73.244,-70.345,-66.836,-63.631,-57.527,-54.018,-53.102,-53.713,-51.271,-49.44,-48.524,-48.372,-47.761,-48.219,-49.593,-53.102,-54.476,-55.238,-52.644,-50.05,-49.593,-51.729,-53.713,-58.443,-62.41,-66.988,-71.566,-76.601,-81.637,-85.91,-85.452,-83.773,-81.027,-81.027,-81.637,-83.468,-85.299,-89.572,-92.929,-97.507,-101.63,-102.54,-103.15,-103.31,-103.61,-104.68,-104.22,-103.76,-101.47,-99.796,-97.201,-94.302,-89.877,-85.604,-80.569,-75.838,-71.108,-66.225,-62.258,-59.206,-54.018,-48.677,-42.573,-37.69,-30.519,-24.567,-17.853,-11.139,-4.7304,0.45778,5.9511,10.987,16.633,21.363,26.856,29.756,34.944,39.369,44.252,46.693,52.492,57.375,63.326,68.972,74.77,78.738,82.858,85.757,90.335,93.234,93.997,93.539,94.607,92.776,93.234,90.945,89.114,84.536,80.569,75.838,71.871,66.378,63.326,61.647,61.495,60.274,61.19,61.037,62.105,61.8,66.378,70.956,77.67,82.553,89.114,94.76,102.39,110.17,118.26,127.11,136.27,145.57,156.25,163.43,170.29,174.26,179.91,183.57,187.99,192.27,197,201.27,206.61,211.34,217.75,220.5,224.16,225.53,228.13,229.65,232.7,235.45,237.43,236.37,234.53,231.79,228.28,225.38,225.53,225.38,224.31,222.79,222.33,220.95,220.34,218.21,216.07,211.65,209.97,207.53,206.92,206.15,205.54,204.78,204.47,203.71,205.08,204.47,206.15,206.46,208.14,206.46,206.61,206.92,206.31,205.69,207.83,209.36,212.1,215.16,218.82,222.17,225.53,226.29,226.75,225.23,227.06,228.43,229.96,228.43,225.84,223.09,220.34,215.92,210.73,205.85,202.19,197.61,194.4,189.83,185.86,180.36,175.94,169.23,164.19,159.31,155.95,152.29,151.37,149.85,147.71,143.13,140.39,137.03,135.81,133.52,133.52,133.06,133.82,132.76,129.86,127.87,126.96,124.67,124.21,123.75,124.21,122.38,121.62,120.09,120.09,120.7,123.14,122.84,123.75,123.29,122.99,121.46,121.01,117.95,114.9,112.31,110.63,106.36,103.31,99.185,96.744,93.234,89.419,85.299,84.078,82.4,81.179,79.806,76.601,73.855,72.176,69.124,66.073,61.495,58.596,54.323,52.797,51.576,52.797,52.797,52.187,49.898,48.83,47.456,47.761,47.304,47.151,46.388,47.151,46.541,47.609,47.456,48.524,46.236,44.404,41.505,40.437,38.759,38.301,36.927,36.47,34.486,33.418,29.603,28.84,27.314,27.772,24.72,23.652,23.804,25.33,25.941,25.788,25.178,24.567,23.347,24.11,22.736,22.126,21.668,23.194,21.21,18.159,15.412,14.801,15.564,17.853,19.379,19.074,17.853,15.259,13.886,13.886,11.75,12.818,15.259,18.769,19.684,19.837,17.09,13.886,9.4607,9.3081,11.597,14.191,19.074,24.873,28.535,30.671,28.84,26.246,21.058,17.243,11.139,7.6296,4.883,3.357,-0.45778,-2.5941,-5.1881,-8.3926,-11.292,-15.259,-20.295,-24.873,-30.976,-33.113,-35.554,-36.622,-38.606,-39.521,-42.879,-45.93,-51.424,-54.323,-57.527,-58.29,-57.985,-58.596,-60.427,-58.901,-59.816,-56.001,-55.238,-51.729,-48.982,-46.541,-46.999,-48.524,-48.219,-46.083,-43.947,-42.421,-40.742,-38.301,-39.369,-41.047,-43.641,-43.947,-44.404,-44.557,-45.473,-49.287,-54.933,-62.563,-69.887,-75.686,-82.247,-89.114,-97.659,-103,-108.49,-108.95,-107.12,-102.54,-103,-103.31,-103.31,-102.85,-101.47,-99.49,-98.575,-97.049,-95.981,-92.013,-92.166,-90.487,-89.419,-85.604,-83.621,-80.264,-79.958,-80.264,-80.416,-80.874,-81.484,-81.942,-83.926,-87.741,-93.539,-96.438,-101.32,-105.14,-112.16,-119.17,-129.7,-137.64,-146.49,-153.2,-160.99,-167.39,-173.96,-178.84,-181.89,-184.79,-189.37,-191.66,-194.86,-196.39,-197.76,-196.54,-196.23,-193.18,-190.28,-188.91,-187.99,-187.38,-187.54,-185.71,-183.72,-180.52,-177.31,-173.04,-169.68,-164.95,-162.66,-158.7,-153.51,-147.1,-141.45,-137.64,-133.06,-123.91,-111.24,-99.338,-89.114,-77.364,-68.056,-59.816,-55.238,-49.898,-46.693,-41.81,-38.911,-35.249,-33.418,-33.265,-34.639,-31.587,-27.924,-25.33,-23.957,-21.21,-21.21,-18.616,-17.701,-13.886,-12.055,-9.1556,-6.1037,-4.883,-5.1881,-5.1881,-4.5778,-3.8148,-4.5778,-3.9674,-4.5778,-4.4252,-6.4089,-4.883,-4.2726,-1.2207,3.2044,9.003,12.513,15.412,17.243,19.227,19.684,21.363,21.516,23.194,24.262,27.467,29.756,32.502,34.486,37.843,39.521,41.2,43.031,46.236,48.524,49.135,49.898,53.56,53.865,56.307,57.985,61.8,64.241,66.988,65.767,66.378,65.767,64.852,64.852,66.225,66.378,66.073,65.31,69.124,73.244,78.89,82.4,86.52,90.03,93.539,95.981,98.727,101.63,104.53,108.19,110.93,114.6,118.26,121.46,126.8,130.62,136.57,139.62,143.44,145.73,148.32,147.4,145.57,142.06,138.71,134.89,131.84,127.41,124.97,121.16,120.55,117.65,115.36,111.09,108.34,103,97.049,91.708,88.198,84.994,82.705,80.721,80.111,79.958,81.332,80.569,80.264,78.738,79.958,82.553,86.978,89.419,94.455,99.185,104.07,107.43,111.24,111.7,113.22,111.39,107.88,100.25,93.844,87.13,82.247,77.212,73.244,68.972,65.767,61.953,57.222,51.576,47.456,42.879,40.437,36.012,32.655,28.687,28.382,27.467,27.772,26.399,25.025,22.889,19.837,18.616,18.311,19.227,20.447,19.379,18.921,17.548,15.412,11.75,6.5615,0.15259,-5.1881,-9.6133,-12.665,-14.344,-18.311,-24.415,-32.655,-41.505,-48.372,-56.764,-64.394,-74.923,-82.705,-91.708,-95.065,-97.049,-97.201,-95.065,-91.098,-88.961,-87.283,-87.893,-87.283,-87.13,-84.231,-83.316,-82.247,-84.384,-85.299,-87.283,-90.03,-95.523,-100.41,-102.24,-101.47,-101.02,-100.41,-103.15,-103.46,-106.51,-109.41,-113.99,-115.82,-119.17,-121.46,-123.6,-125.43,-127.11,-128.18,-130.16,-132.91,-133.82,-131.69,-130.62,-128.94,-129.4,-126.96,-123.75,-118.87,-117.65,-114.75,-111.24,-107.43,-104.07,-100.41,-98.117,-95.065,-90.487,-84.078,-79.196,-73.244,-69.582,-66.683,-65.92,-64.394,-62.105,-59.816,-58.748,-57.68,-58.138,-58.596,-57.527,-55.391,-53.407,-50.508,-50.356,-48.677,-47.761,-45.167,-42.879,-39.827,-39.216,-37.843,-35.554,-33.265,-30.366,-25.941,-24.262,-22.279,-21.668,-21.363,-24.11,-23.652,-22.584,-19.532,-19.532,-19.074,-17.701,-15.107,-14.649,-15.107,-15.259,-15.87,-18.159,-18.006,-18.616,-18.311,-20.905,-21.821,-24.262,-25.178,-28.23,-30.519,-31.129,-31.434,-32.502,-32.96,-34.333,-35.554,-35.554,-33.113,-31.281,-26.856,-25.178,-23.347,-23.652,-22.889,-23.347,-24.873,-26.856,-28.535,-30.519,-31.587,-33.418,-34.791,-36.47,-36.317,-39.369,-41.505,-46.999,-51.118,-57.222,-62.41,-68.972,-77.212,-86.062,-91.861,-97.659,-102.39,-108.34,-111.24,-113.83,-115.05,-117.19,-117.95,-121.62,-123.14,-126.04,-128.03,-129.25,-129.4,-129.86,-130.77,-132.6,-134.28,-137.49,-137.94,-138.86,-136.72,-133.67,-129.86,-128.48,-126.8,-125.58,-123.6,-121.16,-117.5,-114.14,-111.09,-107.43,-101.17,-95.676,-90.487,-88.504,-86.367,-83.926,-81.484,-80.111,-76.907,-72.481,-66.988,-62.258,-56.154,-50.661,-43.489,-36.164,-28.077,-21.668,-14.039,-8.5452,-3.6622,-2.5941,-0.61037,0.76296,3.8148,5.0356,5.6459,7.477,11.902,18.464,27.161,33.265,40.284,46.388,53.713,59.206,67.446,78.28,93.234,109.87,126.04,142.37,159.46,172.43,180.67,187.54,195.93,204.47,213.63,220.19,227.36,232.86,239.57,245.98,251.17,254.98,258.49,259.41,258.19,256.51,258.64,259.1,261.09,260.32,258.8,254.52,247.51,237.89,228.58,217.6,204.47,188.6,170.45,152.13,135.2,120.55,110.32,98.575,89.877,82.095,79.806,76.144,71.566,66.836,64.394,61.495,59.816,53.56,47.304,40.895,34.333,24.262,16.48,7.477,2.8993,-2.4415,-4.7304,-10.529,-17.243,-24.415,-31.281,-38.606,-43.489,-47.914,-52.95,-59.206,-64.241,-68.209,-69.124,-70.65,-68.819,-67.751,-64.089,-60.274,-54.17,-48.83,-42.421,-36.775,-29.145,-22.584,-16.327,-11.597,-3.9674,0.45778,4.7304,6.8667,11.75,15.87,22.126,27.619,34.181,39.216,45.625,51.424,56.764,60.121,65.004,69.277,75.686,81.79,89.572,93.997,97.964,101.78,106.51,110.93,115.67,119.63,123.91,128.94,133.98,139.32,146.79,152.29,158.54,163.12,168.77,171.51,174.72,177.47,180.06,182.2,184.03,185.71,187.23,187.69,191.35,192.88,195.32,197.45,199.9,200.35,202.34,201.57,202.03,202.49,202.03,202.95,204.02,205.39,207.68,208.75,210.12,209.81,211.65,211.34,213.32,215,216.68,217.6,218.21,218.36,217.75,215.92,213.48,211.19,209.51,206,203.86,200.05,196.69,190.89,184.94,179.14,173.65,169.38,164.95,160.37,156.87,152.44,149.85,145.57,141,133.98,128.94,121.77,116.43,113.22,111.7,108.65,104.68,99.643,95.676,91.098,86.673,81.027,78.127,73.244,70.345,65.767,60.884,53.713,49.135,43.031,37.233,31.281,27.467,23.347,18.921,13.276,11.292,6.4089,3.2044,-2.7467,-6.2563,-11.597,-14.954,-19.379,-22.889,-28.23,-32.96,-39.827,-45.32,-49.898,-52.95,-51.576,-47.609,-46.846,-45.93,-46.083,-44.557,-46.693,-49.745,-52.187,-51.881,-53.407,-56.154,-58.596,-60.884,-65.767,-70.65,-76.754,-82.095,-88.504,-92.624,-95.523,-95.218,-98.117,-101.02,-103.92,-105.59,-108.95,-112.77,-118.56,-122.84,-126.19,-126.8,-127.26,-123.45,-120.7,-118.11,-120.85,-126.19,-132.3,-137.03,-142.67,-146.64,-150.76,-152.9,-153.81,-153.2,-151.98,-149.85,-150.3,-150,-151.52,-149.39,-148.17,-144.51,-141.15,-138.71,-136.27,-133.06,-131.84,-130.62,-128.79,-124.67,-121.62,-116.89,-114.9,-113.22,-112.31,-108.65,-107.43,-106.81,-105.14,-103.61,-103.31,-102.24,-99.338,-97.201,-97.049,-94.15,-94.455,-95.218,-97.659,-97.812,-100.1,-103.15,-108.34,-113.07,-114.6,-113.07,-110.02,-107.43,-106.81,-106.2,-107.12,-105.59,-105.44,-104.98,-105.59,-105.75,-107.88,-108.04,-108.34,-108.8,-109.56,-109.87,-111.09,-111.7,-113.07,-112.77,-112.77,-111.55,-113.68,-116.73,-120.4,-121.62,-124.67,-127.87,-129.25,-128.18,-124.97,-121.92,-118.41,-115.67,-112.31,-106.51,-101.17,-94.15,-90.182,-87.588,-90.335,-92.624,-97.201,-101.93,-106.05,-107.12,-109.1,-112.16,-118.26,-123.29,-128.64,-132.15,-135.04,-135.65,-135.04,-133.06,-133.37,-133.67,-134.89,-136.57,-137.33,-137.33,-138.71,-139.01,-140.08,-141.3,-145.12,-146.18,-148.93,-151.07,-152.29,-151.22,-152.44,-155.64,-159.76,-164.65,-170.6,-177.31,-182.2,-185.71,-188.76,-190.28,-192.88,-193.03,-193.49,-191.96,-191.35,-188.3,-183.42,-180.67,-178.38,-176.09,-174.72,-172.28,-169.07,-162.51,-157.93,-151.22,-146.18,-139.01,-132.15,-123.75,-117.95,-113.07,-107.88,-102.85,-98.575,-95.218,-92.318,-87.283,-85.91,-83.926,-84.841,-84.689,-87.13,-87.741,-87.893,-86.062,-84.536,-79.806,-75.076,-69.887,-66.988,-67.293,-70.04,-72.024,-76.296,-79.806,-83.468,-83.621,-83.163,-82.095,-82.4,-83.316,-85.147,-86.367,-88.046,-89.724,-91.25,-90.03,-88.504,-86.673,-86.825,-87.13,-89.877,-91.25,-92.776,-91.861,-92.013,-92.471,-93.539,-93.692,-92.471,-91.708,-90.335,-87.588,-85.91,-82.553,-82.553,-83.926,-86.367,-85.147,-83.01,-78.89,-75.228,-72.329,-72.176,-72.787,-74.16,-73.244,-72.939,-74.007,-76.144,-76.296,-76.754,-74.923,-74.007,-70.345,-67.446,-65.004,-62.868,-61.495,-61.19,-63.021,-67.751,-73.092,-78.433,-81.637,-84.689,-84.536,-84.384,-83.773,-82.858,-82.4,-83.773,-83.316,-83.621,-83.621,-84.231,-83.621,-81.942,-78.585,-74.77,-68.514,-62.258,-55.086,-46.388,-34.639,-21.516,-9.3081,-1.2207,5.9511,13.581,20.6,26.704,33.57,39.369,45.93,48.677,51.576,55.391,60.884,63.631,66.836,70.04,71.566,70.498,65.767,57.375,52.187,46.083,39.216,32.807,32.197,31.892,37.233,41.963,45.473,46.541,48.067,48.219,45.015,40.742,35.249,28.687,21.821,14.954,9.1556,2.5941,0.15259,-0.91556,-0.30519,-0.15259,-1.0681,-5.4933,-10.529,-15.717,-18.921,-20.6,-19.99,-20.447,-20.447,-21.363,-20.753,-23.041,-26.246,-31.739,-39.216,-46.693,-54.018,-60.121,-67.446,-73.55,-75.991,-78.28,-77.364,-76.449,-75.838,-78.585,-78.433,-79.958,-80.874,-80.111,-78.585,-76.296,-72.939,-69.887,-67.904,-67.446,-65.462,-64.394,-63.173,-62.41,-60.427,-57.985,-55.086,-52.187,-49.44,-49.135,-49.135,-47.304,-44.404,-41.047,-35.249,-30.213,-23.804,-19.379,-12.818,-8.5452,-4.883,-3.9674,-1.5259,0.45778,2.4415,4.4252,8.0874,11.902,16.175,18.464,21.516,23.194,25.636,26.399,27.161,26.551,27.924,29.603,31.434,32.502,33.265,34.791,38.759,41.2,46.083,48.83,54.018,58.901,65.462,68.514,75.381,82.247,90.182,96.744,103.31,108.49,113.68,117.5,122.99,126.19,133.37,139.62,147.25,154.88,163.58,171.51,179.45,186.62,193.33,198.98,206.31,213.78,220.8,226.6,233.62,238.96,247.35,252.85,259.41,262.92,267.19,269.48,272.07,274.06,277.72,280.16,282.14,283.21,286.26,288.09,292.83,295.88,299.39,300.91,302.9,304.12,306.71,309.46,312.81,314.49,316.02,316.02,316.78,316.17,315.87,312.81,309.92,306.71,304.88,302.29,300,298.17,297.86,297.25,296.64,293.89,291.91,288.09,286.26,283.36,283.36,281.53,278.94,275.43,274.06,271.77,269.78,267.19,264.44,261.39,261.09,260.02,260.17,259.56,259.1,256.05,252.69,247.81,245.83,244.91,244.15,242.77,242.32,240.79,240.94,240.18,240.64,238.96,239.57,237.13,234.53,230.57,227.82,226.29,225.07,223.7,223.24,221.87,220.5,219.28,220.19,219.28,217.6,215.77,214.7,212.56,209.81,208.44,206,202.8,199.59,196.84,195.62,194.25,193.33,192.11,191.96,188.91,186.47,183.87,184.33,183.42,183.42,182.96,183.11,182.04,178.69,175.79,173.96,173.8,175.18,174.11,174.11,172.12,170.29,166.94,164.34,162.05,161.14,159.46,159.46,158.85,157.78,155.8,153.51,148.63,144.51,137.03,131.23,124.36,118.26,111.85,105.29,99.796,94.455,88.961,83.468,75.991,69.735,63.631,59.816,54.781,50.966,44.71,41.353,36.47,29.756,22.431,16.938,10.987,5.4933,-1.0681,-7.477,-14.649,-18.921,-23.041,-24.567,-27.772,-31.281,-36.622,-39.979,-43.489,-48.677,-53.865,-57.833,-61.953,-65.462,-69.124,-69.887,-73.702,-76.754,-80.721,-83.316,-86.367,-87.436,-88.961,-91.861,-95.065,-96.744,-98.117,-99.796,-101.78,-103,-106.2,-108.34,-110.78,-113.22,-115.05,-114.9,-116.43,-119.63,-124.52,-130.16,-135.2,-138.71,-143.74,-145.27,-145.42,-141.45,-140.54,-142.06,-147.4,-149.39,-150.46,-149.24,-150.91,-151.37,-152.59,-151.98,-149.54,-144.66,-143.28,-142.37,-142.52,-137.79,-134.43,-128.48,-124.52,-117.5,-112.77,-108.19,-104.83,-96.286,-87.893,-80.874,-78.433,-77.67,-79.043,-78.738,-83.01,-86.978,-91.861,-92.929,-94.455,-96.591,-99.948,-102.54,-104.98,-105.59,-106.2,-107.58,-112.61,-118.26,-124.06,-126.8,-131.69,-135.2,-142.06,-146.64,-150,-152.13,-154.58,-158.85,-163.12,-165.87,-167.55,-167.85,-171.97,-175.94,-181.28,-185.25,-187.69,-186.93,-185.86,-181.89,-176.55,-169.68,-164.49,-158.85,-153.81,-149.08,-146.95,-144.2,-144.35,-143.28,-143.13,-138.55,-133.52,-126.8,-123.6,-122.68,-124.06,-128.48,-133.82,-139.32,-146.79,-150.15,-155.49,-157.93,-160.83,-161.29,-164.19,-168.31,-175.63,-183.57,-193.33,-202.8,-210.58,-216.83,-221.26,-222.48,-225.68,-228.28,-234.99,-240.49,-245.06,-246.13,-246.59,-249.79,-255.75,-262.46,-268.87,-275.28,-282.14,-287.94,-294.66,-299.84,-305.64,-311.44,-321.51,-329.75,-338.6,-345.32,-351.88,-357.68,-364.54,-373.24,-381.79,-389.57,-397.05,-403,-409.41,-416.12,-423.6,-429.24,-436.41,-441.45,-443.28,-440.84,-437.18,-432.75,-429.4,-424.05,-419.32,-414.29,-406.51,-394.76,-381.79,-366.22,-350.96,-335.7,-326.09,-321.97,-320.14,-313.43,-297.86,-281.53,-264.9,-245.52,-234.23,-225.07,-217.44,-210.88,-208.14,-206.92,-204.93,-199.59,-191.2,-180.36,-169.38,-157.78,-148.63,-143.13,-141.76,-141,-142.83,-143.89,-141.61,-133.37,-123.45,-115.05,-107.58,-103.46,-101.32,-99.033,-98.27,-96.591,-94.76,-90.64,-85.91,-76.601,-65.31,-52.644,-43.947,-36.47,-30.976,-23.347,-12.97,-2.5941,5.4933,10.529,10.529,10.224,7.477,6.1037,2.8993,1.0681,-1.0681,-4.883,-8.5452,-12.055,-14.344,-15.717,-17.396,-18.464,-22.279,-27.619,-34.486,-38.148,-43.031,-45.93,-47.914,-49.593,-51.118,-52.187,-52.187,-52.034,-52.339,-52.034,-53.255,-52.797,-52.492,-51.424,-50.966,-49.44,-50.05,-51.271,-53.102,-54.018,-54.018,-53.102,-52.034,-50.661,-50.05,-47.609,-44.404,-37.843,-34.181,-29.908,-28.077,-26.704,-27.924,-30.213,-31.892,-31.739,-29.603,-26.399,-22.431,-16.48,-13.276,-8.8504,-4.5778,1.6785,5.4933,9.4607,11.597,14.191,16.48,18.769,21.21,23.804,25.941,30.061,35.859,45.625,53.255,60.427,66.225,74.313,80.416,87.893,93.844,99.948,107.88,117.65,126.04,134.28,141.61,150.46,157.78,169.23,179.6,191.96,201.42,211.49,221.11,233.01,245.83,258.19,269.63,279.85,287.18,295.72,301.68,307.02,310.53,316.02,320.14,324.26,327.62,331.13,333.72,337.38,339.82,340.43,339.52,339.82,339.98,342.27,343.18,346.39,348.22,351.88,355.54,357.98,360.42,361.64,362.87,365.31,366.37,368.05,368.05,366.83,363.78,362.71,361.34,359.97,358.75,358.9,359.2,358.29,355.85,353.86,351.27,350.05,347.3,346.23,345.32,346.08,345.93,345.01,343.33,342.88,342.11,341.96,341.5,341.5,339.67,338.76,337.84,337.69,334.48,331.58,327.31,323.5,319.38,316.17,313.43,309.15,304.27,299.08,294.5,291.15,287.18,285.04,281.23,277.57,271.77,267.19,262.76,257.88,253.91,249.95,245.98,244.15,242.01,241.1,238.5,235.15,231.18,228.74,224.31,220.95,217.44,214.7,211.49,207.98,206.61,205.54,204.02,203.25,202.19,201.42,199.59,200.96,201.27,203.71,203.86,204.63,204.93,205.85,205.24,204.17,203.56,204.63,205.69,208.44,209.97,213.48,215.16,216.22,214.09,211.34,206.76,203.1,201.12,199.29,198.07,197.91,198.98,198.83,196.39,195.32,193.95,192.27,190.59,190.13,188.45,185.86,183.42,182.04,181.13,180.36,178.23,177.01,172.28,167.7,160.83,155.8,149.39,144.2,136.42,128.94,123.29,118.87,113.83,108.8,104.22,99.033,94.913,92.624,86.215,79.653,70.803,64.394,59.053,54.781,49.135,44.099,37.538,32.502,27.009,23.499,19.684,18.311,15.87,13.276,6.7141,1.8311,-5.4933,-10.224,-15.564,-21.21,-26.856,-32.197,-41.353,-50.356,-58.138,-63.478,-70.498,-75.076,-80.264,-84.078,-87.436,-88.046,-89.724,-89.724,-89.267,-88.198,-88.351,-88.809,-90.182,-90.487,-90.487,-90.03,-92.929,-92.776,-92.471,-89.724,-86.673,-80.874,-78.585,-78.738,-79.958,-81.179,-82.095,-82.553,-85.299,-87.893,-93.539,-98.422,-106.2,-111.09,-117.34,-120.4,-124.36,-125.58,-125.58,-122.53,-119.94,-117.19,-115.82,-113.38,-112,-107.88,-107.58,-103.76,-101.93,-99.033,-98.575,-96.133,-94.455,-89.724,-85.757,-81.79,-78.738,-77.059,-77.822,-75.228,-73.244,-70.65,-69.735,-67.904,-68.819,-69.124,-73.244,-75.228,-77.212,-79.196,-83.316,-83.621,-84.384,-86.978,-91.861,-95.981,-102.08,-104.98,-109.41,-109.41,-112.46,-114.6,-120.4,-124.97,-126.19,-125.89,-129.09,-133.67,-136.88,-138.86,-141.45,-141.45,-143.89,-143.59,-144.2,-139.93,-139.62,-138.4,-137.33,-135.96,-136.88,-134.43,-130.31,-124.82,-120.85,-113.38,-107.12,-99.185,-94.302,-86.825,-83.316,-76.296,-70.803,-67.293,-65.92,-63.936,-61.647,-58.901,-61.037,-64.089,-68.819,-71.413,-77.975,-81.79,-87.893,-88.961,-92.013,-91.403,-92.013,-95.218,-103,-112,-121.46,-130.77,-140.39,-145.88,-153.51,-158.7,-163.12,-163.27,-164.19,-162.66,-161.29,-160.07,-157.02,-151.98,-144.81,-135.35,-125.89,-113.53,-102.39,-89.114,-75.228,-62.716,-54.17,-43.031,-34.181,-30.366,-30.366,-29.908,-34.028,-37.233,-39.827,-42.268,-48.067,-56.001,-66.53,-75.381,-84.689,-90.03,-97.964,-105.14,-110.78,-113.68,-116.28,-119.79,-121.01,-120.55,-119.94,-117.8,-115.82,-110.93,-106.66,-100.25,-97.049,-91.403,-86.52,-80.874,-76.144,-71.261,-69.124,-68.209,-68.819,-70.345,-72.787,-72.329,-70.956,-67.446,-63.784,-60.427,-59.053,-54.781,-52.644,-51.729,-51.118,-47.304,-42.726,-37.843,-33.876,-29.603,-25.33,-18.159,-13.123,-7.0193,-2.7467,3.8148,7.7822,13.428,18.464,26.093,32.044,36.927,40.284,42.116,42.421,44.252,45.625,47.456,47.761,48.524,47.304,47.609,47.151,48.677,51.271,54.476,58.596,61.953,64.852,66.988,67.904,69.43,70.04,71.261,73.397,77.975,81.332,85.299,88.504,92.624,96.591,101.47,104.83,106.97,109.41,113.38,116.12,120.55,123.75,129.4,132.45,136.27,136.88,138.71,139.47,140.39,140.39,141.3,141.91,143.74,143.28,143.74,143.59,146.95,148.01,151.83,154.88,160.22,165.72,172.73,179.75,187.99,196.54,204.93,211.34,218.36,224.77,232.25,237.28,242.93,246.13,251.47,255.75,260.93,264.75,269.33,275.28,280.62,285.65,290.08,292.83,296.18,296.49,299.39,301.37,304.27,304.88,305.19,304.73,303.96,302.74,301.22,300.61,299.08,298.01,298.47,298.32,299.54,300.61,302.59,302.9,303.66,302.74,302.29,302.59,303.2,302.13,301.37,300.91,300.91,301.07,301.68,299.84,298.47,296.79,295.72,294.66,293.28,292.21,289.93,285.96,281.99,276.65,270.85,264.44,260.63,254.98,249.95,244.3,240.49,235.6,231.33,224.62,218.36,211.95,206.31,201.12,195.93,190.44,183.26,176.4,171.82,165.72,161.14,155.49,149.69,143.89,140.23,135.65,131.84,130.01,127.57,123.6,118.41,114.14,112.92,110.93,107.88,102.39,98.117,91.098,85.604,80.569,76.754,73.55,70.193,65.92,61.953,58.596,56.154,52.034,48.677,42.879,39.674,36.775,36.164,32.96,31.281,28.077,25.636,25.178,27.619,28.993,29.298,27.924,28.84,26.093,23.499,22.736,27.619,31.587,35.096,36.317,36.927,36.775,38.301,38.301,37.843,35.859,34.486,31.129,29.908,26.399,23.804,20.753,18.769,15.259,11.444,7.477,1.2207,-7.0193,-13.428,-19.227,-22.736,-26.704,-28.382,-31.281,-33.265,-36.164,-37.233,-39.064,-40.437,-42.421,-45.473,-49.593,-53.407,-59.053,-66.683,-75.838,-84.231,-94.15,-99.643,-104.98,-108.34,-113.99,-119.02,-125.28,-129.09,-131.23,-132.6,-137.94,-142.37,-142.83,-139.47,-137.64,-133.37,-130.47,-127.72,-128.03,-130.31,-134.43,-137.03,-139.32,-141.3,-142.52,-142.98,-142.52,-143.13,-146.34,-148.32,-150.15,-148.32,-148.01,-149.24,-154.58,-159.61,-166.02,-172.73,-179.6,-185.55,-191.05,-196.08,-204.17,-211.04,-219.58,-223.85,-229.19,-232.09,-236.82,-241.4,-249.18,-253.15,-253.91,-252.54,-251.63,-250.86,-251.93,-254.83,-256.05,-253.61,-253.15,-250.56,-249.18,-247.66,-248.73,-247.35,-246.44,-243.69,-241.4,-239.57,-241.71,-243.54,-245.52,-244.76,-245.22,-245.06,-245.98,-245.83,-245.52,-242.77,-240.33,-238.35,-237.89,-239.11,-240.79,-241.55,-240.49,-236.98,-234.08,-228.74,-222.17,-214.55,-207.98,-201.12,-194.25,-184.64,-175.63,-167.7,-160.83,-153.36,-149.39,-145.42,-142.98,-138.86,-136.11,-129.7,-125.89,-121.77,-121.31,-122.07,-124.36,-123.75,-123.45,-122.68,-124.52,-127.26,-130.77,-130.92,-133.06,-133.82,-135.2,-132.76,-132.15,-131.69,-133.21,-133.67,-133.52,-130.92,-128.64,-124.82,-122.84,-122.68,-122.68,-121.77,-124.06,-124.82,-127.87,-130.31,-133.98,-134.13,-135.96,-139.32,-143.28,-147.25,-152.29,-155.49,-157.32,-155.49,-155.34,-153.51,-152.59,-149.85,-149.24,-149.24,-147.86,-145.27,-142.06,-139.93,-138.55,-138.25,-140.08,-139.62,-138.1,-133.21,-129.09,-124.52,-124.21,-124.97,-126.65,-126.5,-127.87,-129.7,-131.38,-130.16,-126.96,-122.68,-119.33,-116.28,-117.19,-116.89,-118.56,-119.63,-122.68,-124.06,-122.84,-118.56,-114.75,-111.7,-111.09,-111.09,-109.41,-104.98,-103.15,-99.033,-98.27,-95.981,-101.02,-107.58,-112.31,-113.53,-112.61,-107.88,-99.796,-91.098,-86.825,-86.062,-93.234,-99.033,-106.81,-113.83,-121.01,-123.45,-123.29,-119.48,-112.92,-106.81,-106.05,-111.55,-121.46,-130.92,-142.06,-149.54,-156.41,-156.25,-151.83,-144.81,-140.08,-137.79,-137.18,-136.72,-140.69,-143.28,-145.88,-148.63,-154.58,-159.76,-165.41,-165.11,-161.9,-157.63,-158.54,-163.73,-170.45,-175.94,-179.75,-180.21,-180.97,-176.7,-176.55,-177.31,-179.75,-184.18,-189.06,-194.4,-200.66,-205.85,-209.51,-208.9,-202.19,-195.93,-195.62,-196.69,-200.66,-207.07,-216.38,-223.55,-229.04,-234.08,-237.74,-239.27,-239.88,-239.88,-241.4,-244.3,-251.63,-259.1,-269.02,-276.65,-283.97,-287.48,-287.48,-283.97,-278.02,-274.06,-272.23,-273.9,-277.87,-283.06,-289.32,-292.98,-295.27,-294.2,-292.67,-291.15,-292.21,-295.11,-301.83,-309.61,-316.02,-318.92,-317.24,-311.75,-307.93,-307.17,-310.07,-312.97,-315.41,-314.8,-313.58,-312.36,-312.05,-311.9,-309.92,-305.64,-303.35,-298.93,-294.96,-290.38,-286.57,-280.16,-275.12,-270.55,-267.34,-264.44,-262.76,-260.63,-257.73,-253.61,-249.18,-243.69,-241.1,-237.89,-236.37,-234.23,-231.94,-228.74,-224.62,-220.19,-215.61,-211.19,-208.44,-205.54,-203.1,-198.98,-195.78,-188.45,-180.21,-169.38,-158.39,-146.34,-133.98,-124.67,-117.5,-111.24,-103.76,-96.591,-88.046,-77.975,-70.803,-63.936,-57.833,-48.982,-39.827,-30.671,-21.363,-13.886,-8.24,-2.4415,2.1363,5.6459,7.7822,11.902,16.633,24.873,32.044,38.301,42.268,46.846,50.356,54.476,57.527,61.495,64.699,68.667,73.092,77.67,79.958,83.01,84.078,86.825,88.504,90.793,94.455,96.744,99.033,102.69,104.53,106.81,108.19,110.63,111.39,115.05,117.8,123.45,125.13,128.79,133.06,139.62,145.57,152.75,158.85,166.17,170.14,175.63,178.38,183.42,188.6,197.45,204.93,214.7,222.17,231.64,241.1,251.32,260.17,269.02,276.04,284.43,292.52,301.37,306.56,311.14,313.58,317.7,320.9,323.95,326.09,328.23,328.68,328.99,328.23,328.68,329.45,330.06,325.02,321.36,316.63,316.02,315.41,316.32,315.87,312.81,309.31,306.56,302.9,300.61,295.57,288.86,279.4,271.92,262.76,255.13,248.57,243.84,238.35,232.25,224.46,215.16,205.69,198.68,193.03,191.05,189.06,188.3,184.79,180.21,170.6,162.05,154.12,146.49,136.57,130.16,123.45,117.04,111.7,110.93,110.48,111.55,110.63,111.7,110.93,112.92,114.44,117.19,114.6,111.09,106.97,106.81,108.19,108.95,108.19,110.32,111.24,112,108.49,109.26,108.19,106.36,105.14,105.59,108.19,115.05,122.53,127.87,129.55,131.38,132.3,136.42,137.33,139.93,142.06,146.03,148.78,152.13,152.75,153.51,157.17,160.22,160.99,159,153.2,148.17,142.83,138.86,132.15,128.33,125.13,122.68,118.87,115.51,110.32,106.66,102.08,98.117,94.15,93.844,91.556,91.25,90.487,93.692,95.065,95.218,89.572,83.163,75.686,67.904,61.8,59.206,59.053,61.495,60.427,61.19,58.29,55.086,47.761,42.726,36.775,32.655,28.077,23.347,16.785,13.123,9.4607,7.3244,5.1881,5.6459,4.12,4.2726,2.5941,1.5259,-3.2044,-6.5615,-11.139,-17.396,-25.941,-33.876,-43.184,-51.118,-61.495,-68.667,-79.348,-89.267,-99.033,-103.46,-106.81,-109.26,-114.14,-118.87,-122.84,-126.5,-129.7,-131.99,-134.28,-134.43,-136.11,-136.57,-138.4,-138.71,-140.08,-139.01,-137.33,-136.88,-136.27,-133.98,-131.99,-130.92,-129.4,-125.28,-123.45,-119.33,-116.89,-114.14,-112.92,-110.32,-108.04,-107.12,-107.12,-107.27,-106.51,-104.83,-103.15,-100.71,-99.49,-96.438,-96.438,-95.981,-97.659,-98.117,-97.354,-94.607,-91.098,-86.52,-81.637,-76.754,-74.465,-70.956,-69.124,-65.92,-65.462,-63.784,-63.631,-63.631,-65.462,-67.293,-69.124,-70.04,-71.108,-71.108,-71.871,-71.718,-74.313,-74.16,-76.296,-76.601,-78.28,-79.196,-80.721,-83.163,-86.52,-89.724,-93.234,-95.676,-99.49,-99.643,-99.185,-97.659,-98.422,-96.744,-96.286,-93.997,-92.624,-92.471,-92.929,-93.997,-95.065,-97.354,-102.85,-107.43,-114.6,-120.7,-131.99,-142.52,-155.03,-165.72,-175.48,-181.59,-183.72,-186.77,-191.5,-193.49,-198.07,-203.41,-211.49,-218.05,-224.31,-228.28,-232.25,-235.45,-239.72,-244.61,-248.27,-249.49,-245.98,-236.67,-225.53,-214.39,-206.15,-195.17,-182.81,-165.56,-146.79,-123.91,-104.53,-87.588,-74.618,-65.004,-56.307,-49.898,-46.541,-43.031,-38.759,-32.197,-25.483,-16.175,-7.3244,1.6785,5.1881,5.6459,3.9674,0.76296,-4.2726,-8.24,-12.055,-14.191,-16.633,-19.684,-29.756,-38.301,-47.456,-56.459,-66.378,-75.533,-81.942,-88.351,-95.218,-101.78,-107.43,-111.85,-114.9,-116.73,-122.23,-129.4,-138.55,-144.51,-149.39,-151.22,-149.85,-144.51,-138.1,-131.53,-126.35,-122.99,-120.09,-112.77,-106.97,-99.033,-93.081,-89.114,-88.809,-88.809,-89.877,-91.708,-92.471,-92.624,-89.877,-84.841,-76.296,-66.53,-58.29,-52.339,-49.135,-44.862,-44.099,-44.252,-46.083,-44.252,-42.421,-42.116,-41.658,-40.59,-39.216,-36.317,-32.044,-23.804,-15.412,-4.7304,3.9674,12.513,18.311,23.347,24.873,25.025,24.262,25.941,29.298,32.502,37.08,41.658,45.015,48.524,50.203,51.881,50.356,49.593,47.609,46.541,44.862,45.015,46.236,47.304,47.609,48.524,47.456,45.93,42.573,43.031,44.71,48.83,55.391,63.631,68.667,74.16,78.585,84.536,90.793,98.117,104.07,109.87,112.31,114.9,116.73,119.17,119.79,122.07,123.6,127.41,132.3,139.01,145.88,150.46,153.36,157.02,159.15,162.82,165.41,168.77,169.68,172.58,173.04,174.26,172.12,171.67,170.45,169.53,168.16,169.84,170.75,173.8,175.79,180.67,182.65,186.93,189.21,193.95,198.22,204.93,207.37,209.36,209.97,213.02,215.92,221.26,222.63,224.62,226.29,231.79,234.38,236.67,238.04,240.64,239.57,238.5,238.35,237.59,235.6,233.16,229.04,226.14,224.92,225.23,223.24,223.4,224.77,228.28,230.41,231.94,231.18,230.87,231.03,231.03,230.57,231.03,230.11,228.13,224.46,222.79,221.87,223.85,225.07,226.6,227.36,229.19,231.18,232.09,232.86,231.64,229.35,224.77,218.82,214.24,208.9,203.56,194.56,185.55,173.5,161.9,148.63,134.59,120.4,107.58,94.302,80.569,67.293,54.018,41.047,32.655,23.194,14.496,8.0874,7.1718,6.4089,7.0193,7.1718,9.9185,13.428,16.022,15.259,16.022,17.09,17.548,14.496,12.665,9.003,4.4252,-3.6622,-8.8504,-11.444,-13.123,-14.344,-14.496,-15.107,-15.717,-16.785,-16.785,-18.159,-18.921,-23.194,-25.025,-28.23,-29.756,-33.418,-34.944,-37.233,-39.369,-40.437,-40.742,-42.268,-43.031,-43.794,-44.252,-46.541,-47.914,-50.508,-51.729,-54.628,-56.612,-59.664,-62.868,-67.904,-73.244,-78.433,-83.01,-86.52,-88.809,-93.387,-97.964,-104.37,-109.87,-116.12,-119.17,-122.68,-124.97,-125.58,-123.75,-122.84,-123.45,-124.06,-122.99,-121.01,-117.65,-113.83,-105.14,-95.218,-83.621,-73.397,-61.953,-50.813,-37.843,-26.399,-13.428,0.15259,12.818,24.873,37.996,51.271,66.836,77.212,85.757,91.098,98.88,103.31,107.27,106.2,105.14,104.22,104.83,103.31,100.71,92.624,83.316,72.634,64.089,53.56,46.999,39.064,34.639,27.009,21.516,16.938,12.207,7.3244,5.0356,3.6622,0.61037,-6.4089,-11.444,-17.396,-20.905,-25.941,-29.45,-34.639,-41.2,-50.356,-59.206,-66.988,-74.16,-81.637,-87.13,-93.997,-101.32,-108.95,-113.22,-119.63,-124.82,-129.86,-131.38,-133.21,-135.35,-139.77,-145.12,-150.61,-154.42,-156.25,-156.25,-157.17,-155.95,-157.02,-155.34,-155.95,-156.87,-159,-160.53,-163.88,-169.53,-174.72,-177.77,-179.45,-179.45,-178.69,-175.79,-174.26,-173.8,-172.43,-169.23,-168.16,-166.78,-166.48,-165.72,-163.58,-160.68,-157.02,-153.2,-149.85,-148.32,-149.39,-149.54,-149.54,-146.79,-144.51,-137.03,-130.01,-121.62,-114.75,-110.78,-108.19,-107.27,-106.36,-104.07,-98.727,-91.861,-86.825,-80.721,-75.533,-68.514,-62.105,-52.339,-43.947,-36.47,-28.535,-21.363,-15.107,-9.1556,-3.8148,0.45778,3.2044,6.2563,7.9348,11.597,13.733,14.801,12.665,12.207,11.444,11.444,12.36,13.886,15.564,18.769,21.821,26.704,30.366,34.486,37.08,40.895,42.421,44.099,41.2,38.759,34.791,29.908,25.636,23.957,24.262,25.788,27.009,31.739,36.47,40.895,41.81,44.557,44.252,44.557,44.404,45.167,45.93,48.372,50.661,53.102,54.781,56.764,55.544,56.154,55.696,56.612,56.612,57.527,57.375,59.358,60.427,60.579,58.901,57.68,58.596,59.206,56.307,54.781,50.813,47.609,41.658,37.08,31.434,28.84,26.399,24.11,22.431,22.736,22.889,25.483,29.145,34.333,39.369,46.236,50.966,57.222,61.495,65.767,67.751,69.887,71.261,74.77,79.043,82.553,84.689,85.604,86.215,89.877,89.877,89.114,86.062,85.757,83.163,81.332,78.89,75.381,69.43,63.326,57.222,50.05,41.658,36.47,29.756,25.025,19.837,16.48,13.733,13.123,11.902,10.681,10.071,12.665,15.564,17.396,16.938,16.938,18.159,20.753,20.753,20.905,18.006,14.801,11.139,10.681,10.376,8.3926,6.1037,4.4252,3.0519,0.76296,-0.76296,-0.91556,-4.12,-8.5452,-15.412,-20.295,-26.856,-30.519,-32.96,-34.639,-37.843,-39.521,-42.421,-46.083,-52.644,-59.358,-66.378,-70.04,-74.618,-78.127,-81.179,-81.942,-84.689,-89.419,-93.844,-97.201,-100.25,-101.93,-103.46,-102.54,-102.54,-103,-105.9,-104.37,-105.29,-106.97,-109.41,-107.73,-105.59,-103.46,-102.39,-103.31,-104.83,-106.05,-107.58,-108.95,-112.61,-115.82,-120.24,-124.52,-130.01,-136.42,-140.39,-141,-142.67,-146.64,-152.13,-156.71,-161.6,-165.56,-171.21,-176.24,-180.21,-181.28,-181.43,-176.85,-172.73,-169.38,-167.39,-166.02,-164.95,-165.26,-166.02,-166.33,-165.56,-162.21,-159.61,-154.73,-151.37,-150.76,-153.66,-155.49,-158.7,-164.65,-170.9,-177.92,-185.71,-192.88,-197.61,-202.03,-207.07,-208.29,-208.14,-209.66,-213.17,-214.55,-215.61,-218.21,-222.48,-227.97,-233.47,-239.42,-242.93,-241.25,-238.2,-233.92,-231.79,-228.28,-228.13,-227.97,-225.68,-223.24,-222.17,-220.8,-217.29,-213.78,-211.8,-209.81,-208.9,-207.53,-208.44,-207.68,-207.83,-207.68,-207.83,-207.68,-206.46,-204.32,-200.81,-197.3,-195.62,-194.25,-192.88,-190.74,-191.05,-190.13,-190.28,-187.69,-183.11,-177.16,-171.97,-166.94,-162.05,-159.31,-157.32,-158.09,-160.68,-157.63,-150.61,-140.69,-132.45,-124.52,-119.94,-117.8,-119.02,-120.09,-121.31,-120.24,-117.65,-114.9,-112.31,-109.26,-108.8,-108.34,-109.41,-110.93,-114.9,-118.87,-121.77,-123.29,-123.45,-121.46,-118.11,-114.6,-114.9,-115.97,-118.26,-119.33,-120.09,-118.11,-117.19,-115.51,-112.92,-109.1,-106.05,-103.46,-101.93,-98.575,-96.133,-93.997,-93.844,-91.403,-87.13,-80.569,-74.313,-66.073,-59.206,-53.255,-48.83,-45.778,-42.726,-40.132,-36.927,-31.281,-27.009,-21.21,-17.243,-12.665,-9.1556,-4.5778,-1.9837,1.0681,3.357,4.7304,5.6459,7.477,8.8504,11.75,15.107,19.99,25.33,31.281,34.944,39.064,40.132,40.437,40.895,40.742,38.759,36.622,34.028,32.502,32.655,33.723,35.249,38.759,40.132,42.421,44.557,46.541,48.677,52.797,55.391,57.07,58.901,59.816,60.274,61.647,62.41,65.157,68.056,72.176,75.838,81.027,84.689,89.267,91.861,96.133,101.78,108.04,113.53,119.48,125.58,130.77,134.74,142.06,147.86,155.19,159.76,164.19,166.48,169.84,171.06,172.43,175.33,177.47,178.69,179.91,180.67,182.04,179.75,178.99,177.31,175.94,174.57,176.55,178.23,180.67,181.43,181.28,180.36,182.04,183.57,185.86,187.84,192.11,195.93,202.03,205.85,210.43,214.85,220.95,225.68,229.96,232.86,233.77,233.47,236.37,238.04,240.94,241.1,242.16,241.4,243.23,245.37,248.57,249.49,249.49,249.95,251.17,251.32,251.17,250.1,248.88,245.52,244.15,241.4,241.1,237.59,237.59,236.98,238.2,237.89,238.5,238.5,239.72,242.32,245.22,246.13,246.89,245.67,245.37,243.69,246.13,249.95,254.07,258.03,260.63,261.39,261.09,259.87,259.87,258.95,260.32,260.02,262.76,261.85,262.31,258.95,256.51,253.46,252.69,253.76,256.51,257.58,256.51,254.83,257.12,258.03,258.95,257.88,258.64,259.71,262.61,265.21,269.33,271.16,273.75,274.82,275.58,276.5,276.8,275.12,274.36,273.6,275.43,274.06,273.45,269.63,266.58,263.37,260.17,256.97,254.83,253,251.78,248.73,245.67,242.01,239.42,235.6,234.23,231.03,228.13,223.85,221.41,218.82,217.14,214.7,212.71,209.81,206.61,202.19,200.05,194.56,189.21,183.72,178.23,170.9,165.56,159.46,152.29,144.05,137.33,130.16,123.45,117.5,112.77,107.12,103.46,99.643,95.523,88.351,81.79,75.076,68.361,62.258,56.307,50.05,42.726,35.554,30.519,23.652,18.311,10.681,5.4933,0.45778,-0.91556,-2.5941,-5.4933,-8.6978,-10.071,-13.886,-19.684,-28.077,-36.317,-46.083,-51.118,-57.07,-61.8,-68.514,-74.618,-82.095,-88.198,-94.76,-102.39,-110.78,-119.48,-126.65,-131.38,-135.04,-135.2,-135.96,-136.42,-140.23,-145.42,-153.97,-162.05,-169.99,-176.55,-181.74,-186.77,-193.49,-200.2,-207.98,-212.56,-214.55,-213.63,-213.17,-210.73,-209.2,-206.15,-205.08,-203.56,-202.64,-201.12,-198.52,-194.86,-192.57,-189.06,-187.54,-183.72,-181.28,-177.31,-174.11,-172.89,-172.28,-171.97,-171.51,-171.82,-174.11,-173.5,-175.02,-176.09,-177.77,-178.84,-182.81,-185.55,-189.06,-193.03,-197.45,-200.81,-203.71,-205.54,-210.88,-214.09,-217.44,-220.19,-226.14,-231.48,-237.43,-241.71,-245.98,-250.4,-253.76,-256.66,-258.95,-260.48,-263.07,-263.53,-266.73,-267.95,-269.48,-271.31,-273.9,-277.26,-279.85,-281.53,-283.36,-285.35,-289.16,-293.44,-300,-303.81,-307.78,-310.22,-309.92,-307.47,-303.2,-299.08,-299.54,-302.29,-301.83,-297.25,-294.81,-289.01,-280.77,-271.77,-264.44,-254.83,-243.84,-232.09,-219.12,-205.69,-191.5,-178.23,-169.07,-159,-149.39,-141.45,-136.72,-130.16,-125.89,-119.63,-112,-104.07,-93.539,-79.806,-65.92,-52.797,-42.726,-32.502,-23.499,-11.444,-5.0356,-1.3733,-2.7467,-1.3733,3.0519,9.003,14.649,20.753,23.347,24.262,24.262,23.957,19.227,15.107,10.987,10.071,8.24,8.24,7.7822,8.0874,8.8504,13.581,19.837,24.567,27.772,30.366,28.382,23.347,11.139,-3.2044,-20.753,-38.759,-59.358,-83.468,-107.58,-128.18,-145.88,-160.99,-173.5,-182.96,-193.03,-201.42,-209.2,-213.63,-218.97,-222.79,-225.38,-228.43,-233.62,-239.72,-245.67,-252.08,-257.42,-260.32,-263.83,-266.12,-269.02,-269.94,-271,-270.85,-270.39,-267.19,-262.61,-258.34,-254.68,-250.25,-244.45,-238.81,-233.77,-229.96,-228.28,-226.91,-226.91,-225.84,-226.45,-225.53,-222.02,-216.99,-210.88,-203.25,-193.33,-183.26,-174.11,-164.8,-157.78,-148.32,-140.69,-133.67,-126.35,-119.48,-113.07,-107.43,-101.02,-93.234,-84.689,-77.059,-71.108,-63.021,-55.544,-47.609,-41.2,-34.639,-27.467,-20.295,-12.36,-4.7304,1.9837,10.376,18.616,27.619,33.265,40.895,47.151,55.849,63.631,73.397,81.484,89.724,96.286,103.61,109.87,116.73,121.16,128.18,134.59,143.59,151.37,161.29,169.53,175.79,181.74,187.84,194.71,200.96,204.32,207.83,209.51,213.63,213.93,214.39,212.26,215.46,216.83,219.28,221.11,222.94,223.09,222.33,223.4,224.46,224.31,224.46,223.09,222.02,218.51,215.61,212.71,211.19,210.58,208.75,205.85,201.57,197,192.11,187.23,183.87,177.47,172.12,166.17,164.8,163.58,165.11,166.78,169.84,171.67,174.57,176.55,180.21,182.96,187.99,192.72,199.74,201.88,206,208.59,212.87,216.53,221.72,226.14,230.11,234.53,239.27,242.93,246.74,249.64,254.68,257.73,260.17,261.39,265.36,267.8,270.09,271.46,274.67,276.04,277.72,278.18,278.33,276.5,276.5,274.36,272.07,268.72,267.95,264.6,264.9,263.68,264.29,263.37,262,259.71,258.34,256.97,256.05,256.2,258.64,258.64,258.8,255.9,254.07,251.17,248.42,243.84,237.28,228.74,222.33,217.44,214.7,211.04,210.27,208.44,207.53,202.64,198.83,189.83,181.74,175.79,172.89,170.9,168.77,166.48,165.72,164.49,163.43,160.53,161.6,161.75,162.82,163.88,165.72,166.33,167.85,169.38,171.97,172.58,171.82,170.14,169.07,167.09,168,168,169.23,169.07,170.9,171.06,170.75,169.99,169.07,166.02,161.75,157.32,154.12,149.85,143.89,135.2,128.03,121.46,119.48,118.26,119.17,118.87,117.34,115.97,116.58,117.04,116.43,116.73,119.02,121.62,126.35,128.79,131.38,131.23,131.69,128.79,126.35,123.45,121.92,121.16,121.31,120.4,118.87,115.21,113.99,111.55,108.95,101.63,94.455,86.825,81.637,77.059,74.313,71.566,68.209,65.004,61.647,56.764,50.813,45.167,40.59,36.622,35.554,34.791,34.639,32.502,30.366,26.856,22.736,18.616,15.564,13.123,11.444,8.24,6.1037,3.8148,3.6622,3.5096,5.4933,5.1881,6.7141,7.9348,7.3244,6.4089,5.1881,2.1363,-0.30519,-3.357,-10.071,-16.785,-20.753,-25.025,-25.178,-24.415,-22.279,-22.126,-21.821,-23.499,-23.804,-24.11,-21.363,-19.532,-17.09,-14.649,-11.139,-8.6978,-6.7141,-8.3926,-10.529,-15.107,-19.837,-25.33,-29.145,-30.519,-28.535,-26.551,-21.821,-20.447,-17.548,-18.616,-18.769,-20.905,-18.921,-18.769,-15.717,-13.886,-11.292,-8.24,-2.2889,2.7467,7.9348,10.987,14.954,16.022,18.769,18.616,18.464,18.006,19.074,20.447,21.363,22.584,23.194,20.905,18.616,14.801,10.071,4.12,0.76296,-5.1881,-8.8504,-11.75,-12.207,-14.801,-19.379,-21.821,-21.21,-22.431,-25.025,-27.924,-29.603,-33.265,-36.775,-43.794,-48.677,-54.933,-55.849,-55.696,-53.865,-52.492,-49.44,-48.83,-50.05,-51.576,-49.593,-51.271,-51.729,-55.544,-58.443,-62.716,-65.462,-68.361,-71.261,-74.618,-75.533,-75.838,-74.007,-73.092,-73.855,-79.348,-82.247,-83.621,-82.247,-83.926,-86.215,-89.267,-89.877,-91.25,-92.624,-93.844,-93.234,-91.25,-89.877,-90.487,-89.724,-91.098,-90.64,-91.708,-90.64,-91.556,-91.556,-90.793,-91.556,-93.387,-95.676,-100.1,-104.37,-110.17,-113.99,-120.4,-125.43,-131.23,-134.13,-136.42,-136.11,-135.5,-134.74,-133.37,-132.76,-132.76,-132.6,-134.89,-136.27,-140.08,-141.45,-145.73,-149.39,-154.27,-155.64,-156.1,-157.48,-159.61,-161.75,-166.33,-169.68,-172.43,-174.41,-178.23,-179.45,-182.5,-183.72,-185.09,-183.87,-182.35,-181.89,-181.59,-180.67,-178.99,-177.16,-176.24,-174.72,-176.09,-176.24,-175.94,-173.19,-173.5,-175.02,-178.38,-182.5,-186.47,-190.89,-193.95,-196.54,-198.22,-195.93,-193.03,-188.76,-185.4,-180.82,-177.77,-173.19,-168.92,-165.72,-165.26,-165.26,-164.8,-163.88,-162.51,-159.31,-156.25,-151.98,-151.37,-149.54,-147.71,-143.59,-139.47,-133.98,-130.47,-128.18,-126.5,-125.28,-124.21,-121.92,-120.55,-118.87,-119.17,-116.89,-115.51,-114.14,-114.75,-116.58,-117.19,-117.04,-116.43,-116.73,-117.19,-115.51,-115.05,-112.46,-108.65,-104.22,-101.47,-99.49,-98.727,-97.812,-99.338,-99.796,-101.32,-102.39,-104.53,-105.9,-109.87,-111.39,-112.31,-110.32,-107.58,-103.61,-101.47,-100.25,-96.438,-89.877,-84.994,-81.79,-79.806,-73.244,-67.751,-62.868,-60.121,-57.375,-56.154,-52.644,-48.524,-43.184,-38.606,-33.876,-28.84,-24.262,-20.295,-15.87,-15.107,-11.292,-8.0874,-5.9511,-6.1037,-6.5615,-10.376,-12.513,-13.123,-11.902,-10.529,-8.0874,-8.5452,-8.24,-10.529,-10.224,-10.529,-9.7659,-10.529,-10.376,-9.4607,-7.7822,-8.3926,-7.3244,-5.6459,0.30519,4.883,9.6133,13.123,19.379,24.11,29.603,33.418,36.927,39.979,43.184,45.32,49.898,52.95,57.68,59.664,62.105,61.953,62.716,62.105,62.563,63.784,67.141,68.819,70.65,70.193,71.871,71.413,73.55,72.634,75.533,76.907,79.958,83.926,88.656,91.861,96.286,99.796,103.15,105.14,107.43,104.22,102.39,97.964,93.539,85.757,79.348,73.702,70.498,68.209,68.361,68.209,68.209,66.073,67.141,68.514,70.65,69.735,68.056,62.716,57.527,47.304,37.08,26.246,15.107,4.4252,-1.3733,-5.3407,-9.1556,-15.259,-20.447,-27.009,-32.044,-37.385,-40.742,-46.388,-50.966,-56.459,-61.037,-62.105,-60.427,-60.427,-64.852,-67.751,-66.378,-63.631,-60.884,-59.664,-56.917,-54.323,-49.898,-47.761,-45.93,-42.879,-37.69,-29.908,-20.142,-9.7659,0.30519,6.4089,10.681,12.818,17.396,20.295,24.11,26.246,28.535,30.061,33.876,37.996,42.879,48.372,53.255,54.781,54.933,53.713,53.865,52.644,53.865,53.407,56.154,57.07,59.816,61.953,64.394,62.563,62.563,64.394,67.904,66.836,68.056,66.988,66.378,64.699,64.852,63.326,62.716,62.105,63.631,64.089,65.004,63.936,65.615,65.767,67.598,69.735,75.533,81.332,89.114,97.201,105.29,111.09,113.68,114.75,112.61,106.81,102.08,95.981,92.929,88.351,85.147,77.822,70.65,62.716,55.544,46.388,37.996,29.756,24.415,18.311,13.733,7.1718,0.30519,-7.6296,-13.123,-19.99,-23.804,-28.077,-33.723,-41.2,-47.761,-53.56,-58.138,-63.021,-65.462,-70.193,-72.481,-77.517,-80.569,-85.147,-87.13,-86.825,-85.91,-86.825,-87.436,-86.825,-84.994,-82.4,-78.433,-76.449,-73.244,-70.498,-65.615,-60.274,-53.407,-46.999,-39.674,-32.35,-26.093,-18.006,-7.3244,2.1363,11.444,18.464,27.772,34.944,43.947,50.966,58.138,62.41,68.209,71.718,76.296,80.111,82.858,85.147,87.741,90.182,90.793,90.945,91.098,88.351,89.419,88.656,88.809,87.436,86.52,84.078,81.942,79.958,80.569,80.416,81.027,81.942,86.215,90.64,98.88,105.59,113.99,119.17,124.97,130.77,140.23,145.27,149.54,153.2,158.09,160.22,161.29,160.53,163.12,163.88,166.48,168.46,171.67,169.38,163.43,153.05,140.08,128.48,121.16,112.77,104.68,96.744,91.098,82.553,73.397,62.105,52.644,41.81,31.281,21.21,13.123,7.0193,2.4415,-2.4415,-3.0519,-4.5778,-7.0193,-12.207,-17.09,-24.873,-34.181,-46.388,-56.612,-66.988,-77.364,-85.604,-94.455,-102.08,-107.43,-111.85,-114.14,-116.28,-117.04,-121.46,-126.8,-134.13,-139.93,-146.34,-151.07,-154.88,-156.56,-156.1,-157.78,-159.76,-162.21,-164.49,-166.63,-171.97,-176.24,-179.3,-178.53,-175.79,-171.36,-168.46,-167.55,-165.56,-163.43,-160.37,-157.02,-155.49,-154.88,-155.64,-153.51,-155.19,-155.19,-155.8,-155.49,-156.71,-158.39,-159.76,-160.22,-158.09,-153.97,-148.32,-142.67,-138.86,-134.43,-131.69,-128.48,-128.18,-128.33,-129.86,-133.37,-136.72,-139.01,-140.69,-144.35,-149.54,-153.05,-155.19,-154.12,-152.29,-149.54,-148.47,-144.96,-141.3,-136.11,-130.16,-122.84,-117.04,-112.16,-110.63,-110.48,-112.92,-113.83,-117.5,-121.31,-123.45,-122.99,-123.45,-123.75,-122.84,-121.92,-121.92,-120.4,-117.19,-115.36,-115.21,-113.38,-113.22,-112.77,-113.83,-115.51,-116.28,-116.28,-116.89,-115.36,-112.77,-110.48,-108.49,-105.14,-101.63,-97.507,-92.624,-85.299,-80.721,-77.212,-76.144,-74.618,-74.16,-74.618,-74.465,-73.702,-71.261,-67.293,-66.836,-67.293,-68.361,-64.394,-58.596,-52.644,-50.966,-51.881,-51.576,-53.407,-57.833,-63.631,-70.193,-75.076,-81.942,-84.994,-86.673,-86.062,-84.994,-82.705,-78.127,-73.55,-68.361,-63.021,-59.664,-57.527,-56.001,-52.492,-53.713,-54.933,-59.358,-64.089,-67.598,-65.462,-63.784,-63.936,-65.31,-65.767,-67.293,-71.108,-76.907,-81.484,-89.267,-92.318,-92.776,-91.403,-90.64,-87.13,-82.095,-76.144,-71.718,-67.751,-65.615,-64.852,-64.241,-62.868,-62.105,-59.358,-60.274,-61.8,-63.631,-61.953,-57.375,-52.644,-47.456,-42.268,-37.233,-29.908,-22.126,-15.564,-13.276,-10.681,-10.376,-11.139,-11.902,-9.4607,-6.4089,-1.8311,1.0681,3.357,5.0356,5.1881,5.6459,8.3926,11.292,15.412,17.853,23.347,30.366,41.047,51.271,63.021,73.092,82.4,91.25,100.25,108.04,115.82,121.46,130.62,138.1,144.66,149.08,156.71,163.12,169.23,172.43,175.33,180.67,188.3,194.4,199.59,205.69,212.71,214.24,214.85,213.93,216.22,217.75,220.04,218.21,216.22,210.88,205.39,201.57,199.59,194.4,189.52,183.42,180.52,177.77,177.47,173.96,171.51,168.16,167.55,164.65,162.05,158.7,154.42,149.08,144.96,139.01,134.28,131.84,132.6,129.25,124.97,119.33,119.33,118.72,117.95,114.9,111.7,109.41,108.49,109.1,110.17,108.49,105.75,101.93,99.185,95.218,92.166,88.198,85.299,80.721,74.923,68.056,62.563,58.748,55.238,51.881,50.508,50.05,52.492,55.238,61.647,66.073,70.65,72.787,76.601,81.027,86.215,89.114,90.03,91.556,94.455,98.575,105.14,110.32,115.82,119.02,122.53,123.29,127.41,129.55,131.08,130.62,131.23,131.53,130.92,129.55,126.5,121.16,116.89,111.7,108.65,101.17,95.676,89.572,85.299,79.196,74.923,71.108,66.988,63.021,61.495,59.664,57.375,54.781,53.865,50.813,49.135,45.778,44.404,40.132,35.096,29.145,23.194,16.938,13.733,12.513,11.139,9.1556,9.003,5.4933,1.8311,-1.5259,-2.2889,-2.7467,-1.2207,0.15259,1.6785,2.5941,3.9674,4.7304,4.4252,2.4415,1.3733,0.76296,2.1363,1.8311,2.7467,3.357,6.5615,8.5452,12.818,14.191,13.276,13.733,14.039,12.665,11.75,9.9185,8.5452,4.7304,2.7467,-0.30519,-1.5259,-2.4415,-0.30519,0.30519,-1.0681,-2.7467,-6.4089,-10.529,-13.733,-19.684,-23.194,-25.483,-27.009,-30.519,-31.129,-31.739,-29.298,-25.483,-20.447,-12.36,-6.8667,-1.9837,4.7304,9.9185,12.97,13.886,15.259,16.633,23.194,27.161,30.213,30.824,30.976,28.687,26.704,27.924,32.197,33.57,33.265,31.434,28.687,28.687,31.892,33.876,36.47,38.301,40.59,39.369,39.674,39.064,38.148,40.742,48.219,56.154,64.089,68.667,71.261,70.803,69.887,68.361,67.446,64.394,60.884,59.053,59.053,59.969,60.274,57.375,54.17,48.067,43.031,35.859,30.519,25.178,23.804,23.347,24.567,22.431,21.058,19.684,16.785,14.954,15.564,15.107,13.733,11.139,9.6133,7.0193,4.12,-0.30519,-2.8993,-6.5615,-8.3926,-10.834,-13.123,-15.87,-18.006,-20.295,-24.11,-27.772,-30.213,-32.96,-33.113,-35.554,-36.927,-40.132,-42.726,-45.32,-44.404,-44.71,-45.167,-45.015,-46.388,-47.609,-48.982,-50.966,-51.576,-53.407,-52.034,-53.102,-55.849,-59.664,-61.8,-63.936,-65.004,-63.784,-62.563,-60.121,-56.001,-53.255,-50.966,-48.372,-43.336,-40.132,-34.181,-27.467,-18.311,-10.529,-4.2726,-1.2207,0.76296,4.5778,9.7659,15.259,21.821,23.957,27.161,28.84,32.502,33.418,35.707,35.401,36.164,37.538,41.2,43.489,45.93,47.914,50.813,52.492,56.764,57.985,60.579,60.884,62.716,63.478,64.699,64.547,64.852,65.767,66.988,68.056,71.108,72.787,75.381,75.686,77.517,79.348,82.858,84.689,87.436,88.656,88.961,88.351,88.961,89.419,89.724,89.267,90.945,90.793,92.776,92.471,94.607,95.981,98.88,100.56,103.92,106.05,109.41,111.24,114.14,115.51,119.17,120.24,122.84,121.46,122.23,122.53,124.06,124.82,126.8,127.72,129.25,129.25,130.31,131.69,134.28,136.27,138.4,139.32,142.37,143.74,146.79,147.71,149.08,150.76,152.59,154.12,154.88,155.95,156.56,155.64,154.58,153.05,153.36,153.66,156.56,159.31,161.29,161.44,160.68,160.37,161.29,162.82,164.49,164.34,165.11,163.88,162.51,159.31,155.95,151.07,148.47,146.34,144.81,142.52,140.08,135.65,134.89,133.98,134.89,132.45,132.76,131.69,131.53,129.55,130.47,131.99,132.3,132.6,134.28,135.2,136.42,135.5,135.35,134.43,135.96,135.65,137.64,136.88,138.25,139.16,141.3,142.22,143.28,143.13,142.37,140.39,139.01,135.2,131.38,126.5,124.82,123.91,125.28,125.43,126.04,127.26,130.01,131.38,133.67,134.28,134.89,133.52,134.13,133.06,132.45,131.53,134.13,134.13,136.11,136.88,137.49,138.4,140.08,142.22,144.35,144.81,146.34,146.03,145.73,144.05,143.28,140.69,138.25,136.72,136.88,137.64,137.64,136.27,135.04,134.13,134.13,131.53,130.01,126.65,124.52,121.62,119.63,117.19,114.29,112.92,111.55,108.49,103.76,97.201,92.013,85.452,81.027,72.329,63.021,49.135,36.164,17.853,-2.5941,-22.889,-41.2,-59.358,-81.484,-106.51,-130.92,-157.02,-180.21,-200.35,-212.87,-220.34,-221.41,-215.46,-194.86,-163.88,-129.86,-91.25,-34.944,48.219,156.71,260.78,355.54,438.09,507.98,597.55,693.23,724.36,709.1,645.01,560.62,534.07,532.55,510.73,476.09,418.1,344.71,287.18,272.84,261.85,221.11,182.5,170.29,138.71,97.812,86.825,94.607,86.978,62.716,37.843,15.259,-5.9511,-17.548,-26.246,-38.453,-65.767,-98.88,-140.08,-184.79,-215.31,-212.56,-186.47,-162.05,-148.32,-150.46,-177.01,-221.72,-275.43,-319.53,-343.33,-333.57,-307.47,-284.59,-276.19,-279.55,-296.33,-313.27,-317.39,-310.83,-308.69,-304.73,-298.01,-294.2,-293.59,-293.13,-297.25,-308.24,-328.07,-344.4,-361.64,-380.57,-388.04,-381.79,-375.07,-372.33,-378.28,-408.8,-462.97,-519.73,-566.58,-598.77,-617.54,-621.81,-617.85,-614.18,-615.41,-625.32,-649.13,-685.9,-726.95,-765.4,-794.7,-798.97,-775.93,-745.72,-730.46,-730.16,-747.4,-777.61,-810.42,-837.89,-857.88,-866.88,-859.71,-843.99,-833.77,-834.22,-845.52,-863.22,-888.85,-914.49,-930.81,-934.32,-932.04,-922.73,-903.04,-879.7,-861.84,-853.14,-855.28,-861.84,-863.67,-853.76,-838.34,-822.78,-813.62,-810.27,-812.56,-821.56,-829.65,-829.8,-820.49,-804.62,-789.06,-775.78,-768.46,-758.08,-746.02,-735.5,-734.43,-740.23,-753.04,-774.1,-793.79,-799.13,-782.95,-738.7,-674.31,-613.12,-571.76,-551.93,-548.72,-552.39,-561.54,-571.15,-581.38,-585.34,-574.36,-552.69,-519.58,-478.07,-440.69,-410.02,-392.77,-388.81,-390.18,-395.06,-404.37,-406.81,-400.4,-385.3,-362.56,-339.52,-323.5,-313.43,-304.57,-296.03,-289.47,-285.65,-285.2,-282.45,-276.96,-261.09,-238.81,-220.34,-208.75,-199.74,-184.48,-167.7,-156.25,-157.93,-171.21,-184.18,-193.49,-198.37,-193.18,-176.55,-159.61,-145.57,-131.23,-119.63,-115.82,-122.23,-135.2,-150.46,-165.56,-176.85,-187.38,-194.4,-191.5,-169.53,-135.04,-99.796,-73.855,-62.563,-67.141,-75.686,-85.604,-98.117,-111.7,-122.68,-132.76,-141,-144.66,-136.42,-123.14,-112,-102.08,-96.744,-93.844,-92.318,-94.302,-94.15,-93.081,-89.877,-86.825,-81.332,-76.296,-67.598,-59.511,-54.628,-53.255,-51.881,-47.761,-45.473,-44.71,-46.693,-52.187,-56.459,-62.258,-64.547,-64.241,-51.424,-32.044,-16.327,-5.9511,0.76296,5.3407,10.529,17.243,27.619,39.216,51.729,60.274,66.988,69.887,69.887,73.397,80.569,91.098,105.14,117.34,126.96,135.35,147.71,157.32,165.72,172.89,181.28,187.54,193.33,195.62,193.49,190.44,189.21,186.01,183.42,181.74,182.81,185.4,191.81,198.22,204.78,207.98,213.32,218.36,222.33,222.63,225.07,227.67,231.18,233.62,234.53,233.62,235.3,235.6,236.37,236.67,236.67,237.28,240.18,246.28,257.58,270.85,285.2,297.1,309.46,319.22,329.45,336.47,341.5,342.42,343.49,344.55,346.39,348.06,348.06,347.3,348.37,348.67,350.35,352.79,355.85,357.68,361.49,365.15,369.12,370.95,372.33,372.48,374.31,377.06,379.65,382.85,385.91,385.91,387.43,388.65,395.06,400.71,410.17,419.17,429.55,440.23,451.06,459.3,466.78,472.43,477,479.9,484.18,487.69,492.11,494.71,499.89,502.49,503.56,502.79,502.79,504.32,506.45,507.98,510.12,510.27,509.35,505.54,501.72,495.93,495.32,495.16,495.32,496.23,496.54,493.79,489.21,484.18,479.6,476.24,473.95,471.82,471.66,469.37,467.39,462.81,459.46,453.81,449.84,445.11,441.91,438.25,432.75,425.58,417.04,407.42,399.79,390.18,381.94,374.46,368.66,362.87,359.36,356.46,355.54,353.71,352.79,350.81,347.76,343.79,341.04,337.69,333.72,323.95,317.85,312.66,308.39,304.57,299.54,290.54,281.23,272.23,263.83,255.59,247.96,239.42,230.26,222.33,218.05,213.48,212.41,211.19,212.71,214.09,217.6,222.17,227.21,231.03,233.47,234.84,235.45,236.06,237.43,237.43,239.27,239.11,239.27,239.72,240.33,239.27,238.5,237.13,236.98,236.52,235.76,234.23,231.94,229.04,227.06,224.46,223.4,220.8,219.12,218.05,217.75,217.75,217.6,217.44,219.12,219.89,222.02,222.33,223.7,222.94,225.07,226.45,228.74,229.5,232.09,232.25,231.79,231.48,231.79,231.94,232.25,231.18,230.72,229.19,229.19,227.67,227.52,225.07,224.16,221.41,219.43,218.36,218.82,219.43,220.95,222.94,226.45,228.28,230.26,229.04,228.58,227.06,227.06,227.97,229.35,230.87,234.08,237.28,240.49,243.54,245.98,246.59,247.51,247.66,249.64,250.25,251.93,252.54,252.54,253.61,253.76,253.91,253.15,252.24,251.01,248.12,245.37,242.16,240.79,238.5,238.04,235.76,234.23,232.4,231.94,230.87,230.57,229.96,230.72,230.87,230.72,227.97,226.29,224.01,223.24,221.11,220.34,218.21,216.99,215.92,215.61,216.22,215.46,212.26,208.75,202.8,198.07,191.5,187.23,180.82,175.18,168.77,164.95,162.66,159.76,158.24,157.93,157.63,156.56,154.73,152.44,149.54,148.47,147.71,148.47,147.4,147.25,147.1,146.49,145.88,145.27,144.2,143.59,142.06,141.3,141.3,144.81,146.18,148.78,150.15,154.27,156.1,157.02,154.58,151.37,149.69,148.93,147.25,144.81,142.98,144.05,143.13,142.83,140.23,138.4,136.27,135.5,132.45,129.09,125.58,120.7,114.14,108.8,104.22,101.93,100.1,100.1,97.354,94.76,91.556,89.724,86.062,83.621,81.79,79.958,77.975,74.923,71.413,70.345,69.43,71.566,72.787,74.465,72.939,71.261,69.43,68.972,69.277,69.277,69.277,69.582,68.209,66.225,63.173,63.326,63.936,65.92,64.547,64.394,62.868,60.427,55.849,50.356,44.252,39.216,35.249,32.35,29.908,30.976,31.434,32.655,32.655,32.655,31.129,32.044,30.061,28.535,27.467,25.941,23.041,19.837,17.396,16.175,14.649,14.801,14.801,16.785,16.633,17.701,18.159,18.616,18.159,17.396,18.311,19.379,18.311,16.938,15.412,15.564,14.496,14.344,12.36,12.513,12.055,11.902,12.36,11.139,7.9348,5.0356,0.76296,-1.3733,-3.9674,-4.12,-3.8148,-4.2726,-6.4089,-6.5615,-7.6296,-8.0874,-10.224,-12.36,-14.496,-16.175,-18.159,-18.311,-18.464,-16.633,-14.801,-12.97,-12.513,-10.529,-10.681,-9.4607,-8.6978,-7.3244,-5.7985,-2.7467,-0.61037,2.2889,4.5778,7.6296,7.9348,7.1718,4.2726,3.357,0.45778,-2.5941,-5.9511,-8.6978,-13.581,-20.295,-28.23,-37.843,-45.32,-50.356,-58.443,-65.615,-74.465,-80.721,-86.367,-89.572,-94.607,-98.727,-101.93,-106.2,-110.02,-116.28,-122.99,-129.7,-137.03,-142.52,-147.71,-151.22,-155.95,-160.37,-168,-173.35,-178.99,-182.65,-187.38,-191.35,-196.23,-199.74,-202.95,-202.8,-203.71,-203.56,-204.78,-204.78,-206.46,-205.08,-204.32,-204.17,-202.95,-199.29,-196.84,-195.32,-195.78,-194.56,-193.64,-190.74,-190.59,-188.45,-187.08,-182.04,-177.47,-171.67,-167.39,-162.97,-159,-152.44,-145.88,-137.79,-133.67,-127.72,-123.14,-117.34,-113.68,-108.04,-104.83,-101.47,-99.033,-96.591,-94.607,-92.929,-92.776,-91.861,-91.098,-88.809,-89.724,-88.504,-88.351,-86.062,-85.604,-83.926,-83.773,-83.163,-83.316,-82.553,-83.621,-83.316,-83.773,-81.942,-81.637,-80.721,-80.874,-79.958,-83.468,-85.757,-86.978,-86.367,-85.604,-84.689,-82.705,-79.806,-76.907,-73.702,-73.855,-72.024,-73.397,-73.092,-74.618,-72.634,-71.718,-68.972,-67.141,-65.615,-65.462,-63.936,-63.784,-63.021,-61.647,-56.764,-55.086,-52.492,-51.729,-49.898,-49.898,-47.304,-45.778,-43.794,-42.573,-41.047,-41.353,-40.59,-39.674,-38.606,-39.979,-37.233,-36.317,-33.113,-33.57,-32.655,-33.876,-33.57,-35.859,-39.064,-42.879,-46.999,-52.644,-58.29,-63.936,-66.836,-71.108,-74.16,-78.89,-81.484,-85.147,-87.741,-90.64,-93.081,-94.913,-94.913,-95.523,-93.539,-91.556,-88.961,-89.267,-89.267,-92.166,-95.676,-102.85,-108.95,-115.67,-120.85,-125.74,-126.8,-126.5,-124.52,-123.14,-121.62,-122.07,-118.72,-115.51,-113.38,-114.14,-114.75,-113.83,-110.17,-104.98,-100.86,-99.643,-98.727,-98.88,-100.71,-101.63,-98.88,-98.88,-97.507,-97.812,-96.744,-97.507,-98.117,-99.033,-99.49,-99.49,-99.033,-99.49,-98.88,-98.27,-97.049,-95.523,-94.302,-96.591,-98.88,-104.07,-107.73,-112.31,-112.31,-109.56,-107.12,-104.07,-99.643,-97.201,-97.201,-96.438,-93.081,-90.64,-86.825,-85.757,-83.316,-81.942,-80.111,-79.043,-77.059,-76.296,-75.991,-76.601,-74.77,-72.939,-70.65,-72.329,-74.007,-77.975,-81.484,-87.436,-92.471,-98.727,-103.92,-109.1,-112.77,-114.14,-112.77,-112,-112,-112,-110.48,-112.31,-111.85,-111.09,-110.17,-113.68,-116.28,-117.19,-117.8,-121.77,-127.11,-133.06,-136.88,-138.4,-136.57,-136.72,-134.28,-133.98,-131.69,-129.7,-127.41,-127.11,-126.35,-125.89,-125.28,-124.06,-120.4,-117.95,-113.38,-111.39,-110.02,-113.53,-117.5,-121.92,-122.53,-122.84,-123.14,-122.99,-121.16,-119.02,-115.67,-112.77,-108.8,-107.43,-103.31,-98.727,-93.844,-92.166,-91.708,-91.861,-92.318,-93.539,-94.302,-95.37,-96.591,-99.185,-100.71,-102.39,-101.63,-103,-102.69,-103.61,-103.46,-104.83,-105.9,-105.14,-104.07,-104.53,-104.22,-103.92,-103.92,-106.36,-107.27,-110.02,-110.17,-112.46,-114.44,-118.87,-122.53,-125.13,-126.65,-128.79,-130.31,-132.76,-134.28,-136.27,-136.11,-137.79,-139.01,-141.45,-141.61,-142.52,-144.2,-145.27,-147.4,-150.61,-154.27,-157.02,-157.78,-157.63,-153.81,-152.59,-150.61,-151.07,-150.3,-149.08,-145.88,-144.35,-142.52,-140.23,-137.33,-133.98,-131.23,-129.25,-124.82,-121.62,-118.11,-114.6,-109.41,-106.97,-103.46,-101.47,-97.964,-95.065,-93.692,-91.861,-88.046,-84.689,-79.806,-74.313,-68.361,-63.478,-57.375,-53.713,-48.677,-44.404,-39.064,-34.181,-26.551,-19.99,-13.581,-9.003,-4.5778,-1.0681,4.12,7.1718,10.529,13.276,18.311,20.753,24.262,27.314,32.197,35.707,41.2,46.236,51.729,56.917,65.157,71.718,79.958,84.536,90.03,94.302,99.185,103.31,108.04,112,113.99,116.89,120.4,123.45,127.26,129.7,134.89,139.32,146.34,151.07,156.87,162.51,170.29,176.24,182.5,187.23,190.89,194.25,198.37,199.59,202.03,202.95,202.95,202.49,204.47,203.1,202.34,202.03,200.81,199.29,198.52,197.76,196.69,194.25,194.4,193.33,193.79,191.66,191.66,190.44,192.42,194.86,197.3,200.81,205.39,208.14,210.88,214.09,216.68,218.21,221.72,224.16,226.91,228.13,229.35,229.35,230.11,230.87,232.4,233.62,235.15,236.67,238.96,240.03,242.62,244,247.2,249.79,253.3,254.83,258.95,263.53,267.95,272.23,274.97,276.35,276.96,276.19,275.89,274.06,273.29,271.16,271,268.72,268.11,266.73,267.8,268.41,269.33,269.17,269.02,270.55,272.68,274.51,278.18,279.85,282.75,285.04,288.86,290.38,292.83,294.05,298.47,303.35,307.93,312.97,318.77,324.41,329.75,332.04,335.4,337.84,341.96,345.16,350.96,355.24,357.98,359.2,358.29,356.46,353.71,350.81,347.15,342.57,338.45,334.03,330.21,325.17,320.14,312.97,306.41,299.69,295.88,290.23,285.2,280.16,273.29,265.05,256.81,248.73,243.08,235.91,229.04,220.95,214.85,207.37,198.98,189.52,179.6,170.14,162.82,155.49,148.01,140.23,133.67,125.28,118.11,109.56,103.92,96.133,88.656,81.027,73.397,66.225,61.495,56.459,53.102,49.287,47.151,43.794,40.742,36.775,34.028,30.213,27.009,22.431,17.548,12.513,8.0874,5.6459,4.2726,2.4415,0.61037,-3.8148,-8.6978,-15.717,-19.379,-23.347,-23.041,-22.889,-19.837,-18.769,-18.616,-19.379,-21.058,-22.126,-21.973,-21.973,-20.6,-21.821,-20.753,-22.584,-25.483,-28.687,-28.382,-27.924,-28.993,-30.824,-31.587,-32.502,-34.028,-37.08,-37.385,-37.996,-35.401,-33.113,-27.467,-24.72,-21.668,-18.464,-15.87,-12.665,-7.1718,-4.5778,-3.5096,-2.4415,-0,3.2044,5.6459,4.5778,5.7985,4.883,4.12,0.61037,-0.30519,-1.6785,-3.6622,-6.7141,-9.7659,-16.938,-25.788,-37.996,-49.135,-60.732,-69.735,-77.975,-84.078,-90.03,-93.844,-98.27,-103,-109.56,-114.29,-119.63,-124.67,-132.15,-137.79,-144.66,-149.24,-156.25,-161.9,-171.82,-181.74,-194.86,-204.02,-212.56,-221.11,-231.18,-240.33,-248.12,-254.68,-262.31,-267.34,-271.31,-272.68,-274.21,-271.77,-269.78,-268.11,-268.41,-267.95,-270.24,-273.6,-276.35,-276.5,-275.73,-275.73,-277.87,-279.7,-286.42,-290.69,-295.11,-296.64,-299.69,-301.52,-303.35,-306.41,-308.54,-309.92,-311.59,-314.8,-319.68,-322.12,-325.63,-328.68,-335.7,-339.21,-342.72,-345.16,-347.91,-350.05,-352.03,-351.88,-350.81,-348.52,-345.47,-341.5,-337.84,-334.33,-331.58,-327.92,-325.02,-321.51,-318.77,-313.58,-308.39,-303.05,-296.49,-290.08,-283.97,-278.63,-272.53,-264.44,-258.03,-249.95,-244,-236.37,-230.11,-222.79,-216.83,-207.68,-197.91,-188.45,-178.08,-166.78,-156.25,-145.27,-136.72,-127.41,-119.02,-109.87,-101.93,-92.166,-83.926,-74.465,-64.547,-53.865,-43.947,-34.028,-23.957,-13.123,-3.6622,7.9348,16.327,27.619,36.622,46.388,55.391,65.462,76.144,84.841,90.64,95.523,100.56,105.75,111.09,118.72,123.91,129.7,132.76,138.4,141.3,147.1,151.83,158.24,164.34,169.84,174.26,178.08,182.2,186.32,190.13,195.93,199.59,206.31,209.81,212.87,213.48,214.39,215.31,215.46,216.22,217.6,219.28,220.95,222.33,226.29,228.58,232.09,232.7,234.23,233.31,233.47,233.01,230.41,228.28,225.99,222.63,218.67,215.77,215.16,212.41,210.88,208.44,206.76,204.63,204.32,204.02,203.1,200.96,198.83,196.69,193.64,188.45,184.18,178.53,173.96,166.48,160.22,152.9,146.49,139.32,131.99,124.36,117.19,110.02,100.71,91.098,80.874,69.582,59.969,48.067,38.911,29.908,23.041,15.87,10.071,2.5941,-4.5778,-13.428,-19.837,-27.619,-34.791,-41.658,-45.625,-49.593,-52.492,-57.527,-61.342,-65.615,-66.683,-66.683,-67.141,-67.904,-68.667,-67.446,-65.767,-65.157,-63.326,-61.647,-59.969,-59.664,-58.138,-58.443,-56.459,-54.933,-54.781,-57.222,-61.037,-63.784,-65.004,-66.683,-68.819,-71.566,-72.481,-74.77,-75.228,-76.449,-76.449,-77.364,-77.67,-78.28,-76.754,-75.076,-73.092,-72.176,-71.566,-71.261,-69.735,-69.735,-68.056,-67.904,-66.225,-66.073,-66.073,-66.073,-65.615,-64.852,-63.631,-62.258,-61.037,-60.274,-57.07,-54.476,-51.881,-50.356,-47.761,-44.862,-41.658,-40.437,-40.284,-39.521,-38.453,-37.69,-37.996,-38.911,-38.759,-40.59,-41.047,-42.573,-42.879,-45.778,-47.151,-49.898,-52.95,-56.764,-59.816,-63.936,-67.904,-73.702,-76.907,-84.078,-89.267,-95.523,-100.25,-105.9,-108.34,-112.46,-117.5,-122.53,-127.72,-133.06,-138.4,-142.83,-145.42,-148.17,-149.24,-150.76,-150.91,-152.13,-152.44,-153.36,-154.27,-155.03,-155.8,-156.56,-157.63,-159.15,-159.92,-160.68,-159.76,-160.53,-160.07,-162.05,-160.99,-160.83,-159.92,-160.07,-160.99,-163.12,-163.43,-161.9,-159.76,-158.85,-157.32,-157.17,-155.19,-152.29,-148.17,-145.12,-141.61,-137.64,-132.76,-129.7,-125.89,-123.75,-121.46,-120.24,-118.26,-117.5,-115.21,-114.14,-111.09,-109.1,-106.2,-104.22,-102.24,-101.02,-100.1,-99.948,-99.643,-99.643,-99.185,-99.338,-98.575,-98.727,-97.964,-99.796,-99.643,-100.41,-97.049,-94.455,-94.455,-95.065,-94.913,-90.945,-86.673,-82.4,-75.076,-71.871,-70.04,-70.65,-70.803,-71.108,-67.446,-62.41,-56.612,-51.118,-46.541,-43.184,-39.521,-36.622,-32.96,-31.739,-28.687,-26.093,-22.889,-22.584,-21.821,-21.668,-19.99,-19.074,-17.548,-18.006,-18.159,-16.785,-17.548,-20.295,-20.447,-20.142,-18.616,-19.684,-20.6,-25.941,-28.993,-30.976,-34.639,-41.047,-44.099,-46.999,-48.83,-49.593,-49.135,-51.729,-52.492,-53.56,-49.898,-46.846,-43.184,-41.353,-39.521,-39.521,-39.674,-42.573,-46.236,-49.898,-52.187,-56.154,-57.375,-59.358,-60.121,-64.699,-69.124,-75.533,-80.416,-85.91,-91.556,-96.591,-101.78,-107.73,-113.38,-123.29,-133.37,-141.91,-145.57,-148.01,-145.12,-141.76,-138.1,-137.03,-138.1,-139.77,-140.69,-141,-141.3,-141.45,-139.47,-138.86,-139.16,-143.44,-144.96,-148.78,-153.97,-156.87,-155.34,-152.9,-147.71,-141.15,-133.98,-129.86,-128.18,-128.48,-126.04,-122.68,-117.95,-114.6,-107.58,-99.033,-90.487,-83.316,-79.348,-78.585,-76.754,-74.465,-67.446,-58.901,-48.982,-42.268,-35.249,-29.908,-22.889,-17.396,-10.376,-3.6622,0.61037,1.2207,1.2207,2.5941,7.3244,10.987,19.074,24.415,30.213,33.113,36.622,36.164,35.401,33.876,33.723,32.96,33.113,30.824,30.366,26.399,25.33,21.821,19.379,14.496,10.071,5.4933,2.7467,-0,-2.8993,-8.5452,-13.886,-20.753,-25.636,-30.824,-33.418,-35.707,-36.927,-39.674,-42.421,-46.846,-49.898,-55.391,-61.647,-68.819,-73.55,-79.196,-83.01,-87.283,-89.419,-94.302,-97.354,-99.643,-100.56,-101.78,-103.15,-105.14,-105.59,-105.29,-104.68,-106.81,-107.58,-107.58,-104.53,-102.08,-97.659,-94.15,-90.793,-87.283,-83.163,-80.111,-75.686,-72.176,-68.514,-66.378,-65.615,-67.904,-69.887,-71.566,-69.43,-67.141,-62.41,-57.833,-54.323,-51.118,-48.067,-46.541,-46.083,-46.693,-46.388,-48.067,-47.304,-48.677,-48.219,-47.914,-45.93,-44.099,-43.641,-43.336,-42.268,-43.031,-43.031,-43.336,-43.184,-44.099,-41.963,-40.59,-39.216,-39.827,-40.284,-42.421,-43.184,-42.268,-40.59,-38.759,-38.148,-39.979,-39.979,-42.726,-46.846,-55.696,-63.631,-72.481,-80.264,-90.335,-102.08,-115.82,-129.4,-139.77,-138.86,-132.3,-121.16,-107.88,-98.575,-101.78,-114.6,-132.3,-139.32,-128.64,-99.643,-67.751,-39.064,-15.87,1.0681,5.7985,-3.6622,-21.363,-35.707,-45.32,-45.778,-44.252,-34.639,-18.616,2.5941,19.532,28.23,31.281,29.145,20.6,6.4089,-7.1718,-14.039,-19.074,-20.142,-18.464,-8.8504,5.4933,19.227,25.941,29.298,28.077,20.6,3.0519,-18.311,-44.862,-68.819,-88.504,-103.31,-116.28,-126.8,-136.42,-145.57,-161.14,-179.75,-197,-215.31,-234.69,-253.15,-270.09,-282.45,-293.44,-300.15,-307.02,-315.26,-326.24,-337.99,-350.05,-362.71,-374.31,-385.91,-396.89,-402.39,-405.9,-408.19,-410.63,-410.93,-411.08,-410.47,-408.64,-409.1,-410.63,-410.93,-408.49,-405.13,-402.54,-400.56,-400.1,-397.66,-395.83,-391.25,-386.97,-380.87,-374.16,-368.51,-364.09,-358.59,-351.57,-343.03,-336.31,-328.38,-321.21,-312.66,-305.19,-296.33,-288.25,-280.62,-271.31,-263.07,-253.46,-242.93,-234.38,-224.92,-218.51,-211.34,-205.08,-196.23,-188.45,-178.69,-168.46,-157.93,-148.32,-138.55,-129.86,-121.01,-113.07,-105.29,-98.575,-90.64,-81.332,-70.345,-61.647,-52.95,-45.015,-36.317,-26.704,-16.48,-6.1037,3.2044,12.513,21.516,28.535,36.012,43.336,54.018,62.868,72.024,80.264,86.978,93.997,101.93,109.26,115.67,121.92,129.55,135.35,142.83,149.08,155.95,160.99,167.09,173.19,178.53,185.55,193.03,200.35,207.53,214.85,224.46,232.4,240.33,245.98,251.93,255.59,260.63,264.44,268.26,270.39,273.14,276.19,280.62,282.75,285.96,285.96,286.57,285.65,285.5,283.97,283.82,283.52,284.59,285.65,288.09,289.16,290.23,291.15,293.74,294.35,296.95,297.25,298.47,299.84,303.05,305.34,307.78,309.92,309.31,307.63,306.25,306.71,307.63,307.78,310.83,314.04,318.16,320.44,324.41,328.53,330.36,331.13,333.26,335.55,338.3,340.59,342.88,342.11,341.96,339.98,338.3,335.86,336.31,335.09,334.03,331.28,328.68,326.24,325.63,324.41,322.73,320.44,319.07,315.71,314.8,312.36,310.37,307.78,306.1,303.51,300.76,297.56,294.5,290.84,287.18,281.08,274.67,266.88,262.61,259.1,256.2,251.47,247.35,239.57,233.77,230.41,227.52,223.7,218.97,212.87,206.31,200.05,194.56,188.15,182.65,174.57,166.17,155.8,147.56,141.91,136.88,132.45,126.5,119.02,112.46,104.22,97.964,89.877,81.942,71.261,63.326,56.459,53.865,52.95,55.544,58.596,61.647,62.258,66.53,69.124,73.855,78.127,85.452,91.556,102.08,112.46,122.99,133.67,142.52,151.22,158.85,166.33,172.73,176.7,178.69,179.6,183.42,186.32,189.52,190.13,190.89,190.59,191.81,193.33,198.37,204.63,209.2,209.66,209.97,205.54,203.86,202.49,202.8,201.42,200.51,196.69,190.74,185.09,180.97,175.33,169.99,163.43,158.54,150.46,143.44,139.01,136.27,130.77,128.18,122.23,118.56,115.67,115.36,113.83,112.16,106.97,101.78,94.913,89.267,79.196,70.193,62.258,58.138,51.271,43.489,36.775,33.113,28.687,22.431,13.581,2.2889,-11.139,-22.584,-34.181,-42.879,-53.255,-60.579,-69.735,-75.991,-81.027,-85.452,-90.335,-94.15,-98.88,-103.15,-109.56,-114.9,-122.53,-126.65,-133.06,-137.79,-141.91,-144.96,-148.47,-153.36,-159.76,-165.26,-171.82,-177.01,-181.89,-183.42,-185.71,-188.6,-191.05,-195.62,-201.73,-204.93,-208.29,-209.66,-213.32,-218.67,-223.55,-227.06,-231.79,-236.82,-244.15,-251.17,-258.19,-257.58,-254.83,-251.47,-250.56,-250.1,-251.01,-251.93,-253.15,-253.76,-250.1,-244.3,-238.2,-230.57,-222.48,-211.95,-206.76,-199.74,-192.42,-185.09,-180.06,-179.14,-179.6,-179.3,-179.75,-181.59,-184.79,-186.47,-189.37,-192.27,-197.3,-201.88,-208.59,-211.19,-212.71,-214.39,-214.55,-215.46,-216.53,-219.89,-225.53,-232.25,-234.99,-232.09,-227.36,-222.02,-218.51,-213.32,-206.76,-202.19,-201.57,-204.02,-207.22,-211.49,-216.83,-222.33,-228.43,-232.86,-238.65,-242.47,-246.89,-250.4,-254.83,-259.25,-261.85,-262.61,-264.9,-266.58,-262.61,-256.05,-250.4,-246.28,-245.22,-245.37,-250.25,-255.9,-262.31,-267.34,-269.33,-267.65,-264.44,-259.1,-251.17,-241.25,-232.09,-226.91,-225.99,-227.97,-232.86,-234.84,-236.82,-240.79,-246.89,-257.27,-269.33,-278.79,-285.65,-291.91,-298.01,-305.95,-314.49,-320.9,-327.92,-331.13,-332.8,-331.28,-328.99,-328.23,-326.4,-325.02,-329.75,-336.47,-342.57,-347.15,-352.34,-354.47,-353.25,-348.83,-345.77,-342.27,-337.38,-332.96,-332.19,-332.8,-332.65,-331.74,-330.21,-327.62,-326.4,-323.95,-323.19,-321.51,-322.43,-324.11,-324.41,-325.63,-325.79,-324.41,-322.89,-321.36,-318.61,-312.81,-306.56,-299.23,-291.45,-282.45,-275.28,-267.04,-259.41,-253,-246.28,-239.88,-234.53,-230.11,-225.38,-218.67,-212.41,-202.95,-194.4,-183.72,-174.41,-163.88,-153.81,-147.1,-142.06,-136.42,-131.38,-127.11,-121.46,-114.14,-109.1,-103.31,-99.49,-93.997,-86.825,-79.653,-74.77,-71.261,-66.225,-60.884,-54.628,-47.761,-42.726,-38.148,-34.944,-29.145,-24.567,-18.769,-13.886,-7.9348,-0.15259,7.3244,15.259,22.736,31.129,40.437,50.203,60.884,70.193,80.721,88.198,96.133,102.08,109.1,116.73,125.89,134.59,142.06,150.3,157.48,165.11,174.41,180.97,187.23,191.96,195.78,198.22,201.42,205.39,209.97,216.22,222.79,229.65,237.74,243.69,248.12,249.34,252.39,254.98,258.64,258.8,262.15,267.65,272.38,273.45,275.28,276.35,277.72,276.65,278.79,281.23,287.18,294.2,302.74,307.02,312.97,316.48,319.53,320.9,321.82,321.97,322.89,321.97,323.8,323.5,324.41,322.28,320.6,316.48,313.43,309.92,305.8,299.84,293.28,288.55,284.59,280.62,277.72,273.14,270.24,269.48,271.46,272.84,273.29,272.99,274.06,275.73,278.79,280.31,281.38,281.84,280.01,276.5,273.6,269.33,268.11,266.58,268.41,268.26,267.04,263.99,263.22,261.85,261.7,258.95,256.36,250.56,247.96,245.67,244.61,239.42,235.91,227.67,220.04,211.65,207.37,202.03,195.93,187.99,181.13,173.8,171.06,168,164.95,160.07,157.17,149.85,142.52,135.96,132.15,125.58,117.65,109.71,103,96.896,91.098,83.773,79.043,73.092,70.498,64.852,60.274,55.391,53.407,51.881,50.203,45.778,41.2,36.775,31.739,25.788,22.736,20.6,19.532,14.954,13.733,13.123,14.039,14.039,13.276,11.597,11.292,9.9185,8.5452,7.1718,10.224,12.818,18.464,21.21,25.025,27.314,30.671,31.739,32.502,33.57,34.791,34.333,34.944,35.859,36.317,33.723,30.061,24.11,20.447,16.327,13.123,8.8504,7.7822,7.0193,6.8667,6.7141,6.1037,6.2563,7.0193,6.8667,9.7659,13.886,17.548,16.785,17.701,17.701,20.447,22.431,26.551,30.519,33.113,32.807,33.265,34.486,36.775,38.759,42.268,42.573,44.099,43.947,45.93,45.015,44.71,42.726,40.895,39.674,38.606,36.622,35.707,34.791,35.401,34.791,35.707,35.707,36.775,37.385,38.759,39.827,42.268,46.541,51.271,53.56,52.95,50.661,49.287,47.456,49.135,50.203,51.729,52.797,57.375,60.274,62.716,63.784,65.31,64.547,65.004,65.004,64.547,62.868,63.326,62.563,65.462,68.972,75.533,77.975,80.569,81.79,84.689,88.046,90.182,90.03,91.25,88.504,88.198,87.13,90.793,90.335,88.809,84.078,79.501,70.956,65.31,59.969,57.375,55.544,54.781,53.255,50.966,46.388,46.236,46.236,49.135,46.541,44.252,38.606,34.791,31.892,31.587,32.655,36.164,37.843,39.369,40.284,43.336,42.116,40.284,35.401,32.655,29.603,27.619,24.72,21.668,16.327,13.276,8.8504,7.477,5.4933,6.5615,7.477,10.224,9.3081,9.1556,8.8504,12.818,13.428,12.818,13.581,16.938,19.837,26.093,31.434,35.554,34.791,38.148,38.148,38.911,39.216,41.505,42.268,43.336,44.862,47.151,49.135,52.644,52.95,54.17,51.881,50.661,46.541,42.879,36.317,31.281,25.178,20.447,15.87,12.207,6.4089,1.6785,-4.4252,-6.5615,-8.8504,-8.3926,-9.9185,-7.9348,-7.9348,-6.8667,-7.1718,-7.0193,-9.4607,-10.376,-11.75,-10.376,-8.8504,-3.6622,1.5259,7.0193,9.6133,12.513,13.276,14.801,14.649,16.633,18.464,22.279,22.431,24.262,25.636,27.772,24.11,21.058,17.853,18.921,19.837,22.431,21.973,21.363,21.363,23.194,22.279,20.905,14.954,8.5452,1.0681,-3.0519,-5.1881,-5.3407,-6.1037,-6.8667,-6.5615,-4.2726,-3.357,-2.7467,-3.5096,-3.2044,-3.9674,-2.5941,-4.4252,-4.4252,-3.9674,-0.91556,-0,0.91556,0.91556,3.2044,4.7304,4.4252,1.3733,-1.3733,-6.7141,-10.681,-15.87,-19.532,-24.262,-25.636,-27.619,-30.213,-32.807,-33.57,-34.639,-35.401,-36.927,-35.401,-33.418,-30.976,-31.281,-29.45,-28.84,-25.636,-23.041,-19.379,-16.938,-15.259,-12.513,-7.7822,-5.4933,-1.9837,1.9837,9.1556,13.733,19.837,24.262,27.924,27.161,26.551,23.804,23.652,25.178,24.72,21.973,20.905,18.006,19.532,17.853,16.48,10.987,6.8667,2.1363,-0.61037,-1.3733,-0,1.3733,3.9674,8.3926,12.513,15.107,16.633,11.597,5.1881,-2.5941,-7.1718,-14.344,-19.532,-25.025,-28.382,-31.129,-32.35,-34.181,-34.486,-37.385,-39.521,-43.184,-43.184,-45.32,-46.388,-49.287,-50.508,-52.034,-54.781,-56.001,-56.612,-59.358,-61.495,-64.852,-66.073,-69.277,-69.735,-70.956,-70.345,-71.413,-73.855,-77.212,-79.806,-83.773,-87.283,-89.572,-90.487,-92.624,-93.539,-92.624,-89.419,-88.046,-84.231,-81.637,-77.059,-72.787,-67.598,-62.563,-57.527,-52.187,-46.846,-41.963,-34.333,-28.993,-22.736,-18.616,-14.039,-12.97,-10.224,-10.681,-10.071,-9.3081,-7.477,-5.3407,-1.8311,1.6785,7.0193,13.123,22.126,28.993,35.554,39.216,44.099,45.93,46.846,45.32,44.557,43.641,44.862,42.726,41.963,42.879,48.372,52.339,56.459,57.527,59.664,58.138,59.206,60.121,60.884,61.19,60.732,56.612,54.476,54.018,55.544,53.865,52.644,50.966,52.034,52.187,52.034,50.966,50.508,50.813,49.44,46.693,42.421,37.08,33.876,30.061,28.687,24.11,21.973,20.447,20.6,18.311,17.243,15.87,14.649,13.733,12.513,8.8504,7.477,5.6459,7.3244,10.681,15.87,19.532,22.736,25.941,27.619,28.535,27.924,26.093,23.957,22.126,22.431,21.363,19.684,16.785,15.259,14.496,15.717,16.48,15.87,13.428,6.7141,-0.76296,-7.477,-16.175,-20.295,-24.415,-25.788,-29.908,-32.655,-37.538,-38.453,-39.674,-39.827,-39.369,-36.317,-32.807,-30.213,-29.908,-24.72,-21.668,-17.243,-16.785,-13.123,-7.3244,-0.15259,6.7141,14.191,22.736,28.382,30.061,31.434,30.366,30.671,29.298,29.603,29.45,28.382,27.009,27.009,28.382,31.281,35.554,39.064,41.81,43.794,44.404,43.947,41.81,40.895,38.911,39.674,38.911,38.606,37.385,32.655,25.941,20.142,17.243,17.396,18.006,19.684,21.973,26.551,29.45,34.333,40.895,48.372,55.238,58.748,58.443,57.222,55.849,56.307,54.018,52.492,51.118,50.203,48.677,48.677,49.593,51.881,55.086,59.053,62.41,66.225,68.209,69.124,67.446,66.53,64.547,61.647,57.985,52.034,46.541,40.437,35.249,30.061,22.279,18.006,12.97,13.276,12.513,12.513,10.681,9.6133,8.0874,6.4089,2.4415,-2.4415,-8.24,-10.224,-10.529,-10.224,-15.717,-19.227,-24.11,-25.636,-27.314,-30.061,-39.216,-49.287,-58.748,-65.615,-72.481,-78.127,-83.163,-87.893,-91.556,-91.403,-91.861,-90.182,-90.182,-89.572,-92.624,-94.76,-96.438,-95.676,-93.844,-90.182,-86.978,-82.4,-80.721,-78.28,-78.433,-76.907,-76.907,-74.923,-73.397,-70.345,-68.819,-67.598,-65.92,-63.936,-62.41,-60.274,-58.748,-55.544,-54.323,-53.102,-53.255,-51.881,-51.881,-51.424,-50.813,-49.287,-48.067,-45.473,-45.167,-44.099,-42.726,-39.369,-37.996,-36.622,-37.538,-35.859,-36.775,-36.927,-37.843,-39.369,-40.895,-39.979,-39.979,-38.911,-39.064,-37.385,-37.385,-34.486,-31.129,-24.873,-20.6,-14.801,-10.681,-5.4933,-1.6785,4.2726,10.376,16.633,20.753,24.72,25.025,24.262,20.905,18.769,16.785,15.87,16.785,17.701,17.853,19.074,20.447,21.058,19.379,20.295,20.753,24.415,27.467,31.587,34.028,34.791,32.655,29.45,27.009,25.941,24.72,24.567,22.584,21.058,19.379,21.973,24.11,24.415,24.567,26.704,30.976,36.317,40.132,41.505,41.047,43.794,44.71,45.32,42.573,41.81,36.775,31.739,25.178,21.363,16.785,12.513,7.6296,4.5778,1.8311,1.3733,1.9837,3.8148,1.8311,1.0681,-1.5259,-2.5941,-5.3407,-6.2563,-8.8504,-10.834,-10.834,-9.3081,-6.4089,-1.8311,-0,2.1363,0.91556,2.5941,2.5941,5.1881,3.8148,6.7141,9.6133,15.107,18.769,20.142,16.785,11.902,3.9674,-3.5096,-12.055,-16.938,-20.142,-19.227,-18.921,-17.243,-19.227,-21.973,-25.636,-28.993,-30.061,-30.061,-30.061,-30.061,-30.671,-29.298,-29.756,-29.145,-28.23,-24.11,-21.973,-16.48,-8.6978,0.61037,7.6296,14.344,18.769,23.499,26.093,28.23,26.093,22.889,18.464,16.938,13.581,11.75,9.3081,10.834,12.818,12.818,11.597,11.444,8.5452,5.6459,2.7467,1.5259,-1.0681,-5.0356,-9.6133,-13.428,-16.327,-16.327,-14.801,-13.581,-12.818,-11.75,-12.207,-12.665,-13.276,-11.75,-11.75,-10.681,-9.9185,-7.477,-3.9674,0.30519,4.2726,9.6133,13.123,16.175,16.175,17.396,18.464,19.837,19.379,20.142,18.464,16.785,14.801,12.97,11.444,12.36,14.954,16.48,18.006,19.837,19.074,17.396,15.107,15.717,16.175,17.09,19.532,22.584,23.804,26.856,29.145,32.197,32.502,31.739,29.45,29.756,30.366,33.113,36.622,39.827,43.794,48.219,52.034,55.544,58.596,61.342,61.037,61.647,60.427,59.206,56.917,57.527,58.596,58.443,57.07,53.865,49.745,47.456,44.252,38.148,32.044,28.84,23.957,19.379,14.039,10.224,5.9511,2.1363,-2.4415,-7.477,-12.665,-17.243,-22.431,-27.772,-33.113,-36.164,-42.421,-46.693,-52.187,-55.086,-60.274,-64.089,-67.446,-70.04,-74.465,-78.127,-80.416,-79.958,-82.4,-83.773,-87.741,-89.114,-89.724,-88.504,-88.961,-92.471,-96.591,-99.643,-105.14,-109.71,-116.28,-120.4,-124.21,-126.19,-131.23,-133.21,-138.4,-142.67,-146.79,-148.93,-150.46,-150.15,-151.07,-152.9,-156.87,-158.7,-161.75,-162.05,-163.12,-159.92,-157.48,-154.27,-151.83,-150.3,-149.24,-146.34,-143.89,-143.28,-145.57,-147.25,-150.76,-153.2,-156.25,-157.93,-160.99,-162.97,-164.65,-165.72,-167.09,-168.31,-170.9,-173.65,-180.06,-184.18,-188.15,-190.44,-194.4,-195.78,-196.84,-197.3,-197.45,-196.39,-195.01,-191.96,-190.13,-187.08,-186.01,-185.09,-182.65,-178.53,-176.24,-173.65,-170.9,-167.55,-161.14,-153.66,-149.24,-143.59,-138.86,-131.08,-126.04,-119.33,-116.12,-111.39,-105.9,-99.49,-92.318,-83.926,-76.754,-68.514,-62.258,-55.696,-52.492,-47.609,-45.32,-41.963,-39.827,-38.453,-38.759,-38.301,-37.843,-36.317,-36.775,-34.944,-35.096,-33.57,-34.333,-32.044,-29.45,-26.551,-24.262,-20.295,-16.022,-9.1556,-4.2726,1.3733,2.1363,3.8148,5.1881,6.7141,6.2563,7.6296,8.5452,8.3926,6.1037,5.1881,4.4252,4.5778,4.12,7.1718,7.9348,9.9185,10.224,14.191,17.243,21.821,25.025,29.145,30.976,34.639,36.47,37.996,36.47,34.944,31.739,30.061,28.993,29.603,31.434,34.639,38.148,41.81,43.947,47.609,49.593,53.102,53.56,55.696,55.544,58.901,58.901,61.495,64.241,69.277,72.024,76.296,81.942,87.741,89.572,92.013,91.098,92.471,89.724,86.52,79.806,74.77,66.836,59.816,52.339,44.71,39.521,37.233,35.096,33.418,30.213,27.619,23.041,21.21,17.853,16.938,14.954,13.123,10.834,8.24,3.2044,0.15259,-1.3733,-3.2044,-6.7141,-5.6459,-5.3407,-3.5096,-2.5941,0.91556,1.9837,2.8993,1.9837,0.30519,-2.4415,-6.8667,-10.529,-14.344,-18.616,-22.126,-27.772,-28.84,-30.671,-30.366,-32.044,-33.265,-36.47,-40.895,-43.641,-45.473,-46.236,-46.541,-46.541,-46.541,-48.83,-51.118,-56.001,-57.68,-59.511,-58.748,-58.748,-58.29,-57.985,-56.612,-54.933,-52.95,-52.034,-50.966,-51.118,-52.339,-55.544,-56.307,-56.154,-53.713,-51.118,-44.862,-37.08,-29.145,-22.584,-16.785,-12.665,-7.9348,-3.2044,2.1363,5.4933,10.224,13.123,16.785,19.379,23.041,23.347,24.873,26.856,30.519,33.876,37.69,42.726,48.219,52.339,58.29,62.41,67.293,69.735,73.55,75.533,79.196,80.569,82.4,82.705,83.316,84.384,87.893,91.861,94.913,95.065,96.744,96.744,98.727,98.575,100.71,100.56,102.85,105.75,108.95,111.39,114.44,117.95,122.07,125.74,129.55,128.48,127.57,125.28,126.96,127.57,129.55,131.53,135.35,136.88,136.88,133.98,132.15,129.86,129.7,128.18,127.57,124.67,123.29,119.02,115.97,111.7,110.17,108.04,105.44,101.32,99.49,97.659,96.744,94.302,92.776,88.351,86.062,82.858,82.858,79.958,79.958,76.907,74.007,70.498,66.836,63.631,62.258,60.884,61.953,61.647,62.716,61.19,60.579,59.206,60.427,60.274,63.478,65.615,68.209,70.65,74.313,75.838,77.212,77.517,78.127,76.144,74.16,71.108,71.718,70.498,70.65,70.65,70.956,71.261,69.735,63.631,58.29,55.238,54.933,53.407,53.255,50.966,50.661,49.593,51.271,52.339,54.323,55.238,55.849,56.917,59.358,62.716,67.904,72.481,78.738,84.536,89.572,93.997,99.49,102.54,106.36,110.93,115.97,121.01,125.28,128.94,131.84,134.89,139.93,144.05,149.08,152.13,156.71,157.93,158.39,156.25,154.88,153.2,151.98,150.76,149.69,146.95,146.79,145.27,146.34,146.03,147.86,147.4,149.24,150.3,153.05,156.41,159.61,162.05,165.11,168.46,170.9,173.65,177.92,179.3,181.74,182.5,186.16,188.3,190.28,190.44,191.2,192.11,192.88,191.96,192.11,191.66,190.74,187.38,185.4,180.82,177.77,172.43,168.77,166.48,163.88,161.75,161.6,160.37,159.61,158.7,158.7,155.03,152.59,148.93,146.18,142.98,140.54,137.79,135.81,133.52,130.47,128.18,127.41,124.67,124.52,121.92,120.7,116.89,115.97,112.31,108.95,105.9,104.07,100.56,98.117,94.913,91.556,86.215,82.858,77.212,74.313,71.413,70.65,67.904,66.378,65.767,64.241,61.953,60.274,58.29,56.307,54.17,54.628,53.102,51.881,48.83,46.388,43.031,41.505,37.996,34.791,32.044,30.824,29.756,28.535,26.551,25.788,24.415,24.11,21.058,18.769,15.717,14.649,12.97,12.665,12.665,12.97,10.987,9.3081,6.8667,6.1037,3.8148,4.4252,3.357,3.8148,3.8148,3.5096,1.3733,-1.6785,-4.12,-4.883,-5.9511,-6.4089,-7.9348,-8.0874,-11.139,-13.581,-17.853,-20.295,-22.736,-25.178,-30.061,-35.707,-41.963,-48.524,-56.612,-63.478,-73.397,-81.027,-89.724,-96.438,-104.22,-109.41,-114.14,-119.48,-124.82,-128.79,-131.23,-132.45,-132.3,-131.08,-129.4,-127.72,-126.96,-124.52,-123.45,-122.07,-120.09,-118.87,-117.8,-116.28,-115.36,-115.05,-117.5,-117.65,-117.95,-117.04,-117.95,-116.58,-115.21,-114.29,-115.51,-116.12,-117.34,-116.89,-116.28,-113.53,-111.85,-109.71,-109.41,-107.73,-106.97,-106.36,-107.12,-107.88,-109.56,-110.63,-111.39,-109.56,-110.17,-110.17,-108.49,-103.92,-101.32,-100.41,-100.1,-100.1,-99.643,-97.812,-97.201,-97.201,-95.981,-92.929,-89.419,-83.468,-80.721,-77.212,-73.397,-67.598,-61.495,-57.07,-53.713,-52.034,-49.745,-46.388,-44.557,-40.59,-37.233,-33.418,-32.502,-31.129,-30.366,-30.213,-30.213,-29.756,-29.908,-30.824,-32.044,-32.35,-33.113,-33.418,-34.486,-36.47,-40.437,-41.963,-41.963,-40.59,-40.742,-41.2,-43.947,-48.219,-51.729,-52.034,-53.255,-54.018,-55.849,-57.222,-59.664,-59.206,-58.901,-57.985,-61.342,-64.241,-65.615,-66.53,-66.683,-67.751,-69.124,-69.124,-70.193,-70.193,-73.397,-77.822,-84.689,-90.335,-96.744,-102.69,-108.49,-112,-115.51,-115.05,-117.19,-119.48,-125.89,-132.6,-141.61,-145.57,-148.63,-147.25,-143.89,-141.15,-140.69,-145.12,-153.2,-159,-165.41,-171.51,-178.23,-178.84,-181.28,-182.96,-183.26,-181.74,-179.6,-177.77,-177.77,-177.77,-179.14,-181.28,-186.93,-192.11,-197.61,-195.78,-193.33,-191.35,-191.05,-191.5,-192.72,-195.78,-198.07,-198.68,-200.35,-200.81,-202.95,-202.8,-203.41,-201.73,-199.29,-194.25,-189.37,-182.65,-176.24,-171.36,-167.85,-166.02,-163.73,-157.02,-151.37,-146.79,-142.67,-135.5,-128.03,-118.26,-108.8,-99.796,-92.318,-85.299,-78.28,-68.819,-58.901,-45.167,-34.486,-24.11,-16.785,-8.3926,-4.5778,0.45778,5.1881,11.902,15.717,19.227,22.584,23.652,23.957,26.704,27.772,28.535,28.077,29.145,27.924,25.025,21.058,17.853,11.139,4.4252,-3.0519,-10.071,-15.564,-19.684,-25.025,-28.077,-29.908,-28.23,-27.314,-26.246,-24.567,-21.516,-20.142,-19.532,-20.905,-20.6,-19.837,-16.785,-14.191,-10.376,-8.6978,-6.2563,-3.0519,5.1881,13.276,20.295,24.873,28.84,30.976,33.265,34.944,39.064,40.742,43.794,43.641,45.32,45.93,46.846,44.71,44.252,43.184,38.759,31.281,26.399,21.668,18.159,14.191,12.665,9.6133,9.1556,9.4607,12.665,12.818,11.444,8.6978,8.24,8.24,7.9348,8.6978,12.36,16.327,21.821,26.246,33.57,38.301,45.32,50.813,58.901,67.904,78.433,85.91,91.098,95.37,98.117,98.27,97.812,95.676,95.523,96.438,99.185,100.1,101.32,100.25,97.659,92.166,83.926,75.533,68.209,60.884,55.238,49.745,47.761,43.489,40.59,35.707,30.976,27.467,24.72,20.447,17.243,13.733,13.581,13.276,12.97,8.5452,6.1037,3.2044,2.2889,1.0681,1.0681,0.61037,1.9837,3.5096,4.7304,3.6622,3.9674,2.7467,4.2726,1.3733,-0.45778,-5.6459,-10.071,-16.48,-19.837,-24.11,-26.704,-28.687,-29.45,-31.892,-32.96,-36.317,-37.385,-41.963,-42.268,-44.862,-46.083,-48.524,-48.524,-48.677,-47.609,-47.761,-48.219,-48.83,-47.456,-47.456,-45.778,-45.015,-40.742,-39.216,-36.47,-34.944,-33.418,-36.317,-40.284,-43.641,-46.388,-49.44,-46.846,-44.404,-39.216,-39.064,-37.69,-39.064,-38.911,-40.742,-41.505,-42.573,-42.879,-43.336,-41.658,-39.521,-35.096,-33.265,-31.892,-34.028,-34.333,-36.012,-37.996,-38.606,-36.927,-37.538,-38.759,-39.827,-38.148,-37.69,-35.096,-35.096,-32.044,-29.908,-27.161,-27.619,-28.23,-31.281,-33.113,-34.944,-32.96,-30.976,-28.077,-27.619,-24.415,-23.347,-20.753,-18.464,-15.107,-13.123,-12.818,-14.344,-16.48,-18.921,-20.905,-25.025,-28.382,-31.892,-33.723,-38.301,-41.047,-43.031,-43.794,-44.252,-45.32,-48.982,-49.135,-49.135,-47.456,-46.541,-45.167,-44.557,-43.947,-44.862,-45.473,-48.677,-50.508,-53.102,-54.628,-58.29,-59.664,-62.716,-62.258,-62.258,-58.596,-56.001,-54.476,-55.391,-54.628,-53.865,-51.424,-50.05,-46.846,-48.524,-48.219,-47.456,-43.947,-43.336,-40.895,-39.674,-37.385,-35.859,-33.418,-32.655,-31.739,-33.265,-31.434,-31.892,-29.603,-29.603,-30.213,-31.587,-31.281,-31.739,-31.434,-31.434,-30.671,-29.45,-28.382,-29.298,-27.619,-26.856,-24.415,-22.584,-19.837,-18.769,-16.175,-11.902,-7.9348,-5.7985,-3.6622,-3.0519,-1.3733,-3.357,-5.0356,-12.665,-17.701,-23.499,-26.856,-30.519,-33.876,-36.317,-34.791,-33.113,-29.756,-27.009,-24.262,-24.262,-22.889,-23.652,-20.753,-17.701,-14.344,-11.597,-6.8667,-3.2044,-0.76296,1.0681,3.8148,4.7304,7.1718,8.6978,12.513,15.564,21.821,29.908,36.317,41.81,46.388,48.83,51.576,55.086,59.969,65.462,71.871,76.601,81.79,84.384,86.215,88.351,91.403,95.523,101.63,105.59,110.02,113.38,115.97,117.34,119.02,118.26,117.34,115.51,113.99,112.46,112.46,113.53,117.04,122.53,127.87,129.25,128.64,126.19,124.36,121.01,119.02,116.89,115.82,116.28,119.17,122.68,123.45,121.92,121.31,119.79,117.65,111.55,105.75,99.185,93.539,88.198,81.484,75.991,70.956,66.225,62.716,56.612,47.456,39.827,33.723,26.551,21.516,15.564,8.0874,-1.2207,-13.733,-28.535,-41.047,-53.407,-62.716,-72.634,-80.264,-91.861,-102.54,-114.9,-123.6,-130.47,-132.45,-134.59,-138.25,-142.06,-147.1,-153.36,-158.54,-162.97,-165.11,-168,-166.94,-167.39,-166.17,-168.31,-168.77,-167.39,-162.97,-159.15,-156.25,-152.59,-148.01,-143.74,-136.72,-130.01,-122.53,-116.43,-109.26,-101.93,-91.556,-79.501,-70.04,-62.563,-54.933,-48.982,-41.505,-33.723,-22.126,-13.276,-3.0519,6.5615,15.107,23.957,33.418,41.658,50.356,58.29,66.073,72.176,79.653,85.452,93.234,96.896,99.948,101.93,103.46,105.75,108.19,108.49,108.8,105.14,103,97.964,95.065,90.335,88.046,86.825,86.215,84.231,83.01,81.484,80.721,77.212,75.076,71.413,69.43,66.836,65.92,66.836,67.751,67.446,66.53,66.53,67.446,67.293,68.819,69.887,71.413,72.329,74.465,76.144,77.059,77.67,78.585,78.28,77.212,74.313,70.65,65.615,63.936,61.647,59.816,56.764,56.001,53.56,51.576,50.508,50.203,50.508,50.508,48.524,48.219,46.541,45.32,40.437,34.944,28.535,23.804,17.548,11.902,5.6459,-0.15259,-6.7141,-11.444,-16.48,-19.99,-25.788,-28.84,-33.723,-35.554,-38.301,-39.979,-44.557,-47.304,-50.203,-53.407,-55.849,-58.901,-64.241,-68.209,-72.176,-74.923,-78.738,-82.095,-85.604,-88.504,-92.166,-96.133,-102.39,-106.97,-110.78,-113.83,-118.87,-123.75,-130.31,-135.5,-142.06,-146.34,-151.22,-155.95,-160.68,-164.34,-169.68,-173.35,-177.92,-181.89,-187.23,-190.74,-196.69,-200.81,-205.24,-209.05,-212.26,-215.61,-218.05,-220.04,-222.94,-224.46,-225.68,-224.01,-224.01,-224.31,-224.62,-224.92,-225.38,-225.68,-225.07,-222.17,-220.95,-217.75,-215.77,-211.8,-209.2,-205.24,-203.86,-203.1,-203.41,-204.32,-206.15,-205.69,-207.07,-205.54,-205.39,-203.56,-202.64,-199.29,-197,-196.23,-196.84,-196.23,-196.84,-196.54,-197,-196.54,-197,-197.91,-199.13,-198.83,-200.35,-200.35,-202.49,-202.95,-204.02,-203.41,-202.8,-202.34,-202.03,-200.81,-200.66,-198.37,-194.86,-189.52,-185.4,-179.3,-173.8,-166.78,-159.46,-151.22,-143.89,-136.72,-130.16,-121.92,-116.28,-110.32,-106.66,-101.47,-96.286,-90.793,-84.994,-77.517,-71.413,-64.699,-59.053,-52.644,-47.151,-40.59,-34.944,-28.077,-22.889,-18.006,-14.344,-10.376,-6.5615,-2.4415,-0.30519,3.357,4.4252,7.0193,7.477,10.987,14.191,17.396,21.21,24.415,28.077,34.639,39.827,45.32,46.999,48.219,46.999,45.778,43.336,43.336,44.404,45.015,45.167,43.794,42.116,39.979,37.69,37.538,36.164,36.317,35.249,34.791,33.418,33.113,33.418,33.876,34.028,36.164,37.843,38.759,38.911,41.2,43.489,46.541,49.135,53.102,54.17,55.544,57.985,60.884,63.631,65.157,66.683,67.141,65.157,63.631,60.579,59.511,54.323,48.219,40.132,35.249,30.061,23.194,14.496,6.2563,0.91556,-2.8993,-8.0874,-13.276,-19.379,-25.941,-38.759,-51.576,-65.31,-76.144,-87.588,-97.964,-108.49,-117.65,-118.26,-101.47,-70.65,-31.129,12.665,56.917,92.929,125.43,141.76,151.83,167.85,202.8,254.68,318.16,374.92,414.14,435.5,440.08,417.34,400.1,417.19,436.87,449.23,475.78,483.26,458.85,436.57,410.17,373.24,363.02,372.17,366.68,350.51,338.91,320.29,301.98,300,307.32,309.61,301.52,291.6,278.33,267.19,267.8,268.56,265.66,255.13,242.77,224.16,202.34,179.75,162.66,149.24,137.49,125.13,113.38,101.02,88.046,75.533,69.43,64.547,59.969,56.154,51.881,43.641,32.655,26.246,20.6,16.785,25.788,42.116,60.121,70.193,68.514,56.612,36.47,14.649,-0.15259,-7.1718,-5.4933,4.4252,22.126,45.015,64.852,70.345,65.157,43.641,22.279,5.4933,-7.7822,-10.224,4.12,21.973,37.69,46.693,46.999,30.519,3.6622,-33.265,-71.566,-104.07,-123.45,-126.8,-119.33,-111.09,-107.27,-110.17,-121.31,-143.13,-166.33,-190.89,-212.26,-226.45,-230.11,-227.52,-220.19,-214.39,-211.8,-217.44,-229.8,-246.74,-256.05,-259.25,-256.51,-256.66,-263.07,-273.14,-285.2,-290.69,-288.71,-282.6,-268.41,-249.18,-229.8,-217.75,-211.8,-212.56,-216.68,-224.62,-234.38,-247.05,-259.1,-264.29,-265.21,-265.82,-260.02,-251.63,-242.16,-235.91,-230.72,-224.92,-217.44,-212.87,-210.73,-213.63,-219.43,-230.72,-238.81,-243.69,-243.39,-241.71,-239.88,-238.81,-237.59,-235.3,-228.58,-224.92,-218.82,-213.17,-207.68,-205.85,-203.25,-198.83,-192.42,-184.03,-175.63,-171.36,-165.41,-160.53,-154.42,-148.47,-137.33,-126.5,-113.83,-102.39,-91.25,-82.858,-72.939,-65.004,-56.154,-48.219,-36.47,-26.399,-18.769,-13.886,-7.7822,-1.9837,6.5615,13.733,24.262,31.129,40.742,48.372,56.764,63.326,71.108,77.975,86.062,93.081,100.86,106.51,114.29,121.01,129.4,137.18,143.89,150.3,155.19,159.61,164.34,168.46,173.35,176.09,178.23,179.75,181.89,182.04,182.5,183.11,182.04,179.75,177.92,173.96,173.19,171.67,171.51,170.29,171.82,172.28,173.04,172.12,171.21,169.53,169.38,170.75,176.09,179.3,184.18,188.45,194.4,198.98,206,213.02,220.04,225.07,228.89,232.4,238.2,243.39,249.64,254.68,261.09,264.9,269.17,272.07,274.67,278.02,283.52,289.32,296.33,302.44,310.07,318.16,327.01,333.41,340.43,348.98,356.61,363.63,370.65,378.58,385.6,391.55,397.2,402.23,409.86,415.81,421.46,429.24,436.11,443.89,452.28,462.97,473.49,482.8,493.79,502.49,511.34,517.9,525.22,531.17,535.75,539.72,543.84,547.5,551.47,551.93,552.54,551.32,551.32,549.18,547.35,545.37,542.62,540.03,536.82,533.92,529.34,523.24,518.36,510.73,504.17,497.6,491.96,485.7,480.06,474.41,468.31,461.75,456.86,451.98,447.55,442.06,437.64,432.75,426.8,421.61,416.27,411.08,406.51,400.56,394.45,386.06,379.04,369.88,361.95,355.54,349.28,342.42,337.08,330.21,322.89,314.49,306.25,296.03,289.01,279.4,270.39,262.46,254.52,247.35,238.96,229.35,217.75,204.78,193.18,181.13,171.67,162.21,153.97,143.74,133.37,124.97,118.72,113.38,107.27,100.41,93.997,86.062,79.806,71.871,66.683,60.579,55.391,50.05,45.473,41.353,37.843,34.028,29.756,22.584,17.396,9.9185,1.5259,-8.5452,-15.717,-21.363,-28.535,-35.401,-41.2,-46.541,-49.287,-53.102,-54.933,-60.427,-63.936,-69.124,-74.313,-79.653,-83.926,-88.046,-91.403,-96.133,-101.02,-108.34,-112.92,-119.02,-123.29,-126.65,-128.48,-131.23,-132.45,-132.45,-131.84,-130.62,-127.57,-127.57,-127.57,-131.38,-132.3,-132.15,-131.69,-131.84,-131.69,-131.08,-130.31,-130.31,-128.64,-126.96,-123.91,-123.6,-124.21,-128.64,-131.23,-135.65,-140.39,-144.96,-146.49,-148.32,-149.69,-150.76,-149.24,-147.71,-146.64,-147.71,-150,-152.75,-154.73,-157.17,-159.92,-163.88,-166.33,-167.85,-166.48,-164.34,-161.29,-160.53,-160.07,-160.07,-160.68,-160.22,-158.54,-155.8,-153.81,-153.36,-153.36,-155.64,-155.8,-156.56,-155.95,-157.93,-159.31,-160.83,-163.58,-166.48,-170.29,-174.57,-178.38,-181.28,-183.11,-189.83,-198.07,-208.9,-217.9,-227.82,-236.21,-244.61,-249.95,-254.37,-256.51,-259.56,-261.54,-265.66,-267.34,-271.77,-273.45,-275.12,-273.6,-271.46,-266.73,-260.63,-253.91,-246.44,-238.96,-232.7,-225.84,-221.26,-213.63,-207.53,-199.59,-191.66,-182.65,-173.96,-166.17,-160.07,-153.05,-145.88,-137.64,-131.69,-125.43,-122.53,-113.99,-105.14,-95.676,-90.03,-83.316,-77.975,-71.261,-64.089,-57.527,-53.865,-52.644,-54.628,-56.154,-58.901,-56.917,-55.086,-48.372,-45.32,-43.031,-43.031,-43.031,-45.473,-47.609,-49.44,-48.372,-44.404,-37.385,-36.775,-38.606,-43.184,-44.404,-48.219,-53.865,-59.511,-62.258,-67.751,-72.481,-79.348,-86.062,-92.929,-100.41,-107.12,-113.53,-121.31,-125.58,-127.57,-123.29,-122.99,-126.65,-135.04,-141.45,-146.95,-154.12,-162.21,-169.84,-177.62,-185.4,-189.52,-189.21,-189.21,-187.69,-187.69,-185.55,-183.57,-180.21,-180.36,-183.11,-185.71,-184.64,-180.97,-170.29,-157.48,-144.81,-138.25,-130.16,-121.16,-111.55,-102.54,-90.64,-81.332,-76.144,-72.787,-67.293,-59.511,-50.661,-43.794,-35.554,-28.23,-18.921,-13.276,-11.292,-11.597,-10.681,-7.9348,-6.1037,-6.2563,-8.6978,-12.665,-13.581,-12.97,-8.24,0.15259,7.9348,8.3926,6.4089,5.7985,4.2726,1.0681,-3.2044,-7.9348,-13.276,-16.175,-15.412,-14.954,-15.259,-18.464,-18.006,-16.785,-15.564,-16.327,-12.665,-6.1037,-0.76296,3.2044,8.6978,11.139,9.1556,4.4252,3.0519,0.76296,2.1363,4.4252,9.3081,14.496,20.753,24.873,26.704,24.415,21.973,15.412,10.681,6.7141,5.6459,1.3733,-2.1363,-4.5778,-5.6459,-7.477,-3.8148,0.45778,1.3733,0.91556,-1.8311,-6.5615,-9.4607,-9.6133,-3.5096,-2.8993,-3.0519,-5.7985,-4.2726,-1.2207,3.8148,7.7822,11.292,13.886,14.954,15.87,17.548,16.175,17.09,17.548,21.516,22.431,20.295,14.649,8.24,-1.2207,-9.3081,-16.327,-21.821,-28.382,-30.824,-33.57,-36.164,-40.437,-46.999,-52.95,-57.527,-62.41,-64.394,-67.751,-70.956,-76.601,-80.111,-83.316,-86.978,-89.114,-89.114,-88.656,-86.825,-86.215,-81.484,-77.364,-74.77,-78.28,-82.705,-82.705,-81.79,-83.316,-86.978,-89.724,-88.351,-90.03,-88.656,-86.367,-83.01,-81.942,-83.01,-86.062,-88.656,-92.318,-95.676,-100.86,-103.92,-109.71,-110.78,-107.43,-103,-99.796,-92.929,-85.91,-78.738,-73.855,-68.209,-65.92,-68.056,-68.972,-70.956,-75.533,-81.942,-87.893,-93.387,-102.39,-109.87,-118.72,-124.52,-131.84,-133.06,-130.01,-124.82,-121.31,-117.8,-117.65,-115.21,-117.5,-120.24,-127.41,-135.65,-144.35,-152.29,-160.37,-166.94,-172.28,-175.02,-179.14,-181.28,-184.64,-188.15,-194.1,-199.9,-205.54,-207.68,-209.66,-210.43,-210.43,-207.37,-205.85,-204.02,-205.69,-205.39,-202.64,-197.91,-193.64,-189.21,-185.55,-178.23,-172.12,-164.04,-158.7,-154.42,-152.75,-150.3,-146.18,-140.08,-133.67,-124.21,-115.82,-104.07,-94.913,-83.621,-72.329,-55.544,-39.369,-23.652,-11.139,-1.3733,6.4089,13.123,18.464,22.736,25.636,29.908,34.639,38.606,40.437,40.742,42.116,45.473,48.677,55.086,60.274,63.936,63.173,62.105,59.969,56.917,53.865,53.102,54.323,56.001,60.579,65.615,66.683,68.056,66.683,66.378,65.31,61.495,56.764,52.492,50.356,50.661,51.424,53.102,53.865,57.07,58.29,59.511,61.19,61.495,60.579,61.037,61.8,64.089,64.699,64.547,63.326,64.394,65.31,66.225,67.141,65.31,62.41,58.596,54.781,49.44,42.726,37.843,31.587,30.366,25.025,20.905,14.344,9.3081,3.357,-1.9837,-6.5615,-8.8504,-11.292,-11.597,-16.327,-20.142,-25.33,-28.84,-34.639,-36.927,-39.064,-39.064,-40.132,-42.879,-46.693,-49.745,-54.933,-56.764,-56.917,-53.865,-51.729,-49.135,-49.745,-49.287,-47.761,-46.388,-46.236,-44.404,-42.726,-40.742,-37.538,-31.281,-29.603,-28.077,-28.535,-28.687,-30.213,-29.145,-26.551,-24.873,-23.652,-21.668,-20.6,-18.616,-17.853,-17.701,-21.668,-23.804,-26.704,-27.009,-27.161,-25.636,-23.347,-21.973,-20.905,-17.701,-17.09,-15.717,-15.107,-14.954,-15.717,-13.733,-12.818,-10.529,-8.6978,-5.1881,-2.8993,1.3733,6.5615,10.224,12.207,13.733,16.327,21.058,24.415,29.145,35.554,45.473,49.898,50.203,46.999,44.099,40.742,38.453,36.927,36.775,36.47,36.012,35.707,36.164,37.08,39.521,40.59,43.184,44.71,47.456,47.914,48.219,48.219,45.015,42.421,42.879,46.388,51.881,59.358,65.767,68.361,71.566,74.007,78.433,81.179,84.384,87.436,92.929,99.185,105.44,110.17,114.29,117.04,118.41,117.19,116.12,115.51,118.56,120.55,123.14,121.01,119.33,118.72,118.87,118.26,120.24,121.62,121.62,120.4,120.85,121.16,122.99,121.77,122.68,121.62,123.75,123.29,123.14,123.75,127.72,128.94,129.86,126.8,122.68,117.04,113.22,107.58,104.83,101.47,100.86,97.659,95.676,90.945,91.098,90.182,87.283,81.942,77.059,71.413,66.988,60.579,56.001,50.661,47.304,42.421,41.047,38.148,37.69,36.012,34.333,32.502,32.96,34.944,38.453,41.505,46.999,48.83,49.135,44.099,40.284,33.57,29.298,27.161,25.178,22.126,18.616,16.327,16.175,15.87,17.396,17.396,19.227,19.684,19.99,16.327,13.581,9.1556,4.4252,0.30519,-5.3407,-11.902,-15.564,-19.227,-20.6,-24.72,-26.093,-29.45,-32.044,-34.333,-33.876,-33.723,-32.044,-30.061,-26.856,-23.347,-18.464,-13.581,-8.8504,-5.4933,-0.15259,5.0356,10.529,15.259,22.431,26.399,29.298,30.671,31.434,31.739,30.366,27.772,25.178,23.957,26.093,28.23,30.519,32.35,36.622,40.437,46.083,48.372,51.576,52.95,52.797,50.661,48.83,49.593,51.729,52.95,55.086,55.238,56.154,54.476,55.696,57.985,62.716,68.056,74.465,77.212,77.822,77.517,79.501,81.484,84.689,84.994,85.452,82.553,82.247,78.28,75.686,72.939,72.176,68.361,66.073,62.716,62.258,61.953,61.647,62.41,64.547,64.699,67.751,70.956,73.855,74.618,75.076,73.55,71.108,68.667,65.004,62.105,58.748,56.154,52.187,47.151,42.116,36.622,33.265,31.281,30.213,25.178,21.821,19.684,17.548,17.396,19.379,19.379,19.227,20.905,22.736,21.973,22.889,23.194,25.33,26.856,29.298,31.434,35.707,39.979,43.184,44.404,46.236,46.388,45.167,42.268,38.911,36.622,37.996,39.827,39.369,37.08,37.233,38.453,37.08,33.418,29.756,23.804,18.006,11.75,6.2563,0.15259,-4.5778,-7.0193,-7.9348,-9.1556,-13.276,-17.243,-19.227,-22.584,-23.194,-24.262,-25.178,-26.704,-26.551,-26.246,-25.788,-24.262,-21.821,-20.905,-18.159,-15.259,-10.834,-9.1556,-8.5452,-10.834,-12.513,-14.801,-17.09,-18.921,-20.6,-21.668,-21.668,-22.126,-22.889,-25.636,-26.399,-28.382,-28.077,-27.924,-27.772,-28.077,-28.993,-30.061,-31.739,-33.57,-34.181,-35.707,-36.927,-37.996,-35.859,-34.028,-30.976,-28.382,-25.636,-23.652,-23.041,-23.804,-23.041,-25.178,-26.399,-27.467,-26.856,-27.924,-28.23,-30.976,-33.265,-35.859,-35.859,-37.233,-36.47,-38.453,-39.216,-41.353,-42.573,-44.252,-46.236,-47.761,-49.135,-52.339,-52.644,-55.086,-53.865,-53.865,-54.018,-56.764,-59.358,-62.41,-62.716,-61.037,-58.443,-59.969,-60.121,-61.953,-62.868,-66.988,-69.277,-70.956,-70.803,-69.43,-64.394,-59.969,-55.086,-51.881,-48.524,-47.761,-46.999,-47.761,-47.456,-48.219,-47.609,-47.151,-45.015,-46.236,-46.541,-48.372,-48.219,-49.898,-50.356,-50.966,-51.576,-50.813,-47.914,-47.609,-46.846,-50.203,-52.339,-55.544,-56.612,-59.511,-63.021,-67.141,-70.498,-76.296,-77.364,-77.822,-76.754,-75.838,-76.296,-75.991,-73.702,-72.634,-68.819,-65.462,-61.19,-59.358,-56.612,-54.018,-52.034,-51.729,-50.813,-51.271,-49.745,-50.05,-48.372,-49.135,-48.372,-50.661,-54.933,-59.511,-62.258,-63.326,-65.157,-67.446,-67.446,-68.209,-68.056,-70.193,-71.261,-72.481,-73.092,-74.007,-75.533,-76.449,-77.364,-83.468,-87.741,-91.403,-92.929,-94.913,-95.676,-95.676,-95.523,-95.065,-93.692,-93.234,-91.556,-90.793,-89.267,-90.03,-91.861,-96.133,-101.02,-105.29,-109.1,-112.92,-114.14,-117.04,-116.89,-117.34,-118.56,-122.23,-124.36,-128.03,-130.16,-132.45,-133.52,-136.72,-136.88,-138.1,-135.96,-137.03,-138.25,-140.39,-141,-141.15,-139.01,-139.47,-138.25,-137.49,-134.59,-133.06,-130.31,-131.23,-132.3,-135.81,-137.03,-138.1,-139.62,-141.3,-139.47,-138.71,-136.27,-136.27,-135.04,-136.72,-137.94,-138.71,-138.71,-141,-144.2,-149.85,-153.81,-157.32,-157.02,-158.24,-155.95,-154.42,-150.61,-147.4,-144.66,-142.06,-138.25,-131.84,-124.52,-120.4,-116.12,-112.92,-107.88,-103.46,-96.896,-91.556,-85.91,-80.569,-75.076,-71.413,-70.193,-70.956,-72.634,-76.296,-79.501,-83.316,-84.994,-86.52,-84.231,-82.247,-78.585,-73.855,-68.361,-63.478,-59.206,-54.323,-47.914,-42.268,-37.385,-35.554,-32.502,-29.603,-25.025,-21.363,-16.48,-12.055,-6.8667,-2.5941,2.2889,5.6459,7.7822,7.9348,7.6296,5.6459,6.8667,6.1037,5.6459,2.5941,1.3733,-0.76296,-3.2044,-6.2563,-7.6296,-7.6296,-4.7304,-1.0681,3.6622,7.0193,11.75,14.954,19.837,22.431,23.499,22.431,20.142,19.227,20.6,20.295,21.21,22.431,28.84,31.587,35.401,36.012,35.401,32.807,32.044,28.382,28.382,29.298,32.96,34.639,39.216,44.252,52.644,57.833,64.089,72.176,79.348,83.316,91.098,100.56,111.09,120.4,130.62,137.18,143.44,147.56,151.37,152.9,155.49,157.78,159.92,163.88,166.78,167.85,167.09,166.02,164.19,159.61,153.66,147.4,142.06,133.52,123.45,115.21,108.95,102.54,95.37,86.825,78.127,68.514,59.053,48.219,39.216,31.892,26.399,18.464,13.581,8.5452,4.883,-1.5259,-7.1718,-11.902,-16.175,-21.363,-23.499,-27.619,-30.671,-35.707,-38.453,-41.047,-42.879,-46.999,-50.203,-53.713,-56.154,-59.816,-64.241,-70.65,-77.212,-83.926,-89.877,-97.201,-102.08,-108.34,-113.99,-120.55,-123.75,-124.97,-125.13,-127.72,-130.31,-132.76,-128.79,-124.82,-120.24,-117.5,-112.92,-107.12,-99.033,-90.182,-81.027,-73.855,-67.446,-60.579,-50.508,-42.268,-31.281,-21.21,-10.071,-2.1363,4.5778,11.139,19.227,26.093,34.791,42.573,48.524,53.255,60.884,67.446,75.076,81.179,86.673,90.182,93.844,93.997,88.351,79.501,70.345,61.19,54.018,45.625,40.59,33.418,26.551,16.633,7.3244,-2.4415,-10.529,-16.175,-19.684,-21.058,-21.821,-22.431,-21.516,-22.431,-23.652,-27.924,-31.587,-34.791,-34.486,-35.401,-36.47,-38.453,-40.284,-41.505,-41.963,-41.658,-38.759,-37.843,-35.859,-35.554,-35.096,-36.47,-38.148,-41.505,-45.167,-49.135,-51.881,-56.154,-59.206,-62.258,-64.547,-68.667,-69.735,-70.803,-69.43,-67.904,-64.699,-62.258,-59.816,-58.443,-54.628,-50.813,-45.015,-42.879,-38.148,-35.554,-30.366,-25.788,-23.499,-22.279,-21.363,-19.99,-15.87,-12.36,-6.8667,-1.8311,4.5778,10.987,18.616,26.856,36.012,46.236,56.917,66.073,75.076,83.621,94.913,104.37,115.97,126.8,137.94,146.64,155.34,162.97,172.12,179.45,187.08,193.49,200.66,206.76,212.71,216.68,220.19,223.55,227.06,229.5,233.01,233.77,236.21,238.96,243.08,248.42,253,257.27,262.15,267.34,272.53,274.21,277.11,278.02,279.4,278.33,279.7,281.23,284.13,287.33,290.38,292.98,295.42,297.71,300.91,302.29,305.03,306.41,310.53,314.65,319.53,321.67,321.82,320.9,321.82,319.53,318.77,317.09,316.17,316.63,317.85,318.61,320.44,322.89,323.95,322.73,321.36,317.09,313.73,309.31,304.42,298.01,292.52,288.55,284.43,278.02,273.14,267.34,263.53,258.34,254.68,249.64,246.13,241.55,238.04,234.69,231.18,227.97,225.99,222.17,221.26,219.28,217.14,214.09,213.93,212.41,212.87,213.17,212.87,213.63,214.55,213.63,213.02,211.04,210.43,208.75,208.75,210.27,210.88,209.36,206.92,203.41,198.68,192.57,186.93,178.99,173.96,168.61,165.87,161.6,158.24,154.58,151.98,148.32,144.2,140.39,138.4,134.59,131.84,128.64,127.72,126.65,127.11,126.65,126.96,125.43,121.77,115.21,110.78,103.92,98.27,92.471,87.436,78.89,70.498,62.716,55.696,48.219,40.742,33.418,27.924,24.11,22.584,18.311,14.191,8.5452,5.3407,4.4252,2.4415,0.76296,-0.61037,-0.91556,-0.61037,-2.5941,-2.5941,-4.5778,-4.12,-3.5096,-0.30519,0.91556,0.30519,-4.5778,-8.6978,-11.444,-14.496,-17.548,-19.684,-23.804,-26.093,-30.061,-33.265,-39.064,-45.015,-48.372,-50.661,-52.492,-52.797,-52.034,-52.187,-57.375,-62.258,-70.65,-77.364,-83.316,-85.299,-84.841,-83.926,-84.536,-86.062,-88.656,-92.166,-98.575,-104.07,-110.78,-112.77,-112.77,-107.27,-101.17,-95.065,-91.098,-84.841,-79.958,-75.838,-75.076,-74.16,-74.007,-72.329,-71.413,-69.735,-69.277,-70.498,-72.634,-73.397,-76.754,-77.364,-78.28,-78.738,-81.484,-82.705,-85.757,-88.656,-91.403,-93.234,-95.828,-96.286,-97.354,-95.676,-95.676,-92.624,-92.013,-87.283,-84.841,-83.316,-83.163,-81.942,-81.637,-79.348,-78.28,-76.449,-76.296,-72.176,-69.582,-65.92,-63.936,-60.884,-58.596,-57.222,-57.07,-57.375,-61.19,-65.157,-69.887,-72.024,-75.991,-78.28,-81.027,-82.553,-87.436,-91.708,-94.607,-96.133,-97.049,-94.607,-91.708,-87.436,-87.436,-87.741,-89.572,-88.046,-85.91,-82.705,-79.806,-76.449,-73.55,-70.04,-67.446,-64.089,-62.41,-58.29,-57.375,-56.154,-55.849,-53.713,-50.661,-46.999,-44.557,-42.879,-40.895,-37.996,-37.843,-36.317,-36.775,-35.401,-34.944,-33.876,-30.824,-26.551,-22.584,-19.684,-19.684,-19.684,-21.973,-22.126,-25.483,-27.314,-29.298,-30.824,-31.892,-31.892,-31.892,-32.197,-34.028,-33.723,-36.317,-36.622,-39.369,-38.301,-36.164,-33.113,-31.892,-31.587,-32.655,-36.164,-40.742,-43.489,-46.236,-46.541,-47.304,-45.778,-43.336,-39.827,-37.08,-34.181,-30.213,-25.636,-20.753,-13.276,-6.8667,1.8311,9.6133,18.616,27.314,36.622,45.473,54.476,63.021,72.634,79.806,86.52,91.861,98.88,103.76,111.09,119.63,127.87,134.13,137.94,140.84,144.35,146.03,148.93,150.3,151.83,150.91,150.76,150.15,148.93,146.95,145.12,141.61,139.32,137.03,135.35,130.92,127.41,122.38,119.79,117.8,116.89,116.12,114.29,111.85,110.78,108.19,107.43,105.29,104.98,104.07,105.9,107.27,108.95,109.26,109.1,108.19,106.51,100.86,95.523,89.877,86.062,82.247,78.127,71.718,63.631,57.07,52.95,50.813,51.271,50.661,50.813,48.677,47.456,45.473,43.947,40.132,35.859,33.113,30.824,28.993,29.603,30.213,33.418,33.723,33.265,31.434,32.502,35.554,38.453,37.385,33.723,28.382,25.178,19.837,15.87,10.376,7.7822,2.7467,-2.1363,-7.0193,-11.139,-14.801,-17.396,-22.431,-27.467,-34.639,-40.895,-48.372,-54.933,-62.716,-68.056,-72.787,-78.433,-84.078,-91.25,-99.948,-106.97,-114.6,-120.09,-126.65,-131.38,-135.5,-138.55,-143.28,-148.93,-156.1,-160.22,-166.17,-169.23,-173.5,-175.33,-176.09,-176.09,-178.84,-183.26,-184.94,-185.55,-187.08,-187.38,-188.3,-186.32,-186.93,-187.69,-189.21,-190.89,-195.32,-199.29,-206.31,-213.63,-221.87,-227.52,-233.47,-237.43,-241.25,-241.55,-243.54,-244.3,-248.27,-252.39,-255.59,-258.03,-259.56,-260.63,-262.46,-262,-262.15,-259.87,-255.44,-247.51,-240.49,-232.7,-226.91,-220.5,-216.83,-212.56,-209.66,-203.86,-198.98,-190.44,-184.18,-174.72,-168.92,-163.12,-158.7,-152.9,-146.79,-139.77,-132.45,-125.89,-123.14,-121.46,-120.4,-118.11,-117.5,-119.17,-122.68,-124.52,-126.8,-129.25,-130.92,-130.62,-130.62,-130.92,-131.99,-131.69,-130.92,-129.86,-126.65,-120.85,-117.65,-114.44,-111.85,-107.43,-105.14,-98.422,-92.318,-86.978,-83.621,-79.043,-73.244,-68.209,-65.615,-65.157,-66.53,-65.004,-62.563,-59.206,-58.29,-57.527,-56.154,-55.238,-55.391,-53.56,-55.849,-56.764,-60.121,-62.258,-64.852,-67.751,-70.498,-75.228,-80.264,-84.231,-87.13,-87.436,-90.182,-91.556,-94.913,-97.964,-101.02,-102.39,-103,-100.25,-95.37,-88.656,-84.078,-77.059,-73.702,-68.209,-66.073,-62.868,-60.579,-57.375,-55.849,-54.323,-54.17,-52.339,-51.271,-47.456,-45.32,-43.184,-43.184,-41.963,-42.268,-44.557,-47.914,-51.881,-56.612,-57.985,-57.985,-55.849,-54.17,-50.966,-53.102,-55.391,-59.206,-58.596,-55.696,-52.339,-52.339,-51.424,-51.271,-51.881,-52.95,-52.339,-54.17,-53.407,-52.034,-46.541,-43.184,-40.895,-43.031,-46.388,-48.677,-48.982,-50.508,-49.745,-49.898,-47.151,-44.557,-40.742,-42.116,-41.658,-42.268,-41.505,-39.827,-35.707,-35.096,-33.876,-34.944,-35.249,-37.08,-35.554,-35.554,-34.486,-33.113,-27.924,-28.382,-31.281,-33.418,-33.57,-32.96,-33.113,-36.622,-37.843,-40.895,-40.284,-39.521,-35.401,-33.418,-32.96,-36.164,-40.742,-46.541,-48.677,-50.813,-53.255,-57.07,-57.222,-59.206,-62.258,-68.667,-73.244,-75.686,-76.296,-78.28,-81.179,-85.452,-88.504,-91.556,-90.487,-92.166,-92.776,-92.624,-92.318,-93.539,-95.523,-99.033,-100.86,-99.643,-98.88,-99.643,-99.338,-100.25,-97.201,-93.692,-88.504,-85.452,-83.926,-83.316,-82.858,-83.621,-83.773,-84.689,-85.147,-85.452,-82.4,-78.28,-70.193,-63.021,-56.459,-52.492,-46.236,-40.132,-33.876,-30.213,-25.33,-21.363,-14.344,-7.7822,1.3733,10.224,17.701,23.804,30.976,38.911,46.999,55.238,65.004,74.618,83.468,87.893,93.234,96.438,100.25,101.93,103.31,103.31,104.07,103,102.24,101.02,99.643,95.828,92.624,88.351,86.673,84.078,80.569,76.144,69.582,62.868,58.596,54.781,51.881,47.151,45.473,42.268,40.742,43.336,44.71,44.099,41.2,36.622,32.197,27.924,24.11,18.159,13.886,7.0193,-0.76296,-9.003,-16.327,-22.889,-26.246,-32.35,-36.927,-41.81,-46.388,-54.018,-59.206,-66.073,-72.634,-79.806,-86.673,-93.081,-99.49,-105.9,-110.63,-114.6,-115.67,-118.72,-119.33,-121.16,-119.63,-119.94,-119.17,-119.63,-118.87,-117.19,-113.68,-110.93,-107.43,-104.83,-102.69,-100.56,-97.812,-97.354,-96.133,-96.744,-96.591,-95.676,-93.081,-88.961,-85.452,-84.384,-81.027,-80.264,-77.822,-76.754,-73.55,-68.819,-63.326,-59.816,-57.833,-54.781,-48.83,-42.421,-33.876,-27.009,-16.633,-6.8667,5.3407,16.022,27.314,35.554,41.81,46.083,51.118,56.307,61.8,64.852,69.582,72.634,76.754,80.721,85.757,88.656,91.098,94.302,96.591,97.201,99.796,103.46,107.12,110.63,115.82,119.63,125.13,131.84,137.49,140.54,143.89,147.71,153.05,156.71,157.48,154.42,156.1,157.32,159.76,161.75,165.11,169.38,174.41,177.77,181.28,181.28,182.04,179.75,176.24,170.6,166.33,160.22,154.73,148.47,141.3,132.3,124.82,118.56,112.92,105.44,101.47,98.88,97.354,93.692,91.098,88.046,83.773,77.67,72.329,66.836,64.547,60.579,57.07,49.44,41.505,31.587,25.636,21.668,20.295,17.548,15.717,12.36,10.834,5.4933,-0.30519,-3.8148,-5.0356,-6.4089,-8.6978,-8.0874,-8.3926,-8.3926,-7.3244,-8.5452,-9.003,-10.529,-11.75,-14.191,-17.243,-21.973,-28.993,-35.249,-41.81,-47.151,-51.881,-56.459,-60.884,-66.073,-70.193,-74.77,-79.196,-83.468,-86.215,-88.809,-88.656,-87.893,-85.299,-85.299,-83.773,-84.231,-81.637,-79.501,-77.975,-78.433,-78.127,-78.89,-78.433,-80.264,-83.01,-85.604,-84.994,-87.741,-89.114,-93.234,-96.438,-98.727,-97.354,-93.692,-86.673,-77.975,-67.904,-60.427,-50.813,-43.336,-36.775,-32.807,-25.941,-18.616,-10.376,-3.6622,1.9837,6.7141,10.071,11.75,12.207,9.9185,9.003,6.8667,5.9511,1.8311,-1.8311,-6.4089,-10.071,-15.107,-18.006,-23.347,-26.246,-32.044,-34.944,-39.216,-40.437,-44.252,-46.083,-47.609,-48.372,-47.151,-44.099,-41.047,-37.233,-37.233,-38.148,-43.184,-46.083,-45.93,-42.268,-38.759,-36.622,-38.911,-43.184,-48.982,-53.102,-57.527,-60.274,-64.394,-66.378,-71.566,-75.838,-80.569,-83.468,-87.588,-91.861,-95.218,-97.049,-99.033,-100.71,-102.08,-102.08,-103.61,-101.93,-101.17,-99.643,-97.964,-97.354,-98.727,-101.02,-102.85,-102.24,-104.07,-106.51,-111.85,-114.29,-116.89,-119.33,-121.01,-121.01,-121.62,-121.92,-120.85,-118.26,-115.21,-108.95,-104.68,-99.185,-96.133,-90.793,-87.13,-83.163,-79.501,-75.533,-71.718,-68.361,-66.988,-64.241,-62.105,-58.748,-58.29,-57.07,-57.222,-55.544,-55.086,-54.323,-54.018,-53.407,-54.323,-54.933,-55.391,-54.17,-54.476,-54.933,-57.985,-57.985,-58.443,-59.511,-62.868,-66.683,-71.413,-74.313,-74.618,-72.634,-71.413,-69.277,-68.361,-66.225,-68.514,-73.702,-77.975,-79.501,-82.858,-86.978,-89.572,-88.504,-88.504,-89.114,-90.335,-88.351,-86.673,-84.841,-84.078,-83.316,-83.01,-78.433,-75.076,-73.244,-72.939,-71.718,-71.566,-67.751,-63.021,-56.154,-52.492,-49.44,-46.388,-44.862,-46.083,-47.609,-49.287,-49.593,-51.118,-48.677,-46.083,-42.268,-40.132,-37.08,-37.233,-36.775,-37.538,-38.301,-39.216,-40.742,-43.794,-45.473,-47.456,-46.999,-49.287,-49.287,-50.05,-46.388,-45.167,-43.794,-43.947,-43.947,-42.726,-40.895,-37.69,-33.57,-29.603,-24.72,-20.753,-15.259,-12.36,-8.8504,-4.2726,1.9837,6.5615,10.987,15.259,19.074,21.21,23.194,24.262,27.619,27.924,27.772,25.33,25.178,24.415,25.33,24.873,25.941,25.483,24.873,22.889,23.041,22.279,20.905,15.717,13.123,9.9185,9.9185,10.224,13.276,15.717,16.327,12.36,9.6133,6.7141,8.24,10.681,15.412,17.09,17.548,16.48,17.09,16.633,13.733,7.477,4.5778,1.8311,0.30519,-2.2889,-1.9837,-2.5941,-2.8993,-5.7985,-8.6978,-10.529,-9.6133,-9.6133,-10.987,-17.548,-26.704,-41.963,-55.849,-70.498,-82.095,-95.065,-106.2,-116.58,-127.26,-136.11,-143.89,-150.76,-156.56,-163.58,-170.75,-177.16,-180.97,-183.87,-184.18,-182.81,-180.06,-179.3,-178.99,-179.91,-184.48,-188.3,-187.99,-184.64,-179.91,-174.41,-167.39,-161.75,-153.81,-147.56,-139.32,-131.23,-120.7,-107.27,-92.776,-79.806,-66.683,-56.001,-47.456,-37.843,-24.72,-13.581,-2.4415,5.4933,14.039,22.279,32.96,41.81,49.287,56.001,64.394,70.956,79.348,86.52,95.981,102.69,109.41,112.77,117.04,121.16,128.33,135.81,141.61,145.12,148.17,149.85,153.81,156.41,161.75,167.39,176.4,182.2,191.05,197.45,202.49,206.46,212.41,215.61,219.73,221.26,226.14,229.35,234.08,233.62,233.92,231.33,228.43,223.24,219.89,215.92,212.71,208.29,204.32,199.59,197.15,190.74,186.47,180.06,175.48,168.31,162.97,154.27,146.79,139.01,133.98,128.79,123.75,117.8,112.31,105.29,99.796,92.166,86.062,79.653,75.381,70.803,66.836,62.563,60.274,57.68,55.238,52.797,51.729,50.356,50.05,49.135,50.966,51.881,54.476,55.849,58.29,60.121,63.936,66.53,71.413,76.296,81.484,86.825,92.013,95.676,99.033,101.78,106.2,109.41,114.14,115.36,118.11,119.02,120.7,122.23,125.74,127.41,128.03,128.48,129.09,128.18,129.09,128.18,130.16,129.55,131.53,131.99,133.06,133.82,133.67,132.91,131.84,130.01,128.48,128.48,130.16,129.86,130.16,128.94,129.4,128.33,129.4,129.86,130.01,129.4,128.79,126.65,125.13,122.23,121.01,118.87,117.19,113.99,112,110.32,108.8,107.73,108.8,109.87,113.38,115.51,118.26,119.48,122.99,125.58,129.86,132.45,135.65,139.47,143.28,147.25,151.68,156.41,162.05,165.87,171.06,173.35,176.24,179.91,183.72,185.86,186.62,186.01,187.23,187.38,188.91,189.21,190.13,188.76,187.69,185.25,183.72,180.82,177.16,174.26,171.21,167.39,166.33,164.95,165.41,166.33,166.94,168,169.38,171.82,176.24,178.23,180.97,183.87,189.67,193.79,198.37,201.88,204.32,206,206.76,207.37,209.81,211.04,213.93,215.92,216.22,216.68,216.83,217.44,219.12,219.58,220.34,219.43,218.67,215.61,214.24,211.49,210.73,209.05,206.46,202.49,199.29,195.78,193.03,188.91,185.71,181.59,178.53,173.96,170.9,168.61,167.55,166.94,165.56,162.51,159.31,155.49,154.88,153.97,156.25,157.02,158.39,158.85,158.7,156.56,154.42,151.37,149.54,146.03,141.76,134.74,129.4,122.38,116.73,109.56,105.29,99.338,91.708,84.689,80.264,76.907,72.939,67.751,63.478,56.917,54.018,49.745,47.304,42.116,37.538,34.181,30.976,27.314,23.499,19.074,15.107,10.529,6.5615,1.3733,-2.1363,-7.9348,-12.818,-17.396,-22.126,-28.84,-33.418,-36.775,-38.606,-40.437,-39.369,-40.59,-39.827,-41.658,-42.726,-43.947,-42.573,-41.658,-41.2,-42.879,-46.083,-50.661,-52.339,-52.339,-47.456,-41.963,-33.723,-27.772,-21.363,-14.801,-9.1556,-5.1881,-1.2207,1.6785,6.7141,11.75,17.701,18.769,19.379,21.21,26.551,33.113,42.268,49.287,51.118,51.424,52.95,54.018,56.764,56.612,53.713,47.304,44.404,44.099,40.742,33.265,20.295,4.5778,-6.7141,-14.496,-20.753,-27.009,-28.687,-34.791,-42.116,-50.661,-55.391,-56.917,-57.985,-59.206,-57.375,-56.612,-56.459,-57.985,-57.985,-58.443,-54.018,-52.797,-51.881,-52.797,-50.661,-49.287,-50.508,-54.933,-59.358,-65.462,-70.803,-81.637,-91.098,-101.17,-103,-102.85,-98.88,-94.607,-89.572,-83.163,-79.043,-79.653,-81.942,-83.926,-83.316,-83.468,-79.501,-77.822,-77.364,-82.247,-83.926,-80.264,-71.261,-61.037,-51.576,-40.895,-30.061,-25.483,-18.769,-13.733,-10.376,-12.055,-16.633,-24.415,-33.57,-42.268,-46.693,-47.304,-43.336,-41.047,-38.301,-38.301,-37.996,-38.606,-39.216,-39.521,-39.521,-44.557,-51.424,-56.917,-58.748,-59.816,-59.053,-59.053,-53.102,-45.32,-34.791,-27.619,-18.769,-11.139,-3.2044,3.6622,12.055,18.311,21.973,23.041,23.652,23.957,26.551,25.178,25.636,24.72,23.957,19.837,12.818,1.6785,-8.6978,-14.649,-14.344,-13.276,-10.681,-11.902,-17.243,-29.298,-42.879,-51.881,-54.17,-48.982,-40.742,-33.113,-25.025,-20.447,-17.701,-19.227,-16.785,-16.938,-15.87,-17.09,-15.259,-12.665,-9.1556,-4.7304,-1.2207,-1.3733,-3.5096,-5.7985,-8.24,-11.444,-8.8504,-4.5778,-0,2.2889,5.9511,6.8667,6.4089,5.9511,1.6785,-7.0193,-18.769,-30.976,-41.047,-50.508,-57.985,-66.988,-75.686,-87.741,-97.659,-104.07,-105.75,-104.83,-103.15,-101.32,-100.25,-101.93,-103,-103.15,-99.185,-96.133,-90.945,-84.078,-74.16,-65.157,-59.664,-56.307,-54.933,-57.527,-61.037,-67.598,-72.481,-77.67,-78.89,-80.416,-82.095,-83.621,-83.621,-84.994,-88.351,-91.556,-93.692,-97.049,-99.49,-105.14,-109.1,-113.68,-114.6,-113.68,-114.6,-117.34,-120.4,-124.82,-129.86,-136.42,-140.69,-146.03,-146.18,-146.49,-141.45,-136.42,-127.11,-119.02,-110.63,-106.36,-102.08,-97.964,-91.098,-86.673,-82.4,-78.28,-72.787,-68.361,-65.92,-65.462,-64.394,-63.478,-63.326,-62.258,-59.358,-58.29,-57.375,-60.274,-64.089,-71.261,-73.702,-75.381,-76.296,-81.332,-87.13,-94.15,-99.796,-103.76,-102.24,-100.25,-96.438,-95.065,-88.809,-84.078,-78.127,-73.092,-67.293,-65.31,-64.394,-64.852,-63.173,-62.563,-57.07,-54.17,-50.508,-48.219,-43.947,-41.505,-38.911,-37.385,-34.333,-35.096,-40.132,-50.661,-60.427,-69.735,-75.991,-82.247,-84.536,-83.316,-80.721,-79.348,-77.822,-78.89,-78.738,-77.67,-73.855,-71.871,-68.361,-68.514,-69.887,-73.244,-71.871,-71.871,-70.498,-68.819,-64.394,-58.443,-52.95,-48.982,-42.421,-37.538,-33.265,-31.739,-28.993,-30.366,-32.807,-35.249,-36.012,-38.301,-41.81,-45.778,-48.83,-52.492,-51.271,-51.118,-50.203,-50.966,-50.203,-47.609,-42.879,-37.538,-30.519,-24.262,-17.243,-11.139,-2.4415,3.6622,11.292,17.09,22.126,25.178,29.298,33.876,35.249,35.554,34.028,29.145,22.431,12.513,5.0356,-2.5941,-8.5452,-16.022,-23.804,-28.23,-28.23,-28.687,-24.873,-19.532,-12.818,-11.597,-11.139,-15.564,-16.48,-17.396,-15.564,-15.87,-14.191,-11.902,-7.6296,-4.4252,-0,5.9511,16.327,28.23,37.233,39.674,39.521,35.249,31.129,28.23,24.873,20.142,16.022,10.987,5.4933,-1.6785,-7.7822,-13.276,-17.243,-21.821,-25.483,-27.924,-25.483,-21.363,-18.006,-18.921,-18.311,-20.295,-21.058,-22.431,-18.159,-14.649,-7.7822,-0,8.6978,14.801,21.973,25.178,26.704,25.483,27.314,27.619,29.145,28.84,27.161,21.973,16.938,12.207,9.003,5.3407,1.6785,-2.5941,-5.9511,-14.954,-19.684,-24.567,-23.499,-20.447,-14.496,-8.6978,-1.6785,7.3244,14.039,16.633,20.753,21.058,19.99,20.295,22.889,24.873,27.314,25.941,27.924,29.145,29.756,30.366,30.671,30.824,32.044,32.197,29.298,27.009,27.924,27.314,26.704,23.194,19.379,15.717,14.496,10.834,8.5452,6.4089,3.8148,-2.1363,-6.2563,-11.444,-15.564,-20.905,-21.363,-21.516,-18.464,-14.191,-4.2726,3.357,8.3926,8.6978,9.1556,10.071,14.496,18.159,21.973,20.905,21.668,23.347,29.603,33.418,39.369,44.862,49.287,51.271,53.713,55.544,56.612,57.222,57.833,55.849,54.17,49.898,45.015,37.233,31.281,26.093,23.652,20.295,18.769,17.09,15.564,11.139,10.224,7.6296,7.6296,6.1037,5.9511,2.4415,1.8311,-0.61037,-2.2889,-4.12,-2.4415,-2.1363,-2.1363,-2.1363,-0.91556,-1.0681,1.5259,5.9511,12.055,14.191,16.48,20.6,23.041,26.093,29.603,32.35,33.57,33.723,34.181,34.639,36.317,35.554,34.028,30.671,28.84,27.619,25.178,22.431,17.853,12.207,6.5615,0.30519,-2.7467,-5.9511,-8.0874,-11.902,-15.107,-18.769,-19.074,-20.447,-21.21,-22.584,-25.178,-27.009,-24.567,-22.279,-16.785,-14.649,-11.292,-9.6133,-6.1037,-5.1881,-2.1363,-0.30519,5.6459,11.444,16.48,21.21,28.077,32.35,37.538,41.2,45.778,48.83,51.729,52.339,52.492,53.407,58.29,63.936,67.598,68.667,69.43,70.956,73.55,75.991,80.569,82.553,83.926,83.316,83.316,82.095,80.416,77.822,73.55,67.598,61.495,54.933,48.524,41.2,32.197,19.837,7.9348,-5.9511,-17.548,-27.924,-31.892,-36.164,-38.148,-38.301,-33.876,-29.756,-26.093,-24.11,-19.227,-13.886,-3.357,6.1037,17.09,26.093,37.843,47.456,55.544,62.105,67.446,74.007,81.332,88.046,92.929,94.76,95.37,94.76,95.065,93.844,92.929,93.539,97.201,103.15,108.04,111.39,113.07,112.61,112.16,108.95,104.68,98.575,96.286,95.828,94.15,90.487,85.757,79.958,74.618,70.345,67.141,64.241,61.495,57.222,54.018,51.881,52.492,50.661,49.44,48.219,50.05,52.95,58.138,65.157,71.566,77.517,82.553,86.825,91.556,93.997,96.438,95.981,97.354,95.523,95.676,93.692,92.166,90.182,88.961,87.436,86.825,85.757,83.926,80.721,77.822,71.261,65.92,62.868,61.19,58.29,55.086,50.356,44.099,38.606,32.655,25.788,18.311,11.292,4.7304,-0.76296,-2.7467,-7.0193,-10.987,-15.717,-21.058,-27.772,-32.96,-36.775,-37.538,-38.759,-39.674,-39.521,-37.69,-38.453,-35.707,-34.944,-29.908,-26.551,-21.516,-18.616,-13.886,-11.597,-9.3081,-7.7822,-7.1718,-7.477,-7.0193,-9.4607,-8.6978,-9.9185,-9.3081,-9.6133,-7.6296,-8.5452,-7.7822,-9.7659,-10.834,-12.36,-13.428,-12.513,-11.444,-11.75,-12.055,-13.123,-12.207,-11.902,-11.75,-14.496,-14.191,-14.039,-10.834,-6.5615,0.15259,6.4089,11.292,15.259,18.464,18.921,20.142,19.684,21.973,24.262,26.399,26.399,26.856,27.009,27.772,27.924,27.772,27.467,27.467,26.704,24.415,18.769,15.717,12.665,12.97,10.071,7.9348,4.5778,0.45778,-2.2889,-3.8148,-6.1037,-8.24,-9.7659,-10.224,-11.139,-10.071,-9.003,-5.3407,-1.8311,1.6785,4.883,7.0193,10.224,13.581,15.107,16.175,17.09,20.6,23.652,27.314,27.924,29.298,29.908,32.35,34.028,32.96,31.434,32.35,33.723,33.57,34.181,36.47,37.385,39.521,40.742,42.268,40.437,39.216,37.385,36.164,36.164,35.707,33.57,30.213,28.077,27.009,24.11,22.889,20.142,18.159,16.327,14.649,12.818,12.055,11.597,11.902,12.665,15.259,19.074,22.431,25.33,28.687,29.45,30.671,31.281,33.57,34.181,34.944,35.249,35.401,34.486,32.655,29.756,27.009,24.262,21.516,19.532,19.379,17.09,14.801,10.071,7.3244,3.357,1.9837,-0,-2.4415,-6.2563,-9.9185,-11.597,-12.513,-14.039,-9.4607,-3.8148,1.6785,3.357,5.4933,4.4252,5.4933,5.7985,8.6978,10.224,11.139,12.055,13.733,15.107,17.243,19.074,21.821,22.279,24.415,24.415,26.246,25.483,25.636,25.788,28.077,30.213,32.655,35.554,37.233,37.538,36.775,36.47,37.996,35.554,34.181,30.519,27.772,24.262,22.736,20.6,17.701,14.191,9.1556,3.2044,-1.6785,-5.7985,-7.1718,-9.1556,-9.1556,-11.139,-9.9185,-9.3081,-6.4089,-3.0519,-0.15259,2.4415,5.6459,9.1556,12.513,15.412,18.921,22.889,27.009,30.519,35.554,39.521,44.862,49.135,53.407,55.544,56.307,56.764,57.07,54.781,52.034,46.846,41.353,34.028,28.687,24.11,20.6,15.564,10.529,4.4252,-2.1363,-8.0874,-13.276,-16.785,-19.532,-21.363,-21.973,-23.499,-24.262,-25.483,-23.957,-23.804,-23.347,-21.21,-17.243,-12.055,-5.9511,0.76296,3.8148,3.9674,4.4252,4.12,7.7822,11.139,18.769,22.126,27.467,31.892,34.486,34.639,35.859,35.707,35.401,34.028,34.181,32.502,32.044,28.84,27.314,25.025,24.567,22.279,19.99,16.175,12.665,8.5452,4.5778,1.5259,1.0681,-1.5259,-2.7467,-7.6296,-10.529,-11.75,-9.3081,-7.7822,-5.6459,-4.5778,-3.2044,-4.7304,-5.4933,-9.1556,-10.681,-13.276,-14.344,-16.327,-17.853,-19.227,-19.684,-20.6,-19.99,-20.295,-19.99,-21.668,-21.973,-25.33,-27.161,-30.213,-34.944,-38.301,-40.437,-42.573,-43.947,-47.609,-50.05,-51.271,-48.677,-46.083,-40.284,-37.69,-35.554,-33.57,-31.281,-28.535,-27.161,-27.009,-23.499,-22.431,-19.379,-17.701,-13.581,-12.207,-11.139,-10.834,-10.224,-10.834,-11.444,-13.428,-16.022,-20.6,-23.347,-27.772,-30.061,-33.418,-36.164,-41.505,-45.473,-48.372,-51.271,-54.476,-56.764,-58.901,-61.647,-64.699,-65.767,-68.056,-68.972,-68.819,-69.43,-73.702,-75.838,-77.364,-77.975,-78.127,-78.585,-78.127,-76.296,-74.313,-71.261,-69.887,-66.988,-66.225,-66.225,-67.751,-69.582,-73.855,-79.958,-83.621,-85.757,-88.504,-89.572,-91.708,-93.387,-95.218,-95.37,-96.133,-94.76,-95.218,-95.828,-96.133,-95.828,-95.523,-94.302,-92.929,-88.809,-86.978,-82.705,-78.89,-73.092,-67.751,-61.19,-55.544,-50.203,-45.015,-40.284,-37.996,-34.181,-32.807,-30.671,-28.535,-25.636,-24.873,-23.957,-24.415,-26.399,-29.145,-31.281,-31.129,-30.213,-31.739,-32.807,-35.554,-37.538,-38.911,-39.216,-39.369,-39.521,-37.69,-33.418,-29.603,-29.908,-32.197,-30.671,-27.924,-23.194,-21.516,-20.753,-23.194,-25.788,-31.587,-35.401,-38.453,-39.979,-42.421,-43.184,-46.388,-46.541,-47.761,-45.473,-45.625,-43.794,-42.726,-38.759,-34.791,-29.603,-27.009,-24.415,-24.262,-24.72,-24.262,-20.6,-19.837,-18.006,-18.006,-18.464,-21.058,-22.736,-23.957,-25.788,-27.467,-26.704,-24.262,-20.905,-19.532,-17.396,-16.785,-14.649,-11.139,-7.1718,-5.0356,-2.1363,2.2889,7.9348,13.428,17.701,22.279,25.636,26.093,27.161,28.077,29.603,25.788,22.889,19.99,17.853,15.717,16.175,14.344,13.733,12.36,13.733,12.055,10.071,4.883,2.5941,-0.91556,-3.6622,-9.4607,-15.107,-22.736,-28.993,-34.181,-36.775,-40.895,-45.015,-51.729,-56.001,-61.342,-64.547,-69.124,-70.65,-71.566,-69.582,-69.277,-66.073,-61.647,-56.459,-49.898,-44.252,-38.759,-32.807,-29.298,-25.178,-21.973,-18.006,-18.006,-19.074,-20.447,-21.821,-26.551,-31.587,-37.843,-42.726,-47.609,-52.187,-55.086,-55.696,-57.222,-58.748,-60.427,-60.427,-61.19,-61.037,-63.936,-64.547,-66.683,-67.751,-70.04,-72.176,-77.059,-82.095,-85.757,-86.673,-86.215,-83.773,-81.637,-76.296,-70.498,-64.241,-61.495,-58.901,-57.833,-54.018,-52.797,-49.898,-47.151,-44.252,-43.489,-45.015,-45.625,-45.473,-46.388,-46.999,-50.508,-52.797,-56.459,-57.527,-59.053,-58.138,-57.222,-58.596,-62.258,-62.868,-61.953,-61.8,-61.953,-62.105,-62.716,-60.732,-59.664,-56.612,-54.781,-51.271,-50.661,-51.576,-53.255,-54.781,-56.154,-57.222,-58.29,-59.053,-60.274,-58.138,-58.29,-57.222,-57.375,-54.476,-52.797,-50.356,-49.287,-46.846,-47.151,-45.32,-43.794,-42.116,-42.421,-41.658,-41.505,-40.895,-43.031,-42.116,-43.031,-41.658,-41.353,-40.59,-39.521,-38.759,-38.759,-39.064,-40.742,-41.658,-43.947,-43.794,-46.083,-46.388,-46.846,-46.693,-49.44,-50.813,-52.034,-51.118,-49.135,-46.388,-42.268,-37.69,-33.265,-30.366,-28.077,-23.347,-20.753,-15.259,-11.597,-7.3244,-4.883,-1.8311,2.2889,5.4933,5.9511,6.5615,6.1037,7.1718,7.477,8.0874,6.5615,6.8667,5.1881,5.3407,4.12,3.6622,1.2207,-1.5259,-3.357,-4.12,-4.2726,-1.8311,-0.15259,1.5259,3.2044,7.3244,9.003,12.665,12.513,13.581,14.039,15.87,16.48,19.532,22.279,22.584,22.584,23.041,22.889,23.499,24.11,29.756,31.281,33.418,31.434,29.756,27.009,25.788,23.957,22.126,19.227,18.464,15.87,15.564,15.412,17.701,18.006,21.21,21.363,23.652,25.636,28.077,29.756,31.281,32.197,34.181,34.333,35.249,32.502,32.044,31.129,31.892,31.129,30.519,29.908,30.519,29.45,30.213,30.213,32.655,33.265,33.265,30.671,29.908,27.467,26.704,23.194,19.684,16.175,13.428,10.071,8.6978,4.2726,-0.45778,-7.477,-12.818,-20.295,-26.856,-33.418,-38.453,-43.336,-46.846,-51.118,-55.086,-61.342,-64.699,-67.293,-68.209,-73.55,-78.585,-83.621,-86.062,-87.436,-86.825,-87.893,-88.198,-89.114,-89.877,-91.403,-90.335,-92.471,-92.624,-94.76,-95.065,-96.744,-99.796,-102.69,-103.46,-104.22,-105.44,-107.43,-109.87,-115.36,-117.95,-120.7,-121.16,-124.67,-127.57,-130.77,-133.06,-137.33,-141.76,-146.03,-149.39,-155.49,-158.85,-163.88,-165.72,-168,-171.36,-176.7,-179.45,-180.52,-179.3,-177.77,-175.79,-176.55,-177.92,-180.97,-181.59,-184.18,-186.01,-187.08,-186.47,-186.01,-183.72,-181.43,-177.16,-176.4,-175.18,-175.18,-172.28,-169.23,-166.48,-167.09,-167.39,-167.85,-169.99,-173.04,-173.5,-175.79,-178.23,-182.81,-188.15,-193.33,-198.68,-202.34,-202.8,-202.19,-201.12,-200.35,-196.39,-192.11,-184.48,-177.47,-170.75,-165.26,-160.22,-156.71,-153.2,-148.93,-144.2,-141.91,-137.03,-131.23,-121.62,-112.31,-101.32,-91.708,-83.621,-79.653,-76.907,-76.449,-73.244,-71.261,-65.31,-61.495,-56.459,-51.424,-43.336,-38.606,-35.096,-34.791,-36.622,-39.216,-37.538,-34.639,-26.093,-17.853,-9.6133,-3.6622,2.1363,3.9674,1.9837,-2.8993,-4.2726,-1.8311,2.7467,5.6459,8.5452,9.7659,14.649,16.938,17.09,12.665,9.003,3.357,-0.30519,-1.3733,-0,2.8993,6.1037,9.6133,15.564,24.567,38.911,48.372,54.476,57.375,63.478,66.988,71.108,74.007,77.975,81.027,88.351,96.744,111.39,123.6,132.45,133.37,130.47,124.36,121.92,126.04,138.71,158.7,176.55,189.21,191.66,179.6,160.22,138.1,123.91,120.4,128.48,143.28,158.09,161.6,152.44,138.71,124.67,112,111.85,121.77,142.37,162.82,175.02,169.84,153.05,133.37,121.62,121.46,126.96,127.57,125.89,113.83,95.065,68.514,54.628,61.342,91.098,129.7,171.36,213.63,241.55,248.27,238.65,222.02,200.51,182.65,181.74,188.3,197.3,199.9,196.08,181.28,159.92,132.45,101.93,76.449,61.342,52.644,50.508,48.372,47.304,42.573,30.671,8.24,-7.7822,-7.9348,8.24,29.908,57.68,83.163,102.24,112.16,114.44,109.56,98.27,81.027,59.053,34.028,16.022,0.15259,-5.7985,3.5096,27.467,47.761,58.443,57.375,47.761,32.655,17.701,3.357,-3.5096,-7.1718,-7.3244,-9.4607,-10.834,-12.207,-10.681,-2.5941,6.1037,8.8504,12.207,15.717,20.142,21.516,23.347,17.243,5.9511,-13.123,-30.366,-45.93,-55.849,-59.969,-56.307,-48.524,-40.742,-35.096,-30.519,-30.824,-35.249,-45.015,-53.102,-61.037,-70.498,-80.721,-86.825,-91.861,-93.997,-95.981,-99.033,-102.24,-108.19,-117.34,-126.35,-139.16,-146.64,-150.76,-152.59,-155.49,-155.8,-151.83,-148.47,-146.18,-144.2,-146.79,-151.07,-155.64,-155.34,-152.75,-149.69,-150.46,-151.22,-151.68,-144.35,-136.27,-130.16,-126.65,-124.82,-124.97,-125.43,-126.35,-124.36,-122.07,-118.72,-114.44,-109.1,-103.31,-96.744,-90.64,-86.825,-83.468,-79.958,-77.975,-75.076,-74.16,-69.124,-64.547,-57.222,-50.203,-41.81,-33.876,-26.093,-19.837,-14.496,-12.513,-9.9185,-6.7141,-0.76296,2.5941,8.0874,12.055,17.853,22.889,27.467,31.434,35.859,40.59,50.05,56.154,63.631,68.361,75.228,79.196,83.773,87.741,91.556,96.133,101.63,105.75,111.39,116.28,122.53,128.03,134.13,138.25,143.59,149.24,155.34,161.75,166.63,171.97,177.01,180.82,185.71,191.2,199.29,206.76,215.31,221.26,228.28,232.25,238.04,242.16,245.52,248.57,252.69,255.75,258.34,259.56,262.92,263.68,265.82,265.05,265.82,265.51,266.58,267.49,268.56,268.41,269.17,270.85,272.68,273.45,277.26,279.09,281.69,281.84,283.97,285.04,286.42,287.03,287.64,287.33,287.79,288.71,289.62,289.01,290.69,291.6,292.21,290.54,289.62,289.62,288.71,288.86,288.86,288.55,288.71,287.64,287.79,285.96,286.11,285.04,286.11,286.72,288.09,287.18,287.48,287.03,285.04,283.21,281.99,278.79,277.26,273.75,272.38,270.24,268.11,266.73,265.21,263.83,262.76,260.02,257.88,253,250.1,245.83,244.15,242.01,241.1,239.88,237.74,234.38,232.09,228.74,225.68,222.33,221.72,220.04,219.28,217.75,216.38,213.93,211.8,210.12,208.44,206.46,205.24,202.19,201.42,198.52,197.15,194.56,194.4,193.64,194.25,194.1,193.95,193.33,191.2,187.38,185.71,183.11,180.97,177.77,174.87,170.45,165.11,159.76,154.12,148.47,144.81,141.3,138.4,132.91,129.09,124.67,121.16,115.21,110.17,105.59,102.24,99.033,95.828,91.556,87.283,83.01,79.043,74.16,72.634,69.43,67.446,63.784,61.8,58.138,56.001,53.102,51.424,51.424,52.187,52.797,53.713,53.407,54.781,54.628,56.459,56.764,59.206,60.884,64.699,68.819,71.718,74.16,75.991,77.517,79.196,79.501,80.874,80.721,81.332,81.332,83.926,85.757,89.877,90.487,91.403,91.556,92.776,93.234,93.692,93.081,93.387,92.776,92.776,89.724,87.13,83.316,81.79,80.569,81.332,80.721,78.89,75.533,72.787,71.871,73.244,73.55,73.855,72.176,70.498,66.683,65.31,61.342,59.053,57.222,55.696,53.255,50.508,46.846,42.421,37.385,34.181,29.756,26.856,23.347,20.753,17.701,15.107,11.444,8.3926,6.8667,5.9511,5.1881,5.0356,2.5941,1.0681,-1.8311,-2.2889,-3.0519,-1.9837,-0.91556,2.1363,4.5778,5.1881,5.6459,6.7141,6.5615,6.8667,8.6978,12.513,16.022,19.684,21.21,23.804,25.025,26.856,28.23,30.213,34.486,40.59,46.693,52.797,57.375,63.631,67.446,72.939,76.144,81.637,86.215,90.793,92.624,93.844,94.455,95.676,96.744,99.796,99.643,99.185,96.744,94.913,92.624,91.403,90.03,86.978,84.231,82.858,84.078,87.741,90.335,94.76,94.302,89.267,80.416,74.313,68.667,64.089,59.358,54.17,46.541,39.216,32.35,27.161,19.074,12.055,3.357,-5.9511,-15.259,-22.584,-29.908,-38.759,-49.135,-58.138,-68.514,-78.28,-88.961,-97.964,-107.88,-113.38,-118.11,-118.11,-117.34,-115.05,-114.75,-114.6,-116.12,-119.02,-122.68,-127.41,-129.55,-129.09,-131.38,-130.92,-134.43,-140.39,-149.08,-152.9,-154.58,-153.2,-152.44,-153.2,-155.64,-156.41,-154.27,-148.47,-143.74,-136.27,-132.15,-126.8,-124.36,-122.07,-119.48,-117.8,-117.8,-118.41,-118.56,-117.34,-116.12,-114.6,-115.51,-116.12,-119.94,-121.46,-121.77,-118.87,-117.04,-115.67,-115.36,-115.51,-118.41,-117.95,-119.33,-119.48,-121.92,-123.29,-126.35,-129.7,-135.35,-142.22,-149.69,-154.58,-162.36,-170.14,-179.75,-188.76,-199.59,-209.2,-219.43,-228.28,-237.74,-247.35,-257.42,-265.21,-272.99,-280.92,-292.21,-302.9,-317.24,-327.46,-338.91,-347.45,-357.68,-367.44,-379.35,-391.55,-401.78,-411.24,-419.78,-427.87,-436.72,-445.88,-455.79,-462.81,-471.97,-480.51,-490.74,-498.67,-508.44,-517.9,-525.99,-531.33,-535.91,-540.03,-545.06,-553.45,-564.13,-574.51,-582.9,-586.72,-591.6,-595.26,-598.93,-599.54,-602.28,-606.1,-612.2,-619.07,-625.93,-632.65,-638.9,-644.55,-650.35,-654.16,-657.06,-657.98,-659.2,-658.44,-658.89,-658.89,-659.66,-661.18,-661.34,-660.88,-658.59,-656.61,-654.16,-650.35,-645.62,-641.04,-637.07,-632.65,-628.68,-622.12,-615.41,-607.17,-599.99,-591.45,-581.38,-571.31,-561.39,-551.47,-540.03,-529.8,-520.49,-509.66,-499.13,-488.75,-478.38,-466.17,-455.18,-442.82,-429.24,-414.44,-399.79,-384.23,-367.6,-352.18,-337.69,-324.72,-312.36,-298.32,-284.13,-269.17,-255.75,-240.64,-226.75,-211.34,-197.45,-184.79,-171.97,-158.85,-144.96,-131.08,-119.33,-106.97,-95.828,-84.994,-75.533,-67.598,-61.8,-56.154,-50.813,-46.693,-42.268,-37.233,-32.197,-24.11,-16.022,-7.3244,-2.5941,2.5941,7.0193,10.376,13.733,19.227,26.704,34.181,39.521,41.2,39.064,36.164,30.824,28.23,25.941,25.636,23.652,18.159,12.513,9.7659,9.7659,10.987,14.191,16.175,16.175,16.327,16.175,16.175,16.022,18.311,20.142,22.279,26.093,29.298,32.96,37.69,43.947,47.456,49.44,51.271,52.339,56.307,61.953,70.65,78.433,86.062,90.64,93.539,97.507,103,108.8,112.31,112.92,116.43,118.72,122.23,124.06,126.96,128.33,131.69,135.2,136.42,137.33,139.62,143.44,147.4,150.91,151.98,151.22,154.73,156.1,163.12,172.43,181.43,186.62,188.91,188.15,185.86,184.18,183.26,178.84,176.24,173.96,173.35,169.68,166.63,165.72,166.33,165.41,165.41,163.12,157.78,154.58,153.66,148.63,141.76,133.67,129.7,122.99,115.36,106.51,102.08,98.727,96.438,93.844,92.166,92.166,91.556,90.03,92.929,97.964,104.83,111.24,116.58,119.63,120.7,116.28,109.71,101.47,94.913,92.471,93.081,97.354,104.68,112.77,121.31,128.03,133.82,135.5,138.25,141.45,147.25,149.54,151.52,154.42,159.15,163.58,166.02,165.56,163.27,161.9,166.78,170.75,172.43,169.07,165.56,162.82,162.97,162.97,163.43,164.8,167.24,167.85,168,168.16,171.36,172.73,176.85,177.47,180.52,182.35,184.03,186.62,192.72,201.73,208.9,212.41,218.51,222.48,224.16,223.09,221.87,218.21,220.8,223.7,229.35,234.23,243.54,251.47,254.83,256.97,257.42,257.88,259.41,257.73,253.46,247.51,242.32,232.7,225.53,218.82,213.78,207.37,200.81,193.49,185.55,178.38,172.89,166.17,160.99,154.88,148.93,141,135.65,124.82,116.28,106.66,99.643,95.218,91.556,84.994,83.01,81.637,80.569,80.111,83.316,83.316,84.078,84.231,85.452,82.4,80.416,77.059,76.601,74.465,73.092,71.566,72.024,72.634,74.77,75.076,76.907,76.601,78.127,76.449,74.77,70.803,70.803,73.092,79.196,82.858,86.215,90.335,98.727,105.44,111.55,112.61,115.51,117.65,123.29,125.89,126.96,126.35,125.89,124.06,122.99,121.31,119.33,116.89,113.53,111.55,110.93,108.34,106.81,104.07,103,101.93,101.32,100.41,98.117,93.997,88.046,79.806,71.108,64.089,60.121,55.544,51.729,46.388,45.32,44.099,44.862,41.81,37.843,34.486,31.587,28.382,26.704,24.567,22.431,19.074,16.785,13.123,12.97,10.681,11.444,9.7659,8.3926,7.9348,9.7659,9.6133,8.3926,7.477,7.0193,5.6459,5.0356,1.6785,0.45778,-3.2044,-3.2044,-5.4933,-8.6978,-12.818,-13.886,-18.464,-23.652,-30.366,-36.012,-41.2,-43.336,-46.388,-45.778,-44.404,-42.268,-42.116,-39.979,-38.301,-34.791,-29.908,-26.093,-26.704,-27.009,-28.077,-26.551,-24.72,-20.142,-17.548,-10.376,-5.3407,1.0681,2.7467,4.2726,7.1718,10.681,13.581,16.48,20.142,25.178,29.908,36.47,41.2,47.914,55.544,64.852,72.024,75.686,75.381,75.076,73.55,72.787,72.176,72.329,70.345,69.43,66.073,63.784,62.41,61.037,59.511,59.969,59.969,57.222,54.323,53.255,52.339,52.492,51.576,51.424,48.982,47.761,46.846,47.456,49.44,50.508,48.83,45.32,39.827,36.622,33.418,32.96,34.791,38.759,42.116,42.421,40.437,39.064,36.927,37.69,38.911,41.505,42.726,44.862,46.541,50.661,53.407,56.612,57.375,56.764,56.459,57.375,57.985,58.138,58.596,59.816,59.664,60.427,59.816,59.511,58.596,58.138,57.985,56.612,55.086,54.323,54.628,53.713,53.56,55.696,57.07,59.206,59.511,59.969,56.307,53.407,51.729,52.034,52.644,54.476,55.849,60.732,65.157,69.887,72.634,77.364,80.416,84.689,86.367,90.182,93.539,97.659,98.575,96.896,94.913,95.218,95.676,97.507,95.37,93.387,88.046,84.384,79.958,75.076,68.209,61.342,54.323,49.135,44.71,41.047,37.233,34.639,30.213,26.704,22.126,19.227,15.412,12.055,8.5452,5.6459,2.5941,1.3733,2.8993,6.1037,9.4607,13.581,16.785,21.363,23.804,27.467,29.45,30.976,30.976,32.044,32.807,30.824,28.382,27.314,26.551,27.924,31.129,35.554,37.996,40.895,40.437,39.521,34.944,28.535,24.72,22.736,20.6,15.564,11.292,9.6133,6.7141,4.4252,-0.30519,-2.5941,-6.4089,-7.1718,-8.6978,-9.1556,-9.9185,-13.123,-18.006,-18.769,-21.21,-25.636,-32.197,-38.301,-42.879,-41.81,-39.216,-34.181,-33.723,-33.113,-34.181,-32.807,-32.502,-30.519,-23.652,-13.886,-6.5615,-0.91556,1.2207,4.2726,4.12,4.7304,5.3407,9.6133,13.123,18.921,22.431,24.72,25.483,24.873,23.957,22.736,23.041,26.704,29.145,32.197,31.281,30.976,28.077,27.772,26.399,27.772,29.298,33.418,36.317,40.437,43.489,48.524,55.238,62.563,64.852,64.241,64.089,67.446,69.124,71.413,75.228,81.027,84.231,85.452,85.147,85.604,84.231,79.653,72.481,67.446,62.105,57.375,50.813,45.015,39.369,33.723,27.467,21.516,14.954,8.3926,-0.15259,-9.4607,-18.311,-24.262,-28.993,-32.35,-37.385,-40.59,-45.015,-44.862,-44.099,-43.794,-46.846,-46.999,-47.304,-47.304,-48.83,-49.135,-49.287,-44.71,-39.979,-32.35,-28.077,-25.025,-23.347,-19.684,-18.159,-14.649,-13.428,-9.003,-5.4933,-1.6785,0.91556,5.0356,5.0356,5.6459,4.7304,5.3407,4.883,7.6296,7.6296,9.003,8.8504,8.8504,7.477,7.0193,3.6622,0.30519,-7.477,-13.276,-18.769,-19.684,-23.957,-27.009,-31.739,-34.028,-34.639,-34.486,-34.028,-31.892,-32.807,-30.366,-28.535,-25.178,-25.941,-25.33,-25.788,-26.246,-27.161,-23.194,-19.074,-16.327,-13.733,-12.055,-9.7659,-7.6296,-7.477,-8.3926,-11.597,-14.496,-16.785,-17.396,-19.074,-18.311,-14.801,-8.8504,-4.2726,-0.61037,1.6785,4.4252,0.91556,-2.7467,-7.1718,-7.7822,-7.1718,-6.2563,-7.0193,-9.1556,-11.902,-15.564,-18.616,-20.142,-21.821,-22.126,-20.6,-15.87,-11.75,-5.6459,-2.5941,-1.3733,-2.4415,-3.9674,-2.7467,0.76296,2.5941,1.5259,-1.2207,-4.12,-9.003,-13.733,-17.396,-17.243,-16.48,-15.87,-17.548,-18.159,-18.464,-21.516,-26.399,-29.45,-31.587,-30.976,-29.603,-26.551,-27.161,-28.993,-32.807,-38.301,-43.641,-46.083,-46.999,-46.999,-45.32,-42.421,-43.031,-41.505,-41.505,-38.759,-35.554,-28.687,-25.178,-22.126,-18.921,-14.191,-12.665,-12.055,-12.055,-10.834,-12.207,-10.834,-11.444,-10.529,-10.987,-8.6978,-9.1556,-7.3244,-5.4933,-3.9674,-5.6459,-6.4089,-8.0874,-10.834,-16.327,-22.431,-32.35,-39.369,-47.609,-52.644,-57.527,-58.901,-60.884,-59.358,-56.917,-51.881,-45.93,-40.132,-35.707,-31.892,-28.077,-23.957,-22.431,-18.769,-16.785,-13.428,-12.665,-9.4607,-6.5615,-1.8311,2.2889,8.24,12.207,17.548,21.363,27.009,29.603,34.181,36.012,37.996,38.453,41.047,42.268,44.252,48.067,51.881,55.544,59.664,60.274,58.596,52.95,49.287,46.846,47.609,49.44,53.255,57.527,64.547,69.887,74.465,79.806,85.452,89.114,91.25,90.182,89.724,86.367,86.215,84.384,84.689,83.621,84.536,88.504,93.692,97.507,102.39,107.27,109.71,108.34,109.56,108.34,108.04,105.29,104.98,102.85,99.796,95.37,91.708,88.046,85.299,82.705,80.874,77.67,73.397,68.361,67.446,65.92,64.547,61.19,59.511,58.29,58.748,56.001,54.17,49.287,45.93,40.895,38.911,36.012,36.164,33.723,33.113,29.298,27.314,24.873,22.736,21.516,22.736,25.941,33.418,37.843,42.268,43.336,44.557,44.252,45.778,44.557,42.116,39.521,38.911,38.148,37.233,35.096,33.265,29.603,28.382,26.856,26.856,27.009,24.873,20.753,16.327,13.123,10.834,6.8667,5.6459,3.0519,2.1363,-0.76296,-2.4415,-2.5941,-2.7467,-4.7304,-9.7659,-14.954,-18.464,-21.21,-21.821,-22.431,-20.905,-21.668,-20.6,-21.058,-20.142,-19.837,-21.973,-26.856,-31.129,-36.317,-38.606,-41.963,-42.421,-43.489,-42.116,-41.353,-40.132,-38.911,-37.233,-36.164,-34.944,-35.554,-35.401,-37.385,-37.385,-38.606,-38.148,-39.216,-37.538,-37.385,-36.622,-36.47,-34.486,-33.723,-32.35,-32.807,-32.655,-34.944,-33.723,-33.418,-32.197,-32.502,-30.213,-28.23,-26.704,-25.636,-24.262,-22.431,-21.363,-21.363,-20.295,-21.821,-22.736,-23.804,-22.431,-22.584,-22.584,-25.178,-27.161,-27.314,-27.772,-27.772,-27.009,-27.314,-26.704,-28.84,-30.213,-34.028,-35.859,-36.622,-35.096,-34.639,-36.012,-38.301,-39.064,-38.759,-37.538,-35.859,-31.129,-28.84,-26.551,-25.178,-23.041,-23.957,-24.72,-25.483,-27.009,-31.587,-34.486,-36.012,-36.622,-37.233,-37.69,-40.284,-42.879,-47.609,-51.424,-57.375,-59.664,-64.241,-66.836,-70.193,-72.634,-74.465,-75.076,-78.585,-82.705,-87.588,-88.809,-92.166,-93.234,-96.744,-99.948,-104.98,-108.19,-111.85,-112.92,-115.36,-117.04,-118.72,-119.02,-119.94,-121.62,-124.36,-126.35,-129.4,-132.76,-139.32,-143.89,-147.71,-149.24,-150,-150.15,-150.3,-149.24,-147.1,-142.52,-138.86,-135.35,-134.13,-131.53,-131.99,-131.53,-131.84,-131.08,-132.3,-133.21,-133.37,-132.6,-133.37,-132.6,-132.15,-131.38,-130.16,-127.57,-126.8,-124.97,-126.19,-125.74,-124.67,-121.77,-120.7,-119.63,-119.17,-117.8,-119.02,-117.95,-117.95,-114.6,-111.85,-107.43,-108.34,-109.87,-113.68,-115.67,-114.9,-112,-108.65,-101.93,-94.15,-85.91,-82.4,-79.653,-80.111,-79.653,-82.247,-83.621,-85.452,-86.52,-88.504,-89.572,-90.335,-89.114,-88.198,-83.773,-79.348,-75.076,-71.261,-66.53,-62.868,-59.358,-59.206,-60.121,-62.105,-59.664,-57.07,-53.713,-55.238,-52.644,-51.118,-47.456,-47.609,-45.93,-42.726,-38.148,-37.843,-37.843,-39.064,-35.707,-33.876,-27.924,-25.788,-24.72,-26.551,-28.535,-28.382,-28.077,-31.281,-31.281,-31.281,-28.993,-29.298,-26.704,-25.941,-21.668,-19.074,-16.175,-14.801,-14.039,-15.107,-16.022,-19.074,-19.532,-23.957,-24.415,-26.704,-28.993,-33.265,-36.012,-41.505,-46.083,-50.966,-54.323,-57.527,-57.375,-59.358,-63.173,-70.04,-76.296,-84.841,-92.166,-99.49,-103.92,-109.41,-113.68,-116.12,-119.17,-121.16,-121.01,-121.92,-123.75,-124.67,-122.99,-124.82,-125.28,-126.65,-127.26,-128.48,-127.87,-126.8,-124.97,-124.52,-124.82,-125.28,-125.43,-122.53,-118.41,-114.75,-109.1,-105.29,-99.948,-93.387,-84.536,-77.364,-70.193,-65.004,-56.001,-46.846,-38.759,-30.366,-22.126,-15.259,-8.5452,-3.2044,3.5096,8.5452,12.36,13.581,16.175,16.938,19.379,21.363,24.11,24.415,27.009,27.467,28.993,27.772,28.077,28.535,34.944,42.268,49.593,56.459,60.427,61.495,63.326,63.936,63.784,62.41,62.41,59.511,57.07,53.713,51.881,51.881,53.865,54.628,56.459,57.68,59.816,59.816,59.816,59.816,61.953,63.936,65.462,64.547,61.647,55.086,47.456,39.827,38.148,37.233,40.437,41.353,43.641,41.353,37.843,32.807,27.161,17.853,9.7659,4.5778,3.6622,6.8667,14.801,19.684,23.499,21.973,17.853,10.529,2.5941,-3.2044,-5.6459,-9.6133,-14.191,-19.532,-20.753,-22.126,-22.126,-24.262,-22.736,-19.99,-15.564,-12.97,-11.597,-12.818,-13.886,-13.276,-10.834,-9.003,-1.5259,6.4089,16.022,23.347,30.061,30.213,23.957,9.6133,-2.8993,-1.9837,19.684,50.661,84.078,113.07,131.84,138.86,138.86,132.15,129.55,132.91,144.51,158.7,174.72,186.93,192.27,185.4,168.16,151.98,148.93,155.19,166.94,178.53,186.01,181.59,177.01,178.69,180.52,181.13,183.87,186.62,187.08,184.64,179.6,166.17,153.36,151.22,162.51,166.48,161.44,150.76,136.42,118.41,101.32,82.247,59.511,34.333,8.8504,-18.616,-37.08,-47.914,-48.83,-48.372,-52.644,-62.563,-75.686,-92.318,-106.51,-121.01,-134.28,-149.08,-159.61,-171.67,-181.89,-190.74,-198.68,-207.68,-217.29,-228.13,-234.99,-238.5,-239.72,-244.15,-249.49,-257.88,-267.34,-283.06,-302.13,-318.92,-331.43,-339.98,-348.22,-358.59,-369.58,-381.33,-394.45,-411.69,-427.26,-441.15,-445.72,-445.11,-442.82,-443.59,-448.93,-458.08,-470.29,-479.6,-483.11,-482.8,-481.58,-484.94,-489.97,-499.13,-508.13,-517.9,-529.19,-541.25,-552.08,-559.56,-565.97,-573.29,-582.14,-593.13,-599.38,-603.35,-604.42,-602.59,-598.32,-594.5,-587.18,-578.94,-571.31,-565.51,-562.46,-559.25,-555.28,-553,-550.55,-550.55,-549.79,-549.03,-546.43,-542.31,-539.41,-536.21,-531.78,-527.66,-525.07,-522.93,-519.58,-514.69,-506.61,-497.45,-487.99,-479.9,-470.6,-461.59,-453.81,-446.18,-439.77,-433.82,-427.87,-422.83,-418.26,-415.2,-411.39,-409.71,-408.8,-407.12,-403.3,-397.05,-390.79,-385.14,-380.41,-375.84,-370.49,-366.99,-363.32,-359.2,-354.17,-349.89,-346.08,-341.2,-337.23,-337.38,-337.84,-340.28,-342.88,-344.4,-345.32,-345.47,-343.33,-342.27,-338.45,-330.97,-321.97,-312.05,-301.22,-290.99,-282.91,-276.35,-268.87,-261.85,-254.68,-249.34,-243.54,-237.59,-227.97,-214.55,-200.35,-187.69,-178.99,-171.06,-162.05,-153.36,-144.96,-140.39,-134.59,-127.72,-121.16,-113.83,-104.83,-94.607,-85.299,-76.754,-69.582,-63.021,-56.612,-53.255,-49.135,-45.625,-41.047,-38.606,-36.164,-32.502,-26.246,-17.396,-8.0874,1.2207,8.3926,13.733,18.311,21.058,24.567,27.314,34.181,44.71,54.628,64.394,75.533,83.773,87.13,92.013,99.033,106.66,115.05,125.74,142.22,158.85,175.02,189.67,202.8,211.65,215.31,215.46,213.17,209.51,209.81,219.43,238.04,260.02,283.97,303.81,318.31,326.55,332.04,335.7,336.92,335.4,329.14,320.14,312.97,307.93,306.86,306.71,308.54,308.85,308.69,309.61,310.53,309,306.71,303.2,299.08,293.89,290.99,288.4,285.65,284.59,283.82,282.75,282.91,282.45,282.6,278.63,274.67,269.63,265.05,259.87,257.12,253.61,249.18,242.47,234.38,227.52,224.01,218.67,212.71,203.56,193.49,181.74,172.58,162.21,154.42,148.63,143.59,139.47,136.11,134.28,135.65,137.33,139.16,137.79,137.49,135.96,135.81,135.81,138.55,141.61,145.12,148.01,152.9,159.15,165.87,170.75,177.92,183.11,189.98,196.69,205.69,213.63,222.63,230.26,239.42,247.2,255.29,262.15,268.72,272.84,278.33,280.47,285.81,289.01,293.44,296.33,300,301.98,305.64,309.15,313.27,317.55,321.05,323.95,329.75,335.86,343.79,348.83,354.32,358.9,363.02,365.92,369.27,373.09,377.36,381.63,388.04,393.38,401.01,406.05,411.69,414.75,420.24,423.75,425.89,428.17,431.53,435.5,439.62,443.13,447.55,450.76,455.49,459.46,465.87,470.29,475.02,477.31,478.68,482.19,486.01,489.52,494.55,499.44,502.95,503.56,503.25,501.57,500.35,499.28,501.27,502.03,501.11,498.83,497.3,496.54,495.01,493.48,493.33,494.4,495.16,495.47,497.6,498.67,500.96,502.49,503.86,501.72,500.2,496.99,493.64,488.3,480.97,473.04,464.03,453.05,441.3,428.94,417.65,406.96,400.4,392.77,385.45,375.07,363.63,350.35,335.09,317.7,301.52,288.4,277.11,263.68,250.56,235.15,221.56,207.22,196.08,184.64,172.89,160.83,150.46,140.84,130.62,119.17,109.26,102.69,97.964,90.793,87.13,84.231,82.553,77.975,75.076,70.956,66.073,60.579,55.544,49.593,44.099,38.911,33.876,24.873,18.311,10.071,3.6622,-3.0519,-6.7141,-10.681,-14.801,-19.837,-25.788,-30.976,-33.723,-33.876,-32.96,-34.639,-35.859,-39.521,-40.742,-43.489,-45.015,-47.304,-47.456,-49.44,-52.339,-56.001,-58.29,-62.41,-66.836,-74.007,-81.027,-88.198,-92.318,-96.438,-97.354,-99.185,-99.033,-99.796,-101.47,-101.63,-100.56,-98.117,-93.844,-91.403,-87.283,-85.299,-81.637,-80.111,-76.601,-75.533,-72.634,-70.345,-66.683,-62.258,-58.596,-56.764,-55.849,-56.612,-56.612,-59.206,-60.732,-63.021,-63.173,-63.173,-62.105,-60.579,-61.037,-62.563,-62.563,-62.41,-60.732,-58.596,-54.018,-50.661,-45.473,-42.116,-37.996,-32.807,-27.009,-21.516,-16.633,-9.6133,-2.8993,1.9837,6.5615,8.8504,12.36,14.191,15.87,16.327,17.396,18.159,19.379,19.99,21.973,24.415,28.382,33.723,43.031,47.609,51.424,55.086,63.173,68.514,73.092,77.67,83.01,88.504,95.065,98.422,100.25,103,109.87,116.43,122.38,126.19,133.06,141.3,148.63,153.36,157.02,158.54,156.87,151.37,146.49,141.76,139.32,135.35,133.21,130.62,131.53,132.3,134.43,134.74,132.45,128.94,124.52,117.5,112.16,106.81,101.32,94.302,88.809,83.468,79.958,76.144,74.923,74.465,74.007,74.923,77.059,79.043,80.874,80.264,81.332,78.585,77.517,75.533,75.838,74.618,72.939,70.956,68.514,63.936,59.053,53.102,49.135,43.947,41.047,38.148,36.775,32.655,29.45,25.941,23.499,20.295,16.48,11.902,10.376,9.6133,11.75,10.071,7.477,3.357,1.2207,-1.2207,-0.61037,-0.91556,-0.76296,-2.1363,-1.9837,-3.2044,-5.3407,-8.0874,-9.9185,-12.055,-13.733,-15.87,-17.09,-21.821,-23.652,-23.499,-25.178,-25.483,-23.041,-20.295,-16.175,-12.818,-9.1556,-9.003,-6.5615,-5.3407,-0.45778,3.5096,7.477,11.597,18.006,23.804,29.45,34.486,40.284,44.557,49.135,50.356,52.034,50.813,50.356,47.456,46.236,43.031,39.979,36.164,33.876,32.502,32.96,33.265,34.791,35.859,40.742,43.794,45.167,43.947,45.015,45.015,44.557,42.573,41.2,39.216,37.08,32.807,30.366,27.009,25.483,22.736,23.652,24.415,27.467,27.924,28.535,27.161,25.025,22.126,20.447,18.921,18.616,14.801,11.139,5.6459,0.61037,-5.1881,-5.6459,-6.4089,-5.9511,-5.1881,-3.357,-2.1363,-0.91556,0.61037,2.4415,4.2726,6.8667,10.681,17.09,21.516,27.314,30.213,32.197,33.113,33.723,32.655,32.96,31.892,30.213,30.061,30.366,32.35,36.47,41.505,46.999,52.187,58.596,61.342,64.852,67.751,71.108,71.413,72.176,72.024,73.855,75.686,78.433,79.806,82.553,84.078,86.978,87.588,90.487,91.861,95.065,94.913,96.896,95.828,94.302,90.335,85.91,82.247,83.01,84.231,86.52,85.757,86.215,84.841,84.231,80.874,78.585,74.618,73.55,72.176,71.566,71.566,69.735,66.073,62.868,60.121,57.527,53.713,50.661,47.761,46.999,45.625,44.862,39.827,36.317,31.129,26.551,21.516,16.175,9.6133,3.9674,-2.1363,-6.5615,-11.597,-14.344,-15.259,-11.597,-8.8504,-5.1881,-2.4415,0.61037,2.4415,4.883,6.4089,9.3081,11.902,14.191,15.564,15.564,15.412,14.954,15.412,17.548,19.227,21.821,23.347,26.246,27.619,29.756,30.671,32.807,34.333,34.944,34.944,36.012,35.707,34.791,33.723,32.044,26.704,21.21,14.191,10.529,7.1718,8.24,11.444,13.733,12.97,11.444,8.3926,3.357,-2.5941,-9.1556,-15.564,-18.464,-20.905,-22.126,-22.736,-19.837,-17.243,-14.496,-13.123,-12.665,-12.055,-10.529,-6.8667,-4.7304,-1.6785,1.0681,3.6622,8.24,12.055,20.142,27.619,35.554,38.911,43.336,47.304,50.661,51.881,53.56,54.628,56.459,55.849,54.476,49.44,45.93,41.353,40.895,39.674,38.148,34.791,33.113,33.876,34.791,34.791,32.502,27.772,21.973,15.87,11.444,7.7822,4.2726,-2.1363,-5.7985,-9.9185,-12.207,-12.665,-10.071,-8.3926,-6.8667,-6.4089,-5.7985,-4.7304,-4.4252,-4.883,-6.1037,-7.9348,-9.1556,-11.292,-11.292,-12.36,-13.276,-16.022,-17.548,-18.311,-19.074,-20.295,-21.058,-20.447,-18.616,-16.022,-12.818,-10.224,-7.1718,-6.8667,-6.2563,-7.7822,-10.071,-14.344,-17.09,-20.753,-26.093,-31.129,-36.47,-41.81,-46.388,-50.05,-50.813,-53.713,-55.238,-56.612,-57.222,-59.511,-59.664,-59.664,-59.206,-60.274,-59.511,-56.764,-51.881,-44.557,-36.775,-30.366,-22.584,-16.938,-11.597,-10.681,-10.987,-12.36,-13.276,-15.87,-17.548,-18.311,-17.853,-15.564,-10.834,-7.7822,-3.6622,-0.61037,1.5259,1.8311,2.7467,2.7467,2.1363,-0,-1.6785,-3.8148,-6.2563,-11.139,-16.327,-22.126,-25.788,-26.399,-25.941,-26.093,-25.33,-26.704,-25.636,-23.804,-19.837,-17.853,-16.175,-14.801,-13.428,-10.376,-7.7822,-7.1718,-5.9511,-4.12,-3.357,-2.2889,-1.0681,-1.5259,0.76296,1.5259,3.0519,2.1363,2.2889,2.2889,1.6785,0.45778,0.76296,0.15259,0.15259,-1.9837,-2.4415,-5.1881,-4.5778,-5.4933,-5.7985,-9.6133,-11.597,-15.717,-21.21,-26.399,-30.671,-35.249,-39.521,-45.93,-50.203,-56.307,-60.884,-66.836,-71.108,-74.313,-76.296,-78.738,-81.027,-83.621,-84.994,-86.52,-89.419,-92.776,-94.455,-95.218,-94.76,-93.997,-92.471,-91.403,-89.114,-86.673,-85.147,-82.705,-79.501,-75.228,-72.634,-70.803,-67.141,-65.615,-64.547,-63.326,-60.884,-60.121,-57.985,-55.849,-53.407,-53.865,-56.001,-59.053,-62.41,-64.699,-65.004,-68.056,-70.498,-74.007,-78.28,-83.773,-88.046,-92.166,-95.218,-96.438,-96.286,-95.981,-95.523,-96.591,-97.049,-99.49,-100.25,-101.02,-100.41,-98.422,-96.438,-93.387,-90.03,-87.588,-87.13,-86.062,-84.078,-83.163,-79.653,-77.975,-75.686,-74.618,-72.176,-69.277,-66.378,-65.004,-63.784,-64.241,-63.021,-62.563,-61.037,-59.664,-57.222,-55.086,-53.56,-52.339,-53.102,-54.933,-55.849,-55.544,-55.544,-54.17,-52.187,-52.95,-51.729,-51.424,-48.677,-46.541,-43.184,-39.674,-35.707,-32.35,-28.535,-23.957,-19.99,-19.227,-16.633,-15.87,-15.717,-16.785,-16.938,-19.837,-22.584,-25.483,-27.467,-30.061,-32.35,-36.012,-39.064,-43.031,-44.71,-47.761,-50.661,-55.849,-59.969,-65.767,-70.498,-76.296,-80.874,-87.283,-93.234,-100.1,-105.59,-112,-117.19,-122.07,-123.91,-128.18,-130.47,-132.45,-133.21,-136.57,-140.23,-144.51,-148.01,-151.07,-152.59,-157.93,-164.19,-170.45,-174.72,-179.91,-183.87,-188.76,-191.81,-196.08,-200.2,-204.63,-207.68,-210.88,-212.87,-215.77,-217.29,-221.41,-223.09,-227.82,-230.72,-234.08,-235.91,-237.13,-236.98,-236.98,-235.45,-234.08,-232.86,-232.7,-229.8,-228.74,-225.68,-223.24,-220.8,-219.58,-216.68,-214.24,-211.95,-208.44,-202.8,-197,-190.59,-186.01,-179.6,-175.02,-169.23,-165.87,-161.6,-157.93,-151.68,-146.79,-141.61,-136.42,-131.38,-127.26,-122.53,-117.8,-111.39,-106.97,-100.56,-96.744,-91.098,-86.215,-78.585,-74.16,-71.261,-69.124,-66.683,-65.157,-63.631,-63.936,-61.037,-60.427,-58.748,-60.732,-60.884,-62.105,-62.716,-65.004,-66.53,-69.43,-71.871,-75.381,-76.601,-79.806,-79.501,-81.484,-81.942,-83.773,-84.994,-87.588,-88.656,-87.588,-85.452,-83.621,-81.027,-77.364,-71.108,-64.241,-53.865,-46.083,-37.538,-31.892,-23.499,-16.175,-8.3926,-1.6785,7.477,14.649,20.6,25.178,32.502,36.164,43.031,46.083,51.118,53.713,57.68,60.274,65.615,69.582,74.618,78.127,82.553,83.773,87.436,90.335,95.828,99.796,105.9,110.02,114.6,117.34,119.33,121.77,125.13,127.41,130.01,133.52,138.4,142.98,148.47,151.68,156.25,158.85,163.43,167.39,172.58,177.31,180.97,184.94,187.84,189.06,191.05,193.18,197.76,198.52,200.35,200.51,202.8,204.32,207.68,210.88,215.16,219.12,222.79,225.38,227.82,230.26,233.77,236.98,241.71,245.06,250.4,254.07,257.42,258.49,260.32,262,263.83,264.44,265.51,266.88,268.11,267.65,271.46,273.6,276.04,276.35,277.26,275.89,276.35,276.35,276.65,276.65,275.58,272.99,271.92,269.48,269.33,269.48,271.61,269.63,267.8,266.58,265.51,264.14,262.76,260.93,258.19,254.52,253.15,251.01,249.64,247.96,248.12,245.98,243.69,242.16,241.1,239.57,238.5,236.06,233.16,228.89,226.75,223.24,220.65,216.99,216.38,216.83,216.99,217.75,218.05,217.6,217.14,215.77,213.17,209.36,208.29,206.61,206.46,204.32,204.78,204.32,203.56,202.49,201.42,200.66,200.66,199.13,198.22,195.78,196.08,196.69,198.98,198.07,198.37,197.91,196.54,195.62,193.95,192.27,190.28,185.25,182.81,180.52,178.23,173.35,170.29,167.55,162.97,157.93,152.29,145.12,137.64,129.09,121.77,114.14,109.56,104.22,100.1,94.607,87.436,80.569,75.533,70.65,65.31,61.647,61.342,58.901,56.917,54.323,52.644,48.372,45.778,42.116,40.284,39.674,36.775,31.739,28.687,27.161,27.009,23.957,22.279,17.701,17.243,18.006,21.058,19.837,17.548,15.107,12.055,8.8504,7.477,8.0874,9.1556,9.003,13.428,17.853,24.262,29.603,34.181,40.895,48.067,54.323,60.121,65.31,70.498,72.787,72.176,69.582,69.735,67.293,66.683,63.173,60.427,59.053,58.29,52.187,44.557,37.233,29.145,17.243,4.5778,-10.224,-23.652,-35.707,-43.031,-51.424,-58.596,-68.972,-78.28,-88.656,-97.354,-106.36,-113.68,-122.68,-132.3,-142.37,-151.98,-161.9,-168.46,-173.04,-175.33,-180.21,-184.03,-187.08,-187.38,-190.89,-194.86,-200.66,-206,-212.87,-216.99,-219.12,-219.28,-220.65,-218.36,-216.22,-212.41,-211.19,-209.97,-210.73,-212.41,-214.55,-212.56,-212.1,-212.56,-215.16,-218.21,-223.85,-225.23,-225.99,-224.77,-227.06,-229.5,-233.92,-236.06,-237.74,-238.81,-239.11,-236.82,-233.77,-230.57,-228.28,-224.16,-221.11,-216.83,-215.61,-211.34,-208.59,-203.86,-201.88,-198.22,-195.78,-191.81,-186.93,-180.52,-177.62,-172.73,-170.14,-166.48,-164.49,-160.83,-158.54,-152.13,-146.18,-137.03,-129.7,-123.91,-118.56,-110.32,-103.76,-97.507,-93.692,-89.724,-87.893,-84.384,-83.163,-81.332,-79.806,-78.738,-79.501,-79.348,-77.67,-74.923,-72.939,-69.582,-65.92,-62.716,-60.274,-57.68,-56.307,-54.323,-54.17,-52.339,-50.966,-49.593,-48.83,-49.898,-50.661,-50.356,-49.745,-46.236,-43.031,-38.148,-33.265,-27.009,-21.668,-15.412,-10.681,-3.2044,4.2726,11.444,17.701,23.499,30.061,36.775,41.047,45.625,48.982,54.17,57.222,61.647,64.852,69.887,72.176,74.77,76.144,78.127,80.874,83.926,86.825,90.335,92.776,95.676,97.964,102.08,104.98,109.71,113.22,118.87,124.67,131.53,137.18,142.37,147.56,153.51,158.09,162.66,164.95,167.55,168.31,171.67,175.18,179.91,183.87,186.77,188.15,189.98,192.72,193.95,191.66,190.59,189.21,188.3,185.25,185.09,184.33,185.09,184.18,184.79,183.87,182.35,180.06,177.47,175.48,173.19,170.29,168.61,165.41,162.36,156.87,154.27,151.07,148.78,145.73,143.89,140.84,136.27,130.77,125.58,121.46,117.8,114.14,113.38,110.17,109.1,106.36,105.44,102.69,99.338,95.065,90.793,86.673,84.841,83.926,84.078,83.926,84.078,84.384,85.757,83.316,79.653,75.838,75.838,75.838,76.449,75.228,74.313,71.871,70.803,68.819,66.53,62.716,58.596,53.407,51.576,46.846,41.963,34.028,25.33,16.175,10.376,3.9674,-3.0519,-10.529,-16.022,-21.363,-23.499,-27.161,-29.603,-33.418,-34.486,-36.317,-36.012,-37.843,-38.148,-40.59,-41.047,-43.947,-49.287,-56.154,-63.173,-67.904,-70.803,-74.465,-76.296,-78.28,-79.958,-83.468,-85.452,-87.893,-88.961,-90.64,-91.098,-91.708,-94.15,-98.88,-103.92,-109.87,-115.67,-121.01,-123.91,-128.03,-129.7,-133.06,-132.76,-133.82,-132.45,-131.38,-129.86,-128.64,-127.26,-126.35,-126.65,-126.96,-125.13,-126.19,-125.74,-126.65,-125.13,-127.87,-129.7,-134.74,-136.88,-138.55,-139.62,-141.76,-142.83,-145.27,-148.93,-154.88,-160.68,-168.77,-174.41,-180.67,-183.11,-186.16,-189.37,-193.95,-198.52,-202.8,-204.78,-206.46,-208.14,-211.19,-214.55,-218.82,-221.56,-224.92,-224.92,-225.68,-223.4,-222.48,-218.82,-212.71,-206.46,-202.49,-199.74,-198.37,-196.23,-195.01,-191.35,-188.6,-185.55,-185.09,-181.59,-180.21,-177.92,-177.92,-177.77,-176.85,-173.65,-170.6,-165.11,-162.51,-158.09,-156.25,-153.81,-155.03,-156.71,-158.7,-157.48,-155.19,-154.27,-155.03,-154.58,-153.97,-150.3,-146.49,-140.69,-137.33,-132.45,-130.77,-129.7,-130.77,-130.77,-130.01,-124.97,-118.72,-112.92,-108.04,-101.78,-96.896,-89.877,-88.046,-84.231,-81.79,-77.212,-72.481,-66.225,-60.427,-54.17,-48.83,-43.641,-41.658,-37.843,-36.012,-30.213,-25.33,-17.243,-12.36,-8.8504,-5.4933,-2.2889,0.45778,2.5941,2.2889,2.7467,2.8993,5.4933,7.477,9.9185,10.224,11.292,12.513,15.107,17.09,18.464,20.6,24.72,28.687,32.502,36.164,42.573,46.846,50.966,51.118,53.56,56.764,63.173,69.735,77.212,84.231,93.081,101.78,111.24,119.17,128.48,134.43,142.98,149.69,156.71,160.68,165.26,169.84,176.09,181.28,185.71,190.89,195.62,198.52,200.96,200.81,201.88,200.81,201.57,202.03,202.34,200.51,197.45,193.18,190.28,187.23,183.57,182.35,183.26,182.35,183.72,184.33,186.77,188.91,192.57,196.08,199.74,200.66,202.19,203.56,205.85,206.92,207.83,208.14,208.59,206.92,206.92,205.85,206,202.49,199.44,196.08,193.18,190.13,187.08,184.94,181.74,176.09,172.12,167.09,163.58,158.39,154.73,150,146.95,142.37,138.71,133.37,127.87,123.29,118.26,111.55,106.36,101.02,96.133,90.487,88.046,85.147,83.621,81.332,81.942,82.553,84.841,86.978,88.504,88.198,87.741,86.52,85.452,83.773,82.705,80.874,80.111,76.907,74.313,68.209,66.53,64.547,64.241,61.342,58.29,53.407,49.287,44.099,39.064,35.401,34.333,32.197,31.434,28.382,28.382,26.093,26.246,24.11,23.194,18.769,14.496,11.597,11.597,11.75,9.7659,6.4089,1.8311,-4.12,-7.3244,-9.7659,-11.902,-13.428,-13.886,-15.717,-17.243,-16.938,-16.48,-15.564,-16.327,-17.396,-18.769,-18.464,-18.311,-16.785,-15.564,-18.616,-19.99,-21.058,-21.668,-26.246,-31.434,-34.791,-34.028,-32.807,-32.807,-36.164,-41.2,-47.151,-49.287,-51.118,-52.187,-57.527,-61.19,-64.241,-65.31,-68.361,-71.566,-77.517,-82.4,-90.335,-96.896,-103.92,-109.87,-116.28,-123.14,-129.55,-133.06,-134.59,-132.76,-132.91,-133.37,-135.96,-139.16,-142.83,-142.37,-140.23,-136.42,-133.21,-131.23,-129.55,-126.19,-121.31,-115.82,-112.16,-108.49,-107.88,-106.81,-107.73,-106.97,-106.05,-103.31,-103.76,-103.61,-105.14,-105.29,-105.44,-104.68,-105.44,-107.73,-111.55,-113.07,-115.05,-116.12,-120.24,-121.31,-120.09,-116.89,-116.58,-114.75,-113.22,-109.87,-106.05,-101.32,-99.948,-101.47,-103,-101.93,-101.78,-98.117,-97.049,-93.081,-92.166,-88.809,-86.367,-84.841,-85.91,-86.215,-87.588,-89.267,-90.945,-92.318,-94.302,-93.539,-95.676,-94.455,-94.455,-95.218,-96.133,-94.76,-94.607,-93.692,-90.03,-84.078,-81.332,-77.059,-75.686,-72.787,-72.634,-71.718,-72.176,-73.092,-77.364,-79.958,-84.689,-87.588,-89.724,-90.487,-91.556,-90.945,-90.335,-88.504,-87.283,-83.163,-82.095,-80.264,-79.806,-78.585,-80.416,-81.637,-84.384,-86.673,-91.098,-92.929,-93.692,-93.234,-94.15,-93.997,-96.133,-96.438,-97.354,-94.913,-93.692,-91.403,-89.572,-84.994,-78.738,-71.871,-66.836,-61.19,-57.985,-54.476,-51.271,-45.625,-44.099,-39.827,-39.064,-35.859,-36.317,-35.401,-34.486,-33.876,-34.639,-35.707,-38.301,-40.895,-43.641,-42.573,-44.099,-46.388,-50.813,-54.323,-60.121,-63.173,-65.92,-67.751,-68.361,-68.514,-67.751,-65.615,-64.547,-61.8,-61.953,-61.647,-62.716,-63.326,-62.868,-61.8,-60.121,-59.206,-59.358,-58.443,-58.138,-59.053,-58.596,-57.07,-56.459,-53.56,-50.966,-46.999,-41.047,-35.707,-33.113,-32.655,-32.655,-32.96,-36.164,-37.843,-41.2,-40.284,-41.2,-40.132,-38.148,-38.453,-38.911,-38.148,-37.538,-36.775,-37.08,-36.317,-37.385,-36.775,-39.216,-39.521,-41.81,-41.81,-42.879,-41.81,-39.827,-35.249,-32.807,-30.671,-29.603,-26.704,-26.246,-23.499,-23.347,-19.684,-16.785,-13.428,-11.292,-9.003,-6.5615,-3.0519,-1.2207,2.5941,5.3407,8.8504,10.071,14.496,17.243,22.736,26.856,32.96,36.47,39.521,43.336,46.693,50.356,52.95,54.018,53.865,50.813,47.151,43.184,41.658,37.69,36.622,35.707,35.401,35.096,35.249,34.944,34.181,32.35,31.281,29.145,29.756,28.382,30.976,34.028,38.911,41.2,41.963,42.879,44.252,43.336,43.031,41.963,41.505,40.284,40.132,39.064,38.759,34.944,30.519,23.194,16.48,10.071,4.5778,-1.9837,-6.8667,-11.292,-14.496,-19.074,-23.347,-30.213,-32.807,-36.317,-36.47,-40.132,-44.252,-49.593,-51.271,-53.255,-55.238,-57.375,-57.527,-57.833,-56.459,-56.307,-55.086,-56.307,-56.307,-56.917,-55.544,-54.018,-50.966,-49.745,-46.999,-44.404,-40.59,-36.622,-32.807,-30.976,-27.924,-27.619,-25.636,-23.957,-19.379,-16.48,-13.428,-11.902,-9.9185,-8.8504,-6.7141,-5.1881,-2.5941,-1.9837,-0.91556,-1.5259,1.6785,3.5096,7.0193,7.6296,10.376,11.902,13.886,14.039,13.428,14.039,18.006,19.074,19.532,20.753,23.194,23.652,25.636,24.415,25.941,26.551,28.382,28.535,29.45,28.382,27.772,25.483,24.262,20.905,18.464,14.649,13.276,11.444,12.207,10.224,9.1556,7.3244,7.3244,7.3244,7.477,6.4089,4.4252,1.0681,-2.5941,-6.1037,-7.3244,-10.376,-12.665,-16.327,-19.074,-23.652,-26.093,-27.924,-29.45,-31.739,-33.723,-37.233,-40.132,-41.81,-42.268,-44.557,-44.099,-45.015,-43.336,-45.167,-44.862,-45.93,-46.083,-47.151,-45.93,-43.641,-40.437,-38.911,-36.164,-34.944,-32.655,-32.35,-29.756,-30.824,-29.145,-27.314,-25.483,-25.33,-27.619,-30.824,-33.57,-35.096,-35.707,-36.927,-34.639,-31.739,-28.84,-28.687,-28.535,-27.772,-26.093,-23.957,-22.126,-21.973,-19.684,-19.074,-17.853,-20.753,-21.21,-23.499,-26.093,-31.587,-37.843,-43.794,-48.524,-53.255,-57.985,-64.089,-67.141,-74.16,-80.569,-89.724,-94.913,-97.659,-97.659,-98.88,-99.49,-101.47,-104.22,-108.04,-111.24,-115.82,-118.26,-120.85,-119.63,-119.33,-116.28,-116.58,-115.97,-115.21,-112.92,-112,-112.61,-113.38,-112.61,-113.38,-112.77,-116.89,-119.48,-124.21,-126.04,-129.55,-134.28,-140.08,-145.73,-150,-155.19,-160.37,-166.02,-172.28,-176.85,-182.5,-184.94,-188.45,-189.37,-191.81,-195.32,-198.22,-199.74,-201.88,-202.03,-204.17,-207.37,-213.93,-218.21,-220.95,-221.56,-223.85,-223.4,-222.79,-222.02,-221.41,-221.11,-221.87,-221.11,-220.65,-216.22,-211.49,-204.93,-200.96,-196.54,-191.2,-187.84,-186.47,-187.99,-190.59,-192.72,-195.47,-197.76,-202.8,-207.07,-213.63,-220.19,-225.53,-230.11,-236.06,-240.18,-242.93,-243.39,-244.76,-245.98,-248.42,-251.78,-255.29,-260.02,-265.36,-271.61,-277.72,-281.69,-285.96,-289.62,-293.44,-296.33,-299.84,-300.45,-302.74,-304.57,-306.86,-310.22,-313.58,-316.48,-319.07,-322.58,-327.16,-329.29,-332.8,-336.16,-341.5,-346.08,-351.12,-354.32,-355.24,-354.17,-351.27,-347,-343.33,-337.08,-332.5,-326.7,-326.09,-324.11,-322.58,-320.75,-318.46,-316.93,-314.34,-311.29,-308.08,-304.57,-300.91,-297.4,-295.88,-292.06,-288.71,-283.21,-278.18,-272.84,-266.73,-260.17,-253.61,-245.37,-238.35,-234.53,-233.92,-233.16,-233.31,-232.25,-231.94,-233.77,-236.21,-238.2,-238.81,-239.27,-238.04,-235.3,-231.64,-226.91,-223.7,-218.36,-211.95,-205.54,-199.9,-193.18,-184.79,-176.85,-169.38,-160.68,-152.59,-145.42,-140.84,-133.52,-126.35,-117.8,-109.41,-100.71,-92.624,-85.299,-77.517,-69.277,-62.105,-55.391,-47.304,-38.759,-30.824,-20.447,-12.36,-5.3407,-1.0681,3.8148,7.1718,9.9185,13.428,17.548,21.821,26.551,29.603,32.807,35.859,39.979,42.573,45.625,48.524,49.135,52.034,56.764,60.121,63.784,67.751,73.55,78.127,85.299,90.335,96.744,101.02,105.9,113.83,123.91,132.45,138.55,141.61,143.59,142.67,144.81,147.25,149.24,146.03,143.59,143.44,142.52,139.62,134.89,127.87,120.55,112.46,106.81,97.507,87.741,78.89,73.55,67.751,63.936,57.07,49.287,40.742,32.96,27.009,23.652,16.175,6.7141,-5.7985,-15.107,-19.837,-22.736,-27.467,-30.519,-31.587,-34.333,-40.132,-46.693,-53.407,-61.8,-70.803,-77.975,-87.893,-96.744,-106.66,-115.36,-122.23,-123.91,-122.68,-120.85,-117.19,-112.92,-109.26,-104.37,-98.88,-90.945,-82.095,-68.514,-55.238,-39.369,-22.889,-3.2044,16.48,35.554,53.407,69.735,87.13,104.98,122.23,140.69,158.54,178.69,196.39,216.68,233.92,251.63,266.73,281.53,293.59,303.2,311.59,319.07,328.68,341.65,353.56,364.85,375.23,386.21,393.23,398.27,402.39,406.2,407.57,409.56,410.02,410.93,410.02,411.54,408.95,406.51,400.25,394.45,388.2,383.01,376.6,369.58,362.1,353.4,344.1,333.41,321.05,310.53,296.49,285.65,274.06,265.51,255.75,249.03,241.55,234.53,226.29,219.58,211.49,203.71,196.39,187.99,178.69,171.51,161.9,155.34,148.32,142.98,137.64,133.06,129.09,126.04,123.91,120.09,115.05,110.48,106.97,103.31,98.27,92.471,85.299,81.79,79.348,77.822,72.634,69.887,67.293,63.631,62.41,64.089,65.615,64.547,63.631,64.547,64.394,62.258,58.29,56.307,53.255,51.424,48.067,40.895,31.434,20.6,10.224,1.3733,-6.5615,-14.649,-23.499,-29.45,-36.012,-42.268,-49.898,-56.154,-63.936,-73.092,-82.705,-91.556,-99.033,-108.19,-115.21,-121.16,-127.41,-133.06,-140.84,-146.79,-153.2,-159.46,-167.85,-177.01,-187.08,-196.69,-206,-214.85,-223.55,-232.25,-241.86,-249.03,-255.75,-261.24,-267.49,-271.46,-276.65,-280.62,-282.45,-285.65,-288.71,-287.18,-285.04,-285.96,-288.86,-291.45,-296.64,-302.59,-302.59,-296.03,-290.23,-283.21,-274.21,-265.36,-255.59,-245.06,-232.86,-221.41,-213.02,-205.24,-195.47,-185.55,-177.31,-170.75,-166.63,-163.58,-163.88,-164.49,-167.7,-170.14,-171.67,-173.04,-175.48,-177.92,-178.69,-177.16,-174.72,-171.06,-170.14,-169.84,-170.29,-170.45,-170.9,-170.29,-170.14,-168.16,-163.88,-160.22,-155.34,-151.52,-148.01,-144.2,-141.3,-136.57,-132.15,-126.04,-118.56,-109.41,-102.39,-94.455,-85.604,-76.907,-68.514,-59.358,-46.999,-35.096,-23.194,-11.75,-1.0681,12.055,25.941,40.895,55.696,70.345,87.588,103.76,119.17,133.52,146.18,159,169.07,179.14,185.86,193.79,200.35,208.14,213.78,221.72,228.89,234.99,239.11,243.08,245.37,247.2,247.51,249.03,248.73,250.71,250.4,249.49,246.59,245.22,244.45,244.76,245.67,246.74,248.42,251.47,252.85,254.07,254.52,257.58,260.48,265.51,267.65,269.63,266.58,263.68,259.71,256.81,255.29,253.91,252.08,252.85,252.69,252.69,248.42,245.06,239.42,238.35,235.76,234.38,231.03,227.82,223.24,219.89,213.63,206,197,188.91,178.99,172.58,165.26,161.14,155.03,150.3,144.35,138.55,130.01,119.79,108.95,99.185,88.961,80.721,70.956,62.105,51.881,43.031,29.603,15.87,2.2889,-6.4089,-11.292,-14.191,-16.785,-19.532,-23.804,-29.45,-42.573,-53.713,-57.375,-37.996,5.7985,61.8,115.51,163.58,198.22,218.21,222.02,215.16,210.73,219.43,238.04,259.71,273.14,279.55,276.19,267.95,248.57,222.17,193.03,166.94,145.88,129.25,114.75,103.15,88.961,71.871,51.576,31.739,12.513,-3.2044,-18.159,-30.519,-37.538,-40.437,-46.999,-50.356,-51.424,-50.203,-53.407,-52.644,-50.813,-48.067,-44.862,-41.353,-36.622,-29.145,-22.584,-15.87,-11.292,-4.5778,-0.61037,4.5778,10.224,14.801,15.107,17.09,19.532,21.516,21.516,22.279,22.736,22.279,18.006,16.633,13.123,10.681,7.1718,4.12,1.2207,-1.3733,-2.8993,-5.0356,-7.7822,-8.24,-8.3926,-1.9837,5.0356,13.123,18.921,24.567,31.892,40.437,46.388,53.407,59.206,64.394,67.293,70.345,70.498,72.176,73.855,75.076,75.381,73.55,70.193,68.209,62.868,58.443,53.255,51.424,47.456,43.489,39.521,38.911,39.064,39.369,40.895,44.71,45.473,43.641,41.963,41.2,39.216,37.843,33.418,30.824,25.636,21.21,16.785,13.276,7.7822,3.8148,0.61037,-3.8148,-9.1556,-12.055,-14.039,-13.123,-14.191,-13.733,-14.496,-15.107,-18.464,-18.921,-19.837,-18.311,-16.48,-14.344,-11.597,-8.0874,-4.2726,0.15259,3.8148,10.376,14.954,22.889,30.976,39.979,45.473,51.729,56.459,62.41,68.209,75.076,80.264,85.604,89.572,92.776,91.861,94.76,95.065,95.676,93.692,94.607,98.422,105.29,109.41,113.83,116.12,118.26,118.87,119.48,117.5,117.5,117.04,119.17,121.16,125.43,130.62,133.52,134.89,134.28,133.06,130.01,125.28,121.16,116.73,114.9,109.87,109.71,110.02,112.31,112.92,114.44,113.99,114.14,114.14,113.38,111.24,111.24,113.99,117.19,118.11,120.09,119.94,121.77,120.55,120.24,118.87,119.79,117.8,115.36,113.38,112,109.56,106.36,101.47,99.643,101.17,105.14,105.44,106.81,104.68,101.78,97.507,96.744,93.234,86.062,76.449,68.361,60.274,53.865,47.456,41.047,36.927,30.671,20.6,11.292,0.61037,-9.6133,-22.736,-33.418,-44.862,-57.68,-72.024,-86.52,-99.49,-109.87,-119.02,-128.79,-137.33,-144.2,-147.86,-151.07,-157.78,-164.49,-169.84,-173.5,-176.7,-177.92,-179.14,-179.3,-177.92,-173.96,-170.75,-168.46,-167.24,-165.87,-163.27,-158.85,-154.42,-150,-146.03,-139.47,-133.37,-127.87,-124.52,-119.48,-113.68,-108.49,-104.53,-103,-100.41,-98.117,-96.133,-93.997,-93.234,-90.487,-89.724,-89.267,-90.945,-90.182,-88.656,-85.604,-84.231,-82.247,-79.653,-74.313,-69.735,-66.073,-62.716,-57.985,-53.255,-48.372,-44.252,-37.996,-31.434,-24.262,-18.159,-10.681,-5.4933,-2.2889,-0.91556,-0.15259,2.1363,7.6296,11.292,14.954,17.243,21.668,24.11,28.84,31.129,32.197,32.655,34.944,39.827,45.473,48.219,49.135,49.593,52.644,55.391,58.748,57.222,56.001,51.729,52.034,52.797,57.527,61.037,64.699,68.056,70.345,70.65,71.413,73.55,76.907,77.67,79.501,78.433,76.601,73.244,70.65,66.378,61.8,58.596,57.375,55.086,52.644,49.287,47.151,44.404,44.404,43.947,45.015,44.557,43.794,41.353,37.69,32.655,27.161,22.584,20.6,18.616,19.837,21.516,26.246,29.603,32.655,33.57,36.47,40.59,43.031,43.489,43.794,42.116,40.132,37.69,38.911,37.996,40.59,43.031,49.593,53.407,57.68,59.206,61.19,59.816,57.68,54.933,54.323,52.339,53.102,50.966,52.644,52.034,52.034,50.966,50.356,48.219,48.83,49.44,50.813,51.271,52.187,51.881,53.407,52.95,55.849,58.748,63.021,63.021,61.495,58.443,56.917,54.933,53.407,52.187,50.966,49.898,49.135,46.846,45.32,43.641,45.625,46.846,49.593,50.05,50.966,49.287,48.524,45.473,42.726,39.827,39.369,37.385,37.538,35.096,34.486,31.281,30.213,28.382,28.077,26.399,27.924,28.535,30.366,31.281,34.028,36.012,38.606,37.08,37.08,34.333,34.486,33.723,34.486,34.791,36.317,36.317,36.775,36.317,37.08,37.996,40.895,40.284,41.81,43.031,46.693,48.524,53.56,55.544,57.375,58.29,59.511,58.443,57.375,55.696,53.255,49.593,48.067,44.252,42.726,38.301,34.791,31.281,30.061,28.993,27.619,25.636,24.873,24.873,25.33,24.262,22.126,19.684,19.99,19.532,22.126,22.889,25.178,26.093,27.619,28.993,30.671,31.129,31.892,30.824,29.756,28.535,30.061,28.687,29.298,26.399,25.788,23.804,22.431,19.227,18.159,17.09,17.09,15.87,15.412,15.259,17.396,18.159,19.532,18.006,17.548,13.581,12.665,11.597,12.207,12.97,15.717,15.87,17.396,18.311,19.227,18.616,18.616,17.853,16.633,14.649,14.649,13.886,13.581,13.428,13.428,15.412,17.548,21.973,28.382,32.044,34.486,36.47,39.369,42.573,47.456,53.102,58.901,65.157,71.718,76.754,82.705,85.91,89.114,90.03,92.776,93.234,95.523,97.812,101.17,103.92,106.2,107.73,108.49,107.12,107.73,106.81,109.26,110.93,114.44,117.5,121.16,122.23,123.45,122.99,123.6,122.38,120.09,117.04,116.89,115.82,117.5,118.11,119.02,117.8,117.95,118.41,119.48,120.7,120.24,119.17,117.8,113.53,110.48,106.81,106.81,105.29,104.83,103.15,103.76,103.61,103.61,101.47,98.727,95.676,92.624,88.351,86.062,82.095,80.874,78.433,75.838,71.261,70.193,68.514,66.073,61.037,58.29,53.713,48.982,44.557,40.895,33.723,27.314,21.21,18.311,16.327,16.175,16.175,16.175,13.733,10.224,5.7985,2.4415,-1.9837,-5.9511,-12.207,-14.801,-19.227,-21.821,-25.33,-27.314,-31.281,-32.655,-36.927,-43.336,-50.508,-52.95,-56.001,-59.053,-62.258,-62.868,-64.852,-62.41,-60.579,-54.018,-49.287,-43.336,-39.216,-33.57,-28.84,-22.279,-17.243,-11.597,-8.0874,-7.1718,-7.9348,-6.7141,-4.5778,1.3733,4.883,9.1556,10.529,12.36,11.902,11.597,8.24,6.4089,4.12,3.9674,1.9837,1.0681,-3.0519,-5.0356,-9.1556,-12.665,-18.464,-22.889,-28.382,-32.197,-36.47,-39.216,-43.184,-46.388,-47.304,-44.252,-39.064,-30.976,-23.804,-18.006,-16.938,-13.886,-14.801,-14.801,-15.717,-12.665,-10.834,-6.7141,-2.8993,1.3733,4.7304,7.7822,10.376,12.97,14.344,17.09,14.954,13.123,8.8504,6.4089,2.7467,1.8311,-0.76296,-2.5941,-3.9674,-6.7141,-13.886,-21.973,-29.145,-34.639,-40.59,-45.473,-52.95,-56.154,-60.121,-62.41,-66.073,-69.582,-72.481,-72.939,-74.16,-77.67,-80.721,-81.484,-82.553,-82.247,-84.078,-83.621,-84.994,-85.604,-88.656,-90.03,-92.013,-91.708,-91.556,-89.724,-89.114,-87.588,-84.536,-80.264,-79.653,-79.043,-83.163,-88.809,-94.76,-98.27,-101.78,-103.31,-104.53,-106.2,-108.04,-111.85,-115.51,-115.82,-115.97,-114.14,-114.29,-114.14,-116.43,-119.02,-121.62,-122.84,-124.97,-125.74,-125.43,-126.19,-127.41,-126.96,-126.04,-123.45,-120.85,-117.8,-116.12,-114.29,-111.85,-109.41,-108.04,-106.97,-105.14,-102.54,-100.86,-98.88,-98.117,-95.981,-95.523,-96.133,-98.422,-96.744,-98.727,-100.25,-101.63,-100.86,-99.643,-98.88,-96.896,-95.37,-95.676,-95.37,-96.438,-95.523,-95.828,-94.76,-95.981,-97.964,-100.41,-102.24,-104.68,-107.73,-110.63,-112,-114.44,-115.82,-119.79,-122.07,-124.52,-126.04,-128.79,-130.77,-132.15,-133.82,-135.04,-135.96,-137.33,-136.42,-137.49,-137.94,-139.62,-138.86,-138.71,-137.79,-136.88,-137.18,-139.32,-139.93,-140.08,-139.01,-138.25,-135.2,-134.74,-133.21,-134.28,-133.98,-133.37,-132.6,-131.84,-131.69,-131.69,-130.77,-130.47,-130.16,-129.55,-127.41,-125.43,-122.99,-122.23,-119.79,-119.17,-118.26,-118.56,-118.41,-117.34,-114.9,-112.46,-111.55,-109.71,-108.04,-107.27,-105.9,-105.9,-104.07,-103.61,-101.17,-98.727,-95.523,-92.013,-89.572,-88.198,-86.367,-86.52,-87.13,-88.046,-86.825,-86.062,-83.163,-81.79,-78.433,-75.686,-72.787,-71.413,-67.598,-65.157,-63.173,-61.19,-58.29,-54.781,-50.661,-47.456,-42.879,-40.895,-36.47,-33.876,-30.213,-24.873,-19.074,-13.886,-7.6296,-3.357,0.15259,2.5941,7.6296,10.071,16.175,18.464,21.668,24.11,27.009,30.213,36.164,40.284,45.625,49.135,54.17,56.154,61.495,65.92,71.261,73.855,77.517,78.89,81.484,84.384,88.656,91.556,93.081,92.166,91.708,90.335,91.098,90.335,91.25,91.861,91.708,92.776,93.844,93.081,92.624,92.624,93.081,91.861,91.25,90.335,90.793,91.098,89.419,87.436,85.299,83.621,84.078,84.536,86.062,87.283,88.961,87.588,87.893,87.893,88.504,89.877,92.624,94.302,95.523,95.065,96.591,96.591,97.812,97.659,97.507,96.896,94.455,92.166,91.25,90.64,88.961,88.504,89.267,87.588,89.114,90.793,93.844,95.676,96.133,94.913,93.844,90.793,87.283,83.621,79.196,74.923,73.092,70.803,70.04,69.43,69.887,68.514,70.04,70.498,70.498,69.43,67.598,67.446,68.819,71.718,76.449,80.874,86.978,92.013,99.338,104.07,110.63,117.19,121.46,124.97,128.79,131.23,133.06,135.65,141.15,144.66,150.3,153.05,156.87,158.85,162.66,164.49,167.39,169.23,170.75,171.06,173.96,175.02,177.92,178.23,179.45,178.99,180.97,181.43,182.81,185.86,189.67,191.66,193.64,194.4,195.17,193.64,194.25,192.27,191.66,189.83,191.05,190.89,191.05,191.2,191.05,188.45,185.55,182.2,180.36,176.7,173.65,166.94,162.05,156.1,150.91,145.27,140.84,136.27,131.53,126.19,122.23,117.34,113.68,110.63,108.95,105.59,103.31,98.727,94.607,88.351,84.841,78.433,71.108,64.089,56.459,49.745,43.947,39.827,38.606,34.791,31.129,25.483,21.973,17.548,13.428,7.7822,2.7467,-1.3733,-5.4933,-10.071,-15.564,-19.074,-20.753,-23.041,-25.025,-29.45,-32.502,-38.301,-42.421,-46.388,-48.677,-51.424,-53.102,-56.307,-58.29,-62.258,-65.004,-67.751,-67.598,-71.413,-70.956,-68.056,-63.936,-68.209,-71.718,-76.754,-83.01,-91.098,-99.796,-108.65,-111.39,-113.68,-114.44,-115.21,-114.29,-117.8,-120.85,-125.89,-127.57,-127.26,-124.97,-118.72,-108.65,-97.507,-82.858,-68.361,-56.764,-55.544,-51.881,-43.336,-28.382,-9.7659,12.665,30.366,42.726,46.693,46.388,41.658,40.132,44.862,55.391,60.732,58.29,47.609,39.064,26.856,16.938,7.0193,1.2207,-5.4933,-10.376,-16.327,-24.262,-32.502,-40.742,-47.304,-50.813,-51.881,-51.118,-52.034,-51.424,-51.729,-50.203,-51.118,-50.966,-50.661,-49.135,-47.761,-45.32,-43.184,-40.284,-36.927,-34.181,-31.587,-27.772,-24.415,-18.769,-14.649,-8.5452,-4.5778,0.45778,3.8148,8.6978,12.36,16.633,19.837,24.11,28.84,35.096,40.437,46.846,50.966,57.07,61.953,69.887,74.465,80.569,86.062,94.913,104.53,113.53,122.99,130.92,138.1,143.74,148.47,154.27,159.31,166.94,172.73,180.21,184.79,190.44,194.56,201.27,207.68,213.63,217.6,222.33,226.6,232.09,237.89,244.76,249.79,256.66,260.93,265.36,267.65,271.92,275.58,281.08,286.87,292.52,297.1,301.07,305.64,310.68,313.58,318.31,319.38,321.21,321.36,322.58,322.58,323.04,322.28,319.99,318.16,314.95,310.22,306.1,301.68,300.15,297.71,295.11,289.93,285.65,281.08,277.87,272.38,266.88,261.54,256.97,251.32,247.81,243.54,238.35,232.55,229.19,223.7,220.19,215.92,212.56,208.29,206,202.95,200.51,197.3,194.86,192.72,189.98,186.77,184.33,182.2,181.13,180.06,181.13,179.91,179.91,178.84,177.16,175.48,174.11,171.82,169.38,164.8,159.31,153.81,150.61,146.18,142.67,137.64,133.37,127.57,123.29,117.95,113.53,107.88,102.54,97.049,92.929,88.504,83.163,77.059,72.787,66.836,62.41,57.222,53.713,49.44,45.625,42.421,40.742,38.911,38.148,35.554,33.113,30.519,29.45,27.924,28.993,28.687,29.908,28.23,25.025,21.21,17.548,15.87,14.649,12.818,9.4607,5.4933,3.2044,-1.0681,-3.357,-7.0193,-8.3926,-11.444,-13.428,-15.259,-20.295,-27.619,-33.113,-37.843,-41.2,-43.947,-43.184,-44.099,-45.778,-51.424,-54.323,-58.443,-65.31,-72.329,-77.822,-85.299,-94.15,-100.56,-100.86,-99.185,-98.422,-100.86,-104.07,-110.63,-114.6,-120.09,-124.52,-131.08,-133.98,-136.57,-138.55,-140.69,-142.83,-146.79,-153.05,-160.53,-166.78,-174.26,-181.13,-187.23,-187.84,-190.13,-195.62,-202.95,-208.44,-212.41,-214.85,-218.51,-221.56,-226.45,-230.72,-236.37,-237.59,-240.18,-240.18,-240.64,-238.35,-237.74,-236.21,-236.21,-237.43,-238.65,-238.65,-238.35,-236.98,-235.91,-233.31,-233.01,-230.57,-229.65,-225.68,-223.09,-219.43,-216.22,-211.65,-207.98,-203.71,-199.44,-192.57,-187.99,-181.59,-177.31,-172.28,-169.23,-164.95,-161.44,-155.95,-150.91,-145.42,-141.45,-138.1,-134.59,-129.86,-126.04,-120.4,-117.65,-112.77,-108.49,-100.41,-96.133,-90.945,-88.046,-86.978,-86.978,-84.536,-82.858,-81.332,-81.79,-81.484,-81.942,-82.553,-83.621,-84.689,-86.673,-88.351,-90.793,-92.624,-94.15,-92.166,-89.877,-85.757,-83.163,-79.958,-79.501,-77.059,-76.296,-73.855,-73.244,-72.176,-73.244,-74.465,-75.076,-75.686,-78.28,-81.179,-87.283,-94.15,-100.56,-104.53,-111.39,-116.73,-121.62,-124.82,-129.09,-130.62,-131.69,-133.67,-138.71,-143.74,-149.85,-152.75,-156.71,-155.49,-154.88,-153.97,-157.32,-159.92,-161.14,-158.39,-155.19,-150.46,-146.79,-143.44,-140.84,-137.79,-135.35,-132.15,-132.3,-132.76,-134.28,-132.76,-132.45,-132.6,-135.96,-140.39,-146.49,-151.98,-154.58,-156.1,-158.24,-159.46,-159.61,-160.99,-164.49,-165.41,-164.49,-160.83,-157.78,-150.91,-144.66,-139.32,-136.57,-134.89,-134.28,-132.76,-129.09,-122.68,-118.72,-115.05,-109.56,-102.39,-98.117,-91.403,-84.078,-75.381,-68.056,-61.8,-59.053,-54.933,-49.898,-47.456,-48.677,-50.508,-53.102,-50.966,-46.999,-43.641,-42.726,-39.827,-40.59,-41.963,-45.625,-45.93,-45.625,-40.59,-37.69,-39.521,-43.641,-45.473,-44.71,-41.963,-37.69,-33.265,-30.519,-28.23,-26.704,-21.516,-17.243,-11.75,-6.1037,-0.76296,1.3733,1.5259,-1.0681,-5.3407,-10.376,-15.717,-21.363,-24.873,-25.483,-23.347,-24.415,-26.856,-31.892,-35.707,-40.742,-42.116,-42.726,-43.489,-43.489,-42.268,-40.284,-39.674,-38.911,-35.401,-35.707,-35.859,-37.538,-39.369,-42.573,-42.879,-43.947,-44.099,-44.862,-45.93,-49.135,-52.492,-56.612,-57.07,-56.001,-50.356,-44.862,-40.132,-36.927,-31.281,-30.366,-33.57,-35.859,-33.113,-25.941,-15.259,-6.4089,-0.30519,1.2207,1.5259,1.3733,3.8148,2.8993,2.2889,0.76296,2.2889,3.8148,8.24,11.902,13.733,14.344,15.412,16.022,18.159,21.058,27.467,33.876,40.437,45.015,49.287,49.135,48.372,43.794,41.2,36.012,33.265,30.671,27.314,22.279,17.701,10.987,4.12,-2.8993,-6.8667,-11.292,-14.496,-22.736,-30.519,-39.064,-46.846,-55.696,-61.495,-65.157,-66.53,-67.751,-69.43,-74.77,-81.637,-89.267,-94.15,-99.033,-99.643,-100.41,-99.948,-101.78,-102.08,-103.76,-105.29,-105.29,-105.14,-103.46,-103,-105.44,-108.65,-112.31,-113.22,-115.21,-116.73,-118.87,-118.11,-117.95,-117.5,-116.12,-113.53,-112.16,-108.65,-103.61,-99.338,-94.913,-87.741,-83.01,-77.67,-72.634,-65.462,-59.969,-52.95,-45.167,-37.538,-31.739,-25.788,-20.6,-14.344,-8.5452,-0.61037,5.7985,12.665,16.938,23.652,29.298,37.08,44.404,54.018,61.495,70.345,77.364,86.367,95.065,106.05,113.99,122.99,131.38,139.62,144.81,149.69,151.98,153.36,153.66,154.12,155.34,156.71,157.32,158.85,157.78,157.02,155.49,156.87,155.34,153.81,150.46,148.47,145.42,142.37,139.16,135.2,130.77,129.55,128.48,128.03,125.28,123.75,121.77,120.85,120.09,118.87,117.95,117.5,117.8,118.11,119.02,121.01,121.62,123.75,125.13,129.25,131.23,132.76,132.3,131.99,130.62,128.33,125.89,122.84,117.95,113.68,109.26,105.75,100.41,95.828,90.335,86.825,82.705,79.043,76.296,73.092,68.514,64.241,60.579,56.459,50.05,44.099,36.47,30.519,24.567,20.905,15.87,10.987,6.8667,4.5778,4.2726,4.5778,5.1881,6.8667,7.477,9.9185,9.6133,8.8504,6.4089,5.3407,4.883,4.7304,3.5096,3.5096,4.5778,5.7985,6.4089,8.3926,7.3244,6.8667,5.9511,7.9348,9.003,11.139,11.902,12.207,12.665,13.733,15.259,16.48,16.48,17.548,18.311,19.227,19.379,19.99,19.99,20.295,21.516,23.041,24.72,26.093,27.009,30.213,32.807,35.401,36.927,39.827,41.047,42.573,44.404,45.93,47.609,49.44,50.966,51.729,51.424,51.881,50.966,50.508,49.287,50.05,49.287,49.287,46.999,46.236,44.099,42.116,39.521,37.538,34.639,33.265,30.213,28.382,23.194,19.837,15.412,13.123,10.681,9.003,5.1881,1.0681,-5.0356,-8.8504,-13.886,-18.159,-23.652,-28.535,-35.249,-39.064,-45.32,-49.593,-55.391,-59.816,-66.683,-71.566,-77.364,-82.4,-88.351,-93.387,-98.727,-103,-108.04,-110.93,-115.21,-117.65,-122.23,-126.04,-130.92,-135.2,-139.01,-142.52,-145.88,-149.54,-154.42,-158.54,-163.12,-165.72,-170.29,-173.5,-176.85,-178.23,-181.13,-183.42,-185.71,-186.77,-187.69,-188.45,-189.37,-190.89,-193.03,-194.71,-197.15,-197.61,-199.13,-199.74,-202.8,-203.25,-203.41,-202.34,-202.03,-201.42,-200.81,-199.9,-199.13,-198.07,-198.07,-197.15,-197.61,-196.39,-196.54,-197,-198.07,-195.93,-193.95,-190.59,-188.6,-187.08,-186.01,-185.55,-185.09,-183.42,-181.89,-178.08,-175.94,-171.97,-167.55,-162.21,-159.15,-153.97,-150,-144.81,-139.62,-134.89,-131.69,-128.33,-124.97,-122.23,-118.11,-114.9,-111.24,-105.9,-101.02,-95.828,-92.318,-86.825,-81.942,-76.907,-71.566,-65.92,-59.969,-53.56,-47.914,-42.573,-37.385,-30.671,-25.483,-20.447,-16.327,-10.224,-5.9511,-0.61037,2.8993,6.5615,10.681,14.954,18.006,21.058,23.499,25.483,27.924,30.213,32.655,36.317,37.385,38.606,40.284,44.862,47.609,51.576,54.933,57.985,60.579,63.784,67.598,71.108,74.465,75.838,77.212,80.416,82.705,86.978,90.487,93.387,93.997,94.607,94.15,92.929,92.471,93.844,94.302,95.065,95.828,97.354,99.033,102.54,104.53,107.58,107.88,110.93,112.16,114.14,114.9,115.82,116.73,117.34,116.89,116.12,115.67,115.51,113.68,112.46,109.26,107.27,103,101.02,96.591,91.556,86.825,84.536,82.4,81.484,81.332,83.926,86.062,89.724,93.692,97.659,99.338,102.69,104.07,107.58,110.93,115.82,119.63,124.97,129.55,134.59,139.93,146.95,153.05,161.29,166.94,173.35,178.84,187.38,193.18,197.45,201.88,206.92,210.27,212.1,213.78,216.99,218.51,220.65,221.26,224.01,225.99,228.58,227.52,229.04,230.41,234.23,238.65,242.01,241.1,240.49,240.64,243.84,244.15,245.06,244.91,247.35,246.28,244.3,243.39,244.45,245.67,251.17,253.3,253.15,249.95,245.83,240.79,235.3,224.31,217.6,211.95,204.47,193.03,183.57,171.82,154.58,133.52,115.05,97.507,80.416,62.716,44.404,25.788,10.987,-5.3407,-23.804,-46.541,-62.105,-66.225,-64.394,-67.751,-76.144,-78.89,-74.923,-76.907,-83.163,-81.179,-72.939,-71.413,-76.296,-83.468,-86.825,-92.624,-98.575,-101.17,-96.744,-95.523,-95.828,-96.286,-97.812,-99.033,-99.033,-96.591,-87.13,-77.212,-68.056,-65.004,-63.478,-61.19,-54.476,-50.966,-46.236,-39.979,-33.265,-20.142,2.8993,22.279,32.502,38.606,41.505,38.911,37.843,40.742,46.693,47.151,48.982,54.933,63.021,65.31,62.41,58.443,54.323,45.167,33.418,22.889,14.954,7.3244,2.4415,-2.7467,-5.1881,-8.24,-10.376,-13.581,-16.785,-20.753,-23.041,-21.058,-17.853,-16.48,-19.074,-23.804,-30.519,-39.216,-44.862,-51.576,-53.713,-51.424,-47.151,-41.505,-36.927,-34.486,-33.876,-37.69,-43.031,-49.745,-57.375,-65.615,-75.076,-84.384,-93.081,-101.93,-107.88,-114.29,-117.95,-122.68,-128.18,-134.43,-139.77,-145.27,-149.54,-152.59,-156.56,-163.73,-169.23,-172.58,-175.94,-182.2,-187.69,-194.86,-200.51,-206.31,-212.87,-218.67,-224.01,-228.43,-234.23,-237.43,-240.49,-243.08,-244.15,-247.35,-249.79,-253.61,-255.44,-256.51,-256.36,-257.42,-259.1,-258.34,-253.91,-249.18,-244.61,-239.27,-232.7,-226.45,-218.97,-213.63,-208.75,-205.39,-199.9,-193.33,-185.4,-178.84,-172.28,-165.72,-160.22,-155.34,-150.91,-147.1,-141.45,-135.35,-128.18,-123.45,-118.56,-116.73,-113.22,-111.24,-107.43,-101.63,-94.15,-88.504,-84.231,-79.958,-75.686,-72.481,-68.514,-66.836,-64.241,-61.647,-56.154,-51.271,-46.693,-43.641,-37.538,-30.519,-22.584,-15.412,-7.9348,-3.357,1.8311,6.1037,12.513,14.344,17.396,19.684,24.72,27.314,31.434,34.944,39.521,44.252,49.745,53.102,57.222,61.19,65.615,67.904,70.498,71.718,74.618,77.975,82.858,86.825,90.64,92.776,96.438,100.86,106.81,110.63,117.95,121.77,127.11,131.69,137.49,143.28,149.69,156.25,163.73,170.45,175.94,180.97,187.23,192.57,201.27,208.44,217.6,222.94,228.28,233.31,239.42,246.44,253.46,259.56,265.51,268.72,272.23,272.38,274.97,276.8,281.69,287.48,292.21,294.5,296.79,299.39,302.9,306.1,310.83,314.19,316.48,316.78,318.31,319.07,319.22,320.29,321.05,321.21,323.04,323.5,324.26,323.8,324.11,323.5,321.51,318,314.34,312.05,311.29,309.46,307.47,304.42,301.52,296.79,292.52,288.25,283.97,279.7,274.97,269.63,265.51,260.48,256.05,249.18,242.93,237.43,233.01,228.74,225.23,220.04,215.31,211.95,210.88,209.97,210.12,207.98,206.76,203.1,199.74,195.32,192.11,191.5,191.66,192.11,191.96,191.35,191.5,188.91,185.71,180.97,177.16,172.73,169.53,165.56,161.14,155.64,151.22,147.86,143.89,137.33,129.09,119.63,114.14,106.66,100.25,93.539,86.673,78.28,70.803,62.41,54.018,44.404,36.317,27.009,19.532,10.224,2.2889,-5.6459,-12.665,-23.499,-31.892,-39.369,-43.641,-46.236,-48.524,-52.187,-56.764,-60.732,-66.073,-74.465,-80.721,-86.062,-87.283,-90.335,-90.487,-90.793,-92.013,-97.812,-104.83,-111.24,-115.51,-122.68,-130.47,-140.39,-146.49,-152.13,-151.22,-152.13,-152.13,-155.95,-160.99,-168.92,-174.11,-176.09,-174.87,-172.89,-171.36,-171.36,-171.97,-172.58,-170.6,-168,-163.27,-160.22,-157.17,-155.8,-151.52,-149.08,-145.42,-143.13,-142.83,-142.06,-135.65,-126.35,-119.48,-117.95,-116.12,-116.43,-113.68,-113.22,-111.7,-113.22,-117.19,-127.57,-139.77,-148.93,-153.2,-153.05,-149.24,-146.49,-142.37,-139.93,-135.81,-135.2,-133.98,-135.5,-134.28,-132.76,-127.26,-122.07,-115.97,-111.55,-106.2,-102.39,-98.422,-98.422,-99.796,-105.9,-111.09,-116.12,-115.21,-112.16,-107.12,-106.97,-106.66,-108.95,-111.55,-111.85,-109.56,-108.04,-105.9,-106.05,-104.22,-103.61,-101.78,-102.39,-99.796,-96.744,-91.25,-86.215,-84.536,-84.384,-82.247,-77.517,-70.04,-64.699,-57.07,-52.034,-45.167,-40.742,-35.554,-36.622,-41.963,-50.508,-55.238,-59.358,-63.326,-68.209,-71.871,-73.55,-72.787,-72.634,-72.176,-76.144,-74.923,-72.329,-67.904,-63.021,-55.849,-52.034,-49.287,-51.118,-51.576,-54.781,-59.969,-64.699,-64.547,-63.478,-56.917,-53.255,-50.203,-50.508,-49.745,-51.881,-51.881,-50.966,-48.83,-45.015,-39.216,-36.012,-32.807,-32.197,-27.314,-24.72,-24.72,-29.603,-32.807,-36.775,-36.927,-36.164,-31.434,-26.551,-21.668,-19.074,-17.243,-17.548,-17.396,-19.99,-20.142,-23.347,-25.025,-29.298,-32.197,-36.012,-37.538,-39.369,-38.911,-38.911,-39.674,-40.742,-43.336,-46.693,-49.135,-55.086,-59.816,-64.699,-65.92,-67.293,-65.31,-65.31,-67.751,-71.108,-75.228,-78.585,-80.721,-85.604,-90.487,-97.964,-102.08,-104.98,-104.53,-104.37,-104.22,-106.97,-107.88,-108.34,-108.34,-105.75,-103.92,-102.24,-99.033,-99.796,-101.47,-106.2,-109.26,-111.39,-110.63,-112.46,-116.12,-119.48,-121.77,-123.6,-124.21,-125.89,-126.8,-130.62,-133.21,-136.72,-140.39,-146.18,-148.78,-148.78,-144.66,-140.39,-135.96,-130.77,-126.96,-124.67,-122.23,-122.07,-119.02,-117.8,-116.58,-116.89,-113.99,-111.24,-104.53,-96.133,-86.215,-78.127,-74.007,-73.244,-71.566,-71.413,-67.293,-63.326,-58.596,-56.917,-53.56,-53.56,-53.56,-54.628,-54.933,-56.154,-57.68,-58.748,-59.816,-59.511,-54.323,-49.898,-43.489,-39.216,-33.876,-28.993,-21.821,-15.564,-8.3926,1.2207,9.6133,13.886,18.464,22.889,29.45,35.096,41.963,48.83,56.154,60.427,62.868,64.852,68.972,73.397,75.991,77.975,78.585,77.517,75.686,74.923,77.975,79.348,80.111,79.653,81.942,86.52,90.945,93.387,95.981,99.338,103.15,103.76,103.46,101.32,98.88,95.37,93.387,90.03,85.299,79.501,74.007,70.65,68.819,68.514,72.787,77.67,86.825,93.997,103.46,111.55,123.29,133.21,137.94,141.45,142.37,142.83,143.13,141.61,138.86,135.04,134.28,132.6,130.16,126.35,123.75,120.85,118.72,113.68,108.04,102.54,101.02,97.354,93.997,87.283,81.179,74.007,68.209,64.547,61.19,59.511,59.969,61.8,66.836,69.277,72.176,70.956,70.956,72.176,76.601,78.738,80.111,78.433,78.738,78.738,78.585,78.738,80.569,79.196,81.027,80.569,79.196,75.838,74.16,71.566,69.887,66.988,62.716,59.053,56.917,53.865,52.034,48.524,45.167,40.742,36.927,32.35,30.213,29.145,29.908,30.671,30.061,28.993,27.772,28.535,30.976,31.739,33.723,34.028,35.859,35.401,37.996,38.301,39.979,41.2,41.2,39.827,36.775,33.723,32.197,31.739,31.281,28.84,28.077,25.025,23.041,21.516,22.431,22.584,23.652,24.567,27.619,31.892,36.317,37.69,37.996,37.538,38.148,35.707,35.859,35.707,36.927,33.723,30.671,30.061,30.061,28.993,28.687,27.772,27.924,27.009,26.246,22.736,21.21,17.243,14.496,12.97,11.139,8.6978,6.5615,4.2726,0.76296,-3.5096,-5.7985,-9.1556,-12.36,-16.938,-21.363,-25.941,-28.993,-32.96,-35.401,-37.233,-37.08,-36.775,-34.791,-35.554,-36.927,-40.895,-42.879,-46.541,-46.693,-49.898,-51.424,-54.933,-56.001,-59.511,-62.41,-66.683,-72.176,-78.585,-83.926,-89.572,-95.218,-102.39,-108.04,-114.9,-118.87,-123.91,-127.72,-132.6,-134.89,-137.79,-139.01,-139.32,-139.01,-138.71,-135.96,-134.43,-134.13,-132.45,-127.72,-124.52,-119.94,-115.97,-109.71,-105.59,-100.25,-92.929,-83.926,-75.686,-67.293,-59.053,-50.661,-42.726,-34.333,-27.467,-17.243,-9.7659,-0.91556,5.3407,12.36,16.48,21.363,25.788,30.976,33.57,36.622,38.759,41.658,44.557,48.372,49.745,52.95,55.391,59.816,63.478,68.514,70.803,72.787,73.397,75.686,77.364,79.806,80.721,82.553,82.4,83.621,83.01,83.468,81.637,80.874,79.196,78.127,75.381,75.686,76.601,77.212,78.433,78.127,77.364,76.907,76.601,75.381,73.244,71.566,66.683,61.342,54.018,47.914,41.047,34.791,28.535,22.736,17.09,12.665,6.8667,4.4252,-1.8311,-9.3081,-21.973,-32.807,-44.557,-53.102,-61.342,-67.751,-73.244,-77.212,-81.332,-86.52,-93.234,-99.49,-108.19,-115.51,-124.82,-131.08,-138.4,-145.12,-153.66,-161.29,-169.68,-177.31,-183.11,-187.54,-190.59,-194.25,-198.68,-204.32,-210.12,-215.46,-222.79,-229.96,-237.13,-243.69,-252.08,-259.71,-268.41,-276.8,-282.3,-285.96,-291.6,-296.95,-302.13,-305.64,-310.98,-315.56,-320.9,-324.87,-328.84,-332.8,-338.91,-344.25,-349.44,-353.86,-357.22,-359.81,-361.19,-362.41,-364.24,-364.7,-365.61,-366.22,-368.36,-369.43,-371.11,-370.34,-370.49,-370.8,-371.56,-372.94,-372.78,-370.95,-369.88,-369.73,-368.05,-364.54,-361.95,-359.2,-356.91,-354.47,-352.95,-348.98,-345.16,-341.96,-339.06,-335.4,-332.04,-329.91,-328.07,-327.62,-327.46,-325.48,-325.79,-323.65,-320.29,-316.63,-313.43,-309.92,-308.24,-307.47,-306.41,-306.41,-305.34,-301.52,-296.79,-293.28,-289.32,-284.59,-280.62,-276.04,-273.6,-268.87,-262.92,-255.13,-248.88,-242.93,-237.28,-231.79,-225.53,-219.89,-214.09,-210.43,-209.97,-209.2,-208.9,-206.15,-203.41,-199.13,-195.01,-190.44,-187.99,-184.33,-179.75,-176.7,-172.58,-168.46,-166.02,-163.12,-159.76,-153.66,-148.78,-140.39,-133.06,-127.72,-124.36,-120.7,-116.12,-112,-107.58,-101.93,-96.133,-89.419,-84.689,-79.958,-75.686,-68.667,-62.41,-55.544,-50.203,-43.336,-36.927,-30.213,-23.957,-19.074,-13.581,-5.6459,1.6785,9.9185,18.464,29.145,38.453,48.067,57.833,68.819,77.822,87.436,95.37,104.07,113.53,121.31,129.55,138.71,148.17,158.54,168,178.23,188.3,199.9,207.83,214.39,219.89,226.6,232.55,239.11,245.98,251.63,256.36,263.37,265.66,269.33,272.23,277.87,280.77,282.91,283.36,284.13,281.69,281.08,281.53,282.14,280.62,280.31,280.31,280.62,279.55,280.01,277.72,276.19,273.6,268.56,262.92,257.42,252.08,245.83,239.88,234.99,228.13,222.17,215.46,209.66,203.41,196.39,188.15,180.06,173.35,169.84,167.09,165.11,162.66,160.83,157.32,155.03,151.83,151.68,150,148.78,145.57,142.67,140.54,141.45,141.91,143.44,143.44,144.2,143.28,146.03,146.95,149.85,151.22,153.05,153.66,155.64,158.24,160.53,161.29,164.65,164.95,168.61,169.38,171.21,169.99,169.84,167.85,167.85,167.55,167.55,167.55,169.23,169.84,171.36,170.6,171.51,170.75,171.51,169.23,166.78,160.68,158.24,155.19,151.22,145.42,141.3,136.42,131.99,125.43,120.85,113.22,108.34,101.63,98.117,94.15,90.64,86.062,83.621,81.637,79.348,74.77,71.718,67.751,67.141,63.631,60.884,56.307,53.255,48.067,43.489,37.996,32.807,26.246,21.363,15.564,10.529,4.5778,1.9837,-1.6785,-1.9837,-4.883,-8.0874,-12.36,-15.87,-18.769,-19.837,-20.753,-19.837,-19.227,-15.717,-14.344,-11.75,-9.1556,-6.2563,-3.9674,2.1363,7.6296,14.039,19.837,23.347,24.873,26.093,25.788,25.788,24.415,26.093,24.262,25.178,25.636,28.077,31.587,37.538,43.489,49.44,57.527,70.956,81.484,91.556,97.812,102.24,103.15,105.14,106.05,103.61,99.49,96.133,97.354,100.86,101.93,104.37,106.51,107.73,105.9,104.53,101.47,97.964,94.455,89.419,82.095,74.77,65.767,55.238,40.742,27.924,15.107,7.477,-0.30519,-7.1718,-18.311,-28.077,-37.08,-46.083,-54.476,-60.579,-67.904,-74.923,-85.604,-95.828,-106.66,-117.19,-127.87,-134.74,-137.94,-138.25,-139.32,-142.67,-148.32,-153.66,-161.75,-167.85,-174.57,-180.21,-186.93,-195.17,-201.88,-207.83,-214.85,-222.33,-230.57,-239.27,-249.79,-261.24,-272.68,-282.3,-292.21,-298.62,-303.81,-306.1,-310.22,-313.73,-315.41,-314.04,-308.39,-299.23,-291.6,-284.74,-280.16,-274.97,-271.16,-265.82,-259.87,-250.25,-239.72,-230.72,-224.16,-217.75,-211.04,-201.42,-189.37,-174.72,-164.65,-156.1,-149.69,-141.91,-134.43,-130.62,-126.04,-121.46,-116.73,-111.24,-104.22,-93.234,-83.163,-75.991,-72.939,-68.972,-66.53,-64.394,-62.41,-61.8,-62.563,-62.105,-60.732,-58.901,-61.19,-62.258,-64.394,-66.073,-70.04,-74.007,-79.958,-83.621,-88.656,-91.861,-93.387,-94.913,-96.438,-98.27,-102.54,-106.05,-110.93,-115.51,-122.07,-126.65,-129.7,-129.86,-130.01,-128.79,-123.45,-115.67,-106.81,-98.27,-92.929,-92.166,-91.708,-90.945,-89.572,-82.553,-71.108,-56.154,-43.641,-34.944,-26.856,-21.21,-20.447,-22.431,-26.246,-30.366,-35.249,-37.843,-39.521,-37.08,-32.807,-25.941,-18.464,-10.376,-4.883,2.7467,9.4607,14.801,20.753,29.45,41.2,56.917,70.803,90.793,105.9,110.32,107.43,103.31,98.88,94.15,92.013,93.539,94.302,94.76,93.387,91.708,86.673,83.01,76.296,71.108,68.361,69.887,72.176,73.855,75.533,78.433,82.247,85.452,87.13,88.961,88.656,89.419,87.741,84.841,79.806,76.601,72.787,72.329,73.55,78.127,83.926,87.893,88.504,86.825,83.926,80.721,78.585,77.67,74.923,73.397,69.43,67.293,66.836,66.836,67.751,69.582,70.803,70.65,70.803,70.956,72.024,74.618,75.533,77.059,75.381,73.092,68.361,64.394,59.206,56.459,53.865,52.339,51.271,50.966,51.881,52.034,54.17,57.07,59.816,63.631,66.988,72.939,77.517,83.01,86.367,92.166,97.507,105.44,112,118.26,123.91,127.87,131.69,138.86,146.18,153.36,159.31,165.41,168.92,175.02,179.14,186.77,194.71,204.32,213.48,223.85,232.86,243.54,252.39,261.7,269.94,280.16,288.09,295.72,299.54,304.73,309.46,315.56,319.68,324.87,330.06,332.8,334.33,335.4,337.23,337.69,336.92,336.77,336.62,336.62,335.4,335.25,334.48,335.86,334.79,334.03,332.04,330.36,327.92,325.79,324.56,322.58,321.05,320.75,321.21,323.8,324.41,327.01,327.77,329.29,330.67,333.26,335.09,339.82,342.42,344.1,344.4,343.79,342.27,341.2,339.21,338.76,336.92,335.86,335.09,334.48,332.35,329.75,327.01,326.24,325.63,324.87,323.65,320.9,318.16,314.8,309.92,306.41,303.51,301.22,298.78,296.33,293.44,292.21,290.99,291.45,293.28,296.49,300.3,304.57,309.31,311.59,311.75,315.87,319.38,326.4,333.26,339.82,343.33,347.91,348.67,348.52,345.77,342.88,340.43,338.15,336.01,335.7,335.25,337.23,338.6,340.89,339.67,338.91,334.79,329.75,321.97,316.48,311.29,307.63,306.86,306.86,305.95,302.9,298.17,292.98,283.82,275.73,266.88,258.49,248.88,240.49,229.35,219.43,209.97,201.73,193.03,183.11,172.43,163.43,153.81,143.44,130.47,119.94,108.65,99.033,88.046,80.416,72.329,64.852,57.527,50.508,42.421,33.265,21.821,11.75,2.7467,-2.2889,-9.4607,-17.09,-28.077,-36.622,-43.489,-46.693,-49.44,-53.56,-57.375,-60.427,-65.157,-71.108,-79.043,-85.299,-91.556,-96.438,-102.85,-109.71,-119.33,-124.97,-130.77,-133.37,-136.27,-139.47,-144.81,-149.69,-155.8,-161.44,-169.38,-177.47,-187.84,-195.32,-202.03,-205.69,-211.34,-212.87,-214.55,-219.43,-225.84,-232.55,-239.72,-248.88,-257.42,-262.76,-267.8,-270.55,-274.21,-275.58,-278.33,-280.92,-284.43,-288.55,-293.13,-297.71,-301.83,-303.81,-306.25,-308.69,-314.8,-319.68,-325.63,-327.77,-329.91,-331.74,-334.18,-333.41,-331.28,-328.23,-325.63,-326.24,-327.62,-326.85,-325.02,-321.97,-319.68,-313.88,-308.54,-304.73,-304.12,-303.96,-303.2,-301.98,-299.08,-295.42,-290.69,-286.42,-285.35,-285.65,-286.42,-287.03,-286.57,-282.45,-274.06,-261.54,-249.03,-236.52,-226.29,-218.51,-214.55,-211.8,-208.75,-204.17,-202.34,-198.52,-193.79,-185.09,-178.08,-172.12,-167.24,-160.22,-155.03,-148.47,-142.37,-136.88,-129.09,-120.09,-108.49,-95.828,-84.384,-72.024,-61.342,-52.034,-47.456,-41.505,-34.181,-23.652,-15.564,-9.003,-4.2726,0.61037,8.0874,17.396,26.551,34.028,39.064,45.778,48.83,51.271,53.102,57.985,59.664,59.358,57.222,55.086,50.661,48.372,47.761,50.05,52.187,53.713,50.661,46.693,42.726,43.336,43.336,42.726,39.674,39.827,40.895,40.59,36.927,33.57,30.671,29.45,26.246,23.804,21.058,20.295,19.379,21.058,22.279,23.041,19.684,13.581,5.3407,-1.8311,-7.7822,-12.055,-15.87,-18.921,-24.11,-26.704,-29.756,-29.603,-31.129,-32.655,-34.791,-39.674,-46.846,-53.102,-56.154,-55.391,-52.644,-49.44,-47.151,-43.489,-40.895,-38.911,-42.726,-46.236,-51.576,-55.849,-63.631,-69.582,-74.16,-77.67,-81.484,-86.52,-89.877,-92.776,-96.286,-99.033,-101.78,-103.31,-106.97,-109.87,-112.92,-111.39,-110.32,-110.17,-111.09,-110.48,-111.09,-113.07,-111.85,-104.98,-98.575,-94.302,-93.997,-92.929,-93.234,-92.318,-94.15,-94.455,-94.76,-100.1,-108.34,-115.21,-121.01,-125.58,-128.18,-125.28,-122.38,-118.26,-115.36,-111.7,-110.02,-110.17,-113.53,-118.72,-123.14,-125.13,-125.74,-127.41,-131.69,-134.13,-136.11,-137.49,-140.23,-140.23,-139.16,-134.43,-130.92,-127.26,-118.87,-111.09,-106.05,-101.32,-97.201,-95.065,-96.286,-99.185,-106.97,-111.85,-114.44,-114.9,-116.28,-115.36,-114.29,-109.26,-104.07,-98.117,-92.318,-87.588,-83.773,-80.416,-77.059,-72.481,-69.277,-61.647,-55.238,-47.304,-42.268,-36.622,-31.281,-25.941,-23.957,-22.279,-19.684,-16.327,-13.581,-11.444,-8.6978,-3.5096,-0,0.91556,-0.91556,-1.5259,-4.2726,-4.5778,-5.6459,-5.1881,-5.1881,-5.6459,-7.1718,-10.071,-15.87,-22.279,-28.382,-32.655,-39.979,-46.388,-54.323,-60.427,-66.988,-72.176,-77.059,-81.637,-85.452,-89.114,-91.708,-89.114,-86.062,-81.79,-77.364,-72.329,-68.361,-63.784,-62.41,-61.342,-62.563,-62.258,-61.19,-59.969,-58.29,-55.696,-53.407,-51.729,-50.813,-49.287,-50.05,-49.135,-50.05,-49.287,-49.135,-45.473,-41.353,-35.859,-28.687,-20.142,-13.276,-8.5452,-6.1037,-2.7467,-0.15259,4.5778,9.1556,12.513,11.444,12.36,13.733,16.633,18.159,23.194,27.619,33.265,35.554,39.216,40.132,43.794,45.167,48.372,48.372,48.219,48.677,51.271,53.102,55.391,58.29,60.427,61.19,63.784,66.683,71.261,74.923,79.043,82.553,85.91,91.098,95.065,95.676,93.997,90.487,90.335,92.471,99.185,105.9,113.99,117.65,120.7,124.06,127.87,131.08,132.76,133.98,137.49,142.52,146.64,146.49,147.25,144.66,142.98,141.91,143.74,146.49,150.3,154.27,157.78,159.92,161.29,159.76,158.7,156.25,153.66,150.91,148.47,143.13,137.33,133.21,130.16,131.08,133.37,134.59,133.21,128.94,126.96,124.21,123.6,122.38,121.16,117.19,114.75,112.31,110.93,110.17,108.8,105.14,102.85,100.71,101.63,102.39,103.31,103,107.73,112.31,115.51,115.67,117.04,117.95,119.79,121.01,122.68,123.45,123.45,122.99,121.92,120.4,119.63,116.73,115.51,113.07,111.55,110.02,105.44,99.338,93.539,90.487,89.572,89.419,88.961,87.283,84.994,81.484,78.585,74.77,72.634,67.751,63.936,63.326,66.683,69.124,69.582,69.277,69.124,68.972,68.667,65.157,61.342,56.307,52.034,47.761,45.32,41.2,39.521,37.233,37.69,38.453,41.963,45.167,47.456,46.388,47.151,44.862,44.71,43.184,41.505,35.401,28.993,20.905,16.022,11.292,8.8504,4.883,1.2207,-2.2889,-2.4415,-1.9837,1.3733,3.2044,6.5615,6.8667,7.477,0.91556,-2.4415,-4.2726,2.2889,8.5452,15.564,22.126,27.009,31.281,35.096,35.249,36.012,35.401,35.249,35.249,37.69,41.353,46.693,48.677,49.44,51.271,52.644,54.323,54.628,52.644,48.982,44.71,40.742,35.859,34.791,34.181,35.096,37.08,39.216,39.827,37.69,35.707,34.333,32.96,33.876,32.35,32.197,31.129,30.824,28.535,26.551,21.058,17.09,11.902,10.224,11.597,14.039,18.159,22.126,24.873,26.551,27.161,30.976,32.35,36.164,39.674,45.32,49.745,56.764,64.394,70.193,74.313,77.517,81.027,82.095,82.705,83.773,84.078,86.367,86.825,86.367,83.773,79.043,73.092,68.819,64.089,59.969,54.628,50.05,46.083,43.336,40.284,38.453,36.317,36.012,35.554,36.775,36.775,36.927,36.47,36.47,35.096,34.486,33.113,32.502,32.502,32.96,32.197,32.044,30.366,30.976,33.57,39.674,43.489,46.541,46.388,44.404,44.404,44.862,44.557,42.726,39.979,39.521,38.301,37.996,34.486,33.113,31.434,31.129,29.298,29.298,29.756,29.45,27.924,26.246,25.025,23.957,21.668,22.431,25.33,29.603,32.96,36.012,36.622,38.301,40.59,44.71,50.05,55.238,58.901,62.258,63.784,63.326,61.647,63.936,66.836,70.345,72.481,76.754,80.416,84.994,88.351,90.945,91.25,93.081,93.997,94.76,94.302,96.133,97.659,100.71,101.02,99.185,92.776,85.452,77.975,71.413,65.157,60.732,57.375,54.018,48.372,42.573,39.674,40.742,39.064,35.249,29.908,27.009,25.025,24.567,24.873,26.551,27.772,28.23,28.077,27.772,28.993,30.976,30.366,31.129,30.671,30.061,25.025,20.295,17.853,19.074,22.584,26.856,28.23,27.924,29.298,33.265,38.301,42.573,42.421,41.2,38.148,37.233,32.35,27.772,22.889,18.616,13.733,10.224,8.0874,5.0356,0.61037,-1.0681,-2.1363,0.45778,3.6622,9.4607,16.022,19.379,21.516,21.668,20.142,17.548,14.649,11.292,8.3926,8.8504,10.376,14.344,14.496,15.107,12.665,11.75,10.376,8.24,5.3407,1.8311,-2.5941,-6.5615,-10.681,-15.412,-22.431,-29.298,-36.775,-42.421,-50.203,-56.459,-63.478,-66.378,-67.751,-68.056,-71.413,-73.092,-75.686,-74.313,-76.296,-78.433,-83.468,-86.367,-92.624,-97.049,-100.56,-101.63,-104.07,-104.83,-104.53,-106.05,-108.34,-109.71,-112.31,-115.51,-122.07,-124.52,-127.57,-127.87,-130.01,-129.7,-128.48,-126.5,-125.89,-123.29,-121.92,-118.87,-114.44,-110.17,-106.97,-104.68,-104.83,-103.76,-104.83,-106.81,-110.63,-112.61,-116.89,-120.85,-126.04,-131.23,-135.81,-139.62,-142.98,-144.35,-147.1,-148.47,-154.88,-160.07,-166.02,-168.16,-170.45,-169.53,-165.87,-160.07,-155.64,-151.37,-147.4,-142.52,-138.55,-131.53,-125.58,-119.48,-114.44,-107.88,-101.78,-94.455,-89.572,-84.231,-78.89,-73.855,-70.65,-66.988,-62.868,-58.138,-55.696,-49.287,-42.879,-35.249,-31.434,-27.161,-25.025,-23.041,-22.584,-21.516,-19.074,-13.276,-7.9348,-0,6.1037,12.665,17.853,23.347,26.246,28.382,29.756,30.824,32.655,33.723,32.044,27.772,21.973,17.853,13.886,14.496,13.123,12.207,7.7822,4.2726,-0.91556,-2.4415,-3.8148,-7.0193,-14.039,-19.074,-23.652,-27.924,-34.486,-38.148,-43.184,-45.32,-47.304,-48.219,-50.05,-49.898,-51.271,-52.492,-53.56,-55.238,-60.579,-64.699,-69.277,-71.566,-75.533,-74.618,-73.55,-69.124,-63.021,-57.07,-52.95,-47.304,-44.404,-43.031,-42.879,-41.2,-42.421,-44.252,-47.304,-48.982,-52.492,-52.95,-56.764,-57.527,-59.511,-59.664,-61.19,-61.953,-63.173,-64.089,-64.547,-62.868,-61.342,-58.443,-57.985,-56.764,-57.375,-54.018,-52.95,-52.644,-53.407,-53.865,-55.849,-58.596,-60.427,-59.816,-58.596,-53.865,-49.593,-44.71,-43.641,-41.505,-41.81,-40.284,-41.658,-44.862,-52.644,-58.748,-63.326,-63.784,-63.021,-59.969,-58.901,-57.833,-60.121,-60.274,-60.121,-56.307,-53.255,-49.745,-48.524,-45.93,-45.015,-43.031,-44.862,-45.015,-45.778,-44.252,-45.015,-43.336,-44.099,-41.658,-39.369,-36.927,-36.775,-36.622,-36.775,-35.401,-32.197,-26.856,-23.499,-18.159,-15.107,-13.123,-10.681,-6.7141,-3.2044,-1.2207,-0,1.2207,1.3733,-2.1363,-7.3244,-12.513,-18.616,-21.058,-23.347,-26.551,-28.84,-29.298,-27.924,-26.093,-24.415,-21.363,-19.532,-18.921,-19.074,-18.159,-19.227,-19.379,-20.295,-20.905,-23.347,-25.025,-25.025,-24.262,-23.652,-22.126,-21.668,-19.379,-17.396,-12.055,-8.8504,-4.5778,-1.5259,4.2726,9.3081,16.48,23.957,32.35,41.2,50.356,56.001,59.511,61.953,65.31,68.056,70.65,68.972,66.53,64.699,64.394,64.852,65.615,66.683,68.514,68.361,70.498,70.803,71.718,70.956,69.735,63.936,61.953,59.511,58.443,56.459,55.391,53.865,52.492,49.135,48.219,47.304,49.135,49.745,53.407,56.917,60.579,59.053,57.527,51.271,45.473,38.606,31.434,26.246,22.584,19.99,21.516,22.889,23.347,21.668,19.227,12.97,7.1718,1.2207,-1.0681,-4.5778,-6.4089,-8.0874,-9.7659,-12.513,-12.055,-10.834,-9.3081,-8.24,-6.4089,-1.3733,8.0874,15.717,26.246,34.944,44.862,52.187,60.579,65.767,69.124,70.498,72.176,72.024,72.787,73.855,77.517,79.196,82.705,84.078,86.062,82.4,79.501,74.618,72.176,71.261,74.465,74.16,72.329,66.836,60.427,51.729,44.252,35.249,28.077,21.21,18.006,14.649,11.902,4.7304,0.30519,-1.8311,-1.8311,0.76296,8.0874,14.649,19.532,19.837,21.363,22.736,29.756,36.927,47.456,56.307,64.241,68.667,74.465,79.806,87.436,92.166,97.201,99.338,99.643,98.422,94.607,89.572,85.604,79.348,74.465,70.04,66.683,63.021,59.358,54.781,50.05,43.489,36.622,32.044,29.908,28.382,27.619,24.873,20.753,12.97,6.2563,1.2207,2.1363,5.9511,11.75,17.701,20.447,19.532,15.412,7.0193,-0.76296,-9.4607,-16.48,-24.11,-25.33,-25.178,-22.279,-20.295,-18.769,-21.363,-25.178,-30.213,-33.265,-35.401,-35.554,-36.47,-36.775,-39.674,-41.047,-44.252,-44.557,-45.473,-45.473,-46.541,-44.099,-41.2,-36.164,-28.535,-18.616,-8.24,1.2207,8.3926,18.769,27.924,39.674,46.541,52.95,58.596,68.514,74.465,76.754,76.296,75.381,71.566,66.53,63.021,63.936,64.394,69.887,73.244,76.449,77.67,80.569,82.858,86.062,89.114,90.182,89.267,89.114,90.182,90.182,87.893,84.078,79.653,76.144,71.718,69.43,67.446,66.225,65.462,63.173,58.748,53.56,46.541,41.658,35.707,29.603,21.973,18.159,15.412,12.97,7.9348,4.2726,-0.45778,-3.9674,-7.3244,-9.7659,-12.818,-12.97,-12.36,-12.97,-15.717,-16.938,-20.6,-24.262,-28.382,-33.113,-41.81,-49.593,-57.222,-64.241,-71.718,-77.212,-84.689,-93.234,-102.69,-110.78,-120.24,-125.74,-134.59,-143.44,-154.42,-163.73,-173.8,-185.4,-197.61,-208.75,-219.28,-227.36,-235.6,-242.32,-250.4,-255.9,-262.61,-264.9,-267.04,-268.41,-269.94,-271.61,-273.6,-275.12,-279.24,-284.28,-290.08,-292.67,-297.25,-299.54,-302.59,-304.12,-305.34,-306.71,-306.25,-306.1,-306.1,-305.49,-308.39,-310.07,-313.12,-313.58,-316.02,-315.87,-315.26,-312.05,-308.69,-303.66,-299.08,-294.66,-290.69,-284.89,-280.62,-274.36,-268.41,-260.02,-252.69,-243.23,-232.55,-222.94,-212.26,-202.19,-193.79,-185.71,-178.84,-169.84,-160.99,-150,-140.08,-130.62,-123.29,-115.21,-107.12,-98.88,-90.03,-81.79,-74.313,-67.446,-60.121,-52.492,-46.541,-38.911,-31.587,-23.652,-15.564,-8.3926,-0.76296,6.7141,13.428,19.532,24.415,29.45,34.639,40.895,44.099,47.456,48.372,51.118,51.271,52.034,52.187,50.813,49.44,47.761,46.083,45.015,43.184,43.184,40.742,40.132,37.843,37.385,35.554,35.096,34.028,34.791,34.181,33.723,33.113,33.57,32.35,32.044,29.145,28.993,26.093,25.636,23.347,22.889,21.821,20.6,18.311,17.396,15.259,13.276,10.529,9.9185,7.3244,6.1037,3.357,2.7467,-0.30519,-2.5941,-5.7985,-9.003,-11.292,-12.055,-13.886,-14.496,-16.938,-18.921,-22.431,-23.957,-26.704,-27.314,-28.84,-28.84,-29.298,-29.603,-30.976,-32.655,-33.113,-32.807,-32.655,-30.824,-31.281,-30.061,-30.976,-30.366,-31.434,-31.587,-32.35,-32.35,-32.502,-31.281,-30.061,-28.077,-26.093,-23.347,-22.889,-22.889,-24.72,-24.262,-24.873,-24.873,-25.636,-25.788,-26.093,-25.483,-25.33,-25.025,-26.093,-24.415,-24.567,-23.194,-23.347,-21.363,-21.058,-18.921,-17.701,-15.87,-14.801,-13.123,-10.071,-6.5615,-2.4415,3.357,8.0874,15.107,19.684,26.246,31.587,38.453,43.184,47.151,49.287,52.339,55.086,58.901,62.41,65.462,65.615,67.904,69.887,73.244,75.991,80.569,83.621,90.182,93.539,97.049,100.1,103.46,106.05,109.41,110.32,112.77,115.82,121.31,124.06,129.7,133.21,137.18,141.76,147.1,150.91,152.9,153.05,153.51,154.58,158.09,163.12,167.09,172.58,179.6,184.48,191.5,198.52,207.22,213.32,221.56,229.8,236.37,240.03,244.15,247.35,250.56,252.69,255.13,254.37,253.3,251.01,248.73,243.08,240.18,237.43,236.98,232.55,228.58,225.07,219.12,213.78,211.19,204.63,198.07,189.83,182.5,174.41,170.29,165.41,161.44,157.32,154.27,149.39,144.81,142.98,140.39,139.16,140.39,141.15,142.52,141.61,141.61,141.45,142.52,143.13,145.27,144.81,140.08,136.42,135.5,134.89,133.21,130.31,126.5,122.07,119.79,117.04,118.41,119.02,120.55,117.65,117.65,116.89,117.5,116.12,114.44,115.36,118.26,119.17,121.31,124.97,131.08,136.88,142.98,147.1,154.88,162.36,170.75,178.99,188.6,199.29,211.04,220.5,229.04,237.59,247.35,257.58,269.48,279.55,290.54,297.56,300.91,299.69,300.3,300.91,301.52,299.39,295.27,286.72,275.28,263.22,251.93,236.67,222.94,206.31,191.66,175.48,161.14,145.42,133.82,122.84,111.85,101.02,93.234,84.384,77.517,72.939,72.176,70.803,71.718,70.193,70.193,66.988,65.462,62.868,59.206,56.459,55.086,52.034,50.661,52.339,52.187,47.609,44.557,40.895,42.726,41.81,40.59,37.843,38.453,44.099,54.018,60.884,67.904,74.465,81.027,84.231,84.994,81.484,79.501,75.991,73.702,68.361,64.699,59.511,53.102,44.404,37.233,28.687,19.074,11.139,6.7141,3.0519,-1.2207,-10.529,-20.905,-32.96,-43.641,-54.323,-60.884,-69.43,-77.67,-87.436,-94.455,-99.185,-101.47,-104.83,-107.58,-110.78,-112.77,-115.82,-120.4,-125.58,-127.41,-127.57,-122.07,-116.58,-107.27,-98.88,-89.572,-77.059,-63.478,-51.881,-43.794,-39.827,-36.317,-37.843,-36.775,-35.554,-35.707,-37.996,-38.148,-39.979,-38.759,-37.233,-31.434,-25.025,-17.853,-11.75,-5.1881,-3.2044,-1.3733,0.15259,5.9511,10.834,16.938,21.668,23.041,23.499,23.499,24.415,25.941,27.619,29.45,30.519,29.298,25.178,24.873,25.788,29.908,35.707,41.658,40.437,39.064,36.927,35.249,32.96,31.129,27.314,27.161,28.84,29.603,23.499,16.022,6.7141,-0.91556,-7.7822,-10.834,-12.97,-14.496,-15.717,-19.99,-24.567,-29.603,-35.707,-39.216,-42.116,-42.879,-44.557,-44.404,-45.473,-46.846,-50.508,-54.933,-58.596,-62.563,-64.547,-65.157,-67.141,-65.92,-66.988,-66.836,-70.04,-70.803,-71.718,-69.887,-68.514,-64.699,-61.8,-60.427,-61.342,-62.868,-66.836,-68.209,-71.718,-73.855,-79.196,-82.705,-89.724,-95.981,-103.15,-109.1,-113.07,-113.38,-114.29,-115.36,-117.5,-119.17,-121.46,-123.14,-125.28,-127.87,-132.45,-135.2,-137.03,-138.71,-139.32,-139.01,-138.1,-137.18,-137.18,-137.33,-137.94,-137.49,-138.55,-137.49,-138.1,-138.4,-140.08,-139.16,-137.03,-134.43,-130.77,-125.89,-121.01,-116.43,-112.77,-108.04,-105.9,-102.24,-100.86,-96.896,-94.302,-89.724,-85.91,-81.332,-76.754,-73.702,-72.176,-70.498,-69.887,-66.378,-65.767,-61.8,-58.596,-53.102,-50.508,-46.999,-45.167,-42.116,-40.284,-37.385,-35.249,-32.655,-32.35,-29.45,-30.061,-28.687,-29.603,-30.366,-33.265,-33.876,-34.944,-35.249,-35.401,-33.113,-31.892,-30.213,-32.502,-34.028,-36.775,-36.012,-36.164,-34.944,-34.944,-35.096,-36.012,-34.791,-31.892,-26.399,-22.279,-15.564,-11.902,-6.4089,-4.4252,-5.0356,-8.0874,-10.224,-11.292,-10.681,-8.6978,-4.883,-1.3733,3.357,6.7141,10.681,13.886,17.396,16.785,16.48,19.379,23.347,27.467,28.993,30.213,31.281,30.976,29.908,27.314,23.347,17.548,13.733,11.902,11.292,12.055,14.191,15.717,15.564,11.902,5.7985,-2.7467,-7.9348,-12.055,-13.123,-14.649,-12.513,-13.886,-13.581,-12.055,-7.477,-7.1718,-11.139,-18.311,-22.736,-27.772,-31.892,-40.59,-45.625,-50.05,-50.813,-53.407,-56.154,-61.8,-69.277,-78.433,-86.062,-93.234,-97.201,-99.643,-100.41,-100.1,-99.643,-104.68,-109.71,-115.36,-116.89,-117.95,-117.65,-118.72,-118.72,-114.75,-106.81,-99.948,-92.624,-84.078,-75.076,-70.65,-68.209,-69.277,-69.582,-70.498,-66.53,-63.326,-62.716,-63.173,-62.258,-59.206,-53.865,-49.44,-42.879,-35.096,-22.889,-11.902,3.5096,16.48,28.382,31.739,31.739,28.23,24.415,21.668,20.295,20.6,26.704,32.35,37.538,38.453,40.437,41.047,43.947,46.541,50.813,53.865,55.086,54.17,54.17,52.339,51.118,48.219,45.778,42.726,44.557,48.067,53.56,58.138,64.852,66.53,66.378,67.598,74.77,83.773,91.861,96.286,99.796,97.201,92.929,82.095,73.244,61.8,53.255,47.609,48.982,48.83,47.914,39.521,27.314,10.529,-4.7304,-18.006,-26.093,-27.924,-23.652,-23.499,-23.347,-25.483,-27.467,-33.876,-37.69,-40.437,-40.132,-38.301,-30.824,-23.652,-17.701,-12.055,-6.2563,-4.7304,-6.4089,-9.3081,-8.8504,-4.883,2.5941,6.8667,4.12,-2.8993,-8.24,-13.886,-19.379,-26.093,-35.096,-44.557,-52.034,-61.647,-72.634,-87.436,-99.49,-109.26,-117.34,-128.33,-137.79,-149.39,-160.22,-169.38,-175.33,-180.52,-183.11,-183.87,-181.89,-180.97,-179.45,-179.91,-180.67,-182.2,-183.72,-183.57,-181.28,-179.6,-178.38,-178.23,-172.89,-166.48,-157.32,-147.25,-135.2,-126.19,-118.26,-110.78,-103.46,-96.591,-89.114,-84.384,-78.89,-71.871,-63.173,-57.68,-47.456,-40.132,-33.113,-25.636,-17.548,-9.4607,-0.45778,8.3926,14.801,18.006,22.126,25.33,32.96,38.911,45.778,50.813,56.154,60.884,65.157,71.108,77.364,81.484,88.809,95.523,104.53,111.39,119.17,125.74,131.23,137.33,145.12,152.75,157.93,162.05,168,172.12,175.02,174.57,172.73,169.84,168.77,167.09,161.29,152.59,148.01,143.44,140.84,136.72,132.3,127.87,124.82,121.62,118.87,117.19,116.89,116.43,118.87,118.41,118.41,118.56,117.95,115.97,111.39,105.75,102.24,98.27,99.796,101.63,101.78,101.32,101.47,101.63,104.98,105.44,107.27,106.36,105.14,105.14,104.37,104.68,103.31,101.02,101.02,98.727,96.896,95.065,93.234,88.809,83.01,77.822,74.77,71.261,68.972,66.225,64.699,61.495,59.206,55.849,52.339,48.83,45.93,42.726,43.489,45.778,51.271,54.628,57.527,59.358,59.511,61.037,63.021,63.631,65.004,66.378,68.056,69.277,70.65,71.566,72.939,74.923,76.296,77.059,79.501,81.179,84.841,86.978,91.25,95.523,99.185,101.78,104.22,105.14,105.75,102.54,99.643,95.065,92.013,88.809,86.673,85.604,84.078,83.773,83.163,82.247,79.348,74.007,71.413,68.361,66.683,65.462,65.615,66.988,68.972,71.718,74.465,77.212,81.332,84.689,88.656,90.945,92.929,94.607,97.049,99.185,99.033,98.117,99.643,100.56,101.32,100.1,98.422,94.607,92.624,89.572,85.604,82.095,76.449,70.345,65.615,60.884,56.764,52.187,48.067,41.2,35.249,27.772,23.347,16.785,12.207,7.6296,3.6622,-0.76296,-4.883,-11.444,-16.633,-19.837,-21.668,-23.194,-23.194,-24.262,-22.736,-19.684,-14.039,-10.376,-6.8667,-4.4252,-2.4415,-1.2207,1.2207,3.8148,4.7304,1.8311,1.0681,-1.5259,-2.8993,-5.7985,-6.7141,-8.8504,-9.7659,-10.376,-11.902,-16.022,-21.516,-27.467,-31.739,-36.164,-39.064,-44.252,-47.456,-50.203,-50.356,-49.287,-46.693,-43.489,-39.674,-34.639,-28.23,-21.973,-16.785,-12.513,-8.0874,-5.3407,-0.91556,2.5941,6.7141,8.3926,12.818,18.769,24.873,29.756,35.859,42.573,49.135,52.492,54.628,53.102,50.661,46.541,44.099,39.369,37.08,32.655,29.145,25.178,20.447,14.496,8.5452,3.6622,-0.61037,-1.3733,-1.0681,-1.0681,-0.91556,-2.2889,-3.5096,-7.477,-8.24,-9.1556,-6.4089,-3.9674,-0.15259,1.0681,0.76296,-2.4415,-5.1881,-7.9348,-6.5615,-3.357,2.2889,4.7304,6.8667,5.9511,5.0356,-0.45778,-6.4089,-14.649,-22.584,-28.23,-34.944,-41.658,-48.524,-58.29,-67.904,-77.975,-86.673,-95.37,-100.86,-107.27,-113.99,-124.21,-135.2,-148.78,-159.15,-168.77,-175.48,-179.3,-180.06,-178.08,-175.48,-173.65,-171.97,-169.68,-170.29,-171.82,-167.85,-161.75,-152.9,-144.05,-134.43,-127.41,-120.4,-113.99,-106.51,-99.948,-91.098,-82.858,-75.991,-69.887,-65.767,-63.478,-60.121,-57.833,-53.713,-50.356,-43.184,-33.418,-21.058,-14.344,-10.681,-10.529,-9.003,-8.5452,-6.8667,-5.0356,-3.0519,0.15259,6.2563,9.6133,11.139,7.3244,6.5615,4.2726,4.12,4.7304,5.4933,2.7467,0.91556,-0.91556,-0.45778,0.15259,-0.30519,-3.0519,-2.2889,-3.6622,-5.3407,-7.7822,-4.883,-4.2726,-2.2889,-1.5259,1.6785,3.357,3.8148,0.61037,-1.9837,-4.4252,-6.4089,-9.9185,-11.444,-14.954,-18.006,-22.279,-24.72,-29.45,-34.944,-40.437,-43.184,-43.336,-43.641,-45.32,-46.693,-50.203,-54.476,-60.732,-65.767,-71.261,-74.007,-78.433,-80.416,-83.01,-83.468,-82.553,-79.806,-77.212,-74.465,-72.329,-69.43,-66.225,-62.563,-59.816,-56.001,-53.865,-48.067,-45.167,-39.979,-35.554,-27.619,-20.447,-16.327,-13.123,-10.376,-7.0193,-2.4415,1.3733,4.4252,3.357,3.6622,3.357,3.357,3.8148,5.4933,5.6459,4.7304,1.8311,-1.6785,-5.1881,-9.6133,-13.276,-15.412,-18.006,-18.921,-22.126,-23.041,-23.194,-21.973,-21.058,-18.006,-12.36,-6.4089,-0.91556,5.1881,13.733,22.431,30.213,38.911,45.167,52.492,57.833,64.089,69.277,75.381,79.043,81.332,82.858,85.604,88.046,91.556,94.76,99.338,102.39,106.2,106.66,108.04,107.12,106.97,103.46,103.15,101.47,99.49,98.88,99.033,97.201,94.913,93.387,93.997,94.455,97.201,100.1,104.53,107.58,109.56,104.53,100.86,97.049,92.166,86.825,83.163,79.806,79.043,78.127,80.416,77.67,75.381,71.871,69.277,66.683,67.751,67.904,68.667,70.803,74.465,75.991,75.838,76.754,77.975,77.517,78.89,78.89,79.958,79.653,80.416,77.822,75.533,71.871,69.735,67.751,68.819,70.193,70.803,70.193,69.887,67.446,66.988,64.699,62.716,56.612,53.255,50.356,48.372,46.541,45.32,44.099,45.473,48.83,52.339,53.407,58.29,61.495,64.852,65.462,67.446,67.904,66.836,66.378,65.004,61.8,58.29,54.018,52.797,50.661,47.914,45.473,45.32,44.71,42.421,38.759,36.622,35.554,33.876,30.976,27.772,23.804,21.363,16.327,11.902,5.6459,0.76296,-7.477,-12.665,-19.074,-25.483,-31.281,-36.164,-39.674,-41.047,-40.742,-39.827,-41.047,-40.132,-40.284,-38.759,-37.538,-33.876,-30.671,-27.161,-23.957,-17.853,-10.834,-4.2726,-0.15259,1.6785,3.2044,6.4089,8.5452,11.444,11.75,13.276,15.259,17.243,18.159,18.159,15.412,9.4607,3.6622,-0.45778,-3.6622,-6.7141,-10.681,-13.581,-17.243,-18.921,-21.973,-22.889,-23.347,-22.126,-21.363,-19.227,-18.006,-17.548,-16.327,-11.75,-6.5615,-0,6.2563,12.818,16.785,20.753,23.652,25.636,25.178,26.704,29.298,32.197,32.96,32.35,30.366,28.382,24.72,20.905,17.243,14.344,12.055,10.376,8.8504,7.9348,3.6622,0.91556,-3.357,-5.1881,-5.6459,-5.4933,-7.477,-8.0874,-7.477,-5.4933,-3.8148,-0.45778,0.91556,3.5096,3.6622,1.5259,-3.357,-5.3407,-9.3081,-10.071,-12.665,-14.191,-16.633,-16.48,-15.87,-13.428,-14.191,-15.412,-16.938,-15.107,-16.327,-18.311,-22.279,-24.567,-28.382,-28.993,-28.23,-28.23,-27.924,-27.161,-29.145,-31.434,-34.791,-36.012,-36.622,-36.164,-39.216,-40.742,-43.336,-43.947,-45.167,-43.184,-44.557,-45.473,-45.167,-43.031,-40.437,-35.859,-32.96,-29.603,-26.246,-21.058,-19.532,-16.938,-14.801,-11.75,-12.665,-10.376,-10.681,-10.681,-12.36,-14.039,-16.633,-17.548,-17.243,-16.633,-15.717,-14.344,-13.123,-12.513,-15.412,-17.09,-19.074,-18.769,-19.379,-17.243,-16.175,-15.107,-18.311,-24.873,-30.213,-31.129,-29.603,-25.178,-22.431,-14.191,-3.5096,8.6978,16.785,25.025,29.45,35.707,39.064,38.606,39.369,42.116,47.761,54.781,60.884,66.073,66.53,67.141,64.241,60.427,52.492,45.778,40.59,37.996,35.554,33.418,29.908,26.856,22.736,18.769,14.496,9.7659,2.4415,-1.9837,-5.7985,-7.6296,-8.6978,-9.3081,-12.97,-18.769,-24.11,-27.314,-31.434,-34.486,-38.301,-37.996,-37.08,-30.824,-26.856,-22.279,-21.21,-19.684,-21.058,-22.431,-22.736,-23.804,-24.72,-22.584,-18.464,-13.428,-8.3926,-1.8311,1.6785,5.4933,8.24,12.36,14.496,16.938,16.175,14.344,10.224,9.9185,14.496,21.21,27.772,33.418,36.47,36.775,32.197,27.772,22.431,18.006,10.681,9.6133,9.003,7.6296,5.9511,5.1881,4.5778,6.4089,8.8504,11.292,13.733,20.905,25.483,29.45,30.671,31.739,28.687,26.093,23.194,25.788,30.213,35.707,42.879,53.713,63.021,66.225,62.563,54.628,40.742,26.246,11.75,7.477,14.039,32.807,53.56,72.481,89.724,100.41,102.69,96.744,82.247,68.209,59.053,53.407,47.304,44.71,39.979,33.113,18.921,-4.12,-30.213,-48.83,-54.781,-45.015,-24.262,0.61037,26.093,51.271,68.361,69.277,53.56,32.807,14.496,3.2044,-6.5615,-11.75,-15.107,-12.36,-12.055,-16.175,-29.45,-47.914,-65.004,-72.787,-69.277,-60.732,-54.323,-50.508,-50.661,-49.287,-50.661,-55.086,-67.293,-84.231,-99.338,-103.92,-101.02,-93.081,-79.653,-60.579,-44.404,-34.028,-34.486,-41.81,-54.933,-67.751,-82.553,-97.354,-114.75,-124.82,-129.7,-129.7,-128.64,-126.5,-127.72,-131.69,-136.27,-141.3,-141.76,-130.31,-112.16,-88.656,-66.073,-45.167,-36.164,-34.181,-38.606,-45.625,-54.018,-54.323,-49.745,-48.83,-54.323,-59.511,-62.716,-63.784,-64.852,-66.378,-68.819,-69.582,-74.16,-80.874,-88.656,-95.981,-100.71,-105.14,-107.12,-108.34,-108.49,-105.14,-100.41,-92.776,-87.436,-82.705,-81.942,-79.196,-75.076,-68.667,-64.852,-62.868,-64.547,-67.446,-70.345,-72.176,-73.092,-71.566,-72.481,-71.413,-72.939,-72.329,-69.277,-60.732,-53.56,-46.846,-44.099,-40.132,-36.622,-31.434,-28.23,-25.941,-25.941,-26.704,-31.892,-35.401,-41.81,-43.947,-41.505,-35.249,-29.45,-24.72,-22.431,-21.363,-21.821,-24.72,-29.756,-33.876,-37.843,-40.895,-44.557,-45.015,-46.083,-45.32,-46.083,-48.372,-51.881,-55.086,-59.664,-63.784,-66.53,-67.598,-67.904,-65.462,-61.953,-58.138,-57.222,-55.544,-56.764,-55.391,-55.391,-55.849,-56.307,-56.001,-54.781,-50.966,-45.32,-37.843,-31.892,-26.246,-23.957,-19.532,-15.87,-8.8504,-2.7467,4.4252,10.376,17.853,24.567,31.587,37.385,42.116,45.625,47.609,49.898,55.544,61.342,69.124,74.465,80.569,84.536,90.487,94.913,98.88,104.98,111.09,117.5,123.91,129.86,135.5,140.54,146.18,151.07,157.32,162.97,169.84,176.09,182.96,190.28,198.83,206.61,214.24,220.04,225.68,230.72,236.67,241.25,247.66,251.78,258.34,262.92,267.49,269.33,271.31,273.45,275.73,278.79,282.6,285.81,287.64,290.08,292.98,294.2,299.69,303.81,307.17,309,312.2,314.8,319.53,325.33,332.65,341.2,348.83,354.78,359.66,365.76,370.95,373.24,377.06,379.19,382.4,386.52,392.47,396.13,400.56,404.52,407.57,410.02,413.07,415.81,417.95,418.26,419.93,418.71,417.95,415.81,415.2,413.07,410.63,407.57,405.9,404.83,403.3,401.47,398.57,392.47,388.04,381.63,377.21,370.8,365,356.76,350.05,344.4,339.98,334.79,329.29,324.41,322.58,320.44,319.99,319.22,318.31,317.24,315.56,315.71,315.41,314.95,314.95,314.34,314.04,311.44,309.31,307.63,306.25,303.35,301.22,299.23,296.18,292.21,289.16,284.13,279.4,274.51,271,265.97,260.02,253.91,249.34,244,238.81,234.53,230.41,225.38,221.87,216.83,213.17,207.98,203.56,198.98,195.32,191.81,189.52,186.93,186.01,186.01,185.55,184.18,183.87,183.26,182.65,181.89,180.67,180.36,179.6,177.77,175.48,173.04,171.97,168.77,166.17,162.36,161.14,159.46,157.78,154.42,150.91,147.86,146.34,146.34,146.64,145.12,142.98,141.3,139.32,136.88,136.57,134.43,132.45,129.7,129.25,128.94,128.03,128.18,126.8,124.67,121.92,118.72,118.87,119.48,120.7,120.24,120.55,119.17,117.65,114.44,111.09,107.73,105.9,104.98,103.15,99.49,95.523,88.351,81.484,74.618,70.498,64.699,59.816,55.696,52.644,49.745,46.236,43.184,38.453,32.655,27.467,20.6,14.801,7.9348,4.2726,-0.15259,-3.8148,-7.3244,-11.597,-17.548,-23.804,-29.756,-34.181,-38.911,-43.031,-46.693,-49.135,-51.576,-52.187,-54.933,-57.833,-62.716,-68.514,-75.991,-82.858,-89.267,-93.997,-97.201,-99.185,-102.39,-105.44,-108.34,-111.55,-116.73,-119.63,-123.75,-126.8,-130.77,-133.52,-136.88,-139.93,-143.44,-147.25,-152.13,-156.41,-158.09,-157.02,-153.51,-149.54,-146.34,-141.3,-137.64,-132.6,-131.38,-130.62,-130.62,-130.47,-131.99,-133.37,-133.37,-131.38,-130.01,-130.01,-130.01,-127.11,-125.13,-122.07,-120.24,-119.02,-119.02,-116.12,-113.53,-109.41,-104.83,-99.643,-95.065,-90.945,-86.978,-82.705,-79.348,-76.144,-74.923,-74.007,-74.007,-72.329,-72.176,-69.124,-66.683,-64.852,-65.462,-68.056,-72.176,-76.449,-79.196,-80.569,-79.653,-78.585,-77.059,-73.702,-71.261,-67.446,-64.089,-61.953,-63.478,-63.631,-62.41,-60.884,-57.985,-55.086,-53.102,-50.508,-46.999,-44.862,-44.099,-43.184,-45.015,-45.167,-46.388,-44.862,-44.71,-46.236,-48.067,-48.677,-50.661,-54.018,-59.206,-64.241,-69.735,-76.601,-84.994,-91.098,-97.964,-102.69,-109.87,-113.22,-116.58,-119.02,-123.29,-129.09,-137.79,-148.17,-157.63,-164.95,-173.65,-179.75,-186.16,-191.66,-196.84,-199.44,-202.64,-205.39,-210.43,-215.46,-218.51,-221.72,-225.84,-231.79,-239.27,-247.96,-254.68,-258.34,-263.07,-267.8,-273.14,-276.65,-282.45,-284.43,-289.16,-290.99,-296.33,-304.27,-312.81,-319.07,-325.63,-332.19,-339.21,-342.57,-346.69,-348.98,-353.56,-356.91,-359.81,-361.03,-365,-368.66,-370.65,-372.33,-374.77,-376.29,-377.06,-377.51,-378.89,-378.58,-378.43,-377.51,-376.75,-372.48,-369.73,-367.75,-366.53,-363.93,-361.34,-359.05,-356.3,-352.95,-350.2,-345.47,-341.2,-337.23,-335.86,-332.35,-329.91,-324.41,-321.67,-317.7,-311.29,-301.98,-294.2,-285.04,-278.94,-274.06,-270.09,-262.46,-252.85,-243.08,-234.69,-223.7,-215.31,-205.24,-195.62,-185.4,-178.08,-172.12,-168.31,-164.8,-162.21,-157.48,-152.59,-149.85,-148.63,-146.64,-146.03,-146.18,-148.01,-147.1,-147.25,-146.79,-144.66,-142.98,-142.67,-139.93,-137.49,-135.65,-136.88,-139.01,-142.52,-141.61,-140.23,-136.27,-136.27,-135.65,-133.37,-130.01,-127.26,-125.28,-124.82,-122.07,-120.09,-119.79,-123.29,-125.74,-130.31,-132.91,-134.89,-134.43,-135.96,-137.33,-139.93,-143.59,-147.56,-150.61,-153.2,-154.58,-156.56,-158.85,-162.36,-164.65,-167.55,-168,-168.61,-167.24,-165.72,-162.97,-160.22,-157.32,-154.58,-150.76,-147.56,-145.42,-143.28,-140.23,-136.27,-130.77,-127.72,-123.45,-119.63,-114.6,-111.85,-110.32,-110.02,-110.02,-108.95,-109.1,-111.09,-114.75,-118.26,-117.8,-115.67,-113.83,-114.6,-114.44,-113.83,-112.61,-113.68,-113.22,-112.61,-112.92,-111.55,-110.02,-107.88,-104.83,-102.85,-99.033,-95.37,-88.809,-81.942,-73.092,-65.615,-57.07,-51.424,-44.862,-38.148,-31.434,-25.788,-20.905,-16.48,-10.987,-7.0193,-1.3733,3.2044,8.6978,9.1556,10.376,11.292,15.259,18.159,22.736,26.856,32.044,37.538,42.421,45.778,50.661,55.238,61.19,65.92,72.329,76.907,82.553,84.994,86.978,90.182,95.218,101.17,105.9,110.32,114.6,118.56,122.38,126.8,133.98,139.01,144.51,146.79,149.39,150.46,152.44,154.27,156.87,158.54,160.37,160.53,158.85,156.71,156.56,154.88,153.36,151.37,152.29,149.08,147.1,142.52,137.79,131.84,128.03,124.52,122.84,121.92,120.24,117.65,114.29,110.02,107.88,104.37,102.08,98.727,96.896,96.133,96.896,97.964,99.033,100.86,104.22,108.8,114.14,118.87,123.45,126.5,130.01,132.45,137.49,140.39,144.51,146.49,150.3,153.97,157.32,159.76,162.66,165.26,167.24,167.24,170.6,171.82,175.33,177.47,179.75,179.3,181.28,181.43,182.81,184.79,187.84,191.35,195.78,199.44,205.54,209.81,213.78,215.46,217.9,218.97,220.8,221.41,223.85,225.68,227.82,229.8,231.64,232.86,235.3,236.06,236.52,238.04,240.03,240.49,242.16,242.62,245.06,245.98,249.03,251.32,254.07,255.9,258.19,259.87,262.15,263.83,265.82,268.56,273.14,275.12,277.26,276.96,276.35,274.51,274.67,274.67,274.21,273.75,273.45,273.45,273.75,275.28,278.02,280.31,282.3,281.84,282.3,280.47,278.94,275.89,273.75,270.55,266.88,263.37,259.25,256.36,252.24,246.74,240.03,233.16,229.19,224.46,221.11,217.6,215.46,211.19,207.07,202.49,198.52,196.54,194.4,192.72,191.2,190.28,191.5,192.42,194.4,194.4,194.86,194.71,194.71,193.64,193.95,194.56,195.01,195.32,194.71,193.64,194.25,193.64,193.95,192.57,190.89,186.77,183.42,180.21,175.94,171.82,166.78,161.44,158.39,154.88,151.22,144.51,137.49,130.16,126.19,121.77,118.41,114.29,112.46,109.71,106.66,102.08,97.659,92.929,89.114,86.062,84.231,83.163,84.231,84.536,86.367,87.741,87.893,86.825,84.689,83.468,83.01,83.468,83.163,83.316,83.468,83.468,83.773,81.637,80.416,77.364,74.618,70.956,69.124,66.988,65.004,63.021,59.206,53.713,47.304,39.979,35.096,31.129,30.824,28.382,25.788,21.058,17.701,12.36,7.1718,1.9837,-4.4252,-10.071,-14.344,-18.006,-21.516,-24.415,-26.093,-29.145,-30.061,-33.876,-38.453,-43.641,-46.541,-47.609,-47.151,-48.83,-52.339,-56.154,-59.358,-62.258,-66.988,-73.55,-77.975,-82.4,-84.384,-88.809,-92.013,-96.591,-99.338,-102.54,-104.37,-107.88,-109.41,-112.92,-119.02,-127.87,-134.89,-142.98,-149.24,-156.87,-162.97,-172.73,-181.43,-191.5,-200.96,-208.44,-215.16,-221.26,-228.58,-238.96,-247.66,-256.97,-261.54,-264.6,-267.04,-273.9,-280.16,-284.89,-285.65,-289.62,-292.52,-294.35,-294.5,-293.74,-289.62,-285.2,-279.09,-275.28,-272.53,-270.24,-264.9,-259.71,-249.18,-235.3,-216.53,-200.2,-182.5,-166.63,-151.68,-137.33,-123.29,-107.88,-93.692,-84.689,-76.449,-71.566,-67.598,-65.767,-62.105,-62.105,-61.647,-64.699,-67.141,-69.582,-70.956,-71.108,-72.176,-75.076,-76.907,-80.111,-81.179,-84.841,-85.757,-88.961,-94.455,-102.24,-111.09,-120.4,-129.86,-141.15,-152.59,-164.8,-175.79,-190.59,-203.56,-219.12,-233.77,-248.27,-260.48,-271.46,-281.08,-292.06,-301.37,-309.92,-312.81,-318.31,-323.34,-332.04,-339.06,-346.08,-350.2,-351.12,-349.59,-347.61,-343.03,-339.67,-336.16,-330.82,-324.87,-323.19,-318.31,-309.92,-298.32,-290.23,-280.47,-271.92,-263.99,-257.27,-250.25,-244.91,-241.71,-242.01,-244.3,-249.03,-253.61,-260.78,-267.49,-273.14,-275.73,-276.19,-275.12,-278.63,-286.26,-296.64,-307.78,-319.07,-328.99,-336.77,-342.72,-346.84,-350.51,-355.85,-361.8,-371.26,-379.65,-386.36,-390.33,-395.83,-399.18,-401.01,-400.1,-397.5,-395.98,-397.2,-398.57,-401.62,-404.52,-406.66,-405.59,-408.03,-413.98,-420.55,-426.95,-437.94,-450.45,-460.98,-471.51,-481.12,-492.26,-502.49,-511.18,-518.97,-522.78,-527.21,-532.55,-541.25,-550.71,-559.4,-570.09,-582.29,-596.03,-608.23,-620.75,-633.56,-643.48,-649.74,-652.64,-654.77,-655.54,-657.37,-658.28,-656.76,-656.45,-656.76,-657.37,-657.37,-656.61,-655.69,-656.45,-656.15,-652.79,-650.65,-646.99,-646.08,-642.11,-638.14,-632.04,-622.73,-612.96,-603.05,-593.28,-584.28,-575.58,-563.98,-551.32,-539.87,-528.89,-519.58,-511.03,-504.62,-496.23,-487.84,-477.31,-466.02,-451.98,-439.16,-428.79,-413.22,-393.38,-372.02,-351.57,-335.55,-321.82,-310.68,-301.07,-294.96,-290.54,-289.62,-287.94,-284.28,-279.55,-275.43,-269.78,-262.15,-256.05,-249.64,-240.49,-232.7,-226.6,-222.63,-218.21,-215.16,-208.59,-200.96,-193.79,-187.99,-183.87,-178.69,-173.65,-168.77,-163.58,-158.39,-153.2,-148.78,-143.13,-139.01,-131.23,-124.82,-117.8,-110.78,-102.69,-93.692,-84.689,-75.838,-68.209,-59.206,-48.067,-38.606,-28.382,-19.837,-10.987,-4.5778,4.12,12.513,24.567,36.164,47.761,59.053,68.514,78.585,88.809,97.659,106.51,113.83,123.6,131.84,141.45,149.24,157.17,164.65,173.35,182.35,191.35,199.59,207.83,215,222.94,229.96,237.89,244.61,252.85,260.02,267.04,274.06,281.23,286.87,292.52,298.62,304.12,309.61,315.26,321.51,327.92,330.82,334.94,337.23,340.59,341.04,342.42,342.42,342.72,343.79,347,350.2,354.01,356.3,359.66,362.41,366.68,370.34,375.38,376.29,378.12,378.28,380.72,383.62,386.97,389.57,391.86,393.08,395.06,397.5,400.86,403,406.05,406.81,407.42,407.57,406.66,406.2,407.27,409.1,413.53,416.88,420.39,422.68,427.26,430.16,433.82,434.28,436.41,439.16,441.6,443.13,444.5,444.65,446.64,447.86,449.54,449.84,451.98,451.83,453.2,453.51,454.73,454.73,456.56,458.39,460.83,462.97,466.48,469.99,471.97,473.19,475.78,477.16,479.9,481.28,484.02,484.02,485.24,486.31,488.45,490.74,492.87,493.48,493.18,492.57,492.57,491.35,491.65,490.59,490.28,487.69,485.4,484.48,484.63,484.18,482.96,482.04,482.65,481.73,480.67,477.61,475.63,473.65,471.66,468.46,465.25,462.2,458.69,455.95,453.51,451.67,450.61,448.32,446.18,441.45,437.03,431.99,428.48,424.51,419.63,413.98,408.8,405.9,403.45,401.17,400.86,399.95,400.56,398.88,397.66,395.52,394.15,392.16,390.79,389.87,389.26,388.04,385.14,383.16,381.02,377.21,374.77,370.95,368.05,365.46,363.32,360.58,358.59,356.15,353.1,350.96,350.2,346.39,342.27,335.7,329.91,323.5,317.7,310.68,304.73,299.54,293.89,287.18,281.53,274.06,267.49,259.56,254.07,247.51,241.71,237.59,234.69,232.09,230.41,227.52,224.77,219.43,214.09,208.14,206,202.34,200.51,200.05,198.83,197.3,196.54,198.37,203.71,208.59,214.85,219.43,225.23,227.82,229.8,231.18,232.4,233.01,235.6,237.89,240.03,240.64,240.94,237.59,234.08,230.11,228.43,226.75,226.29,224.92,221.26,217.9,214.24,210.73,208.9,205.85,204.02,199.74,198.37,195.32,192.42,189.06,185.55,182.04,178.08,174.87,172.28,169.23,169.23,168.46,167.85,163.88,160.07,154.73,150.46,144.51,136.57,130.92,127.57,126.19,123.29,119.17,114.29,109.56,105.14,97.507,91.861,84.384,74.007,60.274,49.287,39.064,28.84,18.159,7.1718,-3.0519,-14.344,-27.314,-37.69,-45.32,-48.83,-56.307,-63.631,-71.108,-75.686,-79.501,-85.452,-92.624,-99.033,-102.08,-103.31,-105.14,-106.66,-108.8,-109.87,-114.9,-120.24,-127.41,-128.48,-131.84,-135.35,-138.1,-139.62,-144.81,-149.39,-154.12,-159.46,-165.87,-171.82,-181.28,-187.69,-194.56,-199.29,-204.78,-207.68,-209.81,-213.32,-219.43,-223.09,-225.38,-226.91,-227.06,-226.91,-230.72,-233.47,-238.35,-240.64,-244.61,-246.74,-251.78,-258.03,-265.97,-270.39,-272.23,-275.28,-280.47,-285.81,-289.01,-289.01,-290.54,-291.6,-295.42,-300.91,-309.46,-317.85,-324.26,-331.43,-336.92,-339.98,-342.27,-343.33,-343.94,-340.89,-339.67,-335.55,-334.18,-328.84,-323.34,-317.09,-314.8,-310.37,-303.96,-297.4,-290.54,-283.67,-278.33,-272.38,-269.78,-267.95,-266.27,-260.02,-255.29,-248.42,-243.23,-236.67,-231.18,-226.29,-224.62,-222.02,-219.43,-215.46,-213.63,-210.43,-210.43,-207.07,-203.41,-196.08,-190.28,-182.81,-176.24,-168.16,-159.46,-151.37,-145.57,-139.16,-134.28,-126.96,-123.14,-119.02,-118.11,-114.44,-110.78,-105.29,-102.24,-98.88,-96.438,-95.065,-97.659,-100.56,-104.22,-104.68,-102.54,-98.117,-95.676,-93.539,-91.098,-84.994,-79.196,-75.686,-77.517,-81.79,-86.52,-90.793,-95.218,-99.796,-103.92,-106.05,-105.59,-104.22,-102.85,-101.32,-100.41,-99.033,-100.71,-103.15,-107.27,-110.17,-109.71,-108.19,-109.87,-109.56,-109.1,-108.95,-113.53,-115.51,-116.43,-114.14,-114.75,-113.68,-117.19,-122.68,-130.01,-136.42,-142.37,-145.73,-148.32,-148.32,-149.69,-149.24,-150.3,-150.3,-151.68,-149.85,-147.71,-143.89,-141.15,-138.71,-138.71,-140.08,-142.98,-144.81,-145.88,-147.1,-148.17,-147.1,-147.71,-145.88,-145.73,-142.52,-140.23,-135.65,-131.84,-124.52,-117.04,-110.63,-106.05,-101.47,-98.117,-92.624,-91.708,-90.64,-91.556,-90.335,-93.081,-92.776,-94.15,-92.929,-91.403,-89.114,-87.893,-87.13,-85.91,-85.604,-86.215,-85.452,-85.91,-85.604,-86.367,-87.741,-89.724,-91.098,-92.776,-95.676,-98.575,-101.63,-103.92,-106.81,-109.56,-109.56,-111.24,-110.63,-111.85,-109.56,-108.8,-107.43,-106.66,-106.36,-107.58,-106.66,-106.81,-104.83,-104.22,-103,-104.07,-103.92,-106.97,-106.81,-108.19,-106.81,-106.66,-108.04,-110.32,-112.61,-116.28,-117.8,-119.02,-118.41,-117.95,-116.43,-116.58,-114.14,-111.39,-105.29,-101.93,-97.354,-92.929,-90.182,-88.198,-85.604,-82.705,-78.585,-72.024,-63.173,-55.849,-48.83,-45.015,-39.216,-34.639,-28.23,-22.736,-16.022,-11.444,-5.9511,-1.9837,-0.15259,1.6785,5.3407,8.0874,11.902,14.496,19.227,21.058,24.72,26.093,28.077,29.756,32.044,33.418,35.096,38.148,40.284,42.268,41.81,41.2,42.879,44.862,46.846,46.388,48.524,52.492,59.816,66.988,72.176,73.855,75.076,74.313,76.296,77.517,78.585,79.501,83.316,86.062,90.03,91.403,93.234,95.065,99.643,104.22,111.09,119.79,130.31,139.32,145.57,146.95,147.25,144.96,142.22,136.57,131.69,125.43,120.85,117.65,119.48,122.68,124.67,123.6,120.85,117.95,118.87,119.48,121.46,122.53,124.52,125.74,127.72,124.82,122.07,119.48,117.34,114.29,112.16,109.26,106.2,101.93,100.41,97.507,96.438,91.861,89.114,85.299,84.689,83.621,85.147,84.689,83.773,81.484,79.653,77.364,76.449,74.313,75.533,76.296,78.585,79.348,81.332,82.705,84.384,85.604,87.283,88.809,90.335,92.471,95.37,95.523,95.828,94.76,91.708,86.978,83.621,78.585,76.296,72.481,68.972,63.784,61.19,58.901,57.375,57.985,61.342,64.089,66.836,66.53,66.988,63.936,63.021,59.664,58.138,55.238,56.154,55.391,56.459,55.849,54.323,51.424,49.287,48.677,49.593,49.593,50.966,50.661,50.356,47.609,45.625,40.742,37.996,35.249,34.944,35.401,36.164,35.249,35.859,36.622,37.08,36.317,35.707,34.028,34.333,31.434,28.993,24.72,21.516,17.853,14.801,11.75,8.3926,4.7304,1.8311,-0.91556,0.15259,0.15259,0.30519,-2.2889,-3.0519,-4.7304,-5.6459,-6.8667,-7.1718,-9.003,-8.3926,-5.9511,-5.6459,-5.6459,-5.3407,-6.5615,-6.4089,-8.3926,-10.071,-13.886,-14.954,-16.022,-14.954,-14.344,-11.902,-8.3926,-5.4933,-2.8993,-2.5941,-4.2726,-6.2563,-10.681,-13.276,-17.243,-16.785,-17.701,-17.396,-18.616,-17.396,-17.396,-14.801,-14.649,-16.175,-17.09,-17.701,-17.701,-18.006,-20.447,-20.753,-21.363,-21.973,-24.11,-26.704,-28.687,-30.671,-32.807,-30.671,-28.535,-27.314,-25.483,-24.262,-24.262,-25.33,-25.788,-24.11,-23.194,-20.447,-18.769,-17.243,-19.379,-22.126,-24.567,-24.72,-25.483,-24.567,-22.889,-19.837,-17.396,-14.801,-14.039,-11.597,-12.055,-12.36,-14.191,-12.97,-12.665,-12.97,-15.564,-19.532,-21.821,-22.126,-24.11,-26.246,-29.908,-31.281,-34.944,-37.385,-41.658,-44.099,-46.693,-47.914,-48.83,-48.982,-49.135,-49.745,-50.661,-50.813,-52.034,-52.187,-54.476,-54.933,-55.391,-56.001,-59.511,-60.579,-60.579,-61.037,-62.41,-62.716,-64.089,-65.004,-65.462,-65.31,-66.378,-66.073,-67.904,-69.124,-70.04,-66.988,-63.784,-61.647,-63.021,-64.241,-65.157,-63.173,-61.953,-61.495,-61.8,-62.41,-64.089,-62.258,-60.121,-57.375,-56.001,-54.628,-53.865,-54.17,-55.544,-59.206,-62.41,-63.936,-66.836,-67.751,-70.193,-71.718,-74.618,-75.228,-75.228,-75.686,-77.059,-77.212,-76.601,-76.296,-76.449,-76.601,-79.501,-82.247,-85.604,-87.588,-91.25,-93.844,-97.049,-99.948,-103.15,-105.9,-105.59,-103.46,-101.47,-98.575,-96.591,-93.997,-93.539,-92.624,-93.692,-92.776,-93.234,-94.15,-94.76,-95.37,-95.065,-93.997,-95.065,-97.201,-98.88,-97.354,-98.117,-97.507,-96.896,-94.76,-92.929,-92.013,-91.25,-90.182,-86.215,-80.416,-74.465,-68.209,-63.021,-58.596,-57.527,-56.459,-56.764,-58.138,-59.511,-60.274,-61.19,-63.326,-64.241,-63.326,-61.8,-58.596,-56.154,-52.644,-50.661,-48.524,-48.83,-50.508,-51.729,-51.424,-51.118,-50.813,-52.339,-54.781,-57.527,-56.764,-57.07,-55.544,-56.764,-54.323,-53.713,-53.255,-56.459,-58.29,-62.258,-63.326,-64.852,-65.157,-65.92,-66.683,-68.972,-69.277,-69.277,-67.141,-66.683,-64.089,-62.41,-58.748,-56.459,-54.323,-54.17,-52.797,-52.644,-54.17,-55.391,-54.933,-54.323,-51.576,-50.356,-49.287,-48.982,-45.32,-43.031,-40.132,-40.895,-41.505,-41.963,-41.963,-44.252,-43.031,-41.2,-39.064,-39.064,-38.606,-39.674,-39.674,-41.963,-43.336,-46.541,-47.761,-49.135,-48.219,-47.304,-42.879,-38.148,-33.113,-31.587,-29.756,-27.314,-24.72,-24.72,-24.262,-24.567,-22.584,-23.041,-22.736,-25.636,-28.993,-34.028,-37.385,-39.674,-39.369,-38.148,-35.249,-32.96,-30.061,-29.603,-27.161,-27.924,-28.84,-29.908,-28.382,-28.687,-28.993,-28.84,-29.45,-30.061,-28.077,-24.262,-21.21,-20.447,-18.616,-19.99,-18.616,-18.311,-15.412,-14.801,-13.123,-11.444,-8.0874,-7.3244,-7.7822,-10.529,-15.564,-21.516,-24.11,-27.924,-28.382,-28.687,-25.941,-23.804,-21.668,-23.347,-23.499,-24.262,-24.873,-25.788,-24.415,-19.227,-13.276,-8.6978,-5.3407,-6.8667,-8.8504,-12.818,-15.564,-19.99,-22.279,-24.72,-23.652,-22.431,-19.837,-18.769,-17.243,-16.022,-14.191,-16.327,-18.464,-23.194,-26.551,-29.908,-27.924,-23.957,-19.99,-15.412,-12.36,-11.139,-10.376,-10.071,-7.7822,-7.1718,-5.1881,-4.883,-3.2044,-2.4415,0.91556,3.8148,5.6459,6.8667,8.3926,10.681,12.97,14.344,16.938,19.379,25.33,30.519,35.401,37.843,41.353,44.252,48.372,51.881,54.628,56.917,60.732,63.478,65.767,68.819,74.313,78.585,84.078,87.588,92.929,96.286,100.41,103.61,106.2,109.87,113.83,116.73,120.09,122.99,127.11,129.86,136.42,139.16,144.05,146.18,149.08,149.69,150.76,150.61,152.13,152.59,153.66,153.05,156.25,157.17,158.85,158.7,161.75,163.27,165.26,165.56,165.11,165.41,164.19,162.82,161.14,158.7,157.48,155.19,153.51,150.61,150.15,147.56,147.56,147.25,148.93,149.54,151.37,152.9,154.12,153.2,152.13,150.3,150,147.4,147.71,145.27,145.27,142.67,140.84,139.47,140.08,139.93,139.62,136.57,135.04,134.13,135.81,135.04,134.89,132.45,129.4,125.74,124.06,122.68,121.46,119.63,119.33,120.24,122.38,122.84,124.97,126.35,129.09,129.55,131.99,132.76,133.52,133.82,135.04,138.1,141,143.74,148.17,151.22,155.64,157.93,160.37,161.44,163.73,163.88,166.78,167.55,169.23,169.84,169.99,171.06,174.41,177.31,182.35,186.32,191.5,193.33,197.15,200.2,203.71,204.32,206.31,205.85,205.85,205.08,205.69,207.22,208.9,212.71,216.83,219.12,223.55,225.84,230.41,233.77,237.59,240.33,245.37,249.64,252.85,256.05,259.1,262.76,267.19,270.39,274.06,274.21,273.29,270.7,269.48,267.49,265.82,262.31,257.73,252.08,247.81,244.76,241.4,237.74,232.09,225.68,219.28,211.49,206.92,201.12,196.08,189.37,182.96,175.94,168.77,164.19,161.14,158.85,158.24,157.48,155.8,154.12,155.03,154.58,154.58,152.9,151.07,148.78,149.08,148.93,149.24,150.61,152.13,152.44,152.13,153.05,155.34,156.71,160.07,162.66,165.56,166.78,168.77,171.06,175.18,178.99,182.35,186.16,192.42,198.68,205.39,209.66,215.31,220.65,226.6,230.26,235.76,239.88,244.15,249.18,254.68,256.97,258.64,260.93,265.51,270.85,276.5,276.65,276.5,276.65,278.18,277.57,277.11,275.28,271.16,268.56,267.49,266.43,265.36,263.53,260.93,257.12,254.07,247.81,241.55,232.25,224.92,214.24,202.19,189.37,175.33,158.09,142.98,130.47,116.12,99.338,83.468,65.462,47.761,28.23,11.597,-5.1881,-22.279,-37.69,-49.593,-59.969,-69.43,-78.89,-86.825,-97.507,-110.63,-124.06,-137.18,-149.69,-159.15,-169.84,-178.23,-188.76,-199.29,-212.1,-224.92,-238.5,-252.08,-267.04,-280.47,-291.15,-296.64,-304.12,-311.59,-320.29,-327.92,-335.09,-342.57,-353.25,-365.92,-378.89,-391.4,-401.62,-410.47,-419.63,-427.56,-434.89,-438.86,-441.91,-440.99,-443.43,-446.03,-450.61,-454.57,-458.85,-462.05,-467.09,-473.34,-481.12,-490.89,-501.57,-509.2,-516.68,-522.93,-529.8,-537.28,-544.45,-548.88,-554.22,-559.86,-563.68,-568.41,-571.31,-573.6,-574.66,-573.29,-571.46,-567.49,-564.13,-560.32,-557.27,-554.52,-551.77,-549.49,-546.13,-542.77,-535.75,-526.29,-517.29,-511.03,-507.37,-504.47,-502.64,-499.44,-496.08,-486.92,-471.51,-450.3,-427.56,-402.23,-383.01,-372.02,-364.85,-361.19,-358.29,-356.15,-354.78,-352.18,-353.56,-358.9,-369.58,-381.94,-391.4,-401.01,-411.24,-420.85,-428.48,-435.35,-442.67,-447.25,-450.76,-454.73,-460.68,-463.88,-465.41,-464.95,-462.05,-457.32,-452.59,-448.32,-446.18,-444.81,-443.59,-442.06,-442.52,-441.76,-439.77,-433.06,-426.65,-419.48,-410.63,-402.23,-396.44,-393.84,-391.55,-390.64,-392.32,-394.15,-392.93,-385.91,-378.43,-370.04,-362.87,-356.91,-354.78,-355.85,-357.37,-356.46,-357.52,-358.29,-355.85,-349.74,-344.4,-337.99,-333.11,-328.68,-325.79,-323.65,-324.87,-331.43,-336.77,-341.65,-344.55,-344.1,-341.5,-336.01,-332.19,-330.52,-328.23,-324.87,-323.19,-320.14,-316.93,-312.51,-307.02,-301.83,-296.79,-293.89,-290.38,-286.11,-280.31,-270.39,-260.02,-248.73,-240.64,-234.84,-230.57,-226.14,-221.56,-218.97,-217.14,-214.39,-212.56,-209.97,-206.92,-200.66,-194.86,-187.54,-180.36,-174.41,-166.17,-157.63,-150.15,-145.88,-143.44,-138.55,-133.06,-127.41,-123.29,-117.8,-113.22,-107.58,-101.47,-94.913,-87.588,-79.196,-72.024,-66.073,-60.732,-54.476,-51.118,-46.236,-41.2,-34.181,-28.23,-19.99,-11.597,-5.3407,1.2207,6.1037,11.444,16.785,23.041,31.281,37.385,45.778,51.118,57.68,64.547,71.871,77.67,82.705,86.52,89.877,93.234,96.744,98.727,101.02,102.39,106.2,109.26,113.22,116.43,119.79,123.45,129.09,135.04,140.69,147.71,156.1,162.82,170.14,175.48,180.36,183.42,188.91,192.27,197.15,202.34,209.51,216.68,224.46,231.48,238.35,242.93,248.42,250.71,254.22,256.51,260.78,261.54,263.68,266.58,271.92,276.04,280.31,282.75,285.65,289.32,295.11,298.93,304.12,307.78,312.97,316.02,320.14,323.34,325.63,327.77,331.74,334.03,337.69,341.96,347.45,350.66,353.1,352.95,353.86,355.08,357.83,358.44,359.51,360.58,360.88,360.42,360.27,360.42,360.88,359.66,360.27,359.81,361.49,363.32,364.39,363.63,362.41,362.41,363.32,365.15,366.83,368.21,368.82,370.19,372.33,370.65,368.21,364.39,362.71,361.03,360.27,362.25,363.63,365.76,365.92,362.87,360.73,359.05,359.2,360.42,363.32,362.41,362.87,361.49,360.27,359.81,360.12,361.03,361.19,361.19,360.88,359.51,358.29,356.15,354.78,353.1,353.1,351.12,350.66,349.13,344.55,341.96,339.98,337.38,333.72,328.07,322.12,314.34,305.49,296.95,290.69,281.38,272.38,262.31,254.52,247.81,242.77,236.52,229.19,221.72,214.24,205.85,196.84,189.06,186.01,181.89,177.62,170.29,166.33,162.66,160.37,159.15,161.9,165.87,167.7,166.78,165.72,165.41,166.94,166.63,167.24,166.78,166.78,165.56,164.49,162.51,162.66,164.95,167.24,165.87,160.99,155.34,151.98,149.08,149.39,146.34,143.28,139.01,134.13,128.94,125.74,123.75,124.67,127.72,129.7,129.09,126.65,123.14,119.63,114.29,110.48,104.07,99.796,96.744,94.913,92.776,93.081,92.776,92.929,93.387,90.487,82.553,73.092,63.631,60.274,60.579,63.631,63.478,61.037,58.138,54.17,50.203,48.524,47.151,46.236,43.031,43.641,46.388,51.271,52.492,51.576,48.83,48.83,48.677,48.524,46.541,43.794,41.353,41.2,40.895,41.505,40.284,38.301,33.113,27.772,20.905,14.801,10.071,7.6296,5.7985,1.2207,-5.3407,-9.9185,-13.428,-11.75,-11.75,-13.886,-16.633,-15.717,-15.717,-16.175,-17.09,-18.006,-18.769,-19.99,-18.006,-15.564,-15.107,-13.733,-14.649,-15.564,-15.87,-11.139,-9.003,-7.9348,-7.1718,-9.3081,-12.818,-17.548,-24.873,-30.976,-37.385,-42.726,-46.846,-47.761,-49.44,-49.44,-50.966,-54.018,-58.748,-64.089,-68.056,-68.361,-67.598,-67.141,-67.904,-66.683,-65.615,-61.495,-55.086,-49.44,-45.473,-41.353,-37.996,-36.164,-39.216,-40.284,-43.794,-46.236,-47.761,-48.067,-48.83,-48.83,-51.271,-54.628,-59.053,-63.326,-66.073,-65.92,-67.293,-68.209,-71.261,-72.481,-77.059,-78.127,-79.043,-78.89,-81.484,-84.384,-84.994,-84.841,-84.384,-84.384,-83.621,-79.806,-77.517,-76.144,-75.991,-73.244,-72.176,-70.65,-70.193,-70.193,-70.65,-72.939,-76.907,-80.721,-84.841,-90.03,-99.185,-105.59,-110.02,-111.85,-114.75,-118.87,-120.24,-119.79,-119.17,-116.73,-113.99,-111.7,-108.65,-103.31,-98.27,-92.929,-91.403,-90.793,-91.403,-88.046,-84.384,-79.196,-74.16,-68.209,-64.699,-65.462,-68.819,-74.313,-80.874,-84.078,-87.741,-88.504,-93.081,-97.659,-102.85,-105.44,-108.19,-107.12,-106.66,-105.9,-108.95,-109.87,-111.39,-111.55,-112.31,-109.26,-109.56,-108.65,-108.04,-105.9,-103.31,-97.201,-94.15,-92.166,-90.64,-88.351,-85.757,-81.027,-77.822,-75.228,-73.092,-69.582,-68.667,-64.852,-61.953,-56.917,-53.56,-48.83,-44.862,-40.895,-39.521,-37.69,-34.791,-31.892,-31.892,-32.35,-34.028,-36.47,-40.284,-42.879,-47.761,-50.966,-54.781,-56.307,-57.68,-58.748,-60.427,-62.716,-65.462,-66.683,-69.582,-69.735,-69.887,-69.735,-71.566,-71.261,-71.261,-70.193,-70.345,-70.04,-70.803,-71.871,-73.244,-74.16,-75.838,-76.144,-77.364,-76.754,-78.89,-79.043,-79.196,-76.449,-76.449,-76.296,-77.212,-77.059,-77.059,-76.296,-76.907,-77.517,-79.196,-78.89,-77.212,-73.855,-73.55,-69.277,-64.547,-55.849,-49.44,-42.268,-36.317,-31.587,-29.145,-25.636,-19.99,-15.107,-10.834,-6.1037,-4.2726,-0.76296,2.1363,4.2726,5.0356,6.7141,7.1718,9.1556,12.055,13.428,15.107,18.616,23.957,30.976,32.35,33.113,32.96,33.113,30.366,30.213,29.45,30.824,32.96,38.606,43.641,48.219,50.203,51.424,48.83,46.541,42.879,40.59,36.775,35.707,31.587,27.161,23.499,23.194,20.905,18.921,16.633,14.344,10.071,6.2563,1.5259,-1.8311,-5.0356,-3.5096,-0.76296,4.7304,9.9185,14.496,17.701,18.769,18.006,15.87,15.564,16.938,17.243,18.921,19.684,20.905,20.6,21.973,20.753,17.701,13.733,8.0874,3.2044,-0.91556,-4.7304,-6.5615,-8.24,-9.9185,-13.428,-15.107,-18.769,-21.21,-24.415,-24.873,-26.704,-26.246,-24.72,-22.736,-21.058,-19.837,-19.227,-20.447,-22.736,-25.483,-29.756,-31.129,-32.197,-30.061,-27.161,-23.041,-22.889,-24.72,-27.314,-27.161,-24.72,-23.499,-23.194,-21.21,-19.684,-16.633,-16.633,-15.87,-14.954,-11.139,-8.8504,-6.4089,-3.9674,-0.30519,1.3733,3.357,4.2726,4.7304,5.7985,10.834,15.87,21.821,23.652,27.772,30.671,32.197,30.519,31.587,32.807,36.317,39.674,43.336,44.404,46.083,47.304,46.999,43.336,38.911,34.181,30.976,28.077,27.009,24.11,21.21,21.516,23.347,23.804,23.957,23.499,24.262,23.804,23.804,25.636,29.756,32.197,34.181,35.707,38.301,38.911,40.284,40.59,40.59,42.116,45.015,46.999,48.83,50.661,54.933,56.917,58.138,56.764,56.764,56.001,56.917,56.764,56.459,55.391,54.17,49.898,47.761,45.015,43.184,40.132,39.979,37.233,37.08,37.538,39.979,38.759,38.148,36.622,33.265,29.908,29.145,28.84,28.23,26.399,24.72,21.668,20.6,19.074,17.701,15.259,16.785,19.074,22.279,23.041,25.33,27.772,29.298,27.924,26.856,23.804,20.6,13.733,10.071,6.5615,3.5096,-1.5259,-6.8667,-12.513,-18.921,-22.889,-25.941,-27.314,-26.856,-26.704,-26.246,-24.873,-22.584,-21.363,-18.311,-16.327,-13.276,-11.902,-12.207,-14.649,-18.464,-21.516,-24.415,-28.077,-31.739,-36.164,-40.284,-45.167,-49.593,-52.797,-50.813,-48.219,-45.625,-45.93,-47.914,-50.966,-52.187,-52.644,-51.271,-51.271,-49.898,-49.287,-48.067,-47.151,-43.947,-39.674,-36.47,-34.639,-33.723,-32.807,-33.265,-34.333,-36.012,-37.996,-37.996,-39.521,-39.216,-38.911,-39.216,-43.641,-49.135,-54.323,-57.07,-59.664,-62.41,-64.241,-65.31,-68.056,-68.361,-71.413,-73.397,-77.212,-77.212,-80.111,-83.316,-87.283,-90.182,-92.471,-92.318,-93.081,-96.438,-102.39,-108.65,-117.65,-124.82,-133.52,-137.79,-142.37,-143.59,-144.81,-144.66,-147.25,-149.69,-150.91,-151.98,-151.37,-150,-148.32,-147.1,-149.24,-148.63,-144.81,-136.72,-129.09,-122.99,-121.01,-119.94,-120.4,-120.7,-118.41,-116.43,-117.04,-116.58,-114.75,-112,-109.26,-103.76,-99.185,-94.15,-92.318,-88.046,-86.367,-83.773,-80.721,-77.364,-74.923,-73.397,-72.787,-72.481,-74.77,-76.754,-79.043,-79.043,-79.348,-76.144,-74.923,-72.176,-69.43,-66.53,-63.936,-62.105,-64.394,-66.836,-68.972,-70.345,-73.244,-75.838,-79.958,-83.01,-87.436,-90.64,-95.37,-98.727,-103.46,-107.12,-110.48,-110.02,-108.04,-105.29,-104.07,-101.78,-103,-102.24,-101.93,-101.63,-101.78,-101.47,-100.71,-99.643,-98.422,-95.218,-94.455,-93.692,-92.776,-89.419,-89.419,-88.046,-86.367,-82.247,-78.127,-74.77,-73.397,-72.939,-73.702,-73.55,-73.55,-73.855,-74.923,-73.55,-72.176,-68.056,-66.53,-64.089,-64.241,-64.699,-65.157,-65.157,-65.767,-65.157,-65.615,-64.547,-63.784,-62.716,-64.394,-65.157,-66.378,-66.53,-67.598,-67.598,-67.446,-66.836,-67.293,-66.073,-64.852,-62.868,-63.631,-63.936,-65.615,-67.446,-70.956,-71.871,-71.718,-70.04,-70.193,-70.803,-72.481,-70.65,-67.751,-62.868,-58.901,-54.018,-52.492,-50.508,-50.661,-48.219,-47.151,-46.236,-45.93,-45.778,-46.236,-44.862,-45.015,-44.862,-46.999,-46.999,-48.067,-45.778,-43.031,-40.59,-40.437,-40.284,-41.047,-42.268,-42.116,-42.573,-44.404,-44.404,-46.541,-46.236,-46.541,-45.93,-46.388,-45.32,-45.167,-45.015,-44.099,-43.031,-42.268,-41.81,-43.336,-44.099,-46.541,-48.219,-51.729,-53.255,-54.628,-55.086,-56.154,-56.459,-54.933,-53.713,-54.933,-54.628,-54.17,-51.576,-50.966,-48.677,-49.745,-49.745,-49.745,-47.761,-45.778,-42.726,-40.132,-36.164,-32.044,-28.23,-24.262,-21.21,-21.058,-19.532,-17.701,-13.886,-10.071,-5.6459,-2.7467,2.4415,6.1037,9.3081,11.597,12.513,12.97,15.564,17.548,21.058,21.821,22.736,22.126,23.652,23.957,26.093,29.145,33.113,36.47,40.742,43.794,45.778,45.625,45.32,43.641,44.71,43.947,45.93,46.083,48.372,49.287,50.356,49.745,47.304,44.862,43.947,43.489,44.404,44.71,47.761,49.135,51.576,50.966,50.356,47.761,45.473,42.879,41.505,41.505,44.099,46.693,50.05,51.424,53.56,54.781,56.764,56.459,58.138,59.206,62.716,65.004,67.293,67.446,69.124,69.887,74.007,78.89,83.926,84.689,85.299,84.078,84.231,84.078,86.367,88.656,90.03,90.182,89.877,90.945,92.318,92.471,92.166,90.793,87.283,79.806,75.381,71.566,70.04,66.836,64.852,64.089,65.004,66.225,66.073,66.073,65.92,65.004,65.615,63.021,60.732,60.274,62.716,64.089,65.157,65.615,66.988,68.056,68.361,68.056,67.904,67.751,69.582,70.193,70.193,67.293,63.631,59.358,55.391,52.339,52.187,55.238,61.19,65.004,68.361,72.176,75.533,77.517,79.806,79.806,82.705,85.604,90.487,93.692,99.796,105.75,114.14,122.99,128.33,132.45,135.5,141.15,145.73,148.32,151.83,154.73,157.17,156.25,155.64,155.19,156.71,158.09,161.9,166.33,167.24,164.49,160.68,157.63,156.56,159,166.33,168.92,167.85,162.51,156.71,149.08,143.74,137.33,129.7,121.01,111.55,104.37,96.591,89.419,84.536,79.806,77.67,73.244,70.04,65.92,63.021,62.105,63.173,64.394,63.936,63.021,62.563,61.037,60.884,59.358,58.138,57.07,57.68,55.391,54.323,53.407,55.696,56.154,53.102,46.999,42.421,39.064,34.486,31.587,30.824,27.009,23.194,18.159,13.733,8.0874,5.9511,5.1881,6.8667,8.0874,9.4607,12.055,13.428,14.954,19.379,24.415,29.298,29.145,27.467,26.704,27.772,29.908,33.418,36.775,41.658,45.93,51.576,58.138,64.241,67.446,71.871,71.718,70.956,66.836,63.784,58.443,54.628,52.339,49.44,47.914,48.677,48.524,45.778,40.742,37.08,32.807,32.35,29.908,25.636,18.769,13.123,7.1718,0.91556,-7.6296,-15.717,-24.415,-32.655,-39.827,-45.93,-52.95,-57.527,-62.868,-65.004,-69.43,-73.55,-80.416,-86.673,-95.37,-102.08,-108.65,-113.53,-116.58,-117.5,-119.17,-116.43,-113.99,-112.31,-116.43,-120.24,-127.57,-134.43,-141.76,-149.85,-157.78,-160.68,-161.6,-160.53,-159.92,-159.31,-161.44,-163.27,-165.72,-165.11,-167.39,-167.55,-166.48,-162.21,-155.49,-146.03,-139.93,-134.74,-132.3,-129.86,-128.03,-123.14,-119.48,-114.29,-111.85,-108.19,-108.34,-106.81,-107.73,-107.43,-104.68,-99.338,-95.218,-91.403,-89.572,-88.656,-88.046,-85.147,-83.01,-79.043,-78.738,-74.77,-69.735,-63.784,-62.716,-62.41,-63.021,-64.089,-65.31,-63.021,-59.664,-56.459,-58.138,-59.969,-63.021,-61.19,-60.427,-59.664,-59.053,-56.612,-55.391,-55.849,-56.307,-55.544,-54.17,-52.339,-53.102,-52.034,-51.576,-49.135,-48.524,-45.93,-44.404,-40.59,-36.317,-30.824,-25.483,-18.159,-11.444,-1.6785,4.5778,11.902,16.938,21.821,23.957,26.704,27.009,27.924,29.908,32.044,31.434,28.993,26.093,22.736,21.21,21.668,21.21,21.058,20.295,20.905,21.21,22.279,24.415,27.161,29.908,33.876,36.927,37.538,36.164,35.554,33.113,33.723,35.554,38.453,39.216,37.996,37.08,37.69,42.268,48.982,55.696,64.547,69.887,77.822,86.062,95.218,102.24,112.46,121.62,130.01,133.37,135.5,136.72,137.79,137.64,138.55,137.79,138.1,137.03,140.08,143.89,150.3,153.05,153.51,153.81,155.03,155.34,156.1,157.63,160.37,160.68,162.51,160.99,160.53,158.7,160.99,162.97,164.95,164.65,162.05,157.32,153.81,148.63,146.34,142.52,140.08,133.98,126.65,116.43,106.05,94.607,85.604,77.822,70.498,63.173,58.748,56.459,55.391,50.356,45.015,34.639,23.804,12.97,4.7304,-2.8993,-8.24,-10.834,-13.733,-16.022,-16.938,-17.396,-17.548,-19.532,-19.837,-20.905,-21.668,-24.873,-29.298,-34.181,-38.453,-43.031,-45.93,-46.846,-44.557,-41.963,-41.2,-41.047,-39.827,-39.521,-39.369,-40.742,-40.132,-42.268,-44.557,-47.761,-49.593,-51.881,-55.086,-56.154,-55.696,-54.323,-52.187,-49.745,-48.067,-48.372,-48.372,-50.508,-49.745,-49.44,-48.677,-47.761,-45.93,-43.489,-40.284,-38.148,-36.317,-33.876,-29.756,-27.161,-22.431,-18.464,-13.581,-10.529,-7.1718,-4.4252,-0.30519,5.1881,9.6133,14.344,19.99,26.551,34.486,40.895,48.677,55.086,62.716,67.293,73.855,79.501,86.062,91.403,95.981,100.56,106.2,113.53,122.38,131.53,141.45,149.69,159.46,167.7,176.85,184.79,195.32,205.08,214.24,220.8,227.52,233.47,238.35,242.62,248.88,255.59,264.29,272.68,281.99,290.99,301.22,309.31,316.48,322.28,327.01,332.35,337.53,340.28,341.2,341.81,343.49,346.08,350.2,353.1,354.78,355.08,356.76,356.91,357.98,359.81,362.1,363.78,363.32,363.78,364.85,366.53,367.9,368.66,370.65,370.8,371.56,371.41,374,376.6,378.89,380.72,382.85,384.84,386.21,387.74,389.42,391.4,393.23,393.23,393.99,392.77,392.16,390.03,388.5,385.14,384.23,383.16,382.09,379.8,376.6,373.7,369.73,365.46,360.88,355.24,352.03,347.91,344.55,340.59,338.91,336.92,335.55,335.09,334.03,331.13,327.62,323.04,318.92,314.8,312.2,308.24,304.12,298.47,294.5,290.54,286.72,282.3,278.63,275.43,272.38,270.24,269.33,268.26,267.19,263.99,262.46,260.32,256.81,251.78,247.05,243.39,238.81,234.08,230.26,226.45,222.33,217.29,214.39,209.81,206.61,203.71,201.42,198.52,196.54,194.71,192.27,188.91,183.87,178.69,172.89,167.85,163.88,159.61,154.88,147.56,141.61,134.59,129.25,122.53,115.97,108.19,100.41,94.15,87.13,78.89,67.751,55.544,44.099,31.129,21.21,9.1556,-2.1363,-12.818,-19.532,-26.246,-34.639,-43.184,-51.424,-60.427,-66.683,-72.329,-77.517,-84.994,-92.929,-102.39,-109.56,-117.19,-120.55,-125.89,-130.62,-134.74,-138.25,-140.23,-141.76,-145.27,-150.91,-155.64,-159.15,-163.27,-166.17,-169.07,-170.9,-174.87,-178.69,-184.18,-185.55,-186.01,-186.01,-187.23,-187.69,-189.52,-190.74,-191.35,-189.37,-188.76,-184.03,-179.14,-174.72,-174.41,-170.75,-168,-164.65,-159.15,-152.9,-150.91,-148.63,-145.88,-144.35,-144.05,-139.77,-135.2,-129.25,-124.97,-120.7,-119.94,-119.48,-120.55,-121.31,-121.77,-121.16,-114.29,-103.46,-91.556,-78.89,-69.43,-59.816,-53.407,-48.372,-46.541,-42.879,-35.249,-28.84,-24.567,-23.652,-27.619,-36.012,-50.508,-66.53,-82.247,-94.76,-107.12,-118.41,-133.37,-145.73,-158.09,-170.6,-181.89,-193.03,-202.03,-208.75,-214.7,-220.34,-226.91,-229.65,-232.55,-230.41,-229.96,-229.65,-228.89,-229.5,-230.87,-231.79,-231.79,-232.25,-234.69,-236.06,-237.13,-235.91,-235.76,-234.23,-231.94,-228.58,-225.84,-226.45,-226.91,-225.23,-222.17,-218.21,-214.55,-212.87,-212.87,-212.41,-210.88,-205.85,-202.95,-199.74,-197.76,-195.32,-191.2,-186.62,-181.28,-174.72,-170.14,-167.39,-166.63,-164.95,-161.9,-156.71,-151.83,-144.51,-139.47,-132.15,-124.67,-115.82,-108.19,-100.1,-91.861,-84.841,-79.348,-74.16,-70.803,-65.92,-63.326,-58.748,-55.391,-51.271,-44.862,-39.064,-35.249,-30.976,-27.009,-21.973,-17.396,-11.139,-6.8667,-2.5941,0.91556,5.3407,7.6296,10.681,14.954,18.616,22.279,27.772,32.807,38.301,42.421,46.388,50.966,56.764,60.579,65.31,67.751,71.261,72.481,75.686,78.585,80.111,79.958,79.958,81.637,83.468,84.231,86.52,87.13,88.809,90.487,92.318,92.471,94.76,99.185,103.15,105.29,108.49,111.09,113.53,116.12,118.11,118.56,120.85,121.31,122.23,120.09,117.34,113.07,109.26,101.47,92.013,82.858,75.381,70.65,65.92,59.511,56.917,55.086,52.492,48.677,47.304,43.947,40.895,37.69,36.012,34.028,33.418,33.265,32.807,33.723,35.707,36.317,38.301,40.59,45.167,48.83,50.813,50.661,52.339,53.255,51.576,49.287,47.609,44.71,41.2,37.233,35.707,32.502,30.824,27.619,25.178,18.311,11.444,3.9674,-2.2889,-8.5452,-12.818,-18.769,-23.957,-29.145,-33.265,-38.911,-42.268,-47.456,-50.05,-53.255,-52.492,-56.154,-59.511,-63.326,-66.53,-71.413,-75.991,-81.484,-87.283,-94.76,-100.86,-106.97,-109.87,-114.9,-117.95,-123.6,-126.65,-128.48,-129.4,-131.38,-133.37,-134.74,-136.42,-138.86,-142.06,-144.51,-144.51,-147.71,-152.59,-159.61,-165.11,-171.67,-177.16,-182.35,-184.64,-189.06,-193.64,-200.81,-208.29,-215.16,-220.34,-225.99,-229.96,-235.91,-239.11,-244,-247.66,-252.39,-256.97,-263.22,-270.55,-279.24,-288.4,-297.71,-305.49,-311.75,-317.55,-322.43,-324.41,-329.29,-332.19,-335.86,-337.53,-339.21,-340.43,-341.2,-339.52,-337.53,-335.7,-333.87,-332.65,-332.04,-329.29,-327.16,-323.8,-321.05,-316.78,-314.34,-310.07,-307.17,-302.59,-298.93,-295.27,-291.76,-287.94,-284.28,-281.69,-279.7,-276.35,-274.21,-269.94,-266.88,-263.37,-260.32,-254.83,-248.42,-240.49,-232.86,-225.99,-220.19,-214.39,-209.36,-203.86,-200.51,-196.39,-193.03,-186.77,-181.74,-175.48,-169.23,-163.88,-159.92,-155.49,-151.37,-147.56,-144.2,-138.1,-135.04,-130.92,-128.94,-122.99,-118.11,-111.85,-106.66,-102.39,-100.56,-97.964,-96.744,-94.455,-93.234,-90.335,-90.03,-86.978,-85.91,-82.247,-80.874,-77.822,-75.533,-73.244,-70.65,-67.751,-67.446,-66.378,-67.446,-66.836,-68.819,-68.514,-68.667,-67.141,-66.836,-64.699,-63.784,-61.953,-60.274,-57.68,-55.696,-53.102,-51.881,-49.44,-47.914,-46.693,-45.93,-45.167,-45.473,-45.015,-44.862,-44.252,-43.489,-43.794,-44.557,-45.778,-47.914,-50.356,-53.56,-54.476,-57.222,-58.596,-61.19,-63.784,-66.988,-69.124,-71.871,-73.702,-76.296,-76.907,-79.196,-79.653,-82.247,-82.553,-84.994,-86.825,-90.487,-92.318,-92.776,-91.556,-89.877,-87.741,-85.604,-84.078,-84.231,-82.095,-82.858,-81.484,-81.179,-80.569,-82.095,-82.247,-83.163,-83.163,-84.384,-86.52,-89.419,-90.793,-93.997,-96.133,-99.338,-101.32,-104.22,-105.14,-106.36,-106.2,-106.36,-105.75,-105.29,-103.76,-103.61,-102.08,-101.47,-99.49,-98.727,-96.591,-95.218,-91.861,-88.351,-85.604,-82.858,-79.501,-77.822,-75.991,-75.686,-74.313,-72.634,-70.193,-69.277,-67.904,-66.683,-65.92,-65.157,-62.716,-61.647,-59.969,-60.579,-60.884,-61.8,-61.495,-62.716,-62.105,-61.19,-59.053,-55.544,-52.492,-49.287,-45.93,-44.862,-44.252,-45.167,-44.557,-44.557,-42.879,-42.421,-42.268,-41.047,-40.895,-40.132,-38.911,-38.148,-35.249,-33.57,-29.908,-29.603,-30.213,-31.434,-32.807,-34.639,-36.317,-38.911,-41.505,-44.862,-46.846,-50.661,-50.203,-51.729,-51.576,-53.255,-54.018,-56.001,-56.764,-58.901,-60.732,-63.173,-64.394,-65.157,-63.784,-65.615,-65.157,-66.836,-64.547,-61.037,-58.443,-59.053,-58.138,-59.206,-60.274,-61.19,-63.173,-63.784,-57.527,-46.541,-36.775,-31.587,-23.499,-13.886,-3.5096,5.1881,14.496,22.889,30.366,34.944,39.827,42.879,46.236,50.203,54.781,55.086,51.881,46.693,45.167,52.492,66.073,74.923,79.196,76.296,67.598,53.713,35.249,17.396,26.246,60.121,110.02,166.33,217.75,247.96,253.76,239.72,212.26,181.43,153.51,126.5,103.61,77.517,49.135,15.107,-22.584,-69.124,-119.02,-161.6,-182.65,-193.33,-205.69,-223.24,-238.04,-247.96,-253.91,-264.29,-273.29,-281.23,-289.62,-301.83,-313.73,-321.05,-325.94,-326.4,-317.24,-297.4,-266.88,-233.62,-204.47,-187.54,-177.31,-172.12,-174.57,-184.94,-189.83,-179.14,-150.3,-111.39,-75.533,-50.661,-35.096,-26.856,-22.889,-24.873,-27.161,-28.077,-16.022,-0.61037,16.633,28.535,32.35,28.84,33.876,55.086,88.504,118.72,141,153.51,156.71,152.75,147.1,139.47,133.98,131.08,130.77,130.47,130.01,128.18,123.91,117.04,108.19,99.948,95.828,90.945,86.062,80.416,75.533,70.956,68.056,65.92,65.004,64.699,64.547,64.699,65.767,68.209,73.244,76.449,78.89,79.196,79.348,78.89,78.433,78.89,83.01,88.351,91.861,94.607,99.49,100.56,100.1,98.422,96.744,92.013,87.13,80.569,72.481,65.767,61.19,57.527,54.323,50.05,46.541,42.573,40.59,37.996,36.927,32.96,29.298,26.856,26.093,26.856,29.908,34.791,41.2,47.761,54.323,58.138,60.274,62.563,68.209,73.702,81.027,87.893,94.607,99.338,104.53,108.8,114.75,120.4,127.26,130.77,135.81,134.89,133.67,132.45,134.59,137.94,143.44,147.56,153.2,157.63,160.99,162.82,165.56,167.39,167.85,166.33,168.16,168.31,169.07,167.39,165.26,161.6,156.56,149.69,144.2,139.62,136.42,134.28,133.06,129.55,129.25,128.33,128.03,128.64,131.38,136.11,142.37,146.34,150.3,153.05,157.48,157.78,157.48,157.02,159.15,161.75,164.65,165.56,164.65,162.82,161.75,158.09,154.58,149.08,145.57,141.76,137.79,130.31,124.36,117.34,110.78,104.37,95.676,85.757,76.449,65.462,58.138,51.118,46.083,38.911,36.164,34.333,32.655,30.061,27.772,25.025,22.889,20.6,20.905,19.99,21.973,24.873,31.892,38.148,45.93,53.102,58.901,63.784,69.43,75.228,80.874,84.689,89.114,90.945,93.539,94.15,95.065,95.065,94.302,95.828,97.659,98.575,98.575,97.354,95.981,93.387,91.708,88.809,86.978,85.91,86.062,84.994,85.299,86.062,87.588,84.994,81.027,76.144,72.787,70.04,70.04,72.481,75.533,78.585,81.027,82.4,84.231,83.773,84.231,84.078,83.926,83.621,85.604,89.877,94.455,98.117,100.1,102.08,104.98,104.98,106.2,105.44,106.2,104.98,103.92,105.29,109.41,112.46,116.12,119.02,122.23,122.53,123.29,122.84,123.29,122.84,121.31,119.02,116.89,113.38,109.26,102.39,95.37,86.367,79.806,71.718,63.478,55.238,49.44,42.421,34.639,27.314,22.889,20.295,19.227,16.48,14.191,9.9185,5.3407,-0.76296,-6.2563,-11.139,-16.327,-20.905,-23.957,-26.704,-29.603,-32.502,-32.655,-34.639,-34.944,-36.927,-40.284,-45.473,-51.118,-57.527,-63.021,-67.904,-71.566,-75.533,-78.89,-84.841,-88.198,-90.182,-88.351,-86.978,-87.436,-90.182,-96.896,-104.53,-110.93,-116.73,-117.65,-120.09,-119.33,-119.94,-116.73,-113.22,-110.48,-108.34,-103.76,-98.727,-94.15,-91.098,-88.351,-88.046,-84.841,-83.773,-81.484,-81.637,-79.806,-79.348,-77.67,-76.449,-77.364,-78.28,-79.806,-83.163,-85.147,-88.351,-91.098,-93.997,-92.624,-90.487,-85.452,-80.874,-79.196,-77.822,-75.686,-73.855,-73.855,-73.397,-72.176,-68.972,-61.8,-57.527,-50.813,-46.388,-43.947,-40.437,-36.622,-34.181,-34.028,-32.96,-31.892,-31.739,-31.892,-35.401,-38.148,-43.641,-45.473,-46.846,-46.236,-48.524,-51.118,-53.865,-55.086,-54.476,-54.17,-56.612,-58.443,-60.579,-60.884,-61.647,-60.274,-59.664,-57.07,-57.833,-60.121,-65.767,-70.193,-75.076,-77.212,-78.28,-79.043,-81.179,-81.027,-78.28,-71.261,-66.683,-61.495,-58.596,-57.527,-58.443,-54.933,-53.407,-47.609,-42.573,-40.132,-41.2,-44.862,-51.576,-55.238,-60.884,-65.31,-71.566,-75.686,-80.264,-81.027,-80.874,-78.585,-77.364,-75.076,-73.855,-75.381,-79.958,-84.384,-89.877,-92.013,-93.234,-93.234,-96.286,-97.201,-97.964,-97.201,-98.575,-99.948,-102.08,-103.76,-107.27,-107.12,-104.68,-101.63,-100.41,-97.659,-97.659,-98.117,-99.948,-99.643,-101.47,-102.24,-103.61,-101.63,-102.54,-104.98,-108.19,-109.26,-110.78,-112.61,-113.68,-112.16,-112.61,-111.85,-110.48,-107.43,-104.83,-100.86,-97.507,-93.997,-90.64,-86.062,-83.468,-82.553,-83.468,-85.147,-89.724,-90.64,-89.572,-85.757,-84.689,-82.4,-81.484,-78.585,-76.907,-77.517,-78.433,-77.364,-76.601,-73.55,-71.718,-68.361,-66.683,-65.615,-64.699,-60.579,-58.596,-54.17,-50.661,-45.93,-40.742,-32.044,-25.33,-18.616,-14.954,-10.224,-5.6459,2.4415,9.003,17.853,24.567,34.028,42.726,49.44,52.797,54.17,54.628,53.407,53.407,55.238,55.544,56.917,55.086,53.255,49.44,46.388,42.268,37.996,32.807,28.382,24.567,21.973,20.753,21.668,22.431,21.973,21.058,22.889,23.041,24.873,25.025,28.077,30.366,34.028,39.827,48.219,53.865,56.764,57.68,56.612,56.154,58.901,59.358,61.8,63.936,66.378,68.972,73.244,77.364,78.738,77.212,73.244,69.735,67.446,64.852,63.173,61.647,62.258,62.716,62.716,59.053,55.544,53.407,53.407,53.56,51.118,48.524,46.236,45.015,43.336,39.216,37.385,37.233,38.453,36.622,35.096,32.96,35.249,37.233,36.775,36.012,34.639,30.976,27.772,23.194,18.616,14.191,12.513,10.681,7.7822,2.2889,-3.6622,-8.24,-12.36,-16.633,-21.363,-23.652,-23.957,-26.551,-29.298,-34.028,-39.216,-47.456,-55.238,-65.462,-74.618,-82.247,-85.757,-88.656,-89.419,-89.419,-89.267,-92.013,-91.25,-90.335,-85.91,-83.01,-77.364,-70.956,-67.446,-64.852,-62.41,-59.511,-56.917,-56.917,-59.053,-64.547,-67.141,-70.956,-72.329,-75.381,-79.501,-84.231,-88.351,-90.03,-91.25,-95.523,-97.354,-99.338,-101.32,-104.22,-104.07,-108.19,-111.09,-113.68,-114.75,-117.19,-119.17,-122.68,-126.35,-129.4,-128.18,-130.31,-129.86,-129.09,-124.67,-121.46,-117.19,-116.28,-116.28,-117.5,-117.95,-118.87,-117.04,-116.73,-112.61,-108.65,-103.31,-103.76,-103.31,-102.39,-97.201,-93.234,-86.825,-81.637,-77.67,-78.433,-78.738,-80.874,-82.4,-86.215,-86.52,-85.604,-82.095,-81.484,-85.604,-93.844,-102.54,-111.55,-117.8,-123.91,-125.43,-128.03,-127.26,-126.96,-122.99,-121.46,-119.02,-118.72,-120.4,-123.75,-126.35,-126.96,-121.92,-115.67,-105.75,-96.133,-83.163,-73.702,-67.141,-63.936,-61.037,-58.29,-54.17,-49.135,-45.93,-42.879,-37.538,-34.181,-29.45,-26.856,-24.415,-25.33,-24.262,-23.652,-19.227,-16.938,-19.99,-25.025,-30.061,-34.791,-40.437,-47.761,-51.576,-54.628,-53.255,-49.593,-42.421,-35.554,-27.619,-20.447,-15.412,-14.954,-16.938,-21.668,-24.262,-23.194,-19.227,-17.396,-18.006,-23.194,-25.178,-27.772,-29.756,-34.181,-37.385,-41.505,-43.947,-43.641,-40.742,-37.538,-31.587,-23.804,-16.175,-12.818,-11.292,-15.259,-17.548,-20.753,-22.584,-24.72,-27.009,-30.824,-34.944,-39.064,-41.963,-43.641,-44.404,-45.778,-46.999,-50.508,-50.356,-48.677,-43.489,-40.132,-36.164,-34.791,-33.57,-28.993,-22.584,-16.938,-11.292,-7.0193,-4.4252,-3.9674,-0.30519,6.2563,15.412,20.753,25.941,29.756,36.927,42.726,47.609,49.135,49.745,50.203,50.05,52.644,56.764,57.833,60.579,60.274,60.884,59.969,60.884,57.222,52.644,50.508,52.492,54.323,57.222,57.68,57.222,56.001,55.086,52.492,52.339,50.966,53.102,54.323,55.849,55.086,57.527,61.495,65.157,66.378,67.293,68.056,71.413,76.601,85.299,92.318,103.61,115.21,126.96,129.86,130.16,130.62,133.06,132.6,129.25,124.82,120.85,115.21,110.32,103.76,100.56,95.828,93.387,88.504,85.299,82.095,79.196,74.007,71.108,70.65,71.718,71.261,67.751,62.41,59.053,56.612,55.391,53.865,57.07,59.969,63.478,63.021,61.8,61.495,64.852,68.361,72.634,76.907,81.942,85.147,87.283,89.267,93.997,97.201,103,105.75,110.48,113.22,117.19,120.4,122.53,123.6,124.82,126.5,126.5,124.67,124.97,123.75,122.84,119.79,117.95,115.21,113.99,114.29,116.89,121.16,125.89,128.48,130.01,128.48,124.06,115.36,108.8,102.85,101.78,98.422,99.643,99.948,103.92,108.8,112.92,115.67,117.34,117.04,114.75,112.46,112.92,113.99,115.97,117.19,119.48,119.17,118.41,117.8,116.28,115.21,113.83,112.16,110.78,109.41,108.04,107.73,108.95,107.73,108.65,107.27,105.75,104.22,105.14,106.05,104.83,102.69,99.338,96.133,95.523,95.676,94.607,92.624,92.166,91.25,92.166,91.098,90.03,86.367,84.841,86.673,88.198,90.182,91.25,89.572,91.861,96.286,101.32,104.37,108.34,112.46,118.11,122.53,123.29,121.31,119.48,118.87,117.34,117.34,118.56,120.09,119.94,116.43,113.99,110.48,109.71,109.41,110.32,109.41,110.48,111.85,114.29,114.75,113.07,110.63,108.8,105.14,101.47,94.607,89.267,84.078,81.332,78.738,76.754,73.397,71.566,69.277,68.056,66.53,65.92,64.852,63.784,62.563,63.631,63.173,65.615,65.462,67.446,68.667,72.176,73.244,73.55,74.313,75.381,75.838,75.991,74.77,77.212,76.754,77.212,75.686,75.838,72.939,70.04,65.767,64.394,63.326,62.105,60.884,60.884,57.985,56.459,52.034,49.44,45.167,42.879,38.911,34.639,28.687,24.567,20.753,16.48,11.444,6.1037,2.2889,-1.6785,-5.0356,-6.2563,-8.0874,-9.1556,-11.139,-12.36,-15.717,-17.853,-19.837,-19.99,-19.379,-18.769,-16.785,-12.36,-8.24,-3.2044,-0.15259,3.357,5.4933,6.1037,6.2563,5.1881,3.2044,0.76296,-0.91556,-3.6622,-7.477,-11.139,-14.344,-16.938,-20.6,-23.194,-26.093,-25.788,-23.652,-19.99,-17.243,-13.886,-11.75,-10.071,-7.7822,-5.3407,-3.5096,-3.357,-3.0519,-1.0681,-0.30519,0.30519,-1.5259,-2.1363,-3.9674,-4.7304,-5.6459,-5.7985,-3.9674,-3.0519,-2.4415,-0.45778,0.45778,1.9837,2.4415,4.5778,5.4933,7.477,6.2563,4.12,0.61037,-1.6785,-3.2044,-4.7304,-5.9511,-6.8667,-7.477,-7.477,-8.5452,-9.003,-10.834,-12.513,-14.649,-14.954,-16.633,-16.327,-14.954,-12.818,-10.834,-9.6133,-9.003,-9.003,-10.987,-11.597,-11.902,-10.376,-8.0874,-4.2726,-3.0519,-0.15259,1.9837,3.6622,4.2726,5.1881,4.5778,3.5096,2.1363,3.0519,4.883,7.477,7.477,7.7822,6.1037,5.0356,4.12,4.4252,5.4933,7.477,9.1556,11.597,12.055,12.36,12.055,12.97,14.039,16.633,17.09,19.99,22.889,25.483,26.093,28.23,29.45,31.281,31.129,32.502,32.197,32.197,30.366,30.366,26.399,23.652,20.142,19.837,21.21,21.821,20.905,20.142,18.159,16.022,14.801,13.733,8.5452,3.5096,-1.2207,-4.12,-9.4607,-13.886,-20.142,-25.636,-31.434,-35.859,-39.064,-39.521,-41.2,-41.658,-44.404,-45.32,-48.219,-47.914,-48.219,-46.541,-45.778,-45.625,-46.083,-45.625,-45.778,-45.015,-45.32,-42.116,-39.369,-35.249,-33.113,-29.145,-27.314,-24.415,-24.11,-21.363,-17.853,-15.87,-16.938,-16.633,-17.548,-16.938,-16.785,-16.633,-18.921,-20.447,-22.126,-23.347,-26.551,-30.366,-34.181,-38.759,-44.404,-48.83,-54.018,-57.375,-61.037,-63.326,-66.683,-68.056,-71.871,-72.634,-75.533,-77.212,-79.043,-81.637,-87.893,-92.013,-95.981,-97.354,-97.659,-96.438,-95.065,-92.471,-93.997,-95.523,-99.643,-103.76,-109.87,-115.97,-122.53,-128.03,-129.7,-129.55,-130.31,-129.09,-126.96,-123.75,-123.91,-123.91,-125.28,-122.07,-118.56,-113.07,-109.1,-103.92,-99.185,-95.218,-92.624,-87.741,-84.994,-82.4,-81.027,-77.975,-77.059,-74.16,-72.787,-72.176,-74.007,-73.092,-72.939,-70.803,-69.124,-65.615,-62.716,-61.495,-62.258,-63.173,-65.004,-63.478,-62.563,-59.206,-57.68,-56.459,-56.459,-56.307,-55.391,-54.476,-55.238,-57.375,-58.748,-58.596,-58.138,-57.375,-59.969,-60.121,-59.969,-58.596,-60.579,-60.884,-60.884,-59.969,-59.664,-59.053,-58.901,-59.053,-61.037,-60.884,-62.258,-63.173,-65.767,-65.767,-67.446,-66.53,-65.767,-65.615,-67.598,-70.193,-73.397,-76.907,-81.79,-84.384,-89.419,-90.945,-94.15,-95.37,-98.727,-101.17,-104.83,-106.2,-108.65,-110.93,-113.53,-117.34,-120.24,-120.7,-122.23,-122.68,-124.82,-125.89,-127.57,-129.09,-133.06,-135.65,-137.18,-136.88,-138.1,-141.3,-145.12,-147.71,-149.54,-149.08,-151.52,-152.9,-158.24,-162.66,-168.92,-174.11,-179.3,-181.89,-184.48,-186.01,-186.32,-187.84,-191.66,-194.1,-195.47,-195.32,-196.39,-195.62,-196.54,-197.3,-200.35,-205.39,-211.65,-216.53,-220.95,-224.46,-227.82,-231.64,-236.67,-238.04,-238.81,-238.5,-239.27,-240.18,-242.47,-245.37,-247.66,-249.03,-251.01,-253.91,-256.81,-258.19,-260.02,-259.1,-259.56,-260.48,-263.07,-263.53,-263.68,-265.05,-265.51,-264.44,-263.53,-261.39,-261.54,-258.19,-255.9,-253.15,-252.54,-249.95,-249.49,-250.71,-249.79,-249.18,-250.56,-251.63,-251.47,-249.95,-249.64,-248.12,-247.35,-244.91,-243.39,-240.49,-237.74,-235.45,-234.84,-233.31,-231.33,-227.36,-224.46,-220.04,-217.14,-213.32,-209.66,-205.85,-204.47,-201.88,-197.61,-193.33,-187.84,-183.87,-179.91,-177.62,-175.33,-173.5,-172.73,-172.28,-172.58,-172.73,-171.51,-167.09,-164.95,-163.43,-164.19,-167.24,-169.07,-168.61,-169.38,-170.29,-169.84,-168,-165.87,-161.6,-158.39,-153.2,-148.93,-144.51,-140.39,-133.67,-126.04,-117.34,-109.56,-102.08,-97.354,-91.708,-87.893,-84.231,-81.942,-77.517,-73.702,-67.751,-62.41,-57.07,-51.729,-45.778,-40.437,-34.181,-30.213,-25.941,-25.178,-23.804,-23.652,-19.837,-15.564,-11.139,-7.9348,-3.9674,-1.5259,-1.3733,-1.8311,-0.15259,-0.30519,0.45778,-0.30519,1.9837,4.4252,8.5452,13.276,18.311,22.736,26.551,28.84,28.382,23.804,19.837,14.191,9.6133,5.6459,2.5941,-2.8993,-5.4933,-8.8504,-11.902,-16.327,-19.99,-17.853,-10.529,-4.4252,-1.3733,0.30519,1.6785,1.0681,2.4415,2.1363,4.4252,7.0193,9.9185,14.954,19.837,23.347,25.788,27.161,27.314,25.483,23.804,20.295,19.074,16.175,14.191,11.444,9.7659,6.7141,4.7304,4.12,4.7304,5.3407,7.6296,10.529,16.48,20.905,26.399,30.976,38.759,46.236,55.391,64.699,77.212,89.267,99.338,109.1,119.33,128.18,138.55,148.01,160.83,170.6,184.33,198.22,211.19,222.17,234.08,246.13,258.8,271.16,284.59,295.42,306.86,316.02,326.7,336.62,348.06,355.08,360.73,366.22,371.87,377.21,383.62,389.42,392.93,394.3,394.3,390.03,388.04,385.6,383.16,378.58,375.23,368.82,360.88,353.86,347.91,342.27,335.09,325.94,317.7,309.61,304.42,297.1,291.76,284.43,279.4,272.84,266.43,258.8,251.17,244.45,236.98,226.6,216.38,205.54,196.23,185.71,176.85,166.94,160.83,154.73,150.46,145.12,139.32,134.89,130.62,124.36,117.95,109.71,101.47,90.64,80.874,68.209,59.969,52.187,47.456,41.047,33.265,23.652,16.633,9.6133,2.8993,-4.2726,-8.6978,-11.597,-10.834,-12.818,-12.513,-12.055,-9.4607,-8.5452,-5.1881,-3.6622,-2.5941,-2.5941,-3.357,-5.3407,-3.0519,-0,5.9511,12.207,19.532,21.668,22.279,22.431,22.736,21.668,22.279,22.126,22.736,22.736,24.72,25.941,28.84,29.45,32.35,32.35,35.096,39.369,42.879,47.914,54.781,58.443,61.8,63.478,65.462,62.258,61.19,58.596,57.222,54.628,52.797,48.219,45.167,42.268,40.437,37.69,36.622,32.35,31.739,31.739,35.096,34.944,36.012,35.249,33.723,31.434,29.298,27.161,27.314,27.009,28.382,27.314,26.551,23.499,23.652,20.905,19.074,15.87,12.36,9.1556,8.3926,6.7141,4.4252,0.61037,-1.8311,-5.4933,-4.5778,-3.8148,-2.7467,-5.4933,-5.6459,-7.3244,-10.376,-16.022,-22.584,-29.298,-34.333,-39.674,-42.268,-46.846,-49.44,-51.576,-50.966,-50.508,-47.914,-47.914,-48.524,-49.135,-50.508,-50.05,-49.287,-49.898,-48.219,-50.813,-51.118,-51.118,-49.135,-47.456,-45.778,-45.167,-42.268,-39.979,-37.08,-35.401,-31.587,-29.298,-26.399,-25.788,-24.262,-23.041,-20.142,-20.295,-20.447,-19.684,-17.548,-15.107,-9.9185,-5.7985,-1.9837,-1.8311,-1.2207,-4.12,-4.883,-7.1718,-9.3081,-13.581,-16.633,-21.516,-25.178,-29.603,-32.197,-34.791,-37.843,-39.827,-36.622,-35.401,-32.807,-31.892,-30.213,-27.619,-23.957,-20.753,-17.396,-14.344,-10.681,-8.5452,-3.8148,0.76296,6.8667,11.292,16.48,20.447,23.957,27.161,31.281,34.028,37.385,40.132,42.879,42.726,44.252,45.778,50.966,52.492,55.086,55.696,57.833,60.274,61.342,59.816,59.511,59.511,61.037,62.258,64.852,64.241,64.699,63.326,64.089,62.105,61.8,60.274,58.443,57.375,58.29,57.222,57.985,58.596,60.884,61.647,62.258,59.358,57.375,54.476,53.56,53.102,52.797,52.187,51.881,53.407,56.917,59.358,62.716,63.021,65.462,65.92,67.598,68.819,71.108,71.566,74.16,75.686,77.822,75.991,71.413,64.394,59.969,56.001,54.781,49.898,44.404,35.554,27.161,17.396,8.5452,0.30519,-5.9511,-8.6978,-9.1556,-9.9185,-8.8504,-8.8504,-7.0193,-7.0193,-8.24,-12.665,-14.954,-17.243,-19.99,-22.126,-23.652,-27.009,-29.45,-30.519,-29.908,-30.366,-30.061,-27.772,-25.483,-26.551,-27.314,-27.924,-26.551,-28.535,-32.044,-36.012,-36.622,-35.096,-32.502,-30.671,-28.077,-26.093,-23.347,-21.668,-18.311,-17.853,-17.853,-19.532,-19.227,-20.447,-21.516,-21.668,-19.99,-18.616,-19.532,-22.584,-25.483,-27.467,-27.772,-26.399,-22.279,-21.363,-20.447,-23.804,-25.636,-27.924,-27.772,-28.84,-28.687,-27.009,-23.652,-20.295,-16.48,-15.717,-16.022,-14.954,-12.97,-13.886,-11.292,-8.0874,-2.8993,-0.15259,3.0519,3.8148,5.4933,8.8504,16.327,25.33,37.08,43.641,48.219,49.135,53.255,56.612,62.258,66.988,73.855,78.738,88.198,98.27,109.71,117.5,123.45,128.33,132.6,134.89,137.94,137.64,137.33,136.57,137.49,136.57,135.04,133.67,133.06,130.16,126.35,122.23,118.72,114.9,111.55,108.49,107.88,104.53,103,101.02,103,104.83,110.17,113.83,117.8,119.17,118.87,120.4,124.21,128.64,131.69,131.53,133.52,136.11,142.52,148.17,155.64,161.75,164.19,161.75,158.39,153.36,149.39,146.34,142.06,137.49,131.99,125.43,117.34,105.9,95.37,84.689,76.449,67.904,59.358,49.898,43.336,38.301,35.401,33.876,32.807,32.197,30.824,28.993,28.993,28.535,31.587,35.859,40.742,39.521,36.622,31.281,27.161,25.025,26.551,27.772,31.587,34.181,36.47,36.927,37.233,34.333,29.908,22.279,17.701,9.9185,2.2889,-5.3407,-12.207,-16.785,-18.769,-22.584,-27.161,-32.502,-36.47,-42.573,-44.404,-48.524,-53.102,-62.563,-70.956,-81.179,-92.166,-105.14,-118.11,-131.53,-144.2,-155.49,-163.88,-170.6,-172.43,-173.65,-171.36,-171.06,-169.68,-169.23,-166.63,-162.97,-159,-155.03,-150.46,-146.95,-144.2,-142.83,-139.62,-137.94,-131.38,-127.87,-123.29,-117.5,-110.17,-105.9,-101.47,-98.117,-94.607,-93.539,-93.081,-96.286,-98.117,-99.948,-96.438,-93.081,-87.893,-83.926,-78.738,-77.059,-75.381,-72.481,-68.819,-65.31,-61.8,-60.579,-58.29,-55.391,-50.356,-45.93,-41.047,-37.08,-28.535,-21.21,-14.801,-10.224,-5.3407,-2.2889,1.2207,4.4252,8.24,11.444,14.801,15.259,14.801,10.987,6.1037,0.30519,-2.8993,-6.8667,-9.4607,-11.75,-13.733,-16.175,-19.379,-22.126,-22.431,-23.194,-20.6,-19.837,-19.074,-20.905,-20.6,-23.041,-24.873,-26.246,-27.009,-29.603,-29.908,-29.298,-25.483,-20.905,-16.175,-14.191,-9.3081,-5.0356,2.1363,5.6459,9.7659,11.292,14.649,17.701,21.363,24.262,27.161,28.535,29.298,28.382,29.145,27.619,25.941,22.279,19.684,17.396,15.564,12.665,9.3081,6.1037,4.12,2.5941,1.3733,-1.2207,-1.8311,-3.6622,-3.2044,-3.357,-1.5259,-0,2.4415,3.9674,6.2563,7.7822,9.1556,10.834,13.733,14.191,15.259,16.785,21.516,25.483,31.281,34.639,35.249,35.554,35.554,33.113,32.807,30.976,31.892,30.671,28.535,22.736,20.295,15.107,12.207,7.0193,5.0356,1.3733,-2.7467,-8.5452,-12.97,-16.633,-18.006,-19.074,-16.327,-15.259,-13.428,-12.818,-11.444,-14.039,-15.412,-17.853,-19.837,-20.447,-18.311,-15.717,-11.597,-11.139,-10.529,-12.818,-13.123,-13.886,-12.97,-15.107,-14.801,-14.344,-11.902,-10.071,-6.4089,-2.8993,0.61037,1.0681,4.2726,6.4089,11.597,15.107,20.142,22.889,27.772,31.739,36.317,39.216,42.726,44.404,43.947,42.573,41.963,38.453,36.164,30.519,27.009,21.668,18.159,11.75,6.1037,-0.15259,-4.4252,-8.8504,-10.529,-14.039,-16.938,-22.889,-27.009,-32.044,-34.791,-38.759,-40.437,-41.353,-42.421,-42.879,-44.71,-47.914,-51.881,-56.764,-59.511,-63.021,-62.105,-61.495,-60.884,-62.105,-63.478,-64.394,-65.004,-69.582,-73.855,-76.296,-75.228,-73.855,-70.803,-72.329,-73.55,-75.686,-73.855,-74.313,-72.634,-72.939,-73.702,-74.007,-74.618,-79.196,-81.484,-83.163,-83.468,-85.299,-84.231,-84.841,-85.452,-89.419,-93.387,-100.41,-107.12,-111.55,-114.6,-116.89,-117.19,-115.21,-111.7,-109.41,-105.29,-103.76,-101.02,-98.727,-95.828,-94.15,-92.929,-89.572,-87.13,-87.893,-91.25,-95.981,-99.948,-103,-103.61,-104.83,-105.14,-106.51,-104.07,-102.24,-100.25,-99.948,-97.964,-95.981,-94.913,-94.607,-94.76,-93.844,-89.877,-86.062,-82.247,-80.264,-77.822,-79.043,-79.196,-82.705,-85.757,-86.215,-85.604,-86.673,-87.436,-86.978,-84.384,-82.095,-78.738,-76.144,-72.634,-70.803,-67.751,-63.784,-56.001,-48.982,-38.911,-27.161,-17.09,-9.1556,-4.2726,-1.6785,0.91556,0.15259,-2.4415,-5.9511,-4.4252,-1.0681,5.0356,10.834,16.938,21.058,27.772,30.519,28.535,24.262,21.821,21.058,21.973,21.516,22.126,20.753,19.99,18.464,17.701,13.733,12.207,12.36,13.428,14.801,18.006,19.99,24.11,28.687,32.96,35.707,42.421,50.356,58.901,63.173,68.972,71.108,73.55,71.261,65.615,55.238,45.625,36.317,30.824,29.145,39.521,58.901,79.958,89.419,86.673,74.618,61.953,51.729,47.456,49.898,61.953,74.007,86.062,91.25,89.419,82.858,81.027,80.264,84.536,93.692,111.24,124.82,130.47,129.4,122.99,113.68,108.65,106.05,105.44,106.36,106.81,105.44,108.04,109.56,111.39,114.29,124.82,133.06,137.03,134.59,127.57,117.95,109.71,102.39,95.37,87.588,81.942,78.89,79.806,79.196,82.553,81.027,76.907,64.852,50.356,38.453,29.298,19.684,13.886,13.733,21.516,29.908,36.927,37.996,33.418,23.347,11.139,-5.3407,-19.837,-27.467,-30.366,-27.619,-22.126,-16.938,-11.597,-9.1556,-7.3244,-9.4607,-11.902,-18.311,-24.415,-29.603,-29.603,-28.84,-25.025,-22.126,-23.804,-29.45,-39.369,-48.524,-55.544,-62.716,-63.936,-64.241,-60.579,-58.748,-58.596,-60.274,-55.391,-48.83,-39.827,-31.892,-26.246,-24.873,-23.957,-20.295,-16.938,-15.564,-15.412,-19.837,-23.347,-29.908,-37.385,-46.999,-54.17,-59.969,-64.394,-65.615,-61.19,-56.459,-50.508,-46.083,-41.963,-42.421,-41.353,-43.947,-44.71,-44.404,-41.047,-36.47,-33.418,-34.028,-37.385,-43.489,-46.541,-50.203,-50.966,-53.407,-54.323,-56.307,-55.849,-57.833,-59.206,-60.732,-60.274,-57.68,-54.018,-52.034,-52.644,-54.323,-51.271,-50.203,-48.982,-50.813,-51.576,-54.17,-55.696,-56.764,-57.68,-59.816,-60.427,-62.258,-62.716,-60.121,-57.68,-54.781,-50.05,-48.524,-45.93,-43.489,-38.606,-34.791,-30.824,-30.824,-30.213,-28.23,-25.636,-21.668,-18.464,-16.48,-14.496,-14.344,-14.801,-10.834,0.76296,11.292,24.415,34.944,43.336,47.456,51.271,55.086,59.358,63.173,66.073,66.988,65.92,66.073,68.667,68.972,70.04,68.667,68.361,65.31,63.173,63.326,65.92,71.108,77.212,81.179,84.841,88.198,90.03,91.708,93.997,94.455,97.812,98.422,101.47,102.39,102.85,103,104.07,102.54,102.39,102.24,104.07,106.51,110.02,112.31,115.82,116.58,116.43,113.53,112.16,107.43,104.68,101.02,98.727,100.25,106.2,110.78,114.29,117.19,121.01,123.6,125.13,122.68,121.01,118.56,118.87,117.8,120.24,121.01,121.01,120.55,122.99,127.41,131.84,134.59,137.94,141.61,145.57,146.34,149.24,150.91,154.58,155.19,158.7,162.21,165.11,166.33,167.09,166.17,164.65,163.27,163.73,161.44,161.14,160.53,163.12,164.95,169.99,174.11,179.75,183.26,186.01,189.37,192.57,195.17,198.07,197.45,198.37,195.01,193.33,190.13,187.99,184.33,182.65,181.13,181.59,183.11,185.86,187.38,189.21,191.66,194.71,195.47,195.62,193.64,193.49,193.18,195.47,195.32,195.62,193.49,189.83,185.25,184.48,183.26,183.42,182.96,183.87,185.09,186.77,183.87,182.04,177.31,174.41,169.99,170.14,171.51,173.19,172.12,171.97,171.06,172.89,173.96,178.23,179.45,182.5,183.87,186.16,187.23,189.67,189.83,191.5,191.66,193.49,193.49,194.1,193.18,193.33,193.03,193.95,192.27,190.59,188.15,187.69,186.93,187.08,186.93,185.55,182.04,178.23,173.35,169.68,166.63,163.88,160.37,158.09,154.88,153.05,149.54,147.86,143.59,141.61,138.1,134.13,131.99,130.47,126.35,121.62,114.75,109.56,103.46,101.63,102.69,106.36,106.51,107.58,106.81,104.68,102.69,101.93,100.25,97.812,96.591,94.15,90.03,86.825,80.569,74.923,67.751,63.326,59.511,57.07,55.544,55.238,52.492,46.999,38.453,29.145,21.058,14.649,7.477,2.2889,-6.4089,-13.581,-23.194,-30.671,-40.132,-48.067,-54.323,-57.985,-59.206,-59.053,-58.29,-56.459,-58.596,-61.19,-67.141,-72.787,-78.89,-81.332,-82.095,-79.501,-76.754,-72.939,-70.193,-66.073,-61.953,-55.544,-51.576,-50.356,-55.544,-58.748,-64.241,-67.446,-71.566,-75.533,-84.078,-91.556,-97.812,-101.93,-105.59,-110.17,-115.36,-117.34,-118.11,-115.82,-114.9,-113.38,-115.36,-115.97,-118.56,-120.55,-123.75,-124.21,-124.97,-123.91,-121.46,-118.41,-115.05,-111.39,-109.26,-108.04,-109.71,-111.7,-112.31,-110.63,-112.16,-112.92,-111.85,-107.43,-102.39,-96.744,-92.318,-88.809,-86.215,-83.316,-81.637,-81.484,-82.858,-82.095,-81.79,-79.348,-78.28,-74.007,-71.108,-69.887,-71.108,-72.481,-73.244,-72.176,-70.345,-66.683,-63.173,-56.612,-52.644,-47.304,-45.625,-39.827,-37.233,-35.859,-38.301,-40.895,-43.489,-42.116,-41.2,-39.064,-38.606,-37.538,-37.69,-34.639,-35.401,-33.265,-30.976,-27.161,-27.009,-28.382,-30.366,-32.044,-36.164,-39.369,-41.963,-42.421,-43.184,-40.284,-39.216,-35.859,-34.486,-30.366,-29.298,-29.603,-30.671,-30.519,-32.96,-35.401,-40.284,-42.726,-44.71,-44.71,-45.93,-45.167,-46.693,-45.32,-45.93,-45.625,-48.219,-50.356,-52.644,-53.407,-56.001,-58.29,-59.816,-59.969,-62.258,-62.716,-65.615,-67.904,-71.566,-73.092,-74.618,-75.533,-77.059,-79.043,-81.179,-81.027,-79.653,-79.958,-80.569,-79.501,-79.653,-79.348,-80.416,-79.501,-78.433,-75.991,-72.939,-69.582,-66.988,-64.394,-63.021,-61.19,-61.495,-59.053,-55.849,-51.424,-48.067,-43.336,-38.453,-34.181,-31.587,-29.603,-28.993,-26.246,-24.415,-22.126,-21.363,-19.532,-19.532,-19.074,-18.006,-16.785,-14.039,-9.6133,-6.8667,-1.8311,-0.15259,4.2726,7.6296,12.97,15.87,17.701,18.006,19.379,20.6,22.584,22.431,22.431,22.431,23.652,21.668,20.295,20.447,21.668,20.753,20.905,21.973,22.431,22.431,21.973,20.6,18.769,17.09,16.938,14.649,13.123,10.834,9.6133,8.3926,9.1556,9.6133,9.6133,9.6133,9.3081,8.8504,9.003,9.3081,11.597,12.055,14.954,15.107,17.701,16.327,15.717,16.633,19.837,23.041,25.178,27.772,32.044,37.233,40.437,43.489,46.846,48.372,51.271,53.255,56.917,59.664,61.495,61.953,63.478,65.157,66.988,68.667,68.972,70.65,73.244,72.939,72.024,68.667,66.836,63.173,61.953,59.206,57.833,54.933,50.661,45.167,39.064,32.96,28.84,25.025,21.821,16.938,14.649,10.224,6.7141,2.8993,-1.0681,-7.6296,-12.207,-14.954,-16.175,-16.785,-16.785,-16.938,-14.496,-12.818,-12.665,-11.902,-7.477,-3.5096,0.30519,2.1363,4.12,4.5778,5.6459,5.4933,6.2563,6.1037,8.24,9.1556,11.75,13.276,16.938,19.074,24.262,28.687,32.96,35.554,35.859,34.944,34.639,32.502,32.197,30.519,31.281,28.382,25.025,20.6,18.006,16.175,15.259,14.496,15.717,16.938,18.616,20.142,24.11,25.33,29.298,31.739,34.791,36.012,39.674,43.184,48.372,51.576,53.56,55.086,55.086,50.508,46.999,42.421,39.827,35.554,32.96,29.756,27.314,23.652,20.905,19.684,19.227,18.311,16.938,15.107,16.327,15.107,14.191,12.665,13.886,11.292,8.0874,6.1037,5.6459,3.8148,5.1881,7.3244,12.818,17.853,22.584,25.788,30.061,31.739,36.164,38.759,41.81,44.404,47.609,50.203,53.865,54.933,58.596,61.8,66.073,66.836,69.582,70.193,71.871,74.618,77.517,78.433,81.332,84.994,90.182,93.844,100.41,105.29,109.1,111.39,116.12,121.01,126.96,131.53,136.27,140.54,144.51,146.34,147.4,149.39,153.05,153.97,155.64,157.17,159.31,158.7,157.78,156.1,155.8,155.64,154.12,152.29,151.22,149.54,149.39,147.56,145.73,142.52,140.08,134.74,127.41,120.4,113.53,106.66,97.964,87.741,80.264,72.787,66.378,59.053,53.713,44.404,33.723,20.905,11.139,1.5259,-8.24,-18.769,-27.619,-37.69,-47.151,-56.612,-65.31,-74.923,-83.01,-93.081,-100.86,-107.88,-113.83,-122.53,-130.01,-139.01,-149.54,-161.6,-175.63,-191.2,-204.47,-217.29,-225.68,-236.06,-242.01,-248.73,-252.54,-256.51,-257.58,-259.25,-261.39,-262.92,-263.07,-262.76,-263.07,-264.9,-266.43,-270.55,-272.07,-274.97,-276.04,-278.18,-279.24,-281.69,-281.84,-283.06,-286.42,-290.69,-293.28,-296.95,-299.08,-302.59,-303.81,-308.39,-312.51,-316.63,-320.14,-323.95,-326.85,-328.99,-330.21,-333.57,-336.16,-338.76,-338.3,-337.53,-334.79,-331.28,-327.46,-323.19,-320.9,-320.14,-317.24,-314.65,-310.22,-307.47,-304.12,-301.83,-296.95,-292.98,-288.09,-284.59,-281.99,-280.01,-274.97,-270.39,-265.21,-261.09,-256.51,-254.37,-251.78,-252.08,-250.25,-247.96,-243.69,-239.72,-236.37,-233.77,-229.19,-227.21,-223.85,-222.02,-217.29,-214.09,-207.98,-202.34,-197,-193.03,-187.69,-182.35,-175.94,-173.19,-170.29,-168.31,-166.17,-165.11,-163.88,-163.27,-163.73,-166.02,-166.48,-168.16,-168.77,-169.99,-169.68,-171.06,-171.51,-171.51,-170.6,-171.06,-168.92,-167.7,-169.07,-170.75,-170.29,-168.77,-165.72,-161.6,-156.41,-154.27,-150.91,-148.47,-144.2,-142.52,-136.88,-130.92,-125.58,-120.55,-115.82,-112.31,-110.93,-110.17,-110.17,-109.87,-107.27,-105.75,-104.98,-106.36,-106.97,-107.88,-107.43,-107.73,-108.8,-110.32,-111.24,-113.38,-116.43,-119.02,-119.79,-120.7,-120.09,-120.55,-119.48,-119.48,-118.11,-117.65,-115.51,-114.14,-114.6,-117.19,-118.56,-119.63,-121.16,-123.29,-123.91,-125.28,-126.5,-128.48,-130.31,-133.52,-135.81,-138.4,-137.03,-135.65,-133.82,-131.84,-128.79,-124.21,-117.5,-113.22,-108.8,-108.34,-105.44,-103.76,-102.24,-99.49,-95.828,-94.455,-94.455,-94.455,-94.76,-95.37,-96.133,-97.507,-95.523,-94.455,-93.539,-96.438,-97.201,-98.117,-95.981,-94.302,-94.455,-95.218,-93.844,-91.861,-87.436,-83.773,-79.806,-78.738,-77.364,-76.449,-73.397,-71.108,-68.056,-66.073,-64.241,-61.647,-55.696,-50.661,-44.557,-41.047,-38.606,-39.369,-40.132,-41.2,-39.674,-37.385,-34.486,-33.113,-32.044,-31.739,-29.603,-29.756,-26.704,-24.567,-19.837,-16.327,-14.801,-15.107,-14.801,-15.717,-18.159,-20.142,-18.464,-15.564,-11.444,-10.224,-9.003,-9.4607,-8.6978,-10.681,-11.444,-12.97,-11.292,-6.4089,-1.5259,3.0519,11.902,19.684,29.145,39.369,52.339,62.258,72.787,81.179,87.741,90.793,95.218,98.422,99.643,99.033,96.896,95.981,99.185,99.948,101.63,99.185,97.354,93.539,94.913,97.964,101.32,100.71,103.76,106.97,112.92,118.26,125.58,132.91,140.39,147.25,153.05,154.12,155.34,155.19,155.03,154.73,154.12,150.91,146.18,140.23,135.04,128.33,121.46,114.14,108.34,100.71,95.981,91.708,88.046,86.062,86.673,88.961,90.487,91.403,95.065,98.27,102.69,105.59,110.02,114.9,120.7,124.36,128.64,134.28,140.39,145.42,149.08,151.07,154.58,159.76,166.48,171.51,179.3,184.94,192.72,196.54,199.44,197.45,194.56,188.91,184.03,177.62,171.21,162.97,158.7,156.25,158.7,158.09,159.15,160.53,165.26,169.07,172.73,174.41,173.5,172.58,174.11,172.73,171.82,169.68,168.46,164.65,161.29,155.95,151.52,146.34,141.91,135.35,128.33,120.4,115.05,109.41,108.95,108.49,111.85,112.16,112,108.34,104.53,99.185,94.913,91.25,90.487,88.198,88.809,88.351,90.487,92.776,93.844,91.861,91.098,88.351,85.452,84.078,83.316,81.484,79.043,75.533,69.735,63.326,57.375,51.271,43.947,33.723,23.652,11.292,1.0681,-9.003,-16.48,-25.025,-32.502,-43.031,-54.17,-66.225,-73.855,-78.433,-80.416,-83.163,-83.163,-85.757,-87.893,-90.487,-94.455,-97.812,-98.575,-98.575,-98.117,-99.185,-97.812,-96.438,-92.929,-89.419,-82.858,-75.076,-64.547,-56.001,-46.999,-40.284,-31.281,-21.516,-10.224,0.15259,10.987,20.295,31.434,39.979,50.813,60.579,72.329,83.926,95.981,107.27,119.48,131.08,140.69,147.56,154.88,160.68,166.94,172.28,176.4,178.69,180.82,181.28,181.74,184.48,187.99,192.11,197,199.13,201.88,202.34,202.03,200.96,198.83,197.15,196.84,195.78,196.23,196.08,196.69,194.25,192.27,191.5,190.59,190.28,189.67,186.16,183.26,177.31,171.67,164.95,159.92,153.97,148.17,141.76,138.4,134.43,132.6,129.09,124.36,117.95,110.78,99.948,91.708,84.841,79.653,75.381,70.803,63.784,56.612,46.999,40.284,31.587,24.415,15.717,8.8504,1.3733,-4.2726,-9.1556,-14.801,-21.516,-26.246,-33.418,-37.538,-41.2,-42.573,-42.573,-42.726,-44.099,-45.473,-46.693,-45.93,-46.541,-44.404,-43.031,-40.59,-40.895,-41.047,-42.268,-44.404,-47.456,-49.745,-53.407,-57.375,-63.478,-66.225,-68.514,-68.209,-69.887,-71.718,-73.092,-73.55,-73.855,-72.634,-72.329,-70.803,-72.481,-71.566,-72.024,-71.413,-71.413,-70.956,-71.871,-71.261,-69.887,-65.767,-62.41,-54.933,-49.898,-43.641,-38.759,-33.265,-29.756,-27.619,-24.873,-21.973,-21.21,-19.074,-16.785,-12.207,-8.0874,-5.3407,-4.2726,-4.5778,-4.5778,-5.0356,-5.9511,-8.5452,-11.75,-14.801,-19.684,-23.957,-28.687,-32.044,-35.554,-40.284,-46.236,-52.187,-57.375,-60.427,-63.326,-63.784,-65.767,-66.378,-65.767,-63.631,-63.478,-60.884,-57.833,-55.696,-55.391,-55.696,-57.985,-60.121,-61.953,-59.664,-57.68,-54.781,-54.018,-50.966,-50.356,-49.287,-50.203,-51.118,-52.95,-53.255,-52.492,-48.982,-46.388,-41.963,-38.911,-34.944,-33.418,-30.671,-29.45,-27.467,-27.619,-27.772,-27.924,-27.619,-27.772,-26.399,-26.551,-24.873,-24.72,-22.126,-22.736,-22.736,-25.483,-27.619,-29.45,-31.587,-34.791,-36.164,-37.996,-39.674,-40.437,-40.742,-40.437,-38.453,-38.148,-36.012,-37.08,-36.317,-37.385,-36.47,-38.148,-36.012,-31.281,-26.704,-24.262,-23.041,-25.33,-25.636,-26.704,-25.788,-26.704,-26.399,-29.45,-30.824,-34.639,-37.996,-41.81,-44.557,-45.167,-43.184,-42.573,-42.421,-42.573,-41.353,-39.521,-34.333,-31.281,-25.025,-18.311,-9.4607,-3.6622,2.1363,6.1037,8.24,12.207,17.853,23.347,27.619,31.739,36.012,38.759,40.742,38.453,39.521,40.59,44.404,46.999,52.492,57.833,64.852,68.209,67.751,65.31,66.073,68.514,71.718,73.244,76.144,77.67,80.416,81.637,85.757,89.877,93.997,95.981,97.964,98.575,97.964,97.201,95.218,95.065,95.218,93.844,90.793,85.452,80.721,77.67,77.212,74.618,72.787,70.04,68.972,68.361,66.988,64.089,60.274,57.222,57.07,58.596,62.258,65.157,70.193,72.787,74.007,71.718,67.293,63.326,61.647,60.579,61.19,62.258,63.326,60.121,57.68,54.323,53.255,51.271,48.982,43.031,35.859,29.603,22.431,14.191,5.1881,-4.2726,-10.224,-12.665,-11.139,-7.1718,-0.76296,1.2207,3.2044,5.6459,10.529,18.616,28.84,35.707,41.505,48.524,55.849,61.342,67.141,71.261,74.618,74.16,74.313,71.718,69.277,66.225,63.173,58.901,55.696,53.407,52.034,47.761,44.862,39.369,36.47,34.791,34.944,35.554,37.69,40.742,43.336,42.726,42.116,39.216,35.707,29.908,29.298,28.687,31.281,30.671,30.519,28.535,24.262,21.058,18.311,16.175,14.801,14.649,16.022,14.649,16.022,16.633,19.99,21.821,23.041,20.447,18.006,14.649,12.513,13.581,16.327,18.311,23.347,26.399,31.892,34.028,37.233,38.759,41.047,41.505,40.59,40.284,41.505,39.674,38.911,37.08,38.453,39.064,43.336,46.846,50.203,51.424,53.407,54.781,56.459,57.985,57.833,54.018,51.424,48.83,46.388,40.437,34.944,30.213,22.431,14.954,6.8667,-2.2889,-10.376,-18.464,-21.516,-25.178,-28.84,-35.859,-41.963,-47.609,-53.255,-59.969,-62.868,-62.716,-62.716,-64.089,-63.631,-65.31,-66.225,-67.141,-65.157,-63.784,-59.664,-54.17,-49.44,-43.184,-37.08,-33.876,-31.281,-30.976,-30.366,-31.434,-31.281,-31.434,-29.603,-27.009,-22.279,-16.022,-9.7659,-5.4933,-3.2044,0.61037,3.8148,5.9511,9.7659,11.75,16.938,24.567,32.655,39.827,48.83,58.29,66.988,73.55,80.721,87.283,95.218,101.93,110.78,118.87,128.03,134.59,141.76,148.63,155.64,161.75,167.09,171.21,174.57,176.4,178.23,178.23,180.67,181.59,182.96,185.09,187.38,188.15,187.54,186.47,184.64,180.67,177.47,173.5,169.84,164.95,160.37,154.42,149.39,144.05,138.1,131.99,125.74,116.58,110.02,102.69,97.507,93.234,90.64,86.062,82.247,78.28,74.16,70.345,66.53,60.732,56.001,49.745,45.015,39.216,35.096,29.756,25.33,19.074,14.344,9.7659,6.2563,2.1363,0.30519,-3.357,-7.9348,-15.412,-21.21,-29.45,-36.622,-44.557,-49.135,-55.849,-60.579,-66.988,-71.718,-77.059,-83.773,-90.64,-96.286,-102.54,-106.81,-112.92,-118.72,-125.13,-128.48,-133.21,-136.42,-140.69,-143.59,-148.78,-151.98,-154.73,-157.17,-159.61,-163.12,-166.48,-169.84,-172.73,-174.87,-177.31,-178.08,-181.59,-185.09,-189.67,-192.88,-196.84,-201.27,-206,-210.27,-213.78,-217.75,-222.02,-225.99,-228.74,-230.87,-232.4,-231.79,-231.64,-229.8,-229.65,-228.74,-229.19,-229.04,-228.58,-228.58,-228.58,-228.28,-227.67,-226.14,-224.16,-221.87,-221.56,-218.51,-214.7,-209.66,-205.54,-200.81,-197.45,-194.86,-192.42,-190.28,-186.62,-184.03,-182.04,-180.06,-178.38,-177.62,-179.45,-180.06,-180.97,-178.69,-177.92,-175.79,-175.63,-176.24,-177.92,-181.59,-184.33,-187.23,-189.83,-191.66,-193.18,-193.95,-195.01,-194.25,-195.78,-197.61,-198.68,-197.15,-198.52,-198.98,-199.13,-198.52,-197.61,-195.78,-192.88,-189.98,-186.93,-184.79,-184.48,-184.03,-184.03,-183.26,-183.57,-184.18,-184.79,-185.71,-187.84,-189.37,-189.98,-190.89,-191.66,-192.11,-192.11,-190.44,-189.37,-186.77,-186.16,-184.33,-184.94,-184.48,-184.48,-185.25,-184.79,-182.96,-179.3,-174.72,-169.68,-165.56,-164.8,-162.05,-159.15,-153.05,-146.03,-137.64,-130.31,-124.52,-118.41,-113.38,-107.88,-103.46,-99.185,-95.828,-91.556,-86.978,-82.4,-76.449,-71.871,-65.31,-59.053,-51.881,-45.015,-39.216,-34.333,-29.145,-23.499,-17.853,-12.055,-5.6459,-1.9837,1.3733,5.0356,10.071,13.123,17.09,20.142,25.025,30.671,37.233,43.184,50.05,56.154,62.41,66.988,73.092,78.738,86.367,91.861,98.727,103.31,108.95,113.53,117.8,121.31,124.97,129.4,133.52,136.88,140.54,141.61,145.27,146.64,149.85,152.59,156.25,158.85,162.21,164.65,168.16,171.97,177.77,180.67,184.79,185.86,189.21,190.44,192.88,194.25,196.23,198.83,201.57,203.41,204.78,206,207.98,206.92,209.36,212.1,216.07,218.51,221.11,222.33,224.62,225.84,226.91,225.07,223.4,220.19,219.58,218.21,218.36,215.46,216.22,214.55,213.02,211.49,211.34,209.05,206.61,202.03,195.17,190.59,187.99,185.25,184.79,180.82,177.01,171.06,166.63,163.43,162.51,159,154.73,151.52,151.22,151.52,150.3,148.63,148.01,147.25,147.4,145.12,144.51,141.91,140.69,136.57,135.04,133.37,132.91,133.21,134.74,132.91,131.23,128.79,128.18,124.97,122.23,115.82,108.65,100.41,94.913,90.945,86.367,83.468,82.858,80.721,77.517,71.413,68.209,66.988,68.209,66.378,64.394,59.816,59.053,58.138,56.001,53.865,54.323,54.018,52.034,45.625,44.404,45.778,49.287,55.544,61.495,63.326,62.258,57.375,49.593,39.521,29.756,18.311,7.1718,-4.12,-13.581,-21.668,-27.161,-32.35,-38.606,-44.557,-47.761,-50.661,-52.187,-56.001,-57.985,-60.579,-64.699,-69.43,-73.55,-78.433,-81.79,-85.147,-86.673,-91.25,-95.676,-95.523,-93.539,-92.318,-88.504,-87.283,-80.416,-74.16,-70.498,-69.887,-64.547,-57.985,-47.456,-35.707,-23.347,-16.175,-11.902,-9.003,-0,10.834,23.804,36.164,47.914,54.628,63.631,73.092,83.163,92.776,100.86,106.97,111.85,114.9,120.24,119.79,115.05,107.58,103.61,99.033,95.828,89.419,83.621,81.79,81.79,80.874,77.364,70.345,64.089,54.781,48.677,39.521,30.824,24.11,22.889,25.788,32.35,38.759,46.388,53.713,58.443,56.917,53.255,48.524,46.541,41.658,40.895,41.047,43.489,42.421,41.047,36.317,32.044,27.924,26.093,23.194,21.516,20.753,21.821,21.973,22.431,19.379,19.074,14.344,6.1037,-8.0874,-18.464,-28.382,-35.859,-41.505,-45.167,-49.135,-51.576,-50.05,-44.404,-41.505,-40.742,-42.573,-41.81,-42.573,-46.846,-52.339,-57.375,-62.868,-67.904,-76.144,-86.978,-98.117,-104.37,-108.49,-111.24,-115.51,-121.77,-128.64,-135.35,-145.12,-153.51,-160.99,-165.87,-170.45,-173.96,-176.55,-177.92,-183.11,-186.62,-190.74,-190.59,-190.13,-187.99,-185.86,-181.89,-179.75,-178.23,-177.77,-175.63,-177.47,-176.7,-178.08,-179.75,-180.82,-181.43,-182.04,-181.43,-180.21,-176.85,-173.65,-169.99,-167.85,-163.73,-159.61,-155.95,-155.03,-155.49,-157.78,-157.17,-158.7,-156.56,-155.19,-150.46,-147.1,-142.98,-139.62,-135.65,-132.15,-128.64,-127.57,-125.74,-126.8,-124.97,-123.45,-119.79,-117.65,-114.44,-113.83,-112.31,-110.63,-110.63,-112.16,-112.46,-114.29,-112.92,-111.7,-110.32,-110.02,-109.1,-108.49,-107.43,-105.75,-101.78,-97.812,-94.607,-93.081,-89.572,-89.267,-86.367,-82.705,-76.449,-71.261,-64.089,-57.07,-49.44,-42.116,-34.333,-27.009,-18.616,-13.428,-5.6459,0.91556,7.0193,11.444,18.159,24.415,29.908,34.639,40.742,46.693,54.933,63.173,71.108,77.822,86.215,91.861,95.523,99.49,101.17,101.32,101.78,102.85,103,102.69,104.68,106.36,110.02,113.83,118.56,122.53,127.57,131.38,134.89,135.5,137.18,137.18,139.47,140.84,143.89,143.89,145.42,145.73,148.47,150.3,152.75,152.9,151.83,150.76,152.9,153.05,154.88,154.73,155.03,154.27,153.81,153.2,153.05,152.13,151.98,150.76,150,147.4,146.49,143.59,139.62,132.15,126.5,121.31,116.12,111.85,109.26,106.36,105.44,102.85,103.31,101.47,100.86,98.422,97.659,96.286,97.964,99.185,98.575,97.812,97.049,94.302,95.065,96.896,100.71,100.86,101.78,101.17,101.93,103.31,105.59,105.59,103.31,97.049,94.15,91.556,90.335,87.741,85.604,81.484,76.907,72.939,71.566,71.566,71.566,71.108,72.787,74.618,78.738,80.569,80.416,75.991,71.261,68.361,68.514,68.056,69.277,71.871,77.364,81.942,88.504,92.929,96.896,97.354,97.354,99.033,102.54,106.81,107.73,107.43,105.9,103,104.22,104.07,105.59,105.29,106.2,105.44,101.63,95.523,88.656,80.416,72.939,65.615,64.547,64.089,66.225,69.735,73.855,76.144,77.517,77.212,76.296,75.838,79.501,83.316,87.741,91.25,96.896,98.575,97.812,94.455,92.776,92.471,91.556,88.961,88.961,87.893,88.961,90.182,93.081,94.15,95.523,95.676,93.234,89.114,89.114,91.861,92.776,91.708,90.793,88.656,88.046,85.757,84.384,81.942,79.806,76.296,76.144,78.433,81.637,84.689,88.656,91.25,97.507,103,110.78,117.19,125.13,131.23,134.74,134.74,132.45,132.91,136.27,139.32,143.44,145.57,147.25,145.42,144.2,141.61,141.76,142.67,143.44,145.27,149.08,150.15,148.47,144.81,142.98,140.08,140.54,140.39,140.23,141.76,144.35,145.42,149.08,154.27,155.49,151.52,145.73,141.3,139.77,134.74,128.18,121.01,115.36,103.15,92.471,86.52,83.621,81.332,80.721,79.958,79.653,77.67,76.296,70.498,63.936,56.001,51.271,47.304,46.236,44.71,41.2,37.385,33.113,27.924,26.093,20.905,15.412,9.4607,6.5615,3.0519,1.0681,0.30519,-1.3733,-1.9837,-1.3733,-2.2889,-4.12,-9.7659,-16.022,-26.246,-35.249,-43.184,-48.677,-53.102,-53.102,-49.898,-43.641,-36.927,-33.265,-32.807,-28.993,-25.483,-20.753,-20.295,-22.279,-25.025,-27.924,-29.298,-27.619,-22.279,-15.87,-10.071,-4.5778,-3.357,0.91556,1.9837,2.4415,0.45778,-2.4415,-8.3926,-13.581,-17.09,-17.243,-18.159,-19.227,-22.584,-28.382,-36.622,-43.031,-49.287,-54.933,-60.427,-65.004,-69.887,-72.329,-75.838,-74.313,-73.092,-70.65,-68.514,-66.53,-64.394,-61.647,-58.596,-56.917,-55.391,-52.187,-53.255,-53.713,-55.544,-57.07,-59.664,-64.394,-71.261,-77.364,-82.4,-85.91,-89.877,-91.708,-99.338,-106.36,-113.53,-117.04,-121.31,-124.67,-129.25,-132.15,-135.96,-137.33,-140.84,-141.76,-142.67,-141.91,-141,-138.1,-137.64,-134.59,-130.92,-127.57,-124.36,-122.38,-121.01,-120.24,-121.62,-121.46,-123.6,-122.84,-122.07,-120.09,-118.41,-116.28,-113.38,-111.55,-111.7,-112.46,-113.99,-116.43,-119.02,-119.94,-123.45,-125.43,-126.96,-127.72,-127.26,-127.72,-127.57,-128.18,-128.94,-129.4,-132.6,-137.94,-146.03,-151.22,-155.34,-155.8,-153.51,-149.24,-143.44,-136.11,-128.64,-121.16,-114.29,-106.97,-103.76,-100.56,-95.676,-87.588,-81.332,-76.907,-72.024,-65.615,-57.985,-50.203,-43.794,-36.317,-33.57,-29.603,-27.924,-24.72,-24.72,-25.025,-26.246,-25.788,-25.33,-25.33,-28.84,-33.113,-37.08,-36.775,-36.164,-32.35,-29.756,-24.873,-20.142,-14.344,-10.834,-8.24,-5.9511,-3.9674,-2.1363,3.6622,5.3407,9.9185,14.496,20.6,23.499,25.33,26.704,26.551,22.889,21.21,19.684,18.921,15.717,11.75,6.1037,3.0519,-0.30519,-2.5941,-7.0193,-10.224,-13.276,-16.785,-20.142,-24.72,-29.45,-32.502,-33.265,-30.671,-28.077,-27.009,-26.093,-21.973,-18.464,-13.733,-11.444,-8.0874,-4.7304,-2.7467,-4.12,-7.3244,-11.139,-13.581,-13.276,-13.276,-13.428,-13.581,-14.344,-12.36,-10.224,-7.3244,-6.8667,-6.1037,-6.2563,-5.7985,-6.2563,-7.3244,-9.7659,-11.75,-14.954,-17.701,-19.379,-18.769,-20.6,-21.668,-25.788,-30.061,-33.876,-34.791,-34.791,-34.486,-33.876,-33.113,-31.281,-28.687,-26.399,-23.347,-21.21,-19.074,-18.464,-16.938,-16.785,-16.785,-17.548,-16.48,-14.649,-12.207,-9.7659,-9.9185,-11.75,-15.412,-19.227,-21.516,-24.72,-24.873,-24.567,-22.736,-23.194,-23.347,-24.415,-24.262,-24.415,-24.415,-24.11,-24.262,-24.873,-23.652,-21.21,-19.684,-20.905,-21.821,-23.652,-23.804,-24.415,-24.262,-23.041,-21.516,-19.684,-17.701,-16.175,-15.717,-15.87,-16.633,-19.074,-20.142,-21.058,-21.363,-22.736,-22.584,-21.516,-18.159,-14.801,-10.071,-5.0356,-0.30519,4.2726,9.9185,12.97,14.496,13.886,15.412,15.717,15.717,15.564,16.022,16.175,14.954,14.344,16.48,19.532,22.584,22.584,22.431,20.295,19.99,18.464,20.447,21.821,25.178,27.772,30.061,32.044,33.57,33.418,32.502,29.145,30.519,31.892,36.164,38.453,42.421,43.031,41.658,39.369,38.759,38.606,38.606,36.622,34.486,30.519,28.535,27.772,28.535,27.467,28.535,31.129,34.333,36.012,37.08,37.233,37.843,39.369,39.521,39.979,41.047,40.59,41.2,41.505,43.031,43.336,43.641,43.031,43.947,47.914,53.255,58.596,64.547,69.124,71.413,75.381,82.247,87.436,90.945,92.318,94.302,95.37,97.812,98.727,100.56,99.948,100.25,101.63,104.98,107.27,109.1,110.17,110.02,108.8,107.58,105.14,104.98,101.02,97.049,90.945,85.299,77.059,70.65,64.394,58.596,53.102,49.287,45.778,47.151,47.304,48.524,47.609,47.914,46.083,45.778,42.573,38.606,33.418,30.213,28.84,28.077,27.009,25.178,22.736,19.837,17.548,18.769,21.516,25.483,25.941,26.551,25.636,25.025,26.856,29.45,32.044,34.028,36.164,37.69,37.996,39.369,38.606,41.353,45.015,51.118,55.391,58.29,57.527,56.764,56.001,54.933,52.034,49.898,48.372,48.83,47.151,45.625,42.573,41.963,38.911,36.622,32.35,29.45,24.873,22.431,20.6,17.548,13.581,9.1556,5.6459,4.4252,3.0519,2.7467,1.0681,-1.2207,-3.5096,-2.5941,-3.2044,-3.357,-3.357,-3.9674,-4.2726,-4.883,-4.4252,-3.5096,-3.2044,-4.4252,-6.7141,-6.8667,-5.7985,-3.2044,-0.91556,2.2889,4.5778,6.7141,7.477,9.1556,10.681,10.529,7.6296,4.4252,0.61037,-0.91556,-2.5941,-3.2044,-4.7304,-4.2726,-3.8148,-0.91556,1.8311,4.883,7.477,6.8667,5.3407,4.12,2.5941,1.8311,-0.76296,-2.2889,-5.7985,-8.0874,-9.7659,-7.9348,-7.477,-8.0874,-9.003,-10.834,-13.276,-16.633,-20.447,-22.431,-22.889,-21.363,-22.279,-22.279,-23.347,-23.194,-23.957,-23.499,-23.804,-23.041,-22.889,-22.279,-24.262,-28.23,-34.944,-42.879,-49.898,-56.154,-63.021,-67.904,-72.329,-77.059,-80.874,-82.705,-82.705,-81.484,-82.553,-84.078,-84.841,-80.416,-74.618,-68.514,-65.462,-63.936,-63.021,-58.901,-54.323,-49.135,-43.031,-34.333,-24.567,-12.513,-2.4415,7.9348,11.444,16.022,24.11,33.876,39.521,43.031,48.83,55.544,60.121,68.361,74.465,81.942,85.604,89.724,92.166,93.387,93.692,92.776,95.065,99.948,102.39,102.85,102.69,104.68,104.22,104.37,105.14,104.68,104.37,102.08,94.455,85.147,77.364,73.244,66.683,63.631,61.342,63.784,69.582,77.67,85.91,92.166,93.692,92.318,89.419,86.673,84.689,85.757,84.841,87.13,84.689,81.027,74.618,68.514,61.495,54.933,46.236,37.08,28.077,20.295,10.071,2.4415,-6.5615,-15.564,-26.551,-34.028,-44.71,-54.17,-63.631,-71.718,-79.348,-84.841,-90.64,-96.591,-105.9,-115.21,-126.35,-137.94,-152.29,-165.11,-177.92,-188.3,-198.22,-205.85,-213.63,-220.19,-230.87,-240.79,-251.93,-260.63,-269.78,-274.67,-280.92,-285.35,-290.99,-298.17,-307.93,-318,-328.99,-339.82,-349.28,-354.32,-357.68,-359.05,-359.97,-358.44,-357.83,-359.81,-364.7,-370.49,-377.36,-383.77,-390.48,-394.15,-398.42,-401.17,-403.45,-396.44,-387.59,-380.11,-376.6,-374.77,-374.92,-374.16,-370.34,-359.97,-349.13,-337.99,-329.91,-323.34,-320.29,-318.92,-318.61,-318,-318.77,-318.77,-318.61,-314.95,-311.14,-305.8,-301.83,-297.71,-297.1,-296.95,-296.33,-294.81,-293.13,-290.23,-286.87,-283.97,-281.08,-276.19,-273.45,-269.02,-265.05,-258.95,-254.37,-248.73,-242.16,-234.38,-227.06,-219.28,-212.56,-205.24,-200.35,-193.64,-186.77,-176.7,-167.24,-156.87,-148.93,-141.45,-135.96,-130.01,-125.13,-120.09,-114.29,-108.04,-104.07,-99.033,-96.133,-90.64,-86.367,-80.721,-75.076,-67.904,-60.884,-53.713,-46.999,-40.59,-35.401,-30.366,-24.415,-19.074,-15.87,-10.376,-4.4252,2.7467,9.3081,18.464,25.941,34.181,41.047,48.067,54.781,63.631,71.413,82.858,90.945,100.41,108.49,117.19,125.43,133.98,141.76,148.63,154.88,160.83,167.55,174.57,180.82,188.76,194.71,201.73,207.37,215,220.65,226.6,232.09,237.89,242.32,247.51,251.63,256.81,261.39,268.26,272.53,276.8,278.94,282.75,285.65,291.15,295.42,299.23,301.98,304.73,307.17,309,310.53,311.9,311.14,311.9,310.83,310.98,310.53,312.66,312.2,312.36,311.9,310.07,309,308.39,308.39,308.69,309.31,311.44,311.14,312.51,312.66,314.34,313.43,312.81,312.97,314.34,315.41,315.71,315.1,314.49,314.04,313.12,312.81,314.65,314.65,316.78,318.61,323.04,325.94,328.53,330.52,332.8,335.55,337.84,338.76,338.15,338.15,339.52,338.45,338.76,337.08,337.38,336.62,336.16,333.41,330.82,327.77,325.63,323.5,321.51,319.38,316.32,312.97,311.9,308.69,306.86,303.2,301.83,298.62,295.42,291.76,289.77,287.94,285.5,283.67,281.99,279.24,276.96,273.29,269.94,265.21,261.85,258.19,255.44,250.4,244.61,238.5,234.84,231.03,226.14,220.5,216.22,213.48,213.17,212.41,212.87,211.04,209.97,207.37,204.17,200.51,197.76,195.01,191.05,186.93,183.26,179.45,177.16,173.65,171.36,167.09,163.12,157.78,153.66,150.91,148.93,145.73,143.13,140.08,137.79,135.04,133.67,131.53,129.7,124.21,119.02,115.51,114.75,114.44,113.83,110.93,107.73,104.68,104.83,104.83,105.29,104.98,107.58,109.87,113.22,117.5,121.62,124.36,123.75,125.28,128.94,133.37,138.4,139.93,140.39,138.71,138.25,137.64,137.79,136.11,131.84,124.82,116.43,107.88,99.948,92.624,85.299,77.67,70.956,61.953,57.07,50.05,42.726,35.401,30.061,25.483,18.311,8.8504,-0.30519,-8.24,-14.801,-19.99,-19.074,-17.548,-14.801,-14.801,-13.276,-13.428,-12.513,-13.886,-10.987,-5.0356,1.8311,6.8667,12.97,19.074,23.957,28.535,35.554,42.879,49.898,54.17,61.037,64.852,66.378,61.953,53.102,45.167,38.301,31.739,22.279,10.681,0.61037,-11.597,-24.11,-37.385,-48.372,-59.816,-70.345,-79.958,-90.335,-101.02,-111.7,-119.17,-122.07,-126.35,-128.64,-133.98,-140.84,-148.63,-150.3,-151.37,-152.59,-155.95,-160.22,-167.39,-175.18,-185.09,-192.72,-199.44,-200.05,-199.74,-199.44,-204.17,-208.75,-214.85,-222.79,-233.47,-243.69,-253.91,-264.6,-274.51,-280.16,-286.26,-289.47,-292.06,-292.52,-294.96,-296.18,-294.96,-289.32,-284.13,-278.79,-278.33,-277.11,-278.79,-280.47,-284.43,-286.42,-288.71,-289.01,-289.62,-289.93,-291.3,-292.67,-293.59,-294.05,-297.56,-302.29,-307.02,-311.75,-318.16,-321.36,-327.92,-334.94,-340.89,-344.4,-347.45,-348.52,-349.28,-348.83,-349.89,-351.42,-356.61,-361.95,-369.58,-375.07,-380.41,-383.47,-387.74,-391.86,-395.21,-400.4,-404.83,-404.83,-400.71,-388.81,-370.65,-347.45,-325.48,-304.57,-291.6,-284.74,-283.97,-282.91,-281.84,-276.65,-269.02,-255.75,-237.59,-227.52,-227.67,-233.16,-239.57,-244.15,-244.45,-238.35,-233.77,-227.06,-222.33,-219.43,-218.82,-216.53,-214.85,-211.19,-204.78,-199.29,-193.79,-188.76,-182.2,-175.94,-166.48,-153.05,-141,-128.79,-120.7,-116.73,-118.56,-124.67,-133.82,-142.98,-148.93,-147.25,-142.98,-136.57,-129.25,-123.75,-121.31,-117.5,-113.99,-110.78,-108.04,-99.643,-90.335,-83.316,-77.364,-69.277,-65.004,-62.105,-61.342,-61.19,-60.121,-58.443,-56.154,-51.576,-50.05,-48.067,-48.219,-45.778,-43.794,-42.726,-40.59,-34.486,-27.161,-18.769,-11.292,-2.8993,5.0356,11.597,16.175,21.668,25.941,34.486,44.099,52.95,59.511,66.073,73.855,82.247,89.419,97.201,104.83,110.32,114.44,119.94,122.68,126.35,127.41,128.48,128.33,132.3,136.27,141.15,144.96,147.4,148.63,151.22,154.88,157.78,160.53,164.49,167.85,171.51,173.35,176.85,179.45,183.11,182.65,185.09,185.86,187.23,186.01,184.48,182.65,183.72,185.09,187.23,187.99,191.81,194.71,198.22,199.74,202.49,203.1,204.93,206.46,209.2,208.9,207.68,206,205.85,204.63,204.02,201.73,202.95,203.1,206.31,209.2,214.24,217.29,224.01,227.52,229.65,228.74,227.97,226.91,227.36,229.65,231.18,231.79,231.79,229.5,227.82,223.24,220.04,215.16,211.65,206.15,204.17,200.96,197.15,192.72,191.2,190.44,191.05,191.05,193.18,193.03,195.32,193.95,197.61,199.59,202.03,200.96,200.66,197.76,194.4,191.5,189.83,186.93,185.55,181.59,176.85,169.68,167.39,166.63,166.94,162.66,158.7,155.19,151.98,147.71,142.22,137.03,132.76,128.48,124.97,120.85,118.87,113.99,107.73,99.033,92.776,84.841,77.822,71.261,65.462,57.985,50.508,42.116,34.181,26.856,21.516,17.396,12.36,3.8148,-3.6622,-14.344,-23.499,-33.113,-40.284,-48.219,-55.086,-61.953,-68.056,-75.686,-83.621,-93.234,-100.25,-109.41,-114.6,-121.31,-124.82,-130.92,-136.42,-143.89,-150,-157.63,-164.19,-171.67,-178.23,-184.18,-188.6,-193.64,-195.62,-196.39,-194.56,-193.49,-188.76,-185.86,-184.03,-183.26,-179.3,-175.48,-171.36,-169.68,-165.26,-162.97,-158.7,-157.32,-155.49,-155.64,-156.41,-157.32,-157.48,-157.32,-156.56,-156.56,-153.81,-151.07,-145.27,-140.84,-136.72,-133.52,-132.91,-134.43,-135.35,-135.65,-134.89,-133.67,-131.23,-131.53,-130.47,-130.31,-129.7,-131.23,-131.38,-132.15,-131.53,-131.08,-131.99,-134.43,-135.5,-137.33,-137.18,-138.86,-138.55,-138.55,-137.79,-135.5,-133.52,-132.45,-129.86,-128.33,-124.82,-121.46,-117.8,-116.58,-114.75,-114.6,-113.07,-110.02,-104.83,-100.41,-95.981,-91.25,-85.147,-81.484,-78.738,-77.364,-75.228,-75.686,-75.076,-72.024,-68.667,-65.004,-62.41,-57.68,-52.034,-45.167,-37.538,-33.723,-30.366,-28.687,-27.467,-26.856,-26.246,-24.262,-20.905,-16.48,-9.9185,-5.3407,0.91556,6.7141,14.649,20.447,25.941,26.856,27.314,28.993,30.519,34.181,39.369,46.236,55.849,63.021,67.141,66.225,67.446,67.751,68.361,63.021,57.833,52.492,50.05,48.982,49.287,47.761,46.083,41.963,38.759,34.486,30.366,24.72,21.973,19.227,14.954,10.224,6.4089,5.9511,3.6622,-0.61037,-3.8148,-8.3926,-8.5452,-11.902,-16.785,-25.025,-29.603,-33.723,-35.707,-39.369,-40.59,-37.08,-32.807,-31.739,-31.129,-33.265,-36.164,-40.437,-43.947,-48.219,-48.372,-48.524,-48.372,-50.203,-50.966,-55.544,-58.748,-61.647,-62.41,-60.732,-58.748,-58.748,-57.222,-54.476,-51.118,-50.813,-51.576,-56.459,-57.527,-58.748,-57.68,-57.985,-54.628,-50.508,-44.862,-41.353,-39.369,-39.979,-41.047,-42.726,-43.184,-43.641,-42.879,-44.099,-44.71,-46.999,-48.067,-50.508,-52.644,-59.053,-65.615,-72.787,-77.975,-81.027,-79.348,-74.77,-68.361,-63.631,-56.307,-53.102,-48.83,-47.456,-46.846,-45.778,-37.69,-28.077,-15.564,-2.7467,7.477,13.581,21.21,32.807,46.541,58.596,70.04,81.79,91.098,92.318,88.351,82.705,80.264,81.79,84.994,89.877,92.776,93.387,92.929,90.64,91.861,94.302,97.354,94.607,87.893,77.517,66.378,53.865,40.59,32.197,36.317,39.521,35.249,21.821,9.7659,-2.7467,-13.123,-23.194,-30.213,-40.59,-50.966,-64.394,-77.822,-90.487,-98.88,-104.98,-110.93,-114.9,-117.04,-119.48,-121.46,-122.07,-120.09,-118.87,-114.29,-111.7,-110.78,-111.85,-112.31,-114.14,-113.68,-114.29,-113.68,-110.93,-109.41,-107.58,-106.97,-106.81,-105.29,-102.69,-95.828,-88.504,-83.163,-80.721,-77.212,-76.601,-79.196,-83.926,-84.384,-78.738,-70.345,-66.683,-63.784,-61.19,-60.427,-61.953,-58.138,-54.628,-48.067,-41.963,-34.791,-30.213,-24.415,-19.379,-15.259,-12.513,-9.9185,-9.6133,-8.0874,-6.7141,-4.12,1.9837,10.987,17.09,23.499,25.33,25.33,22.584,21.973,22.431,25.941,30.061,34.181,37.538,41.963,44.862,45.778,44.71,43.184,38.453,36.164,33.113,35.249,37.843,41.963,44.71,48.524,51.729,55.391,57.527,60.579,62.868,65.615,67.141,72.024,75.686,79.806,80.721,83.316,83.926,85.452,86.673,90.335,94.15,101.47,106.2,111.09,114.6,118.26,118.56,117.95,114.9,114.75,111.24,109.26,105.44,103.61,100.56,100.56,100.56,100.1,97.049,94.76,92.471,91.861,91.403,92.471,90.335,89.724,88.656,90.03,89.572,90.945,89.267,89.114,88.046,87.283,85.604,84.689,83.926,84.841,85.299,86.825,86.825,90.182,91.708,95.828,97.964,101.02,102.39,104.98,106.66,107.58,107.73,110.17,113.22,115.97,118.26,119.33,119.33,119.94,118.41,118.26,115.21,111.85,107.73,106.36,104.37,103.76,103.31,102.08,101.47,100.1,99.338,99.643,99.948,100.25,99.185,98.88,97.507,97.049,94.913,96.133,96.286,98.117,100.41,102.69,103.31,104.68,105.59,106.97,108.04,110.63,110.17,110.93,111.24,112.46,112.46,115.05,117.34,119.63,120.55,121.77,122.38,124.06,124.21,122.84,119.48,118.87,118.26,121.31,122.84,127.26,129.55,132.6,135.96,139.16,141.15,142.98,144.05,146.64,148.93,151.52,153.51,155.19,156.41,160.53,162.51,164.34,163.88,164.49,163.73,163.88,164.65,164.19,163.58,165.56,166.33,168.77,169.68,173.19,174.57,177.31,179.14,182.5,185.09,189.21,192.11,193.18,193.33,193.33,194.4,195.17,193.64,193.95,191.81,190.89,189.67,192.11,193.33,193.64,193.79,193.33,191.2,186.93,183.87,182.65,180.06,178.53,175.48,173.35,171.21,171.67,171.06,169.38,168.16,165.56,163.43,162.36,159.76,155.95,151.83,150.76,148.78,146.64,143.44,142.06,140.69,141.3,142.06,142.37,140.23,139.32,138.71,137.49,133.98,129.4,121.92,115.67,108.65,105.14,101.63,98.422,90.793,81.179,72.024,67.141,62.563,56.917,50.661,47.761,48.067,49.745,47.609,47.151,43.336,39.979,34.791,30.061,22.584,18.616,17.701,18.006,18.006,14.954,6.8667,-4.12,-14.496,-22.279,-28.993,-34.486,-41.658,-46.846,-54.323,-61.342,-69.735,-78.127,-88.046,-97.201,-105.29,-112,-117.19,-120.85,-124.36,-126.19,-125.28,-121.92,-118.72,-115.21,-114.6,-114.44,-116.43,-118.41,-122.23,-124.52,-124.97,-126.65,-132.3,-141.15,-151.37,-161.44,-172.12,-180.06,-185.55,-188.45,-193.49,-198.37,-205.24,-213.32,-221.41,-227.21,-231.94,-232.86,-233.47,-231.94,-233.47,-233.62,-237.13,-240.64,-245.22,-245.52,-246.44,-243.69,-244.76,-245.37,-245.52,-244.15,-244.15,-243.23,-243.39,-241.25,-244.45,-247.2,-251.01,-251.01,-252.54,-254.52,-258.64,-262.61,-265.82,-267.65,-269.63,-270.7,-271.46,-270.24,-272.38,-271.92,-270.09,-264.29,-258.64,-251.63,-247.2,-241.55,-234.69,-228.28,-224.77,-219.89,-216.68,-212.26,-209.05,-203.56,-198.22,-192.88,-192.27,-191.2,-191.35,-190.89,-191.35,-190.44,-190.59,-190.13,-187.54,-184.79,-183.11,-179.91,-178.53,-173.96,-172.28,-169.07,-166.33,-162.36,-160.99,-159.31,-159.92,-161.75,-166.33,-171.21,-178.23,-180.82,-182.35,-182.04,-183.26,-183.11,-185.4,-186.93,-189.06,-191.96,-197.3,-202.8,-206.31,-206.15,-206.76,-204.32,-201.12,-197.61,-197.61,-197.61,-201.88,-204.78,-205.24,-201.27,-195.78,-190.89,-189.37,-189.52,-190.89,-189.06,-186.62,-179.91,-176.7,-173.96,-171.82,-169.23,-167.7,-164.65,-163.58,-160.07,-156.87,-149.85,-144.2,-139.93,-137.94,-135.81,-136.11,-135.2,-135.35,-133.52,-131.69,-128.18,-123.75,-116.58,-113.22,-109.26,-109.26,-106.2,-103.31,-97.964,-93.692,-88.809,-85.757,-83.621,-83.773,-81.179,-79.958,-76.754,-74.618,-70.956,-71.261,-71.413,-71.566,-70.65,-72.024,-73.702,-74.923,-72.787,-70.803,-64.089,-60.732,-56.307,-54.933,-53.255,-55.391,-55.696,-57.527,-59.206,-59.969,-58.443,-56.459,-53.102,-51.271,-46.693,-43.184,-36.622,-32.655,-29.603,-29.298,-26.704,-25.025,-20.905,-17.09,-12.665,-11.597,-12.055,-13.123,-11.292,-8.6978,-4.12,-1.8311,2.7467,6.1037,13.123,19.227,28.077,34.791,41.81,47.914,53.407,57.527,62.258,67.141,72.787,76.754,83.926,88.961,95.37,100.25,106.51,111.24,117.04,123.14,130.31,137.33,145.88,153.2,160.83,166.78,175.33,179.6,183.72,185.09,187.08,189.52,193.03,195.62,198.22,201.88,206.92,210.73,216.83,219.12,221.41,219.43,219.73,218.82,219.89,222.48,225.68,228.74,231.94,235.15,236.82,237.28,238.81,237.43,234.99,230.87,229.19,224.62,221.87,218.97,218.36,219.12,222.02,222.94,222.63,221.87,218.82,213.17,207.83,201.27,196.39,189.98,187.23,184.94,183.42,183.42,182.96,181.74,180.36,177.77,176.24,174.11,172.12,168.92,168.61,166.33,164.65,161.14,158.39,154.73,153.97,152.75,151.52,149.54,148.78,147.86,148.47,149.08,148.93,147.71,146.95,144.51,142.22,139.47,137.79,135.2,133.82,130.77,128.64,126.5,125.28,124.21,124.67,123.91,123.6,122.84,123.6,122.68,124.21,124.82,126.5,126.5,126.96,128.03,130.47,132.6,135.04,136.88,139.16,140.84,143.74,143.59,143.74,141,141.45,141.3,141.45,141.91,143.13,144.96,146.34,147.25,148.63,148.32,150.76,152.75,157.48,161.6,166.78,167.85,168.77,168.77,171.21,174.26,177.31,180.67,184.79,186.62,188.91,189.67,192.57,194.1,195.62,194.71,194.4,193.49,191.96,187.54,181.13,172.12,164.04,155.64,149.08,142.83,138.86,133.52,130.47,124.97,119.33,113.22,106.51,98.727,90.64,84.689,79.653,72.481,66.225,58.748,52.644,44.71,37.385,29.45,23.957,19.379,15.259,12.055,8.0874,2.1363,-4.5778,-14.039,-21.668,-30.061,-36.164,-42.573,-47.914,-52.492,-57.07,-64.394,-70.956,-77.364,-82.095,-86.825,-90.487,-97.507,-106.2,-116.73,-125.43,-132.45,-136.27,-141.45,-147.25,-153.51,-158.54,-164.34,-171.51,-178.23,-183.26,-191.5,-197.61,-204.02,-209.51,-218.05,-223.85,-230.41,-235.91,-241.25,-244.45,-247.05,-248.73,-250.71,-253,-256.81,-260.48,-264.9,-266.12,-267.49,-266.73,-268.41,-270.39,-272.99,-276.19,-278.63,-279.09,-278.94,-281.23,-284.74,-288.25,-290.54,-289.32,-286.57,-282.91,-281.69,-280.92,-281.23,-281.53,-282.75,-282.75,-282.91,-282.6,-282.75,-283.06,-282.45,-280.62,-279.7,-279.85,-279.55,-278.02,-278.18,-277.11,-277.72,-278.33,-279.4,-279.4,-279.85,-279.85,-279.09,-278.33,-279.55,-279.7,-279.7,-277.87,-277.87,-278.63,-283.52,-285.2,-285.96,-284.13,-278.48,-270.7,-263.83,-260.93,-259.87,-259.1,-258.49,-256.05,-252.85,-248.27,-243.84,-236.98,-231.18,-226.75,-225.07,-222.33,-221.41,-221.26,-221.41,-220.04,-216.99,-210.73,-206.92,-202.34,-199.74,-196.54,-192.11,-187.23,-184.64,-182.5,-183.42,-181.74,-181.13,-183.26,-188.45,-193.03,-194.71,-195.47,-196.84,-194.1,-190.44,-185.25,-183.57,-181.43,-180.82,-179.6,-181.28,-185.25,-190.44,-193.79,-193.64,-190.59,-187.23,-185.4,-185.25,-186.01,-192.11,-198.98,-204.47,-204.47,-204.63,-202.64,-201.57,-200.35,-200.2,-201.12,-202.64,-202.95,-201.27,-199.59,-199.44,-195.47,-194.4,-192.11,-189.37,-182.5,-177.31,-171.51,-168,-163.27,-158.7,-155.95,-151.07,-147.4,-146.34,-147.1,-149.69,-150.61,-151.07,-150.3,-151.83,-152.9,-154.73,-153.81,-152.29,-149.85,-146.18,-143.89,-142.06,-139.16,-135.81,-129.7,-121.77,-114.44,-109.41,-103.46,-99.033,-92.471,-86.978,-81.027,-76.449,-73.855,-72.481,-70.193,-66.53,-63.936,-62.41,-58.29,-53.713,-48.83,-47.304,-43.489,-39.827,-33.723,-27.924,-19.227,-10.376,-2.5941,2.8993,7.0193,10.834,17.396,27.619,38.759,46.083,52.034,57.222,63.936,68.667,75.381,79.958,86.673,92.776,98.117,103.15,108.34,113.68,120.85,125.43,129.4,130.62,133.82,133.67,136.42,137.33,139.16,139.16,139.16,140.08,142.67,144.66,146.79,147.86,148.32,146.64,146.79,146.79,148.01,146.79,148.01,150,151.52,152.75,155.95,159.15,163.58,165.26,165.41,166.78,171.97,176.24,181.13,182.65,182.96,182.2,179.91,177.47,176.24,173.35,169.23,166.02,164.04,162.66,163.12,160.22,156.1,152.13,149.54,146.18,145.27,144.35,144.81,148.63,154.58,156.1,159.31,161.14,164.34,166.33,170.14,171.51,175.79,178.69,179.6,178.99,179.6,180.06,179.91,178.23,178.38,178.08,179.14,179.45,183.57,187.23,190.28,191.2,191.35,189.52,185.09,177.92,171.36,162.21,153.36,140.84,131.53,123.91,121.01,119.17,116.43,111.39,105.59,98.727,92.624,86.215,80.874,73.702,67.141,60.274,56.612,49.745,45.93,43.794,41.505,40.284,39.521,40.132,41.963,41.81,42.573,43.336,45.167,44.862,44.099,44.862,47.609,52.644,58.443,64.394,70.345,75.838,83.01,87.13,92.318,96.591,104.98,112.46,121.31,130.01,137.94,144.96,152.29,158.7,168.16,178.53,189.37,195.01,201.42,208.44,214.7,216.99,218.21,216.99,214.85,210.73,207.53,205.54,205.69,206.76,209.05,208.9,209.81,208.29,210.27,210.73,211.04,211.04,209.66,209.05,211.34,214.09,216.83,218.36,222.63,225.68,230.41,233.47,236.37,238.2,240.64,240.79,240.64,240.18,238.2,234.38,232.09,231.64,232.25,233.01,235.91,238.04,239.27,237.59,238.04,239.42,239.88,239.88,239.88,237.28,234.99,233.31,233.62,231.94,230.87,228.13,227.52,225.68,225.99,227.52,226.14,222.94,220.04,217.75,218.05,218.97,219.12,215.61,212.41,209.05,205.85,200.81,196.84,192.57,188.91,185.4,181.13,175.63,172.12,168.61,168,165.26,165.11,164.95,166.48,166.02,164.34,162.05,158.09,153.36,148.17,142.37,139.47,137.33,137.94,137.33,136.27,135.65,134.28,132.6,129.55,127.41,127.11,128.94,130.01,129.25,128.33,127.26,128.48,127.57,126.8,122.99,120.7,118.87,115.36,110.93,107.12,101.63,95.523,87.588,83.926,79.043,76.754,72.176,67.904,63.326,59.358,54.323,47.151,36.775,27.161,20.295,14.496,8.5452,4.4252,-1.6785,-6.7141,-14.344,-23.347,-32.96,-36.164,-39.216,-43.336,-51.424,-57.985,-63.936,-69.582,-76.907,-83.163,-88.504,-91.098,-96.438,-100.56,-106.81,-112.92,-120.7,-126.5,-131.38,-134.59,-135.96,-135.81,-138.4,-139.62,-142.83,-144.66,-147.56,-148.93,-151.52,-154.73,-156.71,-157.17,-156.25,-153.81,-152.59,-151.83,-151.83,-149.08,-147.71,-146.34,-144.81,-142.98,-139.93,-136.27,-132.15,-129.86,-129.4,-129.86,-130.47,-130.77,-131.84,-133.37,-135.96,-136.27,-137.33,-138.86,-141.3,-143.59,-145.12,-146.49,-147.56,-147.4,-148.78,-150.15,-151.52,-148.63,-146.03,-141.91,-138.71,-135.35,-131.99,-127.87,-123.91,-120.7,-118.72,-115.36,-113.99,-111.85,-112.16,-112.31,-112.77,-112.92,-113.38,-111.55,-107.73,-103.92,-101.93,-100.1,-98.727,-98.422,-100.25,-101.63,-105.59,-107.58,-109.41,-110.63,-111.24,-111.85,-112.31,-112.77,-114.44,-116.12,-119.94,-121.16,-121.16,-120.24,-121.77,-121.92,-123.14,-121.92,-118.11,-113.38,-107.27,-101.93,-96.744,-92.776,-88.351,-82.095,-78.738,-75.838,-72.787,-68.209,-69.277,-71.261,-73.092,-73.702,-72.787,-71.108,-68.972,-68.667,-67.904,-65.157,-63.631,-62.868,-63.631,-61.495,-58.901,-53.56,-49.745,-45.778,-43.794,-43.794,-42.726,-40.59,-38.606,-36.012,-31.434,-24.72,-19.532,-14.801,-12.97,-8.0874,-1.6785,6.5615,14.191,20.6,25.636,29.756,32.044,33.57,34.791,35.707,33.876,32.807,30.213,29.145,25.941,23.652,21.363,18.159,16.633,16.48,17.548,18.006,17.243,15.564,12.36,10.834,8.6978,6.5615,1.6785,-2.8993,-8.5452,-12.36,-14.954,-15.107,-13.428,-10.681,-7.9348,-7.0193,-7.6296,-6.2563,-4.4252,-1.0681,0.61037,2.7467,3.0519,2.1363,-2.4415,-6.7141,-9.9185,-11.597,-12.665,-12.818,-11.902,-10.529,-11.444,-12.665,-17.396,-21.973,-27.772,-31.129,-34.333,-37.69,-41.2,-45.473,-48.982,-50.508,-53.102,-54.933,-55.849,-52.797,-50.508,-45.93,-44.404,-43.031,-42.421,-40.59,-37.996,-33.418,-27.619,-21.363,-15.87,-11.902,-9.3081,-7.477,-7.0193,-6.1037,-6.5615,-6.8667,-9.6133,-12.207,-16.938,-21.821,-23.194,-23.194,-22.889,-22.584,-22.431,-22.431,-22.279,-21.21,-22.736,-21.821,-20.753,-19.684,-20.6,-20.447,-19.074,-19.379,-20.753,-21.21,-21.363,-21.363,-21.668,-21.21,-21.973,-20.753,-22.279,-24.415,-26.704,-25.483,-25.025,-24.873,-27.619,-29.45,-27.619,-23.499,-20.753,-18.769,-19.379,-19.532,-22.736,-24.873,-28.382,-31.281,-34.028,-33.57,-33.113,-31.587,-30.824,-30.519,-29.45,-29.603,-30.366,-31.587,-35.401,-37.08,-40.895,-45.167,-50.661,-53.407,-54.323,-53.865,-53.407,-55.696,-59.053,-61.8,-65.767,-69.124,-74.618,-77.67,-83.163,-83.926,-85.604,-85.452,-85.757,-83.01,-78.433,-73.092,-70.803,-68.361,-67.293,-61.953,-57.527,-52.339,-50.813,-49.287,-50.203,-49.135,-47.151,-42.879,-39.216,-35.554,-32.96,-29.908,-27.924,-24.262,-22.431,-17.548,-15.717,-9.6133,-5.7985,-0.30519,4.4252,8.3926,11.292,14.344,17.853,22.279,26.399,28.382,30.366,33.113,34.639,36.775,36.927,37.996,37.996,35.554,31.892,28.535,24.262,18.769,14.191,11.292,6.5615,1.8311,-4.4252,-10.529,-18.464,-22.736,-29.298,-34.181,-39.979,-43.641,-48.83,-54.018,-59.511,-66.988,-77.059,-83.773,-91.708,-93.997,-95.676,-93.997,-93.997,-92.776,-92.013,-92.166,-92.624,-91.708,-91.403,-90.182,-92.624,-93.081,-96.133,-95.828,-95.218,-91.861,-90.487,-88.046,-87.741,-87.588,-86.825,-85.452,-84.536,-81.027,-78.127,-75.838,-77.059,-78.433,-82.247,-84.994,-89.114,-94.15,-98.575,-100.86,-102.69,-104.22,-107.27,-107.43,-108.49,-107.43,-107.88,-105.59,-102.08,-97.049,-94.913,-93.234,-91.708,-88.504,-86.062,-81.179,-79.348,-78.433,-80.416,-79.196,-76.449,-68.972,-63.784,-59.969,-60.884,-62.563,-64.852,-67.446,-74.313,-76.144,-79.196,-80.416,-81.942,-82.247,-83.163,-83.01,-81.942,-80.111,-80.416,-79.501,-79.348,-77.67,-78.585,-76.296,-75.533,-72.481,-70.04,-69.277,-72.634,-77.517,-83.773,-87.588,-91.861,-94.15,-99.338,-102.69,-104.98,-107.12,-113.53,-116.28,-121.16,-125.13,-130.01,-135.5,-139.47,-139.93,-136.72,-129.4,-123.75,-117.34,-114.44,-110.48,-107.43,-103,-101.47,-99.185,-97.507,-93.692,-91.25,-88.809,-90.03,-88.809,-88.961,-87.436,-87.436,-86.673,-85.91,-84.994,-85.452,-84.384,-82.705,-79.806,-78.433,-76.449,-77.517,-76.144,-75.686,-71.566,-67.293,-62.563,-59.053,-56.917,-55.849,-52.492,-49.593,-47.151,-47.151,-45.167,-44.252,-41.353,-39.827,-38.911,-40.59,-40.895,-40.742,-38.301,-35.096,-29.908,-26.093,-19.532,-15.564,-9.6133,-7.3244,-2.1363,1.5259,6.1037,9.7659,11.597,14.801,20.753,26.551,32.502,34.791,37.233,37.69,38.759,40.742,43.947,49.898,56.764,64.699,72.481,77.975,81.942,83.316,88.046,90.182,94.455,96.438,98.575,98.727,99.796,99.643,100.71,101.63,104.53,105.44,107.43,106.36,106.2,104.53,104.83,103.92,104.22,105.29,108.19,109.41,112.31,112.77,114.6,114.14,113.53,112.46,111.09,110.02,110.02,107.43,102.39,96.286,90.945,83.316,79.196,74.618,74.16,72.634,72.787,72.024,71.108,68.209,65.92,63.784,61.8,57.375,55.391,53.56,54.018,54.17,55.391,55.238,56.001,53.865,51.729,50.05,51.424,51.729,53.713,53.407,56.764,58.138,58.29,57.833,58.138,57.833,56.612,51.729,45.32,37.233,30.519,24.415,21.973,21.363,23.804,26.399,28.382,28.382,29.145,29.45,30.061,28.077,25.941,24.415,25.941,25.941,27.314,30.213,34.181,37.233,40.284,41.81,45.625,48.067,51.424,50.203,49.898,47.609,46.999,45.778,46.083,45.93,46.846,47.151,49.745,51.118,56.307,59.816,67.293,74.16,79.958,82.095,84.384,88.046,91.861,92.166,93.539,93.387,95.828,98.117,101.78,103.15,103.31,101.78,101.93,102.08,102.24,101.02,100.1,96.286,94.455,92.776,93.539,92.318,91.861,91.708,92.166,92.166,92.013,92.166,94.76,95.218,97.659,99.49,105.29,111.39,117.19,121.77,125.13,129.09,132.91,136.11,140.23,141.3,140.69,139.01,139.32,140.08,140.08,139.47,138.4,136.27,133.06,128.79,126.35,124.82,125.28,124.06,123.91,124.21,126.04,129.55,133.98,135.35,134.13,131.53,129.86,129.55,131.38,132.15,135.2,136.11,134.74,131.23,127.41,123.75,121.31,119.33,119.02,117.5,119.48,119.48,118.11,115.36,115.05,112.31,108.34,104.37,102.54,101.93,101.78,102.54,103.61,100.86,96.896,90.793,88.809,85.299,81.179,77.822,74.16,68.056,61.8,55.086,49.287,43.489,41.658,38.453,35.554,30.519,29.45,29.145,31.281,32.807,33.876,32.197,29.756,26.551,25.025,24.262,26.093,24.262,21.821,18.311,16.633,12.97,9.1556,4.883,-0.76296,-6.8667,-11.139,-14.954,-16.48,-18.159,-19.532,-22.889,-25.33,-31.892,-39.674,-48.524,-54.323,-59.053,-60.884,-63.173,-64.852,-65.462,-66.073,-71.413,-75.838,-81.637,-86.825,-91.25,-94.455,-98.88,-102.54,-104.83,-105.59,-105.9,-104.37,-102.24,-99.49,-98.727,-95.523,-93.539,-91.098,-89.724,-88.961,-88.656,-87.13,-84.231,-80.416,-77.67,-73.855,-68.667,-61.953,-57.833,-53.713,-52.034,-49.44,-47.761,-46.083,-46.541,-46.236,-47.914,-48.982,-52.339,-56.307,-62.868,-67.446,-72.024,-74.007,-77.212,-79.196,-83.621,-88.198,-92.929,-96.438,-100.25,-101.78,-104.37,-105.59,-105.9,-106.36,-107.12,-107.73,-109.1,-108.95,-111.55,-113.68,-116.43,-117.19,-120.4,-121.16,-122.07,-122.68,-124.21,-125.28,-127.11,-128.48,-130.62,-132.3,-136.57,-140.54,-146.64,-149.39,-151.98,-149.85,-149.39,-148.78,-148.93,-149.54,-150.76,-151.98,-153.36,-155.8,-159.76,-162.82,-166.02,-169.23,-171.67,-172.43,-174.72,-175.63,-178.08,-180.21,-183.11,-187.54,-191.81,-195.32,-196.84,-198.52,-201.88,-204.32,-207.68,-210.88,-215.16,-217.29,-220.04,-221.11,-224.31,-226.45,-228.58,-229.04,-229.35,-227.67,-227.82,-227.67,-228.13,-228.13,-228.74,-229.8,-234.38,-238.2,-243.08,-247.96,-251.78,-254.83,-257.88,-261.54,-265.36,-268.87,-273.9,-278.94,-283.97,-288.4,-293.28,-296.79,-301.52,-303.51,-306.25,-306.86,-307.02,-307.47,-307.93,-309,-308.39,-307.78,-307.47,-306.86,-306.25,-305.64,-307.93,-309,-310.98,-312.2,-314.95,-316.93,-318.77,-320.75,-322.58,-324.72,-326.24,-325.79,-324.87,-323.8,-323.95,-321.82,-320.29,-317.09,-315.1,-312.66,-311.75,-310.37,-306.86,-302.74,-297.25,-294.2,-292.83,-292.21,-290.99,-288.86,-288.86,-292.06,-294.81,-293.59,-289.16,-279.55,-267.8,-257.88,-253,-249.18,-247.05,-245.98,-242.62,-236.82,-231.33,-224.16,-216.99,-210.27,-204.32,-197.91,-194.71,-190.44,-186.47,-182.96,-179.75,-175.63,-169.84,-164.65,-160.07,-155.64,-151.37,-146.18,-142.06,-138.71,-137.03,-135.96,-134.43,-131.53,-131.08,-130.47,-130.01,-127.57,-122.53,-118.41,-116.28,-114.9,-112.77,-110.32,-107.58,-101.02,-94.302,-86.062,-79.043,-71.261,-66.53,-62.105,-58.748,-54.476,-49.287,-43.947,-37.233,-27.772,-18.921,-11.597,-5.6459,-0.30519,3.2044,6.1037,7.477,9.7659,11.902,13.581,12.665,13.276,15.564,18.311,21.363,23.957,25.788,30.366,34.791,39.064,43.336,47.151,47.456,47.456,46.236,47.151,46.541,44.862,43.336,41.658,41.505,41.505,40.59,40.59,42.573,45.167,47.456,49.593,52.492,56.459,59.053,64.241,68.056,71.718,75.076,78.28,81.027,84.994,90.945,98.422,106.2,113.53,119.79,126.35,131.53,138.25,144.66,151.83,158.7,166.63,173.04,178.38,184.94,191.35,197.76,204.63,211.34,216.99,221.26,226.45,229.65,235.3,238.5,241.1,241.71,244.91,246.44,247.81,248.88,250.1,249.79,251.01,251.78,253.91,254.37,255.44,255.59,257.12,255.59,255.59,252.85,252.08,249.95,248.73,248.42,247.66,245.83,244,241.55,240.33,240.94,244,244.61,245.22,245.06,245.52,243.84,244.91,245.22,247.81,249.95,252.08,253.15,254.83,254.22,256.2,259.25,264.44,267.04,271.61,274.51,278.48,278.48,280.62,282.14,283.06,284.59,285.96,287.64,289.77,290.69,290.84,289.47,287.79,284.74,284.59,281.84,280.31,278.63,279.55,280.31,281.84,281.99,282.14,280.31,278.48,279.4,282.91,285.2,287.64,288.71,291.3,288.55,286.72,282.91,280.77,278.18,276.04,273.6,271.77,268.26,263.68,259.25,255.29,251.78,251.01,248.12,246.13,243.54,240.94,235.3,229.65,223.24,219.12,214.39,209.2,204.02,199.74,194.1,188.45,183.26,181.59,174.87,168.31,161.29,155.8,149.69,144.35,139.77,137.64,135.81,133.98,130.92,127.26,123.75,121.46,117.8,115.67,109.26,102.24,92.166,85.452,80.111,77.212,72.329,69.887,69.887,71.871,70.04,66.836,64.089,62.105,57.375,56.612,54.018,50.966,46.388,44.099,41.2,39.979,39.827,39.216,39.521,40.132,40.284,41.963,45.625,47.151,48.219,53.255,57.222,59.969,57.527,55.849,54.628,55.849,57.527,56.917,51.881,45.778,39.369,35.096,30.366,25.941,19.99,15.412,10.834,10.224,7.477,3.0519,-4.5778,-10.834,-15.107,-17.396,-19.99,-22.584,-25.178,-27.009,-28.382,-28.077,-26.093,-20.142,-16.327,-11.597,-8.8504,-6.8667,-8.5452,-9.3081,-8.24,-5.4933,-1.3733,1.0681,4.12,9.6133,15.87,19.532,17.548,16.327,12.36,13.276,18.616,30.213,39.674,49.44,52.644,49.287,41.505,32.655,23.194,13.123,3.9674,-1.0681,-3.6622,-2.4415,-1.0681,1.5259,2.4415,3.9674,2.5941,-1.6785,-7.477,-17.548,-30.061,-42.573,-55.391,-64.852,-77.212,-89.114,-104.22,-115.82,-126.19,-131.99,-136.11,-139.01,-142.22,-144.81,-148.47,-153.97,-159.15,-164.65,-169.53,-172.89,-177.47,-179.91,-182.2,-181.74,-182.96,-186.62,-194.1,-201.12,-206.61,-210.88,-214.7,-216.22,-217.44,-216.68,-215.16,-212.71,-211.65,-207.53,-205.69,-203.56,-199.13,-192.27,-187.08,-182.5,-177.16,-168.92,-159.92,-153.05,-147.1,-141.76,-138.4,-132.15,-129.09,-123.45,-117.95,-110.78,-104.37,-96.591,-87.436,-78.127,-68.972,-60.884,-53.713,-47.456,-41.047,-31.129,-24.72,-18.006,-13.123,-5.7985,1.0681,7.9348,12.97,16.175,19.532,23.652,28.077,32.35,33.265,32.807,29.603,29.45,29.603,33.113,35.249,39.827,41.81,46.388,49.593,51.118,54.018,58.748,61.647,64.394,64.852,68.819,70.803,75.533,79.196,83.926,87.436,91.708,94.302,95.065,93.692,95.218,96.591,99.033,98.117,98.27,100.1,102.24,101.78,99.643,97.659,98.27,97.354,96.591,95.37,95.523,92.624,90.03,87.588,86.673,85.757,85.757,84.994,85.757,85.147,84.078,81.942,80.111,77.67,78.28,78.585,77.975,74.923,73.092,71.871,70.956,70.193,70.345,72.787,77.67,78.89,79.806,79.806,79.653,78.738,78.738,80.416,85.757,92.013,96.133,97.201,95.828,91.25,83.163,73.855,66.53,58.29,51.424,44.71,41.81,39.216,37.538,36.622,35.249,32.197,28.382,23.804,20.447,16.938,16.327,16.938,19.227,21.363,26.704,29.908,30.061,28.077,27.924,25.636,24.72,22.736,22.431,20.905,19.837,15.564,11.139,5.3407,3.8148,-0.61037,-4.12,-10.224,-17.396,-27.619,-34.639,-42.116,-47.761,-50.203,-48.83,-47.151,-44.404,-39.827,-33.876,-29.756,-23.804,-18.311,-10.224,-7.3244,-2.7467,-0.61037,1.0681,0.30519,-0,-0.30519,-0.30519,-0.61037,-1.6785,-4.5778,-5.7985,-6.8667,-4.7304,-1.9837,1.3733,-0.61037,-1.6785,-2.8993,-2.8993,-3.357,-1.9837,-1.6785,-0.15259,2.7467,7.0193,10.224,13.123,11.75,10.224,6.4089,7.1718,9.3081,15.259,18.616,22.736,25.025,27.161,25.788,22.126,15.564,10.834,6.2563,3.357,-0.76296,-3.9674,-7.7822,-9.003,-9.7659,-7.9348,-8.3926,-4.4252,0.30519,6.2563,10.376,14.954,18.464,21.363,22.279,24.873,25.483,29.145,31.129,34.791,38.606,44.404,49.44,52.644,56.001,61.19,66.53,72.939,77.975,84.994,88.351,94.302,97.507,100.41,102.24,105.9,108.04,109.71,112,115.05,116.89,119.02,120.7,126.8,129.7,130.01,127.26,124.67,119.63,113.99,106.97,101.47,96.896,94.302,91.098,88.961,84.536,81.179,74.618,69.887,65.004,62.41,59.511,56.764,54.933,53.102,49.135,47.609,44.404,44.099,41.505,40.59,36.622,34.181,31.434,29.45,25.636,21.363,15.412,11.139,7.1718,4.5778,-1.6785,-7.477,-12.207,-15.412,-18.464,-18.769,-18.311,-18.464,-20.6,-22.584,-23.499,-23.499,-24.415,-23.957,-23.041,-20.142,-20.905,-23.804,-28.535,-33.265,-35.554,-37.538,-42.268,-45.473,-50.05,-52.644,-57.07,-60.274,-65.462,-69.124,-75.076,-77.212,-79.806,-81.332,-83.01,-83.316,-84.841,-87.283,-90.64,-92.624,-98.117,-98.422,-97.964,-93.844,-92.471,-88.961,-84.994,-82.705,-81.179,-78.738,-76.907,-72.329,-69.735,-66.073,-65.004,-61.647,-61.342,-60.884,-61.953,-65.004,-68.972,-68.819,-66.683,-62.868,-60.427,-56.154,-56.307,-56.001,-59.664,-62.258,-67.141,-70.65,-73.55,-74.007,-72.329,-70.956,-71.871,-73.092,-74.007,-73.702,-75.686,-74.007,-71.108,-67.904,-66.53,-65.615,-65.31,-65.157,-62.868,-56.001,-51.424,-50.05,-52.034,-53.407,-57.375,-57.222,-58.596,-59.053,-57.68,-53.713,-48.219,-41.963,-36.775,-31.739,-28.077,-25.33,-29.908,-33.723,-37.843,-40.437,-45.778,-50.203,-57.222,-64.089,-70.345,-74.618,-78.89,-83.163,-87.741,-89.419,-93.539,-96.133,-97.507,-98.727,-101.78,-100.71,-100.86,-100.1,-100.1,-98.575,-94.15,-89.114,-84.841,-79.043,-74.77,-73.55,-79.043,-85.452,-92.776,-97.049,-102.24,-107.27,-113.53,-119.79,-123.75,-127.41,-133.37,-138.86,-144.96,-149.85,-156.56,-159.92,-164.65,-167.55,-171.67,-174.26,-178.69,-184.18,-190.59,-198.22,-206.31,-212.26,-216.53,-220.04,-224.62,-224.92,-227.82,-230.11,-231.33,-231.33,-228.58,-222.33,-214.55,-207.68,-199.9,-193.64,-189.06,-183.57,-177.92,-172.28,-165.56,-157.32,-151.07,-145.57,-146.03,-146.49,-146.95,-148.01,-147.86,-144.96,-141,-137.64,-137.03,-135.96,-135.65,-133.37,-133.37,-132.3,-132.3,-131.08,-133.21,-135.2,-136.57,-137.94,-139.16,-138.86,-137.79,-136.27,-135.2,-134.59,-135.65,-134.43,-132.76,-129.09,-127.57,-124.67,-122.68,-122.23,-119.79,-116.28,-114.75,-114.14,-113.53,-111.7,-110.63,-106.51,-101.02,-93.844,-88.504,-83.926,-79.043,-75.533,-72.787,-70.345,-69.582,-67.293,-66.988,-65.31,-64.089,-61.495,-59.969,-56.917,-56.307,-55.391,-56.001,-54.628,-54.17,-51.424,-47.304,-43.184,-37.538,-30.824,-25.636,-21.516,-18.769,-14.191,-13.428,-11.597,-8.5452,-1.6785,3.5096,9.1556,14.191,18.769,22.279,24.11,24.262,27.161,29.45,33.113,32.35,32.197,30.976,30.366,29.756,29.45,29.45,29.145,25.33,20.753,17.396,15.259,12.513,14.039,14.954,16.175,16.175,17.396,17.853,17.243,16.785,16.785,16.175,17.09,17.243,16.938,16.175,17.701,18.769,23.957,27.619,32.044,35.249,37.843,39.216,42.116,45.473,50.356,56.459,64.699,71.261,75.686,77.059,78.127,77.67,81.942,86.978,95.981,103,107.12,110.17,114.75,117.8,119.63,119.63,119.94,119.94,121.16,117.19,113.22,108.49,104.83,99.033,95.676,90.64,85.91,81.637,78.28,74.465,70.345,63.936,59.358,56.001,54.933,51.118,48.83,43.641,40.59,34.791,28.687,21.21,17.701,16.633,17.09,16.785,16.785,12.36,7.9348,3.2044,3.8148,2.5941,5.7985,9.1556,12.97,13.276,12.36,9.3081,5.1881,1.6785,0.15259,-2.8993,-5.4933,-8.8504,-10.376,-14.801,-18.921,-23.804,-26.093,-29.756,-32.35,-33.113,-34.791,-36.622,-36.317,-37.233,-37.996,-40.132,-37.996,-36.775,-33.113,-29.45,-23.347,-20.142,-18.464,-16.938,-14.801,-11.444,-6.4089,-1.2207,5.0356,10.987,18.311,22.889,29.756,36.164,43.947,50.05,58.748,65.462,73.244,79.806,85.757,93.081,100.71,106.81,116.12,125.13,135.2,144.51,153.51,162.21,173.04,179.91,186.62,191.96,196.23,199.9,200.96,200.05,198.52,198.68,198.52,198.98,199.74,198.52,199.29,197,195.78,193.18,191.05,187.08,183.42,178.08,172.58,168.77,164.34,159,152.9,147.56,143.44,135.81,128.18,118.41,110.48,103.31,97.507,93.387,89.572,82.858,75.533,66.988,60.121,48.372,36.927,24.11,13.886,4.5778,-1.2207,-6.2563,-9.1556,-13.123,-19.837,-26.704,-34.791,-43.489,-49.44,-57.07,-61.8,-67.751,-71.261,-76.144,-79.806,-85.147,-89.877,-96.286,-104.07,-112.31,-119.94,-126.96,-135.04,-142.52,-148.78,-152.29,-152.75,-155.95,-158.7,-162.97,-166.17,-169.84,-174.57,-178.69,-181.43,-183.57,-186.47,-191.5,-198.68,-204.93,-212.56,-220.95,-227.67,-234.38,-239.11,-244.91,-249.18,-254.83,-261.39,-266.88,-273.45,-278.33,-284.13,-290.08,-294.2,-292.52,-290.23,-287.48,-283.21,-283.97,-284.43,-286.26,-288.71,-288.71,-283.36,-278.48,-274.82,-269.02,-257.88,-243.84,-229.8,-221.26,-214.39,-212.87,-209.97,-208.14,-204.47,-202.49,-194.86,-186.16,-181.43,-178.69,-172.43,-165.87,-158.24,-151.07,-140.23,-126.96,-110.32,-102.85,-97.964,-96.438,-95.523,-96.286,-95.37,-91.403,-84.536,-76.601,-67.904,-60.579,-55.238,-56.307,-58.596,-65.157,-70.956,-76.449,-77.517,-77.059,-72.329,-65.004,-57.222,-49.745,-44.862,-43.947,-47.151,-52.644,-54.018,-55.391,-53.865,-53.255,-50.356,-48.677,-46.388,-40.59,-32.502,-26.551,-23.804,-23.499,-21.821,-22.736,-22.126,-20.753,-16.48,-15.564,-14.954,-16.48,-19.227,-21.058,-19.379,-15.87,-9.7659,-5.4933,-0.76296,-1.3733,-2.5941,-6.8667,-8.5452,-11.139,-11.902,-11.444,-8.24,-6.1037,-4.5778,-1.9837,2.4415,4.7304,7.477,9.9185,14.039,18.769,25.788,33.57,43.794,52.95,64.394,74.618,86.673,95.981,109.1,121.01,135.5,146.64,159,169.53,178.84,187.23,195.32,204.32,212.87,219.73,229.8,238.04,248.42,257.27,266.43,273.75,281.69,291.45,302.29,311.59,321.82,332.19,343.18,352.34,361.49,369.27,379.8,387.89,395.83,402.84,408.95,415.36,422.83,428.63,433.36,438.09,444.81,449.08,455.03,459.91,465.41,467.09,467.54,468,468.61,467.54,466.02,463.12,461.13,458.39,456.71,452.89,450.61,447.25,444.96,443.59,442.67,441.3,440.23,440.84,440.99,440.84,441.15,438.7,436.87,433.36,429.4,423.6,418.87,416.43,413.07,408.49,404.52,399.18,391.71,381.94,373.85,364.85,358.44,351.73,348.06,344.1,341.04,336.16,332.5,328.53,324.41,320.44,314.95,308.08,300.45,292.06,286.11,281.23,277.41,273.75,271.77,267.95,263.22,258.49,252.54,245.98,239.42,230.41,222.48,215.31,212.41,207.83,204.17,197.91,193.79,189.52,186.32,182.81,179.14,176.24,172.73,168.31,166.17,163.43,161.75,157.93,155.8,153.97,152.9,151.37,149.69,146.79,144.66,142.67,139.77,135.35,131.69,127.87,124.82,121.01,117.8,112.16,108.19,105.29,101.32,96.896,95.065,93.692,93.081,91.098,88.504,82.858,77.517,71.566,68.667,65.31,61.8,58.596,56.612,55.391,52.187,48.067,46.083,42.116,39.827,36.927,34.944,32.044,27.009,22.126,18.311,12.665,4.2726,-3.357,-8.0874,-13.886,-18.159,-20.6,-18.921,-16.022,-12.818,-10.987,-12.665,-19.227,-25.941,-32.044,-36.622,-39.369,-39.064,-40.742,-43.184,-48.83,-53.865,-58.138,-61.953,-64.241,-67.141,-72.329,-76.449,-82.705,-85.91,-89.724,-89.877,-90.64,-91.098,-93.081,-95.065,-97.659,-99.796,-102.54,-106.36,-112.92,-116.12,-122.68,-127.41,-130.92,-130.31,-127.57,-123.75,-121.77,-121.77,-120.85,-119.94,-119.48,-117.5,-118.72,-120.09,-124.52,-125.74,-126.8,-128.03,-128.64,-128.03,-128.64,-128.03,-128.33,-129.55,-135.35,-138.55,-145.88,-153.66,-161.9,-168.61,-174.11,-179.14,-183.26,-186.32,-189.83,-190.89,-193.03,-195.78,-199.44,-200.96,-201.88,-200.05,-196.23,-192.42,-188.3,-183.87,-176.09,-166.78,-158.09,-147.71,-138.55,-128.33,-120.09,-111.39,-104.37,-95.218,-85.299,-74.16,-65.004,-54.17,-46.388,-38.301,-34.333,-30.976,-28.84,-27.009,-27.772,-27.619,-27.772,-27.772,-30.061,-31.739,-33.876,-33.876,-36.775,-40.284,-46.236,-50.356,-53.56,-54.628,-56.154,-56.154,-54.17,-49.287,-43.336,-35.554,-30.519,-24.72,-23.194,-21.363,-21.21,-21.821,-22.736,-22.431,-21.21,-15.564,-6.2563,1.6785,5.3407,8.5452,7.0193,4.4252,-0.45778,-3.5096,-6.2563,-7.9348,-8.3926,-8.8504,-8.6978,-9.7659,-12.207,-15.564,-19.532,-22.279,-25.788,-27.772,-27.772,-28.077,-28.993,-23.194,-18.921,-17.548,-18.006,-19.074,-22.126,-25.483,-26.246,-25.788,-26.704,-25.941,-25.483,-24.262,-24.11,-23.499,-23.652,-19.684,-16.785,-15.412,-13.733,-10.071,-5.7985,-0.45778,4.12,9.4607,14.801,21.21,24.873,26.704,25.941,26.399,26.246,25.178,24.262,23.041,20.753,17.243,13.581,8.6978,4.5778,2.7467,-0.61037,-3.5096,-8.24,-12.36,-16.938,-21.058,-25.33,-30.213,-33.876,-36.012,-35.707,-35.554,-36.775,-37.843,-39.064,-38.759,-39.674,-40.59,-40.437,-40.132,-41.658,-45.015,-48.982,-52.797,-57.07,-61.8,-67.598,-71.871,-77.059,-78.28,-79.501,-77.67,-76.601,-74.465,-73.855,-71.566,-70.345,-70.193,-70.956,-73.092,-76.601,-79.348,-80.874,-79.501,-78.89,-75.991,-74.618,-70.193,-68.056,-65.92,-65.767,-64.852,-63.173,-59.511,-56.154,-50.813,-45.167,-38.911,-34.181,-28.23,-23.804,-17.09,-11.902,-6.8667,-3.8148,1.9837,8.0874,13.886,19.074,24.567,28.535,31.129,32.502,36.622,39.521,43.947,46.999,54.17,60.427,70.04,77.975,84.994,89.419,94.15,98.727,103.76,106.05,108.04,107.27,108.34,108.65,113.07,117.19,121.92,124.21,126.35,127.11,127.11,127.57,129.55,130.92,131.38,131.08,132.91,132.3,133.82,134.28,134.59,130.31,128.48,125.89,123.45,121.62,121.01,119.17,117.8,117.95,118.41,118.26,119.94,122.68,125.74,126.04,125.74,124.52,124.36,123.29,121.46,116.89,110.78,102.69,93.844,84.841,77.822,72.939,69.887,64.241,59.511,52.034,45.625,38.911,35.249,32.044,28.84,24.415,21.21,17.09,13.886,9.7659,5.9511,0.61037,-0.91556,-3.357,-4.7304,-8.3926,-10.529,-15.107,-19.532,-22.889,-24.873,-27.619,-29.908,-30.824,-30.213,-29.603,-27.161,-26.246,-24.873,-24.262,-22.889,-22.889,-23.194,-24.415,-23.652,-21.516,-18.921,-15.412,-12.36,-10.224,-7.7822,-4.5778,1.6785,5.0356,9.4607,9.1556,10.529,9.7659,10.071,9.3081,9.6133,7.6296,5.3407,4.2726,5.9511,7.9348,11.292,12.207,15.259,16.175,19.074,19.684,23.041,23.041,21.363,18.311,16.175,16.022,17.243,16.938,18.464,20.142,22.126,22.431,24.415,23.957,25.178,22.889,21.821,19.074,17.09,14.344,12.97,12.207,11.292,8.8504,7.9348,6.2563,5.4933,1.0681,-2.2889,-6.4089,-9.003,-10.834,-9.9185,-10.071,-8.3926,-5.9511,-3.9674,-4.5778,-3.357,-3.2044,-2.4415,-5.4933,-7.6296,-12.97,-17.853,-22.889,-27.009,-29.145,-27.467,-25.636,-22.431,-22.126,-20.905,-21.21,-20.142,-20.6,-19.837,-21.973,-21.973,-21.21,-20.6,-19.837,-18.006,-17.701,-17.243,-17.396,-16.785,-17.701,-14.039,-12.818,-13.276,-14.801,-14.954,-15.107,-14.344,-14.801,-16.327,-18.006,-19.532,-21.821,-22.584,-26.246,-27.772,-28.687,-27.619,-27.161,-25.636,-25.788,-27.619,-30.061,-34.639,-38.453,-40.284,-40.59,-40.437,-41.047,-41.2,-40.59,-38.148,-37.233,-37.233,-39.369,-41.81,-43.947,-46.388,-47.456,-48.372,-48.067,-48.067,-50.966,-54.933,-61.342,-67.141,-72.329,-75.228,-77.822,-78.585,-78.89,-75.686,-72.787,-69.887,-66.836,-63.478,-61.037,-58.138,-57.833,-57.07,-56.612,-53.407,-51.424,-48.372,-47.914,-48.982,-50.661,-52.187,-54.323,-54.781,-55.544,-57.222,-59.053,-54.781,-52.034,-48.219,-48.219,-49.593,-53.865,-56.917,-61.8,-64.699,-67.751,-69.43,-72.634,-76.449,-79.806,-79.806,-77.822,-75.228,-74.77,-70.04,-66.378,-58.443,-54.323,-51.881,-51.729,-52.187,-50.661,-46.541,-39.979,-35.096,-32.807,-29.756,-28.535,-29.298,-32.807,-33.876,-36.47,-39.674,-44.404,-49.593,-55.238,-59.969,-65.92,-70.803,-77.364,-81.637,-88.198,-90.182,-94.607,-96.133,-97.049,-95.676,-94.15,-94.455,-95.981,-97.812,-100.1,-98.88,-98.27,-94.302,-92.624,-88.656,-85.604,-82.4,-81.179,-80.569,-79.653,-78.89,-77.364,-74.77,-71.718,-69.277,-67.293,-66.836,-72.329,-78.127,-85.147,-92.318,-100.56,-108.19,-113.68,-121.62,-131.69,-141.61,-151.83,-159.61,-169.84,-177.47,-187.23,-194.56,-201.27,-203.41,-202.95,-200.66,-196.54,-191.66,-188.91,-184.94,-181.89,-173.96,-164.49,-152.13,-142.06,-131.23,-123.14,-115.05,-108.19,-102.85,-101.17,-99.948,-103.46,-105.44,-108.34,-109.41,-114.44,-117.65,-122.84,-126.96,-131.08,-135.04,-140.69,-143.74,-145.88,-148.01,-152.29,-155.03,-159.76,-162.97,-164.49,-162.36,-159.31,-153.05,-142.83,-128.79,-115.36,-101.63,-87.893,-74.16,-62.41,-50.203,-39.216,-25.788,-15.107,-4.12,4.12,12.055,18.464,26.399,35.554,41.963,44.404,44.71,43.641,42.726,37.996,33.723,27.009,20.6,14.801,11.292,7.9348,4.7304,1.9837,1.0681,-0.61037,-2.5941,-6.1037,-5.1881,-3.6622,0.76296,2.7467,6.7141,7.7822,10.987,12.36,16.633,19.227,21.516,21.668,20.142,17.701,17.701,17.396,16.48,14.954,14.344,12.665,12.818,10.224,6.7141,5.1881,3.2044,1.2207,0.45778,0.15259,-0.45778,-3.9674,-6.5615,-9.1556,-10.224,-12.207,-12.513,-15.107,-16.785,-18.616,-19.532,-20.905,-22.126,-23.499,-23.041,-23.499,-20.6,-19.684,-18.159,-21.973,-25.636,-32.35,-35.707,-37.233,-38.911,-42.879,-43.794,-43.641,-40.284,-37.69,-34.333,-35.554,-35.096,-39.064,-42.879,-51.576,-56.917,-62.868,-66.988,-70.345,-70.04,-67.598,-62.868,-56.154,-45.015,-34.944,-23.652,-17.701,-10.834,-4.883,1.8311,9.003,15.87,23.041,29.298,37.538,48.067,58.138,69.735,79.958,91.556,100.1,109.1,115.21,120.24,121.31,120.09,118.26,118.41,116.58,116.28,114.6,114.14,110.48,108.04,103.31,99.796,95.676,94.15,92.166,92.929,91.403,88.961,85.452,83.621,79.196,77.364,75.991,75.076,72.787,71.871,72.481,72.939,74.007,77.059,79.806,83.01,85.147,89.877,93.539,99.796,104.07,108.65,110.17,112.16,113.22,115.21,119.17,124.06,128.64,132.45,133.21,135.96,138.1,142.98,144.35,147.1,148.01,149.39,150,150.76,151.22,151.98,152.44,151.83,152.44,154.58,153.97,152.9,149.39,148.32,145.42,142.98,138.55,133.98,131.08,130.16,128.94,128.94,127.26,124.21,121.16,119.79,115.97,113.53,109.71,106.81,102.69,99.643,97.964,94.302,88.809,85.147,82.858,82.247,81.484,83.163,84.689,89.572,91.403,92.013,92.776,95.828,97.964,99.033,96.591,93.692,89.877,86.215,82.705,78.585,70.345,66.683,62.716,60.427,57.527,52.339,46.541,40.59,34.333,28.993,21.21,15.87,10.224,7.9348,6.7141,6.8667,5.4933,3.0519,-0.91556,-0.30519,-0.91556,-1.6785,-4.5778,-4.4252,-7.6296,-7.7822,-7.6296,-4.12,-3.0519,-1.3733,0.45778,1.9837,3.5096,5.7985,5.9511,6.2563,6.7141,10.834,13.276,14.954,13.276,12.818,11.444,13.276,11.75,9.3081,5.9511,3.2044,0.76296,0.91556,-0.30519,-0.30519,-1.9837,-1.9837,-4.883,-6.7141,-9.003,-8.8504,-7.6296,-6.4089,-5.0356,-2.4415,-2.4415,-1.9837,-0.61037,1.2207,0.30519,-0.15259,-4.12,-4.883,-8.24,-11.902,-14.496,-16.633,-19.074,-20.6,-23.804,-28.23,-33.876,-37.996,-43.184,-46.999,-52.644,-56.612,-61.342,-66.073,-70.956,-76.144,-82.095,-85.299,-88.656,-92.166,-96.744,-100.41,-107.58,-113.22,-121.46,-127.11,-133.06,-137.33,-141.45,-146.49,-154.12,-161.29,-167.55,-173.8,-181.89,-188.76,-195.47,-199.59,-204.17,-207.83,-213.78,-217.14,-222.79,-228.28,-236.37,-244.45,-254.07,-263.37,-273.29,-281.53,-290.23,-296.95,-304.27,-309.61,-314.49,-317.85,-322.12,-326.09,-329.91,-333.11,-336.62,-339.82,-343.49,-348.52,-354.93,-358.75,-363.78,-366.68,-369.43,-371.41,-375.53,-377.82,-380.11,-382.7,-385.6,-389.72,-392.93,-395.83,-397.35,-398.27,-399.03,-400.56,-403,-404.52,-406.96,-407.12,-406.96,-406.51,-406.35,-406.51,-407.57,-409.25,-409.41,-410.47,-412.46,-414.14,-416.88,-417.95,-418.56,-417.49,-416.43,-413.68,-410.93,-410.17,-410.63,-412.31,-414.29,-416.58,-418.87,-421,-424.05,-425.28,-426.65,-427.41,-428.63,-427.72,-426.04,-423.6,-422.22,-421,-417.49,-414.75,-412.31,-410.47,-411.69,-412,-412.76,-412.15,-411.54,-410.32,-408.64,-407.12,-404.98,-403.3,-401.32,-398.42,-395.37,-391.4,-388.96,-384.99,-380.41,-374,-367.29,-361.03,-354.78,-349.59,-344.1,-339.06,-334.94,-329.29,-323.8,-317.09,-310.98,-305.03,-298.78,-292.21,-287.03,-282.14,-276.8,-271.46,-267.95,-264.14,-261.09,-256.36,-251.01,-245.52,-240.18,-236.06,-232.25,-229.04,-225.38,-221.56,-217.75,-213.17,-209.97,-205.39,-202.95,-199.59,-195.32,-189.37,-182.2,-175.18,-169.38,-162.21,-156.56,-150.91,-146.64,-141.3,-136.27,-131.08,-125.74,-120.55,-114.75,-108.49,-104.53,-99.338,-95.37,-89.724,-85.452,-79.958,-76.601,-72.329,-68.514,-65.767,-63.784,-63.631,-62.868,-62.105,-63.021,-62.41,-63.936,-66.225,-69.735,-72.787,-74.618,-75.838,-77.822,-81.484,-83.468,-83.773,-82.705,-79.043,-75.686,-70.04,-64.241,-56.001,-48.524,-39.979,-30.366,-19.379,-9.1556,1.9837,14.649,27.772,39.979,50.813,60.732,70.345,78.738,87.436,96.286,106.36,115.36,126.04,135.81,146.79,157.32,167.39,176.7,185.55,192.88,199.9,207.37,216.38,222.02,228.28,231.79,237.13,242.01,247.66,250.25,251.01,251.78,254.22,257.88,262.15,265.05,267.8,266.73,265.66,264.6,265.51,264.44,263.37,258.8,254.07,249.34,245.52,243.39,240.79,235.6,226.91,216.68,210.27,205.69,204.93,200.96,195.32,182.81,167.85,151.52,136.72,123.14,111.7,98.575,84.078,70.956,58.596,47.456,36.927,25.178,15.107,2.7467,-10.071,-24.262,-34.639,-42.268,-45.778,-52.034,-59.969,-69.887,-83.621,-92.929,-101.17,-108.49,-112.46,-115.97,-117.65,-117.19,-116.43,-116.28,-113.83,-111.55,-106.81,-101.47,-92.776,-81.332,-68.056,-50.356,-32.655,-14.344,6.4089,25.941,45.625,65.615,87.893,108.49,132.45,153.97,171.51,182.04,193.03,205.69,217.6,225.23,231.33,235.3,239.11,239.57,240.79,241.25,244.91,249.03,252.08,255.9,258.95,261.09,265.82,265.51,263.68,258.34,254.22,250.71,249.18,247.96,245.83,247.35,251.93,254.52,254.52,251.78,250.4,243.69,233.01,219.58,209.81,204.63,202.8,200.2,199.74,202.64,211.34,220.95,229.65,236.37,243.54,247.2,252.54,260.32,270.39,277.41,280.01,277.87,274.97,271.77,272.38,276.04,285.2,293.13,300.15,302.44,306.86,308.85,307.78,300,292.67,286.57,283.82,277.26,269.94,264.44,260.02,252.24,244.3,230.72,219.12,206.92,199.44,193.18,187.08,175.33,157.93,142.06,128.94,113.99,97.964,86.367,84.536,81.942,76.907,70.956,70.65,68.361,61.953,55.086,53.56,50.203,44.252,36.927,25.941,12.818,2.7467,-10.987,-24.873,-39.979,-52.644,-65.31,-74.77,-84.078,-90.335,-95.981,-101.47,-106.97,-112.61,-121.46,-131.23,-144.51,-159.76,-173.65,-184.64,-196.54,-207.98,-219.12,-225.53,-229.65,-233.47,-239.57,-247.51,-257.88,-268.56,-277.57,-284.74,-290.99,-295.57,-296.79,-293.44,-291.76,-291.15,-293.74,-295.72,-299.84,-303.96,-306.1,-307.02,-308.39,-308.39,-306.86,-304.73,-302.59,-300.3,-300.91,-298.78,-294.96,-287.79,-278.63,-267.65,-257.12,-248.12,-240.79,-236.06,-232.4,-226.91,-224.01,-220.19,-216.99,-211.04,-207.83,-205.08,-203.41,-200.05,-195.78,-191.05,-186.47,-182.65,-181.28,-180.82,-180.21,-176.7,-172.58,-166.02,-161.29,-154.42,-148.78,-146.34,-144.51,-140.08,-134.74,-128.64,-120.4,-109.87,-102.08,-92.929,-86.367,-81.332,-78.738,-75.533,-73.702,-71.413,-68.972,-67.598,-66.836,-66.988,-65.92,-63.936,-62.105,-60.884,-61.8,-58.748,-55.849,-52.339,-45.93,-39.521,-33.113,-25.178,-17.853,-10.834,-6.5615,-1.3733,1.8311,5.1881,6.1037,8.8504,11.292,12.97,14.039,13.581,11.292,8.3926,7.1718,9.6133,11.75,14.801,16.175,17.701,15.87,13.733,11.902,10.681,9.7659,9.4607,8.8504,9.3081,9.7659,14.039,16.022,15.87,15.717,17.701,22.279,27.161,32.807,38.453,41.353,45.473,48.219,54.17,57.527,59.511,59.511,58.748,60.884,63.936,65.615,67.293,68.056,70.803,71.718,71.261,65.92,60.732,56.001,54.323,51.881,51.424,52.187,54.018,53.56,50.661,46.236,44.252,40.132,37.996,34.639,30.824,25.33,21.821,21.058,21.21,21.821,23.347,23.194,22.431,20.447,20.142,17.548,16.938,17.243,20.6,23.194,24.415,23.499,25.025,28.687,34.791,42.726,53.407,63.326,75.228,84.536,93.692,101.63,110.32,117.65,124.52,129.55,135.5,139.32,144.81,146.95,153.2,156.1,159.46,162.66,167.39,170.6,174.11,179.14,183.72,187.38,192.42,195.78,199.9,201.73,202.8,201.42,201.42,202.95,205.08,206.15,205.69,203.86,204.32,205.08,205.85,205.08,206.46,206.46,206,204.93,204.47,203.86,202.03,198.22,194.86,193.03,193.49,194.25,197,198.83,200.35,198.07,195.78,193.79,195.17,198.83,203.41,204.78,207.22,205.69,204.02,198.83,195.93,189.06,184.64,180.36,177.62,175.79,174.72,175.48,177.01,179.45,183.72,186.93,190.44,192.57,194.25,195.78,198.98,202.03,207.98,211.8,212.26,212.1,210.27,204.47,198.83,191.66,186.16,179.3,173.04,166.48,159.76,155.8,151.52,146.18,141.76,138.25,134.43,131.08,130.01,127.87,125.89,120.7,116.73,113.38,112.61,115.82,122.07,128.94,138.4,146.18,150.15,150.61,151.22,149.08,149.24,150.91,154.88,158.09,162.21,165.11,166.33,165.11,162.21,157.63,153.51,149.24,147.4,144.05,144.05,145.27,151.22,154.27,155.95,155.34,153.66,149.69,144.81,139.32,135.2,132.45,133.67,135.81,140.39,143.74,147.4,148.32,147.4,143.44,138.4,133.67,127.41,122.53,119.94,117.34,116.12,113.99,110.93,103.46,95.218,86.215,81.332,79.501,80.721,82.553,83.926,83.773,83.316,82.095,81.942,83.316,85.91,86.367,87.283,89.419,94.607,101.47,108.34,114.9,119.63,122.53,126.5,129.86,131.38,132.3,133.37,130.47,128.64,123.75,120.55,116.58,114.75,112.16,110.63,107.73,104.22,98.27,90.945,82.247,72.176,63.478,59.664,56.917,56.154,52.492,51.576,51.424,54.17,55.544,54.628,52.187,49.898,46.693,45.625,45.473,47.609,48.067,48.219,45.93,47.456,50.356,56.764,64.241,74.16,80.416,83.01,84.231,80.111,73.55,65.767,57.985,55.696,58.138,67.446,82.095,97.812,105.44,109.71,115.36,122.84,126.35,127.11,127.41,129.55,130.01,130.16,129.55,134.89,141.76,148.17,149.24,149.85,147.86,150.46,155.8,161.9,163.88,166.78,171.51,175.48,175.18,173.96,168,161.29,151.83,142.98,132.45,123.14,116.43,111.55,106.51,99.948,90.03,78.89,67.598,58.29,52.339,48.677,44.404,40.132,37.233,36.317,31.587,24.415,19.074,15.87,11.597,7.7822,3.9674,0.45778,-2.2889,-3.357,-3.357,-1.3733,0.76296,1.5259,-1.5259,-5.1881,-8.6978,-10.987,-12.97,-13.733,-12.818,-11.292,-10.529,-8.5452,-7.1718,-1.6785,4.883,8.8504,11.292,16.327,22.279,27.619,33.418,38.911,39.827,40.895,42.421,44.71,44.099,43.031,38.301,33.265,26.551,19.379,9.7659,2.4415,-4.5778,-11.597,-17.243,-21.21,-23.957,-27.314,-30.213,-28.687,-26.856,-25.483,-24.72,-19.532,-14.039,-9.3081,-5.7985,-3.2044,-0.30519,0.15259,-1.9837,-4.5778,-7.9348,-10.376,-12.055,-8.0874,-4.4252,-0.76296,2.2889,3.8148,2.7467,0.91556,-0.45778,-0.91556,-1.0681,-1.3733,-3.8148,-9.1556,-15.259,-16.327,-18.006,-17.243,-16.48,-15.259,-12.665,-9.003,-1.5259,7.9348,16.785,25.025,31.892,37.233,39.827,43.641,43.489,43.336,41.81,40.59,39.674,41.353,42.421,45.167,47.456,50.813,52.492,55.391,57.375,61.037,62.258,62.868,60.427,59.511,58.748,56.154,52.034,48.372,43.336,37.69,30.671,26.246,22.126,20.295,19.227,21.516,21.363,22.126,21.058,21.21,21.058,21.21,20.6,18.921,17.701,20.142,20.753,21.821,20.905,19.532,18.616,18.616,18.921,18.616,18.616,19.837,21.21,20.905,19.227,18.769,14.496,12.818,10.834,11.139,10.224,12.055,10.376,8.3926,5.0356,2.7467,2.2889,4.2726,6.2563,8.5452,9.9185,13.428,16.938,22.279,23.347,23.652,18.769,13.428,8.5452,2.7467,-3.8148,-7.477,-9.6133,-12.36,-18.006,-23.804,-28.687,-29.603,-32.502,-35.859,-42.116,-45.167,-44.252,-39.064,-30.213,-21.21,-17.09,-16.785,-18.921,-19.684,-21.973,-21.363,-19.532,-14.191,-10.529,-9.003,-7.6296,-4.5778,-4.2726,-4.2726,-5.0356,-8.0874,-9.9185,-8.8504,-8.6978,-5.3407,-1.3733,2.1363,2.2889,1.3733,-3.0519,-7.1718,-10.834,-14.039,-16.327,-18.311,-19.99,-20.295,-18.921,-16.938,-15.717,-12.513,-9.7659,-5.1881,-2.2889,1.9837,4.5778,7.1718,8.24,8.8504,8.6978,7.9348,8.6978,12.055,12.97,10.834,6.2563,0.30519,-5.4933,-7.1718,-6.7141,-3.9674,-1.5259,2.1363,8.0874,14.954,19.074,22.126,27.467,34.181,37.996,38.759,37.233,40.742,42.726,45.32,47.304,51.118,52.95,56.764,60.121,63.021,64.852,68.056,71.261,73.702,77.212,83.316,86.673,88.504,88.961,93.234,95.828,100.41,106.2,110.63,113.99,116.43,117.65,115.82,112,110.78,105.9,102.08,98.88,98.575,99.033,102.54,106.2,109.56,111.39,111.39,111.85,113.07,111.85,110.93,109.26,108.04,103,98.575,94.913,90.945,85.452,81.942,79.501,75.076,70.345,65.92,60.274,56.612,52.644,50.203,46.083,42.116,36.317,30.213,24.415,16.633,5.6459,-6.4089,-17.853,-26.856,-34.944,-41.047,-47.609,-51.729,-58.138,-63.631,-70.65,-74.618,-75.381,-75.076,-73.092,-69.124,-68.209,-68.209,-70.65,-71.261,-73.092,-74.007,-74.007,-72.176,-72.176,-73.702,-76.754,-79.653,-81.332,-82.247,-84.536,-84.078,-83.773,-81.79,-80.416,-78.28,-77.822,-78.28,-79.348,-83.316,-87.436,-89.114,-89.877,-90.487,-91.25,-93.387,-96.286,-97.201,-99.49,-98.727,-98.27,-97.812,-96.896,-95.676,-94.455,-91.861,-88.198,-84.078,-80.264,-77.67,-77.059,-76.296,-77.517,-77.364,-78.433,-77.975,-77.67,-75.838,-76.296,-82.095,-88.504,-94.302,-100.25,-105.44,-112,-116.58,-122.99,-128.79,-132.91,-133.67,-133.21,-131.08,-128.64,-127.41,-127.26,-126.8,-128.33,-128.48,-131.84,-131.08,-130.31,-125.28,-119.33,-113.53,-110.48,-107.88,-106.81,-102.54,-97.201,-90.793,-87.893,-85.147,-83.773,-82.4,-82.553,-77.517,-72.329,-65.462,-63.936,-63.021,-62.105,-63.021,-66.53,-70.956,-76.296,-77.212,-79.348,-78.585,-79.653,-77.212,-73.092,-69.43,-70.956,-72.024,-73.244,-73.092,-70.04,-64.089,-59.511,-51.729,-43.947,-35.401,-27.619,-17.701,-10.224,-3.2044,2.5941,6.1037,6.1037,5.7985,5.9511,6.1037,4.883,2.7467,0.61037,-0.45778,-2.1363,-2.1363,-4.12,-5.7985,-10.987,-16.022,-24.415,-32.96,-41.963,-49.898,-56.307,-57.222,-56.307,-54.933,-52.339,-47.304,-46.541,-45.93,-46.541,-44.404,-44.252,-42.116,-39.216,-32.807,-27.619,-23.041,-21.058,-21.21,-23.194,-26.551,-30.976,-32.96,-35.554,-34.944,-35.554,-32.502,-31.587,-30.366,-30.824,-27.467,-25.788,-23.347,-22.126,-19.227,-16.175,-12.665,-9.6133,-3.8148,-0.76296,2.5941,4.12,8.0874,6.8667,5.7985,2.8993,1.5259,-0,-1.0681,-1.9837,-3.0519,-4.883,-6.7141,-7.9348,-9.3081,-9.9185,-9.9185,-11.444,-14.191,-19.532,-23.041,-26.856,-29.45,-30.824,-31.281,-31.892,-32.502,-34.333,-34.486,-36.012,-33.876,-32.655,-30.366,-27.467,-24.262,-21.516,-19.379,-17.548,-16.327,-14.649,-12.513,-11.292,-10.834,-11.902,-8.8504,-6.1037,-3.5096,-2.8993,-1.0681,0.76296,2.5941,2.2889,2.1363,1.3733,2.7467,3.6622,6.5615,7.477,11.292,12.36,14.954,14.496,15.564,15.412,15.87,15.87,15.412,14.191,14.344,14.954,15.717,15.87,17.853,17.853,21.668,25.178,28.23,29.145,29.908,32.655,35.859,39.369,43.794,47.761,52.187,57.07,60.884,62.258,63.173,60.884,60.732,59.816,59.053,58.748,57.68,56.917,56.154,54.781,53.102,49.135,46.846,42.573,40.132,36.012,32.197,26.856,22.431,18.006,14.039,10.376,6.4089,3.5096,1.3733,-1.3733,-1.3733,-2.5941,-2.1363,-1.6785,-1.0681,-1.0681,-1.5259,-2.5941,-3.2044,-1.3733,0.76296,2.8993,4.7304,4.4252,3.6622,1.5259,-0.61037,-3.9674,-7.7822,-12.513,-16.785,-20.447,-23.804,-27.161,-31.434,-37.538,-40.437,-44.099,-43.794,-44.252,-42.573,-44.862,-44.557,-43.947,-40.895,-39.216,-37.843,-37.08,-36.164,-35.096,-31.129,-28.993,-27.467,-28.993,-30.061,-33.723,-36.012,-38.453,-38.301,-38.606,-38.911,-40.437,-43.184,-46.083,-46.388,-49.44,-50.356,-52.797,-55.391,-58.901,-62.258,-65.767,-70.193,-77.059,-84.689,-91.25,-92.471,-96.744,-97.659,-97.201,-92.929,-89.572,-83.316,-76.449,-73.092,-73.397,-71.108,-68.667,-69.277,-75.076,-80.264,-85.147,-86.825,-87.741,-86.673,-88.198,-89.877,-92.013,-90.945,-90.487,-91.861,-92.776,-91.098,-89.114,-88.198,-88.198,-84.384,-82.4,-80.569,-81.484,-79.806,-78.89,-77.364,-77.364,-78.433,-80.874,-81.027,-82.553,-85.299,-86.367,-83.316,-83.01,-82.705,-81.332,-77.822,-76.601,-80.111,-86.52,-94.76,-98.88,-100.1,-101.78,-101.32,-103,-104.37,-106.51,-108.34,-107.88,-108.65,-113.99,-118.87,-121.92,-120.7,-118.41,-114.9,-109.71,-102.08,-97.354,-97.964,-100.86,-99.796,-95.676,-92.013,-90.182,-86.367,-83.621,-82.247,-83.163,-81.332,-77.67,-74.923,-73.702,-72.176,-70.498,-69.887,-70.498,-68.361,-66.683,-66.225,-70.193,-75.533,-83.468,-90.335,-96.133,-102.39,-110.02,-113.68,-119.17,-126.04,-138.55,-148.93,-159.92,-164.19,-166.63,-166.63,-166.48,-164.04,-162.36,-160.07,-160.53,-162.82,-165.26,-162.97,-158.09,-149.69,-143.59,-138.1,-134.28,-130.16,-127.41,-121.46,-113.83,-105.9,-100.25,-92.471,-83.01,-72.634,-65.31,-57.527,-51.881,-41.963,-30.976,-20.905,-14.649,-8.5452,-5.7985,-4.4252,-5.6459,-4.2726,-0.76296,7.0193,16.327,28.84,39.064,50.203,56.764,61.647,63.784,67.141,70.498,74.16,75.686,75.686,77.822,81.79,83.316,87.13,88.809,91.708,92.166,91.098,86.978,83.468,81.79,83.621,83.926,84.994,81.332,79.348,74.923,70.04,61.037,50.508,38.301,26.399,15.107,4.5778,-7.6296,-17.548,-30.061,-41.505,-53.56,-63.326,-74.16,-83.621,-92.624,-102.24,-114.14,-125.58,-135.96,-143.28,-150.46,-157.02,-163.12,-168.31,-176.55,-184.03,-192.88,-199.44,-206.46,-213.32,-220.8,-226.6,-231.33,-234.53,-238.81,-243.69,-247.96,-250.4,-252.54,-251.78,-251.93,-250.71,-249.79,-248.12,-245.52,-244,-244,-243.84,-242.77,-240.49,-237.74,-233.92,-229.35,-224.46,-220.65,-214.85,-211.49,-207.22,-204.93,-199.9,-193.49,-189.52,-186.77,-184.03,-181.13,-175.63,-167.85,-159.15,-151.37,-142.83,-134.89,-125.58,-118.11,-109.41,-103.76,-97.964,-92.776,-89.267,-84.536,-77.67,-69.277,-60.274,-52.644,-43.794,-37.08,-29.45,-24.567,-18.769,-13.733,-5.7985,-0.61037,4.12,11.292,19.99,27.009,32.197,36.775,40.895,43.947,49.593,54.781,61.037,66.378,73.855,79.501,86.673,92.318,96.438,99.49,101.93,102.54,103.92,105.44,109.41,112.92,118.56,122.99,126.8,128.18,133.06,137.49,142.52,146.34,149.85,152.9,157.63,161.6,165.41,168.16,172.28,171.67,172.12,171.82,175.33,178.53,181.59,183.42,182.65,182.96,183.87,183.42,181.43,178.08,176.85,173.8,171.06,166.63,162.82,157.02,150.46,144.05,138.25,134.28,132.76,132.6,132.76,131.53,131.69,130.62,130.01,125.58,124.67,121.01,117.34,114.75,113.68,110.48,109.26,107.88,106.2,102.08,98.27,93.539,91.403,87.741,84.689,81.637,79.806,78.28,77.364,72.024,66.225,59.206,54.323,49.593,46.999,43.489,43.184,40.437,36.012,29.603,28.535,28.84,32.35,35.249,37.233,38.453,41.2,43.184,47.151,46.999,48.83,47.456,47.456,45.015,43.489,41.2,41.2,40.895,39.674,35.707,35.096,33.723,30.519,26.399,24.72,21.21,16.785,10.987,7.477,1.0681,-3.5096,-7.0193,-8.24,-7.0193,-5.6459,-8.3926,-12.207,-15.107,-15.717,-16.022,-12.818,-10.681,-8.24,-7.6296,-6.1037,-4.5778,0.15259,5.7985,13.886,22.889,32.96,41.505,46.693,48.219,48.83,44.71,42.879,39.827,36.622,28.382,21.973,14.954,9.7659,4.4252,-0.15259,-8.5452,-18.311,-29.756,-36.164,-42.116,-40.742,-38.759,-35.707,-34.486,-32.35,-30.824,-26.856,-23.957,-21.363,-19.379,-14.801,-9.003,-1.0681,4.2726,12.818,19.837,27.772,31.587,35.707,40.895,47.151,52.797,59.206,63.173,66.836,70.803,76.296,76.449,75.991,72.024,67.446,57.222,50.356,45.167,44.099,43.947,44.252,43.489,39.521,35.096,34.944,35.859,38.606,40.284,48.067,52.95,56.001,53.713,53.865,54.628,57.833,58.596,57.527,56.001,54.476,53.255,54.933,57.07,61.037,62.41,64.547,64.241,62.105,56.154,50.203,44.557,40.132,35.707,34.333,37.385,43.489,48.524,54.018,56.307,61.037,65.767,73.244,79.348,86.52,92.471,96.133,101.47,106.05,107.88,106.81,103,97.964,89.724,84.536,81.179,78.89,74.313,72.024,67.751,65.31,63.784,61.19,57.222,58.29,58.443,60.579,58.596,57.527,54.628,53.255,49.745,48.524,49.898,53.407,56.612,60.427,63.936,65.004,64.089,63.478,63.936,65.462,62.258,59.206,56.154,55.696,54.628,52.187,48.83,46.693,43.641,40.59,36.775,34.791,31.739,30.519,30.213,32.044,32.807,35.707,38.453,39.979,42.879,46.083,48.83,50.508,50.356,50.661,49.593,50.05,48.524,49.135,47.456,45.015,42.573,39.979,39.979,41.963,44.252,46.541,51.424,57.222,59.206,61.495,60.884,59.358,58.443,58.901,57.07,52.797,50.508,51.271,52.95,55.544,58.901,63.173,67.446,75.076,81.79,85.604,86.52,88.046,86.215,85.147,83.621,83.01,82.553,81.637,79.653,76.907,76.754,78.28,79.348,81.484,84.231,88.351,94.302,103.46,113.22,123.29,135.96,148.93,157.63,162.66,163.43,168.77,171.21,173.19,171.21,170.9,169.38,170.75,172.58,174.72,175.02,176.24,175.63,173.8,172.58,171.97,169.68,168,164.19,162.21,157.78,152.9,147.4,142.83,137.03,129.55,120.09,111.55,102.39,94.913,87.893,87.436,87.13,90.487,89.114,87.13,82.705,79.806,74.923,71.871,69.277,67.446,67.293,68.514,68.514,67.904,66.988,68.361,67.293,68.209,67.141,68.209,67.141,67.446,68.209,68.361,67.141,67.293,67.904,68.972,68.972,70.65,70.345,70.803,67.293,64.394,59.053,53.255,46.388,39.521,32.655,26.246,18.769,13.581,6.1037,0.76296,-6.1037,-9.7659,-13.886,-15.87,-17.701,-18.464,-18.921,-18.616,-18.769,-19.227,-19.684,-19.99,-22.584,-23.347,-25.33,-25.025,-24.567,-23.194,-21.058,-18.616,-17.396,-16.48,-17.548,-16.938,-16.327,-15.107,-16.022,-13.428,-12.207,-8.8504,-6.2563,-1.6785,2.8993,8.5452,14.039,19.227,23.804,30.061,34.639,37.385,36.927,36.47,32.044,27.772,22.736,16.938,11.139,3.8148,-6.1037,-11.597,-16.175,-17.548,-17.701,-13.886,-13.886,-15.717,-17.853,-18.921,-20.905,-19.99,-18.769,-16.633,-17.853,-18.311,-20.753,-22.889,-26.704,-29.756,-33.723,-35.707,-37.385,-37.996,-36.622,-32.35,-29.908,-27.009,-25.33,-24.11,-25.788,-27.619,-29.756,-31.587,-34.181,-36.012,-37.538,-37.69,-40.132,-41.2,-42.726,-43.947,-48.372,-51.118,-53.713,-54.018,-54.17,-54.628,-55.849,-55.849,-54.323,-51.729,-50.356,-47.151,-43.794,-39.216,-36.012,-34.639,-33.876,-33.723,-34.028,-34.486,-34.944,-32.807,-33.418,-32.96,-35.401,-36.775,-38.301,-38.301,-38.301,-36.927,-37.538,-39.369,-41.353,-43.794,-47.304,-48.982,-51.118,-52.187,-54.323,-54.323,-55.391,-54.323,-52.492,-51.118,-51.576,-51.881,-53.713,-53.255,-54.781,-53.255,-54.628,-50.661,-47.914,-42.726,-41.353,-39.674,-39.521,-38.606,-38.148,-38.453,-38.911,-38.301,-37.385,-34.486,-32.807,-30.824,-32.197,-31.892,-34.028,-35.401,-37.538,-38.148,-39.827,-44.404,-50.661,-55.544,-62.563,-68.361,-75.533,-79.196,-84.689,-86.825,-90.945,-94.607,-99.033,-100.71,-103.61,-107.12,-108.19,-107.27,-105.29,-102.54,-99.338,-93.387,-89.572,-84.231,-77.67,-68.209,-60.579,-51.424,-45.32,-39.216,-37.233,-36.164,-37.996,-37.385,-38.301,-38.453,-40.132,-40.437,-42.116,-42.879,-44.404,-42.879,-42.879,-43.184,-44.862,-45.778,-46.388,-45.167,-43.794,-42.116,-41.505,-38.301,-39.216,-38.759,-39.979,-38.453,-36.775,-34.333,-32.044,-29.756,-31.434,-32.197,-31.739,-29.908,-27.924,-24.567,-18.769,-10.224,-4.4252,1.2207,5.6459,12.207,14.954,18.311,19.379,23.347,24.873,28.687,32.96,39.064,43.031,47.151,48.83,50.203,50.356,53.255,54.17,55.086,54.17,55.086,54.933,55.238,54.781,53.102,52.339,52.95,54.018,54.018,54.933,57.375,58.901,61.495,63.478,64.241,64.089,66.988,69.735,70.345,71.718,72.176,71.871,70.04,64.089,59.358,55.696,53.407,50.508,48.83,47.914,48.524,48.524,48.83,49.898,51.576,54.323,56.917,59.969,62.105,63.173,66.378,68.056,71.718,76.144,79.958,81.179,83.926,86.52,87.588,88.046,88.351,88.046,87.283,86.978,87.893,89.267,90.487,89.114,88.961,87.283,89.419,91.25,93.387,94.15,92.166,89.724,88.046,85.757,82.553,76.754,70.803,65.767,63.631,62.105,61.342,58.901,57.985,56.154,57.527,60.579,65.004,68.361,72.939,77.059,79.501,81.179,81.484,79.806,78.127,74.007,69.43,63.021,57.68,52.644,48.219,42.573,37.08,29.45,24.262,22.126,21.668,20.447,17.396,13.886,13.123,9.1556,7.7822,6.2563,4.2726,1.0681,2.2889,4.2726,4.7304,4.7304,4.2726,5.0356,7.477,10.224,15.259,17.853,23.041,29.145,34.639,38.606,43.489,45.93,47.151,47.151,46.236,45.778,45.473,44.252,42.421,40.437,38.911,36.317,35.401,35.249,36.47,35.401,34.333,32.197,30.671,28.993,28.535,29.298,32.044,34.486,35.096,36.775,40.742,44.252,48.372,49.898,48.677,46.083,44.557,43.336,42.573,42.879,43.184,43.947,45.167,45.778,45.32,43.641,43.794,44.71,46.083,45.473,46.693,46.388,46.999,48.372,49.135,48.372,46.846,44.404,42.268,38.606,35.096,32.655,32.35,30.213,27.619,25.025,24.873,23.652,24.72,24.262,21.821,18.464,17.09,16.633,17.701,17.701,15.87,11.444,9.6133,6.7141,7.477,5.0356,3.6622,-0.61037,-1.6785,-3.5096,-5.6459,-5.1881,-3.8148,-3.6622,-2.1363,-0.30519,1.6785,3.5096,5.1881,5.6459,7.477,7.1718,7.7822,7.3244,8.5452,10.681,14.649,18.464,22.736,27.161,31.434,36.164,40.59,43.794,45.93,43.031,40.742,37.538,36.164,34.486,34.333,33.723,34.333,34.791,34.028,33.723,33.265,32.96,34.944,35.249,36.622,36.927,38.911,37.538,39.827,42.726,46.388,48.982,51.576,54.17,59.511,65.004,69.124,71.871,74.465,73.55,74.77,75.228,74.618,71.413,68.056,63.326,60.884,56.001,49.287,41.505,34.486,24.415,16.022,8.0874,3.5096,-3.2044,-7.3244,-12.36,-17.853,-23.499,-28.382,-33.265,-37.996,-43.336,-48.524,-52.492,-53.865,-54.628,-52.492,-52.034,-50.966,-50.508,-48.677,-46.083,-41.353,-37.69,-34.944,-34.486,-35.096,-36.317,-36.927,-35.859,-31.739,-28.077,-20.905,-13.733,-5.3407,0.91556,5.7985,9.3081,13.123,16.633,19.99,22.279,24.262,27.009,30.671,32.35,33.113,30.366,28.687,26.093,23.347,20.295,18.464,14.344,8.3926,3.2044,-1.2207,-6.4089,-10.224,-13.276,-14.954,-17.243,-18.159,-18.006,-17.396,-17.701,-16.327,-16.022,-17.243,-18.921,-19.379,-18.769,-19.074,-17.853,-16.633,-16.48,-13.428,-12.665,-10.529,-7.7822,-2.5941,0.76296,4.5778,7.9348,11.75,17.701,22.431,27.924,33.876,37.385,39.216,37.538,36.927,34.181,31.739,27.924,25.178,18.921,12.36,5.6459,-2.2889,-12.055,-20.447,-30.671,-41.963,-56.612,-69.582,-82.095,-92.013,-100.86,-104.53,-106.36,-106.81,-107.27,-104.83,-99.49,-95.981,-93.081,-90.64,-87.741,-82.4,-77.517,-71.566,-65.767,-55.696,-46.693,-37.08,-27.772,-16.938,-5.7985,4.7304,13.276,21.668,25.636,32.35,38.759,46.388,50.203,53.713,54.323,52.95,47.151,40.437,32.044,25.33,17.243,8.6978,0.15259,-2.7467,-6.1037,-7.0193,-10.834,-13.886,-18.159,-22.431,-25.788,-27.619,-27.467,-25.483,-23.652,-21.21,-18.769,-17.701,-18.464,-18.159,-17.396,-12.97,-7.1718,0.15259,9.1556,19.684,28.535,35.554,39.369,43.336,45.93,50.508,53.865,57.375,56.764,56.154,53.255,51.118,48.677,44.71,36.927,27.009,14.649,2.5941,-9.4607,-21.821,-36.317,-48.219,-62.868,-75.686,-87.893,-97.201,-105.14,-111.55,-116.73,-120.24,-120.24,-114.75,-108.65,-99.338,-91.403,-83.926,-77.212,-69.735,-63.631,-58.748,-54.476,-49.745,-45.015,-37.996,-31.587,-25.025,-21.058,-17.243,-15.717,-12.97,-9.4607,-6.8667,-6.1037,-5.0356,-7.3244,-7.477,-10.529,-14.039,-16.633,-17.396,-19.532,-25.483,-33.265,-38.759,-41.353,-40.284,-43.031,-44.862,-45.93,-45.778,-44.252,-40.132,-32.655,-23.499,-15.564,-6.7141,0.76296,9.3081,19.227,29.603,37.385,43.184,45.625,48.067,49.593,55.849,59.969,62.716,63.631,62.258,61.19,59.969,56.764,52.797,45.32,36.164,26.246,17.548,9.003,0.76296,-4.883,-7.6296,-10.834,-12.513,-13.886,-12.97,-12.97,-9.1556,-4.5778,1.2207,7.3244,13.733,18.464,23.652,26.856,30.671,34.639,41.81,48.982,57.07,66.683,75.228,83.163,90.945,98.575,106.81,111.7,115.67,116.28,112,105.75,97.964,89.572,82.858,76.296,73.244,69.124,66.53,63.936,62.105,60.732,57.68,55.086,53.865,52.797,52.492,50.508,46.693,40.895,35.096,30.671,26.093,20.295,16.175,13.123,12.665,10.987,10.376,7.3244,5.9511,4.2726,4.4252,4.5778,5.3407,5.7985,5.1881,1.8311,1.6785,2.1363,2.7467,2.1363,-1.5259,-7.0193,-13.886,-21.973,-29.145,-36.012,-44.252,-54.781,-63.631,-70.956,-72.481,-72.024,-70.193,-68.819,-66.53,-65.462,-61.342,-57.527,-51.271,-47.609,-43.336,-40.59,-36.164,-30.976,-25.025,-18.311,-9.7659,-1.0681,6.8667,14.191,23.499,30.671,37.233,40.895,42.573,41.658,40.132,38.759,37.233,34.944,30.824,23.652,17.396,8.8504,0.45778,-10.376,-19.379,-29.45,-40.284,-51.881,-57.833,-62.563,-67.141,-69.43,-70.04,-71.871,-70.498,-71.108,-68.819,-69.277,-68.972,-67.141,-63.784,-59.053,-53.865,-50.203,-45.625,-42.421,-39.216,-35.554,-30.671,-26.551,-21.363,-16.327,-10.376,-6.7141,-3.357,-1.9837,-1.5259,-3.0519,-6.4089,-12.513,-21.973,-32.807,-42.726,-54.17,-63.631,-73.397,-79.501,-83.926,-84.384,-85.452,-82.858,-83.01,-81.637,-81.027,-78.89,-73.092,-64.547,-60.121,-55.849,-52.034,-45.167,-41.353,-37.233,-36.164,-32.502,-29.298,-22.736,-17.548,-9.9185,-6.4089,1.5259,8.3926,12.97,17.396,22.126,24.72,24.11,21.363,18.769,14.954,11.597,6.7141,1.9837,-5.6459,-12.207,-21.973,-31.892,-41.047,-49.593,-56.307,-61.953,-63.173,-62.258,-60.884,-57.833,-55.696,-52.644,-52.034,-52.339,-57.833,-62.105,-67.446,-69.277,-71.871,-70.345,-69.124,-65.767,-63.173,-57.985,-52.034,-45.93,-41.505,-34.791,-30.061,-24.72,-22.584,-20.295,-19.532,-17.09,-16.327,-15.412,-16.175,-19.227,-23.347,-25.483,-28.077,-31.129,-38.301,-46.083,-52.95,-56.307,-61.342,-65.31,-69.735,-70.498,-71.718,-71.566,-69.887,-65.767,-57.985,-48.982,-40.895,-33.418,-29.45,-25.788,-24.415,-22.736,-22.279,-19.074,-18.159,-18.159,-20.6,-17.09,-12.513,-7.6296,-5.3407,-4.5778,-2.5941,0.30519,1.8311,2.4415,2.2889,2.4415,1.8311,3.9674,1.9837,0.61037,-2.5941,-4.4252,-6.8667,-6.1037,-7.477,-5.4933,-4.5778,-5.0356,-6.1037,-5.6459,-4.7304,-4.5778,-6.2563,-6.7141,-7.477,-6.8667,-8.24,-9.3081,-10.681,-10.834,-11.444,-11.597,-12.818,-10.529,-9.1556,-9.1556,-7.0193,-3.9674,-2.7467,-3.357,-5.6459,-7.1718,-12.36,-16.48,-20.6,-23.347,-24.567,-18.769,-13.428,-10.376,-11.444,-12.665,-15.412,-19.074,-22.126,-22.889,-22.279,-19.532,-17.853,-15.564,-14.191,-10.376,-7.9348,-2.4415,4.12,11.444,13.123,16.175,16.48,17.243,19.074,23.347,26.551,29.298,30.671,32.502,30.213,30.061,26.856,27.009,25.178,24.873,22.889,20.905,14.801,9.4607,4.12,-1.6785,-7.477,-11.292,-14.954,-17.853,-21.668,-25.178,-28.993,-31.587,-35.096,-36.775,-39.674,-39.674,-38.453,-33.57,-28.535,-21.058,-12.665,-4.12,1.8311,6.7141,11.292,16.633,20.447,26.551,31.129,39.216,42.421,45.473,45.32,47.151,45.167,45.32,44.252,44.252,41.505,38.606,34.486,30.976,27.619,25.636,20.6,16.175,9.4607,1.2207,-9.4607,-15.87,-22.736,-25.941,-29.145,-31.434,-34.944,-39.216,-45.32,-48.372,-50.05,-48.372,-46.541,-42.726,-40.59,-35.554,-32.807,-30.671,-28.535,-24.873,-23.041,-21.516,-20.447,-17.701,-15.259,-12.665,-14.496,-13.886,-17.396,-21.668,-28.077,-30.976,-32.502,-32.655,-35.859,-37.233,-37.538,-36.47,-35.249,-35.707,-38.453,-39.216,-39.979,-38.148,-38.301,-39.369,-41.047,-42.116,-43.641,-43.794,-41.505,-37.538,-34.944,-30.366,-25.178,-20.6,-17.396,-12.36,-7.477,1.5259,7.6296,16.022,21.516,27.009,27.772,27.314,25.025,22.431,18.006,12.97,6.8667,1.5259,-3.6622,-5.9511,-11.139,-15.87,-23.652,-29.45,-37.538,-42.116,-47.456,-50.356,-52.187,-52.034,-51.881,-50.508,-48.219,-44.252,-41.658,-37.843,-34.639,-28.535,-25.025,-19.684,-14.954,-8.0874,-3.2044,5.0356,12.665,19.684,23.194,26.856,29.908,33.723,34.639,40.284,43.336,46.083,42.421,38.301,28.993,20.447,10.681,3.6622,-1.6785,-4.7304,-7.9348,-13.276,-19.227,-25.025,-30.671,-33.265,-35.249,-32.96,-30.366,-24.11,-16.938,-9.003,-4.7304,-2.2889,-0.15259,2.7467,4.4252,5.6459,5.1881,7.477,9.7659,13.123,13.428,15.412,16.175,18.616,19.532,21.058,19.684,19.227,19.074,22.126,21.058,16.633,9.1556,0.45778,-8.24,-13.428,-21.516,-26.704,-33.113,-36.164,-41.353,-43.641,-46.083,-45.93,-45.93,-43.947,-41.81,-39.827,-38.759,-35.096,-32.35,-26.246,-21.21,-14.039,-11.75,-10.529,-10.987,-9.7659,-10.071,-10.376,-11.444,-10.071,-10.834,-10.071,-12.36,-14.191,-18.769,-21.516,-24.72,-25.33,-27.772,-31.739,-37.08,-41.505,-46.236,-47.761,-48.982,-47.609,-47.914,-46.541,-47.456,-45.778,-45.473,-45.473,-46.388,-47.609,-50.966,-53.865,-55.391,-55.696,-57.375,-57.07,-59.511,-60.274,-61.037,-60.427,-60.121,-58.596,-58.901,-58.443,-57.833,-56.917,-54.933,-54.476,-56.307,-59.358,-62.868,-65.004,-68.514,-70.956,-75.838,-78.585,-82.095,-83.468,-83.316,-80.264,-75.838,-70.345,-64.394,-56.307,-48.982,-42.726,-38.759,-34.333,-31.739,-26.704,-23.194,-19.074,-18.006,-16.175,-15.717,-16.175,-17.09,-17.853,-20.142,-22.584,-23.499,-23.194,-22.431,-21.821,-24.262,-27.772,-32.502,-34.944,-39.827,-42.421,-46.236,-47.914,-49.44,-54.018,-59.206,-62.41,-64.852,-63.478,-62.563,-61.19,-61.8,-62.258,-65.767,-67.293,-69.277,-69.277,-70.803,-73.55,-79.196,-82.705,-84.689,-86.52,-89.419,-91.556,-94.607,-97.049,-100.25,-102.69,-107.88,-111.39,-114.75,-115.21,-113.83,-109.41,-106.2,-104.22,-104.53,-106.2,-106.51,-104.22,-103,-102.85,-100.1,-96.896,-95.218,-92.318,-90.793,-90.945,-93.234,-93.234,-93.844,-93.387,-93.692,-92.166,-91.25,-91.708,-92.166,-91.25,-91.861,-90.64,-90.335,-89.572,-90.64,-92.624,-97.507,-99.948,-103.46,-104.22,-106.36,-109.71,-113.07,-115.36,-117.8,-121.77,-125.28,-126.8,-127.26,-126.35,-127.72,-126.35,-126.5,-123.75,-121.62,-118.87,-115.97,-113.68,-111.85,-110.78,-109.87,-109.1,-110.93,-113.07,-118.11,-121.31,-123.75,-122.68,-122.68,-120.85,-118.11,-113.53,-108.49,-103.15,-97.812,-91.708,-85.452,-78.127,-74.007,-71.413,-68.667,-63.784,-60.579,-56.612,-53.102,-48.982,-45.473,-40.742,-36.164,-29.45,-24.262,-20.905,-19.837,-18.616,-18.921,-17.396,-16.327,-12.513,-7.6296,-1.9837,2.1363,6.8667,9.7659,10.987,10.376,8.8504,7.6296,7.3244,5.4933,7.477,8.5452,10.834,11.139,11.292,7.7822,4.4252,0.45778,-0.91556,-2.4415,-4.883,-7.1718,-9.6133,-11.902,-11.444,-13.428,-13.276,-15.564,-16.785,-20.753,-24.11,-29.756,-35.096,-39.216,-42.726,-44.71,-44.862,-44.099,-41.658,-40.284,-37.69,-36.164,-33.418,-31.892,-30.976,-31.281,-31.434,-32.044,-33.113,-34.181,-34.028,-34.944,-33.723,-32.807,-29.298,-27.467,-25.025,-25.178,-24.567,-23.194,-20.447,-17.853,-14.496,-13.428,-13.123,-14.496,-14.344,-15.412,-14.039,-14.801,-14.649,-16.175,-16.48,-16.48,-16.938,-17.548,-17.09,-17.396,-17.548,-19.074,-18.159,-18.006,-16.327,-14.191,-9.4607,-6.1037,-3.0519,-0.30519,3.357,6.5615,10.681,14.801,19.532,23.347,29.756,34.333,41.353,45.93,50.966,53.407,58.138,61.342,65.615,70.65,76.754,81.637,86.825,91.25,97.201,101.78,106.36,109.56,113.38,114.6,115.51,117.19,119.63,123.75,127.11,128.18,130.62,131.53,136.11,140.23,145.73,148.63,153.05,157.78,164.34,169.84,174.11,176.55,178.84,181.28,185.55,188.6,193.18,196.08,199.59,200.66,203.25,204.63,205.69,206.76,207.37,206.46,204.47,200.51,198.52,193.79,189.67,183.57,180.52,177.47,177.47,178.08,178.08,175.18,171.06,166.33,162.97,159.31,156.87,153.2,149.54,144.05,140.08,132.91,126.04,119.63,114.29,108.8,102.85,96.133,89.877,84.536,81.332,74.465,70.498,65.767,62.258,57.375,54.018,51.118,47.914,45.93,43.794,39.064,33.876,29.298,25.788,24.262,24.567,20.295,15.412,7.477,1.8311,-5.4933,-10.071,-17.243,-23.194,-29.603,-35.096,-40.59,-45.015,-50.05,-52.339,-56.307,-58.748,-62.716,-64.699,-65.92,-65.31,-67.446,-68.209,-69.124,-68.972,-70.345,-70.498,-72.329,-74.77,-78.585,-80.874,-84.536,-85.757,-89.572,-89.419,-90.487,-88.046,-87.893,-91.098,-95.218,-96.286,-95.218,-88.809,-82.247,-73.244,-64.547,-52.034,-41.658,-30.976,-20.447,-9.4607,-0,9.9185,20.142,30.366,43.336,60.427,74.007,85.452,92.929,101.47,108.34,116.28,122.23,130.16,138.55,144.2,149.24,156.56,161.9,167.39,169.99,171.36,170.45,171.82,171.51,172.58,171.51,171.82,173.19,171.21,165.56,160.68,154.27,148.01,140.08,133.37,123.91,114.9,104.53,95.676,85.91,79.043,73.855,68.361,63.631,59.511,52.95,45.015,36.164,27.161,16.633,13.428,11.444,11.75,8.6978,7.3244,4.4252,4.4252,4.5778,2.5941,-2.7467,-6.5615,-12.207,-18.311,-26.704,-34.486,-43.794,-50.356,-58.138,-63.173,-67.598,-68.972,-76.144,-83.316,-89.419,-93.234,-94.455,-95.218,-95.37,-93.997,-92.166,-90.793,-92.471,-93.387,-96.744,-100.41,-106.81,-112.16,-120.09,-125.13,-127.72,-129.55,-131.23,-133.52,-137.49,-143.28,-150.91,-155.03,-159.15,-164.04,-172.12,-177.62,-182.81,-188.76,-198.07,-208.29,-219.12,-229.19,-240.18,-248.73,-257.58,-265.82,-272.07,-275.73,-282.6,-288.25,-291.15,-291.6,-292.67,-293.74,-296.18,-298.78,-300.61,-301.83,-302.74,-303.35,-305.03,-305.49,-305.8,-303.96,-301.52,-295.57,-289.62,-284.28,-279.24,-272.68,-265.66,-256.51,-250.1,-242.47,-236.82,-229.65,-224.31,-217.14,-211.04,-205.39,-199.29,-193.18,-188.45,-184.64,-181.28,-176.55,-171.97,-165.87,-160.83,-155.03,-149.69,-143.13,-138.1,-132.76,-128.48,-123.91,-121.31,-116.28,-113.22,-108.49,-104.53,-97.507,-91.25,-84.078,-78.738,-74.313,-71.413,-67.293,-65.31,-62.41,-60.274,-56.764,-54.933,-51.729,-48.219,-44.099,-41.2,-40.284,-41.81,-40.895,-37.69,-33.418,-31.739,-30.671,-31.587,-31.434,-33.113,-33.876,-34.791,-35.554,-37.385,-38.911,-41.505,-45.015,-49.44,-52.797,-57.68,-59.969,-63.784,-65.31,-68.056,-69.124,-68.972,-67.904,-66.378,-63.478,-59.053,-54.323,-51.271,-48.83,-50.203,-49.287,-48.982,-46.083,-43.947,-43.947,-44.252,-43.031,-42.726,-42.726,-43.947,-44.404,-41.2,-37.843,-35.859,-34.639,-35.249,-35.096,-36.317,-35.401,-34.639,-34.486,-35.707,-36.927,-36.317,-35.249,-33.57,-30.366,-25.941,-19.074,-12.513,-5.4933,-0.76296,3.9674,5.7985,7.3244,7.3244,10.529,14.039,17.09,20.447,25.33,27.772,29.145,29.45,30.366,28.687,25.941,22.736,23.347,23.804,24.567,25.941,29.908,34.639,37.233,38.148,39.674,42.268,48.219,53.102,58.901,62.716,67.904,72.787,77.67,80.416,82.553,86.215,92.776,98.575,105.75,110.93,115.51,115.97,116.73,116.73,117.19,114.14,112.61,108.8,103.61,99.49,97.049,92.776,86.825,80.264,76.449,70.65,69.124,68.056,69.124,69.582,71.566,73.702,76.296,79.653,85.299,90.945,95.065,95.218,96.896,97.507,100.56,103,107.58,112.16,116.58,117.95,113.99,104.98,96.744,88.504,81.332,75.228,72.176,67.446,63.326,57.375,54.323,48.83,44.404,39.369,36.622,34.639,34.486,35.249,35.554,35.401,37.233,40.59,46.846,51.271,54.476,54.323,56.612,55.391,52.034,46.999,44.404,41.2,37.843,33.723,30.976,29.908,29.756,29.603,29.908,28.382,29.908,30.671,32.655,33.876,36.927,39.216,42.421,46.541,49.593,50.661,52.644,56.612,61.037,63.631,67.141,71.566,79.043,83.621,90.793,96.438,101.93,103.31,105.14,106.66,107.43,109.26,111.09,112,112.77,111.09,111.09,111.55,113.68,114.9,118.11,123.91,133.98,139.93,145.42,148.17,151.52,154.27,157.17,159,161.44,161.9,163.73,163.12,163.58,160.68,159,157.02,157.17,154.88,154.88,152.29,149.24,145.12,139.77,134.28,133.37,134.13,133.82,132.6,134.13,132.91,133.82,135.35,139.32,140.08,142.83,145.12,148.63,152.44,157.93,161.75,168,173.35,180.52,184.94,189.21,191.5,196.08,197.3,200.35,199.9,200.2,194.86,187.69,180.36,174.11,166.48,159,152.59,147.86,142.06,137.49,129.55,123.14,115.36,106.51,94.607,86.062,77.364,72.634,67.141,58.443,45.015,28.23,14.496,6.5615,1.3733,-1.8311,-6.1037,-10.224,-15.107,-18.006,-19.227,-14.954,-11.139,-5.7985,-3.357,-1.2207,-1.6785,-3.9674,-7.7822,-9.6133,-10.681,-10.987,-12.818,-12.665,-14.344,-14.344,-15.259,-12.36,-8.5452,-4.5778,-4.7304,-3.9674,-2.2889,1.2207,3.2044,3.0519,-1.0681,-2.2889,-3.2044,-1.0681,0.61037,2.2889,-1.8311,-7.477,-16.785,-26.093,-36.012,-43.184,-47.456,-48.677,-48.524,-48.067,-48.677,-48.83,-51.729,-53.102,-55.696,-57.07,-61.19,-67.141,-72.787,-76.754,-80.874,-85.757,-92.318,-98.575,-104.98,-109.71,-115.51,-118.87,-122.23,-123.6,-127.41,-131.38,-133.37,-134.59,-136.72,-138.4,-138.86,-137.49,-135.5,-132.6,-130.47,-127.87,-127.87,-127.57,-129.55,-129.25,-129.09,-128.18,-126.35,-125.58,-126.35,-125.43,-125.13,-125.74,-126.5,-122.68,-117.8,-113.38,-111.24,-108.8,-107.58,-105.14,-101.63,-95.981,-91.556,-86.825,-82.247,-79.806,-78.433,-75.533,-74.007,-70.193,-66.378,-58.748,-54.628,-48.524,-42.116,-35.401,-30.366,-23.652,-17.548,-11.597,-8.3926,-5.6459,-5.3407,-6.1037,-7.1718,-6.8667,-8.3926,-5.3407,-2.4415,0.45778,1.2207,1.5259,2.1363,1.9837,0.30519,-1.5259,-1.6785,0.91556,2.4415,3.8148,3.8148,5.7985,5.7985,7.9348,9.1556,14.801,19.379,27.772,37.08,45.625,52.644,57.527,62.868,69.277,75.228,80.264,82.705,86.367,86.825,90.03,91.25,93.692,95.37,97.354,97.964,100.86,103.15,105.9,107.12,108.49,109.26,111.85,113.99,119.33,122.99,128.33,130.01,132.45,133.52,137.94,141.45,145.42,147.71,150.61,151.07,152.75,152.9,153.05,152.59,153.97,154.58,157.63,157.93,160.53,158.54,157.48,155.34,156.71,159.46,163.12,166.63,169.99,172.73,175.79,178.69,182.2,185.55,187.69,189.98,194.25,197.76,201.42,204.02,206,207.07,209.36,210.88,213.32,213.32,214.24,214.7,216.38,217.9,220.5,219.58,220.95,220.04,222.02,222.17,222.63,224.01,226.14,228.58,231.03,233.01,235.15,237.74,241.86,245.37,250.25,252.08,256.51,258.8,261.09,262.61,265.97,269.78,272.38,274.97,277.57,279.85,281.69,282.6,285.04,285.04,285.2,284.89,285.35,285.65,286.11,287.48,288.86,289.93,290.38,290.99,291.15,289.62,288.55,286.11,284.59,282.45,281.08,280.77,280.62,280.62,279.24,278.48,278.18,277.41,278.02,278.33,280.62,282.3,285.04,286.11,287.64,287.33,287.48,287.79,290.23,292.52,295.72,297.1,298.78,298.62,298.47,296.03,294.5,292.06,291.6,290.54,288.55,286.11,283.52,281.08,278.94,277.41,275.89,273.9,273.14,271.92,272.23,272.07,274.21,276.19,279.24,281.69,281.84,280.77,280.31,279.85,277.87,275.28,274.06,272.07,272.07,272.38,273.29,272.07,269.78,267.19,264.14,260.78,257.73,254.07,249.95,245.22,241.4,236.67,233.62,230.72,226.75,222.94,219.43,215.61,211.04,205.54,201.12,197.61,196.23,192.72,189.67,186.47,184.03,179.75,175.79,172.73,169.68,167.7,164.49,162.51,162.21,160.83,159.46,157.02,154.42,150.61,147.71,145.57,143.13,139.77,136.72,134.59,133.82,132.6,132.91,131.08,131.23,131.08,131.53,130.47,129.4,128.48,127.26,125.89,124.21,123.29,122.53,122.23,122.53,119.79,118.26,115.82,114.29,112.46,111.09,108.49,105.29,101.63,96.744,92.471,87.436,81.332,78.28,74.77,71.108,65.92,61.495,56.001,49.287,43.336,37.69,34.639,30.824,26.093,23.041,18.616,14.496,10.224,6.5615,1.2207,-4.7304,-10.529,-16.785,-22.584,-28.84,-34.791,-39.827,-46.693,-52.034,-58.901,-63.326,-67.598,-70.345,-74.77,-80.874,-86.978,-91.708,-95.981,-98.727,-102.54,-105.9,-110.78,-114.44,-119.94,-122.38,-124.97,-128.18,-129.7,-129.4,-128.18,-128.94,-130.47,-127.57,-127.26,-128.64,-132.76,-133.82,-133.37,-131.08,-128.79,-126.19,-124.36,-123.6,-123.6,-121.92,-120.7,-116.89,-113.99,-110.78,-108.65,-106.2,-103.61,-101.63,-100.86,-99.643,-97.964,-92.166,-83.773,-72.634,-64.852,-58.138,-52.95,-49.745,-47.456,-45.32,-41.505,-38.148,-34.791,-30.366,-26.246,-21.21,-18.464,-13.581,-9.9185,-5.4933,-4.12,-3.6622,-5.4933,-9.1556,-10.529,-8.8504,-8.5452,-6.1037,-2.7467,-3.2044,-9.6133,-10.224,-6.1037,-1.5259,-3.9674,-8.5452,-10.376,-8.8504,-9.4607,-14.954,-20.447,-23.347,-28.535,-35.401,-42.573,-48.677,-56.154,-63.021,-69.735,-75.228,-82.858,-88.809,-96.438,-102.69,-109.1,-115.05,-119.33,-121.46,-122.23,-121.62,-125.13,-126.8,-129.55,-128.94,-129.4,-130.77,-134.28,-135.65,-137.94,-138.1,-139.32,-139.93,-141.3,-145.42,-152.75,-160.99,-169.38,-176.09,-183.87,-190.44,-199.9,-208.14,-217.75,-222.63,-224.62,-224.46,-225.23,-229.04,-233.77,-237.13,-238.2,-237.89,-240.64,-241.4,-244.91,-248.42,-253.76,-259.25,-266.43,-273.45,-279.7,-285.5,-289.77,-291.76,-293.28,-293.28,-294.5,-294.05,-294.66,-295.72,-298.47,-301.98,-304.57,-302.29,-300,-296.33,-293.89,-290.38,-287.48,-283.21,-282.6,-279.85,-277.87,-272.53,-267.65,-262,-255.59,-249.34,-244.15,-237.28,-231.48,-225.68,-221.26,-216.68,-214.55,-211.95,-211.8,-211.19,-213.02,-212.56,-211.04,-208.59,-207.22,-204.32,-202.64,-197.61,-194.56,-187.23,-181.13,-173.04,-167.24,-158.85,-151.52,-144.66,-139.01,-132.91,-126.8,-119.48,-112.16,-104.37,-98.727,-91.861,-85.91,-79.043,-75.533,-70.65,-67.446,-64.089,-60.427,-56.001,-50.813,-46.236,-44.252,-40.895,-38.453,-34.333,-33.113,-29.908,-27.619,-24.72,-22.126,-17.396,-15.564,-14.649,-14.039,-10.529,-7.3244,-0.45778,5.6459,13.123,18.464,25.788,31.129,36.47,42.573,48.524,54.018,57.07,57.985,60.732,62.105,62.41,59.511,57.375,53.56,49.135,45.473,41.353,37.843,36.164,35.096,36.164,36.775,37.538,34.333,29.908,21.973,13.581,5.3407,-3.2044,-10.987,-15.717,-18.921,-20.295,-18.769,-13.733,-10.224,-4.5778,-1.8311,0.15259,0.15259,-0.45778,-5.3407,-10.987,-16.48,-20.447,-22.889,-22.736,-22.279,-19.837,-21.973,-23.804,-28.23,-29.756,-29.756,-28.382,-27.924,-28.382,-30.061,-28.23,-25.33,-20.753,-19.684,-18.616,-18.006,-17.548,-20.753,-23.652,-28.84,-33.113,-35.859,-38.606,-41.963,-46.083,-52.492,-57.527,-63.936,-68.667,-73.702,-75.533,-77.975,-82.705,-86.978,-89.267,-91.098,-90.487,-92.929,-95.065,-98.727,-99.338,-99.033,-97.659,-95.828,-94.302,-95.981,-98.422,-99.643,-97.964,-98.27,-95.523,-92.471,-88.504,-86.215,-84.994,-85.604,-87.588,-88.656,-86.215,-83.621,-79.501,-78.433,-76.144,-76.449,-75.838,-74.313,-72.481,-71.871,-69.735,-66.683,-61.342,-58.596,-54.323,-51.729,-46.846,-43.336,-39.521,-37.385,-36.317,-38.606,-41.658,-44.862,-47.761,-50.813,-51.729,-52.187,-53.102,-54.781,-53.407,-52.644,-52.034,-51.271,-49.593,-48.067,-46.693,-45.167,-42.573,-42.421,-40.437,-39.369,-37.843,-37.08,-34.639,-34.486,-37.08,-39.674,-39.979,-41.2,-40.132,-39.827,-39.369,-42.268,-44.862,-47.151,-48.677,-52.034,-55.391,-59.358,-61.647,-64.547,-67.293,-72.329,-74.007,-76.144,-75.381,-76.144,-77.059,-79.196,-80.416,-82.858,-83.01,-83.163,-80.721,-77.67,-71.261,-67.293,-62.41,-59.664,-57.68,-55.696,-54.018,-53.255,-51.424,-50.508,-47.609,-45.93,-45.015,-46.846,-47.151,-49.135,-50.508,-51.881,-54.476,-58.29,-61.495,-65.31,-69.277,-73.397,-77.059,-80.569,-84.078,-88.046,-91.25,-92.624,-92.776,-91.708,-90.793,-88.504,-84.384,-80.264,-75.838,-72.176,-66.683,-63.784,-62.258,-63.173,-62.716,-61.647,-62.41,-64.852,-65.767,-66.225,-66.836,-68.209,-70.193,-72.939,-75.533,-79.958,-82.4,-86.215,-90.335,-94.913,-98.27,-104.68,-109.87,-115.82,-121.31,-128.94,-135.2,-143.89,-148.17,-151.83,-152.44,-155.19,-154.73,-155.49,-154.12,-153.81,-154.42,-156.56,-159.15,-161.44,-162.21,-165.72,-164.65,-164.34,-164.04,-163.27,-159.46,-157.02,-156.56,-154.12,-148.32,-142.06,-136.88,-132.3,-125.43,-119.79,-110.93,-102.69,-94.913,-90.945,-86.825,-82.858,-78.738,-75.381,-70.65,-66.988,-61.953,-59.053,-55.238,-54.17,-51.271,-50.813,-47.151,-43.794,-39.369,-36.622,-32.35,-29.45,-26.704,-24.873,-22.126,-20.142,-17.396,-15.87,-13.886,-12.818,-10.224,-8.6978,-7.6296,-7.3244,-8.0874,-9.4607,-10.071,-13.123,-16.938,-22.126,-24.11,-27.314,-29.908,-33.723,-34.944,-39.216,-43.184,-48.067,-53.102,-60.274,-66.988,-75.991,-83.163,-90.945,-97.812,-106.81,-110.02,-114.9,-118.11,-122.68,-123.91,-124.06,-121.77,-122.84,-123.91,-126.04,-128.48,-132.45,-134.59,-138.71,-141.45,-146.18,-150.15,-156.71,-162.05,-168.16,-175.48,-181.13,-186.93,-194.71,-201.73,-208.29,-214.55,-221.11,-227.36,-233.62,-236.82,-239.72,-241.25,-243.84,-246.59,-250.4,-255.59,-260.32,-265.97,-274.06,-281.99,-287.18,-287.64,-289.16,-286.26,-284.89,-283.21,-283.52,-283.67,-285.2,-289.32,-292.21,-296.18,-301.07,-303.96,-305.64,-307.17,-308.54,-305.64,-302.29,-297.86,-296.64,-295.42,-295.72,-296.33,-298.32,-299.54,-300.91,-304.27,-307.02,-306.86,-308.54,-308.39,-308.39,-304.42,-300.45,-297.71,-300.15,-303.51,-307.47,-311.75,-314.04,-313.43,-311.44,-309.31,-307.93,-308.85,-311.75,-313.43,-319.83,-329.45,-341.04,-350.05,-360.27,-368.82,-372.17,-368.05,-357.98,-347.91,-342.11,-342.57,-349.13,-359.81,-372.94,-380.87,-382.55,-374.77,-363.63,-348.83,-329.75,-309.92,-296.95,-297.1,-312.05,-332.8,-347.15,-350.05,-343.03,-328.38,-309.76,-291.6,-279.7,-271.92,-270.39,-277.87,-295.88,-317.24,-338.15,-351.73,-357.83,-352.95,-341.04,-329.6,-319.83,-310.07,-304.42,-301.07,-302.29,-303.66,-306.1,-309.31,-312.05,-312.51,-307.47,-296.64,-280.92,-262,-245.52,-229.8,-218.05,-208.44,-205.69,-204.78,-206.46,-206.15,-202.19,-198.98,-195.93,-190.89,-185.4,-182.5,-183.26,-187.38,-187.99,-183.87,-176.7,-165.11,-150.91,-135.65,-124.97,-115.36,-105.14,-99.796,-96.744,-95.37,-96.133,-96.286,-96.133,-94.76,-91.098,-85.452,-79.806,-72.787,-66.53,-60.579,-58.138,-57.68,-59.053,-61.19,-61.8,-61.647,-60.579,-59.511,-57.833,-53.713,-49.898,-45.473,-43.031,-37.996,-34.181,-30.213,-27.924,-23.804,-18.159,-12.818,-5.7985,1.2207,7.9348,14.649,20.905,26.093,30.976,36.927,42.879,49.135,54.17,61.495,69.277,75.991,80.721,85.91,90.793,95.676,100.41,106.36,113.22,118.72,125.74,134.28,141.3,150,157.63,164.04,170.29,178.08,186.47,194.1,202.64,210.73,218.97,227.52,235.6,244.45,252.85,262.15,271.16,282.3,292.37,303.66,312.81,322.43,332.35,341.96,351.27,360.73,369.12,378.58,387.59,396.28,403.3,412.76,419.48,428.33,434.13,440.38,444.2,450.45,456.4,464.19,470.14,476.24,482.04,486.92,489.06,491.65,492.26,494.55,498.21,502.18,504.78,508.9,511.8,513.63,514.54,517.75,520.8,524.16,526.75,529.34,531.33,534.38,534.38,536.06,536.82,539.41,540.33,542.01,543.38,544.15,544.76,545.06,545.06,546.28,547.65,549.94,551.47,554.37,554.98,557.88,557.57,558.03,557.42,558.95,560.78,563.22,565.36,566.58,567.34,570.85,573.44,575.12,575.43,575.88,575.27,576.95,577.56,578.78,577.72,578.94,579.85,580.46,581.22,581.22,581.84,584.12,587.18,588.85,589.01,589.16,587.33,587.33,585.5,583.51,580.16,578.48,577.26,576.04,573.6,571.15,567.95,565.2,561.69,559.56,554.67,550.25,545.52,541.7,536.67,531.94,528.28,524,519.58,515.15,511.34,508.9,505.54,503.56,500.5,499.28,497.3,495.32,490.43,485.24,480.06,475.78,471.97,467.54,462.97,458.69,453.66,450.15,448.62,448.93,447.71,448.01,447.86,450,452.44,454.57,455.64,454.57,453.66,450.61,445.57,441.45,435.19,430.46,425.28,419.63,412.46,405.29,396.44,387.13,379.8,373.85,366.99,359.05,348.98,337.69,327.16,318.16,307.32,298.47,289.32,280.62,270.7,262.31,254.22,246.74,239.88,232.86,225.07,216.68,207.68,200.96,193.79,189.21,182.96,177.47,172.28,167.24,159.76,153.2,148.63,144.35,141.15,135.81,130.62,128.03,125.58,123.29,117.04,112.46,106.81,102.85,97.812,93.234,87.13,81.637,77.975,75.533,71.566,66.225,57.833,50.966,44.252,41.2,33.723,27.009,16.48,7.0193,-5.0356,-16.022,-26.399,-35.096,-43.794,-56.001,-71.108,-85.757,-98.27,-106.81,-117.95,-127.41,-137.18,-144.81,-154.42,-163.27,-172.73,-179.75,-186.01,-191.81,-198.68,-206.61,-214.55,-219.28,-224.46,-230.11,-237.89,-244,-251.93,-257.88,-263.22,-268.41,-272.23,-273.9,-276.8,-279.24,-281.53,-281.99,-282.91,-282.14,-283.82,-283.36,-283.67,-281.84,-280.62,-279.85,-276.19,-273.45,-272.53,-268.87,-262.76,-255.75,-249.49,-241.4,-231.48,-220.65,-211.95,-202.34,-193.33,-181.43,-170.45,-160.53,-150.15,-138.55,-127.72,-115.67,-108.04,-99.796,-97.659,-95.37,-92.929,-86.825,-79.348,-72.481,-67.598,-61.495,-54.476,-51.118,-51.271,-48.067,-42.726,-37.538,-38.759,-39.064,-43.031,-48.83,-56.307,-60.732,-66.378,-73.55,-81.637,-87.893,-93.234,-92.929,-90.945,-83.773,-78.585,-76.296,-79.501,-83.316,-89.572,-96.896,-100.71,-102.08,-104.07,-102.39,-97.964,-92.318,-91.403,-89.419,-90.793,-89.877,-88.351,-85.604,-85.147,-83.316,-81.79,-80.721,-79.806,-78.127,-77.822,-74.77,-73.855,-74.465,-80.111,-86.062,-92.624,-97.049,-99.185,-102.85,-108.34,-114.44,-119.79,-127.41,-135.65,-142.37,-149.54,-156.56,-163.88,-170.29,-179.45,-186.62,-193.79,-200.35,-202.8,-203.1,-201.57,-199.13,-197.76,-196.39,-195.17,-190.13,-185.71,-180.36,-175.94,-169.68,-162.51,-154.27,-146.64,-140.39,-134.59,-129.09,-123.91,-117.5,-113.53,-108.65,-104.83,-101.93,-100.86,-98.422,-96.438,-94.302,-91.708,-90.487,-88.961,-86.673,-84.689,-82.247,-80.111,-76.296,-74.923,-73.244,-72.634,-72.787,-75.991,-79.806,-85.452,-91.403,-97.507,-102.24,-107.27,-109.71,-111.55,-113.22,-117.19,-117.65,-121.31,-122.23,-125.74,-127.72,-130.16,-130.31,-131.69,-130.62,-127.41,-120.85,-114.29,-108.34,-103.76,-97.507,-92.776,-86.52,-83.163,-77.67,-75.076,-72.329,-71.261,-67.904,-64.547,-62.41,-61.037,-59.969,-59.969,-58.443,-58.138,-57.68,-59.816,-59.969,-62.105,-62.258,-64.852,-67.446,-72.024,-75.076,-79.348,-80.416,-82.858,-86.367,-90.793,-94.607,-98.422,-101.93,-106.05,-108.95,-111.55,-113.38,-117.04,-121.46,-126.35,-127.87,-131.23,-135.04,-139.16,-142.06,-142.83,-142.52,-142.83,-142.37,-143.28,-143.74,-143.74,-141.15,-139.47,-136.88,-135.5,-134.74,-135.65,-135.81,-135.96,-135.81,-132.91,-128.79,-127.87,-129.09,-130.31,-128.94,-127.72,-122.68,-117.04,-110.02,-103.15,-96.896,-95.676,-94.455,-95.981,-96.133,-96.133,-93.692,-92.929,-92.318,-92.013,-90.945,-92.318,-90.64,-89.572,-86.367,-86.367,-85.299,-84.841,-82.553,-80.264,-78.127,-79.043,-80.111,-81.027,-82.247,-84.536,-86.367,-87.893,-84.536,-80.416,-74.923,-70.65,-65.004,-63.478,-61.953,-59.816,-58.596,-59.969,-59.053,-57.985,-56.459,-54.781,-49.135,-45.625,-40.59,-38.453,-35.249,-34.028,-30.519,-27.619,-24.11,-21.21,-18.616,-18.311,-16.022,-14.191,-9.7659,-6.4089,-1.3733,-1.9837,-1.9837,-3.9674,-3.357,-3.0519,-0.30519,-0.15259,0.91556,1.8311,3.5096,2.8993,1.2207,-1.2207,-0.76296,-1.8311,-2.5941,-3.9674,-1.9837,-3.0519,-3.8148,-7.477,-10.987,-12.513,-12.055,-11.292,-6.8667,-1.0681,3.8148,7.477,11.902,12.207,14.344,17.243,20.142,21.516,22.736,24.11,27.772,29.603,31.129,32.96,34.028,32.502,30.976,28.535,27.009,23.804,22.279,19.837,19.379,18.006,16.938,15.87,14.344,11.292,10.071,9.3081,6.8667,1.0681,-2.1363,-4.883,-3.9674,-2.7467,1.3733,3.0519,5.6459,6.8667,8.0874,9.9185,12.513,15.564,18.311,21.058,25.178,27.161,29.45,30.671,35.096,39.216,43.947,46.388,47.456,48.372,49.745,51.881,53.865,54.476,55.238,54.17,56.154,56.917,58.138,57.833,58.138,57.375,58.138,59.511,60.732,61.495,63.631,66.378,68.361,69.735,70.65,66.836,63.478,61.037,60.884,60.427,60.884,62.105,65.31,68.209,69.277,70.65,71.566,71.871,72.481,74.618,78.89,82.095,83.621,82.095,78.28,72.787,68.361,64.089,61.647,60.274,60.274,60.274,59.816,59.358,60.121,58.748,58.596,56.764,56.001,54.933,54.628,54.17,52.492,50.661,48.83,46.846,42.573,35.554,27.161,18.464,11.902,3.357,-3.8148,-14.344,-22.584,-29.45,-34.944,-44.252,-54.17,-65.462,-72.634,-80.569,-87.893,-98.117,-106.97,-115.82,-124.06,-132.6,-135.04,-137.33,-137.03,-137.18,-137.49,-140.23,-144.51,-151.37,-161.6,-175.02,-184.48,-192.72,-193.33,-193.33,-192.88,-195.32,-196.84,-196.54,-195.01,-193.18,-186.77,-176.24,-166.63,-160.83,-153.36,-148.78,-142.52,-138.1,-131.08,-122.99,-113.53,-103.46,-92.471,-83.163,-75.533,-69.887,-65.31,-63.021,-59.053,-59.664,-59.664,-64.241,-65.92,-70.04,-74.465,-82.705,-91.861,-103.61,-111.85,-118.11,-124.21,-131.99,-136.42,-142.98,-145.42,-145.42,-144.35,-143.13,-140.39,-135.35,-127.57,-121.77,-115.36,-113.38,-112.16,-113.68,-111.85,-108.65,-101.17,-94.15,-89.419,-89.419,-86.978,-81.79,-74.923,-70.193,-64.241,-61.19,-58.596,-59.053,-54.476,-52.797,-50.203,-48.83,-48.83,-50.966,-52.644,-56.154,-57.07,-61.342,-65.004,-70.65,-74.923,-79.653,-82.095,-84.994,-86.673,-89.114,-92.624,-96.591,-99.796,-104.22,-105.9,-109.41,-110.17,-111.55,-111.55,-114.9,-117.19,-120.7,-125.28,-132.3,-138.4,-144.51,-148.63,-152.59,-154.42,-156.71,-159.76,-165.41,-168.31,-172.43,-175.33,-179.14,-183.72,-187.38,-190.13,-193.49,-195.62,-198.68,-202.19,-207.68,-208.75,-211.19,-214.24,-217.44,-218.97,-220.65,-222.79,-224.46,-225.68,-226.45,-224.46,-221.26,-218.36,-215.77,-210.88,-208.59,-204.93,-201.73,-196.39,-192.88,-189.98,-187.54,-185.25,-184.48,-183.57,-183.72,-182.5,-183.42,-183.72,-186.01,-187.99,-191.5,-193.64,-194.1,-192.72,-192.42,-193.49,-195.01,-196.23,-197,-195.17,-196.84,-196.08,-198.07,-199.44,-201.73,-203.56,-204.93,-206.31,-207.37,-208.14,-207.53,-205.85,-203.86,-200.96,-199.13,-196.23,-195.32,-193.18,-192.42,-189.67,-187.23,-184.79,-181.43,-177.92,-172.12,-166.17,-160.68,-154.42,-150.46,-143.74,-137.64,-131.84,-128.33,-124.52,-121.01,-117.95,-115.36,-111.85,-109.26,-105.75,-104.22,-101.02,-98.422,-94.607,-92.776,-90.487,-87.588,-83.926,-79.653,-76.144,-74.618,-72.939,-71.871,-69.735,-68.514,-66.378,-66.683,-66.53,-66.683,-63.784,-61.19,-58.443,-56.307,-55.544,-53.713,-53.407,-54.018,-55.544,-58.443,-60.732,-63.173,-64.394,-66.53,-66.988,-68.209,-68.819,-69.277,-70.04,-70.345,-69.43,-68.209,-67.904,-67.598,-66.836,-68.209,-69.124,-72.329,-71.413,-71.413,-71.566,-71.413,-70.345,-68.972,-65.615,-61.342,-57.833,-56.154,-52.339,-50.661,-48.83,-48.219,-45.167,-43.184,-39.216,-33.723,-27.619,-22.584,-16.633,-11.139,-3.9674,3.8148,12.818,19.837,28.993,35.707,42.116,47.761,55.849,63.021,70.193,75.381,81.179,85.604,92.013,96.438,101.93,105.14,109.87,113.22,117.5,122.38,129.86,136.88,143.89,150.3,156.41,162.36,172.12,178.84,187.99,196.08,205.85,213.17,220.5,227.52,234.08,240.94,249.34,255.13,259.41,263.37,268.11,270.55,276.19,279.4,280.62,276.8,271.61,264.75,257.42,248.27,240.33,231.03,219.28,206.61,195.17,181.89,169.38,154.73,142.37,131.38,123.45,117.65,113.07,107.88,101.63,97.812,95.218,91.556,90.335,90.03,92.929,93.081,95.065,95.065,96.133,96.591,98.27,100.41,103.31,105.75,109.87,112,115.36,119.02,125.74,131.99,140.54,147.56,153.51,159.15,166.17,173.65,180.36,186.47,191.81,195.47,200.66,203.56,209.05,214.7,219.89,224.01,229.96,235.45,239.42,243.69,248.88,252.69,256.05,259.1,266.88,271.61,278.02,282.14,286.87,288.09,292.21,296.64,301.83,305.19,309,310.83,311.59,312.05,312.97,314.34,318.31,320.9,326.7,330.36,333.41,336.62,339.37,340.74,341.2,340.89,341.5,341.81,343.33,342.11,341.04,339.06,337.08,334.64,334.64,333.72,333.72,333.26,333.11,330.36,323.95,316.93,310.53,304.42,299.23,293.89,290.69,288.71,287.18,283.52,280.92,276.35,272.53,267.8,261.09,255.13,249.95,246.13,242.77,237.59,232.4,225.99,220.65,214.39,207.07,198.52,190.74,181.43,170.9,159.15,148.32,135.81,124.21,113.38,107.12,102.08,101.32,99.643,98.88,93.692,88.504,81.027,75.686,70.65,66.988,63.326,61.8,60.579,59.969,57.07,56.612,54.323,54.17,51.729,52.797,53.102,55.696,57.833,59.358,59.816,58.901,55.391,52.797,47.609,43.336,36.775,32.96,25.33,17.853,9.003,3.5096,-2.8993,-7.1718,-10.681,-11.75,-12.818,-14.344,-17.243,-21.363,-28.077,-33.113,-37.538,-41.047,-45.167,-47.914,-52.339,-56.764,-59.969,-61.19,-62.716,-63.936,-68.209,-68.667,-70.498,-72.787,-77.059,-79.196,-81.484,-82.095,-84.841,-84.536,-84.841,-85.147,-86.52,-87.13,-88.351,-89.114,-90.03,-89.419,-91.556,-94.302,-98.117,-100.56,-105.44,-106.97,-111.39,-115.51,-119.17,-121.77,-123.91,-123.45,-123.6,-122.38,-122.07,-120.85,-122.07,-119.79,-118.56,-116.89,-116.28,-112.46,-109.26,-106.97,-107.43,-108.04,-108.95,-109.26,-111.7,-111.85,-112.16,-108.8,-108.19,-106.2,-107.73,-106.66,-106.97,-108.49,-111.85,-112.77,-113.53,-114.14,-114.9,-113.53,-114.6,-113.07,-111.24,-106.36,-104.68,-106.81,-113.53,-117.19,-119.48,-121.01,-124.82,-127.72,-129.25,-128.18,-128.48,-126.19,-127.41,-126.8,-128.33,-128.03,-131.53,-133.67,-135.81,-137.33,-138.71,-137.94,-136.27,-135.35,-134.74,-131.38,-129.7,-125.28,-122.23,-118.87,-118.41,-118.11,-117.34,-114.44,-110.17,-104.98,-102.39,-99.338,-97.507,-93.692,-90.945,-86.062,-83.621,-80.264,-79.501,-75.838,-72.481,-66.988,-61.342,-56.764,-53.407,-49.745,-49.593,-48.524,-47.304,-46.541,-47.914,-48.219,-49.287,-47.761,-47.456,-47.304,-49.745,-52.187,-53.102,-53.713,-54.323,-55.238,-55.696,-54.781,-56.764,-56.307,-56.612,-55.391,-55.391,-54.476,-52.492,-49.898,-49.44,-47.151,-43.641,-41.2,-40.437,-41.505,-42.268,-40.284,-39.827,-39.216,-41.047,-41.505,-42.421,-42.726,-42.726,-40.742,-39.369,-37.996,-38.606,-39.369,-41.047,-41.505,-41.353,-43.336,-47.609,-51.881,-58.29,-66.378,-75.686,-81.637,-89.572,-95.218,-98.117,-99.338,-99.796,-98.88,-97.201,-97.049,-97.964,-96.744,-97.659,-97.964,-100.25,-98.27,-96.896,-94.455,-92.624,-88.351,-84.384,-80.721,-77.822,-74.313,-70.04,-64.547,-61.8,-57.375,-53.713,-47.609,-43.641,-37.233,-32.502,-26.093,-20.6,-16.175,-14.954,-13.428,-13.276,-10.987,-9.7659,-3.0519,1.5259,8.0874,9.6133,14.954,19.99,27.009,31.587,31.892,30.671,29.756,24.415,17.548,10.681,6.4089,-1.2207,-7.0193,-13.733,-19.379,-29.298,-37.385,-46.541,-52.797,-56.764,-60.579,-63.936,-65.157,-66.988,-67.141,-65.767,-65.157,-66.225,-66.683,-69.43,-73.55,-79.196,-82.553,-86.062,-88.809,-92.929,-95.065,-96.133,-96.744,-96.133,-93.387,-90.945,-89.419,-87.893,-86.062,-86.825,-84.689,-83.01,-79.653,-77.059,-74.618,-72.634,-69.582,-64.699,-60.121,-55.544,-49.745,-43.794,-39.521,-37.233,-36.164,-37.08,-37.385,-37.385,-35.554,-36.775,-39.064,-42.726,-43.794,-44.862,-45.778,-45.32,-43.489,-40.132,-36.927,-34.791,-34.028,-35.554,-34.486,-35.401,-33.876,-33.723,-33.876,-36.622,-37.69,-39.369,-38.759,-38.148,-37.538,-36.927,-33.57,-27.772,-20.6,-15.87,-11.139,-9.7659,-9.003,-12.36,-16.48,-21.668,-24.262,-26.246,-27.161,-27.161,-26.246,-25.33,-26.246,-27.009,-25.025,-22.889,-22.736,-22.431,-21.516,-22.584,-19.227,-15.87,-13.276,-13.428,-13.276,-14.801,-16.022,-15.717,-15.107,-15.564,-15.564,-14.954,-13.886,-17.853,-18.464,-18.769,-16.327,-14.344,-9.6133,-5.6459,-1.3733,2.5941,8.24,11.139,14.649,16.785,19.684,21.821,25.636,27.314,33.57,38.301,45.015,48.219,51.729,53.407,54.323,54.933,56.917,59.206,62.563,63.478,67.904,72.634,80.569,87.588,97.201,104.98,112.92,118.56,123.6,126.8,131.99,136.88,142.22,148.78,157.17,163.58,169.53,172.89,179.6,183.57,188.15,187.99,187.54,186.77,187.84,187.69,187.69,188.3,189.06,189.67,190.89,188.6,186.16,183.42,181.28,179.3,176.24,173.8,172.89,171.97,170.9,168.31,167.85,165.26,165.11,163.43,161.6,158.24,157.17,155.49,153.97,151.37,149.24,145.88,144.35,142.67,143.44,141.76,142.06,139.62,138.86,138.1,137.94,137.33,136.11,133.37,132.6,130.47,130.16,127.41,126.19,122.53,121.46,121.01,120.7,118.72,116.89,115.36,115.05,115.51,114.9,112.16,110.78,106.51,104.68,102.24,101.02,99.948,99.033,98.422,96.438,93.997,91.861,87.436,84.231,82.095,83.621,83.926,85.91,87.436,90.793,92.624,95.523,94.913,93.081,91.098,91.25,94.302,98.117,100.56,101.47,99.338,98.727,98.727,99.796,99.643,99.796,97.964,95.37,93.997,92.624,90.945,89.267,88.198,85.147,80.721,78.585,75.838,75.228,72.787,71.261,67.751,64.699,62.105,60.427,58.596,57.222,55.696,54.628,55.086,57.68,59.511,62.258,63.173,63.936,64.089,63.173,62.716,60.579,58.29,56.307,56.612,58.29,58.29,58.443,55.696,56.917,56.917,57.375,54.933,54.476,53.255,50.203,47.151,44.862,41.81,39.216,35.401,32.502,30.519,31.281,28.84,26.704,23.957,22.736,21.516,18.464,15.564,13.428,11.902,5.9511,-1.3733,-6.4089,-10.834,-10.681,-12.513,-14.039,-18.616,-20.905,-21.668,-19.99,-19.684,-18.464,-18.311,-17.548,-16.633,-17.548,-20.6,-22.736,-27.924,-29.908,-34.791,-35.554,-36.775,-36.317,-34.639,-33.57,-31.892,-27.161,-22.279,-15.717,-8.8504,-0.76296,6.4089,15.564,21.363,27.772,31.434,36.47,41.658,48.372,50.508,51.424,49.745,47.304,42.421,36.775,29.908,24.415,18.921,16.022,10.529,7.7822,1.6785,-4.4252,-10.681,-13.733,-18.159,-22.279,-27.314,-31.434,-34.791,-38.759,-43.947,-47.609,-53.102,-56.307,-60.732,-63.631,-68.209,-71.413,-75.076,-76.907,-80.721,-84.384,-88.351,-91.25,-95.523,-99.49,-101.78,-103.15,-104.53,-103.76,-104.83,-103.15,-105.14,-106.51,-108.95,-109.56,-112.16,-112,-112.16,-111.55,-112.31,-111.39,-112.46,-112.92,-115.36,-115.36,-119.02,-121.01,-124.82,-125.74,-126.35,-126.35,-124.97,-122.07,-118.87,-113.38,-110.32,-103.31,-97.659,-89.419,-84.078,-79.653,-77.517,-75.076,-71.871,-68.514,-63.326,-57.985,-55.544,-51.118,-46.846,-41.658,-37.843,-32.197,-26.093,-20.753,-15.717,-9.6133,-3.6622,2.5941,7.6296,13.886,18.311,24.262,27.924,35.249,43.489,49.593,54.781,60.579,65.31,71.261,77.212,85.299,90.03,94.455,97.659,101.63,104.07,105.75,107.12,108.65,110.48,112.92,115.51,120.85,124.06,127.87,129.4,131.84,132.45,135.65,139.32,141.15,143.28,144.05,146.03,147.71,149.39,153.2,154.27,156.56,156.56,157.48,157.78,159.92,160.68,159.15,155.03,150.76,146.34,142.06,138.55,135.96,130.92,126.65,121.16,117.8,111.24,107.43,102.08,98.575,95.981,93.844,91.25,90.945,90.03,90.64,91.708,94.913,95.523,98.27,99.643,102.69,102.08,102.54,101.32,102.39,102.69,105.14,106.51,109.26,112,115.51,117.65,121.01,124.67,130.92,135.04,140.23,142.83,145.42,145.88,146.79,147.25,147.86,147.86,147.71,147.86,148.01,147.71,148.78,149.69,152.29,152.44,153.66,151.83,149.69,145.42,143.28,140.54,139.32,138.55,138.1,136.42,134.74,133.52,132.76,131.38,132.15,131.69,132.91,133.21,135.2,135.81,138.1,139.93,140.69,141.76,145.42,150,153.81,157.48,162.36,165.41,169.68,172.28,174.41,172.89,171.36,166.48,162.82,158.54,152.59,146.95,141,134.28,128.79,123.29,118.72,113.38,108.34,103.76,101.47,98.88,96.744,94.15,91.098,86.978,82.705,78.738,75.991,74.007,72.176,68.514,66.683,61.953,59.358,55.544,51.881,47.456,46.388,45.93,46.236,45.473,43.336,41.963,42.268,42.116,43.184,41.2,40.132,38.148,38.759,39.827,41.505,42.879,45.473,45.32,45.32,43.184,41.2,40.437,40.742,41.2,39.979,36.164,32.807,28.382,27.314,24.415,23.041,19.379,15.564,10.071,7.0193,3.6622,0.76296,-2.4415,-3.8148,-5.4933,-5.0356,-7.3244,-9.1556,-15.564,-19.379,-24.11,-25.941,-26.856,-25.941,-26.551,-26.551,-27.467,-27.772,-29.145,-31.129,-34.028,-34.486,-33.723,-31.129,-32.197,-32.655,-35.249,-34.944,-34.944,-34.639,-34.639,-34.486,-34.791,-34.028,-32.35,-28.535,-24.11,-16.633,-12.055,-5.4933,-0.61037,5.9511,8.3926,10.834,12.97,13.428,13.733,12.665,10.987,10.529,9.7659,11.75,14.649,19.227,19.379,17.853,16.48,14.496,13.733,14.496,17.853,22.584,27.009,33.113,33.876,33.113,30.824,27.772,24.262,21.668,20.905,19.837,15.87,10.529,3.5096,-2.5941,-9.3081,-13.123,-16.48,-19.837,-22.584,-25.483,-28.077,-30.366,-33.418,-36.47,-40.895,-43.641,-47.914,-51.881,-56.917,-61.19,-65.92,-68.819,-69.887,-69.43,-69.43,-68.819,-68.972,-68.361,-68.819,-68.514,-70.803,-73.244,-75.533,-81.79,-88.656,-94.913,-100.41,-104.53,-108.34,-108.49,-111.09,-111.55,-113.83,-114.75,-116.28,-116.73,-115.51,-114.6,-112.61,-109.87,-105.14,-101.93,-101.47,-100.25,-99.796,-98.117,-98.27,-97.507,-96.896,-95.828,-95.828,-96.744,-99.643,-100.86,-100.41,-99.338,-99.033,-97.812,-97.354,-97.659,-100.25,-100.41,-100.56,-98.88,-96.896,-94.607,-91.556,-89.572,-89.419,-91.403,-94.302,-97.812,-100.56,-99.185,-101.17,-102.69,-106.05,-109.1,-111.39,-112.92,-114.44,-114.14,-111.7,-108.34,-105.14,-102.54,-104.22,-106.05,-108.95,-108.49,-108.49,-108.19,-105.44,-100.86,-98.422,-97.659,-96.744,-97.812,-98.422,-98.117,-100.25,-101.32,-103.92,-106.97,-111.39,-116.43,-122.53,-126.8,-131.08,-135.65,-140.08,-144.96,-150.61,-154.88,-160.53,-163.12,-166.78,-167.09,-168.16,-165.26,-163.73,-162.36,-161.44,-160.53,-159.92,-158.39,-158.09,-155.64,-153.97,-147.56,-143.28,-137.79,-135.96,-132.91,-131.84,-129.55,-128.79,-129.09,-131.69,-131.69,-132.76,-132.3,-135.96,-137.18,-138.86,-137.03,-137.49,-135.65,-134.89,-133.67,-133.82,-131.69,-130.62,-129.55,-129.09,-127.57,-127.26,-124.67,-124.82,-122.53,-122.68,-121.46,-119.48,-117.8,-114.6,-112.31,-111.39,-109.41,-108.34,-107.43,-108.65,-108.19,-107.88,-105.14,-104.22,-99.338,-96.591,-92.471,-90.487,-88.809,-88.809,-87.13,-86.825,-86.062,-86.825,-85.299,-88.351,-91.556,-95.218,-95.828,-96.591,-96.744,-97.201,-97.659,-98.727,-99.338,-101.02,-101.63,-103.15,-102.69,-102.54,-99.643,-99.033,-96.744,-95.218,-93.692,-93.387,-92.624,-93.387,-93.539,-95.065,-95.676,-97.049,-97.659,-100.1,-100.1,-102.69,-104.68,-108.95,-111.7,-114.29,-117.34,-121.01,-124.06,-126.5,-130.01,-133.21,-134.74,-136.27,-137.03,-140.23,-141.76,-144.35,-144.66,-144.51,-140.54,-135.35,-129.86,-123.45,-116.43,-109.87,-103.15,-97.659,-90.182,-84.078,-74.923,-67.446,-58.443,-52.187,-45.93,-41.658,-36.164,-31.587,-26.856,-22.889,-19.227,-15.564,-9.9185,-5.9511,-0.30519,2.5941,8.5452,10.376,13.123,14.191,15.564,16.327,16.48,15.717,15.564,16.633,18.921,19.227,21.821,20.905,20.447,16.785,16.633,15.564,16.175,15.87,17.243,18.616,21.21,22.736,25.636,27.314,30.366,30.824,34.639,35.859,37.843,38.453,40.132,40.132,41.963,42.116,44.71,47.304,49.593,49.745,50.661,50.05,51.576,51.881,52.492,50.203,49.898,47.304,48.524,47.914,48.067,45.778,44.71,42.268,41.81,41.81,41.2,40.132,37.996,34.791,32.96,30.061,30.366,28.535,27.009,23.041,20.905,15.717,9.7659,3.6622,0.61037,-1.6785,-2.5941,-3.9674,-2.7467,-4.2726,-5.0356,-6.7141,-5.4933,-3.5096,0.30519,0.15259,0.30519,-3.357,-5.0356,-6.4089,-5.9511,-6.1037,-7.0193,-10.224,-12.665,-15.107,-14.954,-17.243,-17.396,-18.921,-17.548,-18.006,-17.396,-19.532,-21.058,-24.72,-24.567,-23.804,-22.279,-21.973,-20.905,-20.295,-17.548,-16.938,-15.412,-15.259,-11.902,-11.139,-9.4607,-11.902,-14.801,-17.853,-19.074,-21.516,-23.194,-25.636,-29.298,-33.418,-31.892,-31.587,-30.366,-32.35,-30.366,-29.298,-26.551,-24.72,-23.347,-22.889,-22.889,-23.041,-23.041,-22.431,-19.837,-17.09,-12.818,-11.444,-8.6978,-8.8504,-8.3926,-11.75,-11.597,-11.444,-11.444,-13.428,-14.191,-14.039,-10.987,-9.3081,-4.883,-3.5096,-0.15259,0.61037,2.2889,1.6785,2.5941,2.5941,1.9837,2.2889,3.9674,7.1718,10.834,12.36,12.207,9.9185,7.477,1.9837,-2.4415,-7.1718,-10.529,-14.039,-14.801,-17.243,-19.227,-22.889,-27.009,-29.603,-31.129,-34.639,-36.47,-41.047,-43.641,-50.05,-53.865,-58.901,-59.969,-61.342,-61.8,-63.326,-62.105,-59.969,-54.17,-51.118,-48.372,-46.541,-40.437,-34.944,-27.467,-22.431,-16.785,-11.902,-6.4089,-0.30519,4.883,9.7659,16.022,19.99,23.652,25.941,29.45,30.824,32.96,34.944,36.775,36.622,37.08,38.606,41.353,44.71,48.372,49.287,49.135,47.151,45.473,42.116,40.59,40.437,42.268,43.336,43.489,43.184,44.252,45.32,47.914,49.745,52.797,53.713,54.933,57.222,59.664,61.8,66.378,69.124,71.871,74.465,78.127,78.28,78.585,76.449,76.754,76.144,76.601,74.618,71.718,68.209,66.073,63.936,63.936,61.953,62.563,61.8,63.326,62.258,60.579,58.748,56.764,54.933,54.476,55.086,54.781,53.56,54.17,54.628,55.849,55.544,56.764,57.222,58.138,58.901,57.222,54.933,55.696,56.154,56.154,55.238,55.391,51.881,48.83,44.404,40.742,36.012,32.197,26.704,22.431,19.074,18.159,15.107,12.055,11.292,11.902,10.987,12.97,14.801,16.175,15.87,17.243,17.243,15.107,11.444,8.8504,6.1037,3.357,2.5941,2.5941,2.8993,2.2889,1.0681,0.91556,-0.30519,-0.30519,-0.76296,-0,-1.2207,-3.357,-7.0193,-11.444,-15.87,-19.227,-21.668,-23.499,-27.009,-26.856,-29.298,-31.587,-38.453,-42.421,-46.999,-48.677,-51.118,-52.187,-53.713,-52.95,-50.661,-49.135,-50.203,-45.93,-42.726,-36.775,-35.249,-33.57,-35.707,-36.622,-38.606,-39.674,-41.658,-40.132,-38.148,-36.164,-34.486,-33.265,-35.249,-34.333,-34.181,-31.892,-29.603,-24.873,-24.11,-23.804,-23.804,-24.873,-30.366,-34.486,-37.385,-36.47,-37.233,-36.164,-35.401,-31.587,-29.45,-26.093,-23.499,-19.074,-16.175,-11.902,-5.9511,5.1881,16.938,27.009,33.57,40.437,43.336,47.151,49.593,54.17,56.612,59.664,58.901,59.358,59.816,59.816,55.849,50.508,45.473,42.116,37.538,37.233,36.927,37.69,37.69,39.064,35.707,32.96,29.603,27.467,21.821,18.311,13.123,9.1556,6.1037,4.4252,1.2207,-1.5259,-6.1037,-7.1718,-9.1556,-9.7659,-14.191,-16.633,-21.21,-24.415,-29.603,-33.418,-39.064,-46.236,-53.56,-61.037,-71.566,-84.078,-95.828,-104.22,-113.07,-120.09,-128.48,-132.6,-136.72,-138.55,-141,-144.35,-148.32,-150.76,-152.75,-155.34,-159.61,-162.97,-166.48,-168.31,-171.51,-171.51,-170.6,-166.94,-164.95,-162.21,-159.15,-155.95,-152.59,-149.54,-147.4,-145.27,-140.84,-134.74,-128.79,-120.4,-114.75,-108.19,-102.85,-96.133,-91.098,-85.757,-80.721,-76.601,-73.092,-68.056,-65.157,-64.089,-62.105,-57.985,-54.933,-50.813,-48.524,-45.015,-44.099,-41.047,-40.284,-39.064,-38.759,-38.148,-38.759,-39.064,-39.216,-38.606,-38.301,-34.333,-32.502,-30.061,-28.84,-24.415,-21.21,-16.48,-12.36,-9.6133,-9.1556,-8.5452,-7.3244,-6.5615,-6.7141,-5.7985,-6.1037,-5.6459,-6.2563,-5.3407,-6.5615,-6.2563,-6.2563,-4.7304,-5.3407,-5.1881,-5.6459,-5.0356,-5.9511,-3.5096,-4.2726,-5.1881,-9.1556,-9.003,-9.1556,-6.4089,-5.0356,-4.2726,-4.7304,-4.883,-6.7141,-7.3244,-9.6133,-10.834,-13.733,-13.581,-14.954,-12.665,-11.139,-8.0874,-6.2563,-4.2726,-1.6785,1.0681,3.357,6.1037,5.7985,7.3244,7.3244,8.8504,9.1556,12.665,14.039,16.938,18.159,19.074,19.379,19.99,20.6,22.431,23.499,24.72,25.636,27.314,26.093,26.856,26.551,27.467,26.246,26.246,24.415,23.957,23.652,25.025,27.467,30.061,30.976,32.35,33.876,37.08,37.843,41.658,44.252,48.372,49.898,53.407,55.391,57.68,59.969,61.953,63.478,66.53,68.972,71.413,72.481,75.838,78.585,83.468,86.673,89.572,90.793,92.471,93.692,95.218,96.591,98.88,99.185,101.47,102.08,104.53,105.75,107.12,108.04,108.95,108.49,108.65,107.27,106.81,106.05,106.51,106.05,107.12,106.2,108.19,109.41,111.39,113.38,113.38,112,110.63,107.58,106.05,104.07,102.54,98.727,97.507,96.286,95.37,95.523,94.913,94.913,94.913,94.607,96.133,95.37,96.133,95.523,96.286,96.896,98.88,99.643,100.1,99.948,100.41,99.338,98.727,97.354,98.27,97.354,98.27,96.591,96.438,95.065,95.065,94.15,93.387,92.776,92.624,92.624,93.997,93.692,95.218,94.455,96.896,98.422,101.32,104.22,108.8,112.16,116.58,120.55,124.21,127.41,129.7,131.23,134.74,136.57,139.77,142.06,144.51,144.51,146.18,148.17,149.39,149.85,150.46,150.76,150.76,150.46,151.52,151.68,153.2,153.05,153.97,154.42,156.71,156.1,156.87,157.32,158.7,160.37,162.82,163.43,164.19,164.49,166.02,165.41,166.94,166.02,167.85,168.46,170.75,172.58,174.41,173.96,172.43,169.84,166.94,164.8,164.34,162.36,162.36,160.22,157.48,153.66,151.83,151.22,150.61,150,148.47,144.96,143.74,142.22,142.52,141.61,142.06,139.77,139.62,138.71,137.03,133.82,131.38,128.48,126.65,123.75,122.84,119.63,117.65,115.05,113.53,111.85,111.24,110.17,109.71,108.95,110.17,110.02,110.63,109.71,111.85,113.53,116.28,119.02,121.92,123.75,125.89,127.26,129.25,130.47,131.99,132.45,134.59,133.98,134.13,133.67,133.98,130.47,127.72,125.74,123.75,121.92,121.16,121.92,121.01,118.56,115.97,112.61,110.93,108.19,107.43,104.98,104.37,103.92,104.68,106.66,108.65,109.56,111.39,112.61,111.39,107.58,103.31,97.507,93.234,87.741,83.926,78.28,71.718,64.241,56.001,47.761,41.047,34.181,25.941,17.548,9.6133,-2.2889,-12.818,-23.957,-31.434,-40.742,-48.372,-56.001,-61.953,-68.667,-75.686,-83.01,-87.436,-91.403,-93.539,-99.033,-102.39,-107.88,-111.09,-114.29,-116.12,-116.73,-116.28,-116.12,-115.67,-114.9,-112.61,-110.02,-105.14,-99.643,-92.166,-87.893,-79.196,-72.634,-67.598,-65.462,-60.121,-50.966,-42.116,-33.265,-23.347,-14.496,-4.2726,2.1363,8.5452,13.581,19.074,19.837,17.396,13.886,12.818,10.987,12.818,13.276,14.801,14.344,12.665,7.0193,5.1881,7.477,18.616,26.704,30.213,29.756,33.265,41.047,49.44,55.544,59.358,59.206,59.816,57.375,55.849,54.628,55.544,54.781,56.307,57.68,58.443,58.901,59.969,56.764,49.135,43.184,40.895,42.421,46.846,49.287,52.95,55.849,59.816,60.732,63.784,69.735,77.212,84.994,91.25,95.981,98.422,95.828,91.403,87.283,86.978,86.215,86.52,86.062,85.147,81.027,75.228,68.361,62.563,56.001,49.898,39.827,27.314,15.107,3.6622,-11.597,-24.567,-37.996,-48.83,-58.596,-66.073,-77.364,-88.198,-100.1,-112.77,-124.52,-134.59,-144.2,-155.49,-168.16,-177.16,-186.62,-193.95,-203.86,-210.12,-216.07,-221.11,-225.23,-228.43,-232.7,-237.59,-244.61,-251.17,-259.71,-264.75,-271,-275.28,-279.85,-281.69,-284.59,-287.33,-290.84,-293.13,-297.1,-297.71,-298.47,-298.32,-300.15,-300.45,-300.91,-295.88,-290.99,-283.67,-276.19,-266.88,-258.8,-251.93,-246.89,-242.16,-236.98,-231.03,-226.75,-221.11,-218.82,-213.93,-213.78,-212.56,-215.31,-216.68,-218.67,-217.9,-216.99,-213.93,-211.49,-207.83,-204.93,-200.35,-199.74,-197.91,-199.9,-199.44,-201.27,-204.93,-210.88,-215.16,-219.89,-222.94,-227.06,-229.04,-232.7,-235.45,-240.18,-242.77,-244.61,-245.52,-246.59,-248.27,-251.32,-252.85,-254.22,-252.69,-253,-250.86,-249.79,-245.67,-243.54,-240.33,-237.43,-233.77,-229.96,-225.23,-220.8,-215.31,-213.32,-209.97,-206.92,-201.88,-199.9,-197.3,-194.56,-190.74,-189.06,-186.93,-186.01,-184.79,-183.57,-181.59,-181.74,-179.45,-180.82,-180.97,-182.35,-182.35,-182.65,-182.5,-183.26,-182.2,-181.43,-180.82,-182.35,-183.72,-190.28,-194.56,-198.83,-200.81,-205.08,-209.05,-213.63,-217.9,-222.63,-227.21,-231.79,-236.37,-241.86,-245.22,-248.57,-249.64,-250.1,-247.81,-247.35,-246.74,-246.89,-247.05,-246.89,-245.67,-242.47,-237.59,-234.53,-231.33,-228.58,-224.77,-220.34,-213.78,-206.92,-199.59,-191.96,-183.26,-172.73,-162.21,-154.27,-146.79,-141.15,-133.21,-125.89,-118.56,-111.85,-103.92,-95.523,-84.384,-72.024,-62.258,-55.391,-47.609,-41.505,-34.181,-26.704,-17.701,-11.902,-5.7985,-0.76296,6.8667,12.97,18.159,23.194,30.671,35.096,38.301,40.59,43.641,44.099,45.473,45.625,44.252,43.031,41.353,39.064,37.996,35.554,33.57,29.298,25.025,20.753,18.159,16.327,13.886,11.902,11.902,11.292,10.681,8.3926,6.7141,1.5259,-2.8993,-8.24,-11.597,-14.954,-16.327,-17.243,-15.564,-16.175,-14.954,-14.954,-11.75,-9.7659,-8.5452,-7.9348,-7.3244,-7.6296,-6.8667,-5.3407,-3.6622,-3.357,-1.9837,-3.5096,-2.2889,-2.4415,-0.45778,-1.8311,-2.8993,-6.7141,-10.834,-17.853,-24.415,-29.908,-31.281,-33.723,-34.639,-33.723,-32.044,-33.723,-34.486,-34.944,-33.723,-32.502,-31.587,-31.587,-31.739,-34.028,-36.775,-41.047,-43.031,-46.083,-47.151,-47.609,-46.846,-48.067,-49.44,-51.271,-53.255,-54.17,-55.696,-58.138,-59.664,-61.342,-59.664,-58.138,-57.07,-56.612,-55.086,-55.696,-54.933,-52.797,-48.83,-44.557,-39.521,-34.181,-31.892,-29.603,-26.246,-22.279,-18.311,-13.581,-5.7985,0.30519,4.4252,6.8667,9.7659,12.055,17.548,22.279,29.45,36.012,43.031,50.203,57.985,65.615,72.787,79.806,86.215,94.76,105.75,114.14,122.07,126.5,132.15,134.74,135.81,134.59,135.96,135.96,136.27,134.59,133.82,134.74,137.49,138.55,137.64,134.74,134.43,134.28,137.03,138.55,141,140.39,139.77,137.33,135.81,133.98,133.37,132.6,134.89,137.79,141.61,145.27,149.08,150.91,154.12,155.34,156.56,154.42,153.51,152.44,154.73,156.87,159.31,160.07,159.46,156.87,155.49,154.88,156.41,159.31,164.04,164.19,163.43,158.54,155.49,154.27,155.64,155.19,155.03,154.27,154.12,152.75,150.46,144.96,137.03,130.92,128.18,124.52,122.68,120.4,119.02,115.05,113.38,110.48,107.58,102.85,98.88,95.981,93.692,90.793,87.436,83.01,78.127,73.244,70.65,66.836,65.157,61.342,59.053,54.476,52.339,49.287,43.641,35.096,29.145,23.347,18.311,12.818,8.24,3.2044,-0.30519,-6.4089,-9.6133,-13.276,-15.87,-19.99,-21.21,-23.652,-25.941,-28.382,-29.145,-29.603,-28.382,-29.145,-31.129,-34.181,-34.944,-37.538,-37.996,-42.116,-44.71,-46.846,-47.151,-49.135,-50.203,-50.966,-49.135,-46.846,-46.083,-46.999,-45.32,-44.557,-42.726,-43.641,-45.473,-48.524,-49.593,-51.424,-52.644,-52.797,-53.102,-53.407,-53.865,-54.781,-55.238,-55.391,-53.255,-52.339,-49.745,-49.287,-47.304,-48.524,-49.745,-51.729,-54.323,-59.206,-65.462,-71.718,-75.228,-79.653,-84.231,-91.25,-97.201,-105.44,-109.1,-113.22,-114.29,-116.12,-116.43,-115.05,-112.77,-110.02,-106.36,-103.31,-99.643,-97.964,-96.744,-95.523,-90.03,-84.841,-78.433,-72.481,-63.326,-57.527,-52.187,-47.914,-42.726,-36.775,-30.061,-24.72,-19.074,-15.259,-12.055,-9.4607,-4.5778,-0.15259,7.3244,13.886,21.516,25.941,29.145,30.061,31.281,30.976,31.739,28.993,27.924,24.11,22.126,15.412,11.139,6.7141,4.4252,-0.91556,-9.003,-18.159,-25.788,-32.35,-36.927,-42.573,-46.083,-51.271,-52.797,-53.102,-51.729,-53.407,-54.17,-54.781,-54.323,-52.034,-48.067,-45.625,-41.505,-38.453,-36.164,-36.012,-32.044,-30.519,-29.298,-27.161,-20.6,-14.344,-8.6978,-4.883,0.30519,3.9674,8.24,9.4607,12.665,14.496,17.396,16.938,17.548,15.87,16.327,16.022,18.464,20.142,22.431,23.499,25.788,25.178,26.704,25.33,27.619,27.924,27.772,25.483,24.11,22.126,20.905,18.464,19.684,21.058,25.483,27.314,31.129,32.96,37.843,42.116,46.236,48.677,52.187,56.154,62.716,68.361,74.007,76.449,79.653,79.958,81.484,81.179,80.264,81.637,83.773,85.452,86.062,87.741,89.572,90.793,93.692,94.455,96.286,93.692,92.624,90.64,90.487,92.318,93.844,95.981,97.659,99.948,102.85,105.59,110.48,113.38,116.12,115.97,116.43,115.36,116.58,119.17,120.24,119.17,118.72,121.16,124.21,128.18,130.62,129.86,128.18,125.28,124.36,122.23,120.4,117.95,117.5,117.5,118.87,122.23,127.11,131.99,135.96,138.71,141.3,141.91,144.81,147.4,151.83,155.49,160.99,166.02,170.9,174.72,179.3,183.57,188.3,191.81,196.23,196.84,198.83,197.45,198.52,197.15,196.84,195.17,194.25,194.1,195.17,195.17,194.56,192.72,194.4,193.03,193.79,192.88,192.42,189.98,188.76,186.16,184.18,181.89,179.91,176.85,173.96,171.67,169.23,164.49,160.07,153.81,148.17,139.93,133.52,127.26,121.46,116.89,113.99,110.17,106.05,102.24,97.659,93.081,90.335,85.299,83.163,80.569,81.027,81.484,84.384,87.436,89.114,89.877,90.487,87.283,84.384,81.027,78.89,74.007,70.04,64.241,57.68,49.287,39.064,26.856,14.496,1.3733,-9.3081,-21.821,-33.723,-46.388,-56.459,-68.514,-79.043,-90.335,-99.796,-109.41,-118.11,-126.19,-134.13,-140.69,-142.83,-146.49,-146.64,-151.52,-156.25,-160.22,-159.31,-157.78,-156.25,-155.64,-155.19,-154.27,-151.98,-150.76,-147.25,-145.73,-141.45,-139.01,-132.91,-126.65,-113.68,-98.422,-83.316,-72.176,-65.31,-62.868,-65.31,-72.634,-76.754,-74.923,-62.105,-40.59,-13.886,9.4607,27.619,37.385,39.064,33.418,25.33,21.668,28.077,40.742,61.495,85.604,110.48,128.79,137.33,138.1,132.91,124.06,116.58,109.26,106.51,106.81,111.24,114.14,116.28,114.9,111.39,106.05,99.49,93.997,91.25,88.351,84.841,77.67,70.193,59.358,46.846,29.908,14.801,-0,-12.055,-21.973,-31.739,-42.726,-54.018,-65.31,-73.244,-82.553,-90.182,-100.56,-106.2,-112,-116.73,-124.36,-131.23,-141.3,-147.25,-152.75,-157.48,-158.7,-158.09,-159.76,-164.8,-169.99,-171.82,-175.02,-178.53,-182.65,-184.64,-189.98,-195.01,-201.88,-206.76,-211.19,-214.85,-218.51,-222.63,-226.75,-229.35,-233.16,-238.81,-246.89,-254.37,-262.76,-268.26,-275.73,-283.52,-292.52,-301.07,-310.53,-318.77,-326.4,-332.04,-336.62,-339.52,-344.71,-347.15,-351.88,-356.3,-363.63,-369.43,-374.92,-380.26,-387.13,-393.69,-398.72,-402.23,-404.83,-407.27,-411.69,-414.9,-418.71,-423.6,-431.38,-438.4,-443.43,-445.27,-445.57,-445.88,-445.27,-445.57,-446.64,-445.57,-446.03,-445.88,-444.96,-441.3,-437.33,-433.82,-431.68,-429.85,-426.95,-424.05,-420.85,-419.02,-417.04,-413.83,-410.47,-405.59,-401.01,-396.28,-393.38,-389.42,-384.99,-380.72,-376.14,-371.11,-366.22,-360.12,-353.86,-346.08,-339.82,-332.65,-325.48,-318.61,-312.51,-305.19,-298.01,-291.91,-285.96,-281.69,-277.41,-272.07,-266.27,-262,-259.71,-256.97,-254.37,-249.34,-245.67,-241.25,-237.28,-232.4,-227.21,-221.72,-216.99,-213.02,-208.29,-202.64,-198.37,-193.03,-189.21,-186.62,-184.94,-182.04,-178.08,-173.8,-168.16,-163.73,-159.61,-156.71,-154.27,-154.88,-155.19,-154.12,-153.97,-152.75,-151.98,-149.24,-146.64,-145.88,-144.66,-143.44,-141.15,-139.01,-136.42,-131.53,-128.33,-125.28,-122.68,-120.09,-117.19,-113.38,-110.32,-108.34,-106.51,-104.53,-102.08,-99.49,-96.896,-95.523,-93.997,-90.03,-88.809,-85.757,-84.231,-82.4,-80.874,-77.975,-75.381,-73.855,-72.176,-70.803,-70.498,-67.598,-64.852,-60.579,-56.764,-52.034,-47.456,-43.031,-38.759,-34.028,-31.434,-28.687,-26.856,-22.889,-20.6,-17.09,-12.97,-6.7141,-1.6785,2.5941,5.7985,8.6978,9.7659,10.224,9.1556,7.6296,6.1037,7.1718,8.0874,11.292,13.886,16.938,18.311,21.058,22.279,20.905,16.175,9.3081,4.883,3.2044,0.91556,-0.30519,-1.9837,-2.5941,-5.9511,-6.2563,-6.5615,-5.0356,-5.0356,-5.6459,-5.1881,-3.8148,-2.4415,-3.9674,-5.3407,-5.4933,-2.7467,3.0519,4.5778,5.6459,6.4089,9.1556,8.3926,6.8667,4.5778,1.9837,-0.61037,-0.15259,1.5259,4.7304,8.6978,15.259,22.889,31.587,40.437,49.287,54.323,60.579,67.446,76.144,84.994,93.234,102.69,113.22,121.01,126.8,133.06,142.67,148.78,155.19,161.29,168.77,173.35,176.7,176.55,175.33,173.35,172.12,171.82,173.96,176.7,181.28,184.33,186.16,186.16,186.93,186.16,186.93,187.84,191.81,195.32,196.23,193.18,190.89,185.86,181.43,178.69,181.59,183.26,182.5,178.84,179.91,182.35,183.57,182.04,180.21,173.65,168,162.82,161.29,159.92,163.58,166.33,168.77,168.16,165.87,163.58,163.27,161.44,159.76,154.73,149.08,140.69,131.08,118.87,105.75,92.776,81.027,72.176,68.972,64.241,65.157,65.004,64.241,60.427,58.596,58.138,56.154,51.576,44.404,34.639,27.924,21.363,19.837,16.327,11.139,6.7141,5.7985,3.6622,2.7467,0.76296,-1.8311,-6.7141,-11.139,-14.039,-15.107,-15.107,-9.4607,-4.7304,1.5259,4.7304,9.3081,14.954,23.804,34.944,46.236,59.664,76.144,90.945,106.2,119.79,134.13,144.51,153.36,158.24,163.73,168,173.19,175.79,179.91,185.4,190.13,193.18,198.37,201.27,203.56,203.56,203.56,202.19,199.44,195.78,195.62,193.79,193.18,191.2,188.3,186.47,185.71,182.2,179.75,179.14,180.06,178.08,177.92,176.09,175.02,171.97,174.26,179.91,185.09,187.69,189.06,187.38,185.4,182.04,179.45,172.89,165.72,155.49,142.06,126.96,112.92,101.78,91.098,78.433,65.615,50.356,38.148,22.279,6.8667,-9.6133,-25.788,-42.421,-57.375,-72.787,-86.673,-100.86,-113.38,-125.74,-135.35,-144.51,-151.83,-157.32,-162.51,-167.39,-171.67,-175.33,-175.33,-175.18,-174.26,-175.94,-175.33,-175.18,-174.41,-175.79,-175.33,-173.65,-171.06,-169.99,-169.07,-168.16,-167.09,-166.17,-164.04,-162.82,-159.76,-157.78,-155.49,-153.51,-149.24,-145.57,-140.69,-135.35,-128.18,-121.77,-116.58,-112.61,-106.51,-100.86,-91.556,-84.078,-74.923,-67.598,-60.884,-55.391,-51.881,-48.677,-44.557,-40.284,-35.859,-31.434,-24.873,-20.142,-14.649,-12.055,-7.9348,-4.5778,-0.30519,2.8993,5.1881,7.3244,10.224,12.36,16.175,17.396,22.126,24.11,27.467,28.687,31.434,33.57,36.012,38.606,41.81,42.116,42.879,40.742,40.284,37.843,37.538,36.164,37.69,39.521,42.116,42.879,45.167,45.32,45.778,44.099,44.099,41.505,43.031,44.557,47.304,47.914,47.151,46.236,46.083,45.167,44.71,43.184,44.557,46.693,50.356,51.118,53.255,52.797,52.034,50.508,49.898,48.067,48.83,48.372,48.982,49.287,50.05,47.914,46.846,44.252,41.963,39.216,37.385,36.775,37.233,36.012,35.096,32.655,30.213,29.298,28.23,27.314,25.788,24.415,23.652,21.668,21.668,19.379,16.48,12.513,9.6133,6.7141,4.4252,1.0681,-0.91556,-3.8148,-5.6459,-8.6978,-9.3081,-8.24,-7.9348,-7.9348,-6.1037,-6.1037,-5.1881,-6.8667,-8.6978,-10.376,-11.75,-11.139,-10.376,-10.376,-9.6133,-7.477,-2.7467,0.91556,6.7141,11.902,16.633,21.668,29.756,37.69,45.473,48.219,51.576,53.865,59.206,64.547,68.667,71.566,75.228,79.348,84.078,84.078,84.689,84.384,86.673,87.283,87.588,87.893,91.25,93.997,98.88,101.78,105.14,106.66,110.63,112.16,116.58,122.07,126.5,130.01,133.67,134.89,136.11,136.27,135.96,133.06,130.77,129.09,128.18,126.04,122.53,119.33,119.17,117.34,114.14,108.8,105.75,103.46,102.24,101.17,101.63,103.46,101.17,98.117,95.218,95.37,96.744,96.133,97.507,99.185,103.31,106.66,108.34,112.31,116.73,120.4,123.14,126.5,128.48,126.96,124.97,121.77,119.02,115.82,115.05,112,108.65,104.83,100.41,95.676,92.013,88.656,86.367,83.163,81.332,75.533,72.787,66.988,61.342,56.154,54.933,51.271,46.693,45.32,47.304,42.116,35.707,31.434,30.366,29.298,31.281,32.502,35.096,34.791,31.587,21.516,12.36,9.3081,11.75,15.259,18.769,21.668,22.889,21.821,28.23,34.944,43.184,48.219,56.307,62.41,66.683,62.258,56.307,51.881,51.729,52.797,55.696,55.849,54.628,49.44,48.067,45.778,43.031,38.911,38.148,37.233,36.164,33.113,30.671,27.619,26.551,24.873,24.415,21.058,17.243,11.292,9.7659,6.2563,3.0519,-1.3733,-0,4.4252,11.597,16.938,19.532,17.548,15.259,11.444,8.5452,2.1363,-2.1363,-7.9348,-9.9185,-8.6978,-5.6459,-5.1881,-2.2889,1.0681,6.1037,9.7659,11.139,8.0874,6.2563,5.9511,9.9185,11.902,14.649,15.412,17.243,14.496,14.039,14.191,14.191,12.513,10.681,7.477,6.4089,3.0519,0.61037,-6.2563,-9.6133,-13.123,-13.733,-14.954,-12.818,-12.207,-10.681,-8.24,-4.5778,-2.1363,0.76296,2.8993,5.4933,7.6296,11.139,14.344,18.769,21.058,21.516,21.058,20.295,19.837,22.889,24.415,24.873,22.126,21.668,22.584,25.178,24.873,25.941,27.161,27.619,26.551,25.788,24.415,24.72,23.804,26.093,27.467,30.213,31.434,35.859,38.606,41.658,42.421,44.557,48.219,53.102,56.459,60.121,65.004,72.634,77.517,83.163,87.13,90.64,94.913,97.964,101.17,103.92,108.34,113.99,116.73,119.94,121.77,124.06,124.06,126.8,128.64,129.55,129.25,130.77,128.48,125.58,122.23,120.24,117.04,115.67,112.31,112.61,113.38,118.26,121.31,126.19,131.53,136.72,139.77,142.22,143.44,147.25,149.85,152.75,154.12,157.32,158.09,158.85,157.93,156.41,151.83,148.01,146.34,145.73,145.42,144.35,141.76,138.71,133.06,132.3,130.92,131.38,132.15,132.15,132.6,132.91,131.84,131.84,131.23,131.53,129.55,129.09,126.65,126.04,123.14,120.09,114.9,108.8,101.17,96.896,94.76,93.844,95.523,97.812,97.659,99.643,100.86,101.63,97.049,92.013,87.893,88.504,88.504,86.978,82.705,77.212,73.092,68.209,63.936,61.342,57.985,53.713,47.304,43.184,38.301,35.249,31.587,29.603,27.009,23.194,21.21,22.279,25.483,28.535,27.467,24.262,19.99,17.243,11.597,9.9185,11.292,15.87,19.837,26.399,30.213,29.45,27.161,22.889,15.717,6.1037,-0.30519,-1.2207,-1.8311,-0.91556,-0,3.0519,2.4415,-0,-0,4.12,9.6133,13.428,16.175,21.058,27.009,32.655,32.96,34.333,33.265,34.639,34.028,34.639,34.639,31.739,27.924,22.736,15.107,9.7659,3.8148,0.91556,-2.7467,-3.9674,-5.4933,-4.7304,-5.4933,-5.3407,-4.5778,-1.3733,2.4415,6.8667,9.003,13.581,16.022,20.905,21.973,21.516,21.21,19.532,18.616,18.921,20.295,22.431,25.025,30.366,31.892,32.96,33.723,36.927,40.895,44.557,46.236,47.761,46.999,45.625,46.083,49.44,50.966,52.644,50.966,50.508,45.93,39.674,31.587,26.551,20.295,13.581,5.9511,-0.45778,-5.9511,-9.1556,-11.139,-12.513,-17.09,-19.99,-21.363,-20.905,-22.126,-24.567,-27.161,-27.924,-28.84,-27.619,-25.025,-21.21,-18.464,-16.938,-19.684,-23.347,-28.687,-35.554,-41.658,-46.999,-49.745,-52.644,-56.001,-58.138,-61.037,-60.884,-65.462,-69.43,-74.313,-74.007,-76.754,-79.806,-84.689,-88.809,-94.913,-99.796,-102.24,-103.31,-106.05,-108.04,-111.55,-112.31,-114.6,-115.67,-118.72,-119.79,-122.38,-122.07,-121.16,-117.95,-114.29,-112.77,-111.55,-110.78,-111.85,-111.09,-108.8,-105.59,-101.78,-95.218,-91.098,-84.841,-81.027,-75.838,-71.718,-67.751,-65.157,-63.631,-63.936,-66.53,-68.209,-66.683,-65.92,-66.836,-70.803,-72.634,-75.228,-77.364,-80.874,-83.01,-85.452,-84.689,-84.384,-81.484,-79.043,-77.364,-77.822,-75.838,-72.176,-66.53,-63.784,-61.495,-62.563,-59.969,-57.833,-54.323,-54.17,-53.865,-55.086,-56.001,-55.849,-52.644,-48.982,-46.083,-46.236,-46.846,-50.966,-52.492,-55.391,-55.238,-55.391,-54.323,-51.271,-47.151,-45.32,-43.336,-42.268,-40.742,-38.453,-33.723,-33.57,-32.655,-32.807,-29.145,-28.077,-27.161,-25.636,-24.567,-24.415,-22.584,-22.431,-23.347,-22.431,-20.447,-19.837,-16.938,-16.48,-14.801,-15.107,-13.581,-14.649,-15.564,-19.227,-23.041,-27.009,-31.892,-34.639,-33.113,-30.519,-25.636,-22.584,-18.464,-16.327,-13.428,-12.665,-11.292,-11.597,-10.987,-11.444,-10.834,-10.071,-10.071,-11.902,-12.665,-13.428,-11.444,-12.513,-12.36,-13.733,-14.191,-18.159,-20.753,-25.178,-26.704,-28.535,-29.756,-31.281,-32.35,-32.502,-30.061,-25.788,-19.379,-14.496,-6.7141,0.76296,6.7141,12.36,19.074,23.652,27.619,27.924,31.281,33.418,35.707,38.148,43.794,48.982,51.424,51.881,54.17,54.933,53.56,48.83,47.456,45.93,44.404,41.2,35.707,30.671,27.772,23.194,20.447,18.006,19.532,22.736,23.652,23.041,21.668,19.227,17.396,14.344,9.9185,4.12,-1.0681,-3.9674,-5.9511,-7.477,-8.3926,-10.529,-10.376,-7.0193,-1.2207,4.2726,9.7659,13.276,17.396,21.363,27.924,37.08,47.761,56.154,66.988,76.601,85.604,92.013,95.523,98.727,102.69,100.56,96.133,90.335,84.841,79.348,74.465,67.141,59.358,49.745,42.421,37.08,29.603,22.431,19.379,16.938,18.159,19.837,21.058,21.821,23.041,21.973,20.142,15.107,10.376,8.0874,8.0874,7.477,8.0874,9.1556,12.818,14.039,14.191,12.513,11.292,6.4089,2.8993,-1.9837,-6.2563,-10.224,-14.191,-18.159,-21.058,-23.957,-24.72,-27.009,-29.756,-32.35,-33.418,-30.824,-24.567,-21.058,-19.227,-19.99,-21.668,-26.551,-32.197,-38.148,-40.895,-41.81,-39.827,-37.843,-37.08,-36.775,-39.521,-44.862,-48.219,-50.813,-50.966,-51.424,-52.034,-52.797,-54.323,-56.459,-54.323,-53.255,-51.729,-52.492,-52.187,-50.813,-49.135,-47.914,-47.304,-46.388,-43.794,-41.658,-37.385,-35.859,-33.113,-27.009,-18.769,-11.902,-4.4252,0.76296,5.7985,8.3926,9.6133,7.477,5.9511,3.8148,1.3733,-0.30519,-2.2889,-4.2726,-4.2726,-6.2563,-7.477,-10.834,-12.513,-14.039,-14.954,-13.428,-12.207,-11.75,-10.224,-11.902,-11.292,-8.5452,-3.9674,-1.6785,0.45778,3.0519,7.477,10.224,13.123,14.496,15.412,13.276,13.581,16.48,20.295,25.483,32.502,35.859,37.996,37.69,37.385,36.317,32.807,29.298,28.535,25.483,22.889,18.769,17.09,12.665,9.6133,7.1718,6.1037,4.7304,3.357,0.91556,-1.0681,-4.2726,-3.9674,-1.9837,6.5615,13.428,19.532,22.736,23.194,22.431,23.957,25.025,24.873,21.668,18.616,15.564,14.649,14.801,15.717,17.09,19.684,19.227,18.769,18.006,16.327,12.513,9.3081,7.7822,6.5615,2.4415,-0,-4.12,-7.3244,-13.428,-20.6,-27.619,-33.418,-39.827,-42.573,-43.489,-40.132,-36.927,-32.96,-31.587,-31.739,-33.113,-34.333,-32.044,-27.161,-26.093,-24.262,-22.736,-19.532,-16.175,-10.376,-5.1881,-0.61037,5.9511,14.344,21.21,27.009,27.619,27.772,26.704,27.924,31.739,36.927,40.437,45.167,50.508,56.612,62.41,70.65,76.601,83.468,88.198,95.828,102.39,109.56,114.44,118.87,122.23,124.97,126.5,129.09,130.77,133.37,134.13,136.57,139.16,141.3,142.83,144.96,144.2,141.15,137.79,136.72,134.89,134.74,131.99,129.55,126.5,125.58,124.36,124.67,123.45,122.23,119.79,117.19,113.83,114.75,114.6,114.44,112.31,110.93,106.36,102.24,98.727,95.828,92.624,90.793,86.673,84.078,78.585,76.144,72.329,72.176,69.277,65.615,60.884,56.154,51.576,48.372,43.336,39.979,35.096,30.671,24.415,21.516,17.243,14.954,12.207,10.224,7.3244,5.4933,0.76296,-1.9837,-6.5615,-9.003,-14.039,-16.327,-22.126,-27.161,-33.113,-35.096,-37.996,-41.505,-48.067,-51.424,-56.307,-58.29,-60.732,-62.258,-65.462,-68.819,-71.413,-75.076,-79.501,-82.553,-83.926,-84.689,-88.656,-91.556,-94.76,-96.286,-97.659,-97.659,-99.796,-102.08,-104.22,-105.44,-107.88,-106.66,-105.9,-104.83,-107.73,-109.26,-110.78,-111.24,-113.99,-115.51,-115.05,-113.38,-111.55,-109.87,-109.26,-107.58,-107.27,-104.53,-104.37,-103.31,-102.39,-101.02,-99.796,-96.896,-96.438,-96.744,-96.744,-95.676,-95.065,-91.403,-87.741,-82.705,-79.043,-73.702,-69.582,-63.021,-58.443,-53.713,-50.203,-48.219,-45.778,-43.641,-42.726,-42.421,-43.641,-43.336,-43.336,-42.116,-43.794,-43.184,-43.947,-42.879,-41.353,-38.759,-36.164,-31.434,-25.025,-18.616,-15.564,-12.36,-12.055,-9.6133,-8.24,-3.8148,0.15259,4.4252,8.3926,11.444,11.597,10.529,8.5452,9.003,7.6296,9.6133,8.24,7.3244,4.12,2.8993,0.30519,-1.5259,-4.4252,-6.4089,-5.3407,-1.3733,1.3733,3.9674,5.1881,6.7141,5.7985,5.6459,3.2044,2.7467,3.357,5.6459,8.0874,11.75,13.886,16.022,16.175,16.938,17.243,18.006,17.701,17.853,14.954,14.344,13.428,13.581,9.003,4.4252,-0.76296,-3.5096,-7.0193,-10.834,-12.36,-12.513,-14.344,-16.48,-19.99,-22.126,-24.873,-24.262,-25.788,-26.856,-29.298,-29.603,-30.366,-32.197,-34.944,-36.775,-39.216,-41.047,-42.879,-44.71,-46.541,-47.151,-48.83,-47.609,-46.083,-44.099,-44.252,-43.794,-44.557,-43.641,-44.404,-44.862,-45.32,-45.778,-46.846,-47.609,-49.287,-48.524,-49.135,-45.473,-42.116,-36.927,-34.028,-29.603,-26.093,-21.516,-17.853,-13.886,-11.139,-6.7141,-1.6785,5.7985,10.224,17.853,23.804,32.35,40.742,50.356,60.274,69.277,77.67,85.604,92.318,99.948,106.36,111.85,114.75,119.94,123.6,127.87,128.94,129.7,129.55,128.48,127.41,128.33,128.48,129.25,127.57,126.5,124.67,123.45,120.09,116.58,110.93,104.68,97.812,91.403,84.078,79.348,74.313,69.124,61.19,55.849,49.44,45.778,42.268,39.369,35.707,33.113,29.603,26.399,23.804,21.516,19.379,18.616,14.496,12.055,7.477,3.357,-1.5259,-5.0356,-8.5452,-11.75,-16.785,-22.126,-27.161,-31.739,-34.791,-33.876,-34.791,-36.47,-39.216,-41.047,-46.388,-50.05,-54.018,-54.781,-56.612,-57.68,-61.647,-65.004,-67.293,-67.904,-69.582,-69.582,-70.65,-68.972,-68.667,-66.836,-64.699,-61.342,-60.732,-58.443,-56.612,-55.086,-55.544,-54.018,-51.118,-46.846,-43.641,-40.59,-40.437,-37.843,-37.385,-34.486,-31.129,-25.178,-19.227,-16.327,-14.496,-14.344,-14.954,-14.344,-13.581,-8.3926,-4.4252,-1.0681,-2.2889,-2.8993,-5.4933,-6.5615,-7.6296,-5.1881,0.30519,8.3926,13.276,20.142,24.873,28.84,27.772,27.314,24.567,19.837,13.428,9.1556,6.2563,5.3407,5.1881,6.5615,6.4089,8.24,9.6133,10.376,11.139,13.123,14.039,16.327,18.616,20.6,23.194,28.687,34.486,41.353,46.846,52.95,57.222,61.342,65.92,70.345,74.16,77.975,79.653,83.01,86.367,92.318,95.981,99.948,102.39,103.61,105.59,108.34,110.02,113.99,115.05,117.8,120.24,123.75,125.43,128.79,132.6,135.65,139.32,143.44,147.1,151.68,153.97,157.48,159.15,162.82,165.56,168.61,171.97,176.4,180.82,186.01,190.28,196.39,199.44,203.1,205.24,208.59,211.19,214.7,218.21,223.09,228.13,233.77,237.89,242.93,245.37,247.35,248.57,252.69,256.81,262.46,267.49,272.68,277.11,281.99,285.04,289.62,293.44,299.39,303.96,309.92,316.32,321.82,326.55,330.82,335.09,339.98,345.16,351.12,353.86,357.83,360.12,362.56,365.76,368.05,371.56,375.23,377.82,380.57,381.48,381.94,380.87,381.33,380.41,379.35,375.68,372.33,367.6,364.39,363.02,361.8,359.51,357.68,354.93,353.56,349.89,348.52,348.52,348.67,346.84,344.25,341.96,339.52,335.4,333.57,332.04,332.19,331.58,329.75,327.62,325.33,321.97,318,313.27,309,302.29,296.33,290.69,286.87,283.36,280.01,276.19,273.29,270.55,266.27,260.63,255.75,250.56,248.27,243.39,239.88,236.98,235.6,232.55,228.89,224.62,219.43,215.16,213.17,209.66,207.68,205.08,202.95,201.12,197.76,193.33,189.21,185.09,182.96,179.6,177.01,174.26,171.67,169.38,168.61,169.38,168.46,166.78,166.48,163.43,161.6,158.7,156.41,152.9,150.61,147.86,145.12,141.61,138.1,133.67,128.94,121.62,116.43,111.39,108.04,103.76,100.41,95.523,92.166,89.267,85.452,79.958,73.702,66.225,61.953,58.443,54.628,49.745,45.625,40.284,34.791,27.772,22.126,18.311,15.259,10.529,4.4252,-4.5778,-12.207,-21.516,-29.908,-38.759,-45.167,-53.407,-59.816,-65.31,-71.718,-75.686,-79.501,-84.231,-89.267,-93.692,-98.727,-108.19,-117.95,-129.09,-137.03,-143.59,-147.86,-155.19,-163.27,-171.51,-177.47,-180.82,-182.5,-184.33,-185.71,-187.69,-190.13,-192.27,-191.81,-192.57,-192.42,-195.93,-198.37,-199.9,-200.51,-201.27,-200.51,-200.2,-201.57,-204.02,-203.41,-203.56,-201.27,-198.98,-194.86,-193.33,-192.11,-192.72,-192.72,-195.62,-197.45,-197.61,-194.86,-191.5,-188.6,-186.77,-182.5,-180.67,-178.53,-177.62,-173.96,-170.45,-164.65,-158.24,-151.52,-146.03,-140.69,-136.72,-131.53,-127.57,-121.31,-118.26,-115.51,-115.51,-115.21,-115.21,-114.9,-113.83,-113.83,-112,-109.1,-107.27,-108.65,-112.16,-117.04,-123.45,-126.65,-129.25,-128.33,-130.16,-131.84,-134.28,-134.74,-133.52,-132.45,-133.37,-132.45,-131.53,-129.25,-129.4,-130.01,-129.4,-128.48,-126.96,-123.45,-120.09,-117.65,-116.58,-115.97,-116.89,-116.73,-119.79,-121.92,-126.04,-130.01,-134.13,-137.03,-138.25,-135.04,-132.76,-129.25,-129.09,-126.96,-126.5,-126.96,-127.26,-125.28,-123.45,-121.46,-120.55,-119.33,-119.17,-117.19,-115.36,-111.39,-105.14,-99.796,-94.455,-88.504,-84.841,-80.416,-75.991,-68.056,-60.427,-50.661,-41.505,-34.333,-28.84,-24.567,-20.905,-17.396,-16.022,-13.123,-10.529,-7.1718,-6.1037,-3.8148,-2.1363,-2.2889,-2.7467,-1.3733,1.6785,6.7141,12.513,18.311,19.99,20.6,17.853,15.87,15.412,15.259,14.039,12.513,10.376,9.3081,4.12,-0.61037,-6.5615,-10.834,-16.327,-19.99,-23.194,-23.347,-22.279,-22.736,-24.72,-25.941,-27.161,-25.788,-22.584,-17.701,-12.207,-4.883,2.5941,10.071,15.87,20.6,24.262,27.924,27.924,29.298,30.671,34.944,36.775,38.148,39.064,39.827,41.2,43.641,44.099,42.421,36.47,32.197,24.873,16.785,7.477,0.45778,-4.883,-9.3081,-12.513,-13.886,-18.311,-22.431,-25.941,-27.772,-30.366,-32.502,-36.927,-41.963,-45.167,-46.846,-47.456,-47.151,-46.236,-45.625,-45.015,-42.268,-41.047,-39.674,-38.759,-38.453,-40.742,-43.184,-45.778,-49.593,-52.95,-55.238,-56.917,-56.917,-57.985,-56.307,-54.323,-50.356,-48.524,-48.219,-48.219,-48.524,-50.356,-52.644,-55.849,-59.053,-65.31,-69.277,-73.55,-74.923,-77.975,-80.569,-83.01,-85.147,-86.52,-87.283,-88.504,-89.877,-92.166,-92.624,-95.523,-97.201,-101.78,-104.22,-104.83,-105.44,-104.98,-105.29,-105.75,-104.98,-107.27,-108.49,-110.32,-108.95,-106.66,-103.31,-99.49,-96.896,-95.065,-94.455,-96.591,-98.422,-103.61,-107.88,-112.61,-117.95,-122.38,-124.67,-128.33,-132.6,-138.25,-143.28,-148.93,-151.98,-155.19,-156.25,-156.56,-157.48,-159,-157.93,-158.54,-158.54,-159.76,-162.21,-164.04,-167.09,-171.67,-175.48,-179.75,-183.26,-186.32,-188.6,-191.05,-195.01,-198.83,-201.73,-205.54,-209.66,-214.85,-221.56,-228.58,-235.3,-242.62,-249.64,-255.9,-259.56,-260.93,-262.15,-265.05,-267.34,-267.95,-266.58,-267.49,-265.82,-266.58,-266.27,-266.12,-266.88,-269.33,-272.99,-279.55,-284.13,-290.54,-294.66,-297.25,-296.95,-295.57,-293.28,-292.52,-290.69,-289.01,-287.33,-287.03,-287.03,-287.64,-287.64,-287.03,-285.65,-288.09,-289.01,-290.23,-289.16,-288.86,-286.42,-285.2,-283.97,-284.89,-285.5,-287.18,-286.87,-286.57,-284.59,-283.82,-282.45,-282.3,-282.6,-283.82,-282.6,-283.52,-282.75,-281.69,-279.24,-276.35,-272.53,-269.63,-264.44,-261.39,-255.29,-251.01,-245.37,-239.27,-233.16,-228.58,-224.46,-221.11,-215.77,-211.34,-205.08,-200.51,-194.1,-186.62,-178.84,-170.9,-161.9,-152.13,-142.06,-133.37,-122.99,-114.29,-104.53,-94.455,-84.841,-76.754,-68.667,-59.816,-50.508,-41.2,-30.213,-21.21,-11.75,-2.7467,7.0193,14.496,22.736,30.976,39.521,48.524,56.459,64.089,70.04,74.77,79.653,83.621,88.961,92.471,95.676,97.354,99.948,101.47,102.85,103,102.39,101.63,102.85,102.85,102.69,101.02,100.71,98.27,95.676,92.166,89.267,85.147,80.569,76.449,73.244,70.345,67.141,63.784,61.953,59.664,59.511,57.833,57.985,57.833,57.68,56.612,55.086,52.187,49.44,46.999,44.404,40.742,39.369,36.47,34.181,32.35,32.96,33.723,34.333,34.333,34.639,33.876,33.418,33.57,33.418,32.655,31.739,28.077,25.33,21.058,17.243,11.902,8.5452,1.9837,-1.9837,-5.7985,-6.5615,-8.0874,-9.7659,-12.665,-14.496,-17.243,-16.785,-16.785,-14.649,-14.496,-13.733,-16.633,-17.396,-17.243,-15.87,-16.022,-15.412,-15.259,-15.564,-18.616,-18.159,-19.227,-18.464,-19.379,-19.074,-20.905,-20.295,-20.905,-20.295,-21.058,-21.21,-25.33,-27.009,-27.772,-27.314,-28.535,-27.619,-29.298,-31.587,-36.47,-37.69,-38.911,-38.911,-41.353,-44.557,-51.881,-58.138,-64.852,-70.193,-77.67,-83.773,-91.403,-95.981,-100.86,-104.53,-109.41,-112,-114.44,-117.65,-122.07,-126.04,-129.4,-132.15,-133.37,-131.84,-132.6,-132.3,-134.28,-135.96,-138.86,-139.47,-141,-140.54,-138.55,-137.18,-133.06,-129.86,-130.77,-133.37,-136.27,-136.72,-137.64,-137.79,-137.49,-134.28,-131.69,-127.57,-122.68,-116.58,-111.55,-104.68,-97.507,-90.64,-83.926,-75.991,-68.056,-59.358,-51.271,-40.895,-32.197,-19.99,-9.1556,3.8148,13.123,21.668,30.976,42.573,53.407,62.105,67.598,74.618,81.179,84.994,86.367,83.468,78.89,75.076,71.718,71.261,69.582,69.735,68.209,67.446,69.735,72.634,72.329,72.481,71.261,68.514,63.936,60.427,56.154,54.628,52.187,50.661,49.287,47.456,45.473,43.641,39.369,35.096,30.366,27.009,22.126,18.464,11.444,6.5615,1.5259,-5.3407,-13.886,-20.447,-27.314,-31.739,-37.538,-40.132,-42.879,-43.184,-43.641,-41.81,-38.453,-35.249,-32.96,-29.908,-27.467,-23.499,-19.837,-16.022,-13.276,-11.75,-11.75,-13.123,-15.107,-15.412,-16.48,-16.48,-20.142,-22.889,-28.382,-33.876,-41.353,-48.83,-55.391,-61.19,-70.04,-79.806,-88.504,-94.607,-104.53,-111.55,-118.87,-124.97,-132.6,-140.23,-148.63,-157.48,-167.39,-174.72,-182.2,-189.37,-198.68,-204.78,-209.36,-211.19,-214.7,-217.14,-219.43,-220.95,-223.09,-225.23,-228.43,-230.72,-235.15,-237.74,-240.79,-242.16,-245.67,-247.2,-251.17,-255.59,-259.87,-262.31,-263.99,-263.99,-265.82,-265.51,-269.02,-271.92,-275.28,-278.02,-279.85,-278.48,-275.89,-274.82,-272.07,-268.41,-269.17,-269.17,-268.56,-267.8,-268.56,-266.88,-262,-256.05,-248.12,-237.28,-225.23,-214.09,-204.63,-195.62,-188.15,-175.63,-166.78,-159.76,-154.42,-150.46,-148.93,-146.34,-139.47,-129.4,-117.95,-103.31,-89.419,-75.533,-66.683,-63.478,-68.056,-71.871,-68.209,-55.086,-45.167,-41.2,-39.521,-36.47,-34.791,-35.096,-44.252,-56.612,-73.397,-88.504,-101.93,-112.46,-118.72,-121.62,-128.48,-138.4,-149.85,-159,-171.36,-183.26,-190.13,-189.37,-182.65,-173.35,-164.04,-156.25,-152.59,-152.13,-157.48,-162.66,-170.6,-176.85,-181.89,-183.26,-182.65,-176.24,-167.7,-159,-153.81,-149.08,-150.46,-154.42,-159.15,-162.36,-166.02,-168.61,-169.38,-166.33,-164.34,-160.68,-155.64,-151.07,-147.86,-145.73,-143.59,-142.06,-142.06,-142.52,-143.59,-142.52,-142.52,-138.86,-136.57,-133.98,-131.08,-126.19,-120.09,-113.83,-106.81,-100.56,-95.828,-90.335,-84.994,-75.533,-67.598,-58.901,-50.05,-40.742,-31.281,-22.126,-13.428,-3.6622,7.0193,18.311,27.924,39.064,48.982,63.173,76.296,90.182,101.47,112.77,123.91,137.33,150.15,164.04,175.02,187.08,198.07,212.41,225.23,237.59,249.34,259.87,270.09,281.08,290.23,301.37,308.08,316.63,322.12,329.14,335.7,343.64,350.05,358.13,364.85,372.94,382.85,393.69,401.62,410.63,419.48,429.24,439.16,449.54,458.85,468,475.94,482.8,488.14,493.79,499.13,504.93,507.52,511.95,515.46,516.22,517.75,518.81,517.9,517.75,516.37,518.66,521.56,525.53,528.28,530.41,531.02,530.41,528.28,527.51,522.93,519.12,513.47,509.51,504.78,502.49,501.72,499.74,496.84,492.87,487.84,482.8,477.16,473.04,467.54,464.49,458.85,453.35,448.16,444.35,442.52,443.74,445.11,448.01,450.45,454.12,456.71,459.15,461.9,464.8,467.24,466.48,463.88,462.97,461.75,462.2,462.36,465.1,468.31,467.7,464.19,458.54,452.89,448.62,445.42,445.72,444.04,440.99,434.43,429.24,424.51,418.26,412.92,410.02,406.35,402.69,399.33,397.35,395.21,393.08,388.35,383.62,377.06,370.65,365.61,361.19,357.83,354.78,348.52,341.65,331.43,321.97,312.97,308.08,304.12,299.23,291.6,280.31,267.49,256.51,247.96,240.94,235.15,231.33,224.46,217.14,206.31,196.69,189.21,181.74,172.58,163.43,155.64,148.78,141,133.37,124.36,117.19,110.17,105.75,100.71,95.218,91.861,90.945,89.267,86.215,81.332,80.264,79.043,77.364,75.838,73.244,69.582,64.699,58.443,52.187,44.099,38.911,32.197,27.467,25.483,24.873,25.483,27.467,30.671,36.927,40.895,46.236,52.034,59.206,64.699,69.735,73.702,79.501,84.689,89.877,94.455,98.27,99.948,103.15,106.36,109.87,113.07,115.82,115.51,116.12,117.8,121.62,122.53,125.89,128.33,130.47,131.23,130.92,128.48,125.43,121.16,116.12,109.1,104.22,99.185,96.438,94.15,92.318,88.809,83.773,77.517,73.244,66.988,63.173,59.358,54.933,50.05,45.167,39.827,34.028,30.213,30.824,29.45,29.45,29.45,31.129,32.35,31.587,30.671,27.619,24.873,24.873,22.889,22.736,22.584,23.652,23.499,20.142,15.717,10.071,3.357,-2.1363,-8.6978,-13.276,-21.21,-29.45,-38.606,-48.067,-56.459,-61.8,-67.293,-72.787,-80.264,-86.215,-91.25,-95.065,-99.49,-102.85,-106.81,-110.63,-114.29,-118.56,-124.06,-127.87,-131.84,-135.81,-138.71,-141.91,-143.28,-143.44,-143.44,-142.22,-142.52,-141,-142.22,-142.83,-145.57,-148.78,-152.75,-157.17,-161.6,-167.09,-173.96,-177.77,-181.13,-182.2,-184.03,-183.42,-181.89,-178.08,-173.96,-171.36,-170.9,-172.58,-178.38,-184.33,-189.83,-190.13,-191.35,-192.11,-193.18,-194.71,-197,-198.98,-200.51,-201.88,-207.98,-211.8,-216.53,-222.02,-228.89,-236.06,-242.47,-245.98,-250.1,-251.47,-251.78,-249.03,-247.66,-244.45,-241.1,-239.42,-238.5,-235.6,-231.79,-224.46,-220.19,-215.31,-215.61,-216.22,-217.9,-221.72,-220.5,-209.97,-195.47,-183.26,-170.14,-152.44,-134.74,-117.19,-102.39,-88.656,-77.517,-68.514,-61.19,-53.865,-48.219,-43.336,-40.132,-35.401,-31.281,-27.619,-25.788,-26.704,-27.161,-26.246,-29.145,-31.739,-39.064,-48.372,-59.816,-67.293,-74.618,-79.348,-84.994,-88.198,-90.793,-93.234,-96.896,-101.32,-103.61,-100.25,-97.507,-90.793,-83.468,-71.261,-58.901,-47.151,-37.08,-28.535,-23.041,-17.243,-13.733,-7.477,-2.7467,6.5615,19.99,35.401,48.982,61.495,71.566,76.449,76.754,75.838,73.397,73.855,74.313,76.754,81.027,82.705,83.773,83.468,83.163,82.858,80.874,79.806,75.533,73.702,70.498,68.361,64.547,57.985,49.593,40.742,30.671,24.72,18.006,12.36,6.2563,2.7467,-0.45778,-2.7467,-4.4252,-4.883,-4.7304,-3.0519,-2.1363,0.61037,2.1363,5.7985,8.5452,9.9185,7.6296,6.4089,6.8667,10.376,16.48,23.957,31.739,36.775,36.927,37.538,37.385,36.927,36.775,38.301,38.759,39.216,37.385,37.538,35.554,35.859,37.385,39.827,40.59,41.047,40.132,39.674,37.385,36.164,32.655,30.061,27.161,25.025,24.262,22.889,18.769,17.09,14.954,15.564,15.87,19.227,21.363,23.499,25.025,26.399,27.314,28.23,28.382,28.993,28.84,30.976,30.976,32.807,35.249,38.148,41.658,45.015,47.304,48.524,48.982,50.813,52.797,55.238,55.238,57.07,59.206,59.053,57.833,57.527,57.375,55.696,51.881,49.745,47.609,47.304,44.404,41.353,39.064,36.47,31.892,27.772,24.415,23.041,22.431,23.957,26.093,29.145,30.061,34.028,37.843,42.116,46.846,54.781,63.478,71.566,79.043,86.062,94.607,105.44,112.31,119.02,122.99,128.79,133.98,139.32,143.28,146.79,149.69,152.9,154.73,154.88,152.75,151.83,149.08,148.78,147.4,146.79,146.18,146.34,148.01,151.83,153.81,156.87,162.21,168.16,169.23,170.29,169.53,173.19,176.55,178.53,179.6,181.89,184.48,186.16,184.64,185.86,187.99,190.74,193.64,196.39,197,197.15,198.83,200.35,202.19,203.86,204.78,206.15,205.54,206.61,205.54,205.69,207.07,206.92,205.85,204.02,201.42,198.37,192.42,188.3,183.42,179.14,173.96,171.51,169.07,165.41,161.75,156.87,150,142.37,135.96,131.08,126.35,123.45,120.85,119.94,117.8,116.73,116.12,114.44,112.16,109.87,106.81,104.53,103.92,104.83,104.68,107.43,109.71,112,113.22,112.31,108.8,104.83,103,101.47,98.727,95.218,90.182,86.062,79.043,74.465,72.787,70.803,66.988,65.157,62.868,57.833,51.424,44.404,34.486,28.535,25.636,25.636,26.093,29.756,31.434,33.723,36.164,39.216,41.2,43.184,45.015,46.999,50.05,51.881,49.287,45.473,41.81,39.064,33.113,27.619,23.194,19.684,15.564,10.071,1.6785,-5.0356,-12.513,-16.327,-19.532,-19.379,-20.447,-18.921,-19.684,-20.447,-21.21,-24.262,-26.551,-27.161,-24.415,-19.532,-15.717,-9.003,-1.9837,6.7141,11.597,13.123,13.886,16.022,17.701,18.006,16.175,13.886,10.834,7.7822,2.4415,-2.8993,-9.003,-13.733,-19.532,-26.093,-31.587,-35.707,-42.268,-45.473,-49.135,-51.881,-53.865,-54.17,-56.307,-61.342,-66.378,-68.056,-67.751,-65.615,-65.92,-62.41,-59.358,-55.544,-53.56,-50.661,-47.151,-45.473,-45.625,-49.135,-54.781,-58.901,-63.478,-64.699,-67.141,-71.871,-77.059,-82.247,-86.062,-87.893,-91.25,-93.539,-99.338,-104.98,-111.24,-115.67,-119.48,-120.55,-120.85,-119.48,-118.26,-115.05,-113.38,-110.63,-109.26,-107.73,-106.05,-102.39,-98.422,-93.539,-89.724,-88.809,-91.708,-93.997,-96.438,-96.133,-95.828,-94.607,-94.15,-93.692,-95.676,-99.185,-105.14,-109.26,-115.97,-123.14,-128.48,-131.99,-133.21,-133.98,-137.49,-140.84,-143.89,-143.44,-142.37,-138.86,-134.13,-130.92,-130.62,-130.62,-133.06,-136.11,-137.18,-132.6,-128.64,-123.91,-119.48,-118.41,-118.26,-115.67,-112.77,-106.97,-104.98,-102.39,-97.812,-93.081,-86.825,-82.553,-82.553,-81.79,-81.484,-80.569,-85.147,-90.64,-92.166,-93.997,-101.78,-112.77,-122.23,-128.18,-134.13,-139.93,-142.06,-141.45,-137.33,-131.84,-131.23,-130.92,-132.6,-134.13,-135.35,-135.04,-133.98,-133.37,-132.91,-131.53,-129.25,-124.67,-122.38,-121.16,-118.41,-114.9,-112.77,-112.31,-111.39,-107.12,-102.85,-98.575,-95.218,-91.556,-88.351,-83.316,-77.517,-72.787,-69.735,-63.326,-56.307,-50.203,-44.862,-39.369,-35.707,-32.655,-32.502,-30.061,-25.788,-15.564,-6.7141,-0.61037,4.12,9.4607,14.496,22.584,28.687,36.164,42.116,47.761,53.102,54.476,50.508,45.167,37.996,32.807,28.077,24.873,21.668,18.464,14.496,13.733,15.717,19.99,20.295,19.837,17.548,17.09,16.175,13.886,9.003,5.3407,0.15259,-3.357,-6.4089,-6.1037,-6.5615,-7.3244,-8.6978,-6.2563,-1.0681,6.7141,13.581,21.058,26.093,27.924,32.044,38.911,44.862,50.508,54.476,58.748,60.579,62.716,63.021,64.089,66.836,68.361,68.056,70.04,71.718,74.16,74.77,74.313,75.991,80.416,86.062,91.556,93.997,93.692,89.724,86.673,83.01,80.416,76.601,72.024,70.65,73.702,76.449,78.28,81.79,86.825,88.961,89.724,89.724,89.267,87.436,85.757,85.604,83.773,79.196,75.991,68.209,61.495,54.17,48.982,47.304,47.456,48.524,49.745,51.576,50.966,46.083,42.116,44.252,50.508,57.833,65.92,71.566,77.059,80.111,82.705,79.806,77.822,75.381,75.076,77.059,80.264,83.468,90.487,95.981,101.47,99.49,91.25,78.89,64.394,51.576,40.895,29.298,19.532,8.5452,1.6785,-1.2207,-1.8311,-3.2044,-5.6459,-5.7985,-1.8311,0.91556,6.8667,14.496,22.126,28.535,35.707,43.031,51.729,59.969,68.056,74.465,79.653,83.01,88.351,87.436,84.384,80.416,77.364,74.313,72.939,70.193,67.293,62.716,60.121,57.985,55.391,50.356,43.489,35.096,23.347,9.7659,-1.9837,-11.292,-17.396,-25.941,-31.281,-34.181,-31.587,-26.246,-20.6,-17.396,-15.107,-13.276,-9.6133,-6.4089,-4.4252,-5.1881,-3.6622,-2.2889,-2.7467,-5.1881,-6.4089,-8.24,-9.6133,-11.597,-12.36,-15.259,-21.058,-27.619,-36.012,-43.947,-48.067,-50.813,-47.609,-45.473,-43.031,-43.641,-44.557,-46.693,-48.982,-52.034,-54.933,-58.138,-59.969,-60.274,-57.833,-55.391,-46.388,-33.876,-19.074,-6.4089,4.883,11.139,18.464,24.72,34.791,42.573,51.881,58.901,61.19,60.732,57.07,50.508,43.794,33.876,22.279,9.1556,-0.91556,-10.987,-21.821,-29.145,-34.486,-39.216,-43.641,-48.067,-47.914,-50.05,-50.05,-50.356,-52.339,-55.849,-57.527,-57.222,-54.17,-52.187,-45.167,-36.317,-25.178,-10.834,5.9511,20.447,36.012,49.593,61.953,70.04,74.923,77.67,77.975,75.686,75.838,78.433,86.062,92.776,98.27,98.727,94.302,87.588,79.196,69.124,60.427,50.966,41.81,30.976,21.516,13.428,6.2563,-0.91556,-8.24,-15.107,-21.821,-29.45,-34.639,-37.385,-35.859,-33.57,-29.145,-25.33,-20.447,-15.564,-11.902,-10.529,-8.24,-5.7985,0.45778,7.7822,16.785,26.246,36.775,47.151,56.917,64.394,71.718,74.923,78.89,81.332,81.027,74.77,67.598,60.121,54.628,52.339,49.44,42.573,33.876,23.499,15.412,4.7304,-6.8667,-17.701,-28.535,-37.996,-46.541,-53.56,-57.375,-59.969,-58.596,-57.527,-53.56,-51.576,-49.593,-47.151,-43.641,-39.521,-37.843,-35.707,-31.587,-27.619,-23.652,-19.532,-11.139,-2.1363,5.1881,10.071,14.496,18.616,20.295,19.532,17.396,15.107,13.886,10.376,7.6296,3.357,-1.8311,-10.071,-20.447,-32.35,-43.641,-51.271,-57.985,-63.478,-68.209,-73.855,-78.585,-84.841,-90.182,-96.896,-101.63,-107.58,-113.83,-119.02,-123.29,-126.65,-129.4,-133.37,-134.43,-133.82,-130.01,-123.75,-117.5,-112.61,-108.49,-103.92,-98.88,-93.997,-88.198,-83.621,-79.958,-76.601,-75.533,-79.348,-81.942,-83.316,-83.773,-82.553,-79.653,-75.533,-70.04,-65.157,-59.358,-56.154,-53.255,-50.203,-44.557,-41.047,-36.164,-29.756,-22.584,-16.633,-10.681,-8.3926,-7.6296,-8.24,-4.4252,0.45778,5.0356,7.0193,8.8504,9.6133,9.1556,10.224,12.665,12.513,13.581,15.717,21.973,29.756,38.148,43.794,49.135,55.544,61.647,66.225,70.04,70.345,72.939,72.939,75.076,77.364,78.28,81.027,84.689,85.452,85.299,82.095,80.416,77.975,77.517,77.822,78.127,77.67,76.296,73.702,71.718,69.735,68.209,63.326,57.222,50.813,47.761,45.32,40.895,34.639,30.061,25.178,23.804,21.821,19.99,15.412,12.97,10.376,7.0193,1.8311,-3.357,-7.0193,-8.3926,-6.8667,-3.2044,-2.4415,-1.0681,-0.76296,-0.91556,-1.2207,-2.8993,-6.4089,-8.24,-11.444,-13.428,-18.006,-19.684,-21.668,-21.21,-20.142,-19.379,-16.785,-12.665,-9.003,-6.7141,-4.7304,-2.8993,-5.6459,-8.8504,-11.597,-13.581,-15.107,-13.276,-9.003,-4.883,-0,4.12,6.1037,8.8504,10.376,13.123,14.496,17.701,21.821,25.33,28.535,29.756,30.824,33.723,32.197,30.519,25.483,23.194,22.736,24.262,23.041,19.837,15.259,9.6133,3.9674,1.6785,-2.8993,-6.8667,-10.071,-9.4607,-11.139,-12.97,-15.564,-16.175,-14.344,-13.276,-11.444,-9.7659,-8.5452,-7.1718,-6.5615,-5.4933,-6.8667,-5.6459,-6.1037,-3.9674,-1.5259,-0,-0.61037,0.91556,2.7467,5.3407,7.477,9.4607,10.681,12.665,12.36,11.902,10.071,9.6133,9.7659,10.834,11.292,10.376,10.834,14.649,14.344,15.412,14.801,17.548,18.159,17.548,15.87,12.36,7.477,3.2044,0.61037,-0.91556,-2.5941,-2.8993,-2.8993,-0.61037,1.8311,5.3407,9.3081,11.902,13.733,14.954,14.649,15.717,15.717,19.684,24.11,28.382,31.892,35.707,38.606,41.963,43.794,44.557,45.167,46.846,45.625,44.404,40.437,37.233,34.486,32.044,29.145,25.483,23.499,22.279,20.447,19.074,16.175,14.954,13.276,12.97,11.292,10.987,11.597,11.597,10.529,10.224,10.071,10.376,8.6978,8.24,5.1881,3.0519,-0.15259,-1.9837,-3.5096,-3.6622,-0.91556,3.0519,4.7304,8.0874,10.834,14.954,17.243,19.99,22.431,25.483,28.535,31.434,34.944,37.385,36.775,37.538,34.486,32.35,30.671,30.976,30.061,27.924,26.093,23.194,17.548,10.834,5.1881,3.9674,3.9674,5.4933,4.5778,4.883,4.5778,5.0356,7.9348,9.7659,9.003,9.9185,11.902,12.207,9.003,5.0356,-0.61037,-4.7304,-8.8504,-9.3081,-8.8504,-7.6296,-8.8504,-11.292,-10.987,-10.681,-9.3081,-6.7141,-4.5778,-0.30519,4.4252,9.7659,12.207,14.344,16.022,18.464,21.363,24.873,26.093,24.262,21.973,20.295,20.6,21.973,23.652,26.551,29.298,32.655,32.807,33.265,32.502,32.044,31.587,32.807,34.333,34.791,33.876,33.876,33.113,33.418,30.213,26.246,19.837,14.191,9.6133,7.477,6.5615,6.7141,6.7141,7.0193,7.3244,9.3081,10.681,14.344,14.954,15.412,13.886,12.97,13.733,15.412,18.311,21.363,25.483,30.519,32.044,34.028,34.028,34.791,34.028,34.944,34.944,34.028,32.044,31.129,31.739,30.976,28.84,27.314,25.788,25.788,25.025,28.535,31.281,33.265,32.655,31.587,28.84,25.788,22.431,17.548,12.97,7.477,-0.15259,-6.5615,-12.513,-15.87,-18.921,-19.074,-18.006,-14.954,-11.292,-7.3244,-3.6622,-0.61037,1.0681,4.5778,6.1037,8.5452,7.477,5.1881,2.2889,1.9837,2.4415,3.9674,5.4933,8.3926,10.224,9.6133,3.9674,-0.45778,-1.6785,-1.2207,-1.9837,-1.2207,-1.2207,-0.45778,-0.61037,-0.61037,-0.15259,-1.9837,-5.9511,-11.75,-19.227,-22.279,-26.704,-28.84,-30.671,-31.281,-34.181,-36.47,-40.284,-43.184,-46.388,-49.135,-52.95,-55.544,-57.68,-55.696,-56.764,-56.764,-58.748,-60.579,-61.953,-62.716,-62.868,-61.953,-63.021,-65.004,-67.293,-65.615,-63.936,-63.784,-66.378,-67.904,-70.04,-71.718,-72.634,-72.481,-72.787,-71.261,-69.582,-66.073,-65.31,-65.615,-69.43,-73.397,-76.449,-77.517,-79.806,-81.332,-81.942,-83.316,-86.062,-86.52,-85.452,-81.637,-78.127,-76.144,-75.228,-74.618,-72.787,-70.65,-68.209,-63.631,-60.274,-57.68,-57.68,-58.138,-57.222,-55.849,-52.797,-50.813,-51.271,-50.356,-48.677,-44.252,-39.979,-32.807,-28.687,-24.72,-21.363,-19.074,-17.243,-17.701,-21.058,-23.957,-30.213,-36.775,-42.268,-43.794,-46.846,-48.677,-52.187,-55.086,-57.222,-60.579,-61.495,-58.29,-54.628,-48.677,-43.947,-38.148,-34.791,-31.739,-30.061,-28.535,-27.467,-27.161,-28.382,-31.892,-35.401,-37.233,-39.521,-40.59,-42.573,-44.404,-46.846,-47.609,-47.914,-44.557,-44.099,-43.489,-43.184,-42.268,-37.996,-33.265,-28.077,-21.516,-16.785,-13.428,-13.581,-12.207,-13.276,-11.902,-9.1556,-3.5096,1.2207,5.4933,6.7141,5.3407,2.1363,-2.1363,-7.9348,-11.902,-16.327,-19.227,-21.058,-17.701,-12.818,-7.477,-3.5096,1.2207,0.91556,-2.5941,-8.5452,-14.496,-20.753,-25.178,-26.399,-26.246,-28.993,-29.298,-32.35,-34.639,-34.791,-33.113,-28.23,-20.905,-14.344,-9.003,-4.12,3.9674,11.75,18.921,21.516,21.21,21.058,21.058,22.736,25.025,30.671,37.69,42.268,45.778,49.593,55.696,59.664,65.157,70.193,74.007,77.212,79.348,82.858,88.046,91.25,94.455,96.286,98.88,99.033,101.32,104.68,108.34,111.55,115.05,116.89,119.02,118.72,117.65,113.83,111.7,108.19,107.58,107.88,108.49,110.63,114.44,117.65,117.8,112.61,106.36,97.659,90.03,82.858,80.264,77.059,72.024,65.767,59.358,54.476,51.424,49.44,46.999,45.167,43.641,43.031,43.641,44.71,46.999,46.999,48.982,53.255,56.459,56.154,54.476,51.576,50.203,50.813,53.407,55.544,59.206,61.037,62.41,63.784,65.92,64.699,61.19,54.933,50.966,46.999,41.505,37.69,36.164,33.876,32.197,30.519,28.993,25.636,25.636,25.483,23.804,19.99,15.564,9.6133,1.8311,-4.7304,-11.292,-17.243,-23.347,-30.824,-36.622,-44.71,-50.966,-59.358,-65.157,-68.514,-68.514,-66.683,-65.31,-63.631,-60.579,-61.342,-63.478,-65.462,-65.31,-64.241,-59.664,-53.713,-45.778,-38.759,-30.213,-21.516,-16.48,-13.581,-12.36,-11.597,-11.597,-13.123,-11.597,-9.4607,-6.2563,-7.0193,-7.477,-11.139,-14.801,-17.243,-18.921,-19.99,-22.126,-25.636,-30.824,-37.538,-41.047,-45.778,-50.508,-57.07,-61.19,-66.988,-70.345,-70.803,-73.397,-75.686,-76.601,-75.838,-76.296,-80.111,-82.095,-86.825,-90.487,-95.37,-97.049,-96.438,-94.607,-94.15,-94.76,-95.828,-97.354,-98.422,-99.338,-101.32,-100.86,-100.86,-101.63,-102.85,-103.15,-102.54,-102.08,-101.02,-100.41,-100.71,-99.033,-96.591,-93.692,-95.218,-95.523,-98.117,-99.643,-101.78,-102.85,-104.22,-107.12,-109.71,-113.07,-116.43,-120.09,-124.82,-125.74,-126.5,-123.14,-119.33,-112.31,-104.37,-98.27,-94.15,-89.419,-85.452,-79.196,-71.261,-62.258,-59.358,-54.781,-52.644,-49.135,-48.372,-46.999,-48.219,-49.287,-50.813,-51.424,-53.865,-56.612,-59.511,-61.037,-62.868,-62.258,-62.868,-61.953,-63.173,-63.021,-63.478,-60.884,-59.053,-57.527,-58.29,-58.443,-56.917,-53.865,-52.034,-49.745,-50.356,-50.508,-53.102,-55.544,-59.206,-60.884,-59.206,-53.865,-48.219,-42.421,-39.216,-37.08,-34.791,-29.298,-27.314,-24.567,-23.194,-20.142,-17.396,-13.581,-11.139,-9.003,-9.7659,-10.071,-10.987,-11.75,-11.597,-8.3926,-5.9511,-1.2207,2.2889,9.1556,14.191,21.668,30.061,37.08,41.81,43.947,43.947,45.32,45.473,46.846,47.914,48.067,46.541,45.32,41.353,36.317,31.129,26.856,20.905,14.649,11.597,9.6133,5.3407,2.8993,-0.15259,-1.0681,-3.2044,-3.2044,-5.4933,-7.3244,-9.6133,-12.818,-18.159,-24.415,-29.756,-31.587,-30.976,-28.535,-26.704,-24.873,-26.093,-27.314,-29.603,-34.333,-38.759,-41.658,-43.641,-45.015,-47.914,-50.661,-56.001,-57.985,-60.121,-60.579,-63.631,-68.667,-74.007,-76.144,-78.89,-80.721,-82.247,-84.078,-86.367,-84.384,-81.79,-75.533,-70.04,-63.173,-58.596,-54.476,-50.05,-45.625,-41.81,-37.843,-35.554,-34.028,-34.486,-31.892,-30.671,-30.061,-31.434,-33.265,-36.317,-36.012,-35.859,-34.181,-33.723,-32.655,-30.213,-27.161,-24.11,-20.142,-16.327,-10.834,-8.3926,-5.1881,-0.45778,7.6296,14.344,21.516,27.619,34.944,41.81,49.287,56.764,63.173,69.887,80.569,89.877,99.49,107.12,113.07,117.95,124.67,131.69,137.94,144.35,149.24,155.8,164.04,170.29,178.38,184.64,191.2,194.56,197.45,198.68,199.44,198.22,196.54,194.1,191.5,186.16,182.96,182.5,185.71,187.23,185.4,181.43,177.16,171.67,165.41,158.09,153.2,146.18,138.86,129.86,122.07,115.21,108.8,101.47,93.387,85.757,83.01,80.874,80.416,79.196,79.958,80.721,81.484,80.721,78.89,76.601,74.923,74.77,76.144,74.465,71.261,66.683,63.631,59.511,54.781,49.44,44.404,39.369,34.028,27.772,24.11,19.99,15.717,8.8504,3.8148,-2.4415,-9.003,-16.785,-23.957,-30.213,-35.401,-40.284,-44.252,-49.287,-50.661,-52.644,-51.424,-52.034,-52.187,-53.255,-53.102,-51.576,-49.135,-46.693,-44.099,-39.827,-36.317,-34.486,-32.502,-32.807,-30.824,-29.908,-27.161,-27.161,-26.551,-26.856,-26.399,-25.788,-27.314,-31.281,-33.418,-35.401,-35.707,-38.911,-41.047,-44.099,-44.404,-43.947,-41.505,-41.2,-41.353,-41.81,-40.742,-39.979,-39.674,-41.963,-42.116,-44.862,-46.388,-47.456,-46.236,-46.693,-46.541,-47.304,-46.693,-47.151,-45.625,-43.794,-41.2,-38.759,-35.859,-33.418,-32.197,-31.587,-29.908,-28.535,-24.11,-20.905,-16.633,-14.649,-10.529,-8.3926,-5.9511,-6.1037,-6.2563,-5.0356,-2.1363,1.8311,6.8667,9.6133,11.902,12.513,14.039,13.581,12.36,9.9185,9.003,7.6296,7.477,6.5615,5.7985,5.3407,5.7985,4.7304,4.2726,3.2044,3.9674,5.0356,8.8504,13.276,18.921,23.957,29.908,36.012,41.81,46.083,50.966,54.17,57.985,59.511,59.664,60.427,64.089,68.514,73.092,75.381,75.838,75.076,73.244,71.566,71.261,69.735,69.582,68.056,66.378,63.173,59.969,56.001,50.356,45.32,40.895,37.233,34.181,31.281,29.756,23.957,18.006,9.6133,2.2889,-4.2726,-9.003,-14.191,-18.769,-21.973,-25.025,-30.061,-35.707,-42.268,-46.083,-50.966,-52.339,-53.102,-52.95,-56.001,-57.985,-61.037,-63.478,-63.326,-61.19,-56.154,-50.661,-47.151,-44.404,-44.557,-44.099,-45.625,-47.151,-50.05,-50.966,-53.255,-54.933,-54.476,-51.424,-50.508,-48.372,-47.151,-44.404,-43.031,-41.047,-42.726,-43.184,-41.2,-37.385,-32.35,-28.84,-25.33,-20.142,-19.379,-19.227,-20.447,-20.6,-23.957,-26.399,-29.603,-32.044,-33.57,-32.655,-32.197,-30.824,-31.434,-32.197,-36.47,-39.521,-42.268,-44.252,-45.93,-47.304,-47.151,-46.541,-46.693,-47.304,-51.576,-54.17,-59.053,-63.326,-66.073,-68.056,-69.887,-71.261,-72.024,-71.108,-71.413,-69.277,-70.345,-70.498,-72.329,-72.481,-72.329,-70.803,-67.598,-64.547,-62.868,-59.053,-55.238,-49.135,-45.015,-40.59,-40.284,-40.132,-39.521,-37.69,-35.707,-32.502,-29.603,-26.704,-26.246,-24.262,-22.126,-16.327,-10.681,-4.5778,-0.91556,1.5259,3.5096,5.0356,3.6622,2.7467,1.6785,1.5259,-0.61037,-1.9837,-6.7141,-9.6133,-12.513,-13.581,-14.344,-14.344,-13.733,-15.717,-18.921,-21.668,-23.194,-22.431,-24.415,-26.399,-30.976,-32.655,-33.876,-31.892,-31.434,-30.519,-28.84,-26.246,-25.788,-24.262,-22.431,-20.142,-17.396,-13.886,-12.36,-10.834,-11.902,-11.139,-9.3081,-5.0356,1.5259,7.1718,11.902,16.633,20.447,24.262,24.873,26.704,26.399,26.856,27.009,29.298,29.756,30.366,31.739,33.418,33.57,34.944,35.096,38.301,39.979,41.505,41.963,42.879,42.573,42.116,42.421,42.726,44.557,50.356,56.612,64.394,70.65,76.449,78.585,80.874,81.637,81.332,79.196,77.059,75.381,75.686,76.144,79.043,81.942,85.147,88.046,92.471,94.913,96.133,97.049,98.27,98.727,96.591,92.624,87.283,80.264,74.313,68.514,66.073,63.326,61.953,57.375,51.576,43.336,34.333,26.399,18.616,12.36,7.3244,1.8311,-3.0519,-7.6296,-11.902,-17.548,-19.532,-21.058,-22.126,-22.126,-21.058,-19.379,-18.921,-19.99,-21.668,-23.957,-25.178,-27.619,-28.077,-29.45,-30.976,-34.028,-34.486,-35.096,-34.639,-32.655,-32.044,-31.892,-30.824,-29.908,-27.467,-27.161,-27.619,-28.84,-27.772,-28.84,-28.993,-30.519,-34.639,-36.775,-36.317,-35.401,-34.791,-35.096,-36.317,-38.606,-37.996,-39.216,-39.979,-43.031,-44.557,-46.999,-49.287,-49.593,-50.203,-52.034,-50.966,-49.593,-47.151,-46.846,-45.93,-48.83,-49.135,-48.219,-45.625,-44.557,-43.031,-43.184,-42.573,-41.353,-39.979,-37.538,-32.96,-29.45,-26.093,-24.567,-19.379,-16.327,-13.123,-10.987,-6.4089,-3.2044,-0.61037,2.5941,5.1881,9.6133,15.107,19.684,23.652,23.957,25.025,24.72,25.941,25.941,24.567,21.363,16.785,12.36,10.529,8.6978,8.3926,5.6459,2.8993,-1.6785,-3.0519,-5.9511,-9.1556,-10.071,-11.597,-12.97,-11.292,-9.7659,-6.7141,-1.9837,2.8993,5.9511,10.681,14.649,20.6,26.551,33.113,39.674,47.304,54.933,63.326,70.345,74.77,76.144,79.196,81.637,87.741,93.387,97.964,100.86,102.08,101.02,97.201,90.793,82.858,74.618,69.43,62.716,55.849,48.067,40.437,33.723,28.535,23.652,19.684,17.09,15.412,13.123,12.055,10.987,10.529,8.5452,7.7822,6.5615,4.2726,1.6785,-2.5941,-7.3244,-11.292,-15.259,-17.548,-19.837,-21.21,-22.584,-20.447,-16.785,-12.207,-9.7659,-8.6978,-9.4607,-12.055,-13.886,-12.055,-13.581,-16.022,-20.905,-24.567,-28.23,-31.587,-35.096,-37.843,-41.047,-41.81,-40.895,-39.827,-38.911,-35.859,-34.639,-32.655,-32.807,-31.587,-29.756,-24.567,-18.159,-12.818,-8.0874,-1.8311,3.357,9.003,14.191,19.532,23.652,29.298,32.35,38.453,43.489,46.236,47.456,45.625,43.184,41.353,37.538,36.164,37.843,42.116,44.862,49.287,50.356,50.356,48.219,46.846,45.015,45.32,45.167,44.862,43.947,41.047,34.181,27.009,19.684,14.954,10.224,8.0874,8.24,9.9185,11.902,14.649,17.396,19.227,17.243,13.886,12.818,12.665,10.834,9.7659,6.5615,5.9511,6.7141,11.444,16.022,16.633,16.48,17.396,18.769,21.516,24.415,26.399,26.856,28.23,30.519,34.181,34.639,32.807,28.84,24.72,22.126,19.684,17.396,15.107,12.818,11.292,8.0874,6.7141,5.3407,5.3407,2.7467,-0.15259,-1.6785,-1.5259,-0.76296,0.45778,2.1363,6.4089,7.6296,7.6296,5.1881,2.8993,0.30519,-1.2207,-5.9511,-11.902,-19.074,-23.194,-24.873,-26.246,-28.23,-28.84,-32.502,-34.944,-37.08,-35.096,-32.35,-28.84,-27.161,-25.941,-26.246,-26.246,-27.467,-30.061,-35.401,-39.521,-44.557,-48.067,-51.729,-56.001,-61.647,-65.615,-68.209,-71.261,-72.787,-72.634,-73.55,-73.55,-75.533,-74.923,-73.55,-70.498,-70.193,-71.566,-72.787,-73.55,-75.686,-76.907,-81.332,-84.689,-88.656,-91.098,-95.981,-101.02,-107.12,-112.61,-117.19,-120.7,-124.36,-128.64,-135.35,-140.39,-146.49,-150.15,-155.49,-159.46,-166.48,-174.11,-183.87,-193.64,-203.86,-211.65,-220.95,-229.19,-237.74,-245.06,-254.22,-262.92,-272.84,-279.24,-285.81,-292.52,-299.08,-303.51,-306.56,-306.86,-307.63,-307.17,-309.61,-311.29,-315.71,-319.38,-324.72,-328.38,-332.04,-335.86,-339.21,-342.11,-344.1,-345.16,-347.76,-347.91,-350.35,-351.73,-353.71,-353.71,-353.71,-351.73,-348.67,-346.69,-345.47,-343.64,-341.5,-339.52,-337.84,-334.79,-332.65,-328.53,-325.79,-320.14,-314.65,-306.86,-299.69,-292.21,-283.97,-275.73,-268.41,-260.48,-253.61,-247.2,-241.4,-234.38,-228.43,-219.58,-211.95,-204.02,-198.22,-191.5,-186.01,-180.06,-174.11,-167.55,-159.92,-151.22,-141.15,-131.53,-123.14,-113.07,-105.44,-99.185,-95.676,-89.267,-83.926,-76.449,-70.498,-63.784,-57.985,-50.813,-44.252,-38.911,-35.249,-30.976,-27.009,-23.194,-18.616,-14.191,-10.376,-4.5778,-2.2889,0.61037,2.1363,3.5096,3.8148,7.0193,7.477,9.4607,9.1556,9.003,9.4607,10.224,11.292,10.987,11.597,14.039,15.87,17.853,17.396,16.785,14.496,11.902,8.8504,6.2563,2.8993,-0.30519,-2.8993,-5.4933,-6.5615,-7.1718,-9.1556,-9.4607,-10.529,-11.292,-12.818,-12.818,-12.36,-11.75,-10.376,-8.6978,-7.6296,-7.3244,-9.3081,-9.6133,-10.376,-10.529,-9.9185,-7.9348,-8.6978,-6.5615,-6.1037,-2.8993,1.2207,7.3244,14.496,24.567,31.892,39.521,44.404,49.135,51.424,55.849,58.596,63.478,66.683,70.803,72.329,72.634,72.176,70.956,68.056,65.615,63.478,61.8,59.358,56.612,51.729,45.015,36.775,34.181,30.824,28.077,22.736,18.311,14.801,14.344,12.055,12.055,10.681,10.529,7.3244,8.0874,8.5452,10.529,10.071,7.1718,2.8993,1.9837,3.357,7.3244,10.834,15.259,19.074,25.025,28.23,32.502,36.47,39.674,43.031,47.609,48.677,50.966,49.898,48.982,46.236,47.456,52.339,54.781,55.391,54.781,53.407,54.476,57.68,60.732,61.037,59.358,54.323,46.999,39.064,37.69,38.453,42.421,45.32,45.93,46.693,46.999,47.304,51.881,57.527,64.089,69.887,76.601,78.738,82.705,84.994,89.572,93.234,94.455,96.286,98.727,98.727,96.286,95.065,93.539,92.471,95.37,96.591,97.964,97.659,99.49,99.49,102.54,107.73,110.32,112.92,116.58,117.95,118.41,118.87,119.94,117.65,115.67,111.85,110.78,109.26,107.73,104.98,102.69,100.41,97.659,95.523,94.76,95.37,95.523,90.03,87.588,85.452,84.536,81.332,79.653,76.449,76.144,75.533,78.585,82.095,84.384,86.673,91.098,96.744,106.51,115.51,127.41,137.33,146.79,156.87,166.63,177.92,189.98,201.12,213.17,222.33,228.89,230.41,231.33,229.19,226.29,220.04,215.92,212.1,207.37,201.27,194.71,186.93,179.91,171.06,162.51,155.95,149.24,137.94,128.48,119.17,109.56,95.37,82.247,69.124,56.001,43.641,33.418,24.262,16.938,9.1556,1.0681,-8.0874,-14.039,-19.074,-22.279,-26.856,-30.061,-35.554,-41.353,-49.287,-56.307,-62.868,-71.871,-81.484,-90.182,-97.354,-104.83,-113.68,-122.07,-131.84,-139.77,-148.63,-153.36,-158.24,-159.76,-162.05,-165.26,-170.14,-175.02,-182.96,-190.13,-197.76,-201.42,-206.31,-209.51,-213.48,-212.71,-211.65,-207.98,-203.86,-198.37,-194.1,-190.28,-187.23,-183.57,-181.43,-174.72,-169.68,-162.51,-158.85,-154.27,-153.51,-151.22,-152.29,-153.66,-159.15,-164.19,-168.61,-171.21,-171.82,-169.07,-166.02,-162.21,-163.58,-164.49,-166.17,-164.95,-163.73,-160.53,-155.64,-150.61,-149.39,-146.49,-144.81,-141.45,-140.39,-138.25,-138.55,-136.72,-136.72,-135.2,-136.11,-134.74,-132.91,-129.25,-124.82,-121.31,-119.94,-117.8,-116.73,-115.97,-115.97,-113.38,-113.07,-110.48,-111.09,-115.21,-124.82,-131.38,-136.11,-141.15,-144.51,-141.15,-136.72,-132.76,-130.47,-129.09,-131.84,-133.67,-136.27,-136.27,-136.57,-129.7,-119.02,-106.51,-96.744,-89.724,-81.484,-68.209,-56.001,-43.794,-34.028,-19.379,-7.477,3.9674,14.801,29.908,45.015,56.764,66.683,75.076,80.416,84.841,83.926,84.078,80.111,80.111,78.28,77.67,78.127,80.111,81.484,84.536,86.978,92.166,98.575,106.05,112.77,121.77,128.79,136.72,144.81,154.12,162.82,169.53,173.19,176.55,179.91,186.32,189.83,192.88,192.72,193.18,194.86,198.98,205.24,209.81,214.09,217.75,220.19,225.07,230.26,236.37,237.28,235.91,232.4,228.43,222.02,215,210.58,207.37,205.69,205.54,205.08,207.68,209.97,215.61,220.8,228.74,235.15,239.72,241.4,243.08,242.93,242.47,242.01,238.96,232.25,224.31,215,207.07,197.45,189.06,181.59,177.16,173.19,168.92,164.65,160.68,155.8,150.3,142.83,137.03,130.47,122.99,111.55,101.47,91.25,84.994,78.585,72.634,64.089,56.917,49.898,44.252,38.759,32.197,23.194,15.87,7.6296,0.30519,-7.477,-12.665,-20.142,-28.077,-36.317,-41.047,-43.794,-46.388,-47.304,-45.778,-41.2,-37.385,-32.807,-25.941,-19.684,-12.818,-7.3244,-3.357,-2.2889,-0.91556,-0.61037,1.0681,4.883,9.6133,16.022,21.821,25.636,30.976,35.707,38.759,39.369,43.184,46.388,51.424,53.865,55.849,53.865,49.898,45.778,42.726,39.674,37.538,35.707,36.775,36.775,39.521,41.81,43.641,42.573,43.641,46.236,48.982,51.881,56.154,59.664,64.547,69.277,73.397,74.313,76.907,78.28,83.316,87.893,90.793,92.013,96.286,103,110.78,117.04,121.46,124.06,124.67,124.21,123.91,119.63,115.21,109.87,108.34,107.27,105.44,104.37,105.14,106.66,108.49,111.55,114.14,112.31,111.7,109.26,107.58,105.75,107.43,109.56,112.92,114.9,116.12,115.97,116.28,115.82,115.51,115.82,117.19,118.72,119.79,118.26,117.95,117.8,119.33,119.94,120.85,119.94,118.11,114.14,109.41,104.68,101.17,98.117,97.354,94.76,94.76,94.76,95.523,93.692,92.929,92.318,91.708,92.471,93.539,93.387,93.997,96.133,99.948,101.17,100.71,96.591,92.166,87.588,87.13,87.13,84.536,80.569,76.907,73.855,71.108,68.361,64.547,60.884,59.511,55.696,51.271,46.541,41.658,34.791,30.213,26.856,24.873,23.347,21.21,19.227,18.769,18.921,20.6,20.447,22.279,23.804,28.535,31.587,34.791,38.301,39.369,41.658,45.778,50.966,56.764,60.884,65.31,67.141,70.04,70.193,71.871,74.313,77.517,79.043,80.569,81.179,80.569,78.89,76.296,73.244,71.566,68.056,67.141,65.615,64.699,61.953,60.884,60.274,60.274,60.579,60.274,59.969,61.495,64.089,68.361,70.345,73.55,75.076,76.144,76.144,78.89,81.484,83.01,84.689,87.741,89.419,89.419,89.419,90.182,88.809,88.046,84.994,80.874,75.838,71.871,69.43,68.667,68.361,70.04,72.176,72.787,73.702,75.686,75.991,77.67,77.059,76.296,72.634,70.04,67.293,66.836,65.31,63.478,60.579,58.29,56.459,55.086,54.323,52.034,45.778,39.674,33.723,29.298,25.025,21.821,18.006,12.665,7.0193,2.8993,0.45778,-0.45778,-1.5259,0.15259,-0.61037,0.15259,-0.15259,0.15259,-1.6785,-0.61037,1.2207,4.5778,7.0193,7.9348,7.3244,7.0193,7.6296,7.1718,5.7985,6.7141,7.9348,7.7822,2.7467,0.15259,-1.6785,1.9837,4.2726,7.1718,7.1718,5.4933,5.4933,4.7304,3.6622,3.5096,4.5778,9.1556,10.834,13.886,15.107,18.464,19.227,21.363,21.363,23.041,24.415,24.72,21.821,20.142,20.295,21.821,22.431,23.347,22.889,25.788,27.009,30.366,32.655,34.944,36.47,35.554,33.876,33.418,31.434,30.671,28.23,24.415,19.379,16.022,12.36,10.987,7.7822,4.7304,-0.45778,-2.5941,-2.2889,-0.30519,0.45778,1.0681,-0.30519,-0.61037,0.15259,2.4415,3.6622,4.883,2.5941,0.30519,-2.8993,-4.4252,-6.8667,-9.7659,-15.412,-18.006,-22.431,-26.093,-29.145,-31.434,-34.791,-37.538,-37.69,-35.249,-36.012,-35.249,-35.707,-33.876,-33.265,-29.145,-24.72,-19.227,-14.649,-11.597,-14.496,-18.616,-24.262,-29.603,-34.486,-37.08,-38.759,-40.284,-43.336,-44.557,-45.93,-44.099,-42.573,-37.08,-32.96,-28.535,-24.11,-18.006,-13.581,-11.139,-11.139,-10.834,-10.681,-10.529,-11.902,-12.207,-12.207,-9.1556,-4.4252,2.1363,5.7985,9.9185,12.207,13.123,11.75,9.1556,7.9348,6.7141,2.4415,-0.15259,-0.45778,2.5941,3.357,8.8504,13.428,17.548,18.616,18.769,21.668,26.246,28.993,30.824,33.723,36.775,36.927,36.927,35.707,35.096,32.96,31.434,30.061,28.687,28.077,28.077,27.161,26.856,25.788,22.431,15.87,12.665,9.1556,7.6296,4.4252,-0.15259,-7.9348,-15.107,-21.21,-24.72,-24.72,-24.11,-25.483,-25.941,-28.077,-26.399,-24.415,-23.194,-26.551,-28.84,-28.993,-25.941,-23.194,-22.431,-23.347,-25.941,-31.434,-35.554,-39.064,-38.606,-36.775,-34.028,-34.791,-35.554,-38.606,-43.031,-47.609,-50.508,-50.966,-50.203,-48.83,-44.71,-42.879,-39.827,-37.69,-35.554,-36.164,-35.707,-32.655,-27.924,-23.957,-21.973,-20.295,-19.074,-17.853,-14.954,-14.801,-14.039,-13.428,-13.276,-14.954,-18.159,-22.584,-26.246,-30.519,-35.096,-41.505,-45.93,-51.271,-56.154,-61.953,-67.751,-75.076,-79.501,-84.078,-87.13,-91.861,-94.15,-95.981,-95.218,-93.539,-90.487,-88.961,-88.656,-87.588,-84.231,-81.484,-77.212,-74.618,-69.43,-67.141,-65.767,-66.988,-68.514,-71.871,-74.007,-76.754,-77.364,-79.043,-80.111,-82.858,-83.621,-90.487,-94.302,-99.796,-104.83,-110.93,-113.83,-115.36,-114.6,-113.83,-111.85,-111.24,-108.8,-105.29,-100.56,-99.033,-96.744,-93.997,-87.588,-83.773,-78.433,-74.618,-69.582,-66.073,-61.647,-57.07,-52.492,-48.219,-42.726,-38.301,-31.739,-27.772,-23.194,-20.905,-17.396,-15.87,-12.97,-11.597,-12.055,-13.581,-14.039,-14.954,-16.633,-20.6,-23.041,-28.535,-32.502,-35.401,-35.249,-38.148,-40.284,-40.895,-42.268,-43.184,-40.437,-37.08,-34.333,-31.739,-27.467,-24.72,-21.516,-21.21,-18.769,-15.717,-11.902,-9.1556,-6.1037,-3.8148,-3.6622,-6.1037,-7.6296,-11.139,-13.428,-17.09,-18.769,-23.652,-27.467,-32.655,-36.317,-38.759,-38.911,-37.843,-37.233,-37.385,-37.233,-38.301,-39.521,-44.099,-45.93,-49.593,-52.187,-56.001,-57.07,-57.375,-57.68,-57.985,-56.917,-56.001,-55.238,-57.07,-56.154,-56.459,-53.713,-51.271,-46.999,-46.083,-42.879,-42.726,-43.184,-45.32,-47.304,-48.067,-48.83,-51.118,-52.492,-55.544,-54.933,-54.323,-52.95,-55.238,-56.612,-58.29,-57.222,-57.375,-56.612,-56.612,-54.628,-50.356,-44.099,-39.369,-36.47,-36.47,-34.944,-38.148,-37.69,-39.216,-39.521,-39.064,-35.859,-32.96,-29.298,-25.025,-18.616,-14.039,-10.376,-8.5452,-6.1037,-4.5778,-2.8993,-3.5096,-2.2889,-2.7467,-1.6785,-3.6622,-4.5778,-5.4933,-5.9511,-5.6459,-4.12,-2.5941,-1.6785,-0.45778,1.5259,1.2207,1.5259,0.76296,1.8311,0.91556,0.91556,0.91556,4.5778,8.3926,12.818,17.243,22.126,24.873,27.924,28.687,31.587,33.723,36.164,36.775,37.08,36.622,36.012,36.927,36.927,37.538,36.775,35.554,35.707,33.57,31.892,27.924,25.788,21.973,21.363,23.652,27.161,30.213,33.723,36.47,38.453,38.759,38.759,37.08,36.164,34.639,35.859,37.69,41.658,44.252,46.693,49.745,54.628,59.358,62.563,64.394,65.92,68.361,73.244,77.364,81.179,79.653,77.975,77.822,77.975,77.517,75.533,72.939,72.481,72.787,73.397,71.871,70.803,66.683,64.241,60.427,55.696,50.813,46.388,41.81,39.064,36.012,33.723,30.671,31.129,30.366,29.756,30.061,32.044,33.876,33.418,32.807,32.502,30.213,26.093,21.668,20.6,18.311,16.785,15.412,13.428,9.7659,6.1037,1.9837,-2.2889,-6.1037,-7.6296,-11.139,-12.818,-13.123,-11.444,-12.818,-15.717,-21.668,-28.687,-37.385,-46.236,-53.255,-55.696,-57.527,-56.459,-55.086,-49.898,-46.236,-41.505,-37.69,-36.317,-36.317,-37.996,-42.268,-47.456,-51.729,-52.339,-51.271,-47.609,-44.862,-42.116,-41.963,-41.963,-44.557,-46.846,-50.05,-53.102,-56.001,-57.527,-59.206,-60.732,-61.8,-60.884,-59.664,-57.527,-57.222,-54.17,-52.492,-48.83,-46.083,-42.268,-39.674,-36.47,-35.707,-35.859,-38.453,-38.148,-39.827,-40.59,-42.116,-41.658,-39.979,-36.47,-32.807,-31.281,-33.723,-34.486,-36.47,-37.08,-39.369,-38.453,-38.759,-36.775,-34.028,-26.399,-21.516,-17.548,-15.107,-11.902,-9.6133,-8.3926,-6.7141,-6.4089,-7.477,-9.003,-10.376,-11.597,-16.938,-20.142,-23.499,-23.194,-23.347,-22.279,-23.194,-22.889,-21.21,-17.853,-13.886,-10.224,-9.9185,-10.224,-12.36,-13.733,-16.327,-18.769,-23.652,-27.314,-32.502,-34.639,-34.028,-32.197,-32.96,-33.723,-34.639,-36.775,-40.895,-41.658,-42.116,-38.911,-36.927,-33.57,-31.892,-29.756,-28.382,-28.382,-29.756,-29.145,-29.145,-26.856,-24.11,-22.279,-24.11,-24.72,-23.804,-18.311,-14.496,-11.597,-12.513,-12.207,-8.5452,-2.8993,2.2889,6.2563,8.5452,12.665,14.496,15.259,14.496,15.87,16.785,17.243,15.107,11.597,7.6296,6.8667,7.6296,9.4607,9.1556,9.1556,8.0874,7.3244,6.4089,7.477,4.883,0.76296,-4.12,-7.1718,-9.003,-11.139,-12.513,-10.834,-12.513,-15.259,-19.074,-19.99,-21.21,-21.973,-23.957,-25.178,-26.093,-26.246,-26.093,-23.804,-21.973,-20.295,-22.889,-25.483,-28.84,-31.739,-33.418,-31.281,-30.213,-28.993,-26.246,-22.736,-18.769,-12.818,-8.0874,-1.3733,3.6622,9.4607,12.97,18.616,23.804,30.519,36.622,41.658,45.473,50.203,55.849,62.716,71.566,85.452,97.201,110.63,122.68,135.5,143.74,148.93,153.05,160.68,168.31,176.24,184.79,193.33,199.59,203.71,203.86,202.49,199.29,192.57,182.5,170.6,157.78,146.95,137.49,128.64,120.85,118.56,117.04,117.34,117.95,119.79,122.23,124.52,128.79,132.45,134.89,135.04,133.52,131.84,127.72,124.97,120.4,116.89,111.55,108.34,102.39,96.744,90.182,81.332,71.566,64.394,58.138,50.966,43.947,39.369,33.876,31.434,29.603,28.382,25.636,24.72,20.753,15.412,8.5452,2.5941,-3.8148,-11.292,-19.379,-28.382,-37.385,-45.32,-52.644,-56.459,-63.021,-69.735,-81.637,-92.624,-102.69,-115.36,-128.48,-140.23,-152.75,-164.04,-175.63,-185.25,-194.4,-202.03,-209.81,-214.7,-220.04,-224.77,-232.25,-237.28,-242.77,-245.67,-249.79,-254.83,-260.17,-264.14,-270.55,-274.36,-280.01,-283.21,-286.87,-287.64,-290.69,-291.6,-292.21,-293.59,-296.79,-298.93,-302.59,-306.41,-311.29,-313.27,-317.24,-318.16,-318.16,-315.41,-314.19,-311.9,-310.22,-307.63,-305.03,-301.83,-299.08,-294.81,-292.37,-288.25,-286.72,-285.35,-286.87,-287.79,-287.33,-285.2,-281.38,-276.35,-271.61,-265.21,-259.1,-250.56,-242.93,-233.16,-226.45,-218.97,-213.48,-206,-198.52,-191.35,-185.71,-180.36,-176.24,-171.21,-167.09,-162.97,-160.22,-152.9,-147.4,-142.06,-139.01,-135.5,-133.52,-132.76,-134.43,-137.03,-140.69,-140.08,-138.86,-133.82,-131.69,-127.26,-124.21,-118.11,-110.48,-101.93,-96.896,-93.997,-90.945,-87.283,-85.757,-83.621,-79.958,-74.923,-70.956,-63.936,-59.511,-55.238,-54.323,-51.881,-51.424,-50.356,-49.44,-47.456,-46.083,-40.895,-36.164,-30.061,-24.262,-16.785,-12.97,-6.1037,0.76296,10.834,18.311,26.399,33.265,40.437,48.372,56.154,64.089,72.329,81.332,88.656,94.455,102.08,107.73,114.29,122.23,135.04,147.56,159,166.02,167.55,167.85,168.31,167.85,165.56,162.21,160.83,157.17,158.09,157.63,158.24,156.56,154.88,153.2,150.46,148.17,145.73,141.61,138.25,134.43,129.7,122.07,115.82,108.34,102.24,95.828,90.182,83.773,76.296,67.904,58.596,49.593,42.421,31.739,21.058,7.477,-3.2044,-13.123,-19.837,-25.33,-29.603,-32.655,-35.554,-39.369,-41.047,-45.167,-48.524,-56.307,-64.699,-73.855,-79.043,-82.095,-82.705,-84.231,-88.198,-96.286,-104.83,-113.38,-118.72,-122.84,-124.67,-127.41,-126.96,-129.4,-135.65,-145.73,-155.34,-164.8,-171.36,-179.3,-184.33,-190.89,-193.03,-194.4,-192.57,-190.28,-186.47,-182.65,-177.62,-173.96,-168.31,-163.88,-156.41,-150.91,-142.06,-132.6,-122.38,-116.12,-109.41,-104.22,-98.117,-91.098,-83.163,-75.381,-66.836,-58.748,-48.982,-42.268,-33.723,-27.772,-21.058,-15.87,-10.071,-4.883,2.1363,9.1556,16.175,22.126,28.687,36.317,45.32,54.17,63.326,70.803,79.043,86.215,95.218,103.15,113.38,123.75,133.82,144.05,155.49,167.24,181.59,194.1,208.29,219.43,231.18,241.71,254.07,266.27,277.11,286.11,295.42,303.96,311.44,315.87,319.68,322.43,325.63,328.53,331.58,332.5,334.18,334.64,334.03,333.72,334.18,334.94,335.86,334.48,331.43,327.01,323.8,319.53,316.78,313.27,312.2,309.92,306.1,299.23,292.52,287.03,284.28,282.75,282.91,283.52,283.97,282.91,281.84,278.33,275.28,270.39,265.82,258.03,252.08,246.74,240.49,234.69,229.8,223.4,216.68,209.97,207.68,204.93,204.47,201.88,199.44,197.15,195.62,193.33,190.89,187.99,185.55,183.26,180.21,177.47,176.4,174.41,172.43,166.94,162.51,157.02,153.05,148.17,143.28,138.86,136.42,135.65,135.65,138.55,141.45,143.28,143.44,144.2,147.25,148.47,151.37,152.29,153.05,153.05,153.81,153.66,154.73,155.49,155.34,154.12,153.81,154.27,154.12,151.07,149.54,146.64,143.13,137.64,133.82,129.7,127.11,124.52,122.38,121.46,120.09,119.79,120.85,122.53,125.58,126.5,127.11,126.65,128.33,129.7,130.16,128.79,128.79,129.25,129.7,129.86,129.55,129.7,132.3,134.28,136.88,136.27,135.65,132.91,131.99,130.01,129.25,127.57,126.35,126.04,126.35,126.19,125.13,124.36,125.58,124.36,124.06,122.38,122.07,120.7,119.79,117.19,115.21,112.92,112.16,111.09,109.26,106.66,105.75,102.08,98.575,94.15,90.487,86.215,83.316,78.89,74.618,70.65,67.598,65.615,64.241,60.579,56.764,53.713,54.018,53.865,54.781,54.781,56.764,56.307,55.391,53.713,54.17,52.492,50.508,47.761,45.32,43.336,41.963,41.047,40.895,39.674,39.521,39.369,40.132,38.759,38.606,38.759,38.453,36.775,33.418,29.603,26.399,21.516,16.48,9.1556,2.2889,-5.4933,-12.665,-20.6,-25.483,-29.908,-32.655,-32.96,-34.944,-39.369,-43.031,-46.541,-50.661,-54.628,-58.901,-64.394,-67.598,-71.261,-72.176,-73.855,-75.228,-75.838,-75.381,-74.77,-73.855,-73.855,-73.55,-73.092,-71.108,-70.498,-69.735,-71.108,-71.718,-72.329,-71.261,-71.108,-70.803,-70.193,-69.124,-68.514,-70.04,-72.939,-74.923,-77.212,-77.059,-78.585,-79.958,-83.01,-85.604,-88.809,-90.487,-93.081,-95.523,-97.049,-99.033,-104.07,-106.97,-108.8,-107.27,-105.14,-101.93,-101.32,-97.964,-94.302,-92.166,-92.013,-92.166,-93.692,-93.692,-92.624,-89.724,-89.267,-87.893,-88.809,-88.046,-86.978,-84.994,-83.468,-82.705,-83.163,-82.553,-82.247,-81.942,-81.942,-81.79,-82.4,-81.637,-83.01,-83.01,-84.078,-84.231,-85.299,-85.452,-84.841,-83.163,-82.705,-83.621,-83.621,-82.247,-80.416,-76.449,-72.481,-66.073,-61.953,-55.238,-51.271,-50.05,-49.593,-45.625,-44.557,-45.93,-49.44,-50.966,-48.372,-44.252,-42.421,-41.505,-40.132,-36.012,-31.281,-25.33,-21.363,-16.175,-16.022,-16.633,-19.379,-22.126,-25.483,-26.551,-25.178,-23.041,-22.126,-21.516,-24.262,-26.551,-29.145,-28.993,-28.535,-27.772,-28.077,-24.567,-22.431,-21.058,-20.295,-18.006,-14.954,-14.344,-16.175,-17.701,-20.142,-22.736,-27.924,-30.824,-34.181,-33.876,-35.249,-36.775,-38.148,-39.064,-40.742,-41.2,-40.437,-39.979,-38.911,-36.775,-36.927,-36.47,-37.843,-38.301,-41.658,-43.947,-45.015,-44.71,-46.083,-46.999,-48.372,-50.661,-55.086,-57.375,-60.427,-62.41,-65.767,-65.615,-66.683,-67.751,-70.65,-72.024,-73.244,-74.007,-74.465,-75.381,-75.686,-76.907,-79.348,-78.28,-77.212,-75.838,-76.754,-77.517,-79.348,-76.907,-74.313,-71.566,-71.413,-71.566,-71.566,-69.124,-66.378,-62.563,-59.969,-57.527,-57.833,-56.612,-56.154,-54.476,-55.696,-57.07,-59.664,-60.121,-62.41,-62.41,-61.037,-59.206,-57.833,-57.833,-60.579,-63.173,-65.31,-67.751,-71.413,-71.718,-72.176,-71.718,-72.939,-71.566,-71.108,-68.972,-66.836,-63.173,-60.121,-55.696,-53.407,-49.898,-48.067,-44.099,-40.437,-35.401,-30.976,-25.788,-23.347,-18.921,-16.48,-12.665,-9.9185,-7.1718,-5.9511,-4.883,-3.357,-0.30519,0.61037,2.8993,2.4415,4.2726,2.8993,2.7467,0.61037,-2.1363,-4.2726,-4.5778,-5.9511,-7.0193,-9.3081,-11.444,-15.717,-18.311,-20.295,-20.447,-22.431,-22.889,-22.279,-21.821,-23.652,-26.704,-28.993,-29.298,-29.298,-27.161,-26.551,-23.804,-22.889,-21.058,-20.905,-19.227,-16.633,-12.818,-9.1556,-5.4933,-4.5778,-2.8993,-1.9837,-0.76296,-1.2207,0.30519,0.30519,1.9837,3.2044,5.0356,5.7985,8.5452,10.529,10.987,9.003,6.1037,3.2044,2.8993,2.4415,3.2044,1.6785,2.2889,0.76296,1.0681,-2.1363,-4.883,-7.9348,-10.071,-12.818,-15.87,-18.616,-20.142,-22.431,-24.567,-27.314,-27.467,-28.382,-26.399,-25.636,-22.736,-20.447,-17.243,-17.548,-15.412,-15.412,-15.412,-17.243,-17.396,-16.175,-15.259,-14.954,-14.191,-14.191,-14.039,-12.818,-10.681,-10.834,-10.071,-10.681,-8.8504,-7.477,-4.4252,-4.883,-4.883,-4.2726,-3.8148,-4.5778,-3.8148,-2.8993,-0.76296,1.0681,3.5096,4.12,5.4933,3.8148,4.2726,3.2044,5.1881,6.1037,8.6978,8.5452,11.139,14.344,16.938,16.633,16.633,16.022,17.243,18.464,19.837,19.837,21.21,19.837,20.905,21.058,23.957,24.873,27.619,28.535,30.519,31.281,32.044,31.587,31.129,30.213,28.687,27.314,27.772,26.856,26.246,25.788,27.924,27.619,28.993,29.603,33.723,37.385,44.404,49.593,53.713,55.849,56.612,54.933,49.898,45.015,39.521,32.502,28.84,23.804,20.905,17.396,16.633,15.412,15.259,14.039,11.139,7.9348,6.1037,4.883,4.883,4.12,2.5941,0.30519,-2.1363,-6.1037,-8.6978,-13.733,-16.327,-19.837,-19.99,-20.753,-21.973,-23.041,-24.11,-26.399,-28.687,-31.587,-33.57,-37.233,-38.301,-41.658,-42.116,-45.625,-48.372,-52.492,-56.001,-59.358,-61.8,-63.784,-63.936,-62.258,-61.342,-60.732,-59.053,-58.443,-58.29,-58.596,-56.459,-55.696,-53.713,-55.696,-55.849,-57.222,-54.933,-54.781,-53.56,-56.001,-57.527,-56.612,-53.713,-51.729,-50.966,-52.797,-52.339,-52.492,-52.339,-53.255,-53.407,-54.781,-55.086,-58.29,-60.274,-62.868,-61.8,-61.953,-60.427,-61.342,-60.121,-58.138,-55.849,-55.086,-53.102,-52.034,-51.881,-51.729,-48.982,-47.151,-46.388,-51.271,-55.391,-58.901,-59.816,-62.41,-62.716,-63.173,-62.563,-63.173,-63.326,-63.784,-63.631,-65.157,-67.904,-71.413,-73.244,-76.144,-78.127,-82.095,-84.689,-88.046,-90.945,-94.455,-97.964,-101.63,-105.59,-108.49,-109.87,-112.77,-113.68,-112.16,-108.95,-106.2,-102.24,-101.17,-99.796,-97.201,-93.997,-92.166,-91.25,-91.25,-92.318,-94.76,-96.438,-99.185,-100.71,-103.76,-103.46,-103.61,-104.68,-106.2,-107.73,-109.26,-110.63,-112.16,-111.7,-113.83,-113.38,-115.36,-112.92,-110.93,-106.81,-103.46,-100.56,-98.575,-96.744,-95.37,-92.166,-87.588,-82.553,-79.196,-76.296,-76.296,-74.923,-72.634,-69.887,-69.277,-69.887,-69.124,-68.819,-70.193,-70.345,-68.972,-67.141,-66.53,-62.716,-59.358,-53.713,-48.372,-42.573,-38.606,-33.418,-29.145,-24.567,-19.684,-14.801,-10.987,-7.1718,-5.9511,-4.5778,-7.0193,-8.0874,-10.376,-10.681,-12.207,-11.292,-11.902,-12.207,-13.886,-15.412,-19.074,-19.074,-19.837,-19.837,-21.821,-21.668,-23.499,-24.415,-25.025,-24.72,-22.736,-18.921,-16.175,-15.564,-18.464,-19.99,-22.279,-20.447,-20.142,-19.99,-18.769,-15.87,-16.175,-17.243,-19.227,-20.447,-23.499,-24.72,-27.009,-30.061,-34.639,-36.47,-36.927,-36.012,-35.249,-33.723,-30.519,-26.551,-24.11,-22.126,-24.72,-26.399,-26.093,-23.804,-23.194,-22.584,-24.415,-26.246,-27.314,-25.483,-22.584,-18.769,-19.99,-20.142,-20.142,-18.311,-18.464,-18.921,-18.921,-17.396,-18.311,-20.295,-22.889,-23.194,-25.025,-23.194,-21.516,-18.159,-17.09,-16.175,-16.022,-14.801,-14.191,-12.818,-12.665,-10.529,-7.9348,-3.9674,-3.0519,-0.45778,-0.76296,0.91556,-0,1.9837,4.7304,7.477,8.5452,9.7659,11.902,14.344,13.276,11.292,7.3244,5.1881,0.76296,-2.2889,-6.7141,-7.477,-7.477,-7.477,-8.0874,-7.6296,-7.477,-4.12,-1.5259,3.357,5.9511,9.9185,12.513,16.633,17.701,19.379,18.159,18.464,19.837,21.668,22.126,21.516,19.379,18.159,16.022,15.717,15.259,15.259,13.886,15.259,15.412,15.412,14.801,14.649,14.649,15.87,18.159,21.516,25.178,30.519,36.164,41.2,44.099,47.914,51.881,56.307,57.985,61.19,65.004,71.108,76.449,80.264,83.316,88.351,94.607,97.812,99.948,103.31,105.59,108.65,110.32,113.38,116.73,121.46,123.29,125.43,123.91,122.23,119.33,118.72,116.89,113.53,109.41,105.9,102.54,99.796,94.913,88.046,79.806,73.397,66.225,63.326,60.274,58.901,56.001,55.544,54.476,54.17,51.729,48.83,45.167,41.505,37.69,34.791,30.671,28.687,27.772,27.467,22.736,20.142,16.327,13.276,9.003,7.6296,6.4089,3.9674,-0.15259,-1.0681,-2.1363,-1.9837,-0.30519,2.8993,4.12,7.1718,6.7141,7.1718,7.477,9.7659,10.376,10.529,9.4607,7.7822,4.4252,0.45778,-2.1363,-2.4415,-1.9837,-1.5259,-4.2726,-5.4933,-7.477,-8.5452,-9.3081,-10.376,-14.344,-16.633,-20.295,-23.957,-26.856,-27.924,-28.077,-26.551,-26.704,-24.873,-24.567,-25.025,-27.924,-29.603,-33.876,-34.028,-34.028,-30.519,-28.993,-25.483,-23.499,-21.363,-19.379,-14.649,-11.292,-5.7985,-0.76296,5.6459,12.36,20.142,26.246,33.113,39.369,46.846,51.881,56.154,59.511,63.173,63.173,61.19,57.68,54.323,51.729,50.966,48.677,47.609,45.015,43.794,41.2,41.505,40.895,44.099,47.456,52.95,54.781,57.222,60.427,63.936,67.446,70.803,74.16,81.332,89.114,97.049,101.02,106.66,111.39,119.02,124.06,127.57,128.79,133.67,138.55,144.35,150.15,157.32,162.66,166.33,168.46,169.84,171.21,173.65,170.9,166.02,157.32,151.98,144.51,135.81,123.14,111.39,98.575,88.046,76.907,64.241,48.524,33.113,16.48,-2.8993,-22.736,-41.505,-62.41,-80.874,-102.39,-121.77,-142.83,-162.05,-182.04,-200.96,-221.11,-239.88,-258.8,-276.35,-293.74,-310.53,-327.77,-344.71,-362.1,-379.96,-396.89,-413.07,-428.48,-441.76,-456.71,-469.22,-480.97,-490.28,-501.42,-510.57,-520.34,-525.83,-530.72,-536.21,-540.18,-542.77,-544.76,-544.76,-544.6,-543.23,-540.94,-538.5,-537.13,-532.55,-529.34,-524.92,-522.63,-518.97,-515.3,-511.95,-507.98,-503.4,-498.98,-493.18,-487.99,-482.96,-478.84,-474.72,-469.99,-463.73,-459.3,-452.59,-446.94,-440.23,-434.13,-427.87,-423.14,-417.34,-411.39,-405.74,-400.71,-394.76,-388.35,-383.01,-376.29,-369.88,-363.78,-357.07,-351.73,-346.08,-342.11,-338.3,-334.18,-329.75,-326.24,-322.73,-319.22,-314.65,-310.07,-306.41,-302.59,-297.86,-294.66,-290.99,-286.11,-280.16,-276.04,-272.84,-270.24,-267.19,-265.82,-264.14,-262.15,-260.63,-258.8,-256.97,-254.83,-253.3,-250.25,-246.59,-244.45,-242.16,-240.49,-238.65,-237.59,-236.21,-236.98,-237.74,-238.5,-239.42,-239.72,-240.33,-240.94,-241.86,-242.01,-242.32,-242.77,-242.47,-240.94,-239.11,-240.03,-240.79,-241.55,-245.06,-251.78,-256.97,-262.61,-266.88,-269.48,-274.51,-282.14,-291.15,-299.69,-307.47,-313.73,-319.38,-327.16,-334.94,-342.11,-346.84,-351.12,-351.42,-350.51,-349.89,-347.61,-345.47,-343.79,-341.35,-337.38,-332.19,-325.48,-317.7,-311.29,-304.57,-300.91,-296.18,-292.21,-289.93,-291.15,-289.62,-287.64,-283.36,-281.53,-285.2,-292.37,-297.86,-298.93,-296.79,-294.5,-293.28,-294.5,-292.67,-291.45,-290.54,-287.64,-278.63,-271.16,-261.54,-249.49,-239.88,-232.4,-217.14,-191.66,-157.93,-121.77,-91.403,-76.754,-69.124,-61.495,-52.644,-39.979,-10.529,33.57,80.416,131.69,176.4,196.84,194.71,180.82,157.48,126.35,98.575,80.721,76.296,74.313,68.056,52.644,32.502,10.224,-13.886,-39.369,-62.105,-79.501,-90.182,-90.945,-87.283,-86.062,-83.926,-86.52,-91.403,-101.47,-110.78,-116.73,-117.8,-113.22,-101.78,-87.893,-76.907,-68.514,-61.647,-58.596,-56.612,-55.544,-51.729,-48.83,-46.236,-45.32,-43.184,-43.794,-42.268,-38.301,-29.756,-22.126,-15.87,-11.139,-9.1556,-12.207,-17.701,-22.584,-23.499,-16.175,2.5941,25.178,46.846,63.326,75.533,81.179,82.095,80.874,79.958,79.958,82.858,87.741,94.455,100.86,111.24,125.28,143.74,159.92,175.33,191.81,211.34,237.28,269.78,301.68,340.74,378.58,405.59,417.04,415.36,408.64,397.2,370.04,348.98,353.4,383.92,424.36,460.52,475.48,463.27,436.72,415.66,398.11,392.16,397.05,402.69,393.08,370.49,331.13,279.09,223.24,179.45,152.44,138.71,138.25,150.91,163.27,168.16,162.97,156.87,145.27,133.67,120.24,115.05,119.79,133.82,152.13,165.26,168,161.44,144.96,123.75,104.68,97.201,96.438,99.033,100.1,105.29,108.8,109.1,106.97,101.47,92.776,82.4,73.855,65.767,53.255,42.116,31.892,28.23,26.399,27.009,26.399,23.804,17.853,9.3081,0.61037,-6.1037,-11.902,-16.022,-21.973,-28.382,-36.775,-45.167,-56.917,-66.073,-75.228,-83.773,-91.403,-98.727,-106.2,-111.7,-117.04,-117.8,-115.97,-111.85,-108.95,-104.07,-99.185,-91.098,-82.247,-71.413,-58.138,-42.879,-27.314,-8.5452,11.597,32.35,50.05,69.277,86.825,106.36,123.45,141.45,158.09,174.72,190.44,207.07,222.33,238.96,254.22,271.31,286.87,302.59,316.02,329.75,343.64,357.68,371.11,385.6,397.2,408.19,417.34,427.11,434.13,442.21,448.93,456.71,464.34,469.22,472.73,476.55,480.51,484.18,485.55,488.6,487.53,487.53,485.24,482.96,480.51,478.84,477,474.56,470.6,467.39,463.12,458.85,452.13,445.88,438.55,434.58,429.85,425.73,422.07,419.02,417.19,415.36,414.29,414.29,413.22,412.76,410.02,408.95,408.03,408.8,408.64,410.78,413.22,415.81,418.56,420.39,422.53,423.75,424.21,423.75,422.22,420.7,418.71,417.34,415.81,415.81,414.75,413.68,412.76,410.78,407.73,404.37,399.33,395.37,389.87,385.45,378.89,373.7,368.36,363.32,358.44,353.25,348.52,342.88,337.08,332.65,326.24,321.21,313.58,306.1,298.01,289.01,279.7,271.61,262,253.91,244.76,237.59,229.35,222.63,215.92,208.75,200.2,193.03,184.79,178.84,171.51,164.19,157.02,150.3,143.74,137.94,131.38,124.97,117.8,111.85,106.05,101.02,95.828,90.945,86.367,81.332,74.77,69.887,63.478,60.732,56.764,53.407,50.05,47.151,43.031,39.216,34.486,30.213,24.415,20.295,16.48,13.428,9.1556,5.4933,2.8993,1.3733,-0.76296,-1.9837,-6.1037,-8.3926,-12.207,-14.801,-17.09,-19.99,-22.889,-26.399,-29.145,-28.535,-30.213,-30.519,-32.807,-33.876,-34.333,-32.197,-31.434,-32.197,-34.028,-33.57,-34.028,-34.181,-36.164,-37.385,-38.759,-37.996,-37.233,-35.707,-33.723,-31.892,-31.739,-32.197,-34.944,-36.927,-39.827,-41.658,-43.641,-42.116,-40.59,-38.453,-37.233,-34.791,-31.892,-27.314,-24.873,-21.058,-19.227,-16.938,-14.801,-13.276,-11.902,-10.529,-8.5452,-5.6459,-4.883,-3.5096,-2.2889,0.61037,1.2207,3.2044,3.357,3.2044,3.357,5.0356,4.7304,4.2726,4.5778,4.7304,3.0519,3.6622,4.5778,6.1037,7.9348,8.5452,7.0193,6.2563,7.9348,9.6133,9.003,8.0874,2.5941,-0.30519,-2.1363,-4.4252,-9.9185,-15.87,-23.957,-33.57,-44.862,-53.865,-61.495,-65.31,-70.803,-74.923,-79.501,-81.332,-84.231,-85.604,-88.198,-90.487,-91.25,-89.572,-90.182,-93.387,-101.32,-105.14,-107.43,-107.58,-108.95,-112,-116.73,-122.23,-129.55,-136.42,-142.06,-144.96,-147.25,-147.25,-150,-148.93,-148.63,-145.73,-145.73,-144.66,-145.57,-145.42,-146.34,-143.44,-140.54,-134.59,-129.86,-124.82,-121.01,-115.82,-111.85,-104.68,-98.575,-90.487,-83.926,-76.144,-68.514,-62.258,-60.427,-60.579,-62.105,-61.647,-59.358,-55.849,-51.576,-46.846,-46.388,-48.372,-51.881,-52.187,-52.034,-49.44,-45.015,-41.658,-41.047,-41.963,-41.963,-43.031,-46.236,-45.167,-41.81,-35.707,-30.213,-21.058,-13.428,-6.4089,-1.0681,3.5096,4.4252,7.1718,12.818,16.48,16.785,16.327,15.259,15.564,19.074,27.772,34.486,40.437,42.421,43.184,43.031,44.099,44.862,44.862,42.116,38.759,36.012,33.723,35.554,43.031,54.018,64.241,71.108,77.975,83.316,90.487,93.692,95.218,95.37,99.338,103,108.34,114.14,117.95,116.12,110.17,103.76,100.25,95.37,90.03,84.078,80.111,73.855,69.277,63.631,59.664,54.476,51.576,50.508,54.323,61.19,68.209,71.871,74.007,74.007,72.787,70.193,69.277,67.293,68.667,70.345,71.718,70.498,70.956,72.481,75.686,78.433,80.721,82.095,82.553,79.348,73.397,65.157,57.68,50.661,47.914,48.219,52.644,54.476,53.865,50.508,42.726,30.366,23.194,20.6,21.363,22.584,27.924,33.418,38.301,40.132,41.658,40.284,37.538,33.265,30.976,25.941,23.347,19.379,17.548,10.071,3.2044,-4.12,-6.2563,-3.9674,1.9837,10.987,21.363,29.145,37.233,41.047,42.421,42.879,43.184,43.489,47.456,50.966,55.544,56.764,54.933,49.898,45.32,38.759,32.96,28.535,25.025,22.889,22.736,23.347,23.957,22.736,22.279,21.668,22.431,21.668,23.957,22.736,23.804,23.957,26.246,30.366,35.859,37.233,40.742,42.879,47.304,53.713,62.868,70.498,76.907,80.874,82.4,82.247,82.247,80.569,79.501,78.433,79.196,78.127,78.585,79.196,81.637,83.01,84.841,82.4,77.822,72.634,67.904,64.241,59.969,52.492,46.083,40.59,38.453,36.775,37.385,36.927,38.301,38.911,39.064,38.759,39.216,40.895,42.879,45.625,48.524,51.576,56.307,60.121,60.732,55.238,48.83,41.963,35.554,29.45,27.009,22.279,19.837,18.769,17.701,17.701,16.938,14.344,11.444,7.1718,5.4933,4.7304,4.883,5.3407,9.3081,11.597,14.801,17.243,18.921,17.548,13.581,5.1881,-3.2044,-10.834,-16.785,-23.652,-31.434,-39.369,-46.541,-53.56,-57.985,-61.647,-61.342,-60.427,-55.238,-53.255,-51.424,-50.966,-48.372,-50.356,-51.424,-52.95,-52.034,-50.661,-48.677,-47.761,-45.625,-43.947,-41.81,-38.911,-34.791,-34.791,-32.96,-33.113,-33.265,-37.233,-41.505,-47.304,-51.729,-57.833,-61.953,-65.157,-67.598,-69.43,-69.887,-70.956,-72.024,-73.244,-73.702,-75.838,-76.144,-77.67,-77.67,-78.585,-79.348,-80.874,-79.806,-77.364,-74.618,-73.397,-72.329,-71.718,-72.176,-73.244,-74.923,-76.144,-74.313,-72.634,-67.141,-63.784,-59.358,-57.222,-54.323,-53.407,-52.187,-51.118,-48.982,-50.356,-52.034,-54.17,-55.238,-57.527,-57.222,-59.358,-59.206,-60.427,-58.29,-55.849,-54.018,-53.865,-54.17,-55.086,-55.086,-56.154,-55.849,-55.849,-55.086,-55.544,-54.323,-55.544,-55.391,-55.696,-54.476,-54.476,-53.102,-52.339,-50.356,-49.593,-46.388,-43.184,-38.453,-33.723,-27.619,-22.431,-16.175,-13.733,-10.071,-7.7822,-3.357,-0.91556,4.883,10.071,15.87,20.295,24.873,30.366,35.554,39.979,44.252,47.609,52.492,55.696,59.511,61.8,65.004,65.615,66.225,65.767,65.615,66.378,68.361,71.261,72.939,73.55,74.465,74.618,76.144,76.754,78.89,78.28,79.196,78.738,80.111,80.111,79.043,77.059,76.296,75.533,76.296,77.67,80.874,82.247,84.994,84.994,85.452,83.316,83.621,80.569,77.67,75.533,75.533,74.313,73.702,73.092,73.397,72.329,72.939,71.108,71.261,71.261,72.634,72.329,72.787,71.261,71.871,72.329,73.855,75.686,77.822,79.348,81.484,81.79,82.705,79.958,79.806,78.28,77.67,75.381,75.076,75.838,76.144,75.838,74.313,70.498,66.988,63.326,60.427,56.459,53.407,49.287,47.456,44.71,42.573,40.284,39.216,39.216,39.979,41.047,42.421,42.268,43.336,41.505,38.911,36.317,34.944,31.281,29.298,26.551,24.567,22.431,23.499,24.873,24.415,22.889,21.668,16.938,13.276,8.24,5.4933,1.9837,0.15259,-2.8993,-5.7985,-8.5452,-10.681,-14.039,-16.785,-20.905,-22.584,-27.924,-30.976,-33.876,-34.333,-37.233,-38.606,-40.132,-40.59,-41.505,-41.353,-42.573,-43.031,-45.625,-46.541,-47.609,-47.304,-46.999,-44.404,-44.252,-43.641,-43.947,-43.336,-44.099,-43.947,-45.625,-46.236,-48.219,-47.914,-47.609,-46.388,-47.609,-47.609,-49.135,-50.508,-51.881,-52.034,-54.628,-58.596,-61.647,-63.784,-67.598,-69.582,-72.481,-72.176,-73.244,-71.871,-71.108,-70.193,-68.361,-67.141,-66.073,-64.699,-63.021,-61.953,-61.647,-59.816,-60.121,-60.121,-60.427,-59.664,-59.664,-58.29,-56.307,-57.07,-57.985,-57.833,-56.917,-53.713,-49.135,-41.505,-34.944,-28.077,-24.567,-20.753,-20.142,-17.701,-15.87,-15.259,-14.801,-15.107,-14.954,-14.191,-13.428,-12.055,-13.123,-10.834,-9.9185,-6.8667,-6.4089,-6.5615,-9.4607,-10.681,-10.834,-12.055,-12.818,-13.733,-14.496,-14.801,-14.649,-14.039,-12.818,-10.529,-8.6978,-5.1881,-1.8311,3.2044,9.003,17.548,24.72,30.213,33.57,35.707,37.233,38.911,40.284,42.573,42.879,40.742,36.317,32.655,28.382,25.025,19.074,15.107,10.834,6.2563,-1.8311,-7.6296,-11.75,-14.344,-15.564,-17.243,-23.041,-29.603,-38.148,-43.336,-47.456,-50.813,-55.849,-59.816,-67.141,-71.261,-75.533,-76.449,-78.89,-83.316,-92.624,-98.422,-102.85,-104.07,-101.78,-97.049,-95.828,-95.676,-95.676,-95.676,-96.286,-93.997,-90.64,-84.231,-79.348,-71.718,-65.462,-59.511,-54.628,-49.135,-47.914,-43.947,-39.064,-33.876,-28.23,-18.311,-8.8504,-3.8148,-2.2889,-0.91556,0.15259,2.1363,1.6785,0.91556,0.30519,1.3733,2.8993,10.529,18.006,25.788,32.807,39.216,44.71,50.508,53.407,57.527,60.121,62.105,61.037,63.478,66.988,74.923,79.806,85.452,88.504,91.403,91.861,93.234,92.624,93.234,95.218,99.338,101.93,106.36,111.85,115.36,115.97,116.28,115.97,116.58,115.05,115.51,113.99,113.83,111.39,111.55,109.41,109.26,105.44,100.41,92.318,83.316,75.533,67.141,58.748,52.797,47.151,44.862,42.268,43.641,44.099,40.742,26.093,10.681,-11.292,-34.333,-58.29,-77.212,-86.215,-90.487,-96.133,-104.83,-121.01,-139.93,-161.75,-184.18,-206.76,-229.5,-253.91,-276.96,-299.69,-317.39,-332.65,-347.45,-366.22,-385.75,-404.98,-421.46,-435.35,-446.18,-453.66,-460.83,-470.14,-482.96,-494.25,-506.3,-517.75,-528.12,-542.31,-556.35,-572.68,-588.24,-605.94,-622.12,-637.23,-651.42,-662.71,-673.39,-682.55,-692.77,-702.23,-712,-722.53,-733.05,-744.5,-752.59,-759.61,-762.96,-764.64,-765.1,-765.4,-763.73,-762.2,-759.91,-757.47,-754.88,-752.74,-752.89,-751.98,-749.38,-746.48,-742.06,-735.8,-728.32,-721.15,-713.83,-707.57,-700.7,-692.92,-683.16,-673.09,-665.3,-659.05,-654.32,-648.67,-642.26,-634.33,-623.34,-610.98,-597.4,-585.19,-571.61,-560.47,-547.65,-536.52,-523.09,-511.49,-500.81,-487.99,-475.94,-462.97,-449.54,-436.72,-426.19,-417.95,-409.1,-400.4,-390.64,-382.85,-374.77,-367.14,-357.07,-350.35,-344.4,-340.28,-337.53,-334.79,-332.65,-329.91,-325.48,-321.21,-316.93,-313.27,-310.22,-310.83,-309.61,-308.69,-307.32,-305.8,-301.37,-298.32,-295.27,-291.76,-286.72,-281.08,-278.18,-275.89,-274.82,-274.67,-274.97,-276.19,-276.19,-277.26,-276.96,-276.8,-274.82,-272.53,-270.39,-269.02,-267.65,-264.6,-262.31,-259.41,-256.51,-252.69,-247.96,-243.54,-238.81,-234.99,-229.8,-225.23,-221.56,-218.51,-215,-212.56,-210.43,-207.83,-204.63,-202.49,-201.42,-201.42,-200.35,-199.29,-198.07,-196.84,-194.86,-191.96,-189.37,-188.6,-188.6,-190.13,-189.83,-188.15,-182.35,-173.35,-163.58,-155.8,-150.3,-146.64,-145.42,-147.56,-149.85,-152.44,-153.2,-155.34,-154.42,-152.9,-146.79,-132.91,-119.17,-106.97,-94.455,-84.536,-79.043,-69.582,-57.07,-48.524,-37.233,-19.227,-3.357,3.0519,5.3407,-3.5096,-21.058,-26.246,-6.1037,33.113,78.127,124.97,157.17,169.07,179.6,192.27,199.9,210.27,232.7,245.98,238.65,214.39,183.57,150.76,121.46,104.68,98.422,98.27,105.14,113.38,113.99,110.02,111.09,111.7,101.47,79.348,54.933,31.587,14.344,2.4415,0.45778,0.76296,7.0193,15.87,22.736,24.11,19.684,3.6622,-27.924,-57.222,-74.77,-82.4,-83.01,-84.231,-92.471,-110.02,-126.04,-136.72,-141.45,-143.74,-139.01,-128.79,-119.48,-112,-108.65,-106.51,-106.05,-106.66,-109.71,-114.6,-115.67,-116.12,-117.19,-122.07,-126.19,-126.96,-123.29,-119.02,-114.14,-104.53,-90.793,-76.449,-65.615,-60.579,-58.138,-52.644,-40.132,-24.873,-6.8667,9.003,22.431,32.35,41.963,50.508,55.696,57.375,55.544,51.576,45.93,35.249,29.908,38.911,64.089,98.88,139.77,178.08,209.66,227.36,230.87,221.11,211.49,208.29,212.41,226.29,251.17,287.33,328.07,365.92,392.47,394.15,371.41,337.38,320.9,337.53,386.67,449.39,514.39,571.92,610.98,622.42,611.9,589.31,562.61,539.87,530.41,534.38,551.93,565.51,564.9,549.79,526.29,495.77,465.87,441.3,428.33,422.53,424.36,431.68,442.98,452.44,452.28,443.28,429.24,413.22,403,397.96,392.16,384.99,377.97,367.75,353.1,332.04,312.05,293.59,280.77,268.56,260.32,255.44,248.73,237.13,222.17,209.05,200.05,189.52,179.6,172.73,167.85,162.51,156.41,145.27,133.52,122.84,115.97,107.73,103.61,103.31,104.98,104.98,104.07,99.948,92.624,81.027,70.803,65.31,61.647,58.596,59.816,59.969,64.241,73.244,84.841,92.624,98.117,97.354,91.403,81.027,68.972,57.833,46.541,35.707,28.382,27.009,32.197,36.47,45.167,49.135,48.067,43.641,39.979,32.807,25.788,18.159,9.7659,-1.3733,-14.344,-26.246,-33.57,-34.944,-33.418,-29.908,-27.467,-30.213,-32.35,-35.859,-39.521,-43.184,-45.015,-47.609,-51.424,-58.443,-65.767,-72.329,-79.501,-84.689,-86.825,-88.656,-88.656,-90.335,-88.198,-88.504,-88.656,-88.961,-84.841,-79.806,-73.702,-66.53,-57.527,-47.761,-36.775,-23.804,-10.071,7.9348,27.314,42.116,56.764,73.244,94.302,112.31,128.03,140.54,148.63,154.12,159.76,164.34,170.9,176.85,183.87,191.81,200.96,209.66,220.19,227.52,236.52,243.69,247.96,249.18,249.03,247.81,249.64,255.44,264.75,272.07,275.89,275.28,278.48,281.08,285.04,285.04,285.65,284.59,285.04,284.28,282.3,277.26,271.16,271,279.55,286.26,290.08,288.86,283.82,278.48,277.57,278.33,280.31,281.23,284.43,285.81,284.59,278.02,271.16,261.54,253.91,247.2,251.93,261.24,272.53,277.57,282.14,286.42,291.15,296.49,305.34,311.9,319.07,322.58,324.11,323.5,325.63,325.63,325.48,322.89,324.41,327.46,334.79,339.67,343.33,343.94,342.42,339.67,335.55,331.28,328.53,325.02,321.97,318.92,316.78,310.83,303.96,296.95,290.84,282.3,274.97,267.95,262.46,257.12,251.47,243.54,234.53,224.92,215.46,206.15,197.45,186.62,178.08,170.45,166.17,159.76,154.88,148.17,143.13,135.81,131.08,124.52,118.56,111.7,104.83,98.27,93.539,88.961,87.893,86.978,88.656,87.588,88.809,88.198,89.419,87.13,88.198,87.893,90.487,91.556,92.013,91.403,90.335,89.114,90.182,91.861,94.913,96.133,98.727,100.41,105.44,110.78,118.72,124.82,130.31,133.37,136.42,139.77,144.2,148.32,152.75,156.87,161.44,163.73,166.94,167.39,169.38,170.14,172.12,174.87,179.6,185.25,191.35,195.93,201.73,206.76,213.78,219.58,226.6,233.01,239.88,245.83,250.86,255.59,260.93,265.05,271.31,277.41,284.13,287.18,290.99,294.5,298.32,301.68,306.71,309.15,312.81,316.02,319.68,321.36,322.43,323.95,325.79,327.62,330.82,332.35,334.18,335.09,336.16,337.69,340.43,343.03,346.54,346.69,347.76,348.67,351.88,354.17,355.39,356.15,356.76,356.76,356.3,355.39,356.46,356.61,358.75,360.42,359.2,356.15,351.88,346.84,343.49,339.06,336.31,331.28,326.24,321.67,317.39,312.81,308.69,304.88,303.35,300.15,297.56,293.28,289.16,284.28,278.79,273.29,268.87,264.44,261.24,256.81,252.85,247.35,242.77,238.96,235.76,232.86,229.65,227.21,224.01,220.04,217.29,212.87,208.14,202.64,198.52,194.25,190.44,186.77,184.33,182.65,180.52,178.23,177.77,176.24,175.63,173.65,171.82,169.53,164.8,160.37,156.41,152.29,149.85,147.4,146.18,142.37,139.47,134.13,129.25,122.99,118.11,112.77,107.27,103,100.25,96.896,93.692,88.351,84.078,78.89,74.465,69.124,64.089,59.816,54.781,50.661,48.83,46.693,44.557,42.116,39.674,35.249,32.502,30.519,30.671,30.519,31.434,29.756,27.161,23.347,20.6,18.464,16.785,13.886,11.139,7.0193,5.6459,2.8993,1.8311,2.1363,1.9837,1.0681,0.30519,-0,2.1363,4.12,5.6459,2.8993,1.6785,1.0681,0.15259,-0.91556,0.15259,-0.76296,-0.76296,-0,1.2207,1.2207,1.0681,-1.0681,-3.2044,-4.5778,-3.6622,-3.5096,-2.8993,-3.5096,-4.2726,-5.9511,-5.0356,-3.357,-1.3733,0.30519,0.45778,-1.3733,-4.2726,-6.2563,-5.9511,-7.7822,-9.003,-11.597,-14.649,-18.616,-19.227,-18.769,-15.564,-13.733,-14.344,-15.87,-17.243,-19.074,-19.837,-19.99,-19.227,-19.99,-18.616,-19.837,-20.447,-21.21,-19.074,-16.48,-13.276,-12.513,-11.75,-10.224,-8.0874,-4.4252,1.6785,6.8667,9.9185,6.5615,3.8148,1.5259,0.61037,-2.5941,-5.4933,-7.0193,-7.6296,-8.0874,-10.681,-14.649,-18.159,-20.905,-23.499,-26.399,-29.298,-33.57,-35.554,-39.827,-42.573,-45.778,-46.541,-45.015,-40.59,-36.317,-32.197,-26.704,-19.074,-14.191,-13.276,-12.818,-11.902,-14.954,-17.243,-18.311,-17.548,-18.311,-16.175,-11.292,-3.9674,0.15259,3.2044,3.2044,-0.30519,-10.224,-21.058,-29.145,-31.892,-33.265,-35.249,-37.385,-36.164,-37.69,-37.08,-36.47,-35.401,-37.233,-35.554,-34.486,-34.028,-36.47,-38.911,-43.336,-46.541,-49.44,-53.102,-59.206,-63.478,-69.582,-75.381,-82.4,-85.604,-87.893,-85.299,-83.621,-81.942,-82.095,-83.01,-84.384,-86.062,-88.046,-88.046,-86.215,-82.095,-80.111,-78.738,-76.296,-72.939,-72.787,-68.361,-64.394,-56.917,-48.677,-38.301,-28.077,-15.717,-3.2044,6.7141,12.818,15.564,16.022,15.87,14.496,11.902,7.477,4.2726,0.91556,-1.2207,-6.2563,-10.071,-12.36,-13.581,-14.344,-12.513,-11.75,-10.529,-9.003,-5.6459,-1.2207,4.12,7.9348,12.513,15.259,16.785,13.886,11.292,6.1037,3.357,-0.61037,-3.8148,-6.5615,-6.2563,-2.8993,1.8311,3.9674,5.0356,7.477,11.597,15.717,19.684,19.837,18.769,15.87,15.107,15.412,19.379,19.684,18.006,14.039,10.987,9.9185,12.36,12.818,8.5452,1.9837,-3.5096,-10.681,-16.938,-23.957,-26.856,-28.84,-29.908,-29.603,-25.941,-23.194,-21.058,-21.516,-22.279,-22.889,-24.262,-25.33,-24.262,-21.058,-16.633,-17.09,-20.295,-25.178,-26.856,-28.077,-24.262,-21.668,-21.668,-23.499,-25.33,-26.246,-26.551,-26.399,-26.093,-26.093,-25.178,-23.499,-18.921,-17.243,-14.344,-13.123,-12.665,-13.428,-13.123,-13.886,-14.344,-18.311,-23.194,-28.535,-33.418,-38.453,-41.963,-46.236,-48.219,-53.713,-56.459,-62.868,-67.598,-73.092,-74.007,-75.228,-77.059,-79.196,-80.721,-84.231,-88.656,-92.166,-93.997,-97.201,-100.25,-101.78,-102.24,-103.61,-101.93,-99.948,-95.676,-92.776,-90.945,-91.098,-90.487,-89.267,-87.741,-87.436,-86.978,-90.335,-94.913,-98.27,-97.201,-96.896,-96.438,-98.27,-100.86,-106.81,-112,-117.8,-122.38,-124.21,-122.38,-117.8,-111.24,-102.39,-93.997,-88.809,-89.267,-95.065,-100.25,-105.44,-106.81,-104.83,-96.896,-87.436,-78.28,-71.718,-68.972,-70.65,-78.28,-88.046,-95.981,-103.31,-109.1,-116.12,-120.09,-127.26,-129.7,-132.91,-133.37,-134.28,-131.99,-131.84,-130.77,-129.55,-126.8,-124.67,-123.14,-121.77,-119.94,-119.94,-118.56,-119.63,-118.11,-118.56,-116.12,-116.73,-117.04,-120.24,-121.92,-124.06,-125.13,-127.26,-127.26,-126.8,-124.82,-123.75,-123.6,-124.21,-122.99,-123.14,-121.46,-120.24,-116.43,-112.92,-108.8,-104.83,-99.796,-94.913,-90.945,-88.809,-86.367,-84.536,-84.536,-86.825,-89.267,-92.166,-94.455,-95.37,-93.081,-91.556,-89.877,-87.893,-88.046,-89.114,-90.487,-92.624,-95.37,-95.981,-95.676,-97.507,-96.591,-97.049,-95.981,-94.607,-93.234,-93.234,-91.861,-91.861,-93.234,-95.676,-100.1,-106.05,-112.31,-119.79,-124.06,-128.79,-129.86,-131.99,-131.99,-134.43,-133.82,-133.37,-132.45,-132.15,-132.3,-134.28,-135.2,-135.81,-134.28,-131.84,-125.28,-121.46,-115.36,-110.78,-106.36,-103.15,-96.133,-89.877,-81.942,-75.991,-70.65,-65.767,-60.274,-53.713,-46.541,-41.2,-37.08,-34.486,-29.145,-23.804,-13.276,-3.6622,6.1037,12.97,19.532,26.856,36.012,42.268,47.456,51.576,57.222,60.579,66.225,68.361,70.956,72.634,76.296,78.89,79.653,80.569,83.316,86.367,88.504,90.335,93.997,96.591,100.41,102.85,106.36,108.8,112.46,112,111.24,110.63,109.56,108.49,107.58,106.81,107.12,104.07,101.78,98.727,97.964,95.828,92.929,86.978,83.01,78.433,74.77,70.65,66.683,64.852,66.073,67.446,69.735,69.887,70.956,69.277,69.43,70.498,73.092,76.601,79.501,82.247,83.316,84.536,87.741,87.13,84.689,79.958,78.585,75.991,76.296,76.754,77.364,77.059,76.601,74.77,74.007,74.465,75.228,72.787,70.803,67.904,66.988,63.936,60.884,59.206,58.29,56.764,55.238,51.118,46.846,42.573,40.284,36.47,33.876,28.077,23.041,15.717,9.003,5.6459,2.1363,-2.7467,-8.3926,-14.954,-19.99,-26.093,-29.145,-31.892,-32.044,-33.418,-35.707,-37.538,-39.674,-40.437,-38.301,-37.538,-36.164,-36.317,-33.418,-31.129,-26.856,-23.957,-19.684,-18.159,-14.954,-13.123,-12.818,-14.344,-14.801,-15.107,-12.665,-11.444,-9.9185,-11.139,-11.902,-14.954,-15.107,-15.564,-12.513,-10.529,-6.4089,-5.3407,-3.2044,-0.61037,3.357,4.12,3.5096,2.2889,4.4252,5.3407,7.6296,8.0874,9.9185,11.75,16.175,20.905,24.873,27.467,28.84,29.603,29.908,27.467,24.72,18.464,14.649,8.8504,5.6459,3.0519,1.3733,-1.6785,-1.8311,-0.45778,1.3733,0.91556,-1.3733,-5.3407,-7.0193,-10.834,-14.191,-20.6,-27.924,-33.57,-38.606,-47.609,-54.17,-60.732,-65.462,-70.345,-72.024,-74.313,-76.601,-78.738,-79.196,-79.806,-80.569,-80.874,-81.332,-85.147,-87.588,-91.861,-95.676,-103.31,-110.63,-119.17,-124.52,-129.09,-131.69,-133.06,-134.89,-138.25,-142.37,-146.79,-149.39,-155.19,-158.24,-162.66,-163.58,-167.39,-168.92,-169.38,-165.56,-164.95,-165.41,-169.68,-172.58,-178.38,-185.4,-195.47,-202.03,-207.98,-210.12,-214.09,-217.44,-222.33,-222.94,-224.92,-226.75,-227.82,-228.74,-229.65,-229.65,-231.03,-231.03,-231.03,-228.43,-227.06,-221.41,-217.44,-212.26,-208.29,-204.02,-205.24,-207.83,-212.71,-216.68,-223.4,-229.04,-235.3,-233.92,-228.58,-220.95,-215.16,-209.36,-204.78,-200.81,-199.59,-202.49,-203.71,-194.86,-177.62,-156.41,-140.54,-125.58,-117.8,-111.85,-113.38,-120.55,-133.06,-141.76,-144.2,-137.79,-127.57,-112.16,-97.964,-90.03,-93.387,-103.31,-123.6,-146.03,-170.9,-191.66,-207.83,-214.09,-210.58,-199.74,-188.15,-181.59,-181.89,-191.05,-205.85,-222.94,-240.49,-251.78,-255.59,-244.3,-222.33,-199.74,-185.09,-176.4,-177.47,-188.91,-209.51,-234.69,-261.54,-288.71,-308.39,-320.14,-322.28,-316.78,-308.85,-301.83,-296.79,-291.15,-288.25,-284.59,-284.59,-284.59,-286.26,-293.74,-296.95,-293.74,-289.47,-288.71,-292.06,-292.21,-284.74,-276.96,-270.85,-267.49,-268.87,-269.94,-273.29,-273.14,-269.63,-262.61,-256.66,-250.71,-244.91,-239.57,-232.25,-223.24,-212.56,-205.54,-200.51,-196.54,-193.03,-184.18,-173.35,-159.15,-145.88,-134.89,-128.79,-123.75,-122.99,-124.21,-129.7,-136.72,-140.08,-137.94,-129.4,-115.05,-99.796,-86.367,-76.754,-69.735,-68.056,-66.073,-64.699,-61.8,-59.664,-55.849,-55.238,-59.206,-60.579,-58.748,-55.696,-51.729,-46.388,-40.895,-34.639,-28.687,-24.873,-20.447,-17.396,-12.36,-5.7985,6.4089,17.243,30.366,41.81,50.508,56.764,60.121,61.342,60.427,56.459,54.933,55.086,60.579,66.836,73.855,78.433,84.078,89.419,95.065,98.727,103.76,111.24,120.85,129.7,137.33,142.37,146.34,150.15,155.49,159.31,164.34,166.63,170.29,173.5,178.99,184.33,190.74,195.78,200.35,204.78,209.2,213.48,218.05,220.19,221.56,222.17,224.92,227.36,231.94,236.06,240.18,244,248.42,248.27,247.05,246.28,245.52,244,244,243.08,242.93,240.64,241.4,241.25,241.1,239.42,239.57,240.18,241.71,243.54,245.06,247.2,249.18,251.32,252.85,253.91,253.46,251.47,249.95,246.44,243.84,239.88,236.52,232.7,230.72,228.89,227.52,225.84,223.4,220.19,217.14,213.02,211.04,208.14,205.54,201.42,200.66,197.91,196.54,192.27,189.52,184.79,183.26,180.52,181.74,183.57,186.47,186.93,187.84,188.6,191.05,193.18,196.23,198.07,201.42,203.56,207.83,210.27,215.16,217.44,221.41,224.16,228.74,233.62,239.11,243.39,246.59,249.03,252.08,254.52,255.75,255.44,255.44,253.91,254.68,252.69,253.61,254.98,256.36,255.44,257.73,258.49,259.1,257.58,257.12,256.97,257.58,257.12,258.19,258.03,261.09,262.61,266.58,269.33,271.92,271.61,272.23,272.38,274.97,275.58,278.33,282.6,286.42,290.84,296.33,301.83,305.8,307.93,312.05,313.27,314.49,315.26,316.78,315.41,314.8,314.34,315.26,315.56,317.39,319.38,321.82,322.12,320.9,319.53,316.93,313.58,311.14,307.32,302.9,298.78,296.33,293.44,290.38,286.87,281.23,275.73,270.85,265.97,260.93,256.66,254.83,251.17,247.51,241.71,236.52,230.57,225.23,218.67,212.71,206.61,202.8,200.81,198.22,195.01,192.27,188.6,185.4,180.52,176.24,170.29,164.95,156.41,147.1,138.4,130.62,123.29,115.51,108.04,100.86,94.607,89.267,83.621,79.196,74.618,72.024,68.361,64.241,58.29,53.255,47.151,40.742,35.249,30.213,24.567,18.769,13.276,8.5452,1.8311,-4.2726,-12.513,-18.159,-24.415,-28.23,-33.876,-37.233,-41.505,-46.541,-52.797,-58.443,-64.394,-70.04,-73.244,-74.77,-75.838,-78.433,-82.858,-87.741,-92.166,-93.539,-96.133,-96.591,-98.727,-98.117,-98.88,-98.117,-100.56,-102.69,-106.05,-105.59,-105.14,-104.83,-105.59,-104.07,-103.15,-100.71,-99.185,-96.438,-94.76,-91.098,-87.436,-82.4,-78.89,-74.16,-71.108,-66.836,-63.784,-63.631,-64.852,-67.293,-70.498,-75.381,-80.264,-84.689,-90.64,-95.065,-98.88,-99.796,-101.63,-102.54,-105.14,-104.98,-106.81,-107.27,-107.12,-107.73,-108.8,-108.49,-109.1,-109.56,-109.87,-107.43,-104.98,-103,-103.15,-102.39,-103.76,-103.61,-104.83,-104.83,-103.15,-101.02,-98.422,-96.133,-94.455,-92.013,-89.572,-86.673,-84.536,-81.484,-81.484,-79.653,-78.28,-77.517,-77.822,-76.601,-76.449,-76.449,-77.822,-79.501,-82.247,-83.621,-85.147,-86.673,-87.283,-86.825,-86.52,-84.536,-82.858,-81.027,-80.721,-80.111,-81.637,-83.163,-85.91,-87.436,-89.114,-92.471,-95.37,-98.117,-101.78,-106.97,-111.39,-114.29,-118.87,-120.7,-122.53,-122.84,-123.91,-123.6,-123.29,-121.31,-118.72,-116.12,-114.29,-113.99,-113.53,-112,-109.56,-105.14,-102.54,-97.507,-93.692,-91.861,-90.03,-84.384,-80.874,-76.601,-71.108,-64.699,-59.816,-54.476,-48.83,-42.879,-39.521,-34.944,-32.35,-29.603,-28.535,-23.499,-20.753,-18.311,-18.311,-15.259,-10.987,-5.6459,-0.61037,5.3407,10.071,15.107,19.684,25.483,26.704,29.145,30.824,33.265,34.944,37.233,37.233,38.148,38.148,38.301,38.301,36.927,34.791,34.028,31.587,30.061,26.856,28.382,28.993,31.434,32.502,34.028,33.876,33.265,33.418,34.486,35.707,37.233,39.827,42.726,45.015,47.151,47.761,48.982,47.609,48.219,48.372,49.287,49.898,51.424,54.323,58.138,59.816,61.19,61.647,60.884,57.527,56.764,54.17,54.018,53.102,54.17,54.018,54.628,53.56,51.271,47.304,43.489,39.216,37.538,35.401,34.791,32.96,33.723,32.96,32.502,31.587,33.876,35.707,39.674,41.81,43.031,42.421,43.184,42.116,40.59,39.674,39.521,37.843,38.453,38.606,40.895,39.827,38.606,36.164,36.164,36.012,38.453,38.453,37.69,35.707,35.249,34.028,35.401,34.486,35.096,35.859,38.606,42.116,48.372,51.881,56.459,58.443,61.037,63.631,66.378,67.141,67.598,66.225,63.936,59.816,57.527,56.612,58.748,59.206,59.358,57.527,56.612,51.881,47.761,44.862,42.879,41.2,39.674,38.301,36.164,32.197,28.077,22.431,18.464,15.259,14.496,14.649,16.785,18.159,18.616,16.633,16.633,17.853,19.379,20.6,21.058,21.363,22.584,23.957,27.314,29.756,30.061,26.704,23.804,21.973,22.279,21.821,23.499,24.72,24.415,23.194,21.821,17.548,12.207,5.6459,-0.45778,-5.3407,-9.4607,-14.191,-16.785,-21.668,-24.567,-29.298,-31.281,-35.401,-38.606,-42.268,-45.778,-48.982,-52.034,-57.833,-61.495,-64.852,-66.836,-69.735,-68.361,-68.209,-68.056,-71.108,-71.413,-73.092,-71.718,-70.193,-68.667,-67.293,-63.478,-60.884,-56.917,-53.407,-48.982,-45.473,-39.979,-36.927,-34.028,-32.502,-26.704,-21.668,-16.633,-12.97,-8.6978,-4.5778,-2.4415,1.0681,7.0193,14.039,20.142,24.72,28.535,30.671,32.35,32.197,34.333,35.401,36.164,35.554,35.859,34.639,33.723,32.96,32.35,31.281,27.924,23.804,19.684,15.107,12.97,10.834,10.071,8.0874,8.0874,6.7141,7.477,6.2563,4.4252,0.76296,-1.6785,-4.4252,-5.0356,-6.2563,-8.5452,-10.834,-11.139,-12.36,-12.055,-12.97,-10.224,-9.6133,-7.6296,-6.1037,-1.9837,1.8311,5.3407,7.1718,9.6133,12.207,15.564,17.853,20.905,21.363,24.567,25.178,26.551,25.941,24.415,22.736,22.126,22.736,26.399,29.145,31.281,30.824,31.434,30.671,31.434,30.519,30.213,30.061,30.213,30.976,32.35,34.486,36.164,37.996,38.759,36.47,35.859,32.502,30.213,29.145,27.772,23.652,20.142,18.769,17.243,15.107,14.954,11.902,9.6133,6.4089,4.12,0.76296,0.15259,-0.15259,-1.3733,-1.6785,-2.4415,-5.3407,-7.9348,-10.071,-12.055,-17.09,-22.889,-30.519,-33.57,-35.859,-37.538,-39.369,-41.2,-44.099,-46.236,-46.846,-47.151,-49.44,-50.966,-54.476,-56.612,-60.427,-62.258,-65.004,-65.767,-67.751,-70.803,-73.855,-76.144,-76.754,-77.975,-82.247,-85.91,-92.318,-96.896,-102.08,-104.22,-108.34,-110.32,-110.78,-109.26,-108.49,-107.88,-106.97,-106.81,-105.75,-102.54,-100.56,-95.981,-90.64,-84.384,-81.484,-77.67,-77.212,-75.533,-74.618,-73.092,-71.108,-68.514,-66.988,-64.089,-62.41,-59.664,-59.053,-57.527,-59.358,-60.427,-62.716,-63.631,-62.716,-61.342,-61.495,-63.478,-63.936,-62.41,-63.478,-63.631,-66.378,-69.887,-74.16,-77.517,-82.553,-83.926,-84.384,-82.4,-78.89,-75.228,-72.787,-69.43,-68.361,-66.683,-66.683,-62.716,-58.901,-54.933,-51.576,-47.914,-43.794,-39.064,-34.333,-30.671,-30.824,-29.908,-30.061,-29.45,-31.892,-33.723,-35.249,-36.47,-38.911,-42.879,-47.761,-53.713,-62.258,-69.277,-76.754,-81.484,-86.52,-92.318,-97.964,-102.39,-106.97,-109.71,-114.9,-121.31,-129.09,-132.6,-136.42,-140.23,-143.89,-146.34,-148.32,-150,-150.15,-151.22,-153.36,-153.36,-155.19,-157.32,-161.75,-163.12,-164.34,-163.43,-160.99,-157.48,-154.27,-150.91,-150.15,-149.85,-150.76,-149.54,-148.78,-145.42,-145.27,-141.76,-138.25,-131.99,-125.43,-116.12,-108.8,-103.92,-101.93,-98.27,-95.981,-92.471,-90.64,-87.741,-87.13,-85.757,-85.299,-81.637,-78.433,-74.313,-70.04,-65.92,-62.868,-59.053,-53.865,-48.524,-46.388,-43.489,-42.726,-40.132,-38.759,-36.317,-34.486,-31.129,-27.619,-23.347,-20.905,-17.09,-14.801,-10.681,-8.3926,-5.7985,-5.1881,-4.883,-6.5615,-8.24,-8.8504,-7.9348,-8.8504,-9.7659,-11.139,-11.292,-12.36,-12.055,-12.207,-11.444,-12.207,-11.75,-12.055,-12.818,-14.801,-15.717,-18.921,-19.837,-21.363,-21.363,-22.279,-21.973,-24.567,-25.025,-27.161,-26.856,-28.535,-28.535,-28.993,-27.924,-27.314,-25.788,-26.246,-25.025,-24.11,-22.584,-22.584,-20.905,-19.684,-16.633,-14.801,-10.224,-9.3081,-7.3244,-7.7822,-7.7822,-8.24,-7.3244,-10.376,-12.513,-14.649,-15.564,-17.396,-18.769,-18.921,-17.396,-17.853,-15.412,-13.886,-10.681,-10.834,-10.529,-12.665,-14.496,-16.48,-16.175,-16.633,-16.48,-18.311,-19.074,-20.447,-20.142,-19.99,-19.074,-21.363,-22.279,-25.788,-27.161,-30.519,-30.824,-30.976,-28.687,-27.161,-26.704,-26.856,-28.077,-30.061,-30.213,-31.434,-32.044,-32.044,-30.061,-28.687,-24.567,-21.21,-16.022,-12.36,-8.0874,-4.2726,0.45778,3.357,6.8667,10.071,15.412,18.464,21.668,24.415,29.756,34.333,41.047,48.219,55.086,60.274,66.073,70.04,74.618,78.433,83.468,88.656,95.37,100.41,105.14,108.04,110.02,111.7,114.14,116.73,122.23,126.65,128.79,127.72,128.03,128.79,128.79,127.41,125.43,123.14,123.6,125.28,126.96,129.25,133.67,136.57,140.69,142.83,144.96,144.96,146.64,149.39,152.59,155.19,158.24,160.22,162.97,162.21,163.73,163.88,166.17,166.17,165.56,164.49,164.04,163.88,162.66,161.14,159.46,155.03,152.13,150.15,149.69,148.32,149.54,149.85,150.3,148.17,146.34,146.64,150.61,155.03,159.76,164.95,168.92,170.45,172.73,175.18,178.69,180.67,182.81,184.18,186.01,184.94,184.48,182.2,178.53,175.48,171.82,165.26,159.46,155.8,152.44,149.69,150.15,148.47,146.64,143.59,139.93,134.74,131.84,128.33,124.97,121.46,118.87,116.28,114.14,113.68,114.6,112.92,113.07,112.77,114.14,114.9,116.43,116.12,117.19,116.58,117.34,116.89,115.36,112.46,109.1,106.66,103.46,100.41,98.27,95.828,95.676,93.234,90.64,87.283,85.299,83.773,84.689,84.384,83.926,82.858,81.027,78.433,75.228,70.803,68.209,65.31,63.631,60.274,57.833,53.255,46.693,39.216,32.655,25.178,19.379,14.801,10.529,7.477,5.6459,5.1881,7.1718,7.3244,8.0874,7.6296,7.9348,7.0193,7.9348,9.6133,11.75,12.665,13.581,14.191,14.954,14.191,13.581,11.292,12.207,11.444,10.987,9.1556,9.4607,9.9185,9.7659,10.376,9.4607,8.5452,8.6978,7.9348,8.5452,8.0874,9.7659,8.0874,7.6296,5.4933,4.2726,0.30519,-1.9837,-4.883,-7.1718,-9.1556,-12.36,-15.87,-18.464,-20.753,-20.6,-21.973,-22.431,-23.499,-21.973,-23.957,-25.025,-24.415,-21.363,-19.074,-17.243,-16.785,-15.259,-13.886,-11.139,-10.224,-9.003,-7.3244,-3.2044,-1.9837,0.45778,2.5941,7.7822,10.224,12.818,15.87,16.938,14.649,12.665,12.665,13.733,13.581,14.954,17.548,21.058,21.058,19.379,15.107,15.564,16.633,17.853,17.701,22.126,26.399,29.145,32.655,36.317,36.47,37.538,38.759,40.132,39.521,38.301,33.113,31.434,29.145,27.314,24.72,24.567,24.873,22.889,21.973,24.11,24.415,24.11,21.668,20.753,17.09,13.428,3.9674,-4.12,-12.36,-17.396,-23.041,-27.467,-33.57,-37.69,-41.353,-44.557,-48.219,-50.661,-53.865,-56.307,-59.816,-61.495,-63.784,-61.8,-60.732,-58.748,-59.511,-56.764,-56.154,-56.612,-57.985,-61.19,-65.462,-69.124,-72.939,-73.244,-76.144,-79.501,-84.384,-85.299,-89.572,-93.844,-97.659,-99.948,-102.24,-105.44,-109.56,-113.99,-118.56,-120.55,-123.75,-126.65,-131.69,-136.57,-143.13,-146.34,-151.07,-153.66,-153.97,-152.9,-150.3,-148.32,-147.86,-144.96,-142.83,-141.3,-140.39,-138.4,-141.45,-145.57,-149.39,-150.3,-147.71,-145.27,-143.44,-141,-139.62,-137.49,-135.5,-130.47,-126.04,-119.79,-115.51,-108.95,-103.46,-96.133,-92.624,-88.961,-87.893,-86.52,-83.926,-78.738,-75.228,-70.803,-71.413,-70.65,-72.939,-73.855,-76.296,-77.212,-78.127,-79.958,-82.705,-82.858,-82.553,-83.163,-85.91,-86.673,-87.741,-84.078,-82.705,-79.501,-79.043,-75.533,-72.329,-67.141,-62.563,-59.816,-59.816,-59.816,-61.19,-60.274,-61.19,-60.884,-63.326,-64.394,-67.598,-71.566,-76.449,-80.111,-84.536,-87.436,-91.403,-93.844,-97.812,-98.727,-101.32,-102.69,-103.61,-103.46,-103.15,-103.76,-104.53,-104.98,-103.76,-101.47,-100.1,-96.896,-96.744,-94.913,-95.828,-95.065,-95.676,-93.692,-93.997,-91.25,-88.656,-83.316,-78.89,-73.244,-70.345,-68.667,-68.209,-66.073,-66.225,-63.021,-60.579,-55.544,-50.05,-43.336,-37.69,-32.96,-28.84,-23.957,-18.921,-13.581,-7.1718,0.45778,9.003,20.295,28.23,38.453,46.541,56.001,64.089,74.923,85.757,96.133,106.05,116.89,127.87,138.86,148.78,157.78,164.34,172.28,178.84,184.94,190.89,197.61,203.25,207.53,211.34,214.85,217.29,220.5,220.8,223.24,224.01,227.06,228.43,231.18,234.08,236.37,238.04,239.88,241.1,242.93,245.98,251.93,256.2,261.09,264.14,268.56,271.46,276.19,280.47,283.67,285.96,287.03,287.94,289.32,289.77,290.84,290.38,290.54,289.16,289.62,289.16,289.77,289.93,289.93,289.62,289.47,289.47,289.32,288.4,287.79,286.87,286.72,285.2,285.35,285.35,287.18,287.03,287.48,288.4,287.79,286.72,285.96,283.97,283.36,280.47,279.4,277.87,278.02,276.04,274.36,272.07,271.77,271.92,271.92,272.23,272.38,271.46,268.11,263.99,259.56,254.68,251.17,245.98,241.4,235.6,231.03,224.77,219.28,213.78,207.22,199.29,192.42,187.08,183.42,180.82,179.14,175.63,172.89,168,164.19,160.22,157.93,155.03,152.75,149.54,145.27,138.86,133.37,127.41,120.7,114.75,110.02,105.59,104.37,101.93,100.56,98.422,99.185,98.27,95.523,92.624,89.877,88.046,86.52,84.384,81.79,75.686,70.498,65.615,63.936,61.8,59.358,54.781,52.492,49.44,48.982,48.067,46.693,45.778,43.641,39.064,32.807,24.567,18.159,10.681,4.5778,-1.3733,-4.883,-9.003,-12.207,-16.938,-21.821,-26.246,-27.161,-26.246,-23.804,-21.821,-22.279,-22.584,-21.973,-21.058,-18.311,-16.938,-16.327,-16.938,-13.733,-11.444,-9.7659,-11.444,-13.428,-14.496,-16.022,-18.464,-20.295,-22.431,-25.025,-28.687,-33.876,-44.252,-55.391,-63.326,-66.836,-72.329,-77.822,-84.078,-89.419,-98.422,-107.27,-114.44,-120.4,-125.28,-127.26,-128.18,-128.18,-131.99,-139.32,-152.44,-164.95,-175.63,-184.03,-195.78,-204.93,-213.78,-221.87,-232.7,-242.77,-251.93,-259.1,-266.27,-273.14,-280.92,-287.48,-292.37,-295.11,-295.11,-292.06,-290.84,-292.06,-299.69,-311.9,-326.24,-335.25,-344.86,-355.08,-363.78,-369.73,-370.65,-368.36,-366.68,-366.99,-368.97,-372.78,-377.97,-380.41,-383.77,-384.53,-384.53,-383.92,-386.82,-389.26,-390.64,-390.33,-389.11,-388.35,-386.97,-386.21,-387.13,-386.67,-387.59,-388.04,-385.75,-381.02,-378.58,-375.99,-373.85,-369.88,-365.15,-361.34,-360.58,-359.36,-356.15,-352.18,-346.54,-342.88,-339.98,-336.31,-330.97,-326.7,-322.28,-316.93,-314.49,-311.75,-308.08,-299.23,-288.55,-276.96,-270.55,-265.51,-261.85,-259.56,-255.29,-250.56,-247.51,-244.91,-238.2,-229.96,-221.26,-210.12,-203.1,-198.07,-196.39,-196.69,-199.29,-199.9,-201.57,-204.02,-206.61,-207.53,-207.53,-205.85,-204.02,-201.73,-200.05,-202.03,-209.51,-216.07,-223.85,-230.41,-238.65,-244.45,-251.93,-259.1,-267.49,-274.67,-277.41,-276.8,-275.58,-272.84,-269.02,-261.85,-252.69,-244.61,-239.57,-234.38,-233.62,-233.16,-234.38,-233.62,-234.84,-236.06,-239.57,-243.69,-246.44,-247.2,-245.22,-241.86,-238.2,-235.76,-233.92,-229.65,-225.53,-220.34,-216.22,-209.97,-204.02,-196.54,-191.96,-187.54,-183.11,-180.52,-177.47,-173.35,-170.45,-169.38,-168.16,-166.78,-165.56,-162.82,-159.31,-153.97,-150.91,-146.49,-143.89,-141.3,-141.91,-142.06,-140.84,-141.15,-140.69,-139.47,-136.88,-135.2,-136.27,-137.64,-139.32,-137.64,-136.57,-133.52,-131.84,-128.64,-127.41,-125.89,-125.74,-124.67,-124.21,-122.99,-121.01,-118.41,-116.73,-114.29,-112.46,-108.34,-103.76,-99.796,-96.133,-91.25,-86.978,-81.332,-77.212,-70.956,-66.073,-59.358,-53.407,-45.778,-38.606,-31.129,-23.957,-14.954,-5.6459,3.6622,12.818,23.804,33.113,42.421,50.203,58.29,63.631,71.871,79.653,87.893,94.455,102.69,109.1,116.12,123.6,131.69,139.16,148.93,157.63,166.48,173.35,180.52,185.4,194.86,203.71,215.46,226.6,239.42,249.79,261.09,272.84,283.36,292.21,301.52,309.61,316.93,322.43,329.75,335.09,341.96,348.67,357.98,365.76,374.61,380.72,386.67,392.77,398.42,404.07,410.32,416.58,422.99,427.87,434.89,441.45,449.08,455.79,462.66,468.15,475.33,482.65,489.21,494.55,499.44,503.1,506.45,510.57,514.24,516.83,518.81,520.34,522.63,523.39,525.68,527.51,530.41,532.4,536.52,541.25,545.98,549.79,552.54,553.45,554.98,557.27,559.56,559.71,561.08,560.47,562.61,563.37,565.51,566.88,569.32,569.93,570.39,571.31,573.14,574.97,574.66,573.75,573.75,572.22,571.15,568.1,566.12,563.07,562.76,561.24,557.88,554.22,550.71,546.43,540.64,533.01,526.44,519.12,513.47,506,500.66,494.09,488.45,481.28,475.33,468.46,462.05,457.01,452.59,447.4,441.6,435.8,430.62,425.58,419.63,412.46,406.66,399.79,395.21,388.5,383.62,377.21,371.11,364.85,358.13,350.35,343.03,336.47,329.75,323.04,316.78,309.46,303.96,298.32,294.2,290.23,287.79,283.21,278.63,271.92,263.99,256.97,250.71,244,236.67,228.43,220.8,213.78,207.53,200.05,194.25,187.38,181.89,173.8,166.33,159.76,154.27,150,144.66,139.47,134.28,128.79,123.29,116.73,112.92,108.34,105.9,101.17,96.438,90.487,86.825,82.095,78.738,74.465,69.277,63.173,55.849,49.287,44.404,39.521,35.096,30.671,27.009,21.668,16.938,12.055,8.3926,2.5941,-1.5259,-6.4089,-8.5452,-10.224,-11.597,-13.123,-14.191,-15.717,-17.396,-20.142,-21.821,-24.873,-27.619,-31.892,-34.639,-39.064,-41.963,-47.151,-51.729,-57.07,-59.969,-61.037,-63.478,-66.225,-70.04,-72.939,-73.55,-74.16,-72.939,-73.855,-74.007,-76.144,-78.585,-82.705,-84.994,-90.03,-95.828,-100.41,-103.61,-106.66,-109.56,-112.46,-117.34,-122.84,-126.96,-131.69,-134.59,-139.77,-145.73,-151.98,-156.41,-160.07,-163.12,-167.24,-172.12,-176.55,-180.21,-184.03,-185.71,-188.76,-190.59,-191.35,-191.96,-193.79,-197.15,-200.51,-201.42,-199.74,-197,-196.23,-194.56,-192.57,-191.05,-191.5,-194.4,-197.3,-195.93,-194.4,-194.25,-197.61,-200.2,-205.24,-210.12,-218.36,-223.7,-229.04,-231.94,-234.08,-238.04,-242.32,-245.83,-249.34,-254.07,-262.15,-269.48,-279.4,-289.47,-300.76,-311.14,-319.38,-326.09,-333.87,-344.4,-357.22,-368.36,-383.47,-394.15,-403.3,-408.03,-412.76,-415.05,-416.58,-420.39,-424.05,-427.72,-432.6,-435.04,-437.48,-438.4,-437.64,-430.46,-419.02,-406.66,-394.6,-386.06,-377.67,-374.92,-374.92,-368.51,-348.22,-315.41,-280.47,-244.45,-214.24,-188.91,-173.8,-164.8,-157.78,-151.52,-149.08,-149.08,-150.46,-154.42,-167.09,-183.42,-200.35,-213.02,-231.94,-252.85,-276.8,-299.69,-319.99,-331.28,-334.48,-328.38,-314.49,-295.42,-282.45,-273.75,-274.36,-276.5,-280.16,-279.4,-279.09,-278.48,-278.48,-281.99,-290.23,-300,-310.68,-315.56,-315.26,-311.9,-310.53,-309.61,-313.58,-317.85,-322.58,-326.85,-332.04,-335.4,-337.38,-337.53,-335.09,-330.36,-325.17,-319.68,-316.32,-312.36,-310.83,-309.15,-310.53,-309.76,-310.22,-307.63,-305.64,-303.96,-305.95,-311.59,-318.46,-323.19,-325.63,-327.92,-330.67,-331.74,-333.11,-330.82,-327.77,-323.19,-325.33,-326.85,-327.92,-330.82,-334.79,-340.59,-350.96,-363.48,-375.68,-385.3,-392.62,-395.98,-399.64,-403.61,-410.63,-418.26,-429.24,-439.47,-448.47,-457.78,-468.61,-478.84,-486.31,-490.28,-492.87,-492.26,-491.5,-492.57,-494.4,-496.08,-498.83,-501.11,-505.54,-508.59,-510.12,-510.27,-509.81,-508.9,-507.37,-507.37,-507.52,-506.61,-505.23,-503.1,-499.59,-491.65,-483.72,-475.48,-469.37,-464.34,-462.51,-460.37,-458.54,-454.88,-450.45,-444.81,-439.31,-433.97,-427.87,-421.31,-413.37,-406.96,-398.27,-388.65,-379.65,-368.97,-359.81,-350.2,-340.43,-329.14,-318.61,-306.25,-296.64,-287.79,-278.63,-268.41,-258.19,-249.34,-239.57,-229.5,-219.89,-208.75,-197.91,-186.01,-175.02,-162.36,-150.91,-139.62,-128.48,-114.6,-101.78,-87.436,-72.787,-58.443,-43.184,-29.603,-16.785,-3.9674,9.1556,22.736,36.317,51.271,66.073,82.095,97.049,112.46,126.8,141.15,154.12,165.87,175.63,185.71,196.23,207.98,218.82,228.89,237.43,247.66,254.68,263.07,271,280.77,287.03,294.35,301.22,307.93,314.34,319.07,323.95,328.53,332.8,338.6,343.79,349.74,351.12,354.01,355.85,360.73,364.54,370.65,376.29,381.48,384.23,386.21,388.81,392.01,396.28,398.42,398.42,398.57,395.98,396.89,397.35,398.27,398.11,398.27,396.74,395.06,394.3,395.37,395.83,396.28,395.67,395.37,394.3,395.06,393.23,393.08,391.09,390.18,388.35,388.2,388.35,389.72,391.86,394.15,395.98,398.57,400.25,401.47,402.23,404.37,403.45,401.93,398.57,397.66,397.66,398.42,401.62,404.37,406.81,409.1,410.78,413.83,415.2,417.95,420.39,422.68,423.75,427.41,432.6,437.79,443.28,449.69,457.32,464.34,469.83,476.55,483.57,491.04,496.08,502.64,506.91,511.49,515.76,518.66,520.49,521.41,521.26,521.41,520.8,519.88,518.2,515.76,511.64,508.74,503.71,499.13,494.25,492.11,488.45,482.65,476.39,469.68,462.2,455.34,447.1,439.01,429.7,420.24,409.25,400.1,387.74,375.23,361.03,347.91,333.87,319.22,305.19,290.69,276.35,262.46,248.12,233.92,219.28,207.68,194.86,184.48,175.02,169.84,163.12,157.17,147.71,139.47,132.15,126.65,122.68,118.41,114.29,110.48,107.27,104.22,101.02,100.41,98.27,98.422,95.523,93.539,89.419,88.656,87.741,88.809,88.046,87.13,86.367,85.604,83.316,80.721,78.28,75.838,72.787,70.956,69.582,70.345,69.277,71.108,69.43,66.836,63.326,60.274,57.833,57.07,55.696,53.255,50.356,48.677,49.44,50.356,52.797,55.238,56.001,58.748,58.596,59.053,59.969,61.495,63.326,63.936,65.31,66.53,66.683,67.598,68.056,68.667,70.193,71.261,67.293,62.258,55.086,47.151,38.301,32.197,25.941,19.684,12.36,5.9511,-3.5096,-12.207,-21.363,-28.535,-33.723,-36.012,-45.473,-56.459,-64.089,-68.056,-74.16,-81.942,-95.218,-111.09,-125.13,-132.45,-140.54,-150.3,-161.9,-172.89,-184.64,-197.45,-213.78,-228.89,-243.84,-254.98,-269.33,-283.36,-298.01,-305.64,-314.65,-328.23,-341.2,-351.88,-361.49,-370.65,-385.45,-399.79,-409.1,-411.24,-399.95,-362.71,-303.96,-244.3,-202.64,-178.08,-150.46,-108.04,-61.037,-13.428,16.48,22.431,15.564,11.444,11.597,21.516,36.47,50.203,57.375,60.274,55.544,48.067,35.096,19.532,-2.4415,-25.025,-47.151,-69.887,-95.676,-122.53,-148.47,-171.21,-192.72,-211.34,-231.18,-247.05,-262.76,-274.36,-286.72,-297.56,-308.69,-315.71,-318,-318.31,-318.46,-317.24,-314.19,-309.31,-305.49,-303.66,-304.27,-305.03,-307.78,-308.69,-310.22,-308.85,-306.86,-301.98,-297.86,-291.6,-286.72,-284.43,-283.21,-284.13,-285.81,-281.84,-272.38,-257.42,-243.39,-230.26,-222.33,-216.53,-214.7,-212.87,-212.1,-209.51,-207.83,-204.32,-202.19,-198.52,-191.81,-182.96,-175.33,-169.38,-163.12,-156.25,-151.52,-144.96,-139.62,-133.98,-130.31,-126.65,-123.45,-118.87,-115.21,-111.55,-105.9,-99.643,-92.318,-84.536,-77.059,-70.498,-65.92,-59.206,-54.018,-45.778,-39.674,-33.113,-29.45,-25.178,-21.973,-15.87,-11.292,-5.0356,1.0681,9.4607,18.464,28.077,34.791,43.489,52.95,63.021,70.498,78.585,83.468,89.267,94.76,102.69,110.63,120.09,129.25,137.33,146.18,154.27,161.14,168,173.04,177.92,181.28,184.33,187.08,191.96,196.23,201.27,204.17,207.37,210.12,214.39,216.83,220.65,223.09,225.84,227.82,232.7,236.52,241.55,246.28,251.63,255.59,260.32,261.54,264.6,267.04,271.77,276.5,280.01,280.31,281.53,281.53,280.92,280.92,280.92,281.53,284.74,287.64,290.84,293.28,295.27,293.44,291.3,286.57,284.13,282.3,284.43,285.81,285.81,285.04,283.06,280.47,277.87,277.87,277.57,275.58,274.51,272.84,271.77,268.56,266.12,262.61,260.32,256.97,254.07,248.88,245.06,242.77,241.71,240.33,237.74,234.38,232.09,229.35,227.97,225.53,224.31,220.95,218.36,214.09,211.19,208.59,205.85,203.71,202.64,200.05,197.91,194.86,193.03,189.98,185.71,181.43,178.99,176.24,176.09,175.18,175.18,171.51,166.94,161.29,156.41,151.68,145.12,137.03,132.91,131.69,129.7,125.89,121.77,117.65,115.36,113.99,112.31,108.34,106.81,106.97,108.34,107.43,106.81,106.51,106.2,102.54,98.575,96.133,93.844,90.03,86.52,81.79,78.585,73.702,70.345,63.784,59.358,54.628,49.745,43.947,38.759,36.622,35.401,34.333,31.129,23.499,13.428,2.8993,-4.4252,-13.123,-18.769,-24.262,-28.382,-34.028,-38.301,-43.184,-47.304,-50.813,-54.018,-58.901,-62.563,-66.683,-69.43,-73.092,-75.838,-80.721,-84.231,-91.098,-96.896,-104.07,-107.43,-112.46,-115.82,-120.09,-121.77,-124.97,-125.58,-125.43,-123.91,-124.52,-123.91,-125.28,-121.77,-119.79,-115.82,-114.14,-112.16,-113.38,-113.22,-115.51,-117.34,-120.09,-123.6,-128.18,-130.92,-131.99,-132.15,-133.37,-133.21,-132.45,-129.86,-128.79,-127.87,-129.4,-129.55,-129.86,-129.55,-130.47,-131.53,-130.62,-129.25,-129.25,-131.08,-135.5,-137.33,-140.39,-140.39,-141.45,-141.15,-142.52,-141.61,-141.15,-140.54,-141,-143.89,-147.71,-151.52,-157.63,-164.04,-171.51,-178.38,-184.64,-189.67,-196.39,-202.8,-207.98,-209.05,-206.76,-202.19,-196.39,-190.13,-184.64,-178.99,-173.8,-169.07,-162.66,-155.34,-149.69,-141.76,-135.35,-128.18,-123.6,-116.89,-110.17,-101.78,-94.15,-85.147,-78.738,-74.007,-72.176,-69.582,-66.988,-64.089,-64.699,-64.699,-63.326,-59.358,-57.527,-56.307,-56.612,-55.849,-54.476,-51.271,-49.593,-49.593,-50.05,-46.388,-42.879,-40.284,-39.827,-38.148,-39.521,-40.437,-41.658,-44.252,-46.693,-50.203,-58.748,-70.498,-82.4,-91.25,-97.964,-99.948,-102.08,-90.335,-59.664,-12.055,32.197,65.462,86.062,81.637,65.767,80.111,121.77,177.77,235.6,285.5,316.48,328.38,317.24,298.47,291.3,305.19,325.02,356.61,389.26,401.47,393.54,374,350.96,319.38,276.65,234.69,204.02,205.69,234.38,273.45,303.2,316.93,313.12,306.1,303.51,302.44,291.91,265.97,227.36,185.25,146.64,115.97,93.234,77.822,59.358,39.064,15.87,-10.529,-41.81,-72.634,-103.31,-133.52,-161.44,-186.47,-210.88,-232.4,-252.24,-269.17,-285.81,-299.39,-316.78,-329.91,-343.64,-354.17,-365.15,-372.94,-379.35,-386.36,-394.15,-401.01,-410.32,-419.02,-426.5,-431.99,-439.01,-443.89,-449.69,-451.98,-454.57,-456.1,-458.69,-460.52,-462.66,-463.73,-466.17,-467.54,-470.29,-472.12,-473.34,-474.11,-473.49,-471.97,-470.9,-467.54,-465.25,-459.76,-453.2,-448.01,-443.74,-439.16,-435.96,-433.52,-431.23,-427.11,-422.83,-418.56,-414.9,-412.15,-409.56,-405.29,-403.76,-402.23,-401.32,-397.35,-393.23,-388.5,-386.21,-382.55,-378.73,-374.92,-370.19,-366.22,-361.95,-356.3,-349.13,-342.11,-335.55,-327.77,-320.29,-312.2,-306.1,-298.01,-291.3,-283.36,-276.5,-268.87,-260.48,-252.08,-243.54,-232.7,-222.17,-212.26,-203.41,-195.47,-188.6,-179.91,-172.43,-162.97,-154.58,-145.27,-137.64,-128.18,-120.55,-110.78,-103.15,-94.15,-85.299,-75.686,-65.615,-55.086,-45.473,-35.401,-26.704,-14.954,-5.9511,5.3407,14.344,25.025,33.57,43.641,51.729,60.579,69.735,81.027,90.335,99.033,106.36,113.53,119.63,127.87,134.13,141.3,146.64,154.58,161.29,167.24,171.67,178.08,182.96,188.15,192.27,196.69,199.74,203.25,205.24,209.2,212.87,217.44,220.04,225.68,230.41,237.74,244,251.47,257.58,265.05,271.61,277.11,281.99,287.18,290.69,293.44,295.72,297.56,300,304.57,307.78,312.66,316.32,320.9,324.56,328.68,331.43,334.33,337.99,340.43,341.04,340.89,340.74,340.13,339.21,341.96,342.11,343.79,344.1,345.62,346.39,346.84,346.08,344.86,343.03,340.74,338.6,335.86,333.72,331.89,331.43,331.74,331.43,331.13,328.99,328.07,326.24,325.63,325.02,325.79,324.87,325.17,323.95,323.95,323.5,321.97,319.53,316.48,312.97,308.85,304.73,302.29,299.54,298.32,296.49,295.88,294.66,293.89,292.52,290.84,289.16,286.72,283.82,280.62,278.18,274.51,270.7,269.78,267.04,266.27,265.21,264.9,262,260.32,259.41,258.95,258.34,256.36,253.15,248.73,244.61,240.79,236.37,232.86,228.58,226.14,222.48,220.04,217.14,214.55,210.43,206.61,201.57,197.15,193.03,187.84,181.89,177.16,170.6,166.17,161.14,158.24,155.49,152.75,148.93,145.57,141.91,138.25,135.65,133.21,129.4,126.35,122.53,121.92,120.55,120.24,119.94,120.7,119.48,118.72,120.24,122.68,126.65,133.21,137.18,138.4,138.86,141.91,141.15,140.23,141.91,144.05,145.57,148.93,153.2,156.1,158.85,163.12,166.02,171.06,175.63,181.28,184.64,186.47,187.54,187.23,184.64,181.89,176.7,169.84,158.39,148.17,136.72,127.11,116.58,104.83,91.098,76.754,63.326,52.644,41.963,32.655,21.973,14.344,5.1881,-2.8993,-11.597,-18.159,-25.788,-30.976,-35.554,-38.453,-38.911,-37.385,-37.233,-39.674,-43.947,-46.846,-49.593,-51.729,-56.917,-59.511,-60.274,-59.664,-62.716,-66.53,-69.735,-73.702,-79.348,-85.604,-90.335,-94.15,-100.41,-107.43,-117.19,-125.89,-135.65,-143.44,-149.08,-149.24,-147.56,-146.95,-149.24,-152.44,-156.71,-161.6,-166.33,-169.38,-169.84,-167.09,-164.19,-159.76,-157.17,-154.42,-153.51,-148.78,-143.13,-139.47,-137.33,-133.52,-128.64,-124.06,-119.94,-116.12,-114.6,-116.89,-123.91,-128.79,-133.52,-132.15,-125.58,-115.21,-106.2,-100.86,-105.29,-116.43,-129.86,-139.32,-140.23,-122.23,-80.111,-25.636,19.074,55.391,75.991,78.433,59.816,39.369,43.947,74.313,117.5,164.49,196.54,195.17,169.53,130.31,88.504,63.021,53.102,53.713,56.917,51.576,32.502,10.681,-13.276,-37.233,-56.307,-68.514,-79.653,-87.741,-91.098,-94.302,-109.41,-130.01,-154.58,-174.72,-191.05,-202.49,-216.53,-230.72,-247.05,-259.41,-269.02,-275.12,-274.67,-271.77,-266.58,-260.93,-255.75,-247.96,-241.55,-235.3,-229.8,-223.24,-221.41,-220.19,-220.8,-219.43,-217.44,-213.63,-211.34,-206,-200.66,-193.64,-189.06,-182.65,-177.62,-173.65,-178.08,-188.6,-200.05,-204.47,-203.86,-198.52,-189.83,-176.85,-166.02,-163.12,-160.07,-153.05,-148.93,-152.29,-160.53,-166.94,-174.57,-174.11,-163.58,-145.27,-127.11,-107.73,-96.133,-93.081,-100.86,-112.92,-127.41,-137.64,-142.98,-142.67,-136.72,-120.4,-108.04,-103.61,-106.2,-108.65,-111.55,-112.77,-114.44,-116.43,-121.92,-122.84,-121.77,-115.67,-111.55,-104.98,-103.15,-101.93,-105.59,-109.1,-116.73,-125.58,-133.82,-140.69,-147.1,-154.58,-162.05,-167.85,-173.65,-180.21,-190.13,-198.22,-204.93,-203.56,-199.74,-195.62,-190.28,-183.72,-180.97,-179.14,-177.92,-178.84,-183.72,-190.74,-203.25,-212.1,-223.24,-229.96,-234.38,-234.53,-237.13,-240.94,-244.15,-244.15,-245.06,-244.91,-246.28,-249.03,-254.37,-256.05,-258.03,-258.03,-258.95,-256.81,-256.81,-254.98,-257.27,-260.02,-261.7,-264.9,-267.34,-269.78,-272.99,-274.97,-276.35,-274.51,-270.55,-264.14,-262.46,-261.39,-264.44,-264.75,-261.09,-252.69,-245.52,-238.35,-230.87,-225.23,-222.48,-221.41,-221.87,-221.72,-220.19,-217.29,-214.85,-207.83,-201.57,-193.18,-185.71,-177.01,-173.19,-170.75,-168.61,-166.94,-165.11,-162.51,-157.93,-149.24,-143.59,-135.35,-129.4,-123.75,-120.85,-118.11,-115.97,-111.55,-108.04,-106.36,-106.05,-104.53,-102.54,-99.643,-98.88,-95.065,-95.676,-96.133,-97.507,-96.896,-96.438,-95.218,-92.318,-89.572,-88.198,-86.367,-85.147,-82.095,-79.196,-73.702,-71.108,-66.988,-62.563,-53.407,-46.541,-39.521,-32.807,-26.093,-20.142,-13.428,-8.24,-2.2889,2.1363,6.7141,9.4607,13.733,16.48,20.6,24.72,29.45,33.876,38.301,41.047,44.252,50.05,55.391,59.053,62.868,64.089,65.31,66.225,67.446,68.361,71.566,72.634,74.465,75.838,77.517,80.111,81.942,83.773,85.452,85.757,86.673,86.367,87.436,86.215,88.198,89.419,91.25,91.861,94.913,97.201,100.86,103.76,106.05,107.12,109.71,114.14,117.95,119.63,121.92,122.23,123.14,124.36,125.58,125.43,128.18,131.99,134.59,136.11,139.93,144.2,149.24,151.68,152.44,152.13,155.19,155.03,153.97,152.44,153.2,152.44,153.97,156.1,158.09,158.54,159.61,157.93,155.8,151.07,147.86,143.28,142.06,140.69,141.61,141.76,144.81,147.71,153.66,157.78,161.6,163.88,166.78,169.38,171.06,170.45,171.06,168.92,168,168,168.46,165.26,162.66,159.31,154.12,147.56,139.93,133.37,127.87,121.77,118.56,114.44,112.92,111.09,107.73,102.08,99.033,96.591,95.523,96.286,97.812,100.1,102.54,103.61,104.68,104.07,102.08,96.744,92.166,84.841,79.501,75.228,71.566,68.514,66.683,66.53,67.904,69.582,70.956,70.65,69.124,63.173,59.664,55.544,52.644,49.898,45.015,38.911,33.723,26.704,20.905,14.801,11.444,7.3244,5.4933,4.883,3.8148,3.6622,4.2726,4.883,6.4089,7.0193,9.4607,7.477,5.1881,1.6785,-1.9837,-3.6622,-2.7467,-2.5941,-1.3733,-4.4252,-6.5615,-7.6296,-7.0193,-7.6296,-9.6133,-13.733,-16.633,-19.227,-21.363,-26.704,-31.129,-35.249,-38.148,-40.59,-40.284,-38.911,-38.606,-40.59,-43.184,-48.524,-50.661,-53.713,-51.118,-46.999,-43.031,-38.911,-34.028,-30.671,-27.467,-24.11,-21.821,-23.499,-24.567,-25.636,-24.567,-24.567,-25.636,-27.314,-29.756,-34.486,-39.369,-45.32,-48.677,-53.713,-56.154,-59.206,-58.596,-58.138,-58.29,-60.427,-61.953,-62.563,-63.173,-64.852,-64.394,-62.258,-55.086,-45.015,-33.418,-25.025,-17.396,-11.902,-7.1718,-2.7467,0.45778,3.9674,6.1037,5.4933,4.12,1.0681,-1.3733,-4.4252,-3.6622,-4.883,-3.9674,-5.7985,-8.5452,-12.055,-13.733,-14.649,-16.175,-18.921,-20.295,-21.973,-25.178,-28.84,-30.366,-33.113,-33.876,-36.164,-38.911,-41.353,-42.726,-44.252,-45.015,-44.862,-42.116,-42.116,-41.047,-43.794,-45.167,-46.846,-46.999,-49.287,-51.576,-54.476,-55.391,-55.696,-56.154,-58.901,-61.647,-66.988,-72.024,-80.264,-86.978,-93.234,-96.744,-97.659,-96.438,-93.997,-91.098,-86.825,-83.163,-81.79,-83.01,-86.215,-88.961,-92.013,-91.861,-91.708,-88.198,-86.062,-84.689,-86.673,-89.419,-92.318,-94.15,-97.812,-102.39,-109.87,-118.26,-126.8,-130.31,-133.37,-131.69,-128.79,-122.68,-120.85,-117.34,-116.89,-117.95,-120.4,-119.48,-119.17,-119.79,-119.94,-115.97,-113.38,-110.63,-108.8,-104.37,-102.24,-102.24,-106.2,-107.58,-110.02,-109.71,-109.71,-106.97,-102.39,-93.692,-83.621,-74.16,-65.767,-57.985,-52.339,-48.524,-46.083,-43.336,-41.658,-37.538,-37.385,-34.181,-31.281,-27.619,-23.804,-17.853,-15.87,-15.107,-13.886,-11.139,-8.5452,-8.0874,-9.9185,-12.207,-15.259,-20.295,-25.788,-32.502,-42.879,-50.356,-59.053,-64.699,-72.634,-79.196,-88.656,-95.37,-100.56,-107.88,-117.8,-128.03,-138.55,-149.08,-161.6,-173.96,-182.81,-186.16,-190.44,-194.86,-203.56,-210.88,-217.44,-220.8,-225.23,-229.8,-234.38,-238.65,-239.88,-237.59,-237.28,-237.89,-236.98,-233.47,-229.04,-220.65,-212.26,-203.41,-200.81,-198.68,-200.2,-203.41,-206,-207.68,-207.07,-202.8,-193.64,-182.5,-174.72,-169.99,-164.19,-160.37,-159.61,-155.8,-151.68,-141.76,-129.7,-116.12,-103.31,-92.776,-85.91,-81.179,-77.975,-74.16,-69.887,-62.868,-54.933,-43.641,-31.434,-18.769,-9.6133,-3.0519,0.30519,7.477,15.107,27.009,38.911,50.813,59.053,63.784,66.53,68.361,69.124,70.193,73.244,78.585,84.994,93.997,100.1,104.22,102.85,98.727,93.234,89.114,84.078,79.653,77.059,76.449,76.754,74.313,66.378,57.222,46.541,38.453,31.587,28.84,26.551,27.009,24.873,21.516,15.564,9.4607,2.4415,-3.9674,-6.8667,-5.4933,-3.9674,-5.1881,-8.24,-11.597,-18.616,-25.483,-31.587,-38.759,-47.761,-52.644,-57.68,-59.816,-63.173,-63.326,-65.157,-67.293,-70.803,-74.313,-75.838,-74.618,-75.228,-79.348,-83.163,-86.978,-92.624,-99.49,-107.73,-115.97,-125.43,-133.21,-141.61,-148.78,-156.41,-162.51,-168.61,-175.18,-182.81,-189.52,-195.78,-200.35,-202.95,-205.54,-207.53,-210.58,-217.29,-224.16,-230.57,-233.92,-241.25,-246.89,-253.91,-258.8,-261.39,-262.15,-263.53,-266.73,-269.78,-272.84,-275.28,-275.73,-275.43,-271.92,-267.95,-263.53,-262.92,-262.46,-261.09,-258.95,-258.95,-258.03,-258.64,-258.8,-259.71,-259.71,-259.41,-259.25,-259.71,-260.63,-260.02,-258.03,-256.36,-252.85,-250.4,-247.05,-243.39,-237.89,-234.08,-230.26,-226.45,-222.94,-218.51,-213.02,-207.37,-200.81,-194.1,-187.99,-183.26,-177.77,-172.58,-165.87,-158.39,-148.63,-141,-133.98,-125.74,-116.73,-107.43,-98.117,-87.893,-78.28,-69.582,-60.274,-50.356,-39.216,-30.061,-20.295,-11.139,-2.7467,5.0356,14.039,23.194,31.587,39.216,47.914,56.001,63.631,71.108,78.585,84.994,92.166,97.049,103.61,108.65,114.9,119.33,123.6,128.03,131.69,135.04,139.47,143.28,147.1,150.91,154.88,157.78,162.97,168.16,174.41,178.53,183.11,186.32,189.52,192.11,194.25,195.93,197.61,198.07,199.9,201.42,204.17,206.31,209.05,211.34,215.16,216.22,218.51,218.82,219.73,219.58,220.8,220.95,222.79,223.85,225.38,226.75,229.04,229.8,229.96,230.26,231.94,231.64,232.86,231.79,232.4,231.79,233.47,233.47,235.15,236.52,238.96,241.4,243.69,246.28,249.34,251.93,254.68,255.44,258.34,258.03,258.34,256.36,255.75,255.75,256.81,255.59,255.9,255.59,255.13,253.76,254.07,253.76,253.15,252.54,252.54,250.71,249.18,244.91,243.08,240.18,239.88,237.89,237.28,234.99,234.99,233.62,230.87,227.06,224.16,220.19,217.29,213.48,210.73,207.07,203.86,197.15,193.18,189.52,189.06,186.93,185.25,180.21,173.65,166.17,158.09,152.44,148.78,146.18,144.81,142.98,143.44,142.83,143.89,145.42,148.17,149.08,151.98,149.85,148.17,146.79,146.64,144.2,137.79,128.64,117.8,107.12,98.422,91.556,90.03,86.825,81.484,75.076,70.956,68.667,71.108,72.481,74.16,73.55,73.397,72.024,72.787,76.449,79.653,79.958,80.874,79.348,76.449,68.514,60.274,51.576,44.862,39.521,37.08,36.622,35.707,34.181,32.655,26.399,19.99,16.175,12.513,8.8504,7.0193,3.0519,2.8993,1.0681,-0.76296,-5.9511,-10.376,-9.3081,-3.9674,-0.45778,1.5259,2.1363,2.8993,3.5096,2.5941,1.9837,2.4415,4.5778,10.987,15.564,24.262,34.486,46.236,53.255,59.511,65.615,72.787,78.89,80.874,78.28,75.381,75.076,74.618,73.092,75.533,81.179,90.03,95.065,101.17,103.31,104.07,101.32,99.643,98.575,100.71,103.15,106.51,109.1,111.24,112.77,115.36,112.77,108.65,97.354,90.335,88.504,91.25,93.997,99.338,103.31,105.59,103.15,101.47,100.71,101.17,100.71,99.185,93.692,90.945,84.689,81.027,78.738,79.806,78.127,80.721,84.536,88.656,89.419,88.656,86.062,82.4,75.076,66.225,56.154,49.44,45.625,45.778,44.404,42.268,36.47,32.502,29.45,31.281,33.113,35.249,36.47,36.775,32.96,26.093,18.769,10.987,2.2889,-3.0519,-8.24,-9.9185,-10.376,-8.6978,-9.4607,-9.6133,-9.3081,-7.7822,-6.4089,-2.5941,1.2207,4.883,6.1037,2.8993,-3.9674,-11.597,-18.921,-22.126,-26.246,-27.924,-31.739,-36.012,-41.81,-45.32,-46.693,-43.947,-38.301,-30.061,-23.347,-20.295,-22.584,-24.72,-28.993,-32.655,-36.317,-37.69,-41.047,-43.641,-48.677,-49.135,-45.015,-38.301,-37.233,-38.453,-39.521,-35.249,-34.028,-35.707,-39.064,-41.353,-42.726,-40.895,-41.505,-43.794,-52.339,-58.29,-66.53,-74.77,-85.604,-96.286,-104.53,-110.78,-117.5,-126.35,-138.4,-145.73,-146.64,-145.12,-140.54,-136.72,-134.74,-130.16,-129.25,-131.08,-135.65,-136.88,-137.03,-134.74,-132.45,-131.08,-131.53,-132.6,-131.84,-130.16,-128.33,-125.58,-123.6,-120.7,-121.62,-122.38,-125.74,-129.55,-134.59,-136.72,-137.49,-135.81,-132.6,-129.25,-125.43,-121.46,-119.17,-119.48,-120.55,-119.63,-118.41,-115.67,-114.9,-115.67,-119.48,-121.16,-122.38,-120.24,-114.44,-104.68,-93.081,-82.858,-78.585,-78.127,-81.79,-85.147,-87.741,-88.046,-85.91,-79.501,-73.55,-66.836,-61.342,-57.527,-56.917,-56.459,-55.391,-54.17,-51.424,-47.456,-44.099,-40.59,-37.538,-37.08,-42.116,-45.167,-48.982,-51.271,-51.424,-48.982,-48.372,-48.219,-46.846,-44.862,-43.031,-41.81,-39.827,-35.401,-29.45,-21.973,-15.87,-10.834,-6.5615,-2.4415,-3.0519,-2.2889,-3.9674,-5.1881,-7.7822,-9.7659,-10.681,-11.139,-12.055,-10.834,-10.071,-6.5615,-6.2563,-6.7141,-8.24,-8.0874,-10.376,-11.292,-14.191,-15.717,-17.701,-17.853,-17.853,-18.464,-19.99,-20.905,-21.668,-21.973,-21.516,-17.853,-14.649,-10.987,-10.224,-8.0874,-9.6133,-10.071,-12.513,-14.649,-15.259,-13.581,-11.139,-6.5615,-3.2044,0.91556,5.1881,7.3244,6.7141,10.376,13.276,17.853,20.905,26.246,29.45,34.639,39.979,46.541,47.914,46.541,43.336,40.895,38.453,41.505,45.015,50.966,56.307,63.478,68.361,73.244,74.618,75.533,75.381,77.364,76.907,75.381,72.939,67.446,61.647,60.121,61.19,64.547,64.699,65.004,64.241,63.326,61.647,63.021,65.004,67.598,65.615,62.716,60.579,59.969,59.511,58.901,59.664,63.173,63.936,66.53,67.446,69.124,66.988,65.004,63.173,60.274,55.544,51.576,48.524,46.388,45.32,44.557,41.963,38.759,34.486,31.892,27.924,25.483,19.684,18.464,15.87,13.276,12.055,11.902,9.9185,10.376,11.902,14.344,15.87,19.227,20.447,24.567,29.45,35.707,39.674,43.031,43.031,43.794,45.473,47.456,49.745,52.644,57.07,60.427,63.631,67.598,69.582,71.261,68.972,68.514,65.004,62.105,58.901,57.222,57.222,57.527,57.375,56.001,54.323,50.356,45.32,40.59,34.181,27.619,21.363,17.09,10.224,5.9511,1.3733,-1.5259,-5.1881,-7.0193,-9.1556,-9.003,-10.071,-11.75,-16.48,-19.379,-21.363,-19.99,-19.99,-17.853,-18.159,-18.311,-20.6,-21.516,-25.025,-25.483,-25.178,-25.178,-27.924,-29.908,-32.044,-33.876,-39.521,-44.252,-50.966,-54.323,-59.358,-63.478,-71.261,-75.533,-79.043,-80.569,-83.163,-85.147,-84.689,-82.705,-81.484,-79.043,-74.77,-68.361,-62.716,-57.375,-56.917,-54.17,-52.339,-49.287,-46.083,-41.353,-39.521,-36.164,-30.824,-25.025,-19.99,-16.633,-15.717,-14.954,-15.564,-15.412,-15.564,-14.191,-15.259,-13.581,-13.886,-12.665,-14.496,-13.581,-13.733,-14.496,-15.717,-13.123,-10.071,-9.3081,-11.292,-12.97,-16.175,-17.243,-19.074,-18.464,-21.058,-21.363,-23.957,-24.873,-26.551,-25.941,-26.246,-28.23,-30.976,-32.807,-35.859,-38.148,-40.132,-39.979,-42.421,-43.031,-44.71,-42.268,-40.284,-35.401,-34.639,-34.181,-34.028,-34.333,-34.486,-33.723,-35.859,-36.012,-35.707,-32.96,-31.281,-29.756,-30.519,-29.145,-30.976,-30.519,-31.129,-30.824,-31.587,-33.418,-36.012,-37.996,-41.658,-43.947,-46.693,-46.541,-46.083,-46.846,-49.593,-51.118,-52.492,-52.339,-52.95,-50.813,-48.982,-47.304,-47.609,-47.914,-48.982,-51.271,-53.865,-54.628,-55.238,-54.933,-56.307,-55.849,-56.001,-54.323,-54.17,-49.898,-47.609,-46.999,-46.236,-44.71,-42.421,-38.301,-33.418,-27.009,-21.21,-14.496,-10.224,-5.9511,-3.0519,0.30519,-0.45778,-0.30519,-1.8311,-1.9837,-4.4252,-7.477,-10.681,-13.276,-13.581,-10.681,-9.4607,-7.9348,-6.7141,-3.2044,-3.5096,-4.12,-8.8504,-11.444,-15.259,-15.717,-13.733,-8.24,-3.357,1.8311,3.9674,4.4252,3.6622,3.9674,5.7985,9.6133,13.428,18.159,20.905,26.856,31.587,37.69,39.521,40.132,40.132,42.268,43.794,44.862,44.404,42.573,40.132,38.148,34.944,32.35,27.467,23.957,19.074,17.396,16.633,18.464,19.074,21.516,21.516,21.973,21.821,22.279,22.279,23.194,24.11,26.551,27.314,29.145,27.009,24.72,21.21,19.837,16.938,15.564,13.581,14.496,16.327,19.99,21.973,24.11,25.941,27.161,26.856,24.262,17.701,11.597,2.8993,-1.8311,-7.1718,-7.6296,-9.4607,-10.529,-14.954,-20.447,-25.178,-27.314,-30.061,-31.587,-33.57,-33.113,-33.265,-33.418,-36.927,-38.148,-40.742,-40.742,-40.284,-37.385,-34.486,-30.366,-27.619,-24.567,-22.736,-21.21,-20.295,-20.142,-21.21,-20.295,-17.548,-9.3081,-1.8311,5.3407,7.477,9.7659,12.207,13.581,10.987,8.5452,3.6622,0.45778,-0.15259,5.1881,11.597,18.769,20.295,22.431,21.668,23.347,21.21,18.616,14.496,12.818,14.344,15.87,16.022,17.09,14.954,11.597,7.477,6.8667,2.8993,0.61037,-2.7467,-5.0356,-8.3926,-9.003,-12.665,-14.801,-16.633,-16.633,-16.48,-15.412,-14.039,-10.834,-8.6978,-5.6459,-7.1718,-8.6978,-14.496,-17.701,-21.058,-21.363,-21.973,-21.21,-18.921,-14.801,-14.649,-17.701,-24.11,-27.467,-29.45,-28.687,-31.281,-34.944,-40.59,-40.742,-40.742,-37.996,-36.775,-33.723,-32.655,-31.129,-29.908,-28.077,-26.551,-24.415,-21.516,-15.412,-11.902,-6.7141,-3.2044,0.76296,2.1363,5.3407,6.7141,9.3081,10.071,9.4607,8.6978,7.9348,5.6459,2.8993,-0.61037,-0.91556,-2.1363,-0.76296,-0.45778,0.45778,-1.6785,-0.61037,-0.91556,-1.5259,-3.9674,-5.4933,-8.3926,-12.207,-17.243,-22.126,-27.009,-31.739,-36.47,-39.064,-39.827,-37.843,-39.979,-41.81,-45.625,-45.473,-46.846,-47.456,-50.508,-52.95,-55.849,-56.459,-56.307,-53.713,-51.576,-51.118,-53.407,-54.323,-56.459,-55.238,-54.323,-51.576,-51.881,-50.05,-48.524,-43.336,-39.064,-34.028,-31.281,-28.535,-26.246,-25.636,-28.23,-30.519,-36.927,-42.573,-50.966,-58.29,-63.631,-64.699,-66.073,-66.53,-67.598,-67.598,-65.31,-60.274,-56.764,-56.001,-55.086,-50.813,-47.151,-39.216,-34.639,-30.213,-26.856,-21.821,-18.616,-15.87,-12.665,-10.987,-11.902,-13.581,-14.954,-14.191,-12.97,-11.139,-9.003,-4.7304,-2.4415,1.5259,5.4933,10.834,13.276,14.649,14.344,14.039,13.276,13.886,13.733,15.412,16.175,18.159,17.701,19.227,20.447,23.957,25.941,32.044,36.317,41.658,42.573,43.184,44.252,44.862,43.489,42.421,40.132,38.453,34.944,33.418,30.824,32.502,31.892,32.807,32.35,33.723,33.876,33.113,30.213,28.077,26.399,26.856,25.941,25.33,24.415,25.483,25.178,26.551,26.399,26.399,24.72,24.72,23.804,23.804,23.194,20.905,17.853,15.412,13.886,14.801,14.191,13.276,11.139,10.224,7.1718,5.7985,1.5259,-1.3733,-3.0519,-4.883,-7.6296,-10.681,-13.123,-14.344,-15.87,-16.175,-16.785,-15.564,-14.954,-12.055,-10.987,-7.3244,-6.2563,-4.5778,-4.2726,-3.2044,-2.5941,-3.8148,-6.7141,-7.7822,-7.7822,-4.7304,-4.12,-4.2726,-6.7141,-8.5452,-10.834,-10.529,-13.123,-13.276,-13.581,-12.207,-9.7659,-7.9348,-5.7985,-0.15259,6.2563,12.207,18.616,27.009,34.333,41.81,49.44,59.206,66.683,77.822,85.91,96.133,106.51,117.95,128.64,137.94,147.71,156.41,164.19,170.9,176.24,180.82,182.5,186.01,189.83,195.47,197,199.59,200.2,200.51,200.96,202.34,201.73,200.66,199.74,201.27,201.42,204.78,206.46,208.75,211.19,214.55,216.22,220.95,223.7,227.06,227.97,228.89,230.41,232.4,233.16,232.86,230.41,228.13,222.48,218.51,211.49,206.31,198.83,191.96,185.55,180.06,174.57,166.33,154.27,139.62,124.97,115.97,109.56,104.68,96.896,88.961,78.89,68.361,56.612,46.693,36.927,29.145,19.99,9.9185,-1.3733,-15.412,-29.756,-44.557,-59.053,-71.871,-84.231,-93.234,-104.83,-117.04,-129.25,-136.88,-144.35,-147.71,-151.52,-153.66,-155.34,-157.02,-154.12,-147.4,-137.79,-126.96,-116.43,-103.92,-93.387,-82.095,-72.787,-60.274,-48.677,-37.233,-27.009,-14.801,-4.12,6.8667,20.142,34.333,46.388,55.544,64.547,75.381,83.316,89.724,93.387,99.338,102.39,105.75,104.68,102.85,100.56,98.117,94.455,91.403,85.452,80.416,74.77,70.803,63.936,57.985,50.661,45.473,39.064,33.57,27.619,24.415,22.584,21.516,20.6,18.616,14.801,10.834,6.5615,0.61037,-7.3244,-11.902,-16.785,-21.973,-28.84,-34.639,-41.658,-47.456,-54.933,-61.953,-68.056,-73.55,-79.348,-84.994,-91.861,-99.948,-108.49,-117.19,-125.89,-133.52,-141.45,-147.56,-156.56,-165.72,-177.01,-188.3,-202.19,-213.93,-225.07,-236.98,-249.79,-262.31,-274.51,-287.79,-301.52,-315.56,-330.06,-343.03,-354.63,-365,-374.61,-381.94,-388.2,-392.01,-393.54,-393.99,-395.06,-395.67,-395.21,-393.08,-389.72,-387.43,-384.23,-379.04,-375.07,-369.12,-364.7,-358.9,-354.93,-349.59,-344.86,-342.11,-339.82,-337.23,-334.79,-331.28,-327.92,-325.02,-322.89,-319.68,-318,-315.41,-313.27,-310.37,-308.24,-304.57,-301.83,-299.23,-296.95,-294.05,-290.69,-287.03,-283.21,-279.55,-275.12,-271.16,-267.34,-262.92,-258.19,-253,-249.49,-245.22,-240.49,-235.45,-229.35,-224.01,-219.43,-215.31,-212.1,-209.36,-206.46,-202.03,-198.52,-194.1,-191.66,-188.15,-185.55,-182.65,-179.75,-177.16,-175.02,-171.97,-168.16,-165.41,-162.21,-158.54,-154.88,-150.15,-146.95,-143.28,-141.45,-138.25,-136.27,-132.76,-131.38,-130.31,-129.09,-126.96,-124.97,-123.45,-120.7,-117.34,-113.99,-110.93,-108.04,-105.44,-103.92,-101.32,-99.643,-97.507,-95.676,-92.471,-88.351,-85.299,-82.095,-80.264,-79.043,-77.975,-78.28,-77.212,-77.67,-77.67,-78.433,-77.364,-77.212,-76.449,-74.618,-72.787,-71.718,-71.108,-69.277,-68.361,-67.598,-67.141,-65.615,-63.784,-62.105,-58.29,-55.696,-52.644,-50.661,-47.304,-44.71,-43.184,-41.81,-38.911,-36.317,-31.892,-27.924,-22.889,-17.243,-11.75,-10.071,-6.5615,-4.883,-3.0519,-2.1363,-0.91556,1.0681,4.12,7.3244,9.1556,10.987,14.496,15.564,17.701,17.548,19.074,19.684,21.668,22.279,23.347,24.567,26.246,26.399,28.382,28.993,30.213,29.145,30.671,29.908,32.044,32.655,34.181,35.707,37.385,39.064,39.216,38.911,38.301,37.385,37.996,36.317,36.927,35.096,34.181,31.587,30.976,30.671,30.671,31.434,32.807,33.57,34.791,34.944,34.639,32.197,32.96,32.655,32.044,28.84,25.941,24.72,26.246,28.23,28.687,29.145,30.671,31.587,30.671,28.687,27.619,24.262,23.499,21.058,20.905,20.905,21.516,21.058,21.973,20.6,20.447,20.142,20.753,20.905,21.363,21.516,23.652,24.262,26.551,26.704,26.704,25.941,27.619,28.993,32.655,37.843,43.794,49.135,55.086,59.664,63.936,67.751,74.16,80.874,89.877,96.133,104.53,110.93,116.12,117.65,119.33,120.7,121.01,120.7,122.23,121.92,119.79,117.5,117.5,116.43,116.12,114.44,112.31,110.93,109.87,106.81,104.07,101.78,99.185,95.37,93.539,91.708,90.335,87.436,85.604,86.978,89.267,90.64,92.776,93.234,97.201,101.47,106.05,107.58,110.78,110.48,105.9,100.56,97.507,96.286,96.286,97.354,97.812,96.133,97.049,98.117,100.1,99.033,98.27,97.049,95.828,89.572,85.452,83.468,79.196,68.667,55.391,44.862,41.047,36.927,36.622,39.979,46.846,51.118,55.391,55.696,54.933,54.17,56.764,59.206,60.427,60.121,61.953,66.836,74.618,77.822,81.484,84.994,90.03,91.708,92.318,91.403,94.455,97.507,102.54,104.53,106.2,107.73,108.65,110.93,118.26,122.23,126.04,126.96,129.4,134.89,142.83,150,154.88,156.25,157.17,157.78,157.63,156.71,158.24,160.22,163.12,163.27,161.6,155.95,152.59,147.71,143.13,139.62,132.45,123.75,114.14,101.17,89.724,79.501,76.296,72.481,68.972,62.716,56.917,48.83,40.132,32.35,28.077,25.025,22.431,20.753,20.753,17.548,16.327,14.954,16.633,16.48,16.633,18.311,21.516,26.246,33.57,41.047,47.914,55.238,66.988,79.196,93.387,103.31,111.7,117.04,122.53,126.19,128.79,129.25,126.5,118.72,112,107.58,107.12,104.83,104.22,100.25,97.659,91.403,88.198,84.689,83.468,81.79,80.874,81.179,82.095,80.874,84.078,84.994,86.367,87.283,90.182,90.64,95.676,101.32,105.29,110.02,114.44,116.73,120.09,123.91,129.86,134.13,138.55,139.16,138.1,137.49,138.4,138.86,141.3,144.2,144.96,144.2,142.83,137.79,134.13,130.01,128.33,121.92,115.51,108.19,101.32,93.692,89.267,86.825,83.468,78.738,74.923,69.124,66.836,62.105,59.358,55.849,56.154,54.476,52.034,47.914,43.184,38.911,36.164,36.47,40.895,43.489,47.914,46.083,43.489,39.064,35.096,28.382,19.837,13.581,7.0193,2.1363,0.15259,0.45778,2.5941,3.0519,5.0356,6.4089,7.1718,5.0356,3.8148,2.5941,2.4415,3.2044,6.4089,10.834,16.022,19.074,19.532,17.09,15.717,12.818,10.987,7.7822,7.477,7.0193,7.7822,7.7822,7.7822,5.4933,5.3407,8.0874,10.834,9.3081,5.7985,2.4415,0.30519,-2.8993,-2.2889,-1.9837,-0.76296,2.1363,5.7985,9.7659,14.039,17.548,24.11,32.044,40.437,45.473,53.102,59.358,69.124,78.28,87.436,95.37,102.54,108.95,112.61,115.36,118.56,119.17,119.63,117.19,116.73,114.29,113.68,112.92,113.07,112.77,114.14,115.21,115.82,115.67,115.21,115.21,116.73,116.89,115.97,112.77,110.78,108.8,110.63,111.85,113.68,116.58,121.77,126.5,130.31,132.15,133.98,134.74,138.55,141.76,147.1,151.52,155.49,157.32,160.37,161.14,161.14,159.76,157.02,153.05,149.08,144.66,141.45,137.94,135.2,130.62,126.35,118.56,112,104.22,99.033,94.302,89.572,85.757,82.705,78.89,74.465,71.108,71.566,71.566,75.076,77.517,79.196,77.212,76.754,76.144,79.043,82.095,84.994,86.367,86.825,84.231,82.247,81.484,81.027,77.517,75.838,70.65,68.361,64.241,61.037,58.29,57.07,53.56,49.745,45.32,41.353,40.284,39.979,38.911,39.064,40.284,40.895,39.369,42.116,43.489,46.693,47.151,49.44,49.898,53.713,57.375,62.105,65.004,67.751,70.04,73.092,76.601,79.653,81.027,84.536,87.13,92.471,95.676,98.575,96.896,94.913,91.556,87.741,84.841,82.247,77.364,71.108,66.225,65.157,63.631,62.563,58.901,59.969,60.274,61.8,60.121,60.427,59.664,60.274,61.8,62.258,63.326,65.004,66.378,66.836,64.699,63.326,59.816,57.985,54.933,51.118,46.693,45.167,42.879,42.573,40.742,38.606,35.401,32.502,31.129,28.077,23.194,19.532,14.954,12.207,6.2563,1.9837,-3.357,-6.8667,-11.139,-13.581,-18.006,-23.041,-27.924,-33.265,-38.301,-41.81,-44.099,-42.726,-41.81,-42.116,-45.473,-44.71,-44.71,-44.404,-45.167,-46.388,-47.609,-47.609,-46.999,-45.473,-43.947,-41.505,-41.658,-40.742,-41.658,-40.284,-39.369,-36.317,-33.723,-31.129,-31.129,-30.976,-31.434,-30.213,-29.145,-27.161,-27.314,-24.873,-23.957,-21.21,-21.821,-20.905,-22.431,-24.72,-27.009,-27.161,-27.772,-27.467,-27.619,-29.145,-30.519,-29.45,-30.519,-31.129,-32.044,-30.366,-30.366,-27.619,-26.093,-22.431,-20.295,-19.074,-17.548,-14.344,-11.444,-9.003,-8.24,-7.477,-8.3926,-7.6296,-9.6133,-10.224,-13.886,-16.175,-19.837,-21.516,-23.804,-25.788,-28.993,-32.044,-35.401,-39.521,-43.031,-47.914,-54.933,-60.884,-65.462,-68.972,-72.329,-72.939,-75.533,-76.296,-78.89,-79.501,-79.196,-75.381,-72.024,-67.141,-61.495,-53.56,-47.151,-43.184,-40.742,-38.148,-37.843,-35.707,-35.249,-34.181,-34.944,-34.639,-35.859,-37.385,-39.064,-40.59,-42.879,-44.252,-47.456,-51.424,-56.612,-59.816,-63.173,-64.699,-65.615,-65.004,-65.92,-65.615,-68.667,-70.345,-71.718,-71.718,-72.329,-70.803,-69.124,-67.293,-67.751,-66.225,-66.683,-66.225,-66.836,-64.241,-63.478,-61.342,-60.579,-58.29,-57.527,-55.696,-54.476,-54.933,-55.086,-56.459,-55.849,-54.018,-54.323,-55.391,-59.053,-61.19,-66.683,-72.787,-79.196,-83.316,-87.893,-92.776,-98.422,-104.53,-113.68,-122.07,-131.84,-137.79,-143.74,-148.47,-155.34,-157.17,-158.39,-155.64,-155.49,-156.25,-159.31,-160.99,-162.21,-162.97,-164.95,-162.66,-158.39,-152.59,-146.79,-139.62,-134.89,-127.11,-122.84,-117.04,-110.78,-104.37,-98.575,-93.081,-90.487,-87.893,-85.91,-81.027,-77.822,-73.702,-70.956,-67.141,-66.378,-65.157,-64.089,-63.173,-64.547,-67.293,-72.634,-79.806,-88.198,-92.318,-97.354,-98.27,-103,-104.22,-104.83,-103,-100.41,-94.15,-87.436,-78.433,-69.887,-61.037,-55.391,-50.508,-46.846,-41.658,-37.996,-34.944,-35.096,-35.096,-36.164,-36.47,-38.148,-39.216,-39.216,-36.317,-34.028,-31.739,-31.587,-29.45,-28.535,-25.025,-24.262,-20.905,-20.753,-19.379,-19.837,-20.142,-21.363,-22.279,-24.415,-27.619,-31.892,-35.401,-37.843,-38.148,-38.148,-36.927,-41.81,-45.93,-53.865,-59.664,-66.378,-72.481,-75.838,-75.686,-77.212,-78.89,-84.231,-90.03,-99.033,-103,-105.9,-105.44,-105.29,-102.08,-97.964,-93.692,-91.556,-90.487,-90.64,-89.572,-89.572,-87.13,-87.588,-86.062,-85.757,-82.705,-81.179,-76.907,-73.855,-68.819,-66.378,-63.326,-61.495,-61.19,-63.173,-64.852,-68.056,-69.277,-73.855,-75.686,-77.975,-79.653,-83.621,-86.673,-89.572,-89.724,-88.046,-84.231,-81.637,-77.059,-74.007,-69.887,-67.293,-61.495,-58.138,-56.154,-57.375,-61.495,-63.326,-62.105,-62.563,-63.173,-64.699,-64.547,-66.683,-67.446,-70.193,-71.871,-74.923,-75.991,-77.364,-77.212,-78.585,-81.484,-84.536,-85.299,-86.825,-86.52,-86.062,-84.078,-86.673,-89.572,-92.624,-93.081,-94.913,-95.828,-95.828,-96.744,-97.812,-95.065,-92.929,-91.098,-88.198,-84.078,-81.79,-76.907,-74.313,-70.803,-69.735,-67.751,-67.904,-68.819,-71.261,-73.702,-74.313,-71.566,-69.887,-71.718,-74.77,-75.991,-76.449,-73.702,-70.04,-66.988,-66.683,-66.225,-68.056,-70.498,-72.634,-71.871,-68.819,-67.904,-71.261,-75.533,-79.196,-82.247,-83.621,-80.874,-81.332,-82.553,-85.452,-88.046,-90.335,-91.403,-95.065,-99.643,-102.69,-104.98,-109.56,-115.05,-118.56,-121.01,-124.36,-126.96,-129.86,-131.84,-135.81,-137.33,-138.55,-139.62,-142.83,-145.12,-146.64,-148.47,-149.54,-149.08,-149.54,-148.47,-145.42,-141.15,-137.94,-132.45,-129.4,-126.19,-122.99,-117.19,-112.92,-110.32,-107.88,-105.14,-100.86,-95.828,-92.471,-90.182,-89.267,-86.825,-85.299,-81.179,-76.907,-71.566,-68.361,-62.716,-59.969,-54.476,-50.356,-47.304,-47.609,-47.914,-46.541,-43.031,-39.064,-33.57,-29.908,-27.924,-27.467,-27.467,-28.687,-25.33,-21.668,-16.327,-11.75,-6.5615,-2.2889,2.4415,6.2563,11.75,14.801,18.464,21.668,26.246,27.924,31.129,34.028,39.216,42.116,47.456,54.323,61.342,64.852,66.836,70.498,73.55,75.838,76.907,77.975,83.621,88.351,94.455,97.964,102.08,102.24,103.46,101.78,100.56,99.49,99.796,99.185,99.185,99.49,100.71,100.71,101.78,100.25,102.08,103.61,106.81,104.37,101.78,98.727,97.964,97.201,95.828,92.929,87.741,80.721,75.228,70.803,68.972,68.056,68.972,67.598,68.209,64.852,62.105,55.849,49.593,41.658,36.47,35.707,38.453,41.2,929.29,836.51,709.71,566.73,426.95,307.02,217.75,162.82,143.89,164.95,228.89,329.29,449.23,569.78,675.83,754.57,795.31,791.19,740.99,650.04,532.55,410.47,305.95,232.4,197.76,208.9,270.39,375.53,506.15,640.28,759.61,852.23,910.82,931.27,910.21,847.35,750.45,638.29,532.4,448.01,393.08,374.31,400.25,474.56,590.84,732.29,876.49,1000.2,1086,1124.3,1110.6,1042.2,924.56,774.86,618.61,477.92,367.44,297.56,276.65,307.32,383.01,489.52,607.17,715.96
